source,instrument,profile_key,cast_id,cruise_id,platform_id,lat,lon,obs_time,obs_date,obs_year,n_depth_levels,min_depth_m,max_depth_m,observed_mld,temp_mld_ref10,temp_mld_ref10_under100m,same_day_rtofs_s3_available,rtofs_s3_url
ARGO_GDAC,pfl,aoml/2904010/profiles/R2904010_001.nc|2025-05-22T23:25:29Z|26.04980|-93.95370,aoml/2904010/profiles/R2904010_001.nc,2904010,2904010,26.0498,-93.9537,2025-05-22T23:25:29Z,20250522,2025,493,4.52,1399.93,18.029,True,True,True,https://noaa-nws-rtofs-pds.s3.amazonaws.com/rtofs.20250522/rtofs_glo_3dz_f006_6hrly_hvr_US_east.nc
ARGO_GDAC,pfl,aoml/2904010/profiles/R2904010_001.nc|2025-05-22T23:25:29Z|26.04980|-93.95370,aoml/2904010/profiles/R2904010_001.nc,2904010,2904010,26.0498,-93.9537,2025-05-22T23:25:29Z,20250522,2025,64,8.18,1399.93,14.9923,True,True,True,https://noaa-nws-rtofs-pds.s3.amazonaws.com/rtofs.20250522/rtofs_glo_3dz_f006_6hrly_hvr_US_east.nc
ARGO_GDAC,pfl,aoml/2904010/profiles/R2904010_002.nc|2025-05-23T12:25:12Z|26.03500|-94.03840,aoml/2904010/profiles/R2904010_002.nc,2904010,2904010,26.035,-94.0384,2025-05-23T12:25:12Z,20250523,2025,494,4.51,1399.84,12.9708,True,True,True,https://noaa-nws-rtofs-pds.s3.amazonaws.com/rtofs.20250523/rtofs_glo_3dz_f006_6hrly_hvr_US_east.nc
ARGO_GDAC,pfl,aoml/2904010/profiles/R2904010_002.nc|2025-05-23T12:25:12Z|26.03500|-94.03840,aoml/2904010/profiles/R2904010_002.nc,2904010,2904010,26.035,-94.0384,2025-05-23T12:25:12Z,20250523,2025,64,8.1,1399.84,13.6884,True,True,True,https://noaa-nws-rtofs-pds.s3.amazonaws.com/rtofs.20250523/rtofs_glo_3dz_f006_6hrly_hvr_US_east.nc
ARGO_GDAC,pfl,aoml/2904010/profiles/R2904010_003.nc|2025-05-24T01:23:20Z|26.00870|-94.12920,aoml/2904010/profiles/R2904010_003.nc,2904010,2904010,26.0087,-94.1292,2025-05-24T01:23:20Z,20250524,2025,495,2.98,1399.58,12.0927,True,True,True,https://noaa-nws-rtofs-pds.s3.amazonaws.com/rtofs.20250524/rtofs_glo_3dz_f006_6hrly_hvr_US_east.nc
ARGO_GDAC,pfl,aoml/2904010/profiles/R2904010_003.nc|2025-05-24T01:23:20Z|26.00870|-94.12920,aoml/2904010/profiles/R2904010_003.nc,2904010,2904010,26.0087,-94.1292,2025-05-24T01:23:20Z,20250524,2025,64,7.43,1399.58,13.3353,True,True,True,https://noaa-nws-rtofs-pds.s3.amazonaws.com/rtofs.20250524/rtofs_glo_3dz_f006_6hrly_hvr_US_east.nc
ARGO_GDAC,pfl,aoml/2904010/profiles/R2904010_004.nc|2025-05-24T14:59:04Z|25.96970|-94.21640,aoml/2904010/profiles/R2904010_004.nc,2904010,2904010,25.9697,-94.2164,2025-05-24T14:59:04Z,20250524,2025,494,4.23,1499.38,18.722,True,True,True,https://noaa-nws-rtofs-pds.s3.amazonaws.com/rtofs.20250524/rtofs_glo_3dz_f006_6hrly_hvr_US_east.nc
ARGO_GDAC,pfl,aoml/2904010/profiles/R2904010_004.nc|2025-05-24T14:59:04Z|25.96970|-94.21640,aoml/2904010/profiles/R2904010_004.nc,2904010,2904010,25.9697,-94.2164,2025-05-24T14:59:04Z,20250524,2025,65,7.43,1499.38,18.4152,True,True,True,https://noaa-nws-rtofs-pds.s3.amazonaws.com/rtofs.20250524/rtofs_glo_3dz_f006_6hrly_hvr_US_east.nc
ARGO_GDAC,pfl,aoml/2904010/profiles/R2904010_005.nc|2025-05-25T05:06:11Z|25.92960|-94.30920,aoml/2904010/profiles/R2904010_005.nc,2904010,2904010,25.9296,-94.3092,2025-05-25T05:06:11Z,20250525,2025,494,4.59,1500.06,18.7634,True,True,True,https://noaa-nws-rtofs-pds.s3.amazonaws.com/rtofs.20250525/rtofs_glo_3dz_f006_6hrly_hvr_US_east.nc
ARGO_GDAC,pfl,aoml/2904010/profiles/R2904010_005.nc|2025-05-25T05:06:11Z|25.92960|-94.30920,aoml/2904010/profiles/R2904010_005.nc,2904010,2904010,25.9296,-94.3092,2025-05-25T05:06:11Z,20250525,2025,65,7.62,1500.06,18.5078,True,True,True,https://noaa-nws-rtofs-pds.s3.amazonaws.com/rtofs.20250525/rtofs_glo_3dz_f006_6hrly_hvr_US_east.nc
ARGO_GDAC,pfl,aoml/2904010/profiles/R2904010_006.nc|2025-05-25T19:21:48Z|25.87730|-94.40630,aoml/2904010/profiles/R2904010_006.nc,2904010,2904010,25.8773,-94.4063,2025-05-25T19:21:48Z,20250525,2025,494,4.31,1499.57,20.2939,True,True,True,https://noaa-nws-rtofs-pds.s3.amazonaws.com/rtofs.20250525/rtofs_glo_3dz_f006_6hrly_hvr_US_east.nc
ARGO_GDAC,pfl,aoml/2904010/profiles/R2904010_006.nc|2025-05-25T19:21:48Z|25.87730|-94.40630,aoml/2904010/profiles/R2904010_006.nc,2904010,2904010,25.8773,-94.4063,2025-05-25T19:21:48Z,20250525,2025,65,7.78,1499.57,19.1314,True,True,True,https://noaa-nws-rtofs-pds.s3.amazonaws.com/rtofs.20250525/rtofs_glo_3dz_f006_6hrly_hvr_US_east.nc
ARGO_GDAC,pfl,aoml/2904010/profiles/R2904010_007.nc|2025-05-26T09:21:43Z|25.82930|-94.48580,aoml/2904010/profiles/R2904010_007.nc,2904010,2904010,25.8293,-94.4858,2025-05-26T09:21:43Z,20250526,2025,495,2.59,1499.81,16.3171,True,True,True,https://noaa-nws-rtofs-pds.s3.amazonaws.com/rtofs.20250526/rtofs_glo_3dz_f006_6hrly_hvr_US_east.nc
ARGO_GDAC,pfl,aoml/2904010/profiles/R2904010_007.nc|2025-05-26T09:21:43Z|25.82930|-94.48580,aoml/2904010/profiles/R2904010_007.nc,2904010,2904010,25.8293,-94.4858,2025-05-26T09:21:43Z,20250526,2025,65,6.97,1499.81,15.209,True,True,True,https://noaa-nws-rtofs-pds.s3.amazonaws.com/rtofs.20250526/rtofs_glo_3dz_f006_6hrly_hvr_US_east.nc
ARGO_GDAC,pfl,aoml/2904010/profiles/R2904010_008.nc|2025-05-26T22:32:09Z|25.78210|-94.55830,aoml/2904010/profiles/R2904010_008.nc,2904010,2904010,25.7821,-94.5583,2025-05-26T22:32:09Z,20250526,2025,495,2.61,1499.2,18.3862,True,True,True,https://noaa-nws-rtofs-pds.s3.amazonaws.com/rtofs.20250526/rtofs_glo_3dz_f006_6hrly_hvr_US_east.nc
ARGO_GDAC,pfl,aoml/2904010/profiles/R2904010_008.nc|2025-05-26T22:32:09Z|25.78210|-94.55830,aoml/2904010/profiles/R2904010_008.nc,2904010,2904010,25.7821,-94.5583,2025-05-26T22:32:09Z,20250526,2025,65,7.36,1499.2,17.8819,True,True,True,https://noaa-nws-rtofs-pds.s3.amazonaws.com/rtofs.20250526/rtofs_glo_3dz_f006_6hrly_hvr_US_east.nc
ARGO_GDAC,pfl,aoml/2904010/profiles/R2904010_009.nc|2025-06-06T02:41:26Z|25.76530|-94.92290,aoml/2904010/profiles/R2904010_009.nc,2904010,2904010,25.7653,-94.9229,2025-06-06T02:41:26Z,20250606,2025,494,4.62,1499.1,14.3487,True,True,True,https://noaa-nws-rtofs-pds.s3.amazonaws.com/rtofs.20250606/rtofs_glo_3dz_f006_6hrly_hvr_US_east.nc
ARGO_GDAC,pfl,aoml/2904010/profiles/R2904010_009.nc|2025-06-06T02:41:26Z|25.76530|-94.92290,aoml/2904010/profiles/R2904010_009.nc,2904010,2904010,25.7653,-94.9229,2025-06-06T02:41:26Z,20250606,2025,65,7.85,1499.1,13.7157,True,True,True,https://noaa-nws-rtofs-pds.s3.amazonaws.com/rtofs.20250606/rtofs_glo_3dz_f006_6hrly_hvr_US_east.nc
ARGO_GDAC,pfl,aoml/2904010/profiles/R2904010_010.nc|2025-06-16T07:02:31Z|25.80300|-94.18560,aoml/2904010/profiles/R2904010_010.nc,2904010,2904010,25.803,-94.1856,2025-06-16T07:02:31Z,20250616,2025,494,4.54,1499.35,22.3146,True,True,True,https://noaa-nws-rtofs-pds.s3.amazonaws.com/rtofs.20250616/rtofs_glo_3dz_f006_6hrly_hvr_US_east.nc
ARGO_GDAC,pfl,aoml/2904010/profiles/R2904010_010.nc|2025-06-16T07:02:31Z|25.80300|-94.18560,aoml/2904010/profiles/R2904010_010.nc,2904010,2904010,25.803,-94.1856,2025-06-16T07:02:31Z,20250616,2025,65,7.82,1499.35,22.3513,True,True,True,https://noaa-nws-rtofs-pds.s3.amazonaws.com/rtofs.20250616/rtofs_glo_3dz_f006_6hrly_hvr_US_east.nc
ARGO_GDAC,pfl,aoml/2904010/profiles/R2904010_011.nc|2025-06-26T11:22:09Z|26.06810|-94.13410,aoml/2904010/profiles/R2904010_011.nc,2904010,2904010,26.0681,-94.1341,2025-06-26T11:22:09Z,20250626,2025,494,4.43,1499.44,34.3163,True,True,True,https://noaa-nws-rtofs-pds.s3.amazonaws.com/rtofs.20250626/rtofs_glo_3dz_f006_6hrly_hvr_US_east.nc
ARGO_GDAC,pfl,aoml/2904010/profiles/R2904010_011.nc|2025-06-26T11:22:09Z|26.06810|-94.13410,aoml/2904010/profiles/R2904010_011.nc,2904010,2904010,26.0681,-94.1341,2025-06-26T11:22:09Z,20250626,2025,65,7.91,1499.44,32.8595,True,True,True,https://noaa-nws-rtofs-pds.s3.amazonaws.com/rtofs.20250626/rtofs_glo_3dz_f006_6hrly_hvr_US_east.nc
ARGO_GDAC,pfl,aoml/2904010/profiles/R2904010_012.nc|2025-07-06T15:33:21Z|25.82040|-94.89040,aoml/2904010/profiles/R2904010_012.nc,2904010,2904010,25.8204,-94.8904,2025-07-06T15:33:21Z,20250706,2025,494,4.53,1499.7,31.6766,True,True,True,https://noaa-nws-rtofs-pds.s3.amazonaws.com/rtofs.20250706/rtofs_glo_3dz_f006_6hrly_hvr_US_east.nc
ARGO_GDAC,pfl,aoml/2904010/profiles/R2904010_012.nc|2025-07-06T15:33:21Z|25.82040|-94.89040,aoml/2904010/profiles/R2904010_012.nc,2904010,2904010,25.8204,-94.8904,2025-07-06T15:33:21Z,20250706,2025,65,7.67,1499.7,29.3546,True,True,True,https://noaa-nws-rtofs-pds.s3.amazonaws.com/rtofs.20250706/rtofs_glo_3dz_f006_6hrly_hvr_US_east.nc
ARGO_GDAC,pfl,aoml/2904010/profiles/R2904010_013.nc|2025-07-16T19:55:31Z|25.37040|-95.01850,aoml/2904010/profiles/R2904010_013.nc,2904010,2904010,25.3704,-95.0185,2025-07-16T19:55:31Z,20250716,2025,494,4.62,1499.62,44.6099,True,True,True,https://noaa-nws-rtofs-pds.s3.amazonaws.com/rtofs.20250716/rtofs_glo_3dz_f006_6hrly_hvr_US_east.nc
ARGO_GDAC,pfl,aoml/2904010/profiles/R2904010_013.nc|2025-07-16T19:55:31Z|25.37040|-95.01850,aoml/2904010/profiles/R2904010_013.nc,2904010,2904010,25.3704,-95.0185,2025-07-16T19:55:31Z,20250716,2025,65,8.13,1499.62,43.4122,True,True,True,https://noaa-nws-rtofs-pds.s3.amazonaws.com/rtofs.20250716/rtofs_glo_3dz_f006_6hrly_hvr_US_east.nc
ARGO_GDAC,pfl,aoml/2904010/profiles/R2904010_014.nc|2025-07-27T00:15:25Z|25.83410|-94.55740,aoml/2904010/profiles/R2904010_014.nc,2904010,2904010,25.8341,-94.5574,2025-07-27T00:15:25Z,20250727,2025,494,4.53,1499.54,37.365,True,True,True,https://noaa-nws-rtofs-pds.s3.amazonaws.com/rtofs.20250727/rtofs_glo_3dz_f006_6hrly_hvr_US_east.nc
ARGO_GDAC,pfl,aoml/2904010/profiles/R2904010_014.nc|2025-07-27T00:15:25Z|25.83410|-94.55740,aoml/2904010/profiles/R2904010_014.nc,2904010,2904010,25.8341,-94.5574,2025-07-27T00:15:25Z,20250727,2025,65,7.83,1499.54,35.5542,True,True,True,https://noaa-nws-rtofs-pds.s3.amazonaws.com/rtofs.20250727/rtofs_glo_3dz_f006_6hrly_hvr_US_east.nc
ARGO_GDAC,pfl,aoml/2904010/profiles/R2904010_015.nc|2025-08-06T04:50:49Z|25.70690|-95.10870,aoml/2904010/profiles/R2904010_015.nc,2904010,2904010,25.7069,-95.1087,2025-08-06T04:50:49Z,20250806,2025,494,4.52,1499.21,22.985,True,True,True,https://noaa-nws-rtofs-pds.s3.amazonaws.com/rtofs.20250806/rtofs_glo_3dz_f006_6hrly_hvr_US_east.nc
ARGO_GDAC,pfl,aoml/2904010/profiles/R2904010_015.nc|2025-08-06T04:50:49Z|25.70690|-95.10870,aoml/2904010/profiles/R2904010_015.nc,2904010,2904010,25.7069,-95.1087,2025-08-06T04:50:49Z,20250806,2025,65,8.01,1499.21,23.6623,True,True,True,https://noaa-nws-rtofs-pds.s3.amazonaws.com/rtofs.20250806/rtofs_glo_3dz_f006_6hrly_hvr_US_east.nc
ARGO_GDAC,pfl,aoml/2904010/profiles/R2904010_016.nc|2025-08-16T09:16:11Z|25.37680|-95.18660,aoml/2904010/profiles/R2904010_016.nc,2904010,2904010,25.3768,-95.1866,2025-08-16T09:16:11Z,20250816,2025,494,4.5,1499.46,41.6124,True,True,True,https://noaa-nws-rtofs-pds.s3.amazonaws.com/rtofs.20250816/rtofs_glo_3dz_f006_6hrly_hvr_US_east.nc
ARGO_GDAC,pfl,aoml/2904010/profiles/R2904010_016.nc|2025-08-16T09:16:11Z|25.37680|-95.18660,aoml/2904010/profiles/R2904010_016.nc,2904010,2904010,25.3768,-95.1866,2025-08-16T09:16:11Z,20250816,2025,65,8.16,1499.46,42.5738,True,True,True,https://noaa-nws-rtofs-pds.s3.amazonaws.com/rtofs.20250816/rtofs_glo_3dz_f006_6hrly_hvr_US_east.nc
ARGO_GDAC,pfl,aoml/2904010/profiles/R2904010_017.nc|2025-08-26T14:04:05Z|25.74420|-94.59310,aoml/2904010/profiles/R2904010_017.nc,2904010,2904010,25.7442,-94.5931,2025-08-26T14:04:05Z,20250826,2025,494,4.58,1499.47,42.1232,True,True,True,https://noaa-nws-rtofs-pds.s3.amazonaws.com/rtofs.20250826/rtofs_glo_3dz_f006_6hrly_hvr_US_east.nc
ARGO_GDAC,pfl,aoml/2904010/profiles/R2904010_017.nc|2025-08-26T14:04:05Z|25.74420|-94.59310,aoml/2904010/profiles/R2904010_017.nc,2904010,2904010,25.7442,-94.5931,2025-08-26T14:04:05Z,20250826,2025,65,7.54,1499.47,42.3367,True,True,True,https://noaa-nws-rtofs-pds.s3.amazonaws.com/rtofs.20250826/rtofs_glo_3dz_f006_6hrly_hvr_US_east.nc
ARGO_GDAC,pfl,aoml/2904010/profiles/R2904010_018.nc|2025-08-31T20:24:32Z|25.57790|-94.16350,aoml/2904010/profiles/R2904010_018.nc,2904010,2904010,25.5779,-94.1635,2025-08-31T20:24:32Z,20250831,2025,494,4.52,1499.21,35.9772,True,True,True,https://noaa-nws-rtofs-pds.s3.amazonaws.com/rtofs.20250831/rtofs_glo_3dz_f006_6hrly_hvr_US_east.nc
ARGO_GDAC,pfl,aoml/2904010/profiles/R2904010_018.nc|2025-08-31T20:24:32Z|25.57790|-94.16350,aoml/2904010/profiles/R2904010_018.nc,2904010,2904010,25.5779,-94.1635,2025-08-31T20:24:32Z,20250831,2025,65,8.15,1499.21,35.5115,True,True,True,https://noaa-nws-rtofs-pds.s3.amazonaws.com/rtofs.20250831/rtofs_glo_3dz_f006_6hrly_hvr_US_east.nc
ARGO_GDAC,pfl,aoml/2904010/profiles/R2904010_019.nc|2025-09-06T03:09:27Z|25.71680|-93.79580,aoml/2904010/profiles/R2904010_019.nc,2904010,2904010,25.7168,-93.7958,2025-09-06T03:09:27Z,20250906,2025,494,4.56,1499.31,34.9463,True,True,True,https://noaa-nws-rtofs-pds.s3.amazonaws.com/rtofs.20250906/rtofs_glo_3dz_f006_6hrly_hvr_US_east.nc
ARGO_GDAC,pfl,aoml/2904010/profiles/R2904010_019.nc|2025-09-06T03:09:27Z|25.71680|-93.79580,aoml/2904010/profiles/R2904010_019.nc,2904010,2904010,25.7168,-93.7958,2025-09-06T03:09:27Z,20250906,2025,65,8.0,1499.31,33.2344,True,True,True,https://noaa-nws-rtofs-pds.s3.amazonaws.com/rtofs.20250906/rtofs_glo_3dz_f006_6hrly_hvr_US_east.nc
ARGO_GDAC,pfl,aoml/2904010/profiles/R2904010_020.nc|2025-09-11T09:41:43Z|25.82360|-94.08980,aoml/2904010/profiles/R2904010_020.nc,2904010,2904010,25.8236,-94.0898,2025-09-11T09:41:43Z,20250911,2025,494,4.55,1499.68,43.7079,True,True,True,https://noaa-nws-rtofs-pds.s3.amazonaws.com/rtofs.20250911/rtofs_glo_3dz_f006_6hrly_hvr_US_east.nc
ARGO_GDAC,pfl,aoml/2904010/profiles/R2904010_020.nc|2025-09-11T09:41:43Z|25.82360|-94.08980,aoml/2904010/profiles/R2904010_020.nc,2904010,2904010,25.8236,-94.0898,2025-09-11T09:41:43Z,20250911,2025,65,7.73,1499.68,43.6299,True,True,True,https://noaa-nws-rtofs-pds.s3.amazonaws.com/rtofs.20250911/rtofs_glo_3dz_f006_6hrly_hvr_US_east.nc
ARGO_GDAC,pfl,aoml/2904010/profiles/R2904010_021.nc|2025-09-16T16:14:24Z|25.74580|-94.47570,aoml/2904010/profiles/R2904010_021.nc,2904010,2904010,25.7458,-94.4757,2025-09-16T16:14:24Z,20250916,2025,494,4.46,1499.8,36.7386,True,True,True,https://noaa-nws-rtofs-pds.s3.amazonaws.com/rtofs.20250916/rtofs_glo_3dz_f006_6hrly_hvr_US_east.nc
ARGO_GDAC,pfl,aoml/2904010/profiles/R2904010_021.nc|2025-09-16T16:14:24Z|25.74580|-94.47570,aoml/2904010/profiles/R2904010_021.nc,2904010,2904010,25.7458,-94.4757,2025-09-16T16:14:24Z,20250916,2025,65,7.82,1499.8,36.6613,True,True,True,https://noaa-nws-rtofs-pds.s3.amazonaws.com/rtofs.20250916/rtofs_glo_3dz_f006_6hrly_hvr_US_east.nc
ARGO_GDAC,pfl,aoml/2904010/profiles/R2904010_022.nc|2025-09-21T22:47:27Z|25.54760|-94.69440,aoml/2904010/profiles/R2904010_022.nc,2904010,2904010,25.5476,-94.6944,2025-09-21T22:47:27Z,20250921,2025,494,4.35,1499.04,34.1842,True,True,True,https://noaa-nws-rtofs-pds.s3.amazonaws.com/rtofs.20250921/rtofs_glo_3dz_f006_6hrly_hvr_US_east.nc
ARGO_GDAC,pfl,aoml/2904010/profiles/R2904010_022.nc|2025-09-21T22:47:27Z|25.54760|-94.69440,aoml/2904010/profiles/R2904010_022.nc,2904010,2904010,25.5476,-94.6944,2025-09-21T22:47:27Z,20250921,2025,65,7.5,1499.04,32.6226,True,True,True,https://noaa-nws-rtofs-pds.s3.amazonaws.com/rtofs.20250921/rtofs_glo_3dz_f006_6hrly_hvr_US_east.nc
ARGO_GDAC,pfl,aoml/2904010/profiles/R2904010_023.nc|2025-09-27T05:19:16Z|25.54870|-94.78120,aoml/2904010/profiles/R2904010_023.nc,2904010,2904010,25.5487,-94.7812,2025-09-27T05:19:16Z,20250927,2025,494,4.49,1499.69,49.1522,True,True,True,https://noaa-nws-rtofs-pds.s3.amazonaws.com/rtofs.20250927/rtofs_glo_3dz_f006_6hrly_hvr_US_east.nc
ARGO_GDAC,pfl,aoml/2904010/profiles/R2904010_023.nc|2025-09-27T05:19:16Z|25.54870|-94.78120,aoml/2904010/profiles/R2904010_023.nc,2904010,2904010,25.5487,-94.7812,2025-09-27T05:19:16Z,20250927,2025,65,8.1,1499.69,47.5572,True,True,True,https://noaa-nws-rtofs-pds.s3.amazonaws.com/rtofs.20250927/rtofs_glo_3dz_f006_6hrly_hvr_US_east.nc
ARGO_GDAC,pfl,aoml/2904010/profiles/R2904010_024.nc|2025-10-02T11:42:06Z|25.56650|-94.72360,aoml/2904010/profiles/R2904010_024.nc,2904010,2904010,25.5665,-94.7236,2025-10-02T11:42:06Z,20251002,2025,494,4.66,1499.7,48.6765,True,True,True,https://noaa-nws-rtofs-pds.s3.amazonaws.com/rtofs.20251002/rtofs_glo_3dz_f006_6hrly_hvr_US_east.nc
ARGO_GDAC,pfl,aoml/2904010/profiles/R2904010_024.nc|2025-10-02T11:42:06Z|25.56650|-94.72360,aoml/2904010/profiles/R2904010_024.nc,2904010,2904010,25.5665,-94.7236,2025-10-02T11:42:06Z,20251002,2025,65,7.53,1499.7,47.601,True,True,True,https://noaa-nws-rtofs-pds.s3.amazonaws.com/rtofs.20251002/rtofs_glo_3dz_f006_6hrly_hvr_US_east.nc
ARGO_GDAC,pfl,aoml/2904010/profiles/R2904010_025.nc|2025-10-07T18:07:48Z|25.52780|-94.53350,aoml/2904010/profiles/R2904010_025.nc,2904010,2904010,25.5278,-94.5335,2025-10-07T18:07:48Z,20251007,2025,494,4.58,1499.9,48.0924,True,True,True,https://noaa-nws-rtofs-pds.s3.amazonaws.com/rtofs.20251007/rtofs_glo_3dz_f006_6hrly_hvr_US_east.nc
ARGO_GDAC,pfl,aoml/2904010/profiles/R2904010_025.nc|2025-10-07T18:07:48Z|25.52780|-94.53350,aoml/2904010/profiles/R2904010_025.nc,2904010,2904010,25.5278,-94.5335,2025-10-07T18:07:48Z,20251007,2025,65,8.09,1499.9,47.4845,True,True,True,https://noaa-nws-rtofs-pds.s3.amazonaws.com/rtofs.20251007/rtofs_glo_3dz_f006_6hrly_hvr_US_east.nc
ARGO_GDAC,pfl,aoml/2904010/profiles/R2904010_026.nc|2025-10-13T00:32:04Z|25.45790|-94.41050,aoml/2904010/profiles/R2904010_026.nc,2904010,2904010,25.4579,-94.4105,2025-10-13T00:32:04Z,20251013,2025,494,4.53,1500.29,47.0779,True,True,True,https://noaa-nws-rtofs-pds.s3.amazonaws.com/rtofs.20251013/rtofs_glo_3dz_f006_6hrly_hvr_US_east.nc
ARGO_GDAC,pfl,aoml/2904010/profiles/R2904010_026.nc|2025-10-13T00:32:04Z|25.45790|-94.41050,aoml/2904010/profiles/R2904010_026.nc,2904010,2904010,25.4579,-94.4105,2025-10-13T00:32:04Z,20251013,2025,65,7.61,1500.29,47.2342,True,True,True,https://noaa-nws-rtofs-pds.s3.amazonaws.com/rtofs.20251013/rtofs_glo_3dz_f006_6hrly_hvr_US_east.nc
ARGO_GDAC,pfl,aoml/2904010/profiles/R2904010_027.nc|2025-10-18T06:48:25Z|25.47770|-94.43520,aoml/2904010/profiles/R2904010_027.nc,2904010,2904010,25.4777,-94.4352,2025-10-18T06:48:25Z,20251018,2025,494,4.57,1500.0,47.7176,True,True,True,https://noaa-nws-rtofs-pds.s3.amazonaws.com/rtofs.20251018/rtofs_glo_3dz_f006_6hrly_hvr_US_east.nc
ARGO_GDAC,pfl,aoml/2904010/profiles/R2904010_027.nc|2025-10-18T06:48:25Z|25.47770|-94.43520,aoml/2904010/profiles/R2904010_027.nc,2904010,2904010,25.4777,-94.4352,2025-10-18T06:48:25Z,20251018,2025,65,7.94,1500.0,47.7224,True,True,True,https://noaa-nws-rtofs-pds.s3.amazonaws.com/rtofs.20251018/rtofs_glo_3dz_f006_6hrly_hvr_US_east.nc
ARGO_GDAC,pfl,aoml/2904010/profiles/R2904010_028.nc|2025-10-23T13:14:36Z|25.51670|-94.56030,aoml/2904010/profiles/R2904010_028.nc,2904010,2904010,25.5167,-94.5603,2025-10-23T13:14:36Z,20251023,2025,494,4.67,1499.32,36.5228,True,True,True,https://noaa-nws-rtofs-pds.s3.amazonaws.com/rtofs.20251023/rtofs_glo_3dz_f006_6hrly_hvr_US_east.nc
ARGO_GDAC,pfl,aoml/2904010/profiles/R2904010_028.nc|2025-10-23T13:14:36Z|25.51670|-94.56030,aoml/2904010/profiles/R2904010_028.nc,2904010,2904010,25.5167,-94.5603,2025-10-23T13:14:36Z,20251023,2025,65,8.15,1499.32,36.242,True,True,True,https://noaa-nws-rtofs-pds.s3.amazonaws.com/rtofs.20251023/rtofs_glo_3dz_f006_6hrly_hvr_US_east.nc
ARGO_GDAC,pfl,aoml/2904010/profiles/R2904010_029.nc|2025-11-02T19:33:04Z|25.59430|-94.65530,aoml/2904010/profiles/R2904010_029.nc,2904010,2904010,25.5943,-94.6553,2025-11-02T19:33:04Z,20251102,2025,495,3.09,1499.3,51.396,True,True,True,https://noaa-nws-rtofs-pds.s3.amazonaws.com/rtofs.20251102/rtofs_glo_3dz_f006_6hrly_hvr_US_east.nc
ARGO_GDAC,pfl,aoml/2904010/profiles/R2904010_029.nc|2025-11-02T19:33:04Z|25.59430|-94.65530,aoml/2904010/profiles/R2904010_029.nc,2904010,2904010,25.5943,-94.6553,2025-11-02T19:33:04Z,20251102,2025,65,8.09,1499.3,48.4286,True,True,True,https://noaa-nws-rtofs-pds.s3.amazonaws.com/rtofs.20251102/rtofs_glo_3dz_f006_6hrly_hvr_US_east.nc
ARGO_GDAC,pfl,aoml/2904010/profiles/R2904010_030.nc|2025-11-13T02:39:42Z|25.45410|-94.46370,aoml/2904010/profiles/R2904010_030.nc,2904010,2904010,25.4541,-94.4637,2025-11-13T02:39:42Z,20251113,2025,494,4.32,1499.72,46.122,True,True,True,https://noaa-nws-rtofs-pds.s3.amazonaws.com/rtofs.20251113/rtofs_glo_3dz_f006_6hrly_hvr_US_east.nc
ARGO_GDAC,pfl,aoml/2904010/profiles/R2904010_030.nc|2025-11-13T02:39:42Z|25.45410|-94.46370,aoml/2904010/profiles/R2904010_030.nc,2904010,2904010,25.4541,-94.4637,2025-11-13T02:39:42Z,20251113,2025,65,7.62,1499.72,51.9806,True,True,True,https://noaa-nws-rtofs-pds.s3.amazonaws.com/rtofs.20251113/rtofs_glo_3dz_f006_6hrly_hvr_US_east.nc
ARGO_GDAC,pfl,aoml/2904010/profiles/R2904010_031.nc|2025-11-23T09:05:35Z|25.24780|-94.53830,aoml/2904010/profiles/R2904010_031.nc,2904010,2904010,25.2478,-94.5383,2025-11-23T09:05:35Z,20251123,2025,494,4.43,1499.27,33.1091,True,True,True,https://noaa-nws-rtofs-pds.s3.amazonaws.com/rtofs.20251123/rtofs_glo_3dz_f006_6hrly_hvr_US_east.nc
ARGO_GDAC,pfl,aoml/2904010/profiles/R2904010_031.nc|2025-11-23T09:05:35Z|25.24780|-94.53830,aoml/2904010/profiles/R2904010_031.nc,2904010,2904010,25.2478,-94.5383,2025-11-23T09:05:35Z,20251123,2025,65,7.79,1499.27,35.4472,True,True,True,https://noaa-nws-rtofs-pds.s3.amazonaws.com/rtofs.20251123/rtofs_glo_3dz_f006_6hrly_hvr_US_east.nc
ARGO_GDAC,pfl,aoml/2904010/profiles/R2904010_032.nc|2025-12-03T15:07:58Z|24.89710|-94.79590,aoml/2904010/profiles/R2904010_032.nc,2904010,2904010,24.8971,-94.7959,2025-12-03T15:07:58Z,20251203,2025,494,4.6,1499.36,70.3004,True,True,True,https://noaa-nws-rtofs-pds.s3.amazonaws.com/rtofs.20251203/rtofs_glo_3dz_f006_6hrly_hvr_US_east.nc
ARGO_GDAC,pfl,aoml/2904010/profiles/R2904010_032.nc|2025-12-03T15:07:58Z|24.89710|-94.79590,aoml/2904010/profiles/R2904010_032.nc,2904010,2904010,24.8971,-94.7959,2025-12-03T15:07:58Z,20251203,2025,65,7.74,1499.36,69.1142,True,True,True,https://noaa-nws-rtofs-pds.s3.amazonaws.com/rtofs.20251203/rtofs_glo_3dz_f006_6hrly_hvr_US_east.nc
ARGO_GDAC,pfl,aoml/2904010/profiles/R2904010_033.nc|2025-12-13T21:36:24Z|24.32780|-94.89990,aoml/2904010/profiles/R2904010_033.nc,2904010,2904010,24.3278,-94.8999,2025-12-13T21:36:24Z,20251213,2025,494,4.61,1500.01,97.919,True,True,True,https://noaa-nws-rtofs-pds.s3.amazonaws.com/rtofs.20251213/rtofs_glo_3dz_f006_6hrly_hvr_US_east.nc
ARGO_GDAC,pfl,aoml/2904010/profiles/R2904010_033.nc|2025-12-13T21:36:24Z|24.32780|-94.89990,aoml/2904010/profiles/R2904010_033.nc,2904010,2904010,24.3278,-94.8999,2025-12-13T21:36:24Z,20251213,2025,65,8.04,1500.01,97.1419,True,True,True,https://noaa-nws-rtofs-pds.s3.amazonaws.com/rtofs.20251213/rtofs_glo_3dz_f006_6hrly_hvr_US_east.nc
ARGO_GDAC,pfl,aoml/2904010/profiles/R2904010_034.nc|2025-12-24T03:38:15Z|24.10980|-94.71540,aoml/2904010/profiles/R2904010_034.nc,2904010,2904010,24.1098,-94.7154,2025-12-24T03:38:15Z,20251224,2025,494,4.53,1499.89,92.6274,True,True,True,https://noaa-nws-rtofs-pds.s3.amazonaws.com/rtofs.20251224/rtofs_glo_3dz_f006_6hrly_hvr_US_east.nc
ARGO_GDAC,pfl,aoml/2904010/profiles/R2904010_034.nc|2025-12-24T03:38:15Z|24.10980|-94.71540,aoml/2904010/profiles/R2904010_034.nc,2904010,2904010,24.1098,-94.7154,2025-12-24T03:38:15Z,20251224,2025,65,8.2,1499.89,92.8384,True,True,True,https://noaa-nws-rtofs-pds.s3.amazonaws.com/rtofs.20251224/rtofs_glo_3dz_f006_6hrly_hvr_US_east.nc
ARGO_GDAC,pfl,aoml/2904011/profiles/R2904011_001.nc|2025-05-20T09:14:42Z|26.82660|-90.09980,aoml/2904011/profiles/R2904011_001.nc,2904011,2904011,26.8266,-90.0998,2025-05-20T09:14:42Z,20250520,2025,493,4.66,1400.09,13.8265,True,True,True,https://noaa-nws-rtofs-pds.s3.amazonaws.com/rtofs.20250520/rtofs_glo_3dz_f006_6hrly_hvr_US_east.nc
ARGO_GDAC,pfl,aoml/2904011/profiles/R2904011_001.nc|2025-05-20T09:14:42Z|26.82660|-90.09980,aoml/2904011/profiles/R2904011_001.nc,2904011,2904011,26.8266,-90.0998,2025-05-20T09:14:42Z,20250520,2025,64,8.25,1400.09,13.0656,True,True,True,https://noaa-nws-rtofs-pds.s3.amazonaws.com/rtofs.20250520/rtofs_glo_3dz_f006_6hrly_hvr_US_east.nc
ARGO_GDAC,pfl,aoml/2904011/profiles/R2904011_002.nc|2025-05-20T22:31:56Z|26.81050|-90.15840,aoml/2904011/profiles/R2904011_002.nc,2904011,2904011,26.8105,-90.1584,2025-05-20T22:31:56Z,20250520,2025,494,4.57,1497.21,17.6811,True,True,True,https://noaa-nws-rtofs-pds.s3.amazonaws.com/rtofs.20250520/rtofs_glo_3dz_f006_6hrly_hvr_US_east.nc
ARGO_GDAC,pfl,aoml/2904011/profiles/R2904011_002.nc|2025-05-20T22:31:56Z|26.81050|-90.15840,aoml/2904011/profiles/R2904011_002.nc,2904011,2904011,26.8105,-90.1584,2025-05-20T22:31:56Z,20250520,2025,65,8.19,1497.21,17.5113,True,True,True,https://noaa-nws-rtofs-pds.s3.amazonaws.com/rtofs.20250520/rtofs_glo_3dz_f006_6hrly_hvr_US_east.nc
ARGO_GDAC,pfl,aoml/2904011/profiles/R2904011_003.nc|2025-05-21T12:12:37Z|26.79800|-90.21770,aoml/2904011/profiles/R2904011_003.nc,2904011,2904011,26.798,-90.2177,2025-05-21T12:12:37Z,20250521,2025,496,4.45,1599.31,20.0858,True,True,True,https://noaa-nws-rtofs-pds.s3.amazonaws.com/rtofs.20250521/rtofs_glo_3dz_f006_6hrly_hvr_US_east.nc
ARGO_GDAC,pfl,aoml/2904011/profiles/R2904011_003.nc|2025-05-21T12:12:37Z|26.79800|-90.21770,aoml/2904011/profiles/R2904011_003.nc,2904011,2904011,26.798,-90.2177,2025-05-21T12:12:37Z,20250521,2025,66,7.65,1599.31,21.1288,True,True,True,https://noaa-nws-rtofs-pds.s3.amazonaws.com/rtofs.20250521/rtofs_glo_3dz_f006_6hrly_hvr_US_east.nc
ARGO_GDAC,pfl,aoml/2904011/profiles/R2904011_004.nc|2025-05-22T01:55:44Z|26.78180|-90.28130,aoml/2904011/profiles/R2904011_004.nc,2904011,2904011,26.7818,-90.2813,2025-05-22T01:55:44Z,20250522,2025,496,4.46,1599.54,20.7171,True,True,True,https://noaa-nws-rtofs-pds.s3.amazonaws.com/rtofs.20250522/rtofs_glo_3dz_f006_6hrly_hvr_US_east.nc
ARGO_GDAC,pfl,aoml/2904011/profiles/R2904011_004.nc|2025-05-22T01:55:44Z|26.78180|-90.28130,aoml/2904011/profiles/R2904011_004.nc,2904011,2904011,26.7818,-90.2813,2025-05-22T01:55:44Z,20250522,2025,66,7.98,1599.54,19.4107,True,True,True,https://noaa-nws-rtofs-pds.s3.amazonaws.com/rtofs.20250522/rtofs_glo_3dz_f006_6hrly_hvr_US_east.nc
ARGO_GDAC,pfl,aoml/2904011/profiles/R2904011_005.nc|2025-05-22T15:43:00Z|26.75920|-90.33510,aoml/2904011/profiles/R2904011_005.nc,2904011,2904011,26.7592,-90.3351,2025-05-22T15:43:00Z,20250522,2025,496,4.5,1599.29,29.9863,True,True,True,https://noaa-nws-rtofs-pds.s3.amazonaws.com/rtofs.20250522/rtofs_glo_3dz_f006_6hrly_hvr_US_east.nc
ARGO_GDAC,pfl,aoml/2904011/profiles/R2904011_005.nc|2025-05-22T15:43:00Z|26.75920|-90.33510,aoml/2904011/profiles/R2904011_005.nc,2904011,2904011,26.7592,-90.3351,2025-05-22T15:43:00Z,20250522,2025,66,7.75,1599.29,30.1253,True,True,True,https://noaa-nws-rtofs-pds.s3.amazonaws.com/rtofs.20250522/rtofs_glo_3dz_f006_6hrly_hvr_US_east.nc
ARGO_GDAC,pfl,aoml/2904011/profiles/R2904011_006.nc|2025-05-23T05:25:17Z|26.73900|-90.38740,aoml/2904011/profiles/R2904011_006.nc,2904011,2904011,26.739,-90.3874,2025-05-23T05:25:17Z,20250523,2025,496,4.47,1599.66,23.6937,True,True,True,https://noaa-nws-rtofs-pds.s3.amazonaws.com/rtofs.20250523/rtofs_glo_3dz_f006_6hrly_hvr_US_east.nc
ARGO_GDAC,pfl,aoml/2904011/profiles/R2904011_006.nc|2025-05-23T05:25:17Z|26.73900|-90.38740,aoml/2904011/profiles/R2904011_006.nc,2904011,2904011,26.739,-90.3874,2025-05-23T05:25:17Z,20250523,2025,66,7.76,1599.66,14.8054,True,True,True,https://noaa-nws-rtofs-pds.s3.amazonaws.com/rtofs.20250523/rtofs_glo_3dz_f006_6hrly_hvr_US_east.nc
ARGO_GDAC,pfl,aoml/2904011/profiles/R2904011_007.nc|2025-05-23T19:09:41Z|26.70840|-90.43290,aoml/2904011/profiles/R2904011_007.nc,2904011,2904011,26.7084,-90.4329,2025-05-23T19:09:41Z,20250523,2025,496,4.43,1599.67,12.1617,True,True,True,https://noaa-nws-rtofs-pds.s3.amazonaws.com/rtofs.20250523/rtofs_glo_3dz_f006_6hrly_hvr_US_east.nc
ARGO_GDAC,pfl,aoml/2904011/profiles/R2904011_007.nc|2025-05-23T19:09:41Z|26.70840|-90.43290,aoml/2904011/profiles/R2904011_007.nc,2904011,2904011,26.7084,-90.4329,2025-05-23T19:09:41Z,20250523,2025,66,8.01,1599.67,11.6659,True,True,True,https://noaa-nws-rtofs-pds.s3.amazonaws.com/rtofs.20250523/rtofs_glo_3dz_f006_6hrly_hvr_US_east.nc
ARGO_GDAC,pfl,aoml/2904011/profiles/R2904011_008.nc|2025-06-02T23:45:03Z|26.89730|-90.06280,aoml/2904011/profiles/R2904011_008.nc,2904011,2904011,26.8973,-90.0628,2025-06-02T23:45:03Z,20250602,2025,496,4.44,1599.86,13.7578,True,True,True,https://noaa-nws-rtofs-pds.s3.amazonaws.com/rtofs.20250602/rtofs_glo_3dz_f006_6hrly_hvr_US_east.nc
ARGO_GDAC,pfl,aoml/2904011/profiles/R2904011_008.nc|2025-06-02T23:45:03Z|26.89730|-90.06280,aoml/2904011/profiles/R2904011_008.nc,2904011,2904011,26.8973,-90.0628,2025-06-02T23:45:03Z,20250602,2025,66,7.77,1599.86,14.2485,True,True,True,https://noaa-nws-rtofs-pds.s3.amazonaws.com/rtofs.20250602/rtofs_glo_3dz_f006_6hrly_hvr_US_east.nc
ARGO_GDAC,pfl,aoml/2904011/profiles/R2904011_009.nc|2025-06-13T04:26:58Z|26.74590|-89.54240,aoml/2904011/profiles/R2904011_009.nc,2904011,2904011,26.7459,-89.5424,2025-06-13T04:26:58Z,20250613,2025,497,2.96,1598.87,12.7259,True,True,True,https://noaa-nws-rtofs-pds.s3.amazonaws.com/rtofs.20250613/rtofs_glo_3dz_f006_6hrly_hvr_US_east.nc
ARGO_GDAC,pfl,aoml/2904011/profiles/R2904011_009.nc|2025-06-13T04:26:58Z|26.74590|-89.54240,aoml/2904011/profiles/R2904011_009.nc,2904011,2904011,26.7459,-89.5424,2025-06-13T04:26:58Z,20250613,2025,66,7.89,1598.87,12.7868,True,True,True,https://noaa-nws-rtofs-pds.s3.amazonaws.com/rtofs.20250613/rtofs_glo_3dz_f006_6hrly_hvr_US_east.nc
ARGO_GDAC,pfl,aoml/2904011/profiles/R2904011_010.nc|2025-06-23T08:59:35Z|26.70370|-89.77650,aoml/2904011/profiles/R2904011_010.nc,2904011,2904011,26.7037,-89.7765,2025-06-23T08:59:35Z,20250623,2025,496,4.54,1599.46,21.019,True,True,True,https://noaa-nws-rtofs-pds.s3.amazonaws.com/rtofs.20250623/rtofs_glo_3dz_f006_6hrly_hvr_US_east.nc
ARGO_GDAC,pfl,aoml/2904011/profiles/R2904011_010.nc|2025-06-23T08:59:35Z|26.70370|-89.77650,aoml/2904011/profiles/R2904011_010.nc,2904011,2904011,26.7037,-89.7765,2025-06-23T08:59:35Z,20250623,2025,66,7.89,1599.46,19.6225,True,True,True,https://noaa-nws-rtofs-pds.s3.amazonaws.com/rtofs.20250623/rtofs_glo_3dz_f006_6hrly_hvr_US_east.nc
ARGO_GDAC,pfl,aoml/2904011/profiles/R2904011_011.nc|2025-07-03T13:29:06Z|26.97160|-89.59170,aoml/2904011/profiles/R2904011_011.nc,2904011,2904011,26.9716,-89.5917,2025-07-03T13:29:06Z,20250703,2025,494,4.43,1599.15,25.3329,True,True,True,https://noaa-nws-rtofs-pds.s3.amazonaws.com/rtofs.20250703/rtofs_glo_3dz_f006_6hrly_hvr_US_east.nc
ARGO_GDAC,pfl,aoml/2904011/profiles/R2904011_011.nc|2025-07-03T13:29:06Z|26.97160|-89.59170,aoml/2904011/profiles/R2904011_011.nc,2904011,2904011,26.9716,-89.5917,2025-07-03T13:29:06Z,20250703,2025,66,7.51,1599.15,24.0814,True,True,True,https://noaa-nws-rtofs-pds.s3.amazonaws.com/rtofs.20250703/rtofs_glo_3dz_f006_6hrly_hvr_US_east.nc
ARGO_GDAC,pfl,aoml/2904011/profiles/R2904011_012.nc|2025-07-13T18:07:41Z|26.50770|-89.78300,aoml/2904011/profiles/R2904011_012.nc,2904011,2904011,26.5077,-89.783,2025-07-13T18:07:41Z,20250713,2025,496,4.52,1599.69,20.8186,True,True,True,https://noaa-nws-rtofs-pds.s3.amazonaws.com/rtofs.20250713/rtofs_glo_3dz_f006_6hrly_hvr_US_east.nc
ARGO_GDAC,pfl,aoml/2904011/profiles/R2904011_012.nc|2025-07-13T18:07:41Z|26.50770|-89.78300,aoml/2904011/profiles/R2904011_012.nc,2904011,2904011,26.5077,-89.783,2025-07-13T18:07:41Z,20250713,2025,66,7.52,1599.69,19.0882,True,True,True,https://noaa-nws-rtofs-pds.s3.amazonaws.com/rtofs.20250713/rtofs_glo_3dz_f006_6hrly_hvr_US_east.nc
ARGO_GDAC,pfl,aoml/2904011/profiles/R2904011_013.nc|2025-07-23T23:33:27Z|26.48620|-90.07630,aoml/2904011/profiles/R2904011_013.nc,2904011,2904011,26.4862,-90.0763,2025-07-23T23:33:27Z,20250723,2025,496,4.69,1599.27,14.0424,True,True,True,https://noaa-nws-rtofs-pds.s3.amazonaws.com/rtofs.20250723/rtofs_glo_3dz_f006_6hrly_hvr_US_east.nc
ARGO_GDAC,pfl,aoml/2904011/profiles/R2904011_013.nc|2025-07-23T23:33:27Z|26.48620|-90.07630,aoml/2904011/profiles/R2904011_013.nc,2904011,2904011,26.4862,-90.0763,2025-07-23T23:33:27Z,20250723,2025,66,8.13,1599.27,13.4822,True,True,True,https://noaa-nws-rtofs-pds.s3.amazonaws.com/rtofs.20250723/rtofs_glo_3dz_f006_6hrly_hvr_US_east.nc
ARGO_GDAC,pfl,aoml/2904011/profiles/R2904011_014.nc|2025-08-03T04:54:56Z|26.51700|-89.90100,aoml/2904011/profiles/R2904011_014.nc,2904011,2904011,26.517,-89.901,2025-08-03T04:54:56Z,20250803,2025,496,4.79,1600.1,13.5603,True,True,True,https://noaa-nws-rtofs-pds.s3.amazonaws.com/rtofs.20250803/rtofs_glo_3dz_f006_6hrly_hvr_US_east.nc
ARGO_GDAC,pfl,aoml/2904011/profiles/R2904011_014.nc|2025-08-03T04:54:56Z|26.51700|-89.90100,aoml/2904011/profiles/R2904011_014.nc,2904011,2904011,26.517,-89.901,2025-08-03T04:54:56Z,20250803,2025,66,7.96,1600.1,13.2928,True,True,True,https://noaa-nws-rtofs-pds.s3.amazonaws.com/rtofs.20250803/rtofs_glo_3dz_f006_6hrly_hvr_US_east.nc
ARGO_GDAC,pfl,aoml/2904011/profiles/R2904011_015.nc|2025-08-13T14:16:38Z|26.54900|-89.72200,aoml/2904011/profiles/R2904011_015.nc,2904011,2904011,26.549,-89.722,2025-08-13T14:16:38Z,20250813,2025,495,6.59,1599.38,12.0679,True,True,True,https://noaa-nws-rtofs-pds.s3.amazonaws.com/rtofs.20250813/rtofs_glo_3dz_f006_6hrly_hvr_US_east.nc
ARGO_GDAC,pfl,aoml/2904011/profiles/R2904011_015.nc|2025-08-13T14:16:38Z|26.54900|-89.72200,aoml/2904011/profiles/R2904011_015.nc,2904011,2904011,26.549,-89.722,2025-08-13T14:16:38Z,20250813,2025,66,8.17,1599.38,11.7386,True,True,True,https://noaa-nws-rtofs-pds.s3.amazonaws.com/rtofs.20250813/rtofs_glo_3dz_f006_6hrly_hvr_US_east.nc
ARGO_GDAC,pfl,aoml/2904011/profiles/R2904011_017.nc|2025-08-29T06:53:31Z|26.78610|-88.88380,aoml/2904011/profiles/R2904011_017.nc,2904011,2904011,26.7861,-88.8838,2025-08-29T06:53:31Z,20250829,2025,496,4.54,1599.67,32.3824,True,True,True,https://noaa-nws-rtofs-pds.s3.amazonaws.com/rtofs.20250829/rtofs_glo_3dz_f006_6hrly_hvr_US_east.nc
ARGO_GDAC,pfl,aoml/2904011/profiles/R2904011_017.nc|2025-08-29T06:53:31Z|26.78610|-88.88380,aoml/2904011/profiles/R2904011_017.nc,2904011,2904011,26.7861,-88.8838,2025-08-29T06:53:31Z,20250829,2025,66,7.92,1599.67,32.3724,True,True,True,https://noaa-nws-rtofs-pds.s3.amazonaws.com/rtofs.20250829/rtofs_glo_3dz_f006_6hrly_hvr_US_east.nc
ARGO_GDAC,pfl,aoml/2904011/profiles/R2904011_018.nc|2025-09-03T13:40:30Z|26.47060|-88.91590,aoml/2904011/profiles/R2904011_018.nc,2904011,2904011,26.4706,-88.9159,2025-09-03T13:40:30Z,20250903,2025,496,4.56,1599.78,23.7689,True,True,True,https://noaa-nws-rtofs-pds.s3.amazonaws.com/rtofs.20250903/rtofs_glo_3dz_f006_6hrly_hvr_US_east.nc
ARGO_GDAC,pfl,aoml/2904011/profiles/R2904011_018.nc|2025-09-03T13:40:30Z|26.47060|-88.91590,aoml/2904011/profiles/R2904011_018.nc,2904011,2904011,26.4706,-88.9159,2025-09-03T13:40:30Z,20250903,2025,66,7.71,1599.78,23.1998,True,True,True,https://noaa-nws-rtofs-pds.s3.amazonaws.com/rtofs.20250903/rtofs_glo_3dz_f006_6hrly_hvr_US_east.nc
ARGO_GDAC,pfl,aoml/2904011/profiles/R2904011_019.nc|2025-09-08T20:27:40Z|26.84510|-88.91670,aoml/2904011/profiles/R2904011_019.nc,2904011,2904011,26.8451,-88.9167,2025-09-08T20:27:40Z,20250908,2025,495,4.67,1599.77,41.9382,True,True,True,https://noaa-nws-rtofs-pds.s3.amazonaws.com/rtofs.20250908/rtofs_glo_3dz_f006_6hrly_hvr_US_east.nc
ARGO_GDAC,pfl,aoml/2904011/profiles/R2904011_019.nc|2025-09-08T20:27:40Z|26.84510|-88.91670,aoml/2904011/profiles/R2904011_019.nc,2904011,2904011,26.8451,-88.9167,2025-09-08T20:27:40Z,20250908,2025,66,7.96,1599.77,40.1486,True,True,True,https://noaa-nws-rtofs-pds.s3.amazonaws.com/rtofs.20250908/rtofs_glo_3dz_f006_6hrly_hvr_US_east.nc
ARGO_GDAC,pfl,aoml/2904011/profiles/R2904011_020.nc|2025-09-14T02:58:51Z|26.71980|-88.39740,aoml/2904011/profiles/R2904011_020.nc,2904011,2904011,26.7198,-88.3974,2025-09-14T02:58:51Z,20250914,2025,495,4.49,1599.57,39.805,True,True,True,https://noaa-nws-rtofs-pds.s3.amazonaws.com/rtofs.20250914/rtofs_glo_3dz_f006_6hrly_hvr_US_east.nc
ARGO_GDAC,pfl,aoml/2904011/profiles/R2904011_020.nc|2025-09-14T02:58:51Z|26.71980|-88.39740,aoml/2904011/profiles/R2904011_020.nc,2904011,2904011,26.7198,-88.3974,2025-09-14T02:58:51Z,20250914,2025,66,7.91,1599.57,38.2112,True,True,True,https://noaa-nws-rtofs-pds.s3.amazonaws.com/rtofs.20250914/rtofs_glo_3dz_f006_6hrly_hvr_US_east.nc
ARGO_GDAC,pfl,aoml/2904011/profiles/R2904011_021.nc|2025-09-19T09:33:22Z|27.21860|-87.93300,aoml/2904011/profiles/R2904011_021.nc,2904011,2904011,27.2186,-87.933,2025-09-19T09:33:22Z,20250919,2025,496,4.65,1599.57,46.0155,True,True,True,https://noaa-nws-rtofs-pds.s3.amazonaws.com/rtofs.20250919/rtofs_glo_3dz_f006_6hrly_hvr_US_east.nc
ARGO_GDAC,pfl,aoml/2904011/profiles/R2904011_021.nc|2025-09-19T09:33:22Z|27.21860|-87.93300,aoml/2904011/profiles/R2904011_021.nc,2904011,2904011,27.2186,-87.933,2025-09-19T09:33:22Z,20250919,2025,66,8.24,1599.57,45.5734,True,True,True,https://noaa-nws-rtofs-pds.s3.amazonaws.com/rtofs.20250919/rtofs_glo_3dz_f006_6hrly_hvr_US_east.nc
ARGO_GDAC,pfl,aoml/2904011/profiles/R2904011_022.nc|2025-09-24T16:16:10Z|26.66430|-88.00020,aoml/2904011/profiles/R2904011_022.nc,2904011,2904011,26.6643,-88.0002,2025-09-24T16:16:10Z,20250924,2025,495,4.6,1599.95,61.0696,True,True,True,https://noaa-nws-rtofs-pds.s3.amazonaws.com/rtofs.20250924/rtofs_glo_3dz_f006_6hrly_hvr_US_east.nc
ARGO_GDAC,pfl,aoml/2904011/profiles/R2904011_022.nc|2025-09-24T16:16:10Z|26.66430|-88.00020,aoml/2904011/profiles/R2904011_022.nc,2904011,2904011,26.6643,-88.0002,2025-09-24T16:16:10Z,20250924,2025,66,8.06,1599.95,61.5673,True,True,True,https://noaa-nws-rtofs-pds.s3.amazonaws.com/rtofs.20250924/rtofs_glo_3dz_f006_6hrly_hvr_US_east.nc
ARGO_GDAC,pfl,aoml/2904011/profiles/R2904011_023.nc|2025-09-29T23:06:50Z|27.15200|-88.17850,aoml/2904011/profiles/R2904011_023.nc,2904011,2904011,27.152,-88.1785,2025-09-29T23:06:50Z,20250929,2025,496,4.29,1599.31,66.9331,True,True,True,https://noaa-nws-rtofs-pds.s3.amazonaws.com/rtofs.20250929/rtofs_glo_3dz_f006_6hrly_hvr_US_east.nc
ARGO_GDAC,pfl,aoml/2904011/profiles/R2904011_023.nc|2025-09-29T23:06:50Z|27.15200|-88.17850,aoml/2904011/profiles/R2904011_023.nc,2904011,2904011,27.152,-88.1785,2025-09-29T23:06:50Z,20250929,2025,66,7.58,1599.31,67.3721,True,True,True,https://noaa-nws-rtofs-pds.s3.amazonaws.com/rtofs.20250929/rtofs_glo_3dz_f006_6hrly_hvr_US_east.nc
ARGO_GDAC,pfl,aoml/2904011/profiles/R2904011_024.nc|2025-10-05T05:43:04Z|26.55080|-88.69760,aoml/2904011/profiles/R2904011_024.nc,2904011,2904011,26.5508,-88.6976,2025-10-05T05:43:04Z,20251005,2025,495,4.47,1599.64,55.205,True,True,True,https://noaa-nws-rtofs-pds.s3.amazonaws.com/rtofs.20251005/rtofs_glo_3dz_f006_6hrly_hvr_US_east.nc
ARGO_GDAC,pfl,aoml/2904011/profiles/R2904011_024.nc|2025-10-05T05:43:04Z|26.55080|-88.69760,aoml/2904011/profiles/R2904011_024.nc,2904011,2904011,26.5508,-88.6976,2025-10-05T05:43:04Z,20251005,2025,66,7.76,1599.64,53.6909,True,True,True,https://noaa-nws-rtofs-pds.s3.amazonaws.com/rtofs.20251005/rtofs_glo_3dz_f006_6hrly_hvr_US_east.nc
ARGO_GDAC,pfl,aoml/2904011/profiles/R2904011_025.nc|2025-10-10T12:12:09Z|26.59600|-88.75480,aoml/2904011/profiles/R2904011_025.nc,2904011,2904011,26.596,-88.7548,2025-10-10T12:12:09Z,20251010,2025,495,4.69,1599.51,61.09,True,True,True,https://noaa-nws-rtofs-pds.s3.amazonaws.com/rtofs.20251010/rtofs_glo_3dz_f006_6hrly_hvr_US_east.nc
ARGO_GDAC,pfl,aoml/2904011/profiles/R2904011_025.nc|2025-10-10T12:12:09Z|26.59600|-88.75480,aoml/2904011/profiles/R2904011_025.nc,2904011,2904011,26.596,-88.7548,2025-10-10T12:12:09Z,20251010,2025,66,8.06,1599.51,60.4219,True,True,True,https://noaa-nws-rtofs-pds.s3.amazonaws.com/rtofs.20251010/rtofs_glo_3dz_f006_6hrly_hvr_US_east.nc
ARGO_GDAC,pfl,aoml/2904011/profiles/R2904011_026.nc|2025-10-15T18:52:25Z|27.02230|-89.35200,aoml/2904011/profiles/R2904011_026.nc,2904011,2904011,27.0223,-89.352,2025-10-15T18:52:25Z,20251015,2025,496,4.49,1599.94,68.8041,True,True,True,https://noaa-nws-rtofs-pds.s3.amazonaws.com/rtofs.20251015/rtofs_glo_3dz_f006_6hrly_hvr_US_east.nc
ARGO_GDAC,pfl,aoml/2904011/profiles/R2904011_026.nc|2025-10-15T18:52:25Z|27.02230|-89.35200,aoml/2904011/profiles/R2904011_026.nc,2904011,2904011,27.0223,-89.352,2025-10-15T18:52:25Z,20251015,2025,66,7.83,1599.94,68.6276,True,True,True,https://noaa-nws-rtofs-pds.s3.amazonaws.com/rtofs.20251015/rtofs_glo_3dz_f006_6hrly_hvr_US_east.nc
ARGO_GDAC,pfl,aoml/2904011/profiles/R2904011_027.nc|2025-10-21T01:24:49Z|26.92390|-90.30210,aoml/2904011/profiles/R2904011_027.nc,2904011,2904011,26.9239,-90.3021,2025-10-21T01:24:49Z,20251021,2025,494,4.57,1599.66,46.9522,True,True,True,https://noaa-nws-rtofs-pds.s3.amazonaws.com/rtofs.20251021/rtofs_glo_3dz_f006_6hrly_hvr_US_east.nc
ARGO_GDAC,pfl,aoml/2904011/profiles/R2904011_027.nc|2025-10-21T01:24:49Z|26.92390|-90.30210,aoml/2904011/profiles/R2904011_027.nc,2904011,2904011,26.9239,-90.3021,2025-10-21T01:24:49Z,20251021,2025,66,7.75,1599.66,47.0452,True,True,True,https://noaa-nws-rtofs-pds.s3.amazonaws.com/rtofs.20251021/rtofs_glo_3dz_f006_6hrly_hvr_US_east.nc
ARGO_GDAC,pfl,aoml/2904011/profiles/R2904011_028.nc|2025-10-31T07:47:34Z|26.52000|-91.15590,aoml/2904011/profiles/R2904011_028.nc,2904011,2904011,26.52,-91.1559,2025-10-31T07:47:34Z,20251031,2025,495,4.41,1599.93,56.2964,True,True,True,https://noaa-nws-rtofs-pds.s3.amazonaws.com/rtofs.20251031/rtofs_glo_3dz_f006_6hrly_hvr_US_east.nc
ARGO_GDAC,pfl,aoml/2904011/profiles/R2904011_028.nc|2025-10-31T07:47:34Z|26.52000|-91.15590,aoml/2904011/profiles/R2904011_028.nc,2904011,2904011,26.52,-91.1559,2025-10-31T07:47:34Z,20251031,2025,66,7.54,1599.93,57.2537,True,True,True,https://noaa-nws-rtofs-pds.s3.amazonaws.com/rtofs.20251031/rtofs_glo_3dz_f006_6hrly_hvr_US_east.nc
ARGO_GDAC,pfl,aoml/2904011/profiles/R2904011_029.nc|2025-11-10T14:38:45Z|26.54680|-90.90060,aoml/2904011/profiles/R2904011_029.nc,2904011,2904011,26.5468,-90.9006,2025-11-10T14:38:45Z,20251110,2025,496,2.91,1599.27,47.8215,True,True,True,https://noaa-nws-rtofs-pds.s3.amazonaws.com/rtofs.20251110/rtofs_glo_3dz_f006_6hrly_hvr_US_east.nc
ARGO_GDAC,pfl,aoml/2904011/profiles/R2904011_029.nc|2025-11-10T14:38:45Z|26.54680|-90.90060,aoml/2904011/profiles/R2904011_029.nc,2904011,2904011,26.5468,-90.9006,2025-11-10T14:38:45Z,20251110,2025,66,7.34,1599.27,47.9632,True,True,True,https://noaa-nws-rtofs-pds.s3.amazonaws.com/rtofs.20251110/rtofs_glo_3dz_f006_6hrly_hvr_US_east.nc
ARGO_GDAC,pfl,aoml/2904011/profiles/R2904011_030.nc|2025-11-20T22:08:54Z|26.52910|-91.07100,aoml/2904011/profiles/R2904011_030.nc,2904011,2904011,26.5291,-91.071,2025-11-20T22:08:54Z,20251120,2025,495,4.28,1599.28,36.376,True,True,True,https://noaa-nws-rtofs-pds.s3.amazonaws.com/rtofs.20251120/rtofs_glo_3dz_f006_6hrly_hvr_US_east.nc
ARGO_GDAC,pfl,aoml/2904011/profiles/R2904011_030.nc|2025-11-20T22:08:54Z|26.52910|-91.07100,aoml/2904011/profiles/R2904011_030.nc,2904011,2904011,26.5291,-91.071,2025-11-20T22:08:54Z,20251120,2025,66,7.27,1599.28,36.0236,True,True,True,https://noaa-nws-rtofs-pds.s3.amazonaws.com/rtofs.20251120/rtofs_glo_3dz_f006_6hrly_hvr_US_east.nc
ARGO_GDAC,pfl,aoml/2904011/profiles/R2904011_031.nc|2025-12-01T04:28:46Z|26.31160|-91.06680,aoml/2904011/profiles/R2904011_031.nc,2904011,2904011,26.3116,-91.0668,2025-12-01T04:28:46Z,20251201,2025,496,4.58,1600.09,136.8964,True,False,True,https://noaa-nws-rtofs-pds.s3.amazonaws.com/rtofs.20251201/rtofs_glo_3dz_f006_6hrly_hvr_US_east.nc
ARGO_GDAC,pfl,aoml/2904011/profiles/R2904011_031.nc|2025-12-01T04:28:46Z|26.31160|-91.06680,aoml/2904011/profiles/R2904011_031.nc,2904011,2904011,26.3116,-91.0668,2025-12-01T04:28:46Z,20251201,2025,66,7.92,1600.09,133.5882,True,False,True,https://noaa-nws-rtofs-pds.s3.amazonaws.com/rtofs.20251201/rtofs_glo_3dz_f006_6hrly_hvr_US_east.nc
ARGO_GDAC,pfl,aoml/2904011/profiles/R2904011_032.nc|2025-12-11T11:50:38Z|26.49310|-89.95210,aoml/2904011/profiles/R2904011_032.nc,2904011,2904011,26.4931,-89.9521,2025-12-11T11:50:38Z,20251211,2025,496,4.6,1599.3,91.3768,True,True,True,https://noaa-nws-rtofs-pds.s3.amazonaws.com/rtofs.20251211/rtofs_glo_3dz_f006_6hrly_hvr_US_east.nc
ARGO_GDAC,pfl,aoml/2904011/profiles/R2904011_032.nc|2025-12-11T11:50:38Z|26.49310|-89.95210,aoml/2904011/profiles/R2904011_032.nc,2904011,2904011,26.4931,-89.9521,2025-12-11T11:50:38Z,20251211,2025,66,7.91,1599.3,90.3087,True,True,True,https://noaa-nws-rtofs-pds.s3.amazonaws.com/rtofs.20251211/rtofs_glo_3dz_f006_6hrly_hvr_US_east.nc
ARGO_GDAC,pfl,aoml/2904011/profiles/R2904011_033.nc|2025-12-21T18:14:34Z|26.02260|-89.98350,aoml/2904011/profiles/R2904011_033.nc,2904011,2904011,26.0226,-89.9835,2025-12-21T18:14:34Z,20251221,2025,495,4.6,1599.4,100.5478,True,False,True,https://noaa-nws-rtofs-pds.s3.amazonaws.com/rtofs.20251221/rtofs_glo_3dz_f006_6hrly_hvr_US_east.nc
ARGO_GDAC,pfl,aoml/2904011/profiles/R2904011_033.nc|2025-12-21T18:14:34Z|26.02260|-89.98350,aoml/2904011/profiles/R2904011_033.nc,2904011,2904011,26.0226,-89.9835,2025-12-21T18:14:34Z,20251221,2025,66,8.03,1599.4,99.0246,True,True,True,https://noaa-nws-rtofs-pds.s3.amazonaws.com/rtofs.20251221/rtofs_glo_3dz_f006_6hrly_hvr_US_east.nc
ARGO_GDAC,pfl,aoml/3902725/profiles/R3902725_000.nc|2025-12-12T20:41:13Z|20.29761|-81.50845,aoml/3902725/profiles/R3902725_000.nc,3902725,3902725,20.29761,-81.50845,2025-12-12T20:41:13Z,20251212,2025,80,1.2,149.12,94.2384,True,True,True,https://noaa-nws-rtofs-pds.s3.amazonaws.com/rtofs.20251212/rtofs_glo_3dz_f006_6hrly_hvr_US_east.nc
ARGO_GDAC,pfl,aoml/3902725/profiles/R3902725_000.nc|2025-12-12T20:41:13Z|20.29761|-81.50845,aoml/3902725/profiles/R3902725_000.nc,3902725,3902725,20.29761,-81.50845,2025-12-12T20:41:13Z,20251212,2025,442,0.96,59.92,,False,False,True,https://noaa-nws-rtofs-pds.s3.amazonaws.com/rtofs.20251212/rtofs_glo_3dz_f006_6hrly_hvr_US_east.nc
ARGO_GDAC,pfl,aoml/3902726/profiles/R3902726_000.nc|2025-12-13T01:22:29Z|19.89973|-80.61354,aoml/3902726/profiles/R3902726_000.nc,3902726,3902726,19.89973,-80.61354,2025-12-13T01:22:29Z,20251213,2025,64,0.4,115.96,37.7054,True,True,True,https://noaa-nws-rtofs-pds.s3.amazonaws.com/rtofs.20251213/rtofs_glo_3dz_f006_6hrly_hvr_US_east.nc
ARGO_GDAC,pfl,aoml/3902726/profiles/R3902726_000.nc|2025-12-13T01:22:29Z|19.89973|-80.61354,aoml/3902726/profiles/R3902726_000.nc,3902726,3902726,19.89973,-80.61354,2025-12-13T01:22:29Z,20251213,2025,372,0.4,60.0,30.1671,True,True,True,https://noaa-nws-rtofs-pds.s3.amazonaws.com/rtofs.20251213/rtofs_glo_3dz_f006_6hrly_hvr_US_east.nc
ARGO_GDAC,pfl,aoml/3902726/profiles/R3902726_001.nc|2025-12-14T12:08:21Z|19.89045|-80.57250,aoml/3902726/profiles/R3902726_001.nc,3902726,3902726,19.89045,-80.5725,2025-12-14T12:08:21Z,20251214,2025,508,1.28,1005.4,73.2973,True,True,True,https://noaa-nws-rtofs-pds.s3.amazonaws.com/rtofs.20251214/rtofs_glo_3dz_f006_6hrly_hvr_US_east.nc
ARGO_GDAC,pfl,aoml/3902726/profiles/R3902726_001.nc|2025-12-14T12:08:21Z|19.89045|-80.57250,aoml/3902726/profiles/R3902726_001.nc,3902726,3902726,19.89045,-80.5725,2025-12-14T12:08:21Z,20251214,2025,449,1.12,59.92,54.075,True,True,True,https://noaa-nws-rtofs-pds.s3.amazonaws.com/rtofs.20251214/rtofs_glo_3dz_f006_6hrly_hvr_US_east.nc
ARGO_GDAC,pfl,aoml/3902726/profiles/R3902726_002.nc|2025-12-15T22:45:46Z|19.85988|-80.55092,aoml/3902726/profiles/R3902726_002.nc,3902726,3902726,19.85988,-80.55092,2025-12-15T22:45:46Z,20251215,2025,509,0.48,1005.32,80.0447,True,True,True,https://noaa-nws-rtofs-pds.s3.amazonaws.com/rtofs.20251215/rtofs_glo_3dz_f006_6hrly_hvr_US_east.nc
ARGO_GDAC,pfl,aoml/3902726/profiles/R3902726_002.nc|2025-12-15T22:45:46Z|19.85988|-80.55092,aoml/3902726/profiles/R3902726_002.nc,3902726,3902726,19.85988,-80.55092,2025-12-15T22:45:46Z,20251215,2025,467,0.48,59.96,,False,False,True,https://noaa-nws-rtofs-pds.s3.amazonaws.com/rtofs.20251215/rtofs_glo_3dz_f006_6hrly_hvr_US_east.nc
ARGO_GDAC,pfl,aoml/3902726/profiles/R3902726_003.nc|2025-12-17T09:26:13Z|19.84261|-80.53697,aoml/3902726/profiles/R3902726_003.nc,3902726,3902726,19.84261,-80.53697,2025-12-17T09:26:13Z,20251217,2025,509,1.04,1007.6,78.1112,True,True,True,https://noaa-nws-rtofs-pds.s3.amazonaws.com/rtofs.20251217/rtofs_glo_3dz_f006_6hrly_hvr_US_east.nc
ARGO_GDAC,pfl,aoml/3902726/profiles/R3902726_003.nc|2025-12-17T09:26:13Z|19.84261|-80.53697,aoml/3902726/profiles/R3902726_003.nc,3902726,3902726,19.84261,-80.53697,2025-12-17T09:26:13Z,20251217,2025,490,0.6,59.92,,False,False,True,https://noaa-nws-rtofs-pds.s3.amazonaws.com/rtofs.20251217/rtofs_glo_3dz_f006_6hrly_hvr_US_east.nc
ARGO_GDAC,pfl,aoml/3902726/profiles/R3902726_004.nc|2025-12-18T20:05:42Z|19.83176|-80.54337,aoml/3902726/profiles/R3902726_004.nc,3902726,3902726,19.83176,-80.54337,2025-12-18T20:05:42Z,20251218,2025,509,1.12,1007.52,51.4708,True,True,True,https://noaa-nws-rtofs-pds.s3.amazonaws.com/rtofs.20251218/rtofs_glo_3dz_f006_6hrly_hvr_US_east.nc
ARGO_GDAC,pfl,aoml/3902726/profiles/R3902726_004.nc|2025-12-18T20:05:42Z|19.83176|-80.54337,aoml/3902726/profiles/R3902726_004.nc,3902726,3902726,19.83176,-80.54337,2025-12-18T20:05:42Z,20251218,2025,523,0.76,59.84,50.92,True,True,True,https://noaa-nws-rtofs-pds.s3.amazonaws.com/rtofs.20251218/rtofs_glo_3dz_f006_6hrly_hvr_US_east.nc
ARGO_GDAC,pfl,aoml/3902726/profiles/R3902726_005.nc|2025-12-20T06:46:40Z|19.82852|-80.55331,aoml/3902726/profiles/R3902726_005.nc,3902726,3902726,19.82852,-80.55331,2025-12-20T06:46:40Z,20251220,2025,507,1.0,1003.68,52.2153,True,True,True,https://noaa-nws-rtofs-pds.s3.amazonaws.com/rtofs.20251220/rtofs_glo_3dz_f006_6hrly_hvr_US_east.nc
ARGO_GDAC,pfl,aoml/3902726/profiles/R3902726_005.nc|2025-12-20T06:46:40Z|19.82852|-80.55331,aoml/3902726/profiles/R3902726_005.nc,3902726,3902726,19.82852,-80.55331,2025-12-20T06:46:40Z,20251220,2025,450,0.52,59.96,51.912,True,True,True,https://noaa-nws-rtofs-pds.s3.amazonaws.com/rtofs.20251220/rtofs_glo_3dz_f006_6hrly_hvr_US_east.nc
ARGO_GDAC,pfl,aoml/3902726/profiles/R3902726_006.nc|2025-12-21T17:25:05Z|19.82561|-80.55675,aoml/3902726/profiles/R3902726_006.nc,3902726,3902726,19.82561,-80.55675,2025-12-21T17:25:05Z,20251221,2025,508,0.96,1005.6,76.0197,True,True,True,https://noaa-nws-rtofs-pds.s3.amazonaws.com/rtofs.20251221/rtofs_glo_3dz_f006_6hrly_hvr_US_east.nc
ARGO_GDAC,pfl,aoml/3902726/profiles/R3902726_006.nc|2025-12-21T17:25:05Z|19.82561|-80.55675,aoml/3902726/profiles/R3902726_006.nc,3902726,3902726,19.82561,-80.55675,2025-12-21T17:25:05Z,20251221,2025,497,0.56,59.84,,False,False,True,https://noaa-nws-rtofs-pds.s3.amazonaws.com/rtofs.20251221/rtofs_glo_3dz_f006_6hrly_hvr_US_east.nc
ARGO_GDAC,pfl,aoml/3902726/profiles/R3902726_007.nc|2025-12-23T04:01:25Z|19.82402|-80.57965,aoml/3902726/profiles/R3902726_007.nc,3902726,3902726,19.82402,-80.57965,2025-12-23T04:01:25Z,20251223,2025,507,1.08,1003.36,67.365,True,True,True,https://noaa-nws-rtofs-pds.s3.amazonaws.com/rtofs.20251223/rtofs_glo_3dz_f006_6hrly_hvr_US_east.nc
ARGO_GDAC,pfl,aoml/3902726/profiles/R3902726_007.nc|2025-12-23T04:01:25Z|19.82402|-80.57965,aoml/3902726/profiles/R3902726_007.nc,3902726,3902726,19.82402,-80.57965,2025-12-23T04:01:25Z,20251223,2025,473,0.64,59.84,,False,False,True,https://noaa-nws-rtofs-pds.s3.amazonaws.com/rtofs.20251223/rtofs_glo_3dz_f006_6hrly_hvr_US_east.nc
ARGO_GDAC,pfl,aoml/3902726/profiles/R3902726_008.nc|2025-12-24T14:43:02Z|19.83890|-80.61029,aoml/3902726/profiles/R3902726_008.nc,3902726,3902726,19.8389,-80.61029,2025-12-24T14:43:02Z,20251224,2025,507,1.08,1003.72,82.3497,True,True,True,https://noaa-nws-rtofs-pds.s3.amazonaws.com/rtofs.20251224/rtofs_glo_3dz_f006_6hrly_hvr_US_east.nc
ARGO_GDAC,pfl,aoml/3902726/profiles/R3902726_008.nc|2025-12-24T14:43:02Z|19.83890|-80.61029,aoml/3902726/profiles/R3902726_008.nc,3902726,3902726,19.8389,-80.61029,2025-12-24T14:43:02Z,20251224,2025,493,0.68,60.0,,False,False,True,https://noaa-nws-rtofs-pds.s3.amazonaws.com/rtofs.20251224/rtofs_glo_3dz_f006_6hrly_hvr_US_east.nc
ARGO_GDAC,pfl,aoml/3902726/profiles/R3902726_009.nc|2025-12-26T01:25:59Z|19.85856|-80.63765,aoml/3902726/profiles/R3902726_009.nc,3902726,3902726,19.85856,-80.63765,2025-12-26T01:25:59Z,20251226,2025,508,1.04,1005.28,86.6162,True,True,True,https://noaa-nws-rtofs-pds.s3.amazonaws.com/rtofs.20251226/rtofs_glo_3dz_f006_6hrly_hvr_US_east.nc
ARGO_GDAC,pfl,aoml/3902726/profiles/R3902726_009.nc|2025-12-26T01:25:59Z|19.85856|-80.63765,aoml/3902726/profiles/R3902726_009.nc,3902726,3902726,19.85856,-80.63765,2025-12-26T01:25:59Z,20251226,2025,473,0.68,59.96,,False,False,True,https://noaa-nws-rtofs-pds.s3.amazonaws.com/rtofs.20251226/rtofs_glo_3dz_f006_6hrly_hvr_US_east.nc
ARGO_GDAC,pfl,aoml/3902726/profiles/R3902726_010.nc|2025-12-31T00:08:27Z|19.88483|-80.63952,aoml/3902726/profiles/R3902726_010.nc,3902726,3902726,19.88483,-80.63952,2025-12-31T00:08:27Z,20251231,2025,509,1.12,1007.2,60.3825,True,True,True,https://noaa-nws-rtofs-pds.s3.amazonaws.com/rtofs.20251231/rtofs_glo_3dz_f006_6hrly_hvr_US_east.nc
ARGO_GDAC,pfl,aoml/3902726/profiles/R3902726_010.nc|2025-12-31T00:08:27Z|19.88483|-80.63952,aoml/3902726/profiles/R3902726_010.nc,3902726,3902726,19.88483,-80.63952,2025-12-31T00:08:27Z,20251231,2025,480,0.8,59.88,,False,False,True,https://noaa-nws-rtofs-pds.s3.amazonaws.com/rtofs.20251231/rtofs_glo_3dz_f006_6hrly_hvr_US_east.nc
ARGO_GDAC,pfl,aoml/4902349/profiles/D4902349_273.nc|2024-01-01T07:31:36Z|20.02358|-95.37028,aoml/4902349/profiles/D4902349_273.nc,4902349,4902349,20.02358,-95.37028,2024-01-01T07:31:36Z,20240101,2024,1012,1.16,2013.56,42.3489,True,True,False,
ARGO_GDAC,pfl,aoml/4902349/profiles/D4902349_273.nc|2024-01-01T07:31:36Z|20.02358|-95.37028,aoml/4902349/profiles/D4902349_273.nc,4902349,4902349,20.02358,-95.37028,2024-01-01T07:31:36Z,20240101,2024,428,0.88,49.84,43.2925,True,True,False,
ARGO_GDAC,pfl,aoml/4902349/profiles/D4902349_274.nc|2024-01-11T06:15:02Z|19.84627|-95.06242,aoml/4902349/profiles/D4902349_274.nc,4902349,4902349,19.84627,-95.06242,2024-01-11T06:15:02Z,20240111,2024,1008,1.12,2006.4,74.6271,True,True,False,
ARGO_GDAC,pfl,aoml/4902349/profiles/D4902349_274.nc|2024-01-11T06:15:02Z|19.84627|-95.06242,aoml/4902349/profiles/D4902349_274.nc,4902349,4902349,19.84627,-95.06242,2024-01-11T06:15:02Z,20240111,2024,385,0.84,49.88,,False,False,False,
ARGO_GDAC,pfl,aoml/4902349/profiles/D4902349_275.nc|2024-01-21T04:59:41Z|19.99024|-94.81583,aoml/4902349/profiles/D4902349_275.nc,4902349,4902349,19.99024,-94.81583,2024-01-21T04:59:41Z,20240121,2024,1008,1.12,2006.4,86.0878,True,True,False,
ARGO_GDAC,pfl,aoml/4902349/profiles/D4902349_275.nc|2024-01-21T04:59:41Z|19.99024|-94.81583,aoml/4902349/profiles/D4902349_275.nc,4902349,4902349,19.99024,-94.81583,2024-01-21T04:59:41Z,20240121,2024,356,0.8,49.92,,False,False,False,
ARGO_GDAC,pfl,aoml/4902349/profiles/D4902349_276.nc|2024-01-31T03:40:39Z|19.99593|-94.79848,aoml/4902349/profiles/D4902349_276.nc,4902349,4902349,19.99593,-94.79848,2024-01-31T03:40:39Z,20240131,2024,1008,1.16,2006.28,63.5313,True,True,True,https://noaa-nws-rtofs-pds.s3.amazonaws.com/rtofs.20240131/rtofs_glo_3dz_f006_6hrly_hvr_US_east.nc
ARGO_GDAC,pfl,aoml/4902349/profiles/D4902349_276.nc|2024-01-31T03:40:39Z|19.99593|-94.79848,aoml/4902349/profiles/D4902349_276.nc,4902349,4902349,19.99593,-94.79848,2024-01-31T03:40:39Z,20240131,2024,404,0.76,49.88,,False,False,True,https://noaa-nws-rtofs-pds.s3.amazonaws.com/rtofs.20240131/rtofs_glo_3dz_f006_6hrly_hvr_US_east.nc
ARGO_GDAC,pfl,aoml/4902349/profiles/D4902349_277.nc|2024-02-10T02:26:55Z|19.89867|-94.91330,aoml/4902349/profiles/D4902349_277.nc,4902349,4902349,19.89867,-94.9133,2024-02-10T02:26:55Z,20240210,2024,1008,1.12,2005.64,11.9652,True,True,True,https://noaa-nws-rtofs-pds.s3.amazonaws.com/rtofs.20240210/rtofs_glo_3dz_f006_6hrly_hvr_US_east.nc
ARGO_GDAC,pfl,aoml/4902349/profiles/D4902349_277.nc|2024-02-10T02:26:55Z|19.89867|-94.91330,aoml/4902349/profiles/D4902349_277.nc,4902349,4902349,19.89867,-94.9133,2024-02-10T02:26:55Z,20240210,2024,431,0.84,49.84,11.9718,True,True,True,https://noaa-nws-rtofs-pds.s3.amazonaws.com/rtofs.20240210/rtofs_glo_3dz_f006_6hrly_hvr_US_east.nc
ARGO_GDAC,pfl,aoml/4902349/profiles/D4902349_278.nc|2024-02-20T01:13:07Z|20.05911|-94.92772,aoml/4902349/profiles/D4902349_278.nc,4902349,4902349,20.05911,-94.92772,2024-02-20T01:13:07Z,20240220,2024,1014,1.08,2017.08,89.9761,True,True,True,https://noaa-nws-rtofs-pds.s3.amazonaws.com/rtofs.20240220/rtofs_glo_3dz_f006_6hrly_hvr_US_east.nc
ARGO_GDAC,pfl,aoml/4902349/profiles/D4902349_278.nc|2024-02-20T01:13:07Z|20.05911|-94.92772,aoml/4902349/profiles/D4902349_278.nc,4902349,4902349,20.05911,-94.92772,2024-02-20T01:13:07Z,20240220,2024,425,0.76,49.76,,False,False,True,https://noaa-nws-rtofs-pds.s3.amazonaws.com/rtofs.20240220/rtofs_glo_3dz_f006_6hrly_hvr_US_east.nc
ARGO_GDAC,pfl,aoml/4902349/profiles/D4902349_279.nc|2024-03-01T00:03:50Z|20.06783|-94.88369,aoml/4902349/profiles/D4902349_279.nc,4902349,4902349,20.06783,-94.88369,2024-03-01T00:03:50Z,20240301,2024,1013,1.16,2015.2,21.3783,True,True,True,https://noaa-nws-rtofs-pds.s3.amazonaws.com/rtofs.20240301/rtofs_glo_3dz_f006_6hrly_hvr_US_east.nc
ARGO_GDAC,pfl,aoml/4902349/profiles/D4902349_279.nc|2024-03-01T00:03:50Z|20.06783|-94.88369,aoml/4902349/profiles/D4902349_279.nc,4902349,4902349,20.06783,-94.88369,2024-03-01T00:03:50Z,20240301,2024,431,0.88,49.8,20.48,True,True,True,https://noaa-nws-rtofs-pds.s3.amazonaws.com/rtofs.20240301/rtofs_glo_3dz_f006_6hrly_hvr_US_east.nc
ARGO_GDAC,pfl,aoml/4902349/profiles/D4902349_280.nc|2024-03-10T22:59:00Z|20.44290|-94.42969,aoml/4902349/profiles/D4902349_280.nc,4902349,4902349,20.4429,-94.42969,2024-03-10T22:59:00Z,20240310,2024,1008,1.12,2005.24,23.2616,True,True,True,https://noaa-nws-rtofs-pds.s3.amazonaws.com/rtofs.20240310/rtofs_glo_3dz_f006_6hrly_hvr_US_east.nc
ARGO_GDAC,pfl,aoml/4902349/profiles/D4902349_280.nc|2024-03-10T22:59:00Z|20.44290|-94.42969,aoml/4902349/profiles/D4902349_280.nc,4902349,4902349,20.4429,-94.42969,2024-03-10T22:59:00Z,20240310,2024,440,0.8,49.8,22.928,True,True,True,https://noaa-nws-rtofs-pds.s3.amazonaws.com/rtofs.20240310/rtofs_glo_3dz_f006_6hrly_hvr_US_east.nc
ARGO_GDAC,pfl,aoml/4902349/profiles/D4902349_281.nc|2024-03-20T21:49:04Z|20.81209|-94.05825,aoml/4902349/profiles/D4902349_281.nc,4902349,4902349,20.81209,-94.05825,2024-03-20T21:49:04Z,20240320,2024,1012,1.08,2014.2,20.5357,True,True,True,https://noaa-nws-rtofs-pds.s3.amazonaws.com/rtofs.20240320/rtofs_glo_3dz_f006_6hrly_hvr_US_east.nc
ARGO_GDAC,pfl,aoml/4902349/profiles/D4902349_281.nc|2024-03-20T21:49:04Z|20.81209|-94.05825,aoml/4902349/profiles/D4902349_281.nc,4902349,4902349,20.81209,-94.05825,2024-03-20T21:49:04Z,20240320,2024,436,0.76,49.8,20.64,True,True,True,https://noaa-nws-rtofs-pds.s3.amazonaws.com/rtofs.20240320/rtofs_glo_3dz_f006_6hrly_hvr_US_east.nc
ARGO_GDAC,pfl,aoml/4902349/profiles/D4902349_282.nc|2024-03-30T20:51:13Z|21.09149|-93.61350,aoml/4902349/profiles/D4902349_282.nc,4902349,4902349,21.09149,-93.6135,2024-03-30T20:51:13Z,20240330,2024,1011,1.12,2012.04,24.7644,True,True,True,https://noaa-nws-rtofs-pds.s3.amazonaws.com/rtofs.20240330/rtofs_glo_3dz_f006_6hrly_hvr_US_east.nc
ARGO_GDAC,pfl,aoml/4902349/profiles/D4902349_282.nc|2024-03-30T20:51:13Z|21.09149|-93.61350,aoml/4902349/profiles/D4902349_282.nc,4902349,4902349,21.09149,-93.6135,2024-03-30T20:51:13Z,20240330,2024,435,0.8,49.84,25.6533,True,True,True,https://noaa-nws-rtofs-pds.s3.amazonaws.com/rtofs.20240330/rtofs_glo_3dz_f006_6hrly_hvr_US_east.nc
ARGO_GDAC,pfl,aoml/4902349/profiles/D4902349_283.nc|2024-04-09T19:40:59Z|21.28883|-93.27854,aoml/4902349/profiles/D4902349_283.nc,4902349,4902349,21.28883,-93.27854,2024-04-09T19:40:59Z,20240409,2024,1008,1.16,2006.36,35.1368,True,True,True,https://noaa-nws-rtofs-pds.s3.amazonaws.com/rtofs.20240409/rtofs_glo_3dz_f006_6hrly_hvr_US_east.nc
ARGO_GDAC,pfl,aoml/4902349/profiles/D4902349_283.nc|2024-04-09T19:40:59Z|21.28883|-93.27854,aoml/4902349/profiles/D4902349_283.nc,4902349,4902349,21.28883,-93.27854,2024-04-09T19:40:59Z,20240409,2024,406,0.88,49.8,35.125,True,True,True,https://noaa-nws-rtofs-pds.s3.amazonaws.com/rtofs.20240409/rtofs_glo_3dz_f006_6hrly_hvr_US_east.nc
ARGO_GDAC,pfl,aoml/4902349/profiles/D4902349_284.nc|2024-04-19T18:28:58Z|21.44478|-93.17871,aoml/4902349/profiles/D4902349_284.nc,4902349,4902349,21.44478,-93.17871,2024-04-19T18:28:58Z,20240419,2024,1013,1.12,2015.32,22.7838,True,True,True,https://noaa-nws-rtofs-pds.s3.amazonaws.com/rtofs.20240419/rtofs_glo_3dz_f006_6hrly_hvr_US_east.nc
ARGO_GDAC,pfl,aoml/4902349/profiles/D4902349_284.nc|2024-04-19T18:28:58Z|21.44478|-93.17871,aoml/4902349/profiles/D4902349_284.nc,4902349,4902349,21.44478,-93.17871,2024-04-19T18:28:58Z,20240419,2024,411,0.76,49.92,23.1385,True,True,True,https://noaa-nws-rtofs-pds.s3.amazonaws.com/rtofs.20240419/rtofs_glo_3dz_f006_6hrly_hvr_US_east.nc
ARGO_GDAC,pfl,aoml/4902349/profiles/D4902349_285.nc|2024-04-29T17:20:38Z|21.72993|-93.10468,aoml/4902349/profiles/D4902349_285.nc,4902349,4902349,21.72993,-93.10468,2024-04-29T17:20:38Z,20240429,2024,1013,1.2,2015.64,27.7611,True,True,True,https://noaa-nws-rtofs-pds.s3.amazonaws.com/rtofs.20240429/rtofs_glo_3dz_f006_6hrly_hvr_US_east.nc
ARGO_GDAC,pfl,aoml/4902349/profiles/D4902349_285.nc|2024-04-29T17:20:38Z|21.72993|-93.10468,aoml/4902349/profiles/D4902349_285.nc,4902349,4902349,21.72993,-93.10468,2024-04-29T17:20:38Z,20240429,2024,437,0.96,49.8,27.94,True,True,True,https://noaa-nws-rtofs-pds.s3.amazonaws.com/rtofs.20240429/rtofs_glo_3dz_f006_6hrly_hvr_US_east.nc
ARGO_GDAC,pfl,aoml/4902349/profiles/D4902349_286.nc|2024-05-09T16:06:03Z|22.16322|-92.92613,aoml/4902349/profiles/D4902349_286.nc,4902349,4902349,22.16322,-92.92613,2024-05-09T16:06:03Z,20240509,2024,1009,1.16,2007.24,23.5673,True,True,True,https://noaa-nws-rtofs-pds.s3.amazonaws.com/rtofs.20240509/rtofs_glo_3dz_f006_6hrly_hvr_US_east.nc
ARGO_GDAC,pfl,aoml/4902349/profiles/D4902349_286.nc|2024-05-09T16:06:03Z|22.16322|-92.92613,aoml/4902349/profiles/D4902349_286.nc,4902349,4902349,22.16322,-92.92613,2024-05-09T16:06:03Z,20240509,2024,458,0.92,49.96,23.816,True,True,True,https://noaa-nws-rtofs-pds.s3.amazonaws.com/rtofs.20240509/rtofs_glo_3dz_f006_6hrly_hvr_US_east.nc
ARGO_GDAC,pfl,aoml/4902349/profiles/D4902349_287.nc|2024-05-19T15:00:53Z|22.55260|-92.61081,aoml/4902349/profiles/D4902349_287.nc,4902349,4902349,22.5526,-92.61081,2024-05-19T15:00:53Z,20240519,2024,1013,1.08,2015.36,20.7866,True,True,True,https://noaa-nws-rtofs-pds.s3.amazonaws.com/rtofs.20240519/rtofs_glo_3dz_f006_6hrly_hvr_US_east.nc
ARGO_GDAC,pfl,aoml/4902349/profiles/D4902349_287.nc|2024-05-19T15:00:53Z|22.55260|-92.61081,aoml/4902349/profiles/D4902349_287.nc,4902349,4902349,22.5526,-92.61081,2024-05-19T15:00:53Z,20240519,2024,422,0.84,49.88,20.764,True,True,True,https://noaa-nws-rtofs-pds.s3.amazonaws.com/rtofs.20240519/rtofs_glo_3dz_f006_6hrly_hvr_US_east.nc
ARGO_GDAC,pfl,aoml/4902349/profiles/D4902349_288.nc|2024-05-29T13:46:25Z|22.84883|-92.33277,aoml/4902349/profiles/D4902349_288.nc,4902349,4902349,22.84883,-92.33277,2024-05-29T13:46:25Z,20240529,2024,1008,1.16,2005.56,25.1877,True,True,True,https://noaa-nws-rtofs-pds.s3.amazonaws.com/rtofs.20240529/rtofs_glo_3dz_f006_6hrly_hvr_US_east.nc
ARGO_GDAC,pfl,aoml/4902349/profiles/D4902349_288.nc|2024-05-29T13:46:25Z|22.84883|-92.33277,aoml/4902349/profiles/D4902349_288.nc,4902349,4902349,22.84883,-92.33277,2024-05-29T13:46:25Z,20240529,2024,447,0.84,49.88,25.9566,True,True,True,https://noaa-nws-rtofs-pds.s3.amazonaws.com/rtofs.20240529/rtofs_glo_3dz_f006_6hrly_hvr_US_east.nc
ARGO_GDAC,pfl,aoml/4902349/profiles/D4902349_289.nc|2024-06-08T12:38:28Z|23.05654|-92.51404,aoml/4902349/profiles/D4902349_289.nc,4902349,4902349,23.05654,-92.51404,2024-06-08T12:38:28Z,20240608,2024,1008,1.12,2005.8,26.916,True,True,True,https://noaa-nws-rtofs-pds.s3.amazonaws.com/rtofs.20240608/rtofs_glo_3dz_f006_6hrly_hvr_US_east.nc
ARGO_GDAC,pfl,aoml/4902349/profiles/D4902349_289.nc|2024-06-08T12:38:28Z|23.05654|-92.51404,aoml/4902349/profiles/D4902349_289.nc,4902349,4902349,23.05654,-92.51404,2024-06-08T12:38:28Z,20240608,2024,506,0.84,49.96,27.2255,True,True,True,https://noaa-nws-rtofs-pds.s3.amazonaws.com/rtofs.20240608/rtofs_glo_3dz_f006_6hrly_hvr_US_east.nc
ARGO_GDAC,pfl,aoml/4902349/profiles/D4902349_290.nc|2024-06-18T11:37:59Z|23.56420|-92.78359,aoml/4902349/profiles/D4902349_290.nc,4902349,4902349,23.5642,-92.78359,2024-06-18T11:37:59Z,20240618,2024,1014,1.12,2017.12,31.2418,True,True,True,https://noaa-nws-rtofs-pds.s3.amazonaws.com/rtofs.20240618/rtofs_glo_3dz_f006_6hrly_hvr_US_east.nc
ARGO_GDAC,pfl,aoml/4902349/profiles/D4902349_290.nc|2024-06-18T11:37:59Z|23.56420|-92.78359,aoml/4902349/profiles/D4902349_290.nc,4902349,4902349,23.5642,-92.78359,2024-06-18T11:37:59Z,20240618,2024,519,0.84,49.84,31.1911,True,True,True,https://noaa-nws-rtofs-pds.s3.amazonaws.com/rtofs.20240618/rtofs_glo_3dz_f006_6hrly_hvr_US_east.nc
ARGO_GDAC,pfl,aoml/4902349/profiles/D4902349_291.nc|2024-06-28T10:40:49Z|23.85424|-92.54959,aoml/4902349/profiles/D4902349_291.nc,4902349,4902349,23.85424,-92.54959,2024-06-28T10:40:49Z,20240628,2024,1013,1.16,2015.04,26.5955,True,True,True,https://noaa-nws-rtofs-pds.s3.amazonaws.com/rtofs.20240628/rtofs_glo_3dz_f006_6hrly_hvr_US_east.nc
ARGO_GDAC,pfl,aoml/4902349/profiles/D4902349_291.nc|2024-06-28T10:40:49Z|23.85424|-92.54959,aoml/4902349/profiles/D4902349_291.nc,4902349,4902349,23.85424,-92.54959,2024-06-28T10:40:49Z,20240628,2024,452,0.92,50.0,26.72,True,True,True,https://noaa-nws-rtofs-pds.s3.amazonaws.com/rtofs.20240628/rtofs_glo_3dz_f006_6hrly_hvr_US_east.nc
ARGO_GDAC,pfl,aoml/4902349/profiles/D4902349_292.nc|2024-07-08T09:34:42Z|23.88150|-93.49803,aoml/4902349/profiles/D4902349_292.nc,4902349,4902349,23.8815,-93.49803,2024-07-08T09:34:42Z,20240708,2024,1011,1.16,2012.24,44.2884,True,True,True,https://noaa-nws-rtofs-pds.s3.amazonaws.com/rtofs.20240708/rtofs_glo_3dz_f006_6hrly_hvr_US_east.nc
ARGO_GDAC,pfl,aoml/4902349/profiles/D4902349_292.nc|2024-07-08T09:34:42Z|23.88150|-93.49803,aoml/4902349/profiles/D4902349_292.nc,4902349,4902349,23.8815,-93.49803,2024-07-08T09:34:42Z,20240708,2024,458,0.88,49.92,44.6868,True,True,True,https://noaa-nws-rtofs-pds.s3.amazonaws.com/rtofs.20240708/rtofs_glo_3dz_f006_6hrly_hvr_US_east.nc
ARGO_GDAC,pfl,aoml/4902349/profiles/D4902349_293.nc|2024-07-18T08:31:31Z|24.17714|-94.23629,aoml/4902349/profiles/D4902349_293.nc,4902349,4902349,24.17714,-94.23629,2024-07-18T08:31:31Z,20240718,2024,1008,1.08,2006.28,18.5415,True,True,True,https://noaa-nws-rtofs-pds.s3.amazonaws.com/rtofs.20240718/rtofs_glo_3dz_f006_6hrly_hvr_US_east.nc
ARGO_GDAC,pfl,aoml/4902349/profiles/D4902349_293.nc|2024-07-18T08:31:31Z|24.17714|-94.23629,aoml/4902349/profiles/D4902349_293.nc,4902349,4902349,24.17714,-94.23629,2024-07-18T08:31:31Z,20240718,2024,451,0.76,49.96,19.02,True,True,True,https://noaa-nws-rtofs-pds.s3.amazonaws.com/rtofs.20240718/rtofs_glo_3dz_f006_6hrly_hvr_US_east.nc
ARGO_GDAC,pfl,aoml/4902349/profiles/D4902349_294.nc|2024-07-28T07:29:26Z|23.35698|-94.65423,aoml/4902349/profiles/D4902349_294.nc,4902349,4902349,23.35698,-94.65423,2024-07-28T07:29:26Z,20240728,2024,1013,1.2,2016.2,18.6214,True,True,True,https://noaa-nws-rtofs-pds.s3.amazonaws.com/rtofs.20240728/rtofs_glo_3dz_f006_6hrly_hvr_US_east.nc
ARGO_GDAC,pfl,aoml/4902349/profiles/D4902349_294.nc|2024-07-28T07:29:26Z|23.35698|-94.65423,aoml/4902349/profiles/D4902349_294.nc,4902349,4902349,23.35698,-94.65423,2024-07-28T07:29:26Z,20240728,2024,475,0.92,49.84,18.29,True,True,True,https://noaa-nws-rtofs-pds.s3.amazonaws.com/rtofs.20240728/rtofs_glo_3dz_f006_6hrly_hvr_US_east.nc
ARGO_GDAC,pfl,aoml/4902349/profiles/D4902349_295.nc|2024-08-07T06:31:19Z|23.04149|-94.96998,aoml/4902349/profiles/D4902349_295.nc,4902349,4902349,23.04149,-94.96998,2024-08-07T06:31:19Z,20240807,2024,1014,1.16,2017.12,24.6084,True,True,True,https://noaa-nws-rtofs-pds.s3.amazonaws.com/rtofs.20240807/rtofs_glo_3dz_f006_6hrly_hvr_US_east.nc
ARGO_GDAC,pfl,aoml/4902349/profiles/D4902349_295.nc|2024-08-07T06:31:19Z|23.04149|-94.96998,aoml/4902349/profiles/D4902349_295.nc,4902349,4902349,23.04149,-94.96998,2024-08-07T06:31:19Z,20240807,2024,480,0.8,49.88,24.28,True,True,True,https://noaa-nws-rtofs-pds.s3.amazonaws.com/rtofs.20240807/rtofs_glo_3dz_f006_6hrly_hvr_US_east.nc
ARGO_GDAC,pfl,aoml/4902349/profiles/D4902349_296.nc|2024-08-17T05:27:50Z|22.69365|-95.05163,aoml/4902349/profiles/D4902349_296.nc,4902349,4902349,22.69365,-95.05163,2024-08-17T05:27:50Z,20240817,2024,1012,1.12,2014.4,16.853,True,True,True,https://noaa-nws-rtofs-pds.s3.amazonaws.com/rtofs.20240817/rtofs_glo_3dz_f006_6hrly_hvr_US_east.nc
ARGO_GDAC,pfl,aoml/4902349/profiles/D4902349_296.nc|2024-08-17T05:27:50Z|22.69365|-95.05163,aoml/4902349/profiles/D4902349_296.nc,4902349,4902349,22.69365,-95.05163,2024-08-17T05:27:50Z,20240817,2024,448,0.84,49.84,17.394,True,True,True,https://noaa-nws-rtofs-pds.s3.amazonaws.com/rtofs.20240817/rtofs_glo_3dz_f006_6hrly_hvr_US_east.nc
ARGO_GDAC,pfl,aoml/4902349/profiles/D4902349_297.nc|2024-08-27T04:14:23Z|22.34284|-95.17806,aoml/4902349/profiles/D4902349_297.nc,4902349,4902349,22.34284,-95.17806,2024-08-27T04:14:23Z,20240827,2024,1009,1.08,2007.24,21.7164,True,True,True,https://noaa-nws-rtofs-pds.s3.amazonaws.com/rtofs.20240827/rtofs_glo_3dz_f006_6hrly_hvr_US_east.nc
ARGO_GDAC,pfl,aoml/4902349/profiles/D4902349_297.nc|2024-08-27T04:14:23Z|22.34284|-95.17806,aoml/4902349/profiles/D4902349_297.nc,4902349,4902349,22.34284,-95.17806,2024-08-27T04:14:23Z,20240827,2024,502,0.76,49.92,21.8267,True,True,True,https://noaa-nws-rtofs-pds.s3.amazonaws.com/rtofs.20240827/rtofs_glo_3dz_f006_6hrly_hvr_US_east.nc
ARGO_GDAC,pfl,aoml/4902349/profiles/D4902349_298.nc|2024-09-06T02:55:47Z|22.32662|-95.24216,aoml/4902349/profiles/D4902349_298.nc,4902349,4902349,22.32662,-95.24216,2024-09-06T02:55:47Z,20240906,2024,1008,1.16,2006.0,25.04,True,True,True,https://noaa-nws-rtofs-pds.s3.amazonaws.com/rtofs.20240906/rtofs_glo_3dz_f006_6hrly_hvr_US_east.nc
ARGO_GDAC,pfl,aoml/4902349/profiles/D4902349_298.nc|2024-09-06T02:55:47Z|22.32662|-95.24216,aoml/4902349/profiles/D4902349_298.nc,4902349,4902349,22.32662,-95.24216,2024-09-06T02:55:47Z,20240906,2024,446,0.92,49.88,25.6938,True,True,True,https://noaa-nws-rtofs-pds.s3.amazonaws.com/rtofs.20240906/rtofs_glo_3dz_f006_6hrly_hvr_US_east.nc
ARGO_GDAC,pfl,aoml/4902349/profiles/D4902349_299.nc|2024-09-16T01:52:33Z|22.41347|-95.39073,aoml/4902349/profiles/D4902349_299.nc,4902349,4902349,22.41347,-95.39073,2024-09-16T01:52:33Z,20240916,2024,1013,1.12,2015.8,21.4183,True,True,True,https://noaa-nws-rtofs-pds.s3.amazonaws.com/rtofs.20240916/rtofs_glo_3dz_f006_6hrly_hvr_US_east.nc
ARGO_GDAC,pfl,aoml/4902349/profiles/D4902349_299.nc|2024-09-16T01:52:33Z|22.41347|-95.39073,aoml/4902349/profiles/D4902349_299.nc,4902349,4902349,22.41347,-95.39073,2024-09-16T01:52:33Z,20240916,2024,472,0.88,49.92,21.4801,True,True,True,https://noaa-nws-rtofs-pds.s3.amazonaws.com/rtofs.20240916/rtofs_glo_3dz_f006_6hrly_hvr_US_east.nc
ARGO_GDAC,pfl,aoml/4902349/profiles/D4902349_300.nc|2024-09-26T00:42:33Z|22.56689|-95.33205,aoml/4902349/profiles/D4902349_300.nc,4902349,4902349,22.56689,-95.33205,2024-09-26T00:42:33Z,20240926,2024,1008,1.12,2005.32,26.5648,True,True,True,https://noaa-nws-rtofs-pds.s3.amazonaws.com/rtofs.20240926/rtofs_glo_3dz_f006_6hrly_hvr_US_east.nc
ARGO_GDAC,pfl,aoml/4902349/profiles/D4902349_300.nc|2024-09-26T00:42:33Z|22.56689|-95.33205,aoml/4902349/profiles/D4902349_300.nc,4902349,4902349,22.56689,-95.33205,2024-09-26T00:42:33Z,20240926,2024,527,0.84,49.84,26.7886,True,True,True,https://noaa-nws-rtofs-pds.s3.amazonaws.com/rtofs.20240926/rtofs_glo_3dz_f006_6hrly_hvr_US_east.nc
ARGO_GDAC,pfl,aoml/4902349/profiles/D4902349_301.nc|2024-10-05T23:29:01Z|22.62395|-95.09589,aoml/4902349/profiles/D4902349_301.nc,4902349,4902349,22.62395,-95.09589,2024-10-05T23:29:01Z,20241005,2024,1009,1.2,2007.8,16.402,True,True,True,https://noaa-nws-rtofs-pds.s3.amazonaws.com/rtofs.20241005/rtofs_glo_3dz_f006_6hrly_hvr_US_east.nc
ARGO_GDAC,pfl,aoml/4902349/profiles/D4902349_301.nc|2024-10-05T23:29:01Z|22.62395|-95.09589,aoml/4902349/profiles/D4902349_301.nc,4902349,4902349,22.62395,-95.09589,2024-10-05T23:29:01Z,20241005,2024,434,0.88,50.0,16.6033,True,True,True,https://noaa-nws-rtofs-pds.s3.amazonaws.com/rtofs.20241005/rtofs_glo_3dz_f006_6hrly_hvr_US_east.nc
ARGO_GDAC,pfl,aoml/4902349/profiles/D4902349_302.nc|2024-10-15T22:28:15Z|22.25418|-95.18923,aoml/4902349/profiles/D4902349_302.nc,4902349,4902349,22.25418,-95.18923,2024-10-15T22:28:15Z,20241015,2024,1008,1.2,2005.6,15.7735,True,True,True,https://noaa-nws-rtofs-pds.s3.amazonaws.com/rtofs.20241015/rtofs_glo_3dz_f006_6hrly_hvr_US_east.nc
ARGO_GDAC,pfl,aoml/4902349/profiles/D4902349_302.nc|2024-10-15T22:28:15Z|22.25418|-95.18923,aoml/4902349/profiles/D4902349_302.nc,4902349,4902349,22.25418,-95.18923,2024-10-15T22:28:15Z,20241015,2024,477,0.92,49.84,16.0465,True,True,True,https://noaa-nws-rtofs-pds.s3.amazonaws.com/rtofs.20241015/rtofs_glo_3dz_f006_6hrly_hvr_US_east.nc
ARGO_GDAC,pfl,aoml/4902349/profiles/D4902349_303.nc|2024-10-25T21:22:00Z|21.80661|-95.44519,aoml/4902349/profiles/D4902349_303.nc,4902349,4902349,21.80661,-95.44519,2024-10-25T21:22:00Z,20241025,2024,1013,1.16,2015.64,44.1047,True,True,True,https://noaa-nws-rtofs-pds.s3.amazonaws.com/rtofs.20241025/rtofs_glo_3dz_f006_6hrly_hvr_US_east.nc
ARGO_GDAC,pfl,aoml/4902349/profiles/D4902349_303.nc|2024-10-25T21:22:00Z|21.80661|-95.44519,aoml/4902349/profiles/D4902349_303.nc,4902349,4902349,21.80661,-95.44519,2024-10-25T21:22:00Z,20241025,2024,431,0.88,49.92,44.7394,True,True,True,https://noaa-nws-rtofs-pds.s3.amazonaws.com/rtofs.20241025/rtofs_glo_3dz_f006_6hrly_hvr_US_east.nc
ARGO_GDAC,pfl,aoml/4902349/profiles/D4902349_304.nc|2024-11-04T20:15:25Z|21.15232|-95.61884,aoml/4902349/profiles/D4902349_304.nc,4902349,4902349,21.15232,-95.61884,2024-11-04T20:15:25Z,20241104,2024,1014,1.2,2017.12,30.6446,True,True,True,https://noaa-nws-rtofs-pds.s3.amazonaws.com/rtofs.20241104/rtofs_glo_3dz_f006_6hrly_hvr_US_east.nc
ARGO_GDAC,pfl,aoml/4902349/profiles/D4902349_304.nc|2024-11-04T20:15:25Z|21.15232|-95.61884,aoml/4902349/profiles/D4902349_304.nc,4902349,4902349,21.15232,-95.61884,2024-11-04T20:15:25Z,20241104,2024,437,0.8,50.0,30.8931,True,True,True,https://noaa-nws-rtofs-pds.s3.amazonaws.com/rtofs.20241104/rtofs_glo_3dz_f006_6hrly_hvr_US_east.nc
ARGO_GDAC,pfl,aoml/4902349/profiles/D4902349_305.nc|2024-11-14T19:24:41Z|20.64532|-95.68060,aoml/4902349/profiles/D4902349_305.nc,4902349,4902349,20.64532,-95.6806,2024-11-14T19:24:41Z,20241114,2024,1013,1.08,2015.8,19.6417,True,True,True,https://noaa-nws-rtofs-pds.s3.amazonaws.com/rtofs.20241114/rtofs_glo_3dz_f006_6hrly_hvr_US_east.nc
ARGO_GDAC,pfl,aoml/4902349/profiles/D4902349_305.nc|2024-11-14T19:24:41Z|20.64532|-95.68060,aoml/4902349/profiles/D4902349_305.nc,4902349,4902349,20.64532,-95.6806,2024-11-14T19:24:41Z,20241114,2024,553,0.8,49.92,19.0401,True,True,True,https://noaa-nws-rtofs-pds.s3.amazonaws.com/rtofs.20241114/rtofs_glo_3dz_f006_6hrly_hvr_US_east.nc
ARGO_GDAC,pfl,aoml/4902349/profiles/D4902349_306.nc|2024-11-24T18:30:43Z|20.33510|-95.61558,aoml/4902349/profiles/D4902349_306.nc,4902349,4902349,20.3351,-95.61558,2024-11-24T18:30:43Z,20241124,2024,1008,1.12,2005.76,38.1308,True,True,True,https://noaa-nws-rtofs-pds.s3.amazonaws.com/rtofs.20241124/rtofs_glo_3dz_f006_6hrly_hvr_US_east.nc
ARGO_GDAC,pfl,aoml/4902349/profiles/D4902349_306.nc|2024-11-24T18:30:43Z|20.33510|-95.61558,aoml/4902349/profiles/D4902349_306.nc,4902349,4902349,20.3351,-95.61558,2024-11-24T18:30:43Z,20241124,2024,426,0.76,49.88,38.6902,True,True,True,https://noaa-nws-rtofs-pds.s3.amazonaws.com/rtofs.20241124/rtofs_glo_3dz_f006_6hrly_hvr_US_east.nc
ARGO_GDAC,pfl,aoml/4902349/profiles/D4902349_307.nc|2024-12-04T17:34:26Z|20.10851|-95.54599,aoml/4902349/profiles/D4902349_307.nc,4902349,4902349,20.10851,-95.54599,2024-12-04T17:34:26Z,20241204,2024,1014,1.12,2017.36,38.3786,True,True,True,https://noaa-nws-rtofs-pds.s3.amazonaws.com/rtofs.20241204/rtofs_glo_3dz_f006_6hrly_hvr_US_east.nc
ARGO_GDAC,pfl,aoml/4902349/profiles/D4902349_307.nc|2024-12-04T17:34:26Z|20.10851|-95.54599,aoml/4902349/profiles/D4902349_307.nc,4902349,4902349,20.10851,-95.54599,2024-12-04T17:34:26Z,20241204,2024,421,0.76,49.88,39.3871,True,True,True,https://noaa-nws-rtofs-pds.s3.amazonaws.com/rtofs.20241204/rtofs_glo_3dz_f006_6hrly_hvr_US_east.nc
ARGO_GDAC,pfl,aoml/4902349/profiles/D4902349_308.nc|2024-12-14T16:41:14Z|20.01408|-95.56310,aoml/4902349/profiles/D4902349_308.nc,4902349,4902349,20.01408,-95.5631,2024-12-14T16:41:14Z,20241214,2024,1014,1.16,2017.52,45.3673,True,True,True,https://noaa-nws-rtofs-pds.s3.amazonaws.com/rtofs.20241214/rtofs_glo_3dz_f006_6hrly_hvr_US_east.nc
ARGO_GDAC,pfl,aoml/4902349/profiles/D4902349_308.nc|2024-12-14T16:41:14Z|20.01408|-95.56310,aoml/4902349/profiles/D4902349_308.nc,4902349,4902349,20.01408,-95.5631,2024-12-14T16:41:14Z,20241214,2024,411,0.84,49.8,46.1251,True,True,True,https://noaa-nws-rtofs-pds.s3.amazonaws.com/rtofs.20241214/rtofs_glo_3dz_f006_6hrly_hvr_US_east.nc
ARGO_GDAC,pfl,aoml/4902349/profiles/D4902349_309.nc|2024-12-24T15:47:26Z|20.00545|-95.48889,aoml/4902349/profiles/D4902349_309.nc,4902349,4902349,20.00545,-95.48889,2024-12-24T15:47:26Z,20241224,2024,1008,1.12,2006.08,46.8066,True,True,True,https://noaa-nws-rtofs-pds.s3.amazonaws.com/rtofs.20241224/rtofs_glo_3dz_f006_6hrly_hvr_US_east.nc
ARGO_GDAC,pfl,aoml/4902349/profiles/D4902349_309.nc|2024-12-24T15:47:26Z|20.00545|-95.48889,aoml/4902349/profiles/D4902349_309.nc,4902349,4902349,20.00545,-95.48889,2024-12-24T15:47:26Z,20241224,2024,461,0.8,49.92,47.328,True,True,True,https://noaa-nws-rtofs-pds.s3.amazonaws.com/rtofs.20241224/rtofs_glo_3dz_f006_6hrly_hvr_US_east.nc
ARGO_GDAC,pfl,aoml/4902349/profiles/D4902349_310.nc|2025-01-03T14:55:38Z|20.30261|-95.65543,aoml/4902349/profiles/D4902349_310.nc,4902349,4902349,20.30261,-95.65543,2025-01-03T14:55:38Z,20250103,2025,1014,1.12,2017.04,40.0271,True,True,True,https://noaa-nws-rtofs-pds.s3.amazonaws.com/rtofs.20250103/rtofs_glo_3dz_f006_6hrly_hvr_US_east.nc
ARGO_GDAC,pfl,aoml/4902349/profiles/D4902349_310.nc|2025-01-03T14:55:38Z|20.30261|-95.65543,aoml/4902349/profiles/D4902349_310.nc,4902349,4902349,20.30261,-95.65543,2025-01-03T14:55:38Z,20250103,2025,469,0.76,49.92,40.1314,True,True,True,https://noaa-nws-rtofs-pds.s3.amazonaws.com/rtofs.20250103/rtofs_glo_3dz_f006_6hrly_hvr_US_east.nc
ARGO_GDAC,pfl,aoml/4902349/profiles/D4902349_311.nc|2025-01-13T13:59:21Z|20.41209|-95.52853,aoml/4902349/profiles/D4902349_311.nc,4902349,4902349,20.41209,-95.52853,2025-01-13T13:59:21Z,20250113,2025,1009,1.08,2007.28,48.2707,True,True,True,https://noaa-nws-rtofs-pds.s3.amazonaws.com/rtofs.20250113/rtofs_glo_3dz_f006_6hrly_hvr_US_east.nc
ARGO_GDAC,pfl,aoml/4902349/profiles/D4902349_311.nc|2025-01-13T13:59:21Z|20.41209|-95.52853,aoml/4902349/profiles/D4902349_311.nc,4902349,4902349,20.41209,-95.52853,2025-01-13T13:59:21Z,20250113,2025,416,0.84,49.84,48.64,True,True,True,https://noaa-nws-rtofs-pds.s3.amazonaws.com/rtofs.20250113/rtofs_glo_3dz_f006_6hrly_hvr_US_east.nc
ARGO_GDAC,pfl,aoml/4902349/profiles/D4902349_312.nc|2025-01-23T12:57:25Z|19.96879|-95.03418,aoml/4902349/profiles/D4902349_312.nc,4902349,4902349,19.96879,-95.03418,2025-01-23T12:57:25Z,20250123,2025,1012,1.04,2014.24,59.0604,True,True,True,https://noaa-nws-rtofs-pds.s3.amazonaws.com/rtofs.20250123/rtofs_glo_3dz_f006_6hrly_hvr_US_east.nc
ARGO_GDAC,pfl,aoml/4902349/profiles/D4902349_312.nc|2025-01-23T12:57:25Z|19.96879|-95.03418,aoml/4902349/profiles/D4902349_312.nc,4902349,4902349,19.96879,-95.03418,2025-01-23T12:57:25Z,20250123,2025,407,0.84,49.72,,False,False,True,https://noaa-nws-rtofs-pds.s3.amazonaws.com/rtofs.20250123/rtofs_glo_3dz_f006_6hrly_hvr_US_east.nc
ARGO_GDAC,pfl,aoml/4902349/profiles/D4902349_313.nc|2025-02-02T11:58:31Z|20.21102|-94.80438,aoml/4902349/profiles/D4902349_313.nc,4902349,4902349,20.21102,-94.80438,2025-02-02T11:58:31Z,20250202,2025,1009,1.08,2007.48,28.8388,True,True,True,https://noaa-nws-rtofs-pds.s3.amazonaws.com/rtofs.20250202/rtofs_glo_3dz_f006_6hrly_hvr_US_east.nc
ARGO_GDAC,pfl,aoml/4902349/profiles/D4902349_313.nc|2025-02-02T11:58:31Z|20.21102|-94.80438,aoml/4902349/profiles/D4902349_313.nc,4902349,4902349,20.21102,-94.80438,2025-02-02T11:58:31Z,20250202,2025,441,0.8,49.84,28.545,True,True,True,https://noaa-nws-rtofs-pds.s3.amazonaws.com/rtofs.20250202/rtofs_glo_3dz_f006_6hrly_hvr_US_east.nc
ARGO_GDAC,pfl,aoml/4902349/profiles/D4902349_314.nc|2025-02-12T11:09:00Z|20.33276|-94.78141,aoml/4902349/profiles/D4902349_314.nc,4902349,4902349,20.33276,-94.78141,2025-02-12T11:09:00Z,20250212,2025,1009,1.16,2007.32,14.5871,True,True,True,https://noaa-nws-rtofs-pds.s3.amazonaws.com/rtofs.20250212/rtofs_glo_3dz_f006_6hrly_hvr_US_east.nc
ARGO_GDAC,pfl,aoml/4902349/profiles/D4902349_314.nc|2025-02-12T11:09:00Z|20.33276|-94.78141,aoml/4902349/profiles/D4902349_314.nc,4902349,4902349,20.33276,-94.78141,2025-02-12T11:09:00Z,20250212,2025,442,0.88,50.0,14.4332,True,True,True,https://noaa-nws-rtofs-pds.s3.amazonaws.com/rtofs.20250212/rtofs_glo_3dz_f006_6hrly_hvr_US_east.nc
ARGO_GDAC,pfl,aoml/4902349/profiles/D4902349_315.nc|2025-02-22T10:36:27Z|20.13201|-94.92737,aoml/4902349/profiles/D4902349_315.nc,4902349,4902349,20.13201,-94.92737,2025-02-22T10:36:27Z,20250222,2025,1009,1.12,2007.68,24.4438,True,True,True,https://noaa-nws-rtofs-pds.s3.amazonaws.com/rtofs.20250222/rtofs_glo_3dz_f006_6hrly_hvr_US_east.nc
ARGO_GDAC,pfl,aoml/4902349/profiles/D4902349_315.nc|2025-02-22T10:36:27Z|20.13201|-94.92737,aoml/4902349/profiles/D4902349_315.nc,4902349,4902349,20.13201,-94.92737,2025-02-22T10:36:27Z,20250222,2025,437,0.84,49.84,24.5409,True,True,True,https://noaa-nws-rtofs-pds.s3.amazonaws.com/rtofs.20250222/rtofs_glo_3dz_f006_6hrly_hvr_US_east.nc
ARGO_GDAC,pfl,aoml/4902349/profiles/D4902349_316.nc|2025-03-04T10:12:36Z|20.14888|-95.14916,aoml/4902349/profiles/D4902349_316.nc,4902349,4902349,20.14888,-95.14916,2025-03-04T10:12:36Z,20250304,2025,1015,1.12,2019.56,16.8744,True,True,True,https://noaa-nws-rtofs-pds.s3.amazonaws.com/rtofs.20250304/rtofs_glo_3dz_f006_6hrly_hvr_US_east.nc
ARGO_GDAC,pfl,aoml/4902349/profiles/D4902349_316.nc|2025-03-04T10:12:36Z|20.14888|-95.14916,aoml/4902349/profiles/D4902349_316.nc,4902349,4902349,20.14888,-95.14916,2025-03-04T10:12:36Z,20250304,2025,423,0.8,49.8,17.1183,True,True,True,https://noaa-nws-rtofs-pds.s3.amazonaws.com/rtofs.20250304/rtofs_glo_3dz_f006_6hrly_hvr_US_east.nc
ARGO_GDAC,pfl,aoml/4902349/profiles/D4902349_317.nc|2025-03-14T10:20:05Z|20.27737|-94.76465,aoml/4902349/profiles/D4902349_317.nc,4902349,4902349,20.27737,-94.76465,2025-03-14T10:20:05Z,20250314,2025,1017,1.12,2023.44,36.3805,True,True,True,https://noaa-nws-rtofs-pds.s3.amazonaws.com/rtofs.20250314/rtofs_glo_3dz_f006_6hrly_hvr_US_east.nc
ARGO_GDAC,pfl,aoml/4902349/profiles/D4902349_317.nc|2025-03-14T10:20:05Z|20.27737|-94.76465,aoml/4902349/profiles/D4902349_317.nc,4902349,4902349,20.27737,-94.76465,2025-03-14T10:20:05Z,20250314,2025,429,0.76,50.0,36.6781,True,True,True,https://noaa-nws-rtofs-pds.s3.amazonaws.com/rtofs.20250314/rtofs_glo_3dz_f006_6hrly_hvr_US_east.nc
ARGO_GDAC,pfl,aoml/4902350/profiles/D4902350_312.nc|2024-01-09T07:35:36Z|22.52797|-93.09854,aoml/4902350/profiles/D4902350_312.nc,4902350,4902350,22.52797,-93.09854,2024-01-09T07:35:36Z,20240109,2024,1009,1.16,2007.0,100.8292,True,False,False,
ARGO_GDAC,pfl,aoml/4902350/profiles/D4902350_312.nc|2024-01-09T07:35:36Z|22.52797|-93.09854,aoml/4902350/profiles/D4902350_312.nc,4902350,4902350,22.52797,-93.09854,2024-01-09T07:35:36Z,20240109,2024,421,0.88,49.96,,False,False,False,
ARGO_GDAC,pfl,aoml/4902350/profiles/D4902350_313.nc|2024-01-19T13:25:50Z|22.90252|-92.97926,aoml/4902350/profiles/D4902350_313.nc,4902350,4902350,22.90252,-92.97926,2024-01-19T13:25:50Z,20240119,2024,1012,1.16,2013.08,101.0313,True,False,False,
ARGO_GDAC,pfl,aoml/4902350/profiles/D4902350_313.nc|2024-01-19T13:25:50Z|22.90252|-92.97926,aoml/4902350/profiles/D4902350_313.nc,4902350,4902350,22.90252,-92.97926,2024-01-19T13:25:50Z,20240119,2024,382,0.84,49.84,,False,False,False,
ARGO_GDAC,pfl,aoml/4902350/profiles/D4902350_314.nc|2024-01-29T19:08:21Z|23.22650|-93.09622,aoml/4902350/profiles/D4902350_314.nc,4902350,4902350,23.2265,-93.09622,2024-01-29T19:08:21Z,20240129,2024,1009,1.08,2007.88,110.2056,True,False,True,https://noaa-nws-rtofs-pds.s3.amazonaws.com/rtofs.20240129/rtofs_glo_3dz_f006_6hrly_hvr_US_east.nc
ARGO_GDAC,pfl,aoml/4902350/profiles/D4902350_314.nc|2024-01-29T19:08:21Z|23.22650|-93.09622,aoml/4902350/profiles/D4902350_314.nc,4902350,4902350,23.2265,-93.09622,2024-01-29T19:08:21Z,20240129,2024,354,0.84,49.84,,False,False,True,https://noaa-nws-rtofs-pds.s3.amazonaws.com/rtofs.20240129/rtofs_glo_3dz_f006_6hrly_hvr_US_east.nc
ARGO_GDAC,pfl,aoml/4902350/profiles/D4902350_315.nc|2024-02-09T00:55:27Z|23.46314|-93.34897,aoml/4902350/profiles/D4902350_315.nc,4902350,4902350,23.46314,-93.34897,2024-02-09T00:55:27Z,20240209,2024,1008,1.08,2005.64,134.7644,True,False,True,https://noaa-nws-rtofs-pds.s3.amazonaws.com/rtofs.20240209/rtofs_glo_3dz_f006_6hrly_hvr_US_east.nc
ARGO_GDAC,pfl,aoml/4902350/profiles/D4902350_315.nc|2024-02-09T00:55:27Z|23.46314|-93.34897,aoml/4902350/profiles/D4902350_315.nc,4902350,4902350,23.46314,-93.34897,2024-02-09T00:55:27Z,20240209,2024,405,0.8,49.96,,False,False,True,https://noaa-nws-rtofs-pds.s3.amazonaws.com/rtofs.20240209/rtofs_glo_3dz_f006_6hrly_hvr_US_east.nc
ARGO_GDAC,pfl,aoml/4902350/profiles/D4902350_316.nc|2024-02-19T06:35:25Z|23.49777|-93.51235,aoml/4902350/profiles/D4902350_316.nc,4902350,4902350,23.49777,-93.51235,2024-02-19T06:35:25Z,20240219,2024,1009,1.16,2007.76,128.564,True,False,True,https://noaa-nws-rtofs-pds.s3.amazonaws.com/rtofs.20240219/rtofs_glo_3dz_f006_6hrly_hvr_US_east.nc
ARGO_GDAC,pfl,aoml/4902350/profiles/D4902350_316.nc|2024-02-19T06:35:25Z|23.49777|-93.51235,aoml/4902350/profiles/D4902350_316.nc,4902350,4902350,23.49777,-93.51235,2024-02-19T06:35:25Z,20240219,2024,362,0.84,49.84,,False,False,True,https://noaa-nws-rtofs-pds.s3.amazonaws.com/rtofs.20240219/rtofs_glo_3dz_f006_6hrly_hvr_US_east.nc
ARGO_GDAC,pfl,aoml/4902350/profiles/D4902350_317.nc|2024-02-29T12:30:02Z|23.60964|-93.09839,aoml/4902350/profiles/D4902350_317.nc,4902350,4902350,23.60964,-93.09839,2024-02-29T12:30:02Z,20240229,2024,1008,1.16,2005.08,47.5563,True,True,True,https://noaa-nws-rtofs-pds.s3.amazonaws.com/rtofs.20240229/rtofs_glo_3dz_f006_6hrly_hvr_US_east.nc
ARGO_GDAC,pfl,aoml/4902350/profiles/D4902350_317.nc|2024-02-29T12:30:02Z|23.60964|-93.09839,aoml/4902350/profiles/D4902350_317.nc,4902350,4902350,23.60964,-93.09839,2024-02-29T12:30:02Z,20240229,2024,416,0.96,49.88,46.66,True,True,True,https://noaa-nws-rtofs-pds.s3.amazonaws.com/rtofs.20240229/rtofs_glo_3dz_f006_6hrly_hvr_US_east.nc
ARGO_GDAC,pfl,aoml/4902350/profiles/D4902350_318.nc|2024-03-10T18:07:47Z|24.54332|-93.05053,aoml/4902350/profiles/D4902350_318.nc,4902350,4902350,24.54332,-93.05053,2024-03-10T18:07:47Z,20240310,2024,1012,1.12,2013.04,53.2016,True,True,True,https://noaa-nws-rtofs-pds.s3.amazonaws.com/rtofs.20240310/rtofs_glo_3dz_f006_6hrly_hvr_US_east.nc
ARGO_GDAC,pfl,aoml/4902350/profiles/D4902350_318.nc|2024-03-10T18:07:47Z|24.54332|-93.05053,aoml/4902350/profiles/D4902350_318.nc,4902350,4902350,24.54332,-93.05053,2024-03-10T18:07:47Z,20240310,2024,418,0.8,49.96,,False,False,True,https://noaa-nws-rtofs-pds.s3.amazonaws.com/rtofs.20240310/rtofs_glo_3dz_f006_6hrly_hvr_US_east.nc
ARGO_GDAC,pfl,aoml/4902350/profiles/D4902350_319.nc|2024-03-20T23:57:57Z|24.17044|-92.89293,aoml/4902350/profiles/D4902350_319.nc,4902350,4902350,24.17044,-92.89293,2024-03-20T23:57:57Z,20240320,2024,1009,1.12,2007.56,63.9506,True,True,True,https://noaa-nws-rtofs-pds.s3.amazonaws.com/rtofs.20240320/rtofs_glo_3dz_f006_6hrly_hvr_US_east.nc
ARGO_GDAC,pfl,aoml/4902350/profiles/D4902350_319.nc|2024-03-20T23:57:57Z|24.17044|-92.89293,aoml/4902350/profiles/D4902350_319.nc,4902350,4902350,24.17044,-92.89293,2024-03-20T23:57:57Z,20240320,2024,386,0.68,49.8,,False,False,True,https://noaa-nws-rtofs-pds.s3.amazonaws.com/rtofs.20240320/rtofs_glo_3dz_f006_6hrly_hvr_US_east.nc
ARGO_GDAC,pfl,aoml/4902350/profiles/D4902350_320.nc|2024-03-31T05:53:24Z|24.26394|-92.56818,aoml/4902350/profiles/D4902350_320.nc,4902350,4902350,24.26394,-92.56818,2024-03-31T05:53:24Z,20240331,2024,1011,1.08,2011.08,76.6105,True,True,True,https://noaa-nws-rtofs-pds.s3.amazonaws.com/rtofs.20240331/rtofs_glo_3dz_f006_6hrly_hvr_US_east.nc
ARGO_GDAC,pfl,aoml/4902350/profiles/D4902350_320.nc|2024-03-31T05:53:24Z|24.26394|-92.56818,aoml/4902350/profiles/D4902350_320.nc,4902350,4902350,24.26394,-92.56818,2024-03-31T05:53:24Z,20240331,2024,404,0.76,50.0,,False,False,True,https://noaa-nws-rtofs-pds.s3.amazonaws.com/rtofs.20240331/rtofs_glo_3dz_f006_6hrly_hvr_US_east.nc
ARGO_GDAC,pfl,aoml/4902350/profiles/D4902350_321.nc|2024-04-10T11:53:14Z|23.90940|-93.49597,aoml/4902350/profiles/D4902350_321.nc,4902350,4902350,23.9094,-93.49597,2024-04-10T11:53:14Z,20240410,2024,1009,1.08,2007.92,62.0092,True,True,True,https://noaa-nws-rtofs-pds.s3.amazonaws.com/rtofs.20240410/rtofs_glo_3dz_f006_6hrly_hvr_US_east.nc
ARGO_GDAC,pfl,aoml/4902350/profiles/D4902350_321.nc|2024-04-10T11:53:14Z|23.90940|-93.49597,aoml/4902350/profiles/D4902350_321.nc,4902350,4902350,23.9094,-93.49597,2024-04-10T11:53:14Z,20240410,2024,460,0.72,49.96,,False,False,True,https://noaa-nws-rtofs-pds.s3.amazonaws.com/rtofs.20240410/rtofs_glo_3dz_f006_6hrly_hvr_US_east.nc
ARGO_GDAC,pfl,aoml/4902350/profiles/D4902350_322.nc|2024-04-20T17:54:26Z|23.16050|-94.64420,aoml/4902350/profiles/D4902350_322.nc,4902350,4902350,23.1605,-94.6442,2024-04-20T17:54:26Z,20240420,2024,1014,1.12,2017.88,17.6714,True,True,True,https://noaa-nws-rtofs-pds.s3.amazonaws.com/rtofs.20240420/rtofs_glo_3dz_f006_6hrly_hvr_US_east.nc
ARGO_GDAC,pfl,aoml/4902350/profiles/D4902350_322.nc|2024-04-20T17:54:26Z|23.16050|-94.64420,aoml/4902350/profiles/D4902350_322.nc,4902350,4902350,23.1605,-94.6442,2024-04-20T17:54:26Z,20240420,2024,377,0.84,49.92,17.5108,True,True,True,https://noaa-nws-rtofs-pds.s3.amazonaws.com/rtofs.20240420/rtofs_glo_3dz_f006_6hrly_hvr_US_east.nc
ARGO_GDAC,pfl,aoml/4902350/profiles/D4902350_323.nc|2024-04-30T23:56:16Z|22.47061|-95.06786,aoml/4902350/profiles/D4902350_323.nc,4902350,4902350,22.47061,-95.06786,2024-04-30T23:56:16Z,20240430,2024,1009,1.16,2007.28,16.3477,True,True,True,https://noaa-nws-rtofs-pds.s3.amazonaws.com/rtofs.20240430/rtofs_glo_3dz_f006_6hrly_hvr_US_east.nc
ARGO_GDAC,pfl,aoml/4902350/profiles/D4902350_323.nc|2024-04-30T23:56:16Z|22.47061|-95.06786,aoml/4902350/profiles/D4902350_323.nc,4902350,4902350,22.47061,-95.06786,2024-04-30T23:56:16Z,20240430,2024,446,0.84,49.88,16.47,True,True,True,https://noaa-nws-rtofs-pds.s3.amazonaws.com/rtofs.20240430/rtofs_glo_3dz_f006_6hrly_hvr_US_east.nc
ARGO_GDAC,pfl,aoml/4902350/profiles/D4902350_324.nc|2024-05-11T06:03:48Z|21.93967|-95.20976,aoml/4902350/profiles/D4902350_324.nc,4902350,4902350,21.93967,-95.20976,2024-05-11T06:03:48Z,20240511,2024,1009,1.04,2007.04,26.7448,True,True,True,https://noaa-nws-rtofs-pds.s3.amazonaws.com/rtofs.20240511/rtofs_glo_3dz_f006_6hrly_hvr_US_east.nc
ARGO_GDAC,pfl,aoml/4902350/profiles/D4902350_324.nc|2024-05-11T06:03:48Z|21.93967|-95.20976,aoml/4902350/profiles/D4902350_324.nc,4902350,4902350,21.93967,-95.20976,2024-05-11T06:03:48Z,20240511,2024,409,0.72,49.84,26.1286,True,True,True,https://noaa-nws-rtofs-pds.s3.amazonaws.com/rtofs.20240511/rtofs_glo_3dz_f006_6hrly_hvr_US_east.nc
ARGO_GDAC,pfl,aoml/4902350/profiles/D4902350_325.nc|2024-05-21T12:10:32Z|21.60131|-95.39089,aoml/4902350/profiles/D4902350_325.nc,4902350,4902350,21.60131,-95.39089,2024-05-21T12:10:32Z,20240521,2024,1010,1.16,2009.4,15.5564,True,True,True,https://noaa-nws-rtofs-pds.s3.amazonaws.com/rtofs.20240521/rtofs_glo_3dz_f006_6hrly_hvr_US_east.nc
ARGO_GDAC,pfl,aoml/4902350/profiles/D4902350_325.nc|2024-05-21T12:10:32Z|21.60131|-95.39089,aoml/4902350/profiles/D4902350_325.nc,4902350,4902350,21.60131,-95.39089,2024-05-21T12:10:32Z,20240521,2024,442,0.8,49.96,15.8289,True,True,True,https://noaa-nws-rtofs-pds.s3.amazonaws.com/rtofs.20240521/rtofs_glo_3dz_f006_6hrly_hvr_US_east.nc
ARGO_GDAC,pfl,aoml/4902350/profiles/D4902350_326.nc|2024-05-31T18:34:42Z|21.57792|-95.43947,aoml/4902350/profiles/D4902350_326.nc,4902350,4902350,21.57792,-95.43947,2024-05-31T18:34:42Z,20240531,2024,1009,1.2,2007.96,20.3027,True,True,True,https://noaa-nws-rtofs-pds.s3.amazonaws.com/rtofs.20240531/rtofs_glo_3dz_f006_6hrly_hvr_US_east.nc
ARGO_GDAC,pfl,aoml/4902350/profiles/D4902350_326.nc|2024-05-31T18:34:42Z|21.57792|-95.43947,aoml/4902350/profiles/D4902350_326.nc,4902350,4902350,21.57792,-95.43947,2024-05-31T18:34:42Z,20240531,2024,444,0.92,49.96,21.2543,True,True,True,https://noaa-nws-rtofs-pds.s3.amazonaws.com/rtofs.20240531/rtofs_glo_3dz_f006_6hrly_hvr_US_east.nc
ARGO_GDAC,pfl,aoml/4902351/profiles/D4902351_278.nc|2024-01-08T10:27:41Z|23.47914|-90.32395,aoml/4902351/profiles/D4902351_278.nc,4902351,4902351,23.47914,-90.32395,2024-01-08T10:27:41Z,20240108,2024,1010,1.04,2009.24,97.2386,True,True,False,
ARGO_GDAC,pfl,aoml/4902351/profiles/D4902351_278.nc|2024-01-08T10:27:41Z|23.47914|-90.32395,aoml/4902351/profiles/D4902351_278.nc,4902351,4902351,23.47914,-90.32395,2024-01-08T10:27:41Z,20240108,2024,329,0.64,49.68,,False,False,False,
ARGO_GDAC,pfl,aoml/4902351/profiles/D4902351_279.nc|2024-01-18T09:21:52Z|23.40424|-90.40297,aoml/4902351/profiles/D4902351_279.nc,4902351,4902351,23.40424,-90.40297,2024-01-18T09:21:52Z,20240118,2024,1012,1.12,2013.28,68.9854,True,True,False,
ARGO_GDAC,pfl,aoml/4902351/profiles/D4902351_279.nc|2024-01-18T09:21:52Z|23.40424|-90.40297,aoml/4902351/profiles/D4902351_279.nc,4902351,4902351,23.40424,-90.40297,2024-01-18T09:21:52Z,20240118,2024,397,0.84,49.84,,False,False,False,
ARGO_GDAC,pfl,aoml/4902351/profiles/D4902351_280.nc|2024-01-28T08:55:25Z|23.52875|-90.11685,aoml/4902351/profiles/D4902351_280.nc,4902351,4902351,23.52875,-90.11685,2024-01-28T08:55:25Z,20240128,2024,756,1.2,1502.56,22.6594,True,True,True,https://noaa-nws-rtofs-pds.s3.amazonaws.com/rtofs.20240128/rtofs_glo_3dz_f006_6hrly_hvr_US_east.nc
ARGO_GDAC,pfl,aoml/4902351/profiles/D4902351_280.nc|2024-01-28T08:55:25Z|23.52875|-90.11685,aoml/4902351/profiles/D4902351_280.nc,4902351,4902351,23.52875,-90.11685,2024-01-28T08:55:25Z,20240128,2024,453,0.92,49.88,22.8373,True,True,True,https://noaa-nws-rtofs-pds.s3.amazonaws.com/rtofs.20240128/rtofs_glo_3dz_f006_6hrly_hvr_US_east.nc
ARGO_GDAC,pfl,aoml/4902351/profiles/D4902351_281.nc|2024-02-07T07:41:34Z|23.62761|-90.05133,aoml/4902351/profiles/D4902351_281.nc,4902351,4902351,23.62761,-90.05133,2024-02-07T07:41:34Z,20240207,2024,1008,1.04,2005.56,54.0879,True,True,True,https://noaa-nws-rtofs-pds.s3.amazonaws.com/rtofs.20240207/rtofs_glo_3dz_f006_6hrly_hvr_US_east.nc
ARGO_GDAC,pfl,aoml/4902351/profiles/D4902351_281.nc|2024-02-07T07:41:34Z|23.62761|-90.05133,aoml/4902351/profiles/D4902351_281.nc,4902351,4902351,23.62761,-90.05133,2024-02-07T07:41:34Z,20240207,2024,389,0.72,49.8,,False,False,True,https://noaa-nws-rtofs-pds.s3.amazonaws.com/rtofs.20240207/rtofs_glo_3dz_f006_6hrly_hvr_US_east.nc
ARGO_GDAC,pfl,aoml/4902351/profiles/D4902351_282.nc|2024-02-17T06:39:19Z|23.54525|-90.53672,aoml/4902351/profiles/D4902351_282.nc,4902351,4902351,23.54525,-90.53672,2024-02-17T06:39:19Z,20240217,2024,1012,1.12,2013.76,62.2133,True,True,True,https://noaa-nws-rtofs-pds.s3.amazonaws.com/rtofs.20240217/rtofs_glo_3dz_f006_6hrly_hvr_US_east.nc
ARGO_GDAC,pfl,aoml/4902351/profiles/D4902351_282.nc|2024-02-17T06:39:19Z|23.54525|-90.53672,aoml/4902351/profiles/D4902351_282.nc,4902351,4902351,23.54525,-90.53672,2024-02-17T06:39:19Z,20240217,2024,409,0.8,49.92,,False,False,True,https://noaa-nws-rtofs-pds.s3.amazonaws.com/rtofs.20240217/rtofs_glo_3dz_f006_6hrly_hvr_US_east.nc
ARGO_GDAC,pfl,aoml/4902351/profiles/D4902351_283.nc|2024-02-27T05:30:23Z|23.38697|-90.52570,aoml/4902351/profiles/D4902351_283.nc,4902351,4902351,23.38697,-90.5257,2024-02-27T05:30:23Z,20240227,2024,1008,1.16,2005.4,66.8288,True,True,True,https://noaa-nws-rtofs-pds.s3.amazonaws.com/rtofs.20240227/rtofs_glo_3dz_f006_6hrly_hvr_US_east.nc
ARGO_GDAC,pfl,aoml/4902351/profiles/D4902351_283.nc|2024-02-27T05:30:23Z|23.38697|-90.52570,aoml/4902351/profiles/D4902351_283.nc,4902351,4902351,23.38697,-90.5257,2024-02-27T05:30:23Z,20240227,2024,379,0.84,49.76,,False,False,True,https://noaa-nws-rtofs-pds.s3.amazonaws.com/rtofs.20240227/rtofs_glo_3dz_f006_6hrly_hvr_US_east.nc
ARGO_GDAC,pfl,aoml/4902351/profiles/D4902351_284.nc|2024-03-08T04:19:02Z|23.47195|-90.44373,aoml/4902351/profiles/D4902351_284.nc,4902351,4902351,23.47195,-90.44373,2024-03-08T04:19:02Z,20240308,2024,1008,1.12,2005.48,18.6579,True,True,True,https://noaa-nws-rtofs-pds.s3.amazonaws.com/rtofs.20240308/rtofs_glo_3dz_f006_6hrly_hvr_US_east.nc
ARGO_GDAC,pfl,aoml/4902351/profiles/D4902351_284.nc|2024-03-08T04:19:02Z|23.47195|-90.44373,aoml/4902351/profiles/D4902351_284.nc,4902351,4902351,23.47195,-90.44373,2024-03-08T04:19:02Z,20240308,2024,445,0.84,49.84,18.9219,True,True,True,https://noaa-nws-rtofs-pds.s3.amazonaws.com/rtofs.20240308/rtofs_glo_3dz_f006_6hrly_hvr_US_east.nc
ARGO_GDAC,pfl,aoml/4902351/profiles/D4902351_285.nc|2024-03-18T03:07:15Z|23.71260|-90.41304,aoml/4902351/profiles/D4902351_285.nc,4902351,4902351,23.7126,-90.41304,2024-03-18T03:07:15Z,20240318,2024,1008,1.08,2005.88,14.2742,True,True,True,https://noaa-nws-rtofs-pds.s3.amazonaws.com/rtofs.20240318/rtofs_glo_3dz_f006_6hrly_hvr_US_east.nc
ARGO_GDAC,pfl,aoml/4902351/profiles/D4902351_285.nc|2024-03-18T03:07:15Z|23.71260|-90.41304,aoml/4902351/profiles/D4902351_285.nc,4902351,4902351,23.7126,-90.41304,2024-03-18T03:07:15Z,20240318,2024,409,0.76,49.84,13.92,True,True,True,https://noaa-nws-rtofs-pds.s3.amazonaws.com/rtofs.20240318/rtofs_glo_3dz_f006_6hrly_hvr_US_east.nc
ARGO_GDAC,pfl,aoml/4902351/profiles/D4902351_286.nc|2024-03-28T01:49:28Z|23.79127|-91.15434,aoml/4902351/profiles/D4902351_286.nc,4902351,4902351,23.79127,-91.15434,2024-03-28T01:49:28Z,20240328,2024,1009,1.12,2007.48,47.6522,True,True,True,https://noaa-nws-rtofs-pds.s3.amazonaws.com/rtofs.20240328/rtofs_glo_3dz_f006_6hrly_hvr_US_east.nc
ARGO_GDAC,pfl,aoml/4902351/profiles/D4902351_286.nc|2024-03-28T01:49:28Z|23.79127|-91.15434,aoml/4902351/profiles/D4902351_286.nc,4902351,4902351,23.79127,-91.15434,2024-03-28T01:49:28Z,20240328,2024,400,0.8,49.92,47.65,True,True,True,https://noaa-nws-rtofs-pds.s3.amazonaws.com/rtofs.20240328/rtofs_glo_3dz_f006_6hrly_hvr_US_east.nc
ARGO_GDAC,pfl,aoml/4902351/profiles/D4902351_287.nc|2024-04-07T00:36:21Z|24.05969|-92.31173,aoml/4902351/profiles/D4902351_287.nc,4902351,4902351,24.05969,-92.31173,2024-04-07T00:36:21Z,20240407,2024,1009,1.08,2007.0,23.0203,True,True,True,https://noaa-nws-rtofs-pds.s3.amazonaws.com/rtofs.20240407/rtofs_glo_3dz_f006_6hrly_hvr_US_east.nc
ARGO_GDAC,pfl,aoml/4902351/profiles/D4902351_287.nc|2024-04-07T00:36:21Z|24.05969|-92.31173,aoml/4902351/profiles/D4902351_287.nc,4902351,4902351,24.05969,-92.31173,2024-04-07T00:36:21Z,20240407,2024,372,0.72,49.8,22.3919,True,True,True,https://noaa-nws-rtofs-pds.s3.amazonaws.com/rtofs.20240407/rtofs_glo_3dz_f006_6hrly_hvr_US_east.nc
ARGO_GDAC,pfl,aoml/4902351/profiles/D4902351_288.nc|2024-04-16T23:31:14Z|23.98452|-93.04097,aoml/4902351/profiles/D4902351_288.nc,4902351,4902351,23.98452,-93.04097,2024-04-16T23:31:14Z,20240416,2024,1008,1.12,2005.52,24.7746,True,True,True,https://noaa-nws-rtofs-pds.s3.amazonaws.com/rtofs.20240416/rtofs_glo_3dz_f006_6hrly_hvr_US_east.nc
ARGO_GDAC,pfl,aoml/4902351/profiles/D4902351_288.nc|2024-04-16T23:31:14Z|23.98452|-93.04097,aoml/4902351/profiles/D4902351_288.nc,4902351,4902351,23.98452,-93.04097,2024-04-16T23:31:14Z,20240416,2024,394,0.8,49.8,24.5,True,True,True,https://noaa-nws-rtofs-pds.s3.amazonaws.com/rtofs.20240416/rtofs_glo_3dz_f006_6hrly_hvr_US_east.nc
ARGO_GDAC,pfl,aoml/4902351/profiles/D4902351_289.nc|2024-04-26T22:12:01Z|23.98950|-93.80982,aoml/4902351/profiles/D4902351_289.nc,4902351,4902351,23.9895,-93.80982,2024-04-26T22:12:01Z,20240426,2024,1009,1.16,2007.4,52.2966,True,True,True,https://noaa-nws-rtofs-pds.s3.amazonaws.com/rtofs.20240426/rtofs_glo_3dz_f006_6hrly_hvr_US_east.nc
ARGO_GDAC,pfl,aoml/4902351/profiles/D4902351_289.nc|2024-04-26T22:12:01Z|23.98950|-93.80982,aoml/4902351/profiles/D4902351_289.nc,4902351,4902351,23.9895,-93.80982,2024-04-26T22:12:01Z,20240426,2024,412,0.88,49.92,,False,False,True,https://noaa-nws-rtofs-pds.s3.amazonaws.com/rtofs.20240426/rtofs_glo_3dz_f006_6hrly_hvr_US_east.nc
ARGO_GDAC,pfl,aoml/4902351/profiles/D4902351_290.nc|2024-05-06T21:11:01Z|23.89287|-94.55919,aoml/4902351/profiles/D4902351_290.nc,4902351,4902351,23.89287,-94.55919,2024-05-06T21:11:01Z,20240506,2024,1008,1.12,2005.56,19.6812,True,True,True,https://noaa-nws-rtofs-pds.s3.amazonaws.com/rtofs.20240506/rtofs_glo_3dz_f006_6hrly_hvr_US_east.nc
ARGO_GDAC,pfl,aoml/4902351/profiles/D4902351_290.nc|2024-05-06T21:11:01Z|23.89287|-94.55919,aoml/4902351/profiles/D4902351_290.nc,4902351,4902351,23.89287,-94.55919,2024-05-06T21:11:01Z,20240506,2024,444,0.84,49.92,19.2148,True,True,True,https://noaa-nws-rtofs-pds.s3.amazonaws.com/rtofs.20240506/rtofs_glo_3dz_f006_6hrly_hvr_US_east.nc
ARGO_GDAC,pfl,aoml/4902351/profiles/D4902351_291.nc|2024-05-16T20:06:02Z|23.63407|-95.13464,aoml/4902351/profiles/D4902351_291.nc,4902351,4902351,23.63407,-95.13464,2024-05-16T20:06:02Z,20240516,2024,1009,1.16,2007.2,10.6331,True,True,True,https://noaa-nws-rtofs-pds.s3.amazonaws.com/rtofs.20240516/rtofs_glo_3dz_f006_6hrly_hvr_US_east.nc
ARGO_GDAC,pfl,aoml/4902351/profiles/D4902351_291.nc|2024-05-16T20:06:02Z|23.63407|-95.13464,aoml/4902351/profiles/D4902351_291.nc,4902351,4902351,23.63407,-95.13464,2024-05-16T20:06:02Z,20240516,2024,460,0.84,49.92,11.1637,True,True,True,https://noaa-nws-rtofs-pds.s3.amazonaws.com/rtofs.20240516/rtofs_glo_3dz_f006_6hrly_hvr_US_east.nc
ARGO_GDAC,pfl,aoml/4902351/profiles/D4902351_292.nc|2024-05-26T19:04:45Z|23.42154|-95.30639,aoml/4902351/profiles/D4902351_292.nc,4902351,4902351,23.42154,-95.30639,2024-05-26T19:04:45Z,20240526,2024,1008,1.08,2006.2,19.0397,True,True,True,https://noaa-nws-rtofs-pds.s3.amazonaws.com/rtofs.20240526/rtofs_glo_3dz_f006_6hrly_hvr_US_east.nc
ARGO_GDAC,pfl,aoml/4902351/profiles/D4902351_292.nc|2024-05-26T19:04:45Z|23.42154|-95.30639,aoml/4902351/profiles/D4902351_292.nc,4902351,4902351,23.42154,-95.30639,2024-05-26T19:04:45Z,20240526,2024,426,0.72,49.8,19.41,True,True,True,https://noaa-nws-rtofs-pds.s3.amazonaws.com/rtofs.20240526/rtofs_glo_3dz_f006_6hrly_hvr_US_east.nc
ARGO_GDAC,pfl,aoml/4902351/profiles/D4902351_293.nc|2024-06-05T17:49:45Z|23.55580|-95.50237,aoml/4902351/profiles/D4902351_293.nc,4902351,4902351,23.5558,-95.50237,2024-06-05T17:49:45Z,20240605,2024,1009,1.16,2007.96,26.0857,True,True,True,https://noaa-nws-rtofs-pds.s3.amazonaws.com/rtofs.20240605/rtofs_glo_3dz_f006_6hrly_hvr_US_east.nc
ARGO_GDAC,pfl,aoml/4902351/profiles/D4902351_293.nc|2024-06-05T17:49:45Z|23.55580|-95.50237,aoml/4902351/profiles/D4902351_293.nc,4902351,4902351,23.5558,-95.50237,2024-06-05T17:49:45Z,20240605,2024,458,0.8,49.88,26.4417,True,True,True,https://noaa-nws-rtofs-pds.s3.amazonaws.com/rtofs.20240605/rtofs_glo_3dz_f006_6hrly_hvr_US_east.nc
ARGO_GDAC,pfl,aoml/4902351/profiles/D4902351_294.nc|2024-06-15T16:39:56Z|23.43879|-95.64582,aoml/4902351/profiles/D4902351_294.nc,4902351,4902351,23.43879,-95.64582,2024-06-15T16:39:56Z,20240615,2024,1009,1.12,2007.36,19.5542,True,True,True,https://noaa-nws-rtofs-pds.s3.amazonaws.com/rtofs.20240615/rtofs_glo_3dz_f006_6hrly_hvr_US_east.nc
ARGO_GDAC,pfl,aoml/4902351/profiles/D4902351_294.nc|2024-06-15T16:39:56Z|23.43879|-95.64582,aoml/4902351/profiles/D4902351_294.nc,4902351,4902351,23.43879,-95.64582,2024-06-15T16:39:56Z,20240615,2024,488,0.8,49.96,19.9276,True,True,True,https://noaa-nws-rtofs-pds.s3.amazonaws.com/rtofs.20240615/rtofs_glo_3dz_f006_6hrly_hvr_US_east.nc
ARGO_GDAC,pfl,aoml/4902351/profiles/D4902351_295.nc|2024-06-25T15:35:50Z|23.18241|-95.78623,aoml/4902351/profiles/D4902351_295.nc,4902351,4902351,23.18241,-95.78623,2024-06-25T15:35:50Z,20240625,2024,1013,1.08,2015.24,31.7806,True,True,True,https://noaa-nws-rtofs-pds.s3.amazonaws.com/rtofs.20240625/rtofs_glo_3dz_f006_6hrly_hvr_US_east.nc
ARGO_GDAC,pfl,aoml/4902351/profiles/D4902351_295.nc|2024-06-25T15:35:50Z|23.18241|-95.78623,aoml/4902351/profiles/D4902351_295.nc,4902351,4902351,23.18241,-95.78623,2024-06-25T15:35:50Z,20240625,2024,425,0.76,49.92,32.1971,True,True,True,https://noaa-nws-rtofs-pds.s3.amazonaws.com/rtofs.20240625/rtofs_glo_3dz_f006_6hrly_hvr_US_east.nc
ARGO_GDAC,pfl,aoml/4902351/profiles/D4902351_296.nc|2024-07-05T14:36:05Z|22.94702|-95.92769,aoml/4902351/profiles/D4902351_296.nc,4902351,4902351,22.94702,-95.92769,2024-07-05T14:36:05Z,20240705,2024,1013,1.12,2016.24,29.3755,True,True,True,https://noaa-nws-rtofs-pds.s3.amazonaws.com/rtofs.20240705/rtofs_glo_3dz_f006_6hrly_hvr_US_east.nc
ARGO_GDAC,pfl,aoml/4902351/profiles/D4902351_296.nc|2024-07-05T14:36:05Z|22.94702|-95.92769,aoml/4902351/profiles/D4902351_296.nc,4902351,4902351,22.94702,-95.92769,2024-07-05T14:36:05Z,20240705,2024,453,0.8,49.96,29.5754,True,True,True,https://noaa-nws-rtofs-pds.s3.amazonaws.com/rtofs.20240705/rtofs_glo_3dz_f006_6hrly_hvr_US_east.nc
ARGO_GDAC,pfl,aoml/4902351/profiles/D4902351_297.nc|2024-07-15T13:19:07Z|23.04573|-96.09216,aoml/4902351/profiles/D4902351_297.nc,4902351,4902351,23.04573,-96.09216,2024-07-15T13:19:07Z,20240715,2024,1011,1.2,2012.24,29.4333,True,True,True,https://noaa-nws-rtofs-pds.s3.amazonaws.com/rtofs.20240715/rtofs_glo_3dz_f006_6hrly_hvr_US_east.nc
ARGO_GDAC,pfl,aoml/4902351/profiles/D4902351_297.nc|2024-07-15T13:19:07Z|23.04573|-96.09216,aoml/4902351/profiles/D4902351_297.nc,4902351,4902351,23.04573,-96.09216,2024-07-15T13:19:07Z,20240715,2024,423,0.96,49.96,29.1333,True,True,True,https://noaa-nws-rtofs-pds.s3.amazonaws.com/rtofs.20240715/rtofs_glo_3dz_f006_6hrly_hvr_US_east.nc
ARGO_GDAC,pfl,aoml/4902351/profiles/D4902351_298.nc|2024-07-25T12:11:43Z|23.02393|-96.18964,aoml/4902351/profiles/D4902351_298.nc,4902351,4902351,23.02393,-96.18964,2024-07-25T12:11:43Z,20240725,2024,1009,1.12,2008.12,22.6517,True,True,True,https://noaa-nws-rtofs-pds.s3.amazonaws.com/rtofs.20240725/rtofs_glo_3dz_f006_6hrly_hvr_US_east.nc
ARGO_GDAC,pfl,aoml/4902351/profiles/D4902351_298.nc|2024-07-25T12:11:43Z|23.02393|-96.18964,aoml/4902351/profiles/D4902351_298.nc,4902351,4902351,23.02393,-96.18964,2024-07-25T12:11:43Z,20240725,2024,439,0.76,49.84,22.9183,True,True,True,https://noaa-nws-rtofs-pds.s3.amazonaws.com/rtofs.20240725/rtofs_glo_3dz_f006_6hrly_hvr_US_east.nc
ARGO_GDAC,pfl,aoml/4902351/profiles/D4902351_299.nc|2024-08-04T11:14:16Z|22.76993|-96.44594,aoml/4902351/profiles/D4902351_299.nc,4902351,4902351,22.76993,-96.44594,2024-08-04T11:14:16Z,20240804,2024,1013,1.08,2015.56,17.8841,True,True,True,https://noaa-nws-rtofs-pds.s3.amazonaws.com/rtofs.20240804/rtofs_glo_3dz_f006_6hrly_hvr_US_east.nc
ARGO_GDAC,pfl,aoml/4902351/profiles/D4902351_299.nc|2024-08-04T11:14:16Z|22.76993|-96.44594,aoml/4902351/profiles/D4902351_299.nc,4902351,4902351,22.76993,-96.44594,2024-08-04T11:14:16Z,20240804,2024,469,0.8,49.8,18.0571,True,True,True,https://noaa-nws-rtofs-pds.s3.amazonaws.com/rtofs.20240804/rtofs_glo_3dz_f006_6hrly_hvr_US_east.nc
ARGO_GDAC,pfl,aoml/4902351/profiles/D4902351_300.nc|2024-08-14T10:10:33Z|22.82215|-96.50250,aoml/4902351/profiles/D4902351_300.nc,4902351,4902351,22.82215,-96.5025,2024-08-14T10:10:33Z,20240814,2024,1009,1.12,2007.56,23.3695,True,True,True,https://noaa-nws-rtofs-pds.s3.amazonaws.com/rtofs.20240814/rtofs_glo_3dz_f006_6hrly_hvr_US_east.nc
ARGO_GDAC,pfl,aoml/4902351/profiles/D4902351_300.nc|2024-08-14T10:10:33Z|22.82215|-96.50250,aoml/4902351/profiles/D4902351_300.nc,4902351,4902351,22.82215,-96.5025,2024-08-14T10:10:33Z,20240814,2024,450,0.8,49.92,23.4,True,True,True,https://noaa-nws-rtofs-pds.s3.amazonaws.com/rtofs.20240814/rtofs_glo_3dz_f006_6hrly_hvr_US_east.nc
ARGO_GDAC,pfl,aoml/4902351/profiles/D4902351_301.nc|2024-08-24T09:00:50Z|22.85980|-96.69450,aoml/4902351/profiles/D4902351_301.nc,4902351,4902351,22.8598,-96.6945,2024-08-24T09:00:50Z,20240824,2024,1009,1.16,2007.32,19.9744,True,True,True,https://noaa-nws-rtofs-pds.s3.amazonaws.com/rtofs.20240824/rtofs_glo_3dz_f006_6hrly_hvr_US_east.nc
ARGO_GDAC,pfl,aoml/4902351/profiles/D4902351_301.nc|2024-08-24T09:00:50Z|22.85980|-96.69450,aoml/4902351/profiles/D4902351_301.nc,4902351,4902351,22.8598,-96.6945,2024-08-24T09:00:50Z,20240824,2024,485,0.8,49.96,20.14,True,True,True,https://noaa-nws-rtofs-pds.s3.amazonaws.com/rtofs.20240824/rtofs_glo_3dz_f006_6hrly_hvr_US_east.nc
ARGO_GDAC,pfl,aoml/4902351/profiles/D4902351_302.nc|2024-09-03T09:28:18Z|22.63676|-96.84943,aoml/4902351/profiles/D4902351_302.nc,4902351,4902351,22.63676,-96.84943,2024-09-03T09:28:18Z,20240903,2024,945,1.08,1880.56,16.9874,True,True,True,https://noaa-nws-rtofs-pds.s3.amazonaws.com/rtofs.20240903/rtofs_glo_3dz_f006_6hrly_hvr_US_east.nc
ARGO_GDAC,pfl,aoml/4902351/profiles/D4902351_302.nc|2024-09-03T09:28:18Z|22.63676|-96.84943,aoml/4902351/profiles/D4902351_302.nc,4902351,4902351,22.63676,-96.84943,2024-09-03T09:28:18Z,20240903,2024,489,0.84,49.92,16.7933,True,True,True,https://noaa-nws-rtofs-pds.s3.amazonaws.com/rtofs.20240903/rtofs_glo_3dz_f006_6hrly_hvr_US_east.nc
ARGO_GDAC,pfl,aoml/4902351/profiles/D4902351_303.nc|2024-09-13T09:49:15Z|22.38109|-96.93790,aoml/4902351/profiles/D4902351_303.nc,4902351,4902351,22.38109,-96.9379,2024-09-13T09:49:15Z,20240913,2024,916,1.08,1821.56,38.3946,True,True,True,https://noaa-nws-rtofs-pds.s3.amazonaws.com/rtofs.20240913/rtofs_glo_3dz_f006_6hrly_hvr_US_east.nc
ARGO_GDAC,pfl,aoml/4902351/profiles/D4902351_303.nc|2024-09-13T09:49:15Z|22.38109|-96.93790,aoml/4902351/profiles/D4902351_303.nc,4902351,4902351,22.38109,-96.9379,2024-09-13T09:49:15Z,20240913,2024,427,0.8,49.84,39.456,True,True,True,https://noaa-nws-rtofs-pds.s3.amazonaws.com/rtofs.20240913/rtofs_glo_3dz_f006_6hrly_hvr_US_east.nc
ARGO_GDAC,pfl,aoml/4902351/profiles/D4902351_304.nc|2024-09-23T09:48:08Z|21.85071|-96.89291,aoml/4902351/profiles/D4902351_304.nc,4902351,4902351,21.85071,-96.89291,2024-09-23T09:48:08Z,20240923,2024,815,1.12,1619.16,11.3372,True,True,True,https://noaa-nws-rtofs-pds.s3.amazonaws.com/rtofs.20240923/rtofs_glo_3dz_f006_6hrly_hvr_US_east.nc
ARGO_GDAC,pfl,aoml/4902351/profiles/D4902351_304.nc|2024-09-23T09:48:08Z|21.85071|-96.89291,aoml/4902351/profiles/D4902351_304.nc,4902351,4902351,21.85071,-96.89291,2024-09-23T09:48:08Z,20240923,2024,428,0.84,49.96,10.8341,True,True,True,https://noaa-nws-rtofs-pds.s3.amazonaws.com/rtofs.20240923/rtofs_glo_3dz_f006_6hrly_hvr_US_east.nc
ARGO_GDAC,pfl,aoml/4902351/profiles/D4902351_305.nc|2024-10-03T09:09:40Z|21.29668|-96.61189,aoml/4902351/profiles/D4902351_305.nc,4902351,4902351,21.29668,-96.61189,2024-10-03T09:09:40Z,20241003,2024,678,1.12,1346.76,34.7573,True,True,True,https://noaa-nws-rtofs-pds.s3.amazonaws.com/rtofs.20241003/rtofs_glo_3dz_f006_6hrly_hvr_US_east.nc
ARGO_GDAC,pfl,aoml/4902351/profiles/D4902351_305.nc|2024-10-03T09:09:40Z|21.29668|-96.61189,aoml/4902351/profiles/D4902351_305.nc,4902351,4902351,21.29668,-96.61189,2024-10-03T09:09:40Z,20241003,2024,529,0.8,49.96,35.9739,True,True,True,https://noaa-nws-rtofs-pds.s3.amazonaws.com/rtofs.20241003/rtofs_glo_3dz_f006_6hrly_hvr_US_east.nc
ARGO_GDAC,pfl,aoml/4902351/profiles/D4902351_306.nc|2024-10-13T08:44:46Z|20.02366|-96.09430,aoml/4902351/profiles/D4902351_306.nc,4902351,4902351,20.02366,-96.0943,2024-10-13T08:44:46Z,20241013,2024,729,1.12,1447.12,38.7962,True,True,True,https://noaa-nws-rtofs-pds.s3.amazonaws.com/rtofs.20241013/rtofs_glo_3dz_f006_6hrly_hvr_US_east.nc
ARGO_GDAC,pfl,aoml/4902351/profiles/D4902351_306.nc|2024-10-13T08:44:46Z|20.02366|-96.09430,aoml/4902351/profiles/D4902351_306.nc,4902351,4902351,20.02366,-96.0943,2024-10-13T08:44:46Z,20241013,2024,460,0.8,49.92,39.3537,True,True,True,https://noaa-nws-rtofs-pds.s3.amazonaws.com/rtofs.20241013/rtofs_glo_3dz_f006_6hrly_hvr_US_east.nc
ARGO_GDAC,pfl,aoml/4902351/profiles/D4902351_307.nc|2024-10-23T08:29:44Z|19.06791|-95.02281,aoml/4902351/profiles/D4902351_307.nc,4902351,4902351,19.06791,-95.02281,2024-10-23T08:29:44Z,20241023,2024,767,1.12,1523.72,44.0837,True,True,True,https://noaa-nws-rtofs-pds.s3.amazonaws.com/rtofs.20241023/rtofs_glo_3dz_f006_6hrly_hvr_US_east.nc
ARGO_GDAC,pfl,aoml/4902351/profiles/D4902351_307.nc|2024-10-23T08:29:44Z|19.06791|-95.02281,aoml/4902351/profiles/D4902351_307.nc,4902351,4902351,19.06791,-95.02281,2024-10-23T08:29:44Z,20241023,2024,415,0.88,49.84,44.52,True,True,True,https://noaa-nws-rtofs-pds.s3.amazonaws.com/rtofs.20241023/rtofs_glo_3dz_f006_6hrly_hvr_US_east.nc
ARGO_GDAC,pfl,aoml/4902351/profiles/D4902351_308.nc|2024-11-02T07:07:55Z|18.94634|-94.84451,aoml/4902351/profiles/D4902351_308.nc,4902351,4902351,18.94634,-94.84451,2024-11-02T07:07:55Z,20241102,2024,517,1.24,1024.6,14.1982,True,True,True,https://noaa-nws-rtofs-pds.s3.amazonaws.com/rtofs.20241102/rtofs_glo_3dz_f006_6hrly_hvr_US_east.nc
ARGO_GDAC,pfl,aoml/4902351/profiles/D4902351_308.nc|2024-11-02T07:07:55Z|18.94634|-94.84451,aoml/4902351/profiles/D4902351_308.nc,4902351,4902351,18.94634,-94.84451,2024-11-02T07:07:55Z,20241102,2024,542,0.92,49.92,14.1289,True,True,True,https://noaa-nws-rtofs-pds.s3.amazonaws.com/rtofs.20241102/rtofs_glo_3dz_f006_6hrly_hvr_US_east.nc
ARGO_GDAC,pfl,aoml/4902351/profiles/D4902351_309.nc|2024-11-12T05:47:18Z|19.05543|-94.69008,aoml/4902351/profiles/D4902351_309.nc,4902351,4902351,19.05543,-94.69008,2024-11-12T05:47:18Z,20241112,2024,534,1.04,1058.4,22.5849,True,True,True,https://noaa-nws-rtofs-pds.s3.amazonaws.com/rtofs.20241112/rtofs_glo_3dz_f006_6hrly_hvr_US_east.nc
ARGO_GDAC,pfl,aoml/4902351/profiles/D4902351_309.nc|2024-11-12T05:47:18Z|19.05543|-94.69008,aoml/4902351/profiles/D4902351_309.nc,4902351,4902351,19.05543,-94.69008,2024-11-12T05:47:18Z,20241112,2024,459,0.72,49.88,22.4181,True,True,True,https://noaa-nws-rtofs-pds.s3.amazonaws.com/rtofs.20241112/rtofs_glo_3dz_f006_6hrly_hvr_US_east.nc
ARGO_GDAC,pfl,aoml/4902351/profiles/D4902351_310.nc|2024-11-22T04:41:23Z|19.08399|-94.44685,aoml/4902351/profiles/D4902351_310.nc,4902351,4902351,19.08399,-94.44685,2024-11-22T04:41:23Z,20241122,2024,524,1.16,1037.8,50.5418,True,True,True,https://noaa-nws-rtofs-pds.s3.amazonaws.com/rtofs.20241122/rtofs_glo_3dz_f006_6hrly_hvr_US_east.nc
ARGO_GDAC,pfl,aoml/4902351/profiles/D4902351_310.nc|2024-11-22T04:41:23Z|19.08399|-94.44685,aoml/4902351/profiles/D4902351_310.nc,4902351,4902351,19.08399,-94.44685,2024-11-22T04:41:23Z,20241122,2024,427,0.88,49.8,,False,False,True,https://noaa-nws-rtofs-pds.s3.amazonaws.com/rtofs.20241122/rtofs_glo_3dz_f006_6hrly_hvr_US_east.nc
ARGO_GDAC,pfl,aoml/4902351/profiles/D4902351_311.nc|2024-12-02T03:23:28Z|19.10898|-94.42672,aoml/4902351/profiles/D4902351_311.nc,4902351,4902351,19.10898,-94.42672,2024-12-02T03:23:28Z,20241202,2024,540,1.12,1070.0,50.9426,True,True,True,https://noaa-nws-rtofs-pds.s3.amazonaws.com/rtofs.20241202/rtofs_glo_3dz_f006_6hrly_hvr_US_east.nc
ARGO_GDAC,pfl,aoml/4902351/profiles/D4902351_311.nc|2024-12-02T03:23:28Z|19.10898|-94.42672,aoml/4902351/profiles/D4902351_311.nc,4902351,4902351,19.10898,-94.42672,2024-12-02T03:23:28Z,20241202,2024,405,0.84,49.92,,False,False,True,https://noaa-nws-rtofs-pds.s3.amazonaws.com/rtofs.20241202/rtofs_glo_3dz_f006_6hrly_hvr_US_east.nc
ARGO_GDAC,pfl,aoml/4902351/profiles/D4902351_312.nc|2024-12-12T02:17:30Z|19.20985|-94.34983,aoml/4902351/profiles/D4902351_312.nc,4902351,4902351,19.20985,-94.34983,2024-12-12T02:17:30Z,20241212,2024,548,1.16,1085.04,66.0334,True,True,True,https://noaa-nws-rtofs-pds.s3.amazonaws.com/rtofs.20241212/rtofs_glo_3dz_f006_6hrly_hvr_US_east.nc
ARGO_GDAC,pfl,aoml/4902351/profiles/D4902351_312.nc|2024-12-12T02:17:30Z|19.20985|-94.34983,aoml/4902351/profiles/D4902351_312.nc,4902351,4902351,19.20985,-94.34983,2024-12-12T02:17:30Z,20241212,2024,397,0.76,49.84,,False,False,True,https://noaa-nws-rtofs-pds.s3.amazonaws.com/rtofs.20241212/rtofs_glo_3dz_f006_6hrly_hvr_US_east.nc
ARGO_GDAC,pfl,aoml/4902351/profiles/D4902351_313.nc|2024-12-22T01:29:46Z|19.25977|-94.17908,aoml/4902351/profiles/D4902351_313.nc,4902351,4902351,19.25977,-94.17908,2024-12-22T01:29:46Z,20241222,2024,592,1.12,1173.84,68.4957,True,True,True,https://noaa-nws-rtofs-pds.s3.amazonaws.com/rtofs.20241222/rtofs_glo_3dz_f006_6hrly_hvr_US_east.nc
ARGO_GDAC,pfl,aoml/4902351/profiles/D4902351_313.nc|2024-12-22T01:29:46Z|19.25977|-94.17908,aoml/4902351/profiles/D4902351_313.nc,4902351,4902351,19.25977,-94.17908,2024-12-22T01:29:46Z,20241222,2024,409,0.88,50.0,,False,False,True,https://noaa-nws-rtofs-pds.s3.amazonaws.com/rtofs.20241222/rtofs_glo_3dz_f006_6hrly_hvr_US_east.nc
ARGO_GDAC,pfl,aoml/4902351/profiles/D4902351_314.nc|2025-01-01T00:36:55Z|19.32140|-94.35692,aoml/4902351/profiles/D4902351_314.nc,4902351,4902351,19.3214,-94.35692,2025-01-01T00:36:55Z,20250101,2025,598,1.12,1185.04,52.1589,True,True,True,https://noaa-nws-rtofs-pds.s3.amazonaws.com/rtofs.20250101/rtofs_glo_3dz_f006_6hrly_hvr_US_east.nc
ARGO_GDAC,pfl,aoml/4902351/profiles/D4902351_314.nc|2025-01-01T00:36:55Z|19.32140|-94.35692,aoml/4902351/profiles/D4902351_314.nc,4902351,4902351,19.3214,-94.35692,2025-01-01T00:36:55Z,20250101,2025,443,0.84,49.88,,False,False,True,https://noaa-nws-rtofs-pds.s3.amazonaws.com/rtofs.20250101/rtofs_glo_3dz_f006_6hrly_hvr_US_east.nc
ARGO_GDAC,pfl,aoml/4902351/profiles/D4902351_315.nc|2025-01-11T00:23:21Z|19.60678|-94.49494,aoml/4902351/profiles/D4902351_315.nc,4902351,4902351,19.60678,-94.49494,2025-01-11T00:23:21Z,20250111,2025,711,1.16,1411.6,49.4122,True,True,True,https://noaa-nws-rtofs-pds.s3.amazonaws.com/rtofs.20250111/rtofs_glo_3dz_f006_6hrly_hvr_US_east.nc
ARGO_GDAC,pfl,aoml/4902351/profiles/D4902351_315.nc|2025-01-11T00:23:21Z|19.60678|-94.49494,aoml/4902351/profiles/D4902351_315.nc,4902351,4902351,19.60678,-94.49494,2025-01-11T00:23:21Z,20250111,2025,447,0.76,49.96,49.646,True,True,True,https://noaa-nws-rtofs-pds.s3.amazonaws.com/rtofs.20250111/rtofs_glo_3dz_f006_6hrly_hvr_US_east.nc
ARGO_GDAC,pfl,aoml/4902351/profiles/D4902351_316.nc|2025-01-21T01:32:22Z|20.36412|-94.43071,aoml/4902351/profiles/D4902351_316.nc,4902351,4902351,20.36412,-94.43071,2025-01-21T01:32:22Z,20250121,2025,999,1.16,1988.24,69.6145,True,True,True,https://noaa-nws-rtofs-pds.s3.amazonaws.com/rtofs.20250121/rtofs_glo_3dz_f006_6hrly_hvr_US_east.nc
ARGO_GDAC,pfl,aoml/4902351/profiles/D4902351_316.nc|2025-01-21T01:32:22Z|20.36412|-94.43071,aoml/4902351/profiles/D4902351_316.nc,4902351,4902351,20.36412,-94.43071,2025-01-21T01:32:22Z,20250121,2025,384,0.84,49.84,,False,False,True,https://noaa-nws-rtofs-pds.s3.amazonaws.com/rtofs.20250121/rtofs_glo_3dz_f006_6hrly_hvr_US_east.nc
ARGO_GDAC,pfl,aoml/4902351/profiles/D4902351_317.nc|2025-01-31T00:50:29Z|21.05737|-94.33317,aoml/4902351/profiles/D4902351_317.nc,4902351,4902351,21.05737,-94.33317,2025-01-31T00:50:29Z,20250131,2025,1011,1.12,2011.16,30.7069,True,True,True,https://noaa-nws-rtofs-pds.s3.amazonaws.com/rtofs.20250131/rtofs_glo_3dz_f006_6hrly_hvr_US_east.nc
ARGO_GDAC,pfl,aoml/4902351/profiles/D4902351_317.nc|2025-01-31T00:50:29Z|21.05737|-94.33317,aoml/4902351/profiles/D4902351_317.nc,4902351,4902351,21.05737,-94.33317,2025-01-31T00:50:29Z,20250131,2025,448,0.76,49.88,31.0259,True,True,True,https://noaa-nws-rtofs-pds.s3.amazonaws.com/rtofs.20250131/rtofs_glo_3dz_f006_6hrly_hvr_US_east.nc
ARGO_GDAC,pfl,aoml/4902351/profiles/D4902351_318.nc|2025-02-10T00:14:56Z|21.40218|-94.03934,aoml/4902351/profiles/D4902351_318.nc,4902351,4902351,21.40218,-94.03934,2025-02-10T00:14:56Z,20250210,2025,1009,1.12,2007.68,20.0263,True,True,True,https://noaa-nws-rtofs-pds.s3.amazonaws.com/rtofs.20250210/rtofs_glo_3dz_f006_6hrly_hvr_US_east.nc
ARGO_GDAC,pfl,aoml/4902351/profiles/D4902351_318.nc|2025-02-10T00:14:56Z|21.40218|-94.03934,aoml/4902351/profiles/D4902351_318.nc,4902351,4902351,21.40218,-94.03934,2025-02-10T00:14:56Z,20250210,2025,409,0.88,49.88,20.38,True,True,True,https://noaa-nws-rtofs-pds.s3.amazonaws.com/rtofs.20250210/rtofs_glo_3dz_f006_6hrly_hvr_US_east.nc
ARGO_GDAC,pfl,aoml/4902351/profiles/D4902351_319.nc|2025-02-19T23:59:05Z|21.29656|-93.53980,aoml/4902351/profiles/D4902351_319.nc,4902351,4902351,21.29656,-93.5398,2025-02-19T23:59:05Z,20250219,2025,1006,1.12,2002.0,20.4926,True,True,True,https://noaa-nws-rtofs-pds.s3.amazonaws.com/rtofs.20250219/rtofs_glo_3dz_f006_6hrly_hvr_US_east.nc
ARGO_GDAC,pfl,aoml/4902351/profiles/D4902351_319.nc|2025-02-19T23:59:05Z|21.29656|-93.53980,aoml/4902351/profiles/D4902351_319.nc,4902351,4902351,21.29656,-93.5398,2025-02-19T23:59:05Z,20250219,2025,410,0.76,49.88,21.08,True,True,True,https://noaa-nws-rtofs-pds.s3.amazonaws.com/rtofs.20250219/rtofs_glo_3dz_f006_6hrly_hvr_US_east.nc
ARGO_GDAC,pfl,aoml/4902352/profiles/D4902352_277.nc|2024-01-02T00:02:08Z|24.11307|-95.93512,aoml/4902352/profiles/D4902352_277.nc,4902352,4902352,24.11307,-95.93512,2024-01-02T00:02:08Z,20240102,2024,1007,1.04,2003.52,65.2992,True,True,False,
ARGO_GDAC,pfl,aoml/4902352/profiles/D4902352_277.nc|2024-01-02T00:02:08Z|24.11307|-95.93512,aoml/4902352/profiles/D4902352_277.nc,4902352,4902352,24.11307,-95.93512,2024-01-02T00:02:08Z,20240102,2024,394,0.68,49.76,,False,False,False,
ARGO_GDAC,pfl,aoml/4902352/profiles/D4902352_278.nc|2024-01-11T22:51:04Z|24.53746|-95.92255,aoml/4902352/profiles/D4902352_278.nc,4902352,4902352,24.53746,-95.92255,2024-01-11T22:51:04Z,20240111,2024,1007,1.08,2003.48,90.0571,True,True,False,
ARGO_GDAC,pfl,aoml/4902352/profiles/D4902352_278.nc|2024-01-11T22:51:04Z|24.53746|-95.92255,aoml/4902352/profiles/D4902352_278.nc,4902352,4902352,24.53746,-95.92255,2024-01-11T22:51:04Z,20240111,2024,382,0.76,49.88,,False,False,False,
ARGO_GDAC,pfl,aoml/4902352/profiles/D4902352_279.nc|2024-01-21T21:53:58Z|24.55121|-96.24854,aoml/4902352/profiles/D4902352_279.nc,4902352,4902352,24.55121,-96.24854,2024-01-21T21:53:58Z,20240121,2024,790,1.08,1569.76,46.7585,True,True,False,
ARGO_GDAC,pfl,aoml/4902352/profiles/D4902352_279.nc|2024-01-21T21:53:58Z|24.55121|-96.24854,aoml/4902352/profiles/D4902352_279.nc,4902352,4902352,24.55121,-96.24854,2024-01-21T21:53:58Z,20240121,2024,418,0.88,49.96,46.9818,True,True,False,
ARGO_GDAC,pfl,aoml/4902352/profiles/D4902352_280.nc|2024-01-31T20:39:12Z|24.24905|-96.49400,aoml/4902352/profiles/D4902352_280.nc,4902352,4902352,24.24905,-96.494,2024-01-31T20:39:12Z,20240131,2024,712,1.08,1413.08,34.1493,True,True,True,https://noaa-nws-rtofs-pds.s3.amazonaws.com/rtofs.20240131/rtofs_glo_3dz_f006_6hrly_hvr_US_east.nc
ARGO_GDAC,pfl,aoml/4902352/profiles/D4902352_280.nc|2024-01-31T20:39:12Z|24.24905|-96.49400,aoml/4902352/profiles/D4902352_280.nc,4902352,4902352,24.24905,-96.494,2024-01-31T20:39:12Z,20240131,2024,417,0.72,49.92,34.1323,True,True,True,https://noaa-nws-rtofs-pds.s3.amazonaws.com/rtofs.20240131/rtofs_glo_3dz_f006_6hrly_hvr_US_east.nc
ARGO_GDAC,pfl,aoml/4902352/profiles/D4902352_281.nc|2024-02-10T19:34:31Z|24.06011|-96.21437,aoml/4902352/profiles/D4902352_281.nc,4902352,4902352,24.06011,-96.21437,2024-02-10T19:34:31Z,20240210,2024,1010,1.04,2009.96,118.3629,True,False,True,https://noaa-nws-rtofs-pds.s3.amazonaws.com/rtofs.20240210/rtofs_glo_3dz_f006_6hrly_hvr_US_east.nc
ARGO_GDAC,pfl,aoml/4902352/profiles/D4902352_281.nc|2024-02-10T19:34:31Z|24.06011|-96.21437,aoml/4902352/profiles/D4902352_281.nc,4902352,4902352,24.06011,-96.21437,2024-02-10T19:34:31Z,20240210,2024,383,0.64,49.96,,False,False,True,https://noaa-nws-rtofs-pds.s3.amazonaws.com/rtofs.20240210/rtofs_glo_3dz_f006_6hrly_hvr_US_east.nc
ARGO_GDAC,pfl,aoml/4902352/profiles/D4902352_282.nc|2024-02-20T18:34:02Z|23.99716|-96.03773,aoml/4902352/profiles/D4902352_282.nc,4902352,4902352,23.99716,-96.03773,2024-02-20T18:34:02Z,20240220,2024,1011,1.08,2011.16,135.9409,True,False,True,https://noaa-nws-rtofs-pds.s3.amazonaws.com/rtofs.20240220/rtofs_glo_3dz_f006_6hrly_hvr_US_east.nc
ARGO_GDAC,pfl,aoml/4902352/profiles/D4902352_282.nc|2024-02-20T18:34:02Z|23.99716|-96.03773,aoml/4902352/profiles/D4902352_282.nc,4902352,4902352,23.99716,-96.03773,2024-02-20T18:34:02Z,20240220,2024,393,0.72,49.76,,False,False,True,https://noaa-nws-rtofs-pds.s3.amazonaws.com/rtofs.20240220/rtofs_glo_3dz_f006_6hrly_hvr_US_east.nc
ARGO_GDAC,pfl,aoml/4902352/profiles/D4902352_283.nc|2024-03-01T17:29:01Z|23.80579|-95.97494,aoml/4902352/profiles/D4902352_283.nc,4902352,4902352,23.80579,-95.97494,2024-03-01T17:29:01Z,20240301,2024,1008,1.08,2005.16,19.8305,True,True,True,https://noaa-nws-rtofs-pds.s3.amazonaws.com/rtofs.20240301/rtofs_glo_3dz_f006_6hrly_hvr_US_east.nc
ARGO_GDAC,pfl,aoml/4902352/profiles/D4902352_283.nc|2024-03-01T17:29:01Z|23.80579|-95.97494,aoml/4902352/profiles/D4902352_283.nc,4902352,4902352,23.80579,-95.97494,2024-03-01T17:29:01Z,20240301,2024,393,0.76,49.96,19.2756,True,True,True,https://noaa-nws-rtofs-pds.s3.amazonaws.com/rtofs.20240301/rtofs_glo_3dz_f006_6hrly_hvr_US_east.nc
ARGO_GDAC,pfl,aoml/4902352/profiles/D4902352_284.nc|2024-03-11T16:20:10Z|23.71191|-96.30405,aoml/4902352/profiles/D4902352_284.nc,4902352,4902352,23.71191,-96.30405,2024-03-11T16:20:10Z,20240311,2024,1007,1.0,2003.36,81.81,True,True,True,https://noaa-nws-rtofs-pds.s3.amazonaws.com/rtofs.20240311/rtofs_glo_3dz_f006_6hrly_hvr_US_east.nc
ARGO_GDAC,pfl,aoml/4902352/profiles/D4902352_284.nc|2024-03-11T16:20:10Z|23.71191|-96.30405,aoml/4902352/profiles/D4902352_284.nc,4902352,4902352,23.71191,-96.30405,2024-03-11T16:20:10Z,20240311,2024,387,0.64,49.96,,False,False,True,https://noaa-nws-rtofs-pds.s3.amazonaws.com/rtofs.20240311/rtofs_glo_3dz_f006_6hrly_hvr_US_east.nc
ARGO_GDAC,pfl,aoml/4902352/profiles/D4902352_285.nc|2024-03-21T15:13:51Z|23.90723|-96.45322,aoml/4902352/profiles/D4902352_285.nc,4902352,4902352,23.90723,-96.45322,2024-03-21T15:13:51Z,20240321,2024,1008,1.08,2005.6,56.7078,True,True,True,https://noaa-nws-rtofs-pds.s3.amazonaws.com/rtofs.20240321/rtofs_glo_3dz_f006_6hrly_hvr_US_east.nc
ARGO_GDAC,pfl,aoml/4902352/profiles/D4902352_285.nc|2024-03-21T15:13:51Z|23.90723|-96.45322,aoml/4902352/profiles/D4902352_285.nc,4902352,4902352,23.90723,-96.45322,2024-03-21T15:13:51Z,20240321,2024,403,0.76,49.84,,False,False,True,https://noaa-nws-rtofs-pds.s3.amazonaws.com/rtofs.20240321/rtofs_glo_3dz_f006_6hrly_hvr_US_east.nc
ARGO_GDAC,pfl,aoml/4902352/profiles/D4902352_286.nc|2024-03-31T14:14:45Z|23.91364|-96.13088,aoml/4902352/profiles/D4902352_286.nc,4902352,4902352,23.91364,-96.13088,2024-03-31T14:14:45Z,20240331,2024,1007,1.08,2004.24,62.4436,True,True,True,https://noaa-nws-rtofs-pds.s3.amazonaws.com/rtofs.20240331/rtofs_glo_3dz_f006_6hrly_hvr_US_east.nc
ARGO_GDAC,pfl,aoml/4902352/profiles/D4902352_286.nc|2024-03-31T14:14:45Z|23.91364|-96.13088,aoml/4902352/profiles/D4902352_286.nc,4902352,4902352,23.91364,-96.13088,2024-03-31T14:14:45Z,20240331,2024,411,0.68,50.0,,False,False,True,https://noaa-nws-rtofs-pds.s3.amazonaws.com/rtofs.20240331/rtofs_glo_3dz_f006_6hrly_hvr_US_east.nc
ARGO_GDAC,pfl,aoml/4902352/profiles/D4902352_287.nc|2024-04-10T13:06:53Z|23.58554|-95.79443,aoml/4902352/profiles/D4902352_287.nc,4902352,4902352,23.58554,-95.79443,2024-04-10T13:06:53Z,20240410,2024,1007,1.12,2003.76,31.8691,True,True,True,https://noaa-nws-rtofs-pds.s3.amazonaws.com/rtofs.20240410/rtofs_glo_3dz_f006_6hrly_hvr_US_east.nc
ARGO_GDAC,pfl,aoml/4902352/profiles/D4902352_287.nc|2024-04-10T13:06:53Z|23.58554|-95.79443,aoml/4902352/profiles/D4902352_287.nc,4902352,4902352,23.58554,-95.79443,2024-04-10T13:06:53Z,20240410,2024,437,0.8,49.76,31.6457,True,True,True,https://noaa-nws-rtofs-pds.s3.amazonaws.com/rtofs.20240410/rtofs_glo_3dz_f006_6hrly_hvr_US_east.nc
ARGO_GDAC,pfl,aoml/4902352/profiles/D4902352_288.nc|2024-04-20T12:03:42Z|23.39146|-96.10648,aoml/4902352/profiles/D4902352_288.nc,4902352,4902352,23.39146,-96.10648,2024-04-20T12:03:42Z,20240420,2024,1007,1.0,2003.28,20.809,True,True,True,https://noaa-nws-rtofs-pds.s3.amazonaws.com/rtofs.20240420/rtofs_glo_3dz_f006_6hrly_hvr_US_east.nc
ARGO_GDAC,pfl,aoml/4902352/profiles/D4902352_288.nc|2024-04-20T12:03:42Z|23.39146|-96.10648,aoml/4902352/profiles/D4902352_288.nc,4902352,4902352,23.39146,-96.10648,2024-04-20T12:03:42Z,20240420,2024,459,0.68,49.8,20.996,True,True,True,https://noaa-nws-rtofs-pds.s3.amazonaws.com/rtofs.20240420/rtofs_glo_3dz_f006_6hrly_hvr_US_east.nc
ARGO_GDAC,pfl,aoml/4902352/profiles/D4902352_289.nc|2024-04-30T11:08:55Z|23.55622|-96.49754,aoml/4902352/profiles/D4902352_289.nc,4902352,4902352,23.55622,-96.49754,2024-04-30T11:08:55Z,20240430,2024,1010,1.04,2009.32,26.3967,True,True,True,https://noaa-nws-rtofs-pds.s3.amazonaws.com/rtofs.20240430/rtofs_glo_3dz_f006_6hrly_hvr_US_east.nc
ARGO_GDAC,pfl,aoml/4902352/profiles/D4902352_289.nc|2024-04-30T11:08:55Z|23.55622|-96.49754,aoml/4902352/profiles/D4902352_289.nc,4902352,4902352,23.55622,-96.49754,2024-04-30T11:08:55Z,20240430,2024,432,0.72,49.84,26.5288,True,True,True,https://noaa-nws-rtofs-pds.s3.amazonaws.com/rtofs.20240430/rtofs_glo_3dz_f006_6hrly_hvr_US_east.nc
ARGO_GDAC,pfl,aoml/4902352/profiles/D4902352_290.nc|2024-05-10T10:59:53Z|23.81844|-96.56144,aoml/4902352/profiles/D4902352_290.nc,4902352,4902352,23.81844,-96.56144,2024-05-10T10:59:53Z,20240510,2024,939,1.08,1868.36,13.916,True,True,True,https://noaa-nws-rtofs-pds.s3.amazonaws.com/rtofs.20240510/rtofs_glo_3dz_f006_6hrly_hvr_US_east.nc
ARGO_GDAC,pfl,aoml/4902352/profiles/D4902352_290.nc|2024-05-10T10:59:53Z|23.81844|-96.56144,aoml/4902352/profiles/D4902352_290.nc,4902352,4902352,23.81844,-96.56144,2024-05-10T10:59:53Z,20240510,2024,441,0.64,49.88,13.8282,True,True,True,https://noaa-nws-rtofs-pds.s3.amazonaws.com/rtofs.20240510/rtofs_glo_3dz_f006_6hrly_hvr_US_east.nc
ARGO_GDAC,pfl,aoml/4902352/profiles/D4902352_291.nc|2024-05-20T10:01:37Z|23.85812|-96.74781,aoml/4902352/profiles/D4902352_291.nc,4902352,4902352,23.85812,-96.74781,2024-05-20T10:01:37Z,20240520,2024,744,1.08,1478.88,11.4563,True,True,True,https://noaa-nws-rtofs-pds.s3.amazonaws.com/rtofs.20240520/rtofs_glo_3dz_f006_6hrly_hvr_US_east.nc
ARGO_GDAC,pfl,aoml/4902352/profiles/D4902352_291.nc|2024-05-20T10:01:37Z|23.85812|-96.74781,aoml/4902352/profiles/D4902352_291.nc,4902352,4902352,23.85812,-96.74781,2024-05-20T10:01:37Z,20240520,2024,444,0.76,49.88,11.3765,True,True,True,https://noaa-nws-rtofs-pds.s3.amazonaws.com/rtofs.20240520/rtofs_glo_3dz_f006_6hrly_hvr_US_east.nc
ARGO_GDAC,pfl,aoml/4902352/profiles/D4902352_292.nc|2024-05-30T08:27:41Z|23.74392|-96.94282,aoml/4902352/profiles/D4902352_292.nc,4902352,4902352,23.74392,-96.94282,2024-05-30T08:27:41Z,20240530,2024,651,1.04,1291.56,12.4437,True,True,True,https://noaa-nws-rtofs-pds.s3.amazonaws.com/rtofs.20240530/rtofs_glo_3dz_f006_6hrly_hvr_US_east.nc
ARGO_GDAC,pfl,aoml/4902352/profiles/D4902352_292.nc|2024-05-30T08:27:41Z|23.74392|-96.94282,aoml/4902352/profiles/D4902352_292.nc,4902352,4902352,23.74392,-96.94282,2024-05-30T08:27:41Z,20240530,2024,424,0.64,49.96,13.4514,True,True,True,https://noaa-nws-rtofs-pds.s3.amazonaws.com/rtofs.20240530/rtofs_glo_3dz_f006_6hrly_hvr_US_east.nc
ARGO_GDAC,pfl,aoml/4902352/profiles/D4902352_293.nc|2024-06-09T06:27:33Z|23.83811|-97.00414,aoml/4902352/profiles/D4902352_293.nc,4902352,4902352,23.83811,-97.00414,2024-06-09T06:27:33Z,20240609,2024,529,1.0,1047.52,18.1919,True,True,True,https://noaa-nws-rtofs-pds.s3.amazonaws.com/rtofs.20240609/rtofs_glo_3dz_f006_6hrly_hvr_US_east.nc
ARGO_GDAC,pfl,aoml/4902352/profiles/D4902352_293.nc|2024-06-09T06:27:33Z|23.83811|-97.00414,aoml/4902352/profiles/D4902352_293.nc,4902352,4902352,23.83811,-97.00414,2024-06-09T06:27:33Z,20240609,2024,440,0.64,49.84,18.52,True,True,True,https://noaa-nws-rtofs-pds.s3.amazonaws.com/rtofs.20240609/rtofs_glo_3dz_f006_6hrly_hvr_US_east.nc
ARGO_GDAC,pfl,aoml/4902352/profiles/D4902352_294.nc|2024-06-19T04:29:31Z|23.82194|-96.97950,aoml/4902352/profiles/D4902352_294.nc,4902352,4902352,23.82194,-96.9795,2024-06-19T04:29:31Z,20240619,2024,566,1.16,1121.16,26.1978,True,True,True,https://noaa-nws-rtofs-pds.s3.amazonaws.com/rtofs.20240619/rtofs_glo_3dz_f006_6hrly_hvr_US_east.nc
ARGO_GDAC,pfl,aoml/4902352/profiles/D4902352_294.nc|2024-06-19T04:29:31Z|23.82194|-96.97950,aoml/4902352/profiles/D4902352_294.nc,4902352,4902352,23.82194,-96.9795,2024-06-19T04:29:31Z,20240619,2024,472,0.84,49.76,26.994,True,True,True,https://noaa-nws-rtofs-pds.s3.amazonaws.com/rtofs.20240619/rtofs_glo_3dz_f006_6hrly_hvr_US_east.nc
ARGO_GDAC,pfl,aoml/4902352/profiles/D4902352_295.nc|2024-06-29T02:27:56Z|23.81811|-97.03022,aoml/4902352/profiles/D4902352_295.nc,4902352,4902352,23.81811,-97.03022,2024-06-29T02:27:56Z,20240629,2024,541,1.08,1072.24,20.5254,True,True,True,https://noaa-nws-rtofs-pds.s3.amazonaws.com/rtofs.20240629/rtofs_glo_3dz_f006_6hrly_hvr_US_east.nc
ARGO_GDAC,pfl,aoml/4902352/profiles/D4902352_295.nc|2024-06-29T02:27:56Z|23.81811|-97.03022,aoml/4902352/profiles/D4902352_295.nc,4902352,4902352,23.81811,-97.03022,2024-06-29T02:27:56Z,20240629,2024,452,0.72,49.96,20.8933,True,True,True,https://noaa-nws-rtofs-pds.s3.amazonaws.com/rtofs.20240629/rtofs_glo_3dz_f006_6hrly_hvr_US_east.nc
ARGO_GDAC,pfl,aoml/4902352/profiles/D4902352_296.nc|2024-07-09T00:31:57Z|23.72026|-96.97971,aoml/4902352/profiles/D4902352_296.nc,4902352,4902352,23.72026,-96.97971,2024-07-09T00:31:57Z,20240709,2024,576,1.16,1142.76,14.4654,True,True,True,https://noaa-nws-rtofs-pds.s3.amazonaws.com/rtofs.20240709/rtofs_glo_3dz_f006_6hrly_hvr_US_east.nc
ARGO_GDAC,pfl,aoml/4902352/profiles/D4902352_296.nc|2024-07-09T00:31:57Z|23.72026|-96.97971,aoml/4902352/profiles/D4902352_296.nc,4902352,4902352,23.72026,-96.97971,2024-07-09T00:31:57Z,20240709,2024,506,0.92,49.84,14.1365,True,True,True,https://noaa-nws-rtofs-pds.s3.amazonaws.com/rtofs.20240709/rtofs_glo_3dz_f006_6hrly_hvr_US_east.nc
ARGO_GDAC,pfl,aoml/4902352/profiles/D4902352_297.nc|2024-07-18T23:06:46Z|23.80523|-96.91533,aoml/4902352/profiles/D4902352_297.nc,4902352,4902352,23.80523,-96.91533,2024-07-18T23:06:46Z,20240718,2024,678,1.12,1346.44,32.0332,True,True,True,https://noaa-nws-rtofs-pds.s3.amazonaws.com/rtofs.20240718/rtofs_glo_3dz_f006_6hrly_hvr_US_east.nc
ARGO_GDAC,pfl,aoml/4902352/profiles/D4902352_297.nc|2024-07-18T23:06:46Z|23.80523|-96.91533,aoml/4902352/profiles/D4902352_297.nc,4902352,4902352,23.80523,-96.91533,2024-07-18T23:06:46Z,20240718,2024,491,0.76,49.92,32.12,True,True,True,https://noaa-nws-rtofs-pds.s3.amazonaws.com/rtofs.20240718/rtofs_glo_3dz_f006_6hrly_hvr_US_east.nc
ARGO_GDAC,pfl,aoml/4902352/profiles/D4902352_298.nc|2024-07-28T22:16:55Z|23.67096|-96.88076,aoml/4902352/profiles/D4902352_298.nc,4902352,4902352,23.67096,-96.88076,2024-07-28T22:16:55Z,20240728,2024,815,1.08,1620.28,32.1269,True,True,True,https://noaa-nws-rtofs-pds.s3.amazonaws.com/rtofs.20240728/rtofs_glo_3dz_f006_6hrly_hvr_US_east.nc
ARGO_GDAC,pfl,aoml/4902352/profiles/D4902352_298.nc|2024-07-28T22:16:55Z|23.67096|-96.88076,aoml/4902352/profiles/D4902352_298.nc,4902352,4902352,23.67096,-96.88076,2024-07-28T22:16:55Z,20240728,2024,494,0.72,49.92,32.48,True,True,True,https://noaa-nws-rtofs-pds.s3.amazonaws.com/rtofs.20240728/rtofs_glo_3dz_f006_6hrly_hvr_US_east.nc
ARGO_GDAC,pfl,aoml/4902352/profiles/D4902352_299.nc|2024-08-07T21:11:58Z|23.82451|-96.73451,aoml/4902352/profiles/D4902352_299.nc,4902352,4902352,23.82451,-96.73451,2024-08-07T21:11:58Z,20240807,2024,742,1.12,1473.28,16.8282,True,True,True,https://noaa-nws-rtofs-pds.s3.amazonaws.com/rtofs.20240807/rtofs_glo_3dz_f006_6hrly_hvr_US_east.nc
ARGO_GDAC,pfl,aoml/4902352/profiles/D4902352_299.nc|2024-08-07T21:11:58Z|23.82451|-96.73451,aoml/4902352/profiles/D4902352_299.nc,4902352,4902352,23.82451,-96.73451,2024-08-07T21:11:58Z,20240807,2024,497,0.76,49.88,17.1372,True,True,True,https://noaa-nws-rtofs-pds.s3.amazonaws.com/rtofs.20240807/rtofs_glo_3dz_f006_6hrly_hvr_US_east.nc
ARGO_GDAC,pfl,aoml/4902352/profiles/D4902352_300.nc|2024-08-17T20:30:58Z|24.03806|-96.55178,aoml/4902352/profiles/D4902352_300.nc,4902352,4902352,24.03806,-96.55178,2024-08-17T20:30:58Z,20240817,2024,847,1.04,1683.32,24.2907,True,True,True,https://noaa-nws-rtofs-pds.s3.amazonaws.com/rtofs.20240817/rtofs_glo_3dz_f006_6hrly_hvr_US_east.nc
ARGO_GDAC,pfl,aoml/4902352/profiles/D4902352_300.nc|2024-08-17T20:30:58Z|24.03806|-96.55178,aoml/4902352/profiles/D4902352_300.nc,4902352,4902352,24.03806,-96.55178,2024-08-17T20:30:58Z,20240817,2024,447,0.68,49.84,24.1742,True,True,True,https://noaa-nws-rtofs-pds.s3.amazonaws.com/rtofs.20240817/rtofs_glo_3dz_f006_6hrly_hvr_US_east.nc
ARGO_GDAC,pfl,aoml/4902352/profiles/D4902352_301.nc|2024-08-27T19:17:33Z|24.21576|-96.43614,aoml/4902352/profiles/D4902352_301.nc,4902352,4902352,24.21576,-96.43614,2024-08-27T19:17:33Z,20240827,2024,704,1.0,1397.36,22.6944,True,True,True,https://noaa-nws-rtofs-pds.s3.amazonaws.com/rtofs.20240827/rtofs_glo_3dz_f006_6hrly_hvr_US_east.nc
ARGO_GDAC,pfl,aoml/4902352/profiles/D4902352_301.nc|2024-08-27T19:17:33Z|24.21576|-96.43614,aoml/4902352/profiles/D4902352_301.nc,4902352,4902352,24.21576,-96.43614,2024-08-27T19:17:33Z,20240827,2024,458,0.64,49.8,23.01,True,True,True,https://noaa-nws-rtofs-pds.s3.amazonaws.com/rtofs.20240827/rtofs_glo_3dz_f006_6hrly_hvr_US_east.nc
ARGO_GDAC,pfl,aoml/4902352/profiles/D4902352_302.nc|2024-09-06T17:59:39Z|24.35470|-96.40037,aoml/4902352/profiles/D4902352_302.nc,4902352,4902352,24.3547,-96.40037,2024-09-06T17:59:39Z,20240906,2024,708,1.0,1405.6,26.9794,True,True,True,https://noaa-nws-rtofs-pds.s3.amazonaws.com/rtofs.20240906/rtofs_glo_3dz_f006_6hrly_hvr_US_east.nc
ARGO_GDAC,pfl,aoml/4902352/profiles/D4902352_302.nc|2024-09-06T17:59:39Z|24.35470|-96.40037,aoml/4902352/profiles/D4902352_302.nc,4902352,4902352,24.3547,-96.40037,2024-09-06T17:59:39Z,20240906,2024,439,0.6,49.96,27.12,True,True,True,https://noaa-nws-rtofs-pds.s3.amazonaws.com/rtofs.20240906/rtofs_glo_3dz_f006_6hrly_hvr_US_east.nc
ARGO_GDAC,pfl,aoml/4902352/profiles/D4902352_303.nc|2024-09-16T16:47:14Z|24.38531|-96.48639,aoml/4902352/profiles/D4902352_303.nc,4902352,4902352,24.38531,-96.48639,2024-09-16T16:47:14Z,20240916,2024,705,1.08,1400.52,32.0802,True,True,True,https://noaa-nws-rtofs-pds.s3.amazonaws.com/rtofs.20240916/rtofs_glo_3dz_f006_6hrly_hvr_US_east.nc
ARGO_GDAC,pfl,aoml/4902352/profiles/D4902352_303.nc|2024-09-16T16:47:14Z|24.38531|-96.48639,aoml/4902352/profiles/D4902352_303.nc,4902352,4902352,24.38531,-96.48639,2024-09-16T16:47:14Z,20240916,2024,513,0.68,49.84,32.1,True,True,True,https://noaa-nws-rtofs-pds.s3.amazonaws.com/rtofs.20240916/rtofs_glo_3dz_f006_6hrly_hvr_US_east.nc
ARGO_GDAC,pfl,aoml/4902352/profiles/D4902352_304.nc|2024-09-26T15:53:08Z|24.37752|-96.47577,aoml/4902352/profiles/D4902352_304.nc,4902352,4902352,24.37752,-96.47577,2024-09-26T15:53:08Z,20240926,2024,774,1.08,1538.48,36.2461,True,True,True,https://noaa-nws-rtofs-pds.s3.amazonaws.com/rtofs.20240926/rtofs_glo_3dz_f006_6hrly_hvr_US_east.nc
ARGO_GDAC,pfl,aoml/4902352/profiles/D4902352_304.nc|2024-09-26T15:53:08Z|24.37752|-96.47577,aoml/4902352/profiles/D4902352_304.nc,4902352,4902352,24.37752,-96.47577,2024-09-26T15:53:08Z,20240926,2024,439,0.68,50.0,36.3667,True,True,True,https://noaa-nws-rtofs-pds.s3.amazonaws.com/rtofs.20240926/rtofs_glo_3dz_f006_6hrly_hvr_US_east.nc
ARGO_GDAC,pfl,aoml/4902352/profiles/D4902352_305.nc|2024-10-06T14:23:56Z|24.04542|-96.67351,aoml/4902352/profiles/D4902352_305.nc,4902352,4902352,24.04542,-96.67351,2024-10-06T14:23:56Z,20241006,2024,631,1.08,1252.92,45.6905,True,True,True,https://noaa-nws-rtofs-pds.s3.amazonaws.com/rtofs.20241006/rtofs_glo_3dz_f006_6hrly_hvr_US_east.nc
ARGO_GDAC,pfl,aoml/4902352/profiles/D4902352_305.nc|2024-10-06T14:23:56Z|24.04542|-96.67351,aoml/4902352/profiles/D4902352_305.nc,4902352,4902352,24.04542,-96.67351,2024-10-06T14:23:56Z,20241006,2024,482,0.68,49.84,46.1874,True,True,True,https://noaa-nws-rtofs-pds.s3.amazonaws.com/rtofs.20241006/rtofs_glo_3dz_f006_6hrly_hvr_US_east.nc
ARGO_GDAC,pfl,aoml/4902352/profiles/D4902352_306.nc|2024-10-16T12:43:27Z|23.29052|-96.99545,aoml/4902352/profiles/D4902352_306.nc,4902352,4902352,23.29052,-96.99545,2024-10-16T12:43:27Z,20241016,2024,593,1.0,1176.92,20.5964,True,True,True,https://noaa-nws-rtofs-pds.s3.amazonaws.com/rtofs.20241016/rtofs_glo_3dz_f006_6hrly_hvr_US_east.nc
ARGO_GDAC,pfl,aoml/4902352/profiles/D4902352_306.nc|2024-10-16T12:43:27Z|23.29052|-96.99545,aoml/4902352/profiles/D4902352_306.nc,4902352,4902352,23.29052,-96.99545,2024-10-16T12:43:27Z,20241016,2024,480,0.64,49.92,19.96,True,True,True,https://noaa-nws-rtofs-pds.s3.amazonaws.com/rtofs.20241016/rtofs_glo_3dz_f006_6hrly_hvr_US_east.nc
ARGO_GDAC,pfl,aoml/4902352/profiles/D4902352_307.nc|2024-10-26T10:35:01Z|22.84063|-97.19893,aoml/4902352/profiles/D4902352_307.nc,4902352,4902352,22.84063,-97.19893,2024-10-26T10:35:01Z,20241026,2024,529,1.12,1048.48,42.3348,True,True,True,https://noaa-nws-rtofs-pds.s3.amazonaws.com/rtofs.20241026/rtofs_glo_3dz_f006_6hrly_hvr_US_east.nc
ARGO_GDAC,pfl,aoml/4902352/profiles/D4902352_307.nc|2024-10-26T10:35:01Z|22.84063|-97.19893,aoml/4902352/profiles/D4902352_307.nc,4902352,4902352,22.84063,-97.19893,2024-10-26T10:35:01Z,20241026,2024,416,0.76,49.92,42.9448,True,True,True,https://noaa-nws-rtofs-pds.s3.amazonaws.com/rtofs.20241026/rtofs_glo_3dz_f006_6hrly_hvr_US_east.nc
ARGO_GDAC,pfl,aoml/4902352/profiles/D4902352_308.nc|2024-11-05T08:45:02Z|22.53714|-97.18004,aoml/4902352/profiles/D4902352_308.nc,4902352,4902352,22.53714,-97.18004,2024-11-05T08:45:02Z,20241105,2024,593,1.08,1175.6,52.0015,True,True,True,https://noaa-nws-rtofs-pds.s3.amazonaws.com/rtofs.20241105/rtofs_glo_3dz_f006_6hrly_hvr_US_east.nc
ARGO_GDAC,pfl,aoml/4902352/profiles/D4902352_308.nc|2024-11-05T08:45:02Z|22.53714|-97.18004,aoml/4902352/profiles/D4902352_308.nc,4902352,4902352,22.53714,-97.18004,2024-11-05T08:45:02Z,20241105,2024,525,0.76,49.92,,False,False,True,https://noaa-nws-rtofs-pds.s3.amazonaws.com/rtofs.20241105/rtofs_glo_3dz_f006_6hrly_hvr_US_east.nc
ARGO_GDAC,pfl,aoml/4902352/profiles/D4902352_309.nc|2024-11-15T07:53:01Z|22.37175|-97.03895,aoml/4902352/profiles/D4902352_309.nc,4902352,4902352,22.37175,-97.03895,2024-11-15T07:53:01Z,20241115,2024,791,1.08,1572.64,47.336,True,True,True,https://noaa-nws-rtofs-pds.s3.amazonaws.com/rtofs.20241115/rtofs_glo_3dz_f006_6hrly_hvr_US_east.nc
ARGO_GDAC,pfl,aoml/4902352/profiles/D4902352_309.nc|2024-11-15T07:53:01Z|22.37175|-97.03895,aoml/4902352/profiles/D4902352_309.nc,4902352,4902352,22.37175,-97.03895,2024-11-15T07:53:01Z,20241115,2024,478,0.68,49.92,47.9764,True,True,True,https://noaa-nws-rtofs-pds.s3.amazonaws.com/rtofs.20241115/rtofs_glo_3dz_f006_6hrly_hvr_US_east.nc
ARGO_GDAC,pfl,aoml/4902352/profiles/D4902352_310.nc|2024-11-25T07:32:35Z|22.57383|-96.89212,aoml/4902352/profiles/D4902352_310.nc,4902352,4902352,22.57383,-96.89212,2024-11-25T07:32:35Z,20241125,2024,893,1.12,1776.04,13.9666,True,True,True,https://noaa-nws-rtofs-pds.s3.amazonaws.com/rtofs.20241125/rtofs_glo_3dz_f006_6hrly_hvr_US_east.nc
ARGO_GDAC,pfl,aoml/4902352/profiles/D4902352_310.nc|2024-11-25T07:32:35Z|22.57383|-96.89212,aoml/4902352/profiles/D4902352_310.nc,4902352,4902352,22.57383,-96.89212,2024-11-25T07:32:35Z,20241125,2024,445,0.72,49.8,14.1617,True,True,True,https://noaa-nws-rtofs-pds.s3.amazonaws.com/rtofs.20241125/rtofs_glo_3dz_f006_6hrly_hvr_US_east.nc
ARGO_GDAC,pfl,aoml/4902352/profiles/D4902352_311.nc|2024-12-05T07:20:33Z|22.37330|-96.80346,aoml/4902352/profiles/D4902352_311.nc,4902352,4902352,22.3733,-96.80346,2024-12-05T07:20:33Z,20241205,2024,941,1.04,1871.32,18.7127,True,True,True,https://noaa-nws-rtofs-pds.s3.amazonaws.com/rtofs.20241205/rtofs_glo_3dz_f006_6hrly_hvr_US_east.nc
ARGO_GDAC,pfl,aoml/4902352/profiles/D4902352_311.nc|2024-12-05T07:20:33Z|22.37330|-96.80346,aoml/4902352/profiles/D4902352_311.nc,4902352,4902352,22.3733,-96.80346,2024-12-05T07:20:33Z,20241205,2024,431,0.64,49.88,19.26,True,True,True,https://noaa-nws-rtofs-pds.s3.amazonaws.com/rtofs.20241205/rtofs_glo_3dz_f006_6hrly_hvr_US_east.nc
ARGO_GDAC,pfl,aoml/4902352/profiles/D4902352_312.nc|2024-12-15T06:54:07Z|22.10984|-96.75229,aoml/4902352/profiles/D4902352_312.nc,4902352,4902352,22.10984,-96.75229,2024-12-15T06:54:07Z,20241215,2024,865,1.12,1720.32,50.441,True,True,True,https://noaa-nws-rtofs-pds.s3.amazonaws.com/rtofs.20241215/rtofs_glo_3dz_f006_6hrly_hvr_US_east.nc
ARGO_GDAC,pfl,aoml/4902352/profiles/D4902352_312.nc|2024-12-15T06:54:07Z|22.10984|-96.75229,aoml/4902352/profiles/D4902352_312.nc,4902352,4902352,22.10984,-96.75229,2024-12-15T06:54:07Z,20241215,2024,461,0.72,49.96,,False,False,True,https://noaa-nws-rtofs-pds.s3.amazonaws.com/rtofs.20241215/rtofs_glo_3dz_f006_6hrly_hvr_US_east.nc
ARGO_GDAC,pfl,aoml/4902352/profiles/D4902352_313.nc|2024-12-25T06:48:39Z|21.99751|-96.71064,aoml/4902352/profiles/D4902352_313.nc,4902352,4902352,21.99751,-96.71064,2024-12-25T06:48:39Z,20241225,2024,948,1.12,1885.0,61.3569,True,True,True,https://noaa-nws-rtofs-pds.s3.amazonaws.com/rtofs.20241225/rtofs_glo_3dz_f006_6hrly_hvr_US_east.nc
ARGO_GDAC,pfl,aoml/4902352/profiles/D4902352_313.nc|2024-12-25T06:48:39Z|21.99751|-96.71064,aoml/4902352/profiles/D4902352_313.nc,4902352,4902352,21.99751,-96.71064,2024-12-25T06:48:39Z,20241225,2024,433,0.76,49.92,40.3422,True,True,True,https://noaa-nws-rtofs-pds.s3.amazonaws.com/rtofs.20241225/rtofs_glo_3dz_f006_6hrly_hvr_US_east.nc
ARGO_GDAC,pfl,aoml/4902352/profiles/D4902352_314.nc|2025-01-04T06:22:09Z|22.08185|-96.82772,aoml/4902352/profiles/D4902352_314.nc,4902352,4902352,22.08185,-96.82772,2025-01-04T06:22:09Z,20250104,2025,867,1.04,1724.28,61.4662,True,True,True,https://noaa-nws-rtofs-pds.s3.amazonaws.com/rtofs.20250104/rtofs_glo_3dz_f006_6hrly_hvr_US_east.nc
ARGO_GDAC,pfl,aoml/4902352/profiles/D4902352_314.nc|2025-01-04T06:22:09Z|22.08185|-96.82772,aoml/4902352/profiles/D4902352_314.nc,4902352,4902352,22.08185,-96.82772,2025-01-04T06:22:09Z,20250104,2025,400,0.68,49.84,,False,False,True,https://noaa-nws-rtofs-pds.s3.amazonaws.com/rtofs.20250104/rtofs_glo_3dz_f006_6hrly_hvr_US_east.nc
ARGO_GDAC,pfl,aoml/4902352/profiles/D4902352_315.nc|2025-01-14T06:11:24Z|22.40932|-96.98039,aoml/4902352/profiles/D4902352_315.nc,4902352,4902352,22.40932,-96.98039,2025-01-14T06:11:24Z,20250114,2025,918,0.96,1825.96,85.2469,True,True,True,https://noaa-nws-rtofs-pds.s3.amazonaws.com/rtofs.20250114/rtofs_glo_3dz_f006_6hrly_hvr_US_east.nc
ARGO_GDAC,pfl,aoml/4902352/profiles/D4902352_315.nc|2025-01-14T06:11:24Z|22.40932|-96.98039,aoml/4902352/profiles/D4902352_315.nc,4902352,4902352,22.40932,-96.98039,2025-01-14T06:11:24Z,20250114,2025,358,0.6,49.96,,False,False,True,https://noaa-nws-rtofs-pds.s3.amazonaws.com/rtofs.20250114/rtofs_glo_3dz_f006_6hrly_hvr_US_east.nc
ARGO_GDAC,pfl,aoml/4902352/profiles/D4902352_316.nc|2025-01-24T05:31:11Z|22.68674|-96.97445,aoml/4902352/profiles/D4902352_316.nc,4902352,4902352,22.68674,-96.97445,2025-01-24T05:31:11Z,20250124,2025,798,1.08,1585.36,100.1508,True,False,True,https://noaa-nws-rtofs-pds.s3.amazonaws.com/rtofs.20250124/rtofs_glo_3dz_f006_6hrly_hvr_US_east.nc
ARGO_GDAC,pfl,aoml/4902352/profiles/D4902352_316.nc|2025-01-24T05:31:11Z|22.68674|-96.97445,aoml/4902352/profiles/D4902352_316.nc,4902352,4902352,22.68674,-96.97445,2025-01-24T05:31:11Z,20250124,2025,347,0.68,49.92,,False,False,True,https://noaa-nws-rtofs-pds.s3.amazonaws.com/rtofs.20250124/rtofs_glo_3dz_f006_6hrly_hvr_US_east.nc
ARGO_GDAC,pfl,aoml/4902352/profiles/D4902352_317.nc|2025-02-03T04:41:03Z|22.68077|-96.58490,aoml/4902352/profiles/D4902352_317.nc,4902352,4902352,22.68077,-96.5849,2025-02-03T04:41:03Z,20250203,2025,1011,1.08,2012.36,64.0695,True,True,True,https://noaa-nws-rtofs-pds.s3.amazonaws.com/rtofs.20250203/rtofs_glo_3dz_f006_6hrly_hvr_US_east.nc
ARGO_GDAC,pfl,aoml/4902352/profiles/D4902352_317.nc|2025-02-03T04:41:03Z|22.68077|-96.58490,aoml/4902352/profiles/D4902352_317.nc,4902352,4902352,22.68077,-96.5849,2025-02-03T04:41:03Z,20250203,2025,427,0.68,49.84,,False,False,True,https://noaa-nws-rtofs-pds.s3.amazonaws.com/rtofs.20250203/rtofs_glo_3dz_f006_6hrly_hvr_US_east.nc
ARGO_GDAC,pfl,aoml/4902352/profiles/D4902352_318.nc|2025-02-13T03:28:46Z|22.15149|-96.68089,aoml/4902352/profiles/D4902352_318.nc,4902352,4902352,22.15149,-96.68089,2025-02-13T03:28:46Z,20250213,2025,1008,1.08,2005.2,23.6222,True,True,True,https://noaa-nws-rtofs-pds.s3.amazonaws.com/rtofs.20250213/rtofs_glo_3dz_f006_6hrly_hvr_US_east.nc
ARGO_GDAC,pfl,aoml/4902352/profiles/D4902352_318.nc|2025-02-13T03:28:46Z|22.15149|-96.68089,aoml/4902352/profiles/D4902352_318.nc,4902352,4902352,22.15149,-96.68089,2025-02-13T03:28:46Z,20250213,2025,424,0.8,49.96,23.68,True,True,True,https://noaa-nws-rtofs-pds.s3.amazonaws.com/rtofs.20250213/rtofs_glo_3dz_f006_6hrly_hvr_US_east.nc
ARGO_GDAC,pfl,aoml/4902352/profiles/D4902352_319.nc|2025-02-23T03:37:55Z|21.92962|-96.78319,aoml/4902352/profiles/D4902352_319.nc,4902352,4902352,21.92962,-96.78319,2025-02-23T03:37:55Z,20250223,2025,958,1.04,1905.88,118.533,True,False,True,https://noaa-nws-rtofs-pds.s3.amazonaws.com/rtofs.20250223/rtofs_glo_3dz_f006_6hrly_hvr_US_east.nc
ARGO_GDAC,pfl,aoml/4902352/profiles/D4902352_319.nc|2025-02-23T03:37:55Z|21.92962|-96.78319,aoml/4902352/profiles/D4902352_319.nc,4902352,4902352,21.92962,-96.78319,2025-02-23T03:37:55Z,20250223,2025,357,0.68,49.88,,False,False,True,https://noaa-nws-rtofs-pds.s3.amazonaws.com/rtofs.20250223/rtofs_glo_3dz_f006_6hrly_hvr_US_east.nc
ARGO_GDAC,pfl,aoml/4902352/profiles/D4902352_320.nc|2025-03-05T03:27:11Z|21.19802|-96.43764,aoml/4902352/profiles/D4902352_320.nc,4902352,4902352,21.19802,-96.43764,2025-03-05T03:27:11Z,20250305,2025,877,1.12,1743.08,17.1857,True,True,True,https://noaa-nws-rtofs-pds.s3.amazonaws.com/rtofs.20250305/rtofs_glo_3dz_f006_6hrly_hvr_US_east.nc
ARGO_GDAC,pfl,aoml/4902352/profiles/D4902352_320.nc|2025-03-05T03:27:11Z|21.19802|-96.43764,aoml/4902352/profiles/D4902352_320.nc,4902352,4902352,21.19802,-96.43764,2025-03-05T03:27:11Z,20250305,2025,413,0.76,49.84,17.3,True,True,True,https://noaa-nws-rtofs-pds.s3.amazonaws.com/rtofs.20250305/rtofs_glo_3dz_f006_6hrly_hvr_US_east.nc
ARGO_GDAC,pfl,aoml/4902352/profiles/D4902352_321.nc|2025-03-15T02:41:50Z|20.68675|-96.31186,aoml/4902352/profiles/D4902352_321.nc,4902352,4902352,20.68675,-96.31186,2025-03-15T02:41:50Z,20250315,2025,756,1.08,1501.08,40.6105,True,True,True,https://noaa-nws-rtofs-pds.s3.amazonaws.com/rtofs.20250315/rtofs_glo_3dz_f006_6hrly_hvr_US_east.nc
ARGO_GDAC,pfl,aoml/4902352/profiles/D4902352_321.nc|2025-03-15T02:41:50Z|20.68675|-96.31186,aoml/4902352/profiles/D4902352_321.nc,4902352,4902352,20.68675,-96.31186,2025-03-15T02:41:50Z,20250315,2025,448,0.72,49.8,40.2001,True,True,True,https://noaa-nws-rtofs-pds.s3.amazonaws.com/rtofs.20250315/rtofs_glo_3dz_f006_6hrly_hvr_US_east.nc
ARGO_GDAC,pfl,aoml/4902352/profiles/D4902352_322.nc|2025-03-25T02:24:21Z|19.96527|-96.01460,aoml/4902352/profiles/D4902352_322.nc,4902352,4902352,19.96527,-96.0146,2025-03-25T02:24:21Z,20250325,2025,803,1.04,1596.04,19.2574,True,True,True,https://noaa-nws-rtofs-pds.s3.amazonaws.com/rtofs.20250325/rtofs_glo_3dz_f006_6hrly_hvr_US_east.nc
ARGO_GDAC,pfl,aoml/4902352/profiles/D4902352_322.nc|2025-03-25T02:24:21Z|19.96527|-96.01460,aoml/4902352/profiles/D4902352_322.nc,4902352,4902352,19.96527,-96.0146,2025-03-25T02:24:21Z,20250325,2025,432,0.6,49.84,18.2001,True,True,True,https://noaa-nws-rtofs-pds.s3.amazonaws.com/rtofs.20250325/rtofs_glo_3dz_f006_6hrly_hvr_US_east.nc
ARGO_GDAC,pfl,aoml/4902352/profiles/D4902352_323.nc|2025-04-04T01:53:40Z|19.13050|-94.79094,aoml/4902352/profiles/D4902352_323.nc,4902352,4902352,19.1305,-94.79094,2025-04-04T01:53:40Z,20250404,2025,719,1.12,1427.24,12.3722,True,True,True,https://noaa-nws-rtofs-pds.s3.amazonaws.com/rtofs.20250404/rtofs_glo_3dz_f006_6hrly_hvr_US_east.nc
ARGO_GDAC,pfl,aoml/4902352/profiles/D4902352_323.nc|2025-04-04T01:53:40Z|19.13050|-94.79094,aoml/4902352/profiles/D4902352_323.nc,4902352,4902352,19.1305,-94.79094,2025-04-04T01:53:40Z,20250404,2025,441,0.84,49.92,12.6133,True,True,True,https://noaa-nws-rtofs-pds.s3.amazonaws.com/rtofs.20250404/rtofs_glo_3dz_f006_6hrly_hvr_US_east.nc
ARGO_GDAC,pfl,aoml/4903232/profiles/D4903232_340.nc|2024-01-03T15:59:01Z|26.51801|-95.32563,aoml/4903232/profiles/D4903232_340.nc,4903232,4903232,26.51801,-95.32563,2024-01-03T15:59:01Z,20240103,2024,843,0.48,1674.0,76.5426,True,True,False,
ARGO_GDAC,pfl,aoml/4903232/profiles/D4903232_340.nc|2024-01-03T15:59:01Z|26.51801|-95.32563,aoml/4903232/profiles/D4903232_340.nc,4903232,4903232,26.51801,-95.32563,2024-01-03T15:59:01Z,20240103,2024,869,0.48,99.96,77.6137,True,True,False,
ARGO_GDAC,pfl,aoml/4903232/profiles/D4903232_341.nc|2024-01-08T15:26:26Z|26.23023|-95.46790,aoml/4903232/profiles/D4903232_341.nc,4903232,4903232,26.23023,-95.4679,2024-01-08T15:26:26Z,20240108,2024,796,0.44,1579.36,78.3337,True,True,False,
ARGO_GDAC,pfl,aoml/4903232/profiles/D4903232_341.nc|2024-01-08T15:26:26Z|26.23023|-95.46790,aoml/4903232/profiles/D4903232_341.nc,4903232,4903232,26.23023,-95.4679,2024-01-08T15:26:26Z,20240108,2024,846,0.36,99.88,79.0759,True,True,False,
ARGO_GDAC,pfl,aoml/4903232/profiles/D4903232_342.nc|2024-01-13T15:29:07Z|26.04212|-95.43450,aoml/4903232/profiles/D4903232_342.nc,4903232,4903232,26.04212,-95.4345,2024-01-13T15:29:07Z,20240113,2024,937,1.0,1864.12,81.9321,True,True,False,
ARGO_GDAC,pfl,aoml/4903232/profiles/D4903232_342.nc|2024-01-13T15:29:07Z|26.04212|-95.43450,aoml/4903232/profiles/D4903232_342.nc,4903232,4903232,26.04212,-95.4345,2024-01-13T15:29:07Z,20240113,2024,796,0.64,99.88,82.0152,True,True,False,
ARGO_GDAC,pfl,aoml/4903232/profiles/D4903232_343.nc|2024-01-18T15:42:51Z|25.94327|-95.45626,aoml/4903232/profiles/D4903232_343.nc,4903232,4903232,25.94327,-95.45626,2024-01-18T15:42:51Z,20240118,2024,952,0.92,1893.72,81.618,True,True,False,
ARGO_GDAC,pfl,aoml/4903232/profiles/D4903232_343.nc|2024-01-18T15:42:51Z|25.94327|-95.45626,aoml/4903232/profiles/D4903232_343.nc,4903232,4903232,25.94327,-95.45626,2024-01-18T15:42:51Z,20240118,2024,844,0.6,99.92,82.0,True,True,False,
ARGO_GDAC,pfl,aoml/4903232/profiles/D4903232_344.nc|2024-01-23T13:44:50Z|25.84690|-95.46114,aoml/4903232/profiles/D4903232_344.nc,4903232,4903232,25.8469,-95.46114,2024-01-23T13:44:50Z,20240123,2024,1014,1.04,2018.2,94.379,True,True,False,
ARGO_GDAC,pfl,aoml/4903232/profiles/D4903232_344.nc|2024-01-23T13:44:50Z|25.84690|-95.46114,aoml/4903232/profiles/D4903232_344.nc,4903232,4903232,25.8469,-95.46114,2024-01-23T13:44:50Z,20240123,2024,865,0.64,99.88,95.118,True,True,False,
ARGO_GDAC,pfl,aoml/4903232/profiles/D4903232_345.nc|2024-01-28T11:56:16Z|25.57475|-95.36944,aoml/4903232/profiles/D4903232_345.nc,4903232,4903232,25.57475,-95.36944,2024-01-28T11:56:16Z,20240128,2024,1010,1.08,2009.88,93.6429,True,True,True,https://noaa-nws-rtofs-pds.s3.amazonaws.com/rtofs.20240128/rtofs_glo_3dz_f006_6hrly_hvr_US_east.nc
ARGO_GDAC,pfl,aoml/4903232/profiles/D4903232_345.nc|2024-01-28T11:56:16Z|25.57475|-95.36944,aoml/4903232/profiles/D4903232_345.nc,4903232,4903232,25.57475,-95.36944,2024-01-28T11:56:16Z,20240128,2024,838,0.64,99.88,93.6629,True,True,True,https://noaa-nws-rtofs-pds.s3.amazonaws.com/rtofs.20240128/rtofs_glo_3dz_f006_6hrly_hvr_US_east.nc
ARGO_GDAC,pfl,aoml/4903232/profiles/D4903232_346.nc|2024-02-02T11:51:47Z|25.48959|-95.35506,aoml/4903232/profiles/D4903232_346.nc,4903232,4903232,25.48959,-95.35506,2024-02-02T11:51:47Z,20240202,2024,895,1.0,1779.36,52.3083,True,True,True,https://noaa-nws-rtofs-pds.s3.amazonaws.com/rtofs.20240202/rtofs_glo_3dz_f006_6hrly_hvr_US_east.nc
ARGO_GDAC,pfl,aoml/4903232/profiles/D4903232_346.nc|2024-02-02T11:51:47Z|25.48959|-95.35506,aoml/4903232/profiles/D4903232_346.nc,4903232,4903232,25.48959,-95.35506,2024-02-02T11:51:47Z,20240202,2024,866,0.56,99.96,52.4752,True,True,True,https://noaa-nws-rtofs-pds.s3.amazonaws.com/rtofs.20240202/rtofs_glo_3dz_f006_6hrly_hvr_US_east.nc
ARGO_GDAC,pfl,aoml/4903232/profiles/D4903232_347.nc|2024-02-07T10:13:04Z|25.46342|-95.38526,aoml/4903232/profiles/D4903232_347.nc,4903232,4903232,25.46342,-95.38526,2024-02-07T10:13:04Z,20240207,2024,1009,0.48,2006.52,60.1996,True,True,True,https://noaa-nws-rtofs-pds.s3.amazonaws.com/rtofs.20240207/rtofs_glo_3dz_f006_6hrly_hvr_US_east.nc
ARGO_GDAC,pfl,aoml/4903232/profiles/D4903232_347.nc|2024-02-07T10:13:04Z|25.46342|-95.38526,aoml/4903232/profiles/D4903232_347.nc,4903232,4903232,25.46342,-95.38526,2024-02-07T10:13:04Z,20240207,2024,891,0.48,100.0,60.535,True,True,True,https://noaa-nws-rtofs-pds.s3.amazonaws.com/rtofs.20240207/rtofs_glo_3dz_f006_6hrly_hvr_US_east.nc
ARGO_GDAC,pfl,aoml/4903232/profiles/D4903232_348.nc|2024-02-12T08:22:08Z|25.28401|-95.48649,aoml/4903232/profiles/D4903232_348.nc,4903232,4903232,25.28401,-95.48649,2024-02-12T08:22:08Z,20240212,2024,1007,1.0,2003.32,35.3468,True,True,True,https://noaa-nws-rtofs-pds.s3.amazonaws.com/rtofs.20240212/rtofs_glo_3dz_f006_6hrly_hvr_US_east.nc
ARGO_GDAC,pfl,aoml/4903232/profiles/D4903232_348.nc|2024-02-12T08:22:08Z|25.28401|-95.48649,aoml/4903232/profiles/D4903232_348.nc,4903232,4903232,25.28401,-95.48649,2024-02-12T08:22:08Z,20240212,2024,805,0.68,99.88,35.2747,True,True,True,https://noaa-nws-rtofs-pds.s3.amazonaws.com/rtofs.20240212/rtofs_glo_3dz_f006_6hrly_hvr_US_east.nc
ARGO_GDAC,pfl,aoml/4903232/profiles/D4903232_349.nc|2024-02-17T06:28:41Z|25.08480|-95.52309,aoml/4903232/profiles/D4903232_349.nc,4903232,4903232,25.0848,-95.52309,2024-02-17T06:28:41Z,20240217,2024,1008,1.04,2005.2,107.3026,True,False,True,https://noaa-nws-rtofs-pds.s3.amazonaws.com/rtofs.20240217/rtofs_glo_3dz_f006_6hrly_hvr_US_east.nc
ARGO_GDAC,pfl,aoml/4903232/profiles/D4903232_349.nc|2024-02-17T06:28:41Z|25.08480|-95.52309,aoml/4903232/profiles/D4903232_349.nc,4903232,4903232,25.0848,-95.52309,2024-02-17T06:28:41Z,20240217,2024,875,0.68,99.96,,False,False,True,https://noaa-nws-rtofs-pds.s3.amazonaws.com/rtofs.20240217/rtofs_glo_3dz_f006_6hrly_hvr_US_east.nc
ARGO_GDAC,pfl,aoml/4903232/profiles/D4903232_350.nc|2024-02-22T04:39:51Z|25.03143|-95.55453,aoml/4903232/profiles/D4903232_350.nc,4903232,4903232,25.03143,-95.55453,2024-02-22T04:39:51Z,20240222,2024,1009,0.48,2005.28,111.2644,True,False,True,https://noaa-nws-rtofs-pds.s3.amazonaws.com/rtofs.20240222/rtofs_glo_3dz_f006_6hrly_hvr_US_east.nc
ARGO_GDAC,pfl,aoml/4903232/profiles/D4903232_350.nc|2024-02-22T04:39:51Z|25.03143|-95.55453,aoml/4903232/profiles/D4903232_350.nc,4903232,4903232,25.03143,-95.55453,2024-02-22T04:39:51Z,20240222,2024,894,0.48,99.92,,False,False,True,https://noaa-nws-rtofs-pds.s3.amazonaws.com/rtofs.20240222/rtofs_glo_3dz_f006_6hrly_hvr_US_east.nc
ARGO_GDAC,pfl,aoml/4903232/profiles/D4903232_351.nc|2024-02-27T03:02:35Z|25.02469|-95.62468,aoml/4903232/profiles/D4903232_351.nc,4903232,4903232,25.02469,-95.62468,2024-02-27T03:02:35Z,20240227,2024,1010,1.08,2009.4,109.7544,True,False,True,https://noaa-nws-rtofs-pds.s3.amazonaws.com/rtofs.20240227/rtofs_glo_3dz_f006_6hrly_hvr_US_east.nc
ARGO_GDAC,pfl,aoml/4903232/profiles/D4903232_351.nc|2024-02-27T03:02:35Z|25.02469|-95.62468,aoml/4903232/profiles/D4903232_351.nc,4903232,4903232,25.02469,-95.62468,2024-02-27T03:02:35Z,20240227,2024,844,0.72,99.92,,False,False,True,https://noaa-nws-rtofs-pds.s3.amazonaws.com/rtofs.20240227/rtofs_glo_3dz_f006_6hrly_hvr_US_east.nc
ARGO_GDAC,pfl,aoml/4903232/profiles/D4903232_352.nc|2024-03-03T01:07:13Z|25.02977|-95.65764,aoml/4903232/profiles/D4903232_352.nc,4903232,4903232,25.02977,-95.65764,2024-03-03T01:07:13Z,20240303,2024,1008,1.12,2006.64,43.4041,True,True,True,https://noaa-nws-rtofs-pds.s3.amazonaws.com/rtofs.20240303/rtofs_glo_3dz_f006_6hrly_hvr_US_east.nc
ARGO_GDAC,pfl,aoml/4903232/profiles/D4903232_352.nc|2024-03-03T01:07:13Z|25.02977|-95.65764,aoml/4903232/profiles/D4903232_352.nc,4903232,4903232,25.02977,-95.65764,2024-03-03T01:07:13Z,20240303,2024,835,0.68,99.88,42.8399,True,True,True,https://noaa-nws-rtofs-pds.s3.amazonaws.com/rtofs.20240303/rtofs_glo_3dz_f006_6hrly_hvr_US_east.nc
ARGO_GDAC,pfl,aoml/4903232/profiles/D4903232_353.nc|2024-03-07T23:15:35Z|24.98354|-95.75989,aoml/4903232/profiles/D4903232_353.nc,4903232,4903232,24.98354,-95.75989,2024-03-07T23:15:35Z,20240307,2024,1007,1.0,2003.84,20.838,True,True,True,https://noaa-nws-rtofs-pds.s3.amazonaws.com/rtofs.20240307/rtofs_glo_3dz_f006_6hrly_hvr_US_east.nc
ARGO_GDAC,pfl,aoml/4903232/profiles/D4903232_353.nc|2024-03-07T23:15:35Z|24.98354|-95.75989,aoml/4903232/profiles/D4903232_353.nc,4903232,4903232,24.98354,-95.75989,2024-03-07T23:15:35Z,20240307,2024,837,0.56,99.88,20.8212,True,True,True,https://noaa-nws-rtofs-pds.s3.amazonaws.com/rtofs.20240307/rtofs_glo_3dz_f006_6hrly_hvr_US_east.nc
ARGO_GDAC,pfl,aoml/4903232/profiles/D4903232_354.nc|2024-03-12T21:27:17Z|24.60724|-96.04782,aoml/4903232/profiles/D4903232_354.nc,4903232,4903232,24.60724,-96.04782,2024-03-12T21:27:17Z,20240312,2024,1008,1.0,2006.08,54.7393,True,True,True,https://noaa-nws-rtofs-pds.s3.amazonaws.com/rtofs.20240312/rtofs_glo_3dz_f006_6hrly_hvr_US_east.nc
ARGO_GDAC,pfl,aoml/4903232/profiles/D4903232_354.nc|2024-03-12T21:27:17Z|24.60724|-96.04782,aoml/4903232/profiles/D4903232_354.nc,4903232,4903232,24.60724,-96.04782,2024-03-12T21:27:17Z,20240312,2024,850,0.6,100.0,54.8982,True,True,True,https://noaa-nws-rtofs-pds.s3.amazonaws.com/rtofs.20240312/rtofs_glo_3dz_f006_6hrly_hvr_US_east.nc
ARGO_GDAC,pfl,aoml/4903232/profiles/D4903232_355.nc|2024-03-17T19:26:51Z|24.46822|-96.16678,aoml/4903232/profiles/D4903232_355.nc,4903232,4903232,24.46822,-96.16678,2024-03-17T19:26:51Z,20240317,2024,1009,1.04,2008.28,18.7261,True,True,True,https://noaa-nws-rtofs-pds.s3.amazonaws.com/rtofs.20240317/rtofs_glo_3dz_f006_6hrly_hvr_US_east.nc
ARGO_GDAC,pfl,aoml/4903232/profiles/D4903232_355.nc|2024-03-17T19:26:51Z|24.46822|-96.16678,aoml/4903232/profiles/D4903232_355.nc,4903232,4903232,24.46822,-96.16678,2024-03-17T19:26:51Z,20240317,2024,864,0.76,100.0,18.9943,True,True,True,https://noaa-nws-rtofs-pds.s3.amazonaws.com/rtofs.20240317/rtofs_glo_3dz_f006_6hrly_hvr_US_east.nc
ARGO_GDAC,pfl,aoml/4903232/profiles/D4903232_356.nc|2024-03-22T17:38:02Z|24.30928|-96.11654,aoml/4903232/profiles/D4903232_356.nc,4903232,4903232,24.30928,-96.11654,2024-03-22T17:38:02Z,20240322,2024,1008,1.0,2005.28,41.7161,True,True,True,https://noaa-nws-rtofs-pds.s3.amazonaws.com/rtofs.20240322/rtofs_glo_3dz_f006_6hrly_hvr_US_east.nc
ARGO_GDAC,pfl,aoml/4903232/profiles/D4903232_356.nc|2024-03-22T17:38:02Z|24.30928|-96.11654,aoml/4903232/profiles/D4903232_356.nc,4903232,4903232,24.30928,-96.11654,2024-03-22T17:38:02Z,20240322,2024,862,0.6,100.0,41.3599,True,True,True,https://noaa-nws-rtofs-pds.s3.amazonaws.com/rtofs.20240322/rtofs_glo_3dz_f006_6hrly_hvr_US_east.nc
ARGO_GDAC,pfl,aoml/4903232/profiles/D4903232_357.nc|2024-03-27T16:00:40Z|23.94823|-96.19011,aoml/4903232/profiles/D4903232_357.nc,4903232,4903232,23.94823,-96.19011,2024-03-27T16:00:40Z,20240327,2024,1010,0.96,2010.32,46.8624,True,True,True,https://noaa-nws-rtofs-pds.s3.amazonaws.com/rtofs.20240327/rtofs_glo_3dz_f006_6hrly_hvr_US_east.nc
ARGO_GDAC,pfl,aoml/4903232/profiles/D4903232_357.nc|2024-03-27T16:00:40Z|23.94823|-96.19011,aoml/4903232/profiles/D4903232_357.nc,4903232,4903232,23.94823,-96.19011,2024-03-27T16:00:40Z,20240327,2024,873,0.56,100.0,47.2828,True,True,True,https://noaa-nws-rtofs-pds.s3.amazonaws.com/rtofs.20240327/rtofs_glo_3dz_f006_6hrly_hvr_US_east.nc
ARGO_GDAC,pfl,aoml/4903232/profiles/D4903232_358.nc|2024-04-01T14:01:37Z|23.94817|-96.18386,aoml/4903232/profiles/D4903232_358.nc,4903232,4903232,23.94817,-96.18386,2024-04-01T14:01:37Z,20240401,2024,1009,0.48,2005.28,22.8162,True,True,True,https://noaa-nws-rtofs-pds.s3.amazonaws.com/rtofs.20240401/rtofs_glo_3dz_f006_6hrly_hvr_US_east.nc
ARGO_GDAC,pfl,aoml/4903232/profiles/D4903232_358.nc|2024-04-01T14:01:37Z|23.94817|-96.18386,aoml/4903232/profiles/D4903232_358.nc,4903232,4903232,23.94817,-96.18386,2024-04-01T14:01:37Z,20240401,2024,816,0.48,99.92,21.6914,True,True,True,https://noaa-nws-rtofs-pds.s3.amazonaws.com/rtofs.20240401/rtofs_glo_3dz_f006_6hrly_hvr_US_east.nc
ARGO_GDAC,pfl,aoml/4903232/profiles/D4903232_359.nc|2024-04-06T12:11:21Z|24.08281|-95.99491,aoml/4903232/profiles/D4903232_359.nc,4903232,4903232,24.08281,-95.99491,2024-04-06T12:11:21Z,20240406,2024,1008,0.92,2005.84,57.7738,True,True,True,https://noaa-nws-rtofs-pds.s3.amazonaws.com/rtofs.20240406/rtofs_glo_3dz_f006_6hrly_hvr_US_east.nc
ARGO_GDAC,pfl,aoml/4903232/profiles/D4903232_359.nc|2024-04-06T12:11:21Z|24.08281|-95.99491,aoml/4903232/profiles/D4903232_359.nc,4903232,4903232,24.08281,-95.99491,2024-04-06T12:11:21Z,20240406,2024,817,0.52,99.88,57.8234,True,True,True,https://noaa-nws-rtofs-pds.s3.amazonaws.com/rtofs.20240406/rtofs_glo_3dz_f006_6hrly_hvr_US_east.nc
ARGO_GDAC,pfl,aoml/4903232/profiles/D4903232_360.nc|2024-04-11T10:24:05Z|24.00752|-95.89445,aoml/4903232/profiles/D4903232_360.nc,4903232,4903232,24.00752,-95.89445,2024-04-11T10:24:05Z,20240411,2024,1007,1.08,2004.4,73.9824,True,True,True,https://noaa-nws-rtofs-pds.s3.amazonaws.com/rtofs.20240411/rtofs_glo_3dz_f006_6hrly_hvr_US_east.nc
ARGO_GDAC,pfl,aoml/4903232/profiles/D4903232_360.nc|2024-04-11T10:24:05Z|24.00752|-95.89445,aoml/4903232/profiles/D4903232_360.nc,4903232,4903232,24.00752,-95.89445,2024-04-11T10:24:05Z,20240411,2024,832,0.6,100.0,73.754,True,True,True,https://noaa-nws-rtofs-pds.s3.amazonaws.com/rtofs.20240411/rtofs_glo_3dz_f006_6hrly_hvr_US_east.nc
ARGO_GDAC,pfl,aoml/4903232/profiles/D4903232_361.nc|2024-04-16T08:26:01Z|23.79516|-96.04012,aoml/4903232/profiles/D4903232_361.nc,4903232,4903232,23.79516,-96.04012,2024-04-16T08:26:01Z,20240416,2024,1012,1.08,2013.48,35.8433,True,True,True,https://noaa-nws-rtofs-pds.s3.amazonaws.com/rtofs.20240416/rtofs_glo_3dz_f006_6hrly_hvr_US_east.nc
ARGO_GDAC,pfl,aoml/4903232/profiles/D4903232_361.nc|2024-04-16T08:26:01Z|23.79516|-96.04012,aoml/4903232/profiles/D4903232_361.nc,4903232,4903232,23.79516,-96.04012,2024-04-16T08:26:01Z,20240416,2024,882,0.8,99.96,35.576,True,True,True,https://noaa-nws-rtofs-pds.s3.amazonaws.com/rtofs.20240416/rtofs_glo_3dz_f006_6hrly_hvr_US_east.nc
ARGO_GDAC,pfl,aoml/4903232/profiles/D4903232_362.nc|2024-04-21T06:27:44Z|23.56569|-96.18237,aoml/4903232/profiles/D4903232_362.nc,4903232,4903232,23.56569,-96.18237,2024-04-21T06:27:44Z,20240421,2024,1008,1.04,2005.84,14.9227,True,True,True,https://noaa-nws-rtofs-pds.s3.amazonaws.com/rtofs.20240421/rtofs_glo_3dz_f006_6hrly_hvr_US_east.nc
ARGO_GDAC,pfl,aoml/4903232/profiles/D4903232_362.nc|2024-04-21T06:27:44Z|23.56569|-96.18237,aoml/4903232/profiles/D4903232_362.nc,4903232,4903232,23.56569,-96.18237,2024-04-21T06:27:44Z,20240421,2024,849,0.68,99.96,14.5543,True,True,True,https://noaa-nws-rtofs-pds.s3.amazonaws.com/rtofs.20240421/rtofs_glo_3dz_f006_6hrly_hvr_US_east.nc
ARGO_GDAC,pfl,aoml/4903232/profiles/D4903232_363.nc|2024-04-26T04:40:01Z|23.40542|-96.28757,aoml/4903232/profiles/D4903232_363.nc,4903232,4903232,23.40542,-96.28757,2024-04-26T04:40:01Z,20240426,2024,1010,1.12,2009.0,18.5946,True,True,True,https://noaa-nws-rtofs-pds.s3.amazonaws.com/rtofs.20240426/rtofs_glo_3dz_f006_6hrly_hvr_US_east.nc
ARGO_GDAC,pfl,aoml/4903232/profiles/D4903232_363.nc|2024-04-26T04:40:01Z|23.40542|-96.28757,aoml/4903232/profiles/D4903232_363.nc,4903232,4903232,23.40542,-96.28757,2024-04-26T04:40:01Z,20240426,2024,888,0.88,99.96,15.6629,True,True,True,https://noaa-nws-rtofs-pds.s3.amazonaws.com/rtofs.20240426/rtofs_glo_3dz_f006_6hrly_hvr_US_east.nc
ARGO_GDAC,pfl,aoml/4903232/profiles/D4903232_364.nc|2024-05-01T02:47:09Z|23.51146|-96.26124,aoml/4903232/profiles/D4903232_364.nc,4903232,4903232,23.51146,-96.26124,2024-05-01T02:47:09Z,20240501,2024,1009,1.0,2007.36,14.3832,True,True,True,https://noaa-nws-rtofs-pds.s3.amazonaws.com/rtofs.20240501/rtofs_glo_3dz_f006_6hrly_hvr_US_east.nc
ARGO_GDAC,pfl,aoml/4903232/profiles/D4903232_364.nc|2024-05-01T02:47:09Z|23.51146|-96.26124,aoml/4903232/profiles/D4903232_364.nc,4903232,4903232,23.51146,-96.26124,2024-05-01T02:47:09Z,20240501,2024,878,0.56,99.96,14.1933,True,True,True,https://noaa-nws-rtofs-pds.s3.amazonaws.com/rtofs.20240501/rtofs_glo_3dz_f006_6hrly_hvr_US_east.nc
ARGO_GDAC,pfl,aoml/4903232/profiles/D4903232_365.nc|2024-05-06T00:54:29Z|23.59423|-96.21248,aoml/4903232/profiles/D4903232_365.nc,4903232,4903232,23.59423,-96.21248,2024-05-06T00:54:29Z,20240506,2024,1008,1.0,2006.0,14.6093,True,True,True,https://noaa-nws-rtofs-pds.s3.amazonaws.com/rtofs.20240506/rtofs_glo_3dz_f006_6hrly_hvr_US_east.nc
ARGO_GDAC,pfl,aoml/4903232/profiles/D4903232_365.nc|2024-05-06T00:54:29Z|23.59423|-96.21248,aoml/4903232/profiles/D4903232_365.nc,4903232,4903232,23.59423,-96.21248,2024-05-06T00:54:29Z,20240506,2024,886,0.6,99.92,14.1072,True,True,True,https://noaa-nws-rtofs-pds.s3.amazonaws.com/rtofs.20240506/rtofs_glo_3dz_f006_6hrly_hvr_US_east.nc
ARGO_GDAC,pfl,aoml/4903232/profiles/D4903232_366.nc|2024-05-10T23:15:57Z|23.58375|-96.28723,aoml/4903232/profiles/D4903232_366.nc,4903232,4903232,23.58375,-96.28723,2024-05-10T23:15:57Z,20240510,2024,1010,1.08,2010.48,12.5226,True,True,True,https://noaa-nws-rtofs-pds.s3.amazonaws.com/rtofs.20240510/rtofs_glo_3dz_f006_6hrly_hvr_US_east.nc
ARGO_GDAC,pfl,aoml/4903232/profiles/D4903232_366.nc|2024-05-10T23:15:57Z|23.58375|-96.28723,aoml/4903232/profiles/D4903232_366.nc,4903232,4903232,23.58375,-96.28723,2024-05-10T23:15:57Z,20240510,2024,881,0.68,99.84,12.1833,True,True,True,https://noaa-nws-rtofs-pds.s3.amazonaws.com/rtofs.20240510/rtofs_glo_3dz_f006_6hrly_hvr_US_east.nc
ARGO_GDAC,pfl,aoml/4903232/profiles/D4903232_367.nc|2024-05-15T21:27:19Z|23.58428|-96.29978,aoml/4903232/profiles/D4903232_367.nc,4903232,4903232,23.58428,-96.29978,2024-05-15T21:27:19Z,20240515,2024,1008,1.04,2006.4,11.5176,True,True,True,https://noaa-nws-rtofs-pds.s3.amazonaws.com/rtofs.20240515/rtofs_glo_3dz_f006_6hrly_hvr_US_east.nc
ARGO_GDAC,pfl,aoml/4903232/profiles/D4903232_367.nc|2024-05-15T21:27:19Z|23.58428|-96.29978,aoml/4903232/profiles/D4903232_367.nc,4903232,4903232,23.58428,-96.29978,2024-05-15T21:27:19Z,20240515,2024,889,0.6,99.92,11.6051,True,True,True,https://noaa-nws-rtofs-pds.s3.amazonaws.com/rtofs.20240515/rtofs_glo_3dz_f006_6hrly_hvr_US_east.nc
ARGO_GDAC,pfl,aoml/4903232/profiles/D4903232_368.nc|2024-05-20T19:45:28Z|23.55933|-96.33664,aoml/4903232/profiles/D4903232_368.nc,4903232,4903232,23.55933,-96.33664,2024-05-20T19:45:28Z,20240520,2024,1012,1.0,2014.4,14.0178,True,True,True,https://noaa-nws-rtofs-pds.s3.amazonaws.com/rtofs.20240520/rtofs_glo_3dz_f006_6hrly_hvr_US_east.nc
ARGO_GDAC,pfl,aoml/4903232/profiles/D4903232_368.nc|2024-05-20T19:45:28Z|23.55933|-96.33664,aoml/4903232/profiles/D4903232_368.nc,4903232,4903232,23.55933,-96.33664,2024-05-20T19:45:28Z,20240520,2024,891,0.72,99.96,14.2514,True,True,True,https://noaa-nws-rtofs-pds.s3.amazonaws.com/rtofs.20240520/rtofs_glo_3dz_f006_6hrly_hvr_US_east.nc
ARGO_GDAC,pfl,aoml/4903232/profiles/D4903232_369.nc|2024-05-25T18:01:39Z|23.44935|-96.45643,aoml/4903232/profiles/D4903232_369.nc,4903232,4903232,23.44935,-96.45643,2024-05-25T18:01:39Z,20240525,2024,1012,0.48,2011.36,14.9581,True,True,True,https://noaa-nws-rtofs-pds.s3.amazonaws.com/rtofs.20240525/rtofs_glo_3dz_f006_6hrly_hvr_US_east.nc
ARGO_GDAC,pfl,aoml/4903232/profiles/D4903232_369.nc|2024-05-25T18:01:39Z|23.44935|-96.45643,aoml/4903232/profiles/D4903232_369.nc,4903232,4903232,23.44935,-96.45643,2024-05-25T18:01:39Z,20240525,2024,881,0.48,99.8,15.7341,True,True,True,https://noaa-nws-rtofs-pds.s3.amazonaws.com/rtofs.20240525/rtofs_glo_3dz_f006_6hrly_hvr_US_east.nc
ARGO_GDAC,pfl,aoml/4903232/profiles/D4903232_370.nc|2024-05-30T16:27:01Z|23.35274|-96.51670,aoml/4903232/profiles/D4903232_370.nc,4903232,4903232,23.35274,-96.5167,2024-05-30T16:27:01Z,20240530,2024,1010,1.0,2009.32,11.3376,True,True,True,https://noaa-nws-rtofs-pds.s3.amazonaws.com/rtofs.20240530/rtofs_glo_3dz_f006_6hrly_hvr_US_east.nc
ARGO_GDAC,pfl,aoml/4903232/profiles/D4903232_370.nc|2024-05-30T16:27:01Z|23.35274|-96.51670,aoml/4903232/profiles/D4903232_370.nc,4903232,4903232,23.35274,-96.5167,2024-05-30T16:27:01Z,20240530,2024,909,0.76,99.92,12.0864,True,True,True,https://noaa-nws-rtofs-pds.s3.amazonaws.com/rtofs.20240530/rtofs_glo_3dz_f006_6hrly_hvr_US_east.nc
ARGO_GDAC,pfl,aoml/4903232/profiles/D4903232_371.nc|2024-06-04T14:32:40Z|23.23688|-96.60780,aoml/4903232/profiles/D4903232_371.nc,4903232,4903232,23.23688,-96.6078,2024-06-04T14:32:40Z,20240604,2024,1008,1.0,2005.84,17.3411,True,True,True,https://noaa-nws-rtofs-pds.s3.amazonaws.com/rtofs.20240604/rtofs_glo_3dz_f006_6hrly_hvr_US_east.nc
ARGO_GDAC,pfl,aoml/4903232/profiles/D4903232_371.nc|2024-06-04T14:32:40Z|23.23688|-96.60780,aoml/4903232/profiles/D4903232_371.nc,4903232,4903232,23.23688,-96.6078,2024-06-04T14:32:40Z,20240604,2024,887,0.6,99.92,17.9436,True,True,True,https://noaa-nws-rtofs-pds.s3.amazonaws.com/rtofs.20240604/rtofs_glo_3dz_f006_6hrly_hvr_US_east.nc
ARGO_GDAC,pfl,aoml/4903232/profiles/D4903232_372.nc|2024-06-09T12:46:11Z|23.20995|-96.63028,aoml/4903232/profiles/D4903232_372.nc,4903232,4903232,23.20995,-96.63028,2024-06-09T12:46:11Z,20240609,2024,1008,1.04,2005.96,18.3495,True,True,True,https://noaa-nws-rtofs-pds.s3.amazonaws.com/rtofs.20240609/rtofs_glo_3dz_f006_6hrly_hvr_US_east.nc
ARGO_GDAC,pfl,aoml/4903232/profiles/D4903232_372.nc|2024-06-09T12:46:11Z|23.20995|-96.63028,aoml/4903232/profiles/D4903232_372.nc,4903232,4903232,23.20995,-96.63028,2024-06-09T12:46:11Z,20240609,2024,910,0.6,99.92,18.3667,True,True,True,https://noaa-nws-rtofs-pds.s3.amazonaws.com/rtofs.20240609/rtofs_glo_3dz_f006_6hrly_hvr_US_east.nc
ARGO_GDAC,pfl,aoml/4903232/profiles/D4903232_373.nc|2024-06-14T13:28:10Z|23.26846|-96.64607,aoml/4903232/profiles/D4903232_373.nc,4903232,4903232,23.26846,-96.64607,2024-06-14T13:28:10Z,20240614,2024,986,1.0,1962.28,24.5666,True,True,True,https://noaa-nws-rtofs-pds.s3.amazonaws.com/rtofs.20240614/rtofs_glo_3dz_f006_6hrly_hvr_US_east.nc
ARGO_GDAC,pfl,aoml/4903232/profiles/D4903232_373.nc|2024-06-14T13:28:10Z|23.26846|-96.64607,aoml/4903232/profiles/D4903232_373.nc,4903232,4903232,23.26846,-96.64607,2024-06-14T13:28:10Z,20240614,2024,971,0.56,99.92,25.5912,True,True,True,https://noaa-nws-rtofs-pds.s3.amazonaws.com/rtofs.20240614/rtofs_glo_3dz_f006_6hrly_hvr_US_east.nc
ARGO_GDAC,pfl,aoml/4903232/profiles/D4903232_374.nc|2024-06-19T14:06:47Z|23.26620|-96.65801,aoml/4903232/profiles/D4903232_374.nc,4903232,4903232,23.2662,-96.65801,2024-06-19T14:06:47Z,20240619,2024,984,0.4,1955.6,29.2672,True,True,True,https://noaa-nws-rtofs-pds.s3.amazonaws.com/rtofs.20240619/rtofs_glo_3dz_f006_6hrly_hvr_US_east.nc
ARGO_GDAC,pfl,aoml/4903232/profiles/D4903232_374.nc|2024-06-19T14:06:47Z|23.26620|-96.65801,aoml/4903232/profiles/D4903232_374.nc,4903232,4903232,23.2662,-96.65801,2024-06-19T14:06:47Z,20240619,2024,933,0.4,100.0,29.5066,True,True,True,https://noaa-nws-rtofs-pds.s3.amazonaws.com/rtofs.20240619/rtofs_glo_3dz_f006_6hrly_hvr_US_east.nc
ARGO_GDAC,pfl,aoml/4903232/profiles/D4903232_375.nc|2024-06-24T12:26:33Z|23.21987|-96.65560,aoml/4903232/profiles/D4903232_375.nc,4903232,4903232,23.21987,-96.6556,2024-06-24T12:26:33Z,20240624,2024,1012,1.04,2013.4,26.9317,True,True,True,https://noaa-nws-rtofs-pds.s3.amazonaws.com/rtofs.20240624/rtofs_glo_3dz_f006_6hrly_hvr_US_east.nc
ARGO_GDAC,pfl,aoml/4903232/profiles/D4903232_375.nc|2024-06-24T12:26:33Z|23.21987|-96.65560,aoml/4903232/profiles/D4903232_375.nc,4903232,4903232,23.21987,-96.6556,2024-06-24T12:26:33Z,20240624,2024,984,0.68,99.88,27.756,True,True,True,https://noaa-nws-rtofs-pds.s3.amazonaws.com/rtofs.20240624/rtofs_glo_3dz_f006_6hrly_hvr_US_east.nc
ARGO_GDAC,pfl,aoml/4903232/profiles/D4903232_376.nc|2024-06-29T10:47:53Z|23.20821|-96.67747,aoml/4903232/profiles/D4903232_376.nc,4903232,4903232,23.20821,-96.67747,2024-06-29T10:47:53Z,20240629,2024,1008,1.04,2006.36,23.7556,True,True,True,https://noaa-nws-rtofs-pds.s3.amazonaws.com/rtofs.20240629/rtofs_glo_3dz_f006_6hrly_hvr_US_east.nc
ARGO_GDAC,pfl,aoml/4903232/profiles/D4903232_376.nc|2024-06-29T10:47:53Z|23.20821|-96.67747,aoml/4903232/profiles/D4903232_376.nc,4903232,4903232,23.20821,-96.67747,2024-06-29T10:47:53Z,20240629,2024,952,0.72,99.96,23.9314,True,True,True,https://noaa-nws-rtofs-pds.s3.amazonaws.com/rtofs.20240629/rtofs_glo_3dz_f006_6hrly_hvr_US_east.nc
ARGO_GDAC,pfl,aoml/4903232/profiles/D4903232_377.nc|2024-07-04T11:26:29Z|23.27049|-96.67244,aoml/4903232/profiles/D4903232_377.nc,4903232,4903232,23.27049,-96.67244,2024-07-04T11:26:29Z,20240704,2024,988,1.0,1965.4,33.083,True,True,True,https://noaa-nws-rtofs-pds.s3.amazonaws.com/rtofs.20240704/rtofs_glo_3dz_f006_6hrly_hvr_US_east.nc
ARGO_GDAC,pfl,aoml/4903232/profiles/D4903232_377.nc|2024-07-04T11:26:29Z|23.27049|-96.67244,aoml/4903232/profiles/D4903232_377.nc,4903232,4903232,23.27049,-96.67244,2024-07-04T11:26:29Z,20240704,2024,949,0.64,99.84,33.7511,True,True,True,https://noaa-nws-rtofs-pds.s3.amazonaws.com/rtofs.20240704/rtofs_glo_3dz_f006_6hrly_hvr_US_east.nc
ARGO_GDAC,pfl,aoml/4903232/profiles/D4903232_378.nc|2024-07-09T11:43:43Z|23.34625|-96.66058,aoml/4903232/profiles/D4903232_378.nc,4903232,4903232,23.34625,-96.66058,2024-07-09T11:43:43Z,20240709,2024,949,1.0,1887.16,35.015,True,True,True,https://noaa-nws-rtofs-pds.s3.amazonaws.com/rtofs.20240709/rtofs_glo_3dz_f006_6hrly_hvr_US_east.nc
ARGO_GDAC,pfl,aoml/4903232/profiles/D4903232_378.nc|2024-07-09T11:43:43Z|23.34625|-96.66058,aoml/4903232/profiles/D4903232_378.nc,4903232,4903232,23.34625,-96.66058,2024-07-09T11:43:43Z,20240709,2024,953,0.64,99.88,36.1663,True,True,True,https://noaa-nws-rtofs-pds.s3.amazonaws.com/rtofs.20240709/rtofs_glo_3dz_f006_6hrly_hvr_US_east.nc
ARGO_GDAC,pfl,aoml/4903232/profiles/D4903232_379.nc|2024-07-14T11:53:20Z|23.42906|-96.67195,aoml/4903232/profiles/D4903232_379.nc,4903232,4903232,23.42906,-96.67195,2024-07-14T11:53:20Z,20240714,2024,936,0.96,1861.6,34.0881,True,True,True,https://noaa-nws-rtofs-pds.s3.amazonaws.com/rtofs.20240714/rtofs_glo_3dz_f006_6hrly_hvr_US_east.nc
ARGO_GDAC,pfl,aoml/4903232/profiles/D4903232_379.nc|2024-07-14T11:53:20Z|23.42906|-96.67195,aoml/4903232/profiles/D4903232_379.nc,4903232,4903232,23.42906,-96.67195,2024-07-14T11:53:20Z,20240714,2024,896,0.6,99.88,34.0892,True,True,True,https://noaa-nws-rtofs-pds.s3.amazonaws.com/rtofs.20240714/rtofs_glo_3dz_f006_6hrly_hvr_US_east.nc
ARGO_GDAC,pfl,aoml/4903232/profiles/D4903232_380.nc|2024-07-19T12:06:33Z|23.36351|-96.66141,aoml/4903232/profiles/D4903232_380.nc,4903232,4903232,23.36351,-96.66141,2024-07-19T12:06:33Z,20240719,2024,942,1.0,1873.8,26.038,True,True,True,https://noaa-nws-rtofs-pds.s3.amazonaws.com/rtofs.20240719/rtofs_glo_3dz_f006_6hrly_hvr_US_east.nc
ARGO_GDAC,pfl,aoml/4903232/profiles/D4903232_380.nc|2024-07-19T12:06:33Z|23.36351|-96.66141,aoml/4903232/profiles/D4903232_380.nc,4903232,4903232,23.36351,-96.66141,2024-07-19T12:06:33Z,20240719,2024,936,0.6,99.84,26.1201,True,True,True,https://noaa-nws-rtofs-pds.s3.amazonaws.com/rtofs.20240719/rtofs_glo_3dz_f006_6hrly_hvr_US_east.nc
ARGO_GDAC,pfl,aoml/4903232/profiles/D4903232_381.nc|2024-07-24T12:18:34Z|23.21175|-96.73078,aoml/4903232/profiles/D4903232_381.nc,4903232,4903232,23.21175,-96.73078,2024-07-24T12:18:34Z,20240724,2024,949,0.36,1885.72,36.6201,True,True,True,https://noaa-nws-rtofs-pds.s3.amazonaws.com/rtofs.20240724/rtofs_glo_3dz_f006_6hrly_hvr_US_east.nc
ARGO_GDAC,pfl,aoml/4903232/profiles/D4903232_381.nc|2024-07-24T12:18:34Z|23.21175|-96.73078,aoml/4903232/profiles/D4903232_381.nc,4903232,4903232,23.21175,-96.73078,2024-07-24T12:18:34Z,20240724,2024,879,0.36,99.96,36.8957,True,True,True,https://noaa-nws-rtofs-pds.s3.amazonaws.com/rtofs.20240724/rtofs_glo_3dz_f006_6hrly_hvr_US_east.nc
ARGO_GDAC,pfl,aoml/4903232/profiles/D4903232_382.nc|2024-07-29T12:22:03Z|23.21937|-96.77595,aoml/4903232/profiles/D4903232_382.nc,4903232,4903232,23.21937,-96.77595,2024-07-29T12:22:03Z,20240729,2024,902,1.0,1794.12,32.8429,True,True,True,https://noaa-nws-rtofs-pds.s3.amazonaws.com/rtofs.20240729/rtofs_glo_3dz_f006_6hrly_hvr_US_east.nc
ARGO_GDAC,pfl,aoml/4903232/profiles/D4903232_382.nc|2024-07-29T12:22:03Z|23.21937|-96.77595,aoml/4903232/profiles/D4903232_382.nc,4903232,4903232,23.21937,-96.77595,2024-07-29T12:22:03Z,20240729,2024,927,0.6,100.0,32.828,True,True,True,https://noaa-nws-rtofs-pds.s3.amazonaws.com/rtofs.20240729/rtofs_glo_3dz_f006_6hrly_hvr_US_east.nc
ARGO_GDAC,pfl,aoml/4903232/profiles/D4903232_383.nc|2024-08-03T12:25:17Z|23.42776|-96.77934,aoml/4903232/profiles/D4903232_383.nc,4903232,4903232,23.42776,-96.77934,2024-08-03T12:25:17Z,20240803,2024,911,1.04,1811.36,32.7065,True,True,True,https://noaa-nws-rtofs-pds.s3.amazonaws.com/rtofs.20240803/rtofs_glo_3dz_f006_6hrly_hvr_US_east.nc
ARGO_GDAC,pfl,aoml/4903232/profiles/D4903232_383.nc|2024-08-03T12:25:17Z|23.42776|-96.77934,aoml/4903232/profiles/D4903232_383.nc,4903232,4903232,23.42776,-96.77934,2024-08-03T12:25:17Z,20240803,2024,974,0.6,100.0,32.98,True,True,True,https://noaa-nws-rtofs-pds.s3.amazonaws.com/rtofs.20240803/rtofs_glo_3dz_f006_6hrly_hvr_US_east.nc
ARGO_GDAC,pfl,aoml/4903232/profiles/D4903232_384.nc|2024-08-08T12:32:10Z|23.49055|-96.81879,aoml/4903232/profiles/D4903232_384.nc,4903232,4903232,23.49055,-96.81879,2024-08-08T12:32:10Z,20240808,2024,923,1.04,1835.36,24.0238,True,True,True,https://noaa-nws-rtofs-pds.s3.amazonaws.com/rtofs.20240808/rtofs_glo_3dz_f006_6hrly_hvr_US_east.nc
ARGO_GDAC,pfl,aoml/4903232/profiles/D4903232_384.nc|2024-08-08T12:32:10Z|23.49055|-96.81879,aoml/4903232/profiles/D4903232_384.nc,4903232,4903232,23.49055,-96.81879,2024-08-08T12:32:10Z,20240808,2024,1003,0.6,100.0,24.2222,True,True,True,https://noaa-nws-rtofs-pds.s3.amazonaws.com/rtofs.20240808/rtofs_glo_3dz_f006_6hrly_hvr_US_east.nc
ARGO_GDAC,pfl,aoml/4903232/profiles/D4903232_385.nc|2024-08-13T12:41:44Z|23.54233|-96.78838,aoml/4903232/profiles/D4903232_385.nc,4903232,4903232,23.54233,-96.78838,2024-08-13T12:41:44Z,20240813,2024,924,1.04,1837.84,19.7777,True,True,True,https://noaa-nws-rtofs-pds.s3.amazonaws.com/rtofs.20240813/rtofs_glo_3dz_f006_6hrly_hvr_US_east.nc
ARGO_GDAC,pfl,aoml/4903232/profiles/D4903232_385.nc|2024-08-13T12:41:44Z|23.54233|-96.78838,aoml/4903232/profiles/D4903232_385.nc,4903232,4903232,23.54233,-96.78838,2024-08-13T12:41:44Z,20240813,2024,925,0.68,99.92,19.6533,True,True,True,https://noaa-nws-rtofs-pds.s3.amazonaws.com/rtofs.20240813/rtofs_glo_3dz_f006_6hrly_hvr_US_east.nc
ARGO_GDAC,pfl,aoml/4903232/profiles/D4903232_386.nc|2024-08-18T12:42:24Z|23.64242|-96.76328,aoml/4903232/profiles/D4903232_386.nc,4903232,4903232,23.64242,-96.76328,2024-08-18T12:42:24Z,20240818,2024,916,1.04,1821.88,25.6356,True,True,True,https://noaa-nws-rtofs-pds.s3.amazonaws.com/rtofs.20240818/rtofs_glo_3dz_f006_6hrly_hvr_US_east.nc
ARGO_GDAC,pfl,aoml/4903232/profiles/D4903232_386.nc|2024-08-18T12:42:24Z|23.64242|-96.76328,aoml/4903232/profiles/D4903232_386.nc,4903232,4903232,23.64242,-96.76328,2024-08-18T12:42:24Z,20240818,2024,943,0.64,99.96,26.14,True,True,True,https://noaa-nws-rtofs-pds.s3.amazonaws.com/rtofs.20240818/rtofs_glo_3dz_f006_6hrly_hvr_US_east.nc
ARGO_GDAC,pfl,aoml/4903232/profiles/D4903232_387.nc|2024-08-23T12:48:10Z|23.66288|-96.75905,aoml/4903232/profiles/D4903232_387.nc,4903232,4903232,23.66288,-96.75905,2024-08-23T12:48:10Z,20240823,2024,923,1.08,1835.72,23.44,True,True,True,https://noaa-nws-rtofs-pds.s3.amazonaws.com/rtofs.20240823/rtofs_glo_3dz_f006_6hrly_hvr_US_east.nc
ARGO_GDAC,pfl,aoml/4903232/profiles/D4903232_387.nc|2024-08-23T12:48:10Z|23.66288|-96.75905,aoml/4903232/profiles/D4903232_387.nc,4903232,4903232,23.66288,-96.75905,2024-08-23T12:48:10Z,20240823,2024,955,0.72,99.96,23.7543,True,True,True,https://noaa-nws-rtofs-pds.s3.amazonaws.com/rtofs.20240823/rtofs_glo_3dz_f006_6hrly_hvr_US_east.nc
ARGO_GDAC,pfl,aoml/4903232/profiles/D4903232_388.nc|2024-08-28T12:46:28Z|23.67970|-96.82415,aoml/4903232/profiles/D4903232_388.nc,4903232,4903232,23.6797,-96.82415,2024-08-28T12:46:28Z,20240828,2024,873,1.28,1735.52,20.8982,True,True,True,https://noaa-nws-rtofs-pds.s3.amazonaws.com/rtofs.20240828/rtofs_glo_3dz_f006_6hrly_hvr_US_east.nc
ARGO_GDAC,pfl,aoml/4903232/profiles/D4903232_388.nc|2024-08-28T12:46:28Z|23.67970|-96.82415,aoml/4903232/profiles/D4903232_388.nc,4903232,4903232,23.6797,-96.82415,2024-08-28T12:46:28Z,20240828,2024,949,1.08,99.92,21.5486,True,True,True,https://noaa-nws-rtofs-pds.s3.amazonaws.com/rtofs.20240828/rtofs_glo_3dz_f006_6hrly_hvr_US_east.nc
ARGO_GDAC,pfl,aoml/4903232/profiles/D4903232_389.nc|2024-09-02T12:28:22Z|23.58429|-96.87025,aoml/4903232/profiles/D4903232_389.nc,4903232,4903232,23.58429,-96.87025,2024-09-02T12:28:22Z,20240902,2024,827,1.04,1643.52,16.2769,True,True,True,https://noaa-nws-rtofs-pds.s3.amazonaws.com/rtofs.20240902/rtofs_glo_3dz_f006_6hrly_hvr_US_east.nc
ARGO_GDAC,pfl,aoml/4903232/profiles/D4903232_389.nc|2024-09-02T12:28:22Z|23.58429|-96.87025,aoml/4903232/profiles/D4903232_389.nc,4903232,4903232,23.58429,-96.87025,2024-09-02T12:28:22Z,20240902,2024,962,0.64,99.96,16.1244,True,True,True,https://noaa-nws-rtofs-pds.s3.amazonaws.com/rtofs.20240902/rtofs_glo_3dz_f006_6hrly_hvr_US_east.nc
ARGO_GDAC,pfl,aoml/4903232/profiles/D4903232_390.nc|2024-09-07T12:09:35Z|23.43243|-96.87930,aoml/4903232/profiles/D4903232_390.nc,4903232,4903232,23.43243,-96.8793,2024-09-07T12:09:35Z,20240907,2024,829,0.48,1645.96,26.051,True,True,True,https://noaa-nws-rtofs-pds.s3.amazonaws.com/rtofs.20240907/rtofs_glo_3dz_f006_6hrly_hvr_US_east.nc
ARGO_GDAC,pfl,aoml/4903232/profiles/D4903232_390.nc|2024-09-07T12:09:35Z|23.43243|-96.87930,aoml/4903232/profiles/D4903232_390.nc,4903232,4903232,23.43243,-96.8793,2024-09-07T12:09:35Z,20240907,2024,934,0.48,99.96,26.062,True,True,True,https://noaa-nws-rtofs-pds.s3.amazonaws.com/rtofs.20240907/rtofs_glo_3dz_f006_6hrly_hvr_US_east.nc
ARGO_GDAC,pfl,aoml/4903232/profiles/D4903232_391.nc|2024-09-12T11:57:25Z|23.25894|-96.90035,aoml/4903232/profiles/D4903232_391.nc,4903232,4903232,23.25894,-96.90035,2024-09-12T11:57:25Z,20240912,2024,865,1.24,1719.88,49.6902,True,True,True,https://noaa-nws-rtofs-pds.s3.amazonaws.com/rtofs.20240912/rtofs_glo_3dz_f006_6hrly_hvr_US_east.nc
ARGO_GDAC,pfl,aoml/4903232/profiles/D4903232_391.nc|2024-09-12T11:57:25Z|23.25894|-96.90035,aoml/4903232/profiles/D4903232_391.nc,4903232,4903232,23.25894,-96.90035,2024-09-12T11:57:25Z,20240912,2024,921,1.0,99.96,49.8845,True,True,True,https://noaa-nws-rtofs-pds.s3.amazonaws.com/rtofs.20240912/rtofs_glo_3dz_f006_6hrly_hvr_US_east.nc
ARGO_GDAC,pfl,aoml/4903232/profiles/D4903232_392.nc|2024-09-17T11:33:20Z|23.06059|-96.94334,aoml/4903232/profiles/D4903232_392.nc,4903232,4903232,23.06059,-96.94334,2024-09-17T11:33:20Z,20240917,2024,826,1.12,1641.76,19.46,True,True,True,https://noaa-nws-rtofs-pds.s3.amazonaws.com/rtofs.20240917/rtofs_glo_3dz_f006_6hrly_hvr_US_east.nc
ARGO_GDAC,pfl,aoml/4903232/profiles/D4903232_392.nc|2024-09-17T11:33:20Z|23.06059|-96.94334,aoml/4903232/profiles/D4903232_392.nc,4903232,4903232,23.06059,-96.94334,2024-09-17T11:33:20Z,20240917,2024,954,0.72,99.92,18.3289,True,True,True,https://noaa-nws-rtofs-pds.s3.amazonaws.com/rtofs.20240917/rtofs_glo_3dz_f006_6hrly_hvr_US_east.nc
ARGO_GDAC,pfl,aoml/4903232/profiles/D4903232_393.nc|2024-09-22T10:59:14Z|22.97798|-96.98907,aoml/4903232/profiles/D4903232_393.nc,4903232,4903232,22.97798,-96.98907,2024-09-22T10:59:14Z,20240922,2024,778,1.04,1545.2,10.8278,True,True,True,https://noaa-nws-rtofs-pds.s3.amazonaws.com/rtofs.20240922/rtofs_glo_3dz_f006_6hrly_hvr_US_east.nc
ARGO_GDAC,pfl,aoml/4903232/profiles/D4903232_393.nc|2024-09-22T10:59:14Z|22.97798|-96.98907,aoml/4903232/profiles/D4903232_393.nc,4903232,4903232,22.97798,-96.98907,2024-09-22T10:59:14Z,20240922,2024,933,0.64,99.96,11.0245,True,True,True,https://noaa-nws-rtofs-pds.s3.amazonaws.com/rtofs.20240922/rtofs_glo_3dz_f006_6hrly_hvr_US_east.nc
ARGO_GDAC,pfl,aoml/4903232/profiles/D4903232_394.nc|2024-09-27T10:39:01Z|22.93664|-96.94015,aoml/4903232/profiles/D4903232_394.nc,4903232,4903232,22.93664,-96.94015,2024-09-27T10:39:01Z,20240927,2024,818,0.44,1623.52,32.1927,True,True,True,https://noaa-nws-rtofs-pds.s3.amazonaws.com/rtofs.20240927/rtofs_glo_3dz_f006_6hrly_hvr_US_east.nc
ARGO_GDAC,pfl,aoml/4903232/profiles/D4903232_394.nc|2024-09-27T10:39:01Z|22.93664|-96.94015,aoml/4903232/profiles/D4903232_394.nc,4903232,4903232,22.93664,-96.94015,2024-09-27T10:39:01Z,20240927,2024,923,0.4,99.84,31.8343,True,True,True,https://noaa-nws-rtofs-pds.s3.amazonaws.com/rtofs.20240927/rtofs_glo_3dz_f006_6hrly_hvr_US_east.nc
ARGO_GDAC,pfl,aoml/4903232/profiles/D4903232_395.nc|2024-10-02T10:10:43Z|22.86893|-96.94511,aoml/4903232/profiles/D4903232_395.nc,4903232,4903232,22.86893,-96.94511,2024-10-02T10:10:43Z,20241002,2024,808,1.04,1605.56,40.2325,True,True,True,https://noaa-nws-rtofs-pds.s3.amazonaws.com/rtofs.20241002/rtofs_glo_3dz_f006_6hrly_hvr_US_east.nc
ARGO_GDAC,pfl,aoml/4903232/profiles/D4903232_395.nc|2024-10-02T10:10:43Z|22.86893|-96.94511,aoml/4903232/profiles/D4903232_395.nc,4903232,4903232,22.86893,-96.94511,2024-10-02T10:10:43Z,20241002,2024,959,0.64,99.96,40.7333,True,True,True,https://noaa-nws-rtofs-pds.s3.amazonaws.com/rtofs.20241002/rtofs_glo_3dz_f006_6hrly_hvr_US_east.nc
ARGO_GDAC,pfl,aoml/4903232/profiles/D4903232_396.nc|2024-10-07T09:41:57Z|22.82894|-97.04055,aoml/4903232/profiles/D4903232_396.nc,4903232,4903232,22.82894,-97.04055,2024-10-07T09:41:57Z,20241007,2024,807,1.12,1603.28,40.5614,True,True,True,https://noaa-nws-rtofs-pds.s3.amazonaws.com/rtofs.20241007/rtofs_glo_3dz_f006_6hrly_hvr_US_east.nc
ARGO_GDAC,pfl,aoml/4903232/profiles/D4903232_396.nc|2024-10-07T09:41:57Z|22.82894|-97.04055,aoml/4903232/profiles/D4903232_396.nc,4903232,4903232,22.82894,-97.04055,2024-10-07T09:41:57Z,20241007,2024,1007,0.72,99.96,41.4124,True,True,True,https://noaa-nws-rtofs-pds.s3.amazonaws.com/rtofs.20241007/rtofs_glo_3dz_f006_6hrly_hvr_US_east.nc
ARGO_GDAC,pfl,aoml/4903232/profiles/D4903232_397.nc|2024-10-12T09:08:01Z|22.70750|-97.03484,aoml/4903232/profiles/D4903232_397.nc,4903232,4903232,22.7075,-97.03484,2024-10-12T09:08:01Z,20241012,2024,780,1.08,1550.12,46.3138,True,True,True,https://noaa-nws-rtofs-pds.s3.amazonaws.com/rtofs.20241012/rtofs_glo_3dz_f006_6hrly_hvr_US_east.nc
ARGO_GDAC,pfl,aoml/4903232/profiles/D4903232_397.nc|2024-10-12T09:08:01Z|22.70750|-97.03484,aoml/4903232/profiles/D4903232_397.nc,4903232,4903232,22.7075,-97.03484,2024-10-12T09:08:01Z,20241012,2024,999,0.64,100.0,47.12,True,True,True,https://noaa-nws-rtofs-pds.s3.amazonaws.com/rtofs.20241012/rtofs_glo_3dz_f006_6hrly_hvr_US_east.nc
ARGO_GDAC,pfl,aoml/4903232/profiles/D4903232_398.nc|2024-10-17T08:42:42Z|22.57061|-97.03458,aoml/4903232/profiles/D4903232_398.nc,4903232,4903232,22.57061,-97.03458,2024-10-17T08:42:42Z,20241017,2024,792,1.0,1573.36,46.721,True,True,True,https://noaa-nws-rtofs-pds.s3.amazonaws.com/rtofs.20241017/rtofs_glo_3dz_f006_6hrly_hvr_US_east.nc
ARGO_GDAC,pfl,aoml/4903232/profiles/D4903232_398.nc|2024-10-17T08:42:42Z|22.57061|-97.03458,aoml/4903232/profiles/D4903232_398.nc,4903232,4903232,22.57061,-97.03458,2024-10-17T08:42:42Z,20241017,2024,924,0.56,99.88,47.538,True,True,True,https://noaa-nws-rtofs-pds.s3.amazonaws.com/rtofs.20241017/rtofs_glo_3dz_f006_6hrly_hvr_US_east.nc
ARGO_GDAC,pfl,aoml/4903232/profiles/D4903232_399.nc|2024-10-22T08:15:54Z|22.45487|-97.05909,aoml/4903232/profiles/D4903232_399.nc,4903232,4903232,22.45487,-97.05909,2024-10-22T08:15:54Z,20241022,2024,810,1.04,1609.28,37.5381,True,True,True,https://noaa-nws-rtofs-pds.s3.amazonaws.com/rtofs.20241022/rtofs_glo_3dz_f006_6hrly_hvr_US_east.nc
ARGO_GDAC,pfl,aoml/4903232/profiles/D4903232_399.nc|2024-10-22T08:15:54Z|22.45487|-97.05909,aoml/4903232/profiles/D4903232_399.nc,4903232,4903232,22.45487,-97.05909,2024-10-22T08:15:54Z,20241022,2024,870,0.6,99.96,37.9366,True,True,True,https://noaa-nws-rtofs-pds.s3.amazonaws.com/rtofs.20241022/rtofs_glo_3dz_f006_6hrly_hvr_US_east.nc
ARGO_GDAC,pfl,aoml/4903232/profiles/D4903232_400.nc|2024-10-27T07:27:37Z|22.50081|-97.08587,aoml/4903232/profiles/D4903232_400.nc,4903232,4903232,22.50081,-97.08587,2024-10-27T07:27:37Z,20241027,2024,751,1.0,1492.16,40.744,True,True,True,https://noaa-nws-rtofs-pds.s3.amazonaws.com/rtofs.20241027/rtofs_glo_3dz_f006_6hrly_hvr_US_east.nc
ARGO_GDAC,pfl,aoml/4903232/profiles/D4903232_400.nc|2024-10-27T07:27:37Z|22.50081|-97.08587,aoml/4903232/profiles/D4903232_400.nc,4903232,4903232,22.50081,-97.08587,2024-10-27T07:27:37Z,20241027,2024,928,0.56,99.96,41.92,True,True,True,https://noaa-nws-rtofs-pds.s3.amazonaws.com/rtofs.20241027/rtofs_glo_3dz_f006_6hrly_hvr_US_east.nc
ARGO_GDAC,pfl,aoml/4903232/profiles/D4903232_401.nc|2024-11-01T07:02:23Z|22.50443|-97.03673,aoml/4903232/profiles/D4903232_401.nc,4903232,4903232,22.50443,-97.03673,2024-11-01T07:02:23Z,20241101,2024,819,1.0,1627.44,50.7137,True,True,True,https://noaa-nws-rtofs-pds.s3.amazonaws.com/rtofs.20241101/rtofs_glo_3dz_f006_6hrly_hvr_US_east.nc
ARGO_GDAC,pfl,aoml/4903232/profiles/D4903232_401.nc|2024-11-01T07:02:23Z|22.50443|-97.03673,aoml/4903232/profiles/D4903232_401.nc,4903232,4903232,22.50443,-97.03673,2024-11-01T07:02:23Z,20241101,2024,900,0.56,99.96,51.475,True,True,True,https://noaa-nws-rtofs-pds.s3.amazonaws.com/rtofs.20241101/rtofs_glo_3dz_f006_6hrly_hvr_US_east.nc
ARGO_GDAC,pfl,aoml/4903232/profiles/D4903232_402.nc|2024-11-06T07:07:44Z|22.40503|-96.96943,aoml/4903232/profiles/D4903232_402.nc,4903232,4903232,22.40503,-96.96943,2024-11-06T07:07:44Z,20241106,2024,921,1.04,1831.48,46.9407,True,True,True,https://noaa-nws-rtofs-pds.s3.amazonaws.com/rtofs.20241106/rtofs_glo_3dz_f006_6hrly_hvr_US_east.nc
ARGO_GDAC,pfl,aoml/4903232/profiles/D4903232_402.nc|2024-11-06T07:07:44Z|22.40503|-96.96943,aoml/4903232/profiles/D4903232_402.nc,4903232,4903232,22.40503,-96.96943,2024-11-06T07:07:44Z,20241106,2024,1013,0.6,99.96,47.5582,True,True,True,https://noaa-nws-rtofs-pds.s3.amazonaws.com/rtofs.20241106/rtofs_glo_3dz_f006_6hrly_hvr_US_east.nc
ARGO_GDAC,pfl,aoml/4903232/profiles/D4903232_403.nc|2024-11-11T06:45:57Z|22.24595|-96.97715,aoml/4903232/profiles/D4903232_403.nc,4903232,4903232,22.24595,-96.97715,2024-11-11T06:45:57Z,20241111,2024,814,1.04,1618.24,44.5914,True,True,True,https://noaa-nws-rtofs-pds.s3.amazonaws.com/rtofs.20241111/rtofs_glo_3dz_f006_6hrly_hvr_US_east.nc
ARGO_GDAC,pfl,aoml/4903232/profiles/D4903232_403.nc|2024-11-11T06:45:57Z|22.24595|-96.97715,aoml/4903232/profiles/D4903232_403.nc,4903232,4903232,22.24595,-96.97715,2024-11-11T06:45:57Z,20241111,2024,1020,1.28,100.0,44.4691,True,True,True,https://noaa-nws-rtofs-pds.s3.amazonaws.com/rtofs.20241111/rtofs_glo_3dz_f006_6hrly_hvr_US_east.nc
ARGO_GDAC,pfl,aoml/4903232/profiles/D4903232_404.nc|2024-11-16T06:31:48Z|22.09702|-96.97825,aoml/4903232/profiles/D4903232_404.nc,4903232,4903232,22.09702,-96.97825,2024-11-16T06:31:48Z,20241116,2024,849,1.04,1687.8,52.4158,True,True,True,https://noaa-nws-rtofs-pds.s3.amazonaws.com/rtofs.20241116/rtofs_glo_3dz_f006_6hrly_hvr_US_east.nc
ARGO_GDAC,pfl,aoml/4903232/profiles/D4903232_404.nc|2024-11-16T06:31:48Z|22.09702|-96.97825,aoml/4903232/profiles/D4903232_404.nc,4903232,4903232,22.09702,-96.97825,2024-11-16T06:31:48Z,20241116,2024,931,0.64,99.96,52.7964,True,True,True,https://noaa-nws-rtofs-pds.s3.amazonaws.com/rtofs.20241116/rtofs_glo_3dz_f006_6hrly_hvr_US_east.nc
ARGO_GDAC,pfl,aoml/4903232/profiles/D4903232_405.nc|2024-11-21T06:22:13Z|22.06994|-96.94164,aoml/4903232/profiles/D4903232_405.nc,4903232,4903232,22.06994,-96.94164,2024-11-21T06:22:13Z,20241121,2024,865,1.0,1719.36,12.6627,True,True,True,https://noaa-nws-rtofs-pds.s3.amazonaws.com/rtofs.20241121/rtofs_glo_3dz_f006_6hrly_hvr_US_east.nc
ARGO_GDAC,pfl,aoml/4903232/profiles/D4903232_405.nc|2024-11-21T06:22:13Z|22.06994|-96.94164,aoml/4903232/profiles/D4903232_405.nc,4903232,4903232,22.06994,-96.94164,2024-11-21T06:22:13Z,20241121,2024,962,0.72,99.96,12.512,True,True,True,https://noaa-nws-rtofs-pds.s3.amazonaws.com/rtofs.20241121/rtofs_glo_3dz_f006_6hrly_hvr_US_east.nc
ARGO_GDAC,pfl,aoml/4903232/profiles/D4903232_406.nc|2024-11-26T06:18:14Z|22.08127|-96.93616,aoml/4903232/profiles/D4903232_406.nc,4903232,4903232,22.08127,-96.93616,2024-11-26T06:18:14Z,20241126,2024,883,0.96,1755.12,34.8149,True,True,True,https://noaa-nws-rtofs-pds.s3.amazonaws.com/rtofs.20241126/rtofs_glo_3dz_f006_6hrly_hvr_US_east.nc
ARGO_GDAC,pfl,aoml/4903232/profiles/D4903232_406.nc|2024-11-26T06:18:14Z|22.08127|-96.93616,aoml/4903232/profiles/D4903232_406.nc,4903232,4903232,22.08127,-96.93616,2024-11-26T06:18:14Z,20241126,2024,945,0.6,99.92,34.7155,True,True,True,https://noaa-nws-rtofs-pds.s3.amazonaws.com/rtofs.20241126/rtofs_glo_3dz_f006_6hrly_hvr_US_east.nc
ARGO_GDAC,pfl,aoml/4903232/profiles/D4903232_407.nc|2024-12-01T06:16:26Z|22.07365|-96.91719,aoml/4903232/profiles/D4903232_407.nc,4903232,4903232,22.07365,-96.91719,2024-12-01T06:16:26Z,20241201,2024,882,1.0,1753.24,48.0746,True,True,True,https://noaa-nws-rtofs-pds.s3.amazonaws.com/rtofs.20241201/rtofs_glo_3dz_f006_6hrly_hvr_US_east.nc
ARGO_GDAC,pfl,aoml/4903232/profiles/D4903232_407.nc|2024-12-01T06:16:26Z|22.07365|-96.91719,aoml/4903232/profiles/D4903232_407.nc,4903232,4903232,22.07365,-96.91719,2024-12-01T06:16:26Z,20241201,2024,930,0.56,99.92,48.368,True,True,True,https://noaa-nws-rtofs-pds.s3.amazonaws.com/rtofs.20241201/rtofs_glo_3dz_f006_6hrly_hvr_US_east.nc
ARGO_GDAC,pfl,aoml/4903232/profiles/D4903232_408.nc|2024-12-06T05:58:58Z|21.91431|-96.89426,aoml/4903232/profiles/D4903232_408.nc,4903232,4903232,21.91431,-96.89426,2024-12-06T05:58:58Z,20241206,2024,840,1.0,1669.36,48.6551,True,True,True,https://noaa-nws-rtofs-pds.s3.amazonaws.com/rtofs.20241206/rtofs_glo_3dz_f006_6hrly_hvr_US_east.nc
ARGO_GDAC,pfl,aoml/4903232/profiles/D4903232_408.nc|2024-12-06T05:58:58Z|21.91431|-96.89426,aoml/4903232/profiles/D4903232_408.nc,4903232,4903232,21.91431,-96.89426,2024-12-06T05:58:58Z,20241206,2024,981,0.68,99.88,43.4399,True,True,True,https://noaa-nws-rtofs-pds.s3.amazonaws.com/rtofs.20241206/rtofs_glo_3dz_f006_6hrly_hvr_US_east.nc
ARGO_GDAC,pfl,aoml/4903232/profiles/D4903232_409.nc|2024-12-11T05:44:49Z|21.80727|-96.88549,aoml/4903232/profiles/D4903232_409.nc,4903232,4903232,21.80727,-96.88549,2024-12-11T05:44:49Z,20241211,2024,845,0.48,1677.12,52.362,True,True,True,https://noaa-nws-rtofs-pds.s3.amazonaws.com/rtofs.20241211/rtofs_glo_3dz_f006_6hrly_hvr_US_east.nc
ARGO_GDAC,pfl,aoml/4903232/profiles/D4903232_409.nc|2024-12-11T05:44:49Z|21.80727|-96.88549,aoml/4903232/profiles/D4903232_409.nc,4903232,4903232,21.80727,-96.88549,2024-12-11T05:44:49Z,20241211,2024,944,0.44,99.88,52.6943,True,True,True,https://noaa-nws-rtofs-pds.s3.amazonaws.com/rtofs.20241211/rtofs_glo_3dz_f006_6hrly_hvr_US_east.nc
ARGO_GDAC,pfl,aoml/4903232/profiles/D4903232_410.nc|2024-12-16T04:58:19Z|21.74507|-96.80037,aoml/4903232/profiles/D4903232_410.nc,4903232,4903232,21.74507,-96.80037,2024-12-16T04:58:19Z,20241216,2024,784,1.04,1557.36,53.9128,True,True,True,https://noaa-nws-rtofs-pds.s3.amazonaws.com/rtofs.20241216/rtofs_glo_3dz_f006_6hrly_hvr_US_east.nc
ARGO_GDAC,pfl,aoml/4903232/profiles/D4903232_410.nc|2024-12-16T04:58:19Z|21.74507|-96.80037,aoml/4903232/profiles/D4903232_410.nc,4903232,4903232,21.74507,-96.80037,2024-12-16T04:58:19Z,20241216,2024,918,0.56,100.0,53.92,True,True,True,https://noaa-nws-rtofs-pds.s3.amazonaws.com/rtofs.20241216/rtofs_glo_3dz_f006_6hrly_hvr_US_east.nc
ARGO_GDAC,pfl,aoml/4903232/profiles/D4903232_411.nc|2024-12-21T04:32:33Z|21.74773|-96.82530,aoml/4903232/profiles/D4903232_411.nc,4903232,4903232,21.74773,-96.8253,2024-12-21T04:32:33Z,20241221,2024,802,1.04,1593.4,60.8848,True,True,True,https://noaa-nws-rtofs-pds.s3.amazonaws.com/rtofs.20241221/rtofs_glo_3dz_f006_6hrly_hvr_US_east.nc
ARGO_GDAC,pfl,aoml/4903232/profiles/D4903232_411.nc|2024-12-21T04:32:33Z|21.74773|-96.82530,aoml/4903232/profiles/D4903232_411.nc,4903232,4903232,21.74773,-96.8253,2024-12-21T04:32:33Z,20241221,2024,932,0.72,99.92,60.96,True,True,True,https://noaa-nws-rtofs-pds.s3.amazonaws.com/rtofs.20241221/rtofs_glo_3dz_f006_6hrly_hvr_US_east.nc
ARGO_GDAC,pfl,aoml/4903232/profiles/D4903232_412.nc|2024-12-26T04:00:11Z|21.75369|-96.84658,aoml/4903232/profiles/D4903232_412.nc,4903232,4903232,21.75369,-96.84658,2024-12-26T04:00:11Z,20241226,2024,795,1.16,1579.04,52.6907,True,True,True,https://noaa-nws-rtofs-pds.s3.amazonaws.com/rtofs.20241226/rtofs_glo_3dz_f006_6hrly_hvr_US_east.nc
ARGO_GDAC,pfl,aoml/4903232/profiles/D4903232_412.nc|2024-12-26T04:00:11Z|21.75369|-96.84658,aoml/4903232/profiles/D4903232_412.nc,4903232,4903232,21.75369,-96.84658,2024-12-26T04:00:11Z,20241226,2024,960,0.8,99.96,52.3413,True,True,True,https://noaa-nws-rtofs-pds.s3.amazonaws.com/rtofs.20241226/rtofs_glo_3dz_f006_6hrly_hvr_US_east.nc
ARGO_GDAC,pfl,aoml/4903232/profiles/D4903232_413.nc|2024-12-31T03:36:35Z|21.77311|-96.86506,aoml/4903232/profiles/D4903232_413.nc,4903232,4903232,21.77311,-96.86506,2024-12-31T03:36:35Z,20241231,2024,803,1.04,1595.04,54.1971,True,True,True,https://noaa-nws-rtofs-pds.s3.amazonaws.com/rtofs.20241231/rtofs_glo_3dz_f006_6hrly_hvr_US_east.nc
ARGO_GDAC,pfl,aoml/4903232/profiles/D4903232_413.nc|2024-12-31T03:36:35Z|21.77311|-96.86506,aoml/4903232/profiles/D4903232_413.nc,4903232,4903232,21.77311,-96.86506,2024-12-31T03:36:35Z,20241231,2024,985,0.64,99.88,54.9257,True,True,True,https://noaa-nws-rtofs-pds.s3.amazonaws.com/rtofs.20241231/rtofs_glo_3dz_f006_6hrly_hvr_US_east.nc
ARGO_GDAC,pfl,aoml/4903232/profiles/D4903232_414.nc|2025-01-05T03:22:15Z|21.81113|-96.88269,aoml/4903232/profiles/D4903232_414.nc,4903232,4903232,21.81113,-96.88269,2025-01-05T03:22:15Z,20250105,2025,833,0.96,1655.68,78.4718,True,True,True,https://noaa-nws-rtofs-pds.s3.amazonaws.com/rtofs.20250105/rtofs_glo_3dz_f006_6hrly_hvr_US_east.nc
ARGO_GDAC,pfl,aoml/4903232/profiles/D4903232_414.nc|2025-01-05T03:22:15Z|21.81113|-96.88269,aoml/4903232/profiles/D4903232_414.nc,4903232,4903232,21.81113,-96.88269,2025-01-05T03:22:15Z,20250105,2025,919,0.64,99.88,78.8461,True,True,True,https://noaa-nws-rtofs-pds.s3.amazonaws.com/rtofs.20250105/rtofs_glo_3dz_f006_6hrly_hvr_US_east.nc
ARGO_GDAC,pfl,aoml/4903232/profiles/D4903232_415.nc|2025-01-10T02:48:14Z|21.85034|-96.89651,aoml/4903232/profiles/D4903232_415.nc,4903232,4903232,21.85034,-96.89651,2025-01-10T02:48:14Z,20250110,2025,786,0.96,1561.76,86.5119,True,True,True,https://noaa-nws-rtofs-pds.s3.amazonaws.com/rtofs.20250110/rtofs_glo_3dz_f006_6hrly_hvr_US_east.nc
ARGO_GDAC,pfl,aoml/4903232/profiles/D4903232_415.nc|2025-01-10T02:48:14Z|21.85034|-96.89651,aoml/4903232/profiles/D4903232_415.nc,4903232,4903232,21.85034,-96.89651,2025-01-10T02:48:14Z,20250110,2025,882,0.56,99.96,86.973,True,True,True,https://noaa-nws-rtofs-pds.s3.amazonaws.com/rtofs.20250110/rtofs_glo_3dz_f006_6hrly_hvr_US_east.nc
ARGO_GDAC,pfl,aoml/4903232/profiles/D4903232_416.nc|2025-01-15T02:33:19Z|21.81853|-96.85282,aoml/4903232/profiles/D4903232_416.nc,4903232,4903232,21.81853,-96.85282,2025-01-15T02:33:19Z,20250115,2025,871,1.08,1731.12,53.7926,True,True,True,https://noaa-nws-rtofs-pds.s3.amazonaws.com/rtofs.20250115/rtofs_glo_3dz_f006_6hrly_hvr_US_east.nc
ARGO_GDAC,pfl,aoml/4903232/profiles/D4903232_416.nc|2025-01-15T02:33:19Z|21.81853|-96.85282,aoml/4903232/profiles/D4903232_416.nc,4903232,4903232,21.81853,-96.85282,2025-01-15T02:33:19Z,20250115,2025,882,0.72,99.96,53.896,True,True,True,https://noaa-nws-rtofs-pds.s3.amazonaws.com/rtofs.20250115/rtofs_glo_3dz_f006_6hrly_hvr_US_east.nc
ARGO_GDAC,pfl,aoml/4903232/profiles/D4903232_417.nc|2025-01-20T02:15:28Z|21.84521|-96.87289,aoml/4903232/profiles/D4903232_417.nc,4903232,4903232,21.84521,-96.87289,2025-01-20T02:15:28Z,20250120,2025,850,1.08,1689.48,81.0824,True,True,True,https://noaa-nws-rtofs-pds.s3.amazonaws.com/rtofs.20250120/rtofs_glo_3dz_f006_6hrly_hvr_US_east.nc
ARGO_GDAC,pfl,aoml/4903232/profiles/D4903232_417.nc|2025-01-20T02:15:28Z|21.84521|-96.87289,aoml/4903232/profiles/D4903232_417.nc,4903232,4903232,21.84521,-96.87289,2025-01-20T02:15:28Z,20250120,2025,869,0.76,99.96,81.3309,True,True,True,https://noaa-nws-rtofs-pds.s3.amazonaws.com/rtofs.20250120/rtofs_glo_3dz_f006_6hrly_hvr_US_east.nc
ARGO_GDAC,pfl,aoml/4903232/profiles/D4903232_418.nc|2025-01-25T02:10:33Z|21.86227|-96.84057,aoml/4903232/profiles/D4903232_418.nc,4903232,4903232,21.86227,-96.84057,2025-01-25T02:10:33Z,20250125,2025,881,1.04,1751.24,115.0327,True,False,True,https://noaa-nws-rtofs-pds.s3.amazonaws.com/rtofs.20250125/rtofs_glo_3dz_f006_6hrly_hvr_US_east.nc
ARGO_GDAC,pfl,aoml/4903232/profiles/D4903232_418.nc|2025-01-25T02:10:33Z|21.86227|-96.84057,aoml/4903232/profiles/D4903232_418.nc,4903232,4903232,21.86227,-96.84057,2025-01-25T02:10:33Z,20250125,2025,757,0.6,100.0,,False,False,True,https://noaa-nws-rtofs-pds.s3.amazonaws.com/rtofs.20250125/rtofs_glo_3dz_f006_6hrly_hvr_US_east.nc
ARGO_GDAC,pfl,aoml/4903232/profiles/D4903232_419.nc|2025-01-30T01:57:42Z|21.72612|-96.70036,aoml/4903232/profiles/D4903232_419.nc,4903232,4903232,21.72612,-96.70036,2025-01-30T01:57:42Z,20250130,2025,834,1.0,1657.4,30.2259,True,True,True,https://noaa-nws-rtofs-pds.s3.amazonaws.com/rtofs.20250130/rtofs_glo_3dz_f006_6hrly_hvr_US_east.nc
ARGO_GDAC,pfl,aoml/4903232/profiles/D4903232_419.nc|2025-01-30T01:57:42Z|21.72612|-96.70036,aoml/4903232/profiles/D4903232_419.nc,4903232,4903232,21.72612,-96.70036,2025-01-30T01:57:42Z,20250130,2025,859,0.56,99.92,30.328,True,True,True,https://noaa-nws-rtofs-pds.s3.amazonaws.com/rtofs.20250130/rtofs_glo_3dz_f006_6hrly_hvr_US_east.nc
ARGO_GDAC,pfl,aoml/4903232/profiles/D4903232_420.nc|2025-02-04T01:57:29Z|21.45596|-96.53722,aoml/4903232/profiles/D4903232_420.nc,4903232,4903232,21.45596,-96.53722,2025-02-04T01:57:29Z,20250204,2025,887,0.96,1763.92,53.1269,True,True,True,https://noaa-nws-rtofs-pds.s3.amazonaws.com/rtofs.20250204/rtofs_glo_3dz_f006_6hrly_hvr_US_east.nc
ARGO_GDAC,pfl,aoml/4903232/profiles/D4903232_420.nc|2025-02-04T01:57:29Z|21.45596|-96.53722,aoml/4903232/profiles/D4903232_420.nc,4903232,4903232,21.45596,-96.53722,2025-02-04T01:57:29Z,20250204,2025,876,0.6,99.92,52.4133,True,True,True,https://noaa-nws-rtofs-pds.s3.amazonaws.com/rtofs.20250204/rtofs_glo_3dz_f006_6hrly_hvr_US_east.nc
ARGO_GDAC,pfl,aoml/4903232/profiles/D4903232_421.nc|2025-02-09T01:50:58Z|21.28906|-96.46931,aoml/4903232/profiles/D4903232_421.nc,4903232,4903232,21.28906,-96.46931,2025-02-09T01:50:58Z,20250209,2025,871,1.04,1731.24,18.7862,True,True,True,https://noaa-nws-rtofs-pds.s3.amazonaws.com/rtofs.20250209/rtofs_glo_3dz_f006_6hrly_hvr_US_east.nc
ARGO_GDAC,pfl,aoml/4903232/profiles/D4903232_421.nc|2025-02-09T01:50:58Z|21.28906|-96.46931,aoml/4903232/profiles/D4903232_421.nc,4903232,4903232,21.28906,-96.46931,2025-02-09T01:50:58Z,20250209,2025,878,0.64,99.92,19.01,True,True,True,https://noaa-nws-rtofs-pds.s3.amazonaws.com/rtofs.20250209/rtofs_glo_3dz_f006_6hrly_hvr_US_east.nc
ARGO_GDAC,pfl,aoml/4903232/profiles/D4903232_422.nc|2025-02-14T01:15:14Z|21.28865|-96.47908,aoml/4903232/profiles/D4903232_422.nc,4903232,4903232,21.28865,-96.47908,2025-02-14T01:15:14Z,20250214,2025,784,1.04,1557.8,35.783,True,True,True,https://noaa-nws-rtofs-pds.s3.amazonaws.com/rtofs.20250214/rtofs_glo_3dz_f006_6hrly_hvr_US_east.nc
ARGO_GDAC,pfl,aoml/4903232/profiles/D4903232_422.nc|2025-02-14T01:15:14Z|21.28865|-96.47908,aoml/4903232/profiles/D4903232_422.nc,4903232,4903232,21.28865,-96.47908,2025-02-14T01:15:14Z,20250214,2025,971,0.6,99.96,35.3261,True,True,True,https://noaa-nws-rtofs-pds.s3.amazonaws.com/rtofs.20250214/rtofs_glo_3dz_f006_6hrly_hvr_US_east.nc
ARGO_GDAC,pfl,aoml/4903232/profiles/D4903232_423.nc|2025-02-19T01:05:54Z|21.24915|-96.46238,aoml/4903232/profiles/D4903232_423.nc,4903232,4903232,21.24915,-96.46238,2025-02-19T01:05:54Z,20250219,2025,850,1.04,1689.44,50.6276,True,True,True,https://noaa-nws-rtofs-pds.s3.amazonaws.com/rtofs.20250219/rtofs_glo_3dz_f006_6hrly_hvr_US_east.nc
ARGO_GDAC,pfl,aoml/4903232/profiles/D4903232_423.nc|2025-02-19T01:05:54Z|21.24915|-96.46238,aoml/4903232/profiles/D4903232_423.nc,4903232,4903232,21.24915,-96.46238,2025-02-19T01:05:54Z,20250219,2025,877,0.6,99.92,50.5,True,True,True,https://noaa-nws-rtofs-pds.s3.amazonaws.com/rtofs.20250219/rtofs_glo_3dz_f006_6hrly_hvr_US_east.nc
ARGO_GDAC,pfl,aoml/4903232/profiles/D4903232_424.nc|2025-02-24T00:43:26Z|21.09940|-96.42535,aoml/4903232/profiles/D4903232_424.nc,4903232,4903232,21.0994,-96.42535,2025-02-24T00:43:26Z,20250224,2025,825,0.96,1639.88,85.3285,True,True,True,https://noaa-nws-rtofs-pds.s3.amazonaws.com/rtofs.20250224/rtofs_glo_3dz_f006_6hrly_hvr_US_east.nc
ARGO_GDAC,pfl,aoml/4903232/profiles/D4903232_424.nc|2025-02-24T00:43:26Z|21.09940|-96.42535,aoml/4903232/profiles/D4903232_424.nc,4903232,4903232,21.0994,-96.42535,2025-02-24T00:43:26Z,20250224,2025,834,0.52,99.96,86.154,True,True,True,https://noaa-nws-rtofs-pds.s3.amazonaws.com/rtofs.20250224/rtofs_glo_3dz_f006_6hrly_hvr_US_east.nc
ARGO_GDAC,pfl,aoml/4903232/profiles/D4903232_425.nc|2025-03-01T00:23:44Z|20.94094|-96.37795,aoml/4903232/profiles/D4903232_425.nc,4903232,4903232,20.94094,-96.37795,2025-03-01T00:23:44Z,20250301,2025,829,1.04,1647.96,61.7228,True,True,True,https://noaa-nws-rtofs-pds.s3.amazonaws.com/rtofs.20250301/rtofs_glo_3dz_f006_6hrly_hvr_US_east.nc
ARGO_GDAC,pfl,aoml/4903232/profiles/D4903232_425.nc|2025-03-01T00:23:44Z|20.94094|-96.37795,aoml/4903232/profiles/D4903232_425.nc,4903232,4903232,20.94094,-96.37795,2025-03-01T00:23:44Z,20250301,2025,873,0.64,99.96,61.307,True,True,True,https://noaa-nws-rtofs-pds.s3.amazonaws.com/rtofs.20250301/rtofs_glo_3dz_f006_6hrly_hvr_US_east.nc
ARGO_GDAC,pfl,aoml/4903232/profiles/D4903232_426.nc|2025-03-05T23:53:53Z|20.87463|-96.33645,aoml/4903232/profiles/D4903232_426.nc,4903232,4903232,20.87463,-96.33645,2025-03-05T23:53:53Z,20250305,2025,800,1.08,1589.24,16.6688,True,True,True,https://noaa-nws-rtofs-pds.s3.amazonaws.com/rtofs.20250305/rtofs_glo_3dz_f006_6hrly_hvr_US_east.nc
ARGO_GDAC,pfl,aoml/4903232/profiles/D4903232_426.nc|2025-03-05T23:53:53Z|20.87463|-96.33645,aoml/4903232/profiles/D4903232_426.nc,4903232,4903232,20.87463,-96.33645,2025-03-05T23:53:53Z,20250305,2025,862,0.8,99.96,16.92,True,True,True,https://noaa-nws-rtofs-pds.s3.amazonaws.com/rtofs.20250305/rtofs_glo_3dz_f006_6hrly_hvr_US_east.nc
ARGO_GDAC,pfl,aoml/4903232/profiles/D4903232_427.nc|2025-03-10T23:25:30Z|20.80036|-96.29673,aoml/4903232/profiles/D4903232_427.nc,4903232,4903232,20.80036,-96.29673,2025-03-10T23:25:30Z,20250310,2025,799,1.04,1587.72,44.366,True,True,True,https://noaa-nws-rtofs-pds.s3.amazonaws.com/rtofs.20250310/rtofs_glo_3dz_f006_6hrly_hvr_US_east.nc
ARGO_GDAC,pfl,aoml/4903232/profiles/D4903232_427.nc|2025-03-10T23:25:30Z|20.80036|-96.29673,aoml/4903232/profiles/D4903232_427.nc,4903232,4903232,20.80036,-96.29673,2025-03-10T23:25:30Z,20250310,2025,911,0.68,99.92,44.5,True,True,True,https://noaa-nws-rtofs-pds.s3.amazonaws.com/rtofs.20250310/rtofs_glo_3dz_f006_6hrly_hvr_US_east.nc
ARGO_GDAC,pfl,aoml/4903232/profiles/D4903232_428.nc|2025-03-15T22:57:52Z|20.86796|-96.34442,aoml/4903232/profiles/D4903232_428.nc,4903232,4903232,20.86796,-96.34442,2025-03-15T22:57:52Z,20250315,2025,798,1.08,1585.56,49.5281,True,True,True,https://noaa-nws-rtofs-pds.s3.amazonaws.com/rtofs.20250315/rtofs_glo_3dz_f006_6hrly_hvr_US_east.nc
ARGO_GDAC,pfl,aoml/4903232/profiles/D4903232_428.nc|2025-03-15T22:57:52Z|20.86796|-96.34442,aoml/4903232/profiles/D4903232_428.nc,4903232,4903232,20.86796,-96.34442,2025-03-15T22:57:52Z,20250315,2025,893,0.72,99.96,49.968,True,True,True,https://noaa-nws-rtofs-pds.s3.amazonaws.com/rtofs.20250315/rtofs_glo_3dz_f006_6hrly_hvr_US_east.nc
ARGO_GDAC,pfl,aoml/4903232/profiles/D4903232_429.nc|2025-03-20T22:30:41Z|21.00466|-96.26495,aoml/4903232/profiles/D4903232_429.nc,4903232,4903232,21.00466,-96.26495,2025-03-20T22:30:41Z,20250320,2025,802,0.96,1593.6,63.0356,True,True,True,https://noaa-nws-rtofs-pds.s3.amazonaws.com/rtofs.20250320/rtofs_glo_3dz_f006_6hrly_hvr_US_east.nc
ARGO_GDAC,pfl,aoml/4903232/profiles/D4903232_429.nc|2025-03-20T22:30:41Z|21.00466|-96.26495,aoml/4903232/profiles/D4903232_429.nc,4903232,4903232,21.00466,-96.26495,2025-03-20T22:30:41Z,20250320,2025,836,0.56,99.96,63.08,True,True,True,https://noaa-nws-rtofs-pds.s3.amazonaws.com/rtofs.20250320/rtofs_glo_3dz_f006_6hrly_hvr_US_east.nc
ARGO_GDAC,pfl,aoml/4903232/profiles/D4903232_430.nc|2025-03-25T21:51:40Z|21.00650|-96.25687,aoml/4903232/profiles/D4903232_430.nc,4903232,4903232,21.0065,-96.25687,2025-03-25T21:51:40Z,20250325,2025,777,1.0,1543.96,42.3844,True,True,True,https://noaa-nws-rtofs-pds.s3.amazonaws.com/rtofs.20250325/rtofs_glo_3dz_f006_6hrly_hvr_US_east.nc
ARGO_GDAC,pfl,aoml/4903232/profiles/D4903232_430.nc|2025-03-25T21:51:40Z|21.00650|-96.25687,aoml/4903232/profiles/D4903232_430.nc,4903232,4903232,21.0065,-96.25687,2025-03-25T21:51:40Z,20250325,2025,846,0.56,99.88,42.6201,True,True,True,https://noaa-nws-rtofs-pds.s3.amazonaws.com/rtofs.20250325/rtofs_glo_3dz_f006_6hrly_hvr_US_east.nc
ARGO_GDAC,pfl,aoml/4903232/profiles/D4903232_431.nc|2025-03-30T21:38:59Z|20.60199|-96.18923,aoml/4903232/profiles/D4903232_431.nc,4903232,4903232,20.60199,-96.18923,2025-03-30T21:38:59Z,20250330,2025,842,1.08,1673.36,30.7155,True,True,True,https://noaa-nws-rtofs-pds.s3.amazonaws.com/rtofs.20250330/rtofs_glo_3dz_f006_6hrly_hvr_US_east.nc
ARGO_GDAC,pfl,aoml/4903232/profiles/D4903232_431.nc|2025-03-30T21:38:59Z|20.60199|-96.18923,aoml/4903232/profiles/D4903232_431.nc,4903232,4903232,20.60199,-96.18923,2025-03-30T21:38:59Z,20250330,2025,922,0.68,99.88,30.5,True,True,True,https://noaa-nws-rtofs-pds.s3.amazonaws.com/rtofs.20250330/rtofs_glo_3dz_f006_6hrly_hvr_US_east.nc
ARGO_GDAC,pfl,aoml/4903232/profiles/D4903232_432.nc|2025-04-04T21:02:22Z|20.29903|-96.16132,aoml/4903232/profiles/D4903232_432.nc,4903232,4903232,20.29903,-96.16132,2025-04-04T21:02:22Z,20250404,2025,759,1.04,1507.2,24.6212,True,True,True,https://noaa-nws-rtofs-pds.s3.amazonaws.com/rtofs.20250404/rtofs_glo_3dz_f006_6hrly_hvr_US_east.nc
ARGO_GDAC,pfl,aoml/4903232/profiles/D4903232_432.nc|2025-04-04T21:02:22Z|20.29903|-96.16132,aoml/4903232/profiles/D4903232_432.nc,4903232,4903232,20.29903,-96.16132,2025-04-04T21:02:22Z,20250404,2025,892,0.6,99.92,24.9882,True,True,True,https://noaa-nws-rtofs-pds.s3.amazonaws.com/rtofs.20250404/rtofs_glo_3dz_f006_6hrly_hvr_US_east.nc
ARGO_GDAC,pfl,aoml/4903232/profiles/D4903232_433.nc|2025-04-09T20:26:18Z|20.30457|-96.15005,aoml/4903232/profiles/D4903232_433.nc,4903232,4903232,20.30457,-96.15005,2025-04-09T20:26:18Z,20250409,2025,773,1.08,1536.0,43.2948,True,True,True,https://noaa-nws-rtofs-pds.s3.amazonaws.com/rtofs.20250409/rtofs_glo_3dz_f006_6hrly_hvr_US_east.nc
ARGO_GDAC,pfl,aoml/4903232/profiles/D4903232_433.nc|2025-04-09T20:26:18Z|20.30457|-96.15005,aoml/4903232/profiles/D4903232_433.nc,4903232,4903232,20.30457,-96.15005,2025-04-09T20:26:18Z,20250409,2025,883,0.68,99.96,43.84,True,True,True,https://noaa-nws-rtofs-pds.s3.amazonaws.com/rtofs.20250409/rtofs_glo_3dz_f006_6hrly_hvr_US_east.nc
ARGO_GDAC,pfl,aoml/4903232/profiles/D4903232_434.nc|2025-04-14T20:36:22Z|20.37588|-96.01664,aoml/4903232/profiles/D4903232_434.nc,4903232,4903232,20.37588,-96.01664,2025-04-14T20:36:22Z,20250414,2025,947,1.2,1884.16,46.342,True,True,True,https://noaa-nws-rtofs-pds.s3.amazonaws.com/rtofs.20250414/rtofs_glo_3dz_f006_6hrly_hvr_US_east.nc
ARGO_GDAC,pfl,aoml/4903232/profiles/D4903232_434.nc|2025-04-14T20:36:22Z|20.37588|-96.01664,aoml/4903232/profiles/D4903232_434.nc,4903232,4903232,20.37588,-96.01664,2025-04-14T20:36:22Z,20250414,2025,914,1.04,100.0,47.0687,True,True,True,https://noaa-nws-rtofs-pds.s3.amazonaws.com/rtofs.20250414/rtofs_glo_3dz_f006_6hrly_hvr_US_east.nc
ARGO_GDAC,pfl,aoml/4903232/profiles/D4903232_435.nc|2025-04-19T18:55:15Z|20.63762|-95.92051,aoml/4903232/profiles/D4903232_435.nc,4903232,4903232,20.63762,-95.92051,2025-04-19T18:55:15Z,20250419,2025,1010,1.0,2009.52,40.0631,True,True,True,https://noaa-nws-rtofs-pds.s3.amazonaws.com/rtofs.20250419/rtofs_glo_3dz_f006_6hrly_hvr_US_east.nc
ARGO_GDAC,pfl,aoml/4903232/profiles/D4903232_435.nc|2025-04-19T18:55:15Z|20.63762|-95.92051,aoml/4903232/profiles/D4903232_435.nc,4903232,4903232,20.63762,-95.92051,2025-04-19T18:55:15Z,20250419,2025,906,0.56,100.0,40.3867,True,True,True,https://noaa-nws-rtofs-pds.s3.amazonaws.com/rtofs.20250419/rtofs_glo_3dz_f006_6hrly_hvr_US_east.nc
ARGO_GDAC,pfl,aoml/4903232/profiles/D4903232_436.nc|2025-04-24T16:52:29Z|20.39612|-95.91886,aoml/4903232/profiles/D4903232_436.nc,4903232,4903232,20.39612,-95.91886,2025-04-24T16:52:29Z,20250424,2025,1010,1.0,2010.48,22.2786,True,True,True,https://noaa-nws-rtofs-pds.s3.amazonaws.com/rtofs.20250424/rtofs_glo_3dz_f006_6hrly_hvr_US_east.nc
ARGO_GDAC,pfl,aoml/4903232/profiles/D4903232_436.nc|2025-04-24T16:52:29Z|20.39612|-95.91886,aoml/4903232/profiles/D4903232_436.nc,4903232,4903232,20.39612,-95.91886,2025-04-24T16:52:29Z,20250424,2025,896,0.56,100.0,22.0,True,True,True,https://noaa-nws-rtofs-pds.s3.amazonaws.com/rtofs.20250424/rtofs_glo_3dz_f006_6hrly_hvr_US_east.nc
ARGO_GDAC,pfl,aoml/4903232/profiles/D4903232_437.nc|2025-04-29T15:17:34Z|20.27160|-95.88692,aoml/4903232/profiles/D4903232_437.nc,4903232,4903232,20.2716,-95.88692,2025-04-29T15:17:34Z,20250429,2025,1008,1.0,2005.28,22.9267,True,True,True,https://noaa-nws-rtofs-pds.s3.amazonaws.com/rtofs.20250429/rtofs_glo_3dz_f006_6hrly_hvr_US_east.nc
ARGO_GDAC,pfl,aoml/4903232/profiles/D4903232_437.nc|2025-04-29T15:17:34Z|20.27160|-95.88692,aoml/4903232/profiles/D4903232_437.nc,4903232,4903232,20.2716,-95.88692,2025-04-29T15:17:34Z,20250429,2025,916,0.6,99.92,23.1446,True,True,True,https://noaa-nws-rtofs-pds.s3.amazonaws.com/rtofs.20250429/rtofs_glo_3dz_f006_6hrly_hvr_US_east.nc
ARGO_GDAC,pfl,aoml/4903232/profiles/D4903232_438.nc|2025-05-04T13:36:17Z|20.33808|-95.72599,aoml/4903232/profiles/D4903232_438.nc,4903232,4903232,20.33808,-95.72599,2025-05-04T13:36:17Z,20250504,2025,1008,1.04,2005.6,25.0731,True,True,True,https://noaa-nws-rtofs-pds.s3.amazonaws.com/rtofs.20250504/rtofs_glo_3dz_f006_6hrly_hvr_US_east.nc
ARGO_GDAC,pfl,aoml/4903232/profiles/D4903232_438.nc|2025-05-04T13:36:17Z|20.33808|-95.72599,aoml/4903232/profiles/D4903232_438.nc,4903232,4903232,20.33808,-95.72599,2025-05-04T13:36:17Z,20250504,2025,998,0.72,99.96,25.38,True,True,True,https://noaa-nws-rtofs-pds.s3.amazonaws.com/rtofs.20250504/rtofs_glo_3dz_f006_6hrly_hvr_US_east.nc
ARGO_GDAC,pfl,aoml/4903232/profiles/D4903232_439.nc|2025-05-09T12:00:09Z|20.52310|-95.80643,aoml/4903232/profiles/D4903232_439.nc,4903232,4903232,20.5231,-95.80643,2025-05-09T12:00:09Z,20250509,2025,1008,1.04,2005.32,12.8102,True,True,True,https://noaa-nws-rtofs-pds.s3.amazonaws.com/rtofs.20250509/rtofs_glo_3dz_f006_6hrly_hvr_US_east.nc
ARGO_GDAC,pfl,aoml/4903232/profiles/D4903232_439.nc|2025-05-09T12:00:09Z|20.52310|-95.80643,aoml/4903232/profiles/D4903232_439.nc,4903232,4903232,20.5231,-95.80643,2025-05-09T12:00:09Z,20250509,2025,908,0.68,99.96,13.0761,True,True,True,https://noaa-nws-rtofs-pds.s3.amazonaws.com/rtofs.20250509/rtofs_glo_3dz_f006_6hrly_hvr_US_east.nc
ARGO_GDAC,pfl,aoml/4903232/profiles/D4903232_440.nc|2025-05-14T10:14:02Z|20.55537|-95.71500,aoml/4903232/profiles/D4903232_440.nc,4903232,4903232,20.55537,-95.715,2025-05-14T10:14:02Z,20250514,2025,1008,1.08,2005.76,37.3813,True,True,True,https://noaa-nws-rtofs-pds.s3.amazonaws.com/rtofs.20250514/rtofs_glo_3dz_f006_6hrly_hvr_US_east.nc
ARGO_GDAC,pfl,aoml/4903232/profiles/D4903232_440.nc|2025-05-14T10:14:02Z|20.55537|-95.71500,aoml/4903232/profiles/D4903232_440.nc,4903232,4903232,20.55537,-95.715,2025-05-14T10:14:02Z,20250514,2025,938,0.68,99.96,37.3236,True,True,True,https://noaa-nws-rtofs-pds.s3.amazonaws.com/rtofs.20250514/rtofs_glo_3dz_f006_6hrly_hvr_US_east.nc
ARGO_GDAC,pfl,aoml/4903232/profiles/D4903232_441.nc|2025-05-19T08:37:38Z|20.25696|-95.73485,aoml/4903232/profiles/D4903232_441.nc,4903232,4903232,20.25696,-95.73485,2025-05-19T08:37:38Z,20250519,2025,1009,1.04,2007.16,17.6518,True,True,True,https://noaa-nws-rtofs-pds.s3.amazonaws.com/rtofs.20250519/rtofs_glo_3dz_f006_6hrly_hvr_US_east.nc
ARGO_GDAC,pfl,aoml/4903232/profiles/D4903232_441.nc|2025-05-19T08:37:38Z|20.25696|-95.73485,aoml/4903232/profiles/D4903232_441.nc,4903232,4903232,20.25696,-95.73485,2025-05-19T08:37:38Z,20250519,2025,977,0.64,99.92,17.5771,True,True,True,https://noaa-nws-rtofs-pds.s3.amazonaws.com/rtofs.20250519/rtofs_glo_3dz_f006_6hrly_hvr_US_east.nc
ARGO_GDAC,pfl,aoml/4903232/profiles/D4903232_442.nc|2025-05-24T06:58:28Z|19.72824|-95.53985,aoml/4903232/profiles/D4903232_442.nc,4903232,4903232,19.72824,-95.53985,2025-05-24T06:58:28Z,20250524,2025,1008,1.08,2006.28,15.3333,True,True,True,https://noaa-nws-rtofs-pds.s3.amazonaws.com/rtofs.20250524/rtofs_glo_3dz_f006_6hrly_hvr_US_east.nc
ARGO_GDAC,pfl,aoml/4903232/profiles/D4903232_442.nc|2025-05-24T06:58:28Z|19.72824|-95.53985,aoml/4903232/profiles/D4903232_442.nc,4903232,4903232,19.72824,-95.53985,2025-05-24T06:58:28Z,20250524,2025,960,0.76,99.88,15.9556,True,True,True,https://noaa-nws-rtofs-pds.s3.amazonaws.com/rtofs.20250524/rtofs_glo_3dz_f006_6hrly_hvr_US_east.nc
ARGO_GDAC,pfl,aoml/4903232/profiles/D4903232_443.nc|2025-05-29T05:06:07Z|19.29419|-95.22741,aoml/4903232/profiles/D4903232_443.nc,4903232,4903232,19.29419,-95.22741,2025-05-29T05:06:07Z,20250529,2025,1008,1.08,2005.16,11.7159,True,True,True,https://noaa-nws-rtofs-pds.s3.amazonaws.com/rtofs.20250529/rtofs_glo_3dz_f006_6hrly_hvr_US_east.nc
ARGO_GDAC,pfl,aoml/4903232/profiles/D4903232_443.nc|2025-05-29T05:06:07Z|19.29419|-95.22741,aoml/4903232/profiles/D4903232_443.nc,4903232,4903232,19.29419,-95.22741,2025-05-29T05:06:07Z,20250529,2025,957,0.64,99.96,11.9322,True,True,True,https://noaa-nws-rtofs-pds.s3.amazonaws.com/rtofs.20250529/rtofs_glo_3dz_f006_6hrly_hvr_US_east.nc
ARGO_GDAC,pfl,aoml/4903232/profiles/D4903232_444.nc|2025-06-03T03:25:12Z|19.33302|-94.88761,aoml/4903232/profiles/D4903232_444.nc,4903232,4903232,19.33302,-94.88761,2025-06-03T03:25:12Z,20250603,2025,1009,1.16,2007.0,10.9615,True,True,True,https://noaa-nws-rtofs-pds.s3.amazonaws.com/rtofs.20250603/rtofs_glo_3dz_f006_6hrly_hvr_US_east.nc
ARGO_GDAC,pfl,aoml/4903232/profiles/D4903232_444.nc|2025-06-03T03:25:12Z|19.33302|-94.88761,aoml/4903232/profiles/D4903232_444.nc,4903232,4903232,19.33302,-94.88761,2025-06-03T03:25:12Z,20250603,2025,942,0.88,99.88,11.2328,True,True,True,https://noaa-nws-rtofs-pds.s3.amazonaws.com/rtofs.20250603/rtofs_glo_3dz_f006_6hrly_hvr_US_east.nc
ARGO_GDAC,pfl,aoml/4903232/profiles/D4903232_445.nc|2025-06-08T01:48:38Z|19.51007|-94.68627,aoml/4903232/profiles/D4903232_445.nc,4903232,4903232,19.51007,-94.68627,2025-06-08T01:48:38Z,20250608,2025,1012,1.04,2013.88,15.4249,True,True,True,https://noaa-nws-rtofs-pds.s3.amazonaws.com/rtofs.20250608/rtofs_glo_3dz_f006_6hrly_hvr_US_east.nc
ARGO_GDAC,pfl,aoml/4903232/profiles/D4903232_445.nc|2025-06-08T01:48:38Z|19.51007|-94.68627,aoml/4903232/profiles/D4903232_445.nc,4903232,4903232,19.51007,-94.68627,2025-06-08T01:48:38Z,20250608,2025,1020,0.88,99.92,15.4733,True,True,True,https://noaa-nws-rtofs-pds.s3.amazonaws.com/rtofs.20250608/rtofs_glo_3dz_f006_6hrly_hvr_US_east.nc
ARGO_GDAC,pfl,aoml/4903232/profiles/D4903232_446.nc|2025-06-13T01:55:41Z|19.72227|-94.63661,aoml/4903232/profiles/D4903232_446.nc,4903232,4903232,19.72227,-94.63661,2025-06-13T01:55:41Z,20250613,2025,888,1.0,1765.44,25.3326,True,True,True,https://noaa-nws-rtofs-pds.s3.amazonaws.com/rtofs.20250613/rtofs_glo_3dz_f006_6hrly_hvr_US_east.nc
ARGO_GDAC,pfl,aoml/4903232/profiles/D4903232_446.nc|2025-06-13T01:55:41Z|19.72227|-94.63661,aoml/4903232/profiles/D4903232_446.nc,4903232,4903232,19.72227,-94.63661,2025-06-13T01:55:41Z,20250613,2025,970,0.6,100.0,25.72,True,True,True,https://noaa-nws-rtofs-pds.s3.amazonaws.com/rtofs.20250613/rtofs_glo_3dz_f006_6hrly_hvr_US_east.nc
ARGO_GDAC,pfl,aoml/4903232/profiles/D4903232_447.nc|2025-06-18T02:21:05Z|19.88716|-94.61640,aoml/4903232/profiles/D4903232_447.nc,4903232,4903232,19.88716,-94.6164,2025-06-18T02:21:05Z,20250618,2025,968,1.08,1925.16,26.7738,True,True,True,https://noaa-nws-rtofs-pds.s3.amazonaws.com/rtofs.20250618/rtofs_glo_3dz_f006_6hrly_hvr_US_east.nc
ARGO_GDAC,pfl,aoml/4903232/profiles/D4903232_447.nc|2025-06-18T02:21:05Z|19.88716|-94.61640,aoml/4903232/profiles/D4903232_447.nc,4903232,4903232,19.88716,-94.6164,2025-06-18T02:21:05Z,20250618,2025,1020,8.0,99.96,27.12,True,True,True,https://noaa-nws-rtofs-pds.s3.amazonaws.com/rtofs.20250618/rtofs_glo_3dz_f006_6hrly_hvr_US_east.nc
ARGO_GDAC,pfl,aoml/4903232/profiles/D4903232_448.nc|2025-06-23T01:20:16Z|20.00541|-94.52163,aoml/4903232/profiles/D4903232_448.nc,4903232,4903232,20.00541,-94.52163,2025-06-23T01:20:16Z,20250623,2025,1007,0.44,2001.32,30.9065,True,True,True,https://noaa-nws-rtofs-pds.s3.amazonaws.com/rtofs.20250623/rtofs_glo_3dz_f006_6hrly_hvr_US_east.nc
ARGO_GDAC,pfl,aoml/4903232/profiles/D4903232_448.nc|2025-06-23T01:20:16Z|20.00541|-94.52163,aoml/4903232/profiles/D4903232_448.nc,4903232,4903232,20.00541,-94.52163,2025-06-23T01:20:16Z,20250623,2025,967,0.44,99.92,31.4264,True,True,True,https://noaa-nws-rtofs-pds.s3.amazonaws.com/rtofs.20250623/rtofs_glo_3dz_f006_6hrly_hvr_US_east.nc
ARGO_GDAC,pfl,aoml/4903232/profiles/D4903232_449.nc|2025-06-27T23:43:23Z|20.08426|-94.46181,aoml/4903232/profiles/D4903232_449.nc,4903232,4903232,20.08426,-94.46181,2025-06-27T23:43:23Z,20250627,2025,1007,1.08,2003.84,25.8539,True,True,True,https://noaa-nws-rtofs-pds.s3.amazonaws.com/rtofs.20250627/rtofs_glo_3dz_f006_6hrly_hvr_US_east.nc
ARGO_GDAC,pfl,aoml/4903232/profiles/D4903232_449.nc|2025-06-27T23:43:23Z|20.08426|-94.46181,aoml/4903232/profiles/D4903232_449.nc,4903232,4903232,20.08426,-94.46181,2025-06-27T23:43:23Z,20250627,2025,998,0.72,99.96,26.5022,True,True,True,https://noaa-nws-rtofs-pds.s3.amazonaws.com/rtofs.20250627/rtofs_glo_3dz_f006_6hrly_hvr_US_east.nc
ARGO_GDAC,pfl,aoml/4903232/profiles/D4903232_450.nc|2025-07-02T23:34:41Z|20.11258|-94.47495,aoml/4903232/profiles/D4903232_450.nc,4903232,4903232,20.11258,-94.47495,2025-07-02T23:34:41Z,20250702,2025,831,1.0,1651.64,13.6672,True,True,True,https://noaa-nws-rtofs-pds.s3.amazonaws.com/rtofs.20250702/rtofs_glo_3dz_f006_6hrly_hvr_US_east.nc
ARGO_GDAC,pfl,aoml/4903232/profiles/D4903232_450.nc|2025-07-02T23:34:41Z|20.11258|-94.47495,aoml/4903232/profiles/D4903232_450.nc,4903232,4903232,20.11258,-94.47495,2025-07-02T23:34:41Z,20250702,2025,939,0.64,99.92,13.9067,True,True,True,https://noaa-nws-rtofs-pds.s3.amazonaws.com/rtofs.20250702/rtofs_glo_3dz_f006_6hrly_hvr_US_east.nc
ARGO_GDAC,pfl,aoml/4903232/profiles/D4903232_451.nc|2025-07-07T23:09:05Z|20.17189|-94.47964,aoml/4903232/profiles/D4903232_451.nc,4903232,4903232,20.17189,-94.47964,2025-07-07T23:09:05Z,20250707,2025,766,1.08,1521.4,10.9835,True,True,True,https://noaa-nws-rtofs-pds.s3.amazonaws.com/rtofs.20250707/rtofs_glo_3dz_f006_6hrly_hvr_US_east.nc
ARGO_GDAC,pfl,aoml/4903232/profiles/D4903232_451.nc|2025-07-07T23:09:05Z|20.17189|-94.47964,aoml/4903232/profiles/D4903232_451.nc,4903232,4903232,20.17189,-94.47964,2025-07-07T23:09:05Z,20250707,2025,994,0.76,99.96,11.2853,True,True,True,https://noaa-nws-rtofs-pds.s3.amazonaws.com/rtofs.20250707/rtofs_glo_3dz_f006_6hrly_hvr_US_east.nc
ARGO_GDAC,pfl,aoml/4903232/profiles/D4903232_452.nc|2025-07-12T21:30:12Z|20.29292|-94.40019,aoml/4903232/profiles/D4903232_452.nc,4903232,4903232,20.29292,-94.40019,2025-07-12T21:30:12Z,20250712,2025,1012,1.08,2013.28,20.3484,True,True,True,https://noaa-nws-rtofs-pds.s3.amazonaws.com/rtofs.20250712/rtofs_glo_3dz_f006_6hrly_hvr_US_east.nc
ARGO_GDAC,pfl,aoml/4903232/profiles/D4903232_452.nc|2025-07-12T21:30:12Z|20.29292|-94.40019,aoml/4903232/profiles/D4903232_452.nc,4903232,4903232,20.29292,-94.40019,2025-07-12T21:30:12Z,20250712,2025,987,0.76,99.92,20.3188,True,True,True,https://noaa-nws-rtofs-pds.s3.amazonaws.com/rtofs.20250712/rtofs_glo_3dz_f006_6hrly_hvr_US_east.nc
ARGO_GDAC,pfl,aoml/4903232/profiles/D4903232_453.nc|2025-07-17T19:37:33Z|20.50270|-94.30319,aoml/4903232/profiles/D4903232_453.nc,4903232,4903232,20.5027,-94.30319,2025-07-17T19:37:33Z,20250717,2025,1009,0.96,2007.08,22.1025,True,True,True,https://noaa-nws-rtofs-pds.s3.amazonaws.com/rtofs.20250717/rtofs_glo_3dz_f006_6hrly_hvr_US_east.nc
ARGO_GDAC,pfl,aoml/4903232/profiles/D4903232_453.nc|2025-07-17T19:37:33Z|20.50270|-94.30319,aoml/4903232/profiles/D4903232_453.nc,4903232,4903232,20.5027,-94.30319,2025-07-17T19:37:33Z,20250717,2025,980,0.6,99.88,22.6267,True,True,True,https://noaa-nws-rtofs-pds.s3.amazonaws.com/rtofs.20250717/rtofs_glo_3dz_f006_6hrly_hvr_US_east.nc
ARGO_GDAC,pfl,aoml/4903232/profiles/D4903232_454.nc|2025-07-22T18:12:03Z|20.68552|-94.13464,aoml/4903232/profiles/D4903232_454.nc,4903232,4903232,20.68552,-94.13464,2025-07-22T18:12:03Z,20250722,2025,1007,1.04,2003.92,24.675,True,True,True,https://noaa-nws-rtofs-pds.s3.amazonaws.com/rtofs.20250722/rtofs_glo_3dz_f006_6hrly_hvr_US_east.nc
ARGO_GDAC,pfl,aoml/4903232/profiles/D4903232_454.nc|2025-07-22T18:12:03Z|20.68552|-94.13464,aoml/4903232/profiles/D4903232_454.nc,4903232,4903232,20.68552,-94.13464,2025-07-22T18:12:03Z,20250722,2025,984,0.68,99.96,24.74,True,True,True,https://noaa-nws-rtofs-pds.s3.amazonaws.com/rtofs.20250722/rtofs_glo_3dz_f006_6hrly_hvr_US_east.nc
ARGO_GDAC,pfl,aoml/4903232/profiles/D4903232_455.nc|2025-07-27T16:31:21Z|20.82272|-94.08744,aoml/4903232/profiles/D4903232_455.nc,4903232,4903232,20.82272,-94.08744,2025-07-27T16:31:21Z,20250727,2025,1008,1.0,2005.32,27.3236,True,True,True,https://noaa-nws-rtofs-pds.s3.amazonaws.com/rtofs.20250727/rtofs_glo_3dz_f006_6hrly_hvr_US_east.nc
ARGO_GDAC,pfl,aoml/4903232/profiles/D4903232_455.nc|2025-07-27T16:31:21Z|20.82272|-94.08744,aoml/4903232/profiles/D4903232_455.nc,4903232,4903232,20.82272,-94.08744,2025-07-27T16:31:21Z,20250727,2025,964,0.6,99.96,27.25,True,True,True,https://noaa-nws-rtofs-pds.s3.amazonaws.com/rtofs.20250727/rtofs_glo_3dz_f006_6hrly_hvr_US_east.nc
ARGO_GDAC,pfl,aoml/4903232/profiles/D4903232_456.nc|2025-08-01T14:50:42Z|21.01042|-94.07005,aoml/4903232/profiles/D4903232_456.nc,4903232,4903232,21.01042,-94.07005,2025-08-01T14:50:42Z,20250801,2025,1009,1.12,2007.56,22.5024,True,True,True,https://noaa-nws-rtofs-pds.s3.amazonaws.com/rtofs.20250801/rtofs_glo_3dz_f006_6hrly_hvr_US_east.nc
ARGO_GDAC,pfl,aoml/4903232/profiles/D4903232_456.nc|2025-08-01T14:50:42Z|21.01042|-94.07005,aoml/4903232/profiles/D4903232_456.nc,4903232,4903232,21.01042,-94.07005,2025-08-01T14:50:42Z,20250801,2025,985,0.76,99.96,22.9291,True,True,True,https://noaa-nws-rtofs-pds.s3.amazonaws.com/rtofs.20250801/rtofs_glo_3dz_f006_6hrly_hvr_US_east.nc
ARGO_GDAC,pfl,aoml/4903232/profiles/D4903232_457.nc|2025-08-06T13:06:52Z|21.15991|-94.04420,aoml/4903232/profiles/D4903232_457.nc,4903232,4903232,21.15991,-94.0442,2025-08-06T13:06:52Z,20250806,2025,1014,0.48,2015.28,23.2198,True,True,True,https://noaa-nws-rtofs-pds.s3.amazonaws.com/rtofs.20250806/rtofs_glo_3dz_f006_6hrly_hvr_US_east.nc
ARGO_GDAC,pfl,aoml/4903232/profiles/D4903232_457.nc|2025-08-06T13:06:52Z|21.15991|-94.04420,aoml/4903232/profiles/D4903232_457.nc,4903232,4903232,21.15991,-94.0442,2025-08-06T13:06:52Z,20250806,2025,952,0.48,99.96,23.2933,True,True,True,https://noaa-nws-rtofs-pds.s3.amazonaws.com/rtofs.20250806/rtofs_glo_3dz_f006_6hrly_hvr_US_east.nc
ARGO_GDAC,pfl,aoml/4903232/profiles/D4903232_458.nc|2025-08-11T11:23:03Z|21.28105|-94.16639,aoml/4903232/profiles/D4903232_458.nc,4903232,4903232,21.28105,-94.16639,2025-08-11T11:23:03Z,20250811,2025,1010,1.08,2010.16,21.1357,True,True,True,https://noaa-nws-rtofs-pds.s3.amazonaws.com/rtofs.20250811/rtofs_glo_3dz_f006_6hrly_hvr_US_east.nc
ARGO_GDAC,pfl,aoml/4903232/profiles/D4903232_458.nc|2025-08-11T11:23:03Z|21.28105|-94.16639,aoml/4903232/profiles/D4903232_458.nc,4903232,4903232,21.28105,-94.16639,2025-08-11T11:23:03Z,20250811,2025,973,0.72,99.92,21.3333,True,True,True,https://noaa-nws-rtofs-pds.s3.amazonaws.com/rtofs.20250811/rtofs_glo_3dz_f006_6hrly_hvr_US_east.nc
ARGO_GDAC,pfl,aoml/4903232/profiles/D4903232_459.nc|2025-08-16T09:46:02Z|21.30130|-94.25018,aoml/4903232/profiles/D4903232_459.nc,4903232,4903232,21.3013,-94.25018,2025-08-16T09:46:02Z,20250816,2025,1008,1.08,2005.4,30.3425,True,True,True,https://noaa-nws-rtofs-pds.s3.amazonaws.com/rtofs.20250816/rtofs_glo_3dz_f006_6hrly_hvr_US_east.nc
ARGO_GDAC,pfl,aoml/4903232/profiles/D4903232_459.nc|2025-08-16T09:46:02Z|21.30130|-94.25018,aoml/4903232/profiles/D4903232_459.nc,4903232,4903232,21.3013,-94.25018,2025-08-16T09:46:02Z,20250816,2025,1020,3.16,99.88,30.465,True,True,True,https://noaa-nws-rtofs-pds.s3.amazonaws.com/rtofs.20250816/rtofs_glo_3dz_f006_6hrly_hvr_US_east.nc
ARGO_GDAC,pfl,aoml/4903232/profiles/D4903232_460.nc|2025-08-21T08:20:22Z|21.19915|-94.30975,aoml/4903232/profiles/D4903232_460.nc,4903232,4903232,21.19915,-94.30975,2025-08-21T08:20:22Z,20250821,2025,1007,1.04,2003.24,13.3046,True,True,True,https://noaa-nws-rtofs-pds.s3.amazonaws.com/rtofs.20250821/rtofs_glo_3dz_f006_6hrly_hvr_US_east.nc
ARGO_GDAC,pfl,aoml/4903232/profiles/D4903232_460.nc|2025-08-21T08:20:22Z|21.19915|-94.30975,aoml/4903232/profiles/D4903232_460.nc,4903232,4903232,21.19915,-94.30975,2025-08-21T08:20:22Z,20250821,2025,1020,5.36,99.92,13.1959,True,True,True,https://noaa-nws-rtofs-pds.s3.amazonaws.com/rtofs.20250821/rtofs_glo_3dz_f006_6hrly_hvr_US_east.nc
ARGO_GDAC,pfl,aoml/4903232/profiles/D4903232_461.nc|2025-08-26T06:43:20Z|21.15128|-94.41118,aoml/4903232/profiles/D4903232_461.nc,4903232,4903232,21.15128,-94.41118,2025-08-26T06:43:20Z,20250826,2025,1008,1.0,2006.28,24.3767,True,True,True,https://noaa-nws-rtofs-pds.s3.amazonaws.com/rtofs.20250826/rtofs_glo_3dz_f006_6hrly_hvr_US_east.nc
ARGO_GDAC,pfl,aoml/4903232/profiles/D4903232_461.nc|2025-08-26T06:43:20Z|21.15128|-94.41118,aoml/4903232/profiles/D4903232_461.nc,4903232,4903232,21.15128,-94.41118,2025-08-26T06:43:20Z,20250826,2025,967,0.56,100.0,24.315,True,True,True,https://noaa-nws-rtofs-pds.s3.amazonaws.com/rtofs.20250826/rtofs_glo_3dz_f006_6hrly_hvr_US_east.nc
ARGO_GDAC,pfl,aoml/4903232/profiles/D4903232_462.nc|2025-08-31T05:04:00Z|21.27100|-94.42448,aoml/4903232/profiles/D4903232_462.nc,4903232,4903232,21.271,-94.42448,2025-08-31T05:04:00Z,20250831,2025,1009,0.48,2005.0,36.411,True,True,True,https://noaa-nws-rtofs-pds.s3.amazonaws.com/rtofs.20250831/rtofs_glo_3dz_f006_6hrly_hvr_US_east.nc
ARGO_GDAC,pfl,aoml/4903232/profiles/D4903232_462.nc|2025-08-31T05:04:00Z|21.27100|-94.42448,aoml/4903232/profiles/D4903232_462.nc,4903232,4903232,21.271,-94.42448,2025-08-31T05:04:00Z,20250831,2025,973,0.48,99.96,37.1314,True,True,True,https://noaa-nws-rtofs-pds.s3.amazonaws.com/rtofs.20250831/rtofs_glo_3dz_f006_6hrly_hvr_US_east.nc
ARGO_GDAC,pfl,aoml/4903232/profiles/D4903232_463.nc|2025-09-05T03:28:50Z|21.51225|-94.25685,aoml/4903232/profiles/D4903232_463.nc,4903232,4903232,21.51225,-94.25685,2025-09-05T03:28:50Z,20250905,2025,1008,1.04,2005.68,32.6709,True,True,True,https://noaa-nws-rtofs-pds.s3.amazonaws.com/rtofs.20250905/rtofs_glo_3dz_f006_6hrly_hvr_US_east.nc
ARGO_GDAC,pfl,aoml/4903232/profiles/D4903232_463.nc|2025-09-05T03:28:50Z|21.51225|-94.25685,aoml/4903232/profiles/D4903232_463.nc,4903232,4903232,21.51225,-94.25685,2025-09-05T03:28:50Z,20250905,2025,951,0.64,99.88,32.92,True,True,True,https://noaa-nws-rtofs-pds.s3.amazonaws.com/rtofs.20250905/rtofs_glo_3dz_f006_6hrly_hvr_US_east.nc
ARGO_GDAC,pfl,aoml/4903232/profiles/D4903232_464.nc|2025-09-10T01:55:25Z|21.83508|-93.91080,aoml/4903232/profiles/D4903232_464.nc,4903232,4903232,21.83508,-93.9108,2025-09-10T01:55:25Z,20250910,2025,1008,1.0,2005.72,39.454,True,True,True,https://noaa-nws-rtofs-pds.s3.amazonaws.com/rtofs.20250910/rtofs_glo_3dz_f006_6hrly_hvr_US_east.nc
ARGO_GDAC,pfl,aoml/4903232/profiles/D4903232_464.nc|2025-09-10T01:55:25Z|21.83508|-93.91080,aoml/4903232/profiles/D4903232_464.nc,4903232,4903232,21.83508,-93.9108,2025-09-10T01:55:25Z,20250910,2025,991,0.52,99.92,39.9071,True,True,True,https://noaa-nws-rtofs-pds.s3.amazonaws.com/rtofs.20250910/rtofs_glo_3dz_f006_6hrly_hvr_US_east.nc
ARGO_GDAC,pfl,aoml/4903232/profiles/D4903232_465.nc|2025-09-15T00:13:07Z|22.16883|-93.41418,aoml/4903232/profiles/D4903232_465.nc,4903232,4903232,22.16883,-93.41418,2025-09-15T00:13:07Z,20250915,2025,1008,1.04,2006.04,33.776,True,True,True,https://noaa-nws-rtofs-pds.s3.amazonaws.com/rtofs.20250915/rtofs_glo_3dz_f006_6hrly_hvr_US_east.nc
ARGO_GDAC,pfl,aoml/4903232/profiles/D4903232_465.nc|2025-09-15T00:13:07Z|22.16883|-93.41418,aoml/4903232/profiles/D4903232_465.nc,4903232,4903232,22.16883,-93.41418,2025-09-15T00:13:07Z,20250915,2025,977,0.8,99.92,33.6457,True,True,True,https://noaa-nws-rtofs-pds.s3.amazonaws.com/rtofs.20250915/rtofs_glo_3dz_f006_6hrly_hvr_US_east.nc
ARGO_GDAC,pfl,aoml/4903232/profiles/D4903232_466.nc|2025-09-19T22:46:53Z|22.38831|-92.90278,aoml/4903232/profiles/D4903232_466.nc,4903232,4903232,22.38831,-92.90278,2025-09-19T22:46:53Z,20250919,2025,1013,0.96,2015.72,37.1192,True,True,True,https://noaa-nws-rtofs-pds.s3.amazonaws.com/rtofs.20250919/rtofs_glo_3dz_f006_6hrly_hvr_US_east.nc
ARGO_GDAC,pfl,aoml/4903232/profiles/D4903232_466.nc|2025-09-19T22:46:53Z|22.38831|-92.90278,aoml/4903232/profiles/D4903232_466.nc,4903232,4903232,22.38831,-92.90278,2025-09-19T22:46:53Z,20250919,2025,942,0.52,100.0,37.8286,True,True,True,https://noaa-nws-rtofs-pds.s3.amazonaws.com/rtofs.20250919/rtofs_glo_3dz_f006_6hrly_hvr_US_east.nc
ARGO_GDAC,pfl,aoml/4903232/profiles/D4903232_467.nc|2025-09-24T21:07:01Z|22.59030|-92.43590,aoml/4903232/profiles/D4903232_467.nc,4903232,4903232,22.5903,-92.4359,2025-09-24T21:07:01Z,20250924,2025,1007,1.08,2004.28,48.1062,True,True,True,https://noaa-nws-rtofs-pds.s3.amazonaws.com/rtofs.20250924/rtofs_glo_3dz_f006_6hrly_hvr_US_east.nc
ARGO_GDAC,pfl,aoml/4903232/profiles/D4903232_467.nc|2025-09-24T21:07:01Z|22.59030|-92.43590,aoml/4903232/profiles/D4903232_467.nc,4903232,4903232,22.5903,-92.4359,2025-09-24T21:07:01Z,20250924,2025,958,0.76,100.0,48.8452,True,True,True,https://noaa-nws-rtofs-pds.s3.amazonaws.com/rtofs.20250924/rtofs_glo_3dz_f006_6hrly_hvr_US_east.nc
ARGO_GDAC,pfl,aoml/4903232/profiles/D4903232_468.nc|2025-09-29T19:29:15Z|22.83028|-92.08940,aoml/4903232/profiles/D4903232_468.nc,4903232,4903232,22.83028,-92.0894,2025-09-29T19:29:15Z,20250929,2025,1008,1.0,2005.0,44.1943,True,True,True,https://noaa-nws-rtofs-pds.s3.amazonaws.com/rtofs.20250929/rtofs_glo_3dz_f006_6hrly_hvr_US_east.nc
ARGO_GDAC,pfl,aoml/4903232/profiles/D4903232_468.nc|2025-09-29T19:29:15Z|22.83028|-92.08940,aoml/4903232/profiles/D4903232_468.nc,4903232,4903232,22.83028,-92.0894,2025-09-29T19:29:15Z,20250929,2025,953,0.6,99.96,44.3723,True,True,True,https://noaa-nws-rtofs-pds.s3.amazonaws.com/rtofs.20250929/rtofs_glo_3dz_f006_6hrly_hvr_US_east.nc
ARGO_GDAC,pfl,aoml/4903232/profiles/D4903232_469.nc|2025-10-04T17:51:22Z|23.09036|-92.04800,aoml/4903232/profiles/D4903232_469.nc,4903232,4903232,23.09036,-92.048,2025-10-04T17:51:22Z,20251004,2025,1008,1.04,2005.8,42.632,True,True,True,https://noaa-nws-rtofs-pds.s3.amazonaws.com/rtofs.20251004/rtofs_glo_3dz_f006_6hrly_hvr_US_east.nc
ARGO_GDAC,pfl,aoml/4903232/profiles/D4903232_469.nc|2025-10-04T17:51:22Z|23.09036|-92.04800,aoml/4903232/profiles/D4903232_469.nc,4903232,4903232,23.09036,-92.048,2025-10-04T17:51:22Z,20251004,2025,975,0.68,99.92,43.9577,True,True,True,https://noaa-nws-rtofs-pds.s3.amazonaws.com/rtofs.20251004/rtofs_glo_3dz_f006_6hrly_hvr_US_east.nc
ARGO_GDAC,pfl,aoml/4903232/profiles/D4903232_470.nc|2025-10-09T16:14:19Z|23.22729|-92.12090,aoml/4903232/profiles/D4903232_470.nc,4903232,4903232,23.22729,-92.1209,2025-10-09T16:14:19Z,20251009,2025,1008,1.0,2005.84,44.2996,True,True,True,https://noaa-nws-rtofs-pds.s3.amazonaws.com/rtofs.20251009/rtofs_glo_3dz_f006_6hrly_hvr_US_east.nc
ARGO_GDAC,pfl,aoml/4903232/profiles/D4903232_470.nc|2025-10-09T16:14:19Z|23.22729|-92.12090,aoml/4903232/profiles/D4903232_470.nc,4903232,4903232,23.22729,-92.1209,2025-10-09T16:14:19Z,20251009,2025,1020,2.64,99.92,45.1285,True,True,True,https://noaa-nws-rtofs-pds.s3.amazonaws.com/rtofs.20251009/rtofs_glo_3dz_f006_6hrly_hvr_US_east.nc
ARGO_GDAC,pfl,aoml/4903232/profiles/D4903232_471.nc|2025-10-14T14:38:45Z|23.31215|-92.28258,aoml/4903232/profiles/D4903232_471.nc,4903232,4903232,23.31215,-92.28258,2025-10-14T14:38:45Z,20251014,2025,1008,1.0,2005.88,47.7551,True,True,True,https://noaa-nws-rtofs-pds.s3.amazonaws.com/rtofs.20251014/rtofs_glo_3dz_f006_6hrly_hvr_US_east.nc
ARGO_GDAC,pfl,aoml/4903232/profiles/D4903232_471.nc|2025-10-14T14:38:45Z|23.31215|-92.28258,aoml/4903232/profiles/D4903232_471.nc,4903232,4903232,23.31215,-92.28258,2025-10-14T14:38:45Z,20251014,2025,938,0.68,100.0,48.174,True,True,True,https://noaa-nws-rtofs-pds.s3.amazonaws.com/rtofs.20251014/rtofs_glo_3dz_f006_6hrly_hvr_US_east.nc
ARGO_GDAC,pfl,aoml/4903232/profiles/D4903232_472.nc|2025-10-19T13:02:40Z|23.33955|-92.50935,aoml/4903232/profiles/D4903232_472.nc,4903232,4903232,23.33955,-92.50935,2025-10-19T13:02:40Z,20251019,2025,1009,0.96,2007.76,46.4279,True,True,True,https://noaa-nws-rtofs-pds.s3.amazonaws.com/rtofs.20251019/rtofs_glo_3dz_f006_6hrly_hvr_US_east.nc
ARGO_GDAC,pfl,aoml/4903232/profiles/D4903232_472.nc|2025-10-19T13:02:40Z|23.33955|-92.50935,aoml/4903232/profiles/D4903232_472.nc,4903232,4903232,23.33955,-92.50935,2025-10-19T13:02:40Z,20251019,2025,941,0.56,99.96,47.5237,True,True,True,https://noaa-nws-rtofs-pds.s3.amazonaws.com/rtofs.20251019/rtofs_glo_3dz_f006_6hrly_hvr_US_east.nc
ARGO_GDAC,pfl,aoml/4903232/profiles/D4903232_473.nc|2025-10-24T11:29:07Z|23.35739|-92.71543,aoml/4903232/profiles/D4903232_473.nc,4903232,4903232,23.35739,-92.71543,2025-10-24T11:29:07Z,20251024,2025,1010,0.48,2007.2,45.8406,True,True,True,https://noaa-nws-rtofs-pds.s3.amazonaws.com/rtofs.20251024/rtofs_glo_3dz_f006_6hrly_hvr_US_east.nc
ARGO_GDAC,pfl,aoml/4903232/profiles/D4903232_473.nc|2025-10-24T11:29:07Z|23.35739|-92.71543,aoml/4903232/profiles/D4903232_473.nc,4903232,4903232,23.35739,-92.71543,2025-10-24T11:29:07Z,20251024,2025,962,0.48,99.96,45.7617,True,True,True,https://noaa-nws-rtofs-pds.s3.amazonaws.com/rtofs.20251024/rtofs_glo_3dz_f006_6hrly_hvr_US_east.nc
ARGO_GDAC,pfl,aoml/4903232/profiles/D4903232_474.nc|2025-10-29T09:58:34Z|23.34127|-92.87348,aoml/4903232/profiles/D4903232_474.nc,4903232,4903232,23.34127,-92.87348,2025-10-29T09:58:34Z,20251029,2025,1009,1.0,2007.12,50.4058,True,True,True,https://noaa-nws-rtofs-pds.s3.amazonaws.com/rtofs.20251029/rtofs_glo_3dz_f006_6hrly_hvr_US_east.nc
ARGO_GDAC,pfl,aoml/4903232/profiles/D4903232_474.nc|2025-10-29T09:58:34Z|23.34127|-92.87348,aoml/4903232/profiles/D4903232_474.nc,4903232,4903232,23.34127,-92.87348,2025-10-29T09:58:34Z,20251029,2025,1020,2.68,99.92,51.6617,True,True,True,https://noaa-nws-rtofs-pds.s3.amazonaws.com/rtofs.20251029/rtofs_glo_3dz_f006_6hrly_hvr_US_east.nc
ARGO_GDAC,pfl,aoml/4903232/profiles/D4903232_475.nc|2025-11-03T08:30:47Z|23.29060|-92.96263,aoml/4903232/profiles/D4903232_475.nc,4903232,4903232,23.2906,-92.96263,2025-11-03T08:30:47Z,20251103,2025,1008,1.0,2005.24,52.3594,True,True,True,https://noaa-nws-rtofs-pds.s3.amazonaws.com/rtofs.20251103/rtofs_glo_3dz_f006_6hrly_hvr_US_east.nc
ARGO_GDAC,pfl,aoml/4903232/profiles/D4903232_475.nc|2025-11-03T08:30:47Z|23.29060|-92.96263,aoml/4903232/profiles/D4903232_475.nc,4903232,4903232,23.2906,-92.96263,2025-11-03T08:30:47Z,20251103,2025,949,0.72,99.92,53.2533,True,True,True,https://noaa-nws-rtofs-pds.s3.amazonaws.com/rtofs.20251103/rtofs_glo_3dz_f006_6hrly_hvr_US_east.nc
ARGO_GDAC,pfl,aoml/4903232/profiles/D4903232_476.nc|2025-11-08T07:08:18Z|23.26084|-92.92580,aoml/4903232/profiles/D4903232_476.nc,4903232,4903232,23.26084,-92.9258,2025-11-08T07:08:18Z,20251108,2025,1009,1.08,2007.08,43.2125,True,True,True,https://noaa-nws-rtofs-pds.s3.amazonaws.com/rtofs.20251108/rtofs_glo_3dz_f006_6hrly_hvr_US_east.nc
ARGO_GDAC,pfl,aoml/4903232/profiles/D4903232_476.nc|2025-11-08T07:08:18Z|23.26084|-92.92580,aoml/4903232/profiles/D4903232_476.nc,4903232,4903232,23.26084,-92.9258,2025-11-08T07:08:18Z,20251108,2025,986,0.68,99.88,43.1067,True,True,True,https://noaa-nws-rtofs-pds.s3.amazonaws.com/rtofs.20251108/rtofs_glo_3dz_f006_6hrly_hvr_US_east.nc
ARGO_GDAC,pfl,aoml/4903232/profiles/D4903232_477.nc|2025-11-13T05:47:21Z|23.30612|-92.87588,aoml/4903232/profiles/D4903232_477.nc,4903232,4903232,23.30612,-92.87588,2025-11-13T05:47:21Z,20251113,2025,1008,1.0,2006.2,63.2558,True,True,True,https://noaa-nws-rtofs-pds.s3.amazonaws.com/rtofs.20251113/rtofs_glo_3dz_f006_6hrly_hvr_US_east.nc
ARGO_GDAC,pfl,aoml/4903232/profiles/D4903232_477.nc|2025-11-13T05:47:21Z|23.30612|-92.87588,aoml/4903232/profiles/D4903232_477.nc,4903232,4903232,23.30612,-92.87588,2025-11-13T05:47:21Z,20251113,2025,921,0.64,99.92,63.6972,True,True,True,https://noaa-nws-rtofs-pds.s3.amazonaws.com/rtofs.20251113/rtofs_glo_3dz_f006_6hrly_hvr_US_east.nc
ARGO_GDAC,pfl,aoml/4903232/profiles/D4903232_478.nc|2025-11-18T04:57:11Z|23.37276|-92.88779,aoml/4903232/profiles/D4903232_478.nc,4903232,4903232,23.37276,-92.88779,2025-11-18T04:57:11Z,20251118,2025,1009,1.04,2007.32,64.4082,True,True,True,https://noaa-nws-rtofs-pds.s3.amazonaws.com/rtofs.20251118/rtofs_glo_3dz_f006_6hrly_hvr_US_east.nc
ARGO_GDAC,pfl,aoml/4903232/profiles/D4903232_478.nc|2025-11-18T04:57:11Z|23.37276|-92.88779,aoml/4903232/profiles/D4903232_478.nc,4903232,4903232,23.37276,-92.88779,2025-11-18T04:57:11Z,20251118,2025,1020,5.84,100.0,64.521,True,True,True,https://noaa-nws-rtofs-pds.s3.amazonaws.com/rtofs.20251118/rtofs_glo_3dz_f006_6hrly_hvr_US_east.nc
ARGO_GDAC,pfl,aoml/4903237/profiles/D4903237_337.nc|2024-01-03T17:37:29Z|24.13722|-81.48409,aoml/4903237/profiles/D4903237_337.nc,4903237,4903237,24.13722,-81.48409,2024-01-03T17:37:29Z,20240103,2024,365,1.08,719.24,24.2406,True,True,False,
ARGO_GDAC,pfl,aoml/4903237/profiles/D4903237_337.nc|2024-01-03T17:37:29Z|24.13722|-81.48409,aoml/4903237/profiles/D4903237_337.nc,4903237,4903237,24.13722,-81.48409,2024-01-03T17:37:29Z,20240103,2024,888,0.68,99.96,22.7198,True,True,False,
ARGO_GDAC,pfl,aoml/4903237/profiles/D4903237_338.nc|2024-01-08T14:35:36Z|24.13977|-81.47457,aoml/4903237/profiles/D4903237_338.nc,4903237,4903237,24.13977,-81.47457,2024-01-08T14:35:36Z,20240108,2024,363,0.96,715.24,24.9733,True,True,False,
ARGO_GDAC,pfl,aoml/4903237/profiles/D4903237_338.nc|2024-01-08T14:35:36Z|24.13977|-81.47457,aoml/4903237/profiles/D4903237_338.nc,4903237,4903237,24.13977,-81.47457,2024-01-08T14:35:36Z,20240108,2024,865,0.56,99.8,24.7714,True,True,False,
ARGO_GDAC,pfl,aoml/4903237/profiles/D4903237_339.nc|2024-01-13T11:34:54Z|24.14666|-81.43471,aoml/4903237/profiles/D4903237_339.nc,4903237,4903237,24.14666,-81.43471,2024-01-13T11:34:54Z,20240113,2024,362,1.08,714.0,20.5948,True,True,False,
ARGO_GDAC,pfl,aoml/4903237/profiles/D4903237_339.nc|2024-01-13T11:34:54Z|24.14666|-81.43471,aoml/4903237/profiles/D4903237_339.nc,4903237,4903237,24.14666,-81.43471,2024-01-13T11:34:54Z,20240113,2024,907,0.64,99.92,20.5486,True,True,False,
ARGO_GDAC,pfl,aoml/4903237/profiles/D4903237_340.nc|2024-01-18T08:29:16Z|24.16093|-81.39993,aoml/4903237/profiles/D4903237_340.nc,4903237,4903237,24.16093,-81.39993,2024-01-18T08:29:16Z,20240118,2024,361,1.16,712.04,30.392,True,True,False,
ARGO_GDAC,pfl,aoml/4903237/profiles/D4903237_340.nc|2024-01-18T08:29:16Z|24.16093|-81.39993,aoml/4903237/profiles/D4903237_340.nc,4903237,4903237,24.16093,-81.39993,2024-01-18T08:29:16Z,20240118,2024,870,0.88,99.96,30.3716,True,True,False,
ARGO_GDAC,pfl,aoml/4903237/profiles/D4903237_341.nc|2024-01-23T05:24:21Z|24.16765|-81.49404,aoml/4903237/profiles/D4903237_341.nc,4903237,4903237,24.16765,-81.49404,2024-01-23T05:24:21Z,20240123,2024,348,1.0,685.16,16.4823,True,True,False,
ARGO_GDAC,pfl,aoml/4903237/profiles/D4903237_341.nc|2024-01-23T05:24:21Z|24.16765|-81.49404,aoml/4903237/profiles/D4903237_341.nc,4903237,4903237,24.16765,-81.49404,2024-01-23T05:24:21Z,20240123,2024,909,0.64,99.88,16.5973,True,True,False,
ARGO_GDAC,pfl,aoml/4903237/profiles/D4903237_342.nc|2024-01-28T02:13:22Z|24.17603|-81.52036,aoml/4903237/profiles/D4903237_342.nc,4903237,4903237,24.17603,-81.52036,2024-01-28T02:13:22Z,20240128,2024,333,1.16,655.68,18.9384,True,True,True,https://noaa-nws-rtofs-pds.s3.amazonaws.com/rtofs.20240128/rtofs_glo_3dz_f006_6hrly_hvr_US_east.nc
ARGO_GDAC,pfl,aoml/4903237/profiles/D4903237_342.nc|2024-01-28T02:13:22Z|24.17603|-81.52036,aoml/4903237/profiles/D4903237_342.nc,4903237,4903237,24.17603,-81.52036,2024-01-28T02:13:22Z,20240128,2024,912,0.72,100.0,18.12,True,True,True,https://noaa-nws-rtofs-pds.s3.amazonaws.com/rtofs.20240128/rtofs_glo_3dz_f006_6hrly_hvr_US_east.nc
ARGO_GDAC,pfl,aoml/4903237/profiles/D4903237_343.nc|2024-02-01T23:00:34Z|24.17559|-81.50954,aoml/4903237/profiles/D4903237_343.nc,4903237,4903237,24.17559,-81.50954,2024-02-01T23:00:34Z,20240201,2024,333,1.0,656.16,11.2393,True,True,True,https://noaa-nws-rtofs-pds.s3.amazonaws.com/rtofs.20240201/rtofs_glo_3dz_f006_6hrly_hvr_US_east.nc
ARGO_GDAC,pfl,aoml/4903237/profiles/D4903237_343.nc|2024-02-01T23:00:34Z|24.17559|-81.50954,aoml/4903237/profiles/D4903237_343.nc,4903237,4903237,24.17559,-81.50954,2024-02-01T23:00:34Z,20240201,2024,922,0.56,99.96,11.1333,True,True,True,https://noaa-nws-rtofs-pds.s3.amazonaws.com/rtofs.20240201/rtofs_glo_3dz_f006_6hrly_hvr_US_east.nc
ARGO_GDAC,pfl,aoml/4903237/profiles/D4903237_344.nc|2024-02-06T19:46:53Z|24.17409|-81.48725,aoml/4903237/profiles/D4903237_344.nc,4903237,4903237,24.17409,-81.48725,2024-02-06T19:46:53Z,20240206,2024,333,1.08,656.52,48.5502,True,True,True,https://noaa-nws-rtofs-pds.s3.amazonaws.com/rtofs.20240206/rtofs_glo_3dz_f006_6hrly_hvr_US_east.nc
ARGO_GDAC,pfl,aoml/4903237/profiles/D4903237_344.nc|2024-02-06T19:46:53Z|24.17409|-81.48725,aoml/4903237/profiles/D4903237_344.nc,4903237,4903237,24.17409,-81.48725,2024-02-06T19:46:53Z,20240206,2024,855,0.8,99.92,49.3284,True,True,True,https://noaa-nws-rtofs-pds.s3.amazonaws.com/rtofs.20240206/rtofs_glo_3dz_f006_6hrly_hvr_US_east.nc
ARGO_GDAC,pfl,aoml/4903237/profiles/D4903237_345.nc|2024-02-11T16:32:37Z|24.17680|-81.45692,aoml/4903237/profiles/D4903237_345.nc,4903237,4903237,24.1768,-81.45692,2024-02-11T16:32:37Z,20240211,2024,336,1.08,662.6,27.8945,True,True,True,https://noaa-nws-rtofs-pds.s3.amazonaws.com/rtofs.20240211/rtofs_glo_3dz_f006_6hrly_hvr_US_east.nc
ARGO_GDAC,pfl,aoml/4903237/profiles/D4903237_345.nc|2024-02-11T16:32:37Z|24.17680|-81.45692,aoml/4903237/profiles/D4903237_345.nc,4903237,4903237,24.1768,-81.45692,2024-02-11T16:32:37Z,20240211,2024,841,0.72,99.96,27.9257,True,True,True,https://noaa-nws-rtofs-pds.s3.amazonaws.com/rtofs.20240211/rtofs_glo_3dz_f006_6hrly_hvr_US_east.nc
ARGO_GDAC,pfl,aoml/4903237/profiles/D4903237_346.nc|2024-02-16T13:27:32Z|24.18540|-81.42004,aoml/4903237/profiles/D4903237_346.nc,4903237,4903237,24.1854,-81.42004,2024-02-16T13:27:32Z,20240216,2024,329,1.04,648.16,13.5179,True,True,True,https://noaa-nws-rtofs-pds.s3.amazonaws.com/rtofs.20240216/rtofs_glo_3dz_f006_6hrly_hvr_US_east.nc
ARGO_GDAC,pfl,aoml/4903237/profiles/D4903237_346.nc|2024-02-16T13:27:32Z|24.18540|-81.42004,aoml/4903237/profiles/D4903237_346.nc,4903237,4903237,24.1854,-81.42004,2024-02-16T13:27:32Z,20240216,2024,834,0.72,99.96,13.76,True,True,True,https://noaa-nws-rtofs-pds.s3.amazonaws.com/rtofs.20240216/rtofs_glo_3dz_f006_6hrly_hvr_US_east.nc
ARGO_GDAC,pfl,aoml/4903237/profiles/D4903237_347.nc|2024-02-21T10:15:56Z|24.19559|-81.38113,aoml/4903237/profiles/D4903237_347.nc,4903237,4903237,24.19559,-81.38113,2024-02-21T10:15:56Z,20240221,2024,327,1.0,643.76,23.7661,True,True,True,https://noaa-nws-rtofs-pds.s3.amazonaws.com/rtofs.20240221/rtofs_glo_3dz_f006_6hrly_hvr_US_east.nc
ARGO_GDAC,pfl,aoml/4903237/profiles/D4903237_347.nc|2024-02-21T10:15:56Z|24.19559|-81.38113,aoml/4903237/profiles/D4903237_347.nc,4903237,4903237,24.19559,-81.38113,2024-02-21T10:15:56Z,20240221,2024,811,0.56,99.88,23.9446,True,True,True,https://noaa-nws-rtofs-pds.s3.amazonaws.com/rtofs.20240221/rtofs_glo_3dz_f006_6hrly_hvr_US_east.nc
ARGO_GDAC,pfl,aoml/4903237/profiles/D4903237_348.nc|2024-02-26T06:58:08Z|24.20462|-81.32700,aoml/4903237/profiles/D4903237_348.nc,4903237,4903237,24.20462,-81.327,2024-02-26T06:58:08Z,20240226,2024,319,1.12,628.24,45.8298,True,True,True,https://noaa-nws-rtofs-pds.s3.amazonaws.com/rtofs.20240226/rtofs_glo_3dz_f006_6hrly_hvr_US_east.nc
ARGO_GDAC,pfl,aoml/4903237/profiles/D4903237_348.nc|2024-02-26T06:58:08Z|24.20462|-81.32700,aoml/4903237/profiles/D4903237_348.nc,4903237,4903237,24.20462,-81.327,2024-02-26T06:58:08Z,20240226,2024,899,0.88,99.92,45.656,True,True,True,https://noaa-nws-rtofs-pds.s3.amazonaws.com/rtofs.20240226/rtofs_glo_3dz_f006_6hrly_hvr_US_east.nc
ARGO_GDAC,pfl,aoml/4903237/profiles/D4903237_349.nc|2024-03-02T03:49:44Z|24.21461|-81.24486,aoml/4903237/profiles/D4903237_349.nc,4903237,4903237,24.21461,-81.24486,2024-03-02T03:49:44Z,20240302,2024,337,1.08,663.88,35.3725,True,True,True,https://noaa-nws-rtofs-pds.s3.amazonaws.com/rtofs.20240302/rtofs_glo_3dz_f006_6hrly_hvr_US_east.nc
ARGO_GDAC,pfl,aoml/4903237/profiles/D4903237_349.nc|2024-03-02T03:49:44Z|24.21461|-81.24486,aoml/4903237/profiles/D4903237_349.nc,4903237,4903237,24.21461,-81.24486,2024-03-02T03:49:44Z,20240302,2024,942,0.72,99.96,35.4533,True,True,True,https://noaa-nws-rtofs-pds.s3.amazonaws.com/rtofs.20240302/rtofs_glo_3dz_f006_6hrly_hvr_US_east.nc
ARGO_GDAC,pfl,aoml/4903237/profiles/D4903237_350.nc|2024-03-07T00:41:01Z|24.22700|-81.16819,aoml/4903237/profiles/D4903237_350.nc,4903237,4903237,24.227,-81.16819,2024-03-07T00:41:01Z,20240307,2024,337,1.12,663.0,22.0635,True,True,True,https://noaa-nws-rtofs-pds.s3.amazonaws.com/rtofs.20240307/rtofs_glo_3dz_f006_6hrly_hvr_US_east.nc
ARGO_GDAC,pfl,aoml/4903237/profiles/D4903237_350.nc|2024-03-07T00:41:01Z|24.22700|-81.16819,aoml/4903237/profiles/D4903237_350.nc,4903237,4903237,24.227,-81.16819,2024-03-07T00:41:01Z,20240307,2024,859,0.76,99.84,22.0206,True,True,True,https://noaa-nws-rtofs-pds.s3.amazonaws.com/rtofs.20240307/rtofs_glo_3dz_f006_6hrly_hvr_US_east.nc
ARGO_GDAC,pfl,aoml/4903237/profiles/D4903237_351.nc|2024-03-11T21:33:45Z|24.24070|-81.08877,aoml/4903237/profiles/D4903237_351.nc,4903237,4903237,24.2407,-81.08877,2024-03-11T21:33:45Z,20240311,2024,340,1.04,669.0,46.7198,True,True,True,https://noaa-nws-rtofs-pds.s3.amazonaws.com/rtofs.20240311/rtofs_glo_3dz_f006_6hrly_hvr_US_east.nc
ARGO_GDAC,pfl,aoml/4903237/profiles/D4903237_351.nc|2024-03-11T21:33:45Z|24.24070|-81.08877,aoml/4903237/profiles/D4903237_351.nc,4903237,4903237,24.2407,-81.08877,2024-03-11T21:33:45Z,20240311,2024,898,0.64,99.88,47.18,True,True,True,https://noaa-nws-rtofs-pds.s3.amazonaws.com/rtofs.20240311/rtofs_glo_3dz_f006_6hrly_hvr_US_east.nc
ARGO_GDAC,pfl,aoml/4903237/profiles/D4903237_352.nc|2024-03-16T17:52:59Z|24.25745|-80.98704,aoml/4903237/profiles/D4903237_352.nc,4903237,4903237,24.25745,-80.98704,2024-03-16T17:52:59Z,20240316,2024,229,1.0,447.96,40.5562,True,True,True,https://noaa-nws-rtofs-pds.s3.amazonaws.com/rtofs.20240316/rtofs_glo_3dz_f006_6hrly_hvr_US_east.nc
ARGO_GDAC,pfl,aoml/4903237/profiles/D4903237_352.nc|2024-03-16T17:52:59Z|24.25745|-80.98704,aoml/4903237/profiles/D4903237_352.nc,4903237,4903237,24.25745,-80.98704,2024-03-16T17:52:59Z,20240316,2024,885,0.6,99.84,40.514,True,True,True,https://noaa-nws-rtofs-pds.s3.amazonaws.com/rtofs.20240316/rtofs_glo_3dz_f006_6hrly_hvr_US_east.nc
ARGO_GDAC,pfl,aoml/4903237/profiles/D4903237_353.nc|2024-03-21T19:16:42Z|24.30724|-80.88015,aoml/4903237/profiles/D4903237_353.nc,4903237,4903237,24.30724,-80.88015,2024-03-21T19:16:42Z,20240321,2024,194,0.04,376.0,66.2517,True,True,True,https://noaa-nws-rtofs-pds.s3.amazonaws.com/rtofs.20240321/rtofs_glo_3dz_f006_6hrly_hvr_US_east.nc
ARGO_GDAC,pfl,aoml/4903237/profiles/D4903237_353.nc|2024-03-21T19:16:42Z|24.30724|-80.88015,aoml/4903237/profiles/D4903237_353.nc,4903237,4903237,24.30724,-80.88015,2024-03-21T19:16:42Z,20240321,2024,293,-0.12,99.72,66.64,True,True,True,https://noaa-nws-rtofs-pds.s3.amazonaws.com/rtofs.20240321/rtofs_glo_3dz_f006_6hrly_hvr_US_east.nc
ARGO_GDAC,pfl,aoml/4903237/profiles/D4903237_354.nc|2024-03-26T15:38:48Z|24.34506|-80.79591,aoml/4903237/profiles/D4903237_354.nc,4903237,4903237,24.34506,-80.79591,2024-03-26T15:38:48Z,20240326,2024,201,1.08,392.16,36.3964,True,True,True,https://noaa-nws-rtofs-pds.s3.amazonaws.com/rtofs.20240326/rtofs_glo_3dz_f006_6hrly_hvr_US_east.nc
ARGO_GDAC,pfl,aoml/4903237/profiles/D4903237_354.nc|2024-03-26T15:38:48Z|24.34506|-80.79591,aoml/4903237/profiles/D4903237_354.nc,4903237,4903237,24.34506,-80.79591,2024-03-26T15:38:48Z,20240326,2024,860,0.84,99.96,36.38,True,True,True,https://noaa-nws-rtofs-pds.s3.amazonaws.com/rtofs.20240326/rtofs_glo_3dz_f006_6hrly_hvr_US_east.nc
ARGO_GDAC,pfl,aoml/4903237/profiles/D4903237_355.nc|2024-03-31T12:01:46Z|24.37887|-80.72619,aoml/4903237/profiles/D4903237_355.nc,4903237,4903237,24.37887,-80.72619,2024-03-31T12:01:46Z,20240331,2024,234,1.08,458.64,27.6245,True,True,True,https://noaa-nws-rtofs-pds.s3.amazonaws.com/rtofs.20240331/rtofs_glo_3dz_f006_6hrly_hvr_US_east.nc
ARGO_GDAC,pfl,aoml/4903237/profiles/D4903237_355.nc|2024-03-31T12:01:46Z|24.37887|-80.72619,aoml/4903237/profiles/D4903237_355.nc,4903237,4903237,24.37887,-80.72619,2024-03-31T12:01:46Z,20240331,2024,907,0.8,99.96,27.6373,True,True,True,https://noaa-nws-rtofs-pds.s3.amazonaws.com/rtofs.20240331/rtofs_glo_3dz_f006_6hrly_hvr_US_east.nc
ARGO_GDAC,pfl,aoml/4903237/profiles/D4903237_356.nc|2024-04-05T08:17:24Z|24.40343|-80.67978,aoml/4903237/profiles/D4903237_356.nc,4903237,4903237,24.40343,-80.67978,2024-04-05T08:17:24Z,20240405,2024,229,1.04,448.08,54.3613,True,True,True,https://noaa-nws-rtofs-pds.s3.amazonaws.com/rtofs.20240405/rtofs_glo_3dz_f006_6hrly_hvr_US_east.nc
ARGO_GDAC,pfl,aoml/4903237/profiles/D4903237_356.nc|2024-04-05T08:17:24Z|24.40343|-80.67978,aoml/4903237/profiles/D4903237_356.nc,4903237,4903237,24.40343,-80.67978,2024-04-05T08:17:24Z,20240405,2024,844,0.72,99.88,55.2275,True,True,True,https://noaa-nws-rtofs-pds.s3.amazonaws.com/rtofs.20240405/rtofs_glo_3dz_f006_6hrly_hvr_US_east.nc
ARGO_GDAC,pfl,aoml/4903237/profiles/D4903237_357.nc|2024-04-10T04:23:01Z|24.43255|-80.64450,aoml/4903237/profiles/D4903237_357.nc,4903237,4903237,24.43255,-80.6445,2024-04-10T04:23:01Z,20240410,2024,183,1.0,356.24,20.1085,True,True,True,https://noaa-nws-rtofs-pds.s3.amazonaws.com/rtofs.20240410/rtofs_glo_3dz_f006_6hrly_hvr_US_east.nc
ARGO_GDAC,pfl,aoml/4903237/profiles/D4903237_357.nc|2024-04-10T04:23:01Z|24.43255|-80.64450,aoml/4903237/profiles/D4903237_357.nc,4903237,4903237,24.43255,-80.6445,2024-04-10T04:23:01Z,20240410,2024,872,0.76,99.88,20.1709,True,True,True,https://noaa-nws-rtofs-pds.s3.amazonaws.com/rtofs.20240410/rtofs_glo_3dz_f006_6hrly_hvr_US_east.nc
ARGO_GDAC,pfl,aoml/4903237/profiles/D4903237_358.nc|2024-04-15T00:26:04Z|24.45793|-80.62871,aoml/4903237/profiles/D4903237_358.nc,4903237,4903237,24.45793,-80.62871,2024-04-15T00:26:04Z,20240415,2024,161,1.04,311.48,24.2356,True,True,True,https://noaa-nws-rtofs-pds.s3.amazonaws.com/rtofs.20240415/rtofs_glo_3dz_f006_6hrly_hvr_US_east.nc
ARGO_GDAC,pfl,aoml/4903237/profiles/D4903237_358.nc|2024-04-15T00:26:04Z|24.45793|-80.62871,aoml/4903237/profiles/D4903237_358.nc,4903237,4903237,24.45793,-80.62871,2024-04-15T00:26:04Z,20240415,2024,876,0.72,99.96,24.9511,True,True,True,https://noaa-nws-rtofs-pds.s3.amazonaws.com/rtofs.20240415/rtofs_glo_3dz_f006_6hrly_hvr_US_east.nc
ARGO_GDAC,pfl,aoml/4903238/profiles/D4903238_340.nc|2024-01-01T15:05:44Z|23.96126|-81.47193,aoml/4903238/profiles/D4903238_340.nc,4903238,4903238,23.96126,-81.47193,2024-01-01T15:05:44Z,20240101,2024,598,1.0,1186.2,54.3446,True,True,False,
ARGO_GDAC,pfl,aoml/4903238/profiles/D4903238_340.nc|2024-01-01T15:05:44Z|23.96126|-81.47193,aoml/4903238/profiles/D4903238_340.nc,4903238,4903238,23.96126,-81.47193,2024-01-01T15:05:44Z,20240101,2024,826,0.6,99.88,54.108,True,True,False,
ARGO_GDAC,pfl,aoml/4903238/profiles/D4903238_341.nc|2024-01-06T13:06:02Z|23.95860|-81.46806,aoml/4903238/profiles/D4903238_341.nc,4903238,4903238,23.9586,-81.46806,2024-01-06T13:06:02Z,20240106,2024,600,1.04,1190.68,22.4773,True,True,False,
ARGO_GDAC,pfl,aoml/4903238/profiles/D4903238_341.nc|2024-01-06T13:06:02Z|23.95860|-81.46806,aoml/4903238/profiles/D4903238_341.nc,4903238,4903238,23.9586,-81.46806,2024-01-06T13:06:02Z,20240106,2024,858,0.6,99.92,22.9091,True,True,False,
ARGO_GDAC,pfl,aoml/4903238/profiles/D4903238_342.nc|2024-01-11T11:05:40Z|23.97402|-81.42178,aoml/4903238/profiles/D4903238_342.nc,4903238,4903238,23.97402,-81.42178,2024-01-11T11:05:40Z,20240111,2024,594,1.0,1177.04,70.167,True,True,False,
ARGO_GDAC,pfl,aoml/4903238/profiles/D4903238_342.nc|2024-01-11T11:05:40Z|23.97402|-81.42178,aoml/4903238/profiles/D4903238_342.nc,4903238,4903238,23.97402,-81.42178,2024-01-11T11:05:40Z,20240111,2024,878,0.6,99.84,70.2419,True,True,False,
ARGO_GDAC,pfl,aoml/4903238/profiles/D4903238_343.nc|2024-01-16T09:04:00Z|23.97047|-81.43259,aoml/4903238/profiles/D4903238_343.nc,4903238,4903238,23.97047,-81.43259,2024-01-16T09:04:00Z,20240116,2024,588,1.08,1165.4,41.4027,True,True,False,
ARGO_GDAC,pfl,aoml/4903238/profiles/D4903238_343.nc|2024-01-16T09:04:00Z|23.97047|-81.43259,aoml/4903238/profiles/D4903238_343.nc,4903238,4903238,23.97047,-81.43259,2024-01-16T09:04:00Z,20240116,2024,946,0.76,99.88,40.8934,True,True,False,
ARGO_GDAC,pfl,aoml/4903238/profiles/D4903238_344.nc|2024-01-21T06:53:32Z|24.00466|-81.40128,aoml/4903238/profiles/D4903238_344.nc,4903238,4903238,24.00466,-81.40128,2024-01-21T06:53:32Z,20240121,2024,565,1.0,1120.0,57.5745,True,True,False,
ARGO_GDAC,pfl,aoml/4903238/profiles/D4903238_344.nc|2024-01-21T06:53:32Z|24.00466|-81.40128,aoml/4903238/profiles/D4903238_344.nc,4903238,4903238,24.00466,-81.40128,2024-01-21T06:53:32Z,20240121,2024,866,0.52,99.84,57.0911,True,True,False,
ARGO_GDAC,pfl,aoml/4903238/profiles/D4903238_345.nc|2024-01-26T04:40:59Z|24.04163|-81.37073,aoml/4903238/profiles/D4903238_345.nc,4903238,4903238,24.04163,-81.37073,2024-01-26T04:40:59Z,20240126,2024,522,1.04,1033.0,33.5909,True,True,False,
ARGO_GDAC,pfl,aoml/4903238/profiles/D4903238_345.nc|2024-01-26T04:40:59Z|24.04163|-81.37073,aoml/4903238/profiles/D4903238_345.nc,4903238,4903238,24.04163,-81.37073,2024-01-26T04:40:59Z,20240126,2024,906,0.72,99.88,34.0,True,True,False,
ARGO_GDAC,pfl,aoml/4903238/profiles/D4903238_346.nc|2024-01-31T02:26:18Z|23.99644|-81.39413,aoml/4903238/profiles/D4903238_346.nc,4903238,4903238,23.99644,-81.39413,2024-01-31T02:26:18Z,20240131,2024,543,0.96,1076.52,24.1035,True,True,True,https://noaa-nws-rtofs-pds.s3.amazonaws.com/rtofs.20240131/rtofs_glo_3dz_f006_6hrly_hvr_US_east.nc
ARGO_GDAC,pfl,aoml/4903238/profiles/D4903238_346.nc|2024-01-31T02:26:18Z|23.99644|-81.39413,aoml/4903238/profiles/D4903238_346.nc,4903238,4903238,23.99644,-81.39413,2024-01-31T02:26:18Z,20240131,2024,838,0.56,99.96,24.1111,True,True,True,https://noaa-nws-rtofs-pds.s3.amazonaws.com/rtofs.20240131/rtofs_glo_3dz_f006_6hrly_hvr_US_east.nc
ARGO_GDAC,pfl,aoml/4903238/profiles/D4903238_347.nc|2024-02-05T00:17:15Z|23.97291|-81.37315,aoml/4903238/profiles/D4903238_347.nc,4903238,4903238,23.97291,-81.37315,2024-02-05T00:17:15Z,20240205,2024,556,1.0,1102.84,40.5242,True,True,True,https://noaa-nws-rtofs-pds.s3.amazonaws.com/rtofs.20240205/rtofs_glo_3dz_f006_6hrly_hvr_US_east.nc
ARGO_GDAC,pfl,aoml/4903238/profiles/D4903238_347.nc|2024-02-05T00:17:15Z|23.97291|-81.37315,aoml/4903238/profiles/D4903238_347.nc,4903238,4903238,23.97291,-81.37315,2024-02-05T00:17:15Z,20240205,2024,931,0.52,99.88,40.9233,True,True,True,https://noaa-nws-rtofs-pds.s3.amazonaws.com/rtofs.20240205/rtofs_glo_3dz_f006_6hrly_hvr_US_east.nc
ARGO_GDAC,pfl,aoml/4903238/profiles/D4903238_348.nc|2024-02-09T22:04:02Z|23.96331|-81.28805,aoml/4903238/profiles/D4903238_348.nc,4903238,4903238,23.96331,-81.28805,2024-02-09T22:04:02Z,20240209,2024,554,0.96,1097.6,76.8905,True,True,True,https://noaa-nws-rtofs-pds.s3.amazonaws.com/rtofs.20240209/rtofs_glo_3dz_f006_6hrly_hvr_US_east.nc
ARGO_GDAC,pfl,aoml/4903238/profiles/D4903238_348.nc|2024-02-09T22:04:02Z|23.96331|-81.28805,aoml/4903238/profiles/D4903238_348.nc,4903238,4903238,23.96331,-81.28805,2024-02-09T22:04:02Z,20240209,2024,886,0.6,99.88,76.9043,True,True,True,https://noaa-nws-rtofs-pds.s3.amazonaws.com/rtofs.20240209/rtofs_glo_3dz_f006_6hrly_hvr_US_east.nc
ARGO_GDAC,pfl,aoml/4903238/profiles/D4903238_349.nc|2024-02-14T19:49:57Z|23.98376|-81.24835,aoml/4903238/profiles/D4903238_349.nc,4903238,4903238,23.98376,-81.24835,2024-02-14T19:49:57Z,20240214,2024,541,1.0,1071.48,49.946,True,True,True,https://noaa-nws-rtofs-pds.s3.amazonaws.com/rtofs.20240214/rtofs_glo_3dz_f006_6hrly_hvr_US_east.nc
ARGO_GDAC,pfl,aoml/4903238/profiles/D4903238_349.nc|2024-02-14T19:49:57Z|23.98376|-81.24835,aoml/4903238/profiles/D4903238_349.nc,4903238,4903238,23.98376,-81.24835,2024-02-14T19:49:57Z,20240214,2024,915,0.6,100.0,50.1475,True,True,True,https://noaa-nws-rtofs-pds.s3.amazonaws.com/rtofs.20240214/rtofs_glo_3dz_f006_6hrly_hvr_US_east.nc
ARGO_GDAC,pfl,aoml/4903238/profiles/D4903238_350.nc|2024-02-19T17:36:38Z|24.00394|-81.18705,aoml/4903238/profiles/D4903238_350.nc,4903238,4903238,24.00394,-81.18705,2024-02-19T17:36:38Z,20240219,2024,534,1.0,1058.56,33.1269,True,True,True,https://noaa-nws-rtofs-pds.s3.amazonaws.com/rtofs.20240219/rtofs_glo_3dz_f006_6hrly_hvr_US_east.nc
ARGO_GDAC,pfl,aoml/4903238/profiles/D4903238_350.nc|2024-02-19T17:36:38Z|24.00394|-81.18705,aoml/4903238/profiles/D4903238_350.nc,4903238,4903238,24.00394,-81.18705,2024-02-19T17:36:38Z,20240219,2024,906,0.56,99.96,33.3813,True,True,True,https://noaa-nws-rtofs-pds.s3.amazonaws.com/rtofs.20240219/rtofs_glo_3dz_f006_6hrly_hvr_US_east.nc
ARGO_GDAC,pfl,aoml/4903238/profiles/D4903238_351.nc|2024-02-24T15:28:36Z|24.00580|-81.11220,aoml/4903238/profiles/D4903238_351.nc,4903238,4903238,24.0058,-81.1122,2024-02-24T15:28:36Z,20240224,2024,530,0.96,1049.6,63.6849,True,True,True,https://noaa-nws-rtofs-pds.s3.amazonaws.com/rtofs.20240224/rtofs_glo_3dz_f006_6hrly_hvr_US_east.nc
ARGO_GDAC,pfl,aoml/4903238/profiles/D4903238_351.nc|2024-02-24T15:28:36Z|24.00580|-81.11220,aoml/4903238/profiles/D4903238_351.nc,4903238,4903238,24.0058,-81.1122,2024-02-24T15:28:36Z,20240224,2024,807,0.6,100.0,63.548,True,True,True,https://noaa-nws-rtofs-pds.s3.amazonaws.com/rtofs.20240224/rtofs_glo_3dz_f006_6hrly_hvr_US_east.nc
ARGO_GDAC,pfl,aoml/4903238/profiles/D4903238_352.nc|2024-02-29T13:09:24Z|24.01782|-81.03951,aoml/4903238/profiles/D4903238_352.nc,4903238,4903238,24.01782,-81.03951,2024-02-29T13:09:24Z,20240229,2024,523,1.0,1035.72,105.7781,True,False,True,https://noaa-nws-rtofs-pds.s3.amazonaws.com/rtofs.20240229/rtofs_glo_3dz_f006_6hrly_hvr_US_east.nc
ARGO_GDAC,pfl,aoml/4903238/profiles/D4903238_352.nc|2024-02-29T13:09:24Z|24.01782|-81.03951,aoml/4903238/profiles/D4903238_352.nc,4903238,4903238,24.01782,-81.03951,2024-02-29T13:09:24Z,20240229,2024,858,0.56,99.8,,False,False,True,https://noaa-nws-rtofs-pds.s3.amazonaws.com/rtofs.20240229/rtofs_glo_3dz_f006_6hrly_hvr_US_east.nc
ARGO_GDAC,pfl,aoml/4903238/profiles/D4903238_353.nc|2024-03-05T10:44:58Z|24.03321|-80.96822,aoml/4903238/profiles/D4903238_353.nc,4903238,4903238,24.03321,-80.96822,2024-03-05T10:44:58Z,20240305,2024,523,1.0,1036.68,77.83,True,True,True,https://noaa-nws-rtofs-pds.s3.amazonaws.com/rtofs.20240305/rtofs_glo_3dz_f006_6hrly_hvr_US_east.nc
ARGO_GDAC,pfl,aoml/4903238/profiles/D4903238_353.nc|2024-03-05T10:44:58Z|24.03321|-80.96822,aoml/4903238/profiles/D4903238_353.nc,4903238,4903238,24.03321,-80.96822,2024-03-05T10:44:58Z,20240305,2024,820,0.64,99.92,77.7067,True,True,True,https://noaa-nws-rtofs-pds.s3.amazonaws.com/rtofs.20240305/rtofs_glo_3dz_f006_6hrly_hvr_US_east.nc
ARGO_GDAC,pfl,aoml/4903238/profiles/D4903238_354.nc|2024-03-10T08:21:20Z|24.04662|-80.89049,aoml/4903238/profiles/D4903238_354.nc,4903238,4903238,24.04662,-80.89049,2024-03-10T08:21:20Z,20240310,2024,515,1.04,1019.52,81.584,True,True,True,https://noaa-nws-rtofs-pds.s3.amazonaws.com/rtofs.20240310/rtofs_glo_3dz_f006_6hrly_hvr_US_east.nc
ARGO_GDAC,pfl,aoml/4903238/profiles/D4903238_354.nc|2024-03-10T08:21:20Z|24.04662|-80.89049,aoml/4903238/profiles/D4903238_354.nc,4903238,4903238,24.04662,-80.89049,2024-03-10T08:21:20Z,20240310,2024,861,0.64,100.0,81.552,True,True,True,https://noaa-nws-rtofs-pds.s3.amazonaws.com/rtofs.20240310/rtofs_glo_3dz_f006_6hrly_hvr_US_east.nc
ARGO_GDAC,pfl,aoml/4903238/profiles/D4903238_355.nc|2024-03-15T05:54:22Z|24.07194|-80.80848,aoml/4903238/profiles/D4903238_355.nc,4903238,4903238,24.07194,-80.80848,2024-03-15T05:54:22Z,20240315,2024,496,0.48,979.28,47.6383,True,True,True,https://noaa-nws-rtofs-pds.s3.amazonaws.com/rtofs.20240315/rtofs_glo_3dz_f006_6hrly_hvr_US_east.nc
ARGO_GDAC,pfl,aoml/4903238/profiles/D4903238_355.nc|2024-03-15T05:54:22Z|24.07194|-80.80848,aoml/4903238/profiles/D4903238_355.nc,4903238,4903238,24.07194,-80.80848,2024-03-15T05:54:22Z,20240315,2024,848,0.48,99.96,47.48,True,True,True,https://noaa-nws-rtofs-pds.s3.amazonaws.com/rtofs.20240315/rtofs_glo_3dz_f006_6hrly_hvr_US_east.nc
ARGO_GDAC,pfl,aoml/4903238/profiles/D4903238_356.nc|2024-03-20T03:26:41Z|24.10059|-80.75790,aoml/4903238/profiles/D4903238_356.nc,4903238,4903238,24.10059,-80.7579,2024-03-20T03:26:41Z,20240320,2024,490,1.0,970.24,43.0102,True,True,True,https://noaa-nws-rtofs-pds.s3.amazonaws.com/rtofs.20240320/rtofs_glo_3dz_f006_6hrly_hvr_US_east.nc
ARGO_GDAC,pfl,aoml/4903238/profiles/D4903238_356.nc|2024-03-20T03:26:41Z|24.10059|-80.75790,aoml/4903238/profiles/D4903238_356.nc,4903238,4903238,24.10059,-80.7579,2024-03-20T03:26:41Z,20240320,2024,872,0.64,100.0,42.6733,True,True,True,https://noaa-nws-rtofs-pds.s3.amazonaws.com/rtofs.20240320/rtofs_glo_3dz_f006_6hrly_hvr_US_east.nc
ARGO_GDAC,pfl,aoml/4903238/profiles/D4903238_357.nc|2024-03-25T00:50:47Z|24.12845|-80.69305,aoml/4903238/profiles/D4903238_357.nc,4903238,4903238,24.12845,-80.69305,2024-03-25T00:50:47Z,20240325,2024,465,1.0,919.72,55.7454,True,True,True,https://noaa-nws-rtofs-pds.s3.amazonaws.com/rtofs.20240325/rtofs_glo_3dz_f006_6hrly_hvr_US_east.nc
ARGO_GDAC,pfl,aoml/4903238/profiles/D4903238_357.nc|2024-03-25T00:50:47Z|24.12845|-80.69305,aoml/4903238/profiles/D4903238_357.nc,4903238,4903238,24.12845,-80.69305,2024-03-25T00:50:47Z,20240325,2024,797,0.6,99.88,55.708,True,True,True,https://noaa-nws-rtofs-pds.s3.amazonaws.com/rtofs.20240325/rtofs_glo_3dz_f006_6hrly_hvr_US_east.nc
ARGO_GDAC,pfl,aoml/4903238/profiles/D4903238_358.nc|2024-03-29T22:38:06Z|24.03462|-80.65572,aoml/4903238/profiles/D4903238_358.nc,4903238,4903238,24.03462,-80.65572,2024-03-29T22:38:06Z,20240329,2024,555,1.08,1100.56,41.2364,True,True,True,https://noaa-nws-rtofs-pds.s3.amazonaws.com/rtofs.20240329/rtofs_glo_3dz_f006_6hrly_hvr_US_east.nc
ARGO_GDAC,pfl,aoml/4903238/profiles/D4903238_358.nc|2024-03-29T22:38:06Z|24.03462|-80.65572,aoml/4903238/profiles/D4903238_358.nc,4903238,4903238,24.03462,-80.65572,2024-03-29T22:38:06Z,20240329,2024,866,0.64,100.0,40.595,True,True,True,https://noaa-nws-rtofs-pds.s3.amazonaws.com/rtofs.20240329/rtofs_glo_3dz_f006_6hrly_hvr_US_east.nc
ARGO_GDAC,pfl,aoml/4903238/profiles/D4903238_359.nc|2024-04-03T20:21:11Z|24.17011|-80.57379,aoml/4903238/profiles/D4903238_359.nc,4903238,4903238,24.17011,-80.57379,2024-04-03T20:21:11Z,20240403,2024,533,1.04,1056.24,76.4828,True,True,True,https://noaa-nws-rtofs-pds.s3.amazonaws.com/rtofs.20240403/rtofs_glo_3dz_f006_6hrly_hvr_US_east.nc
ARGO_GDAC,pfl,aoml/4903238/profiles/D4903238_359.nc|2024-04-03T20:21:11Z|24.17011|-80.57379,aoml/4903238/profiles/D4903238_359.nc,4903238,4903238,24.17011,-80.57379,2024-04-03T20:21:11Z,20240403,2024,837,0.72,99.88,76.6399,True,True,True,https://noaa-nws-rtofs-pds.s3.amazonaws.com/rtofs.20240403/rtofs_glo_3dz_f006_6hrly_hvr_US_east.nc
ARGO_GDAC,pfl,aoml/4903238/profiles/D4903238_360.nc|2024-04-08T18:04:10Z|24.20789|-80.52820,aoml/4903238/profiles/D4903238_360.nc,4903238,4903238,24.20789,-80.5282,2024-04-08T18:04:10Z,20240408,2024,530,1.04,1049.12,63.065,True,True,True,https://noaa-nws-rtofs-pds.s3.amazonaws.com/rtofs.20240408/rtofs_glo_3dz_f006_6hrly_hvr_US_east.nc
ARGO_GDAC,pfl,aoml/4903238/profiles/D4903238_360.nc|2024-04-08T18:04:10Z|24.20789|-80.52820,aoml/4903238/profiles/D4903238_360.nc,4903238,4903238,24.20789,-80.5282,2024-04-08T18:04:10Z,20240408,2024,862,0.52,100.0,63.5293,True,True,True,https://noaa-nws-rtofs-pds.s3.amazonaws.com/rtofs.20240408/rtofs_glo_3dz_f006_6hrly_hvr_US_east.nc
ARGO_GDAC,pfl,aoml/4903238/profiles/D4903238_361.nc|2024-04-13T15:47:25Z|24.19371|-80.54594,aoml/4903238/profiles/D4903238_361.nc,4903238,4903238,24.19371,-80.54594,2024-04-13T15:47:25Z,20240413,2024,534,0.96,1057.76,50.7319,True,True,True,https://noaa-nws-rtofs-pds.s3.amazonaws.com/rtofs.20240413/rtofs_glo_3dz_f006_6hrly_hvr_US_east.nc
ARGO_GDAC,pfl,aoml/4903238/profiles/D4903238_361.nc|2024-04-13T15:47:25Z|24.19371|-80.54594,aoml/4903238/profiles/D4903238_361.nc,4903238,4903238,24.19371,-80.54594,2024-04-13T15:47:25Z,20240413,2024,925,0.56,99.92,51.3545,True,True,True,https://noaa-nws-rtofs-pds.s3.amazonaws.com/rtofs.20240413/rtofs_glo_3dz_f006_6hrly_hvr_US_east.nc
ARGO_GDAC,pfl,aoml/4903238/profiles/D4903238_362.nc|2024-04-18T13:24:37Z|24.22169|-80.52148,aoml/4903238/profiles/D4903238_362.nc,4903238,4903238,24.22169,-80.52148,2024-04-18T13:24:37Z,20240418,2024,519,1.04,1027.92,42.6106,True,True,True,https://noaa-nws-rtofs-pds.s3.amazonaws.com/rtofs.20240418/rtofs_glo_3dz_f006_6hrly_hvr_US_east.nc
ARGO_GDAC,pfl,aoml/4903238/profiles/D4903238_362.nc|2024-04-18T13:24:37Z|24.22169|-80.52148,aoml/4903238/profiles/D4903238_362.nc,4903238,4903238,24.22169,-80.52148,2024-04-18T13:24:37Z,20240418,2024,892,0.76,99.88,42.8913,True,True,True,https://noaa-nws-rtofs-pds.s3.amazonaws.com/rtofs.20240418/rtofs_glo_3dz_f006_6hrly_hvr_US_east.nc
ARGO_GDAC,pfl,aoml/4903238/profiles/D4903238_363.nc|2024-04-23T11:06:33Z|24.16170|-80.52571,aoml/4903238/profiles/D4903238_363.nc,4903238,4903238,24.1617,-80.52571,2024-04-23T11:06:33Z,20240423,2024,535,1.04,1059.6,89.9547,True,True,True,https://noaa-nws-rtofs-pds.s3.amazonaws.com/rtofs.20240423/rtofs_glo_3dz_f006_6hrly_hvr_US_east.nc
ARGO_GDAC,pfl,aoml/4903238/profiles/D4903238_363.nc|2024-04-23T11:06:33Z|24.16170|-80.52571,aoml/4903238/profiles/D4903238_363.nc,4903238,4903238,24.1617,-80.52571,2024-04-23T11:06:33Z,20240423,2024,855,0.56,99.88,89.8537,True,True,True,https://noaa-nws-rtofs-pds.s3.amazonaws.com/rtofs.20240423/rtofs_glo_3dz_f006_6hrly_hvr_US_east.nc
ARGO_GDAC,pfl,aoml/4903238/profiles/D4903238_364.nc|2024-04-28T08:40:54Z|24.22977|-80.44082,aoml/4903238/profiles/D4903238_364.nc,4903238,4903238,24.22977,-80.44082,2024-04-28T08:40:54Z,20240428,2024,509,1.04,1007.04,68.4505,True,True,True,https://noaa-nws-rtofs-pds.s3.amazonaws.com/rtofs.20240428/rtofs_glo_3dz_f006_6hrly_hvr_US_east.nc
ARGO_GDAC,pfl,aoml/4903238/profiles/D4903238_364.nc|2024-04-28T08:40:54Z|24.22977|-80.44082,aoml/4903238/profiles/D4903238_364.nc,4903238,4903238,24.22977,-80.44082,2024-04-28T08:40:54Z,20240428,2024,906,0.6,99.92,69.1765,True,True,True,https://noaa-nws-rtofs-pds.s3.amazonaws.com/rtofs.20240428/rtofs_glo_3dz_f006_6hrly_hvr_US_east.nc
ARGO_GDAC,pfl,aoml/4903238/profiles/D4903238_365.nc|2024-05-03T06:20:56Z|24.27728|-80.39625,aoml/4903238/profiles/D4903238_365.nc,4903238,4903238,24.27728,-80.39625,2024-05-03T06:20:56Z,20240503,2024,501,0.92,991.32,65.0716,True,True,True,https://noaa-nws-rtofs-pds.s3.amazonaws.com/rtofs.20240503/rtofs_glo_3dz_f006_6hrly_hvr_US_east.nc
ARGO_GDAC,pfl,aoml/4903238/profiles/D4903238_365.nc|2024-05-03T06:20:56Z|24.27728|-80.39625,aoml/4903238/profiles/D4903238_365.nc,4903238,4903238,24.27728,-80.39625,2024-05-03T06:20:56Z,20240503,2024,857,0.52,100.0,65.16,True,True,True,https://noaa-nws-rtofs-pds.s3.amazonaws.com/rtofs.20240503/rtofs_glo_3dz_f006_6hrly_hvr_US_east.nc
ARGO_GDAC,pfl,aoml/4903238/profiles/D4903238_366.nc|2024-05-08T03:48:23Z|24.33970|-80.32174,aoml/4903238/profiles/D4903238_366.nc,4903238,4903238,24.3397,-80.32174,2024-05-08T03:48:23Z,20240508,2024,479,1.08,947.24,72.5466,True,True,True,https://noaa-nws-rtofs-pds.s3.amazonaws.com/rtofs.20240508/rtofs_glo_3dz_f006_6hrly_hvr_US_east.nc
ARGO_GDAC,pfl,aoml/4903238/profiles/D4903238_366.nc|2024-05-08T03:48:23Z|24.33970|-80.32174,aoml/4903238/profiles/D4903238_366.nc,4903238,4903238,24.3397,-80.32174,2024-05-08T03:48:23Z,20240508,2024,909,0.64,100.0,73.436,True,True,True,https://noaa-nws-rtofs-pds.s3.amazonaws.com/rtofs.20240508/rtofs_glo_3dz_f006_6hrly_hvr_US_east.nc
ARGO_GDAC,pfl,aoml/4903238/profiles/D4903238_367.nc|2024-05-13T01:03:57Z|24.49642|-80.15768,aoml/4903238/profiles/D4903238_367.nc,4903238,4903238,24.49642,-80.15768,2024-05-13T01:03:57Z,20240513,2024,442,0.96,873.16,20.157,True,True,True,https://noaa-nws-rtofs-pds.s3.amazonaws.com/rtofs.20240513/rtofs_glo_3dz_f006_6hrly_hvr_US_east.nc
ARGO_GDAC,pfl,aoml/4903238/profiles/D4903238_367.nc|2024-05-13T01:03:57Z|24.49642|-80.15768,aoml/4903238/profiles/D4903238_367.nc,4903238,4903238,24.49642,-80.15768,2024-05-13T01:03:57Z,20240513,2024,897,0.56,99.96,20.4777,True,True,True,https://noaa-nws-rtofs-pds.s3.amazonaws.com/rtofs.20240513/rtofs_glo_3dz_f006_6hrly_hvr_US_east.nc
ARGO_GDAC,pfl,aoml/4903240/profiles/D4903240_337.nc|2024-01-02T15:34:04Z|23.19090|-95.39619,aoml/4903240/profiles/D4903240_337.nc,4903240,4903240,23.1909,-95.39619,2024-01-02T15:34:04Z,20240102,2024,1014,1.04,2017.16,42.4426,True,True,False,
ARGO_GDAC,pfl,aoml/4903240/profiles/D4903240_337.nc|2024-01-02T15:34:04Z|23.19090|-95.39619,aoml/4903240/profiles/D4903240_337.nc,4903240,4903240,23.1909,-95.39619,2024-01-02T15:34:04Z,20240102,2024,828,0.68,99.88,42.33,True,True,False,
ARGO_GDAC,pfl,aoml/4903240/profiles/D4903240_338.nc|2024-01-07T15:11:21Z|23.19108|-95.43794,aoml/4903240/profiles/D4903240_338.nc,4903240,4903240,23.19108,-95.43794,2024-01-07T15:11:21Z,20240107,2024,1008,0.96,2005.16,39.0238,True,True,False,
ARGO_GDAC,pfl,aoml/4903240/profiles/D4903240_338.nc|2024-01-07T15:11:21Z|23.19108|-95.43794,aoml/4903240/profiles/D4903240_338.nc,4903240,4903240,23.19108,-95.43794,2024-01-07T15:11:21Z,20240107,2024,818,0.52,99.96,38.88,True,True,False,
ARGO_GDAC,pfl,aoml/4903240/profiles/D4903240_339.nc|2024-01-12T14:56:22Z|23.21989|-95.38598,aoml/4903240/profiles/D4903240_339.nc,4903240,4903240,23.21989,-95.38598,2024-01-12T14:56:22Z,20240112,2024,1008,1.04,2005.48,35.1927,True,True,False,
ARGO_GDAC,pfl,aoml/4903240/profiles/D4903240_339.nc|2024-01-12T14:56:22Z|23.21989|-95.38598,aoml/4903240/profiles/D4903240_339.nc,4903240,4903240,23.21989,-95.38598,2024-01-12T14:56:22Z,20240112,2024,842,0.64,100.0,34.83,True,True,False,
ARGO_GDAC,pfl,aoml/4903240/profiles/D4903240_340.nc|2024-01-17T14:37:21Z|23.29662|-95.39430,aoml/4903240/profiles/D4903240_340.nc,4903240,4903240,23.29662,-95.3943,2024-01-17T14:37:21Z,20240117,2024,1009,1.0,2007.08,102.3412,True,False,False,
ARGO_GDAC,pfl,aoml/4903240/profiles/D4903240_341.nc|2024-01-22T14:14:48Z|23.49499|-95.33930,aoml/4903240/profiles/D4903240_341.nc,4903240,4903240,23.49499,-95.3393,2024-01-22T14:14:48Z,20240122,2024,1008,1.12,2005.68,107.4342,True,False,False,
ARGO_GDAC,pfl,aoml/4903240/profiles/D4903240_341.nc|2024-01-22T14:14:48Z|23.49499|-95.33930,aoml/4903240/profiles/D4903240_341.nc,4903240,4903240,23.49499,-95.3393,2024-01-22T14:14:48Z,20240122,2024,750,0.88,99.84,,False,False,False,
ARGO_GDAC,pfl,aoml/4903240/profiles/D4903240_342.nc|2024-01-27T13:54:03Z|24.02133|-95.35665,aoml/4903240/profiles/D4903240_342.nc,4903240,4903240,24.02133,-95.35665,2024-01-27T13:54:03Z,20240127,2024,1009,0.48,2005.28,36.4915,True,True,True,https://noaa-nws-rtofs-pds.s3.amazonaws.com/rtofs.20240127/rtofs_glo_3dz_f006_6hrly_hvr_US_east.nc
ARGO_GDAC,pfl,aoml/4903240/profiles/D4903240_342.nc|2024-01-27T13:54:03Z|24.02133|-95.35665,aoml/4903240/profiles/D4903240_342.nc,4903240,4903240,24.02133,-95.35665,2024-01-27T13:54:03Z,20240127,2024,815,0.48,99.92,35.0267,True,True,True,https://noaa-nws-rtofs-pds.s3.amazonaws.com/rtofs.20240127/rtofs_glo_3dz_f006_6hrly_hvr_US_east.nc
ARGO_GDAC,pfl,aoml/4903240/profiles/D4903240_343.nc|2024-02-01T13:37:18Z|24.47152|-95.52666,aoml/4903240/profiles/D4903240_343.nc,4903240,4903240,24.47152,-95.52666,2024-02-01T13:37:18Z,20240201,2024,1008,1.04,2005.16,49.7937,True,True,True,https://noaa-nws-rtofs-pds.s3.amazonaws.com/rtofs.20240201/rtofs_glo_3dz_f006_6hrly_hvr_US_east.nc
ARGO_GDAC,pfl,aoml/4903240/profiles/D4903240_343.nc|2024-02-01T13:37:18Z|24.47152|-95.52666,aoml/4903240/profiles/D4903240_343.nc,4903240,4903240,24.47152,-95.52666,2024-02-01T13:37:18Z,20240201,2024,820,0.52,99.92,50.1769,True,True,True,https://noaa-nws-rtofs-pds.s3.amazonaws.com/rtofs.20240201/rtofs_glo_3dz_f006_6hrly_hvr_US_east.nc
ARGO_GDAC,pfl,aoml/4903240/profiles/D4903240_344.nc|2024-02-06T13:16:00Z|24.65267|-95.24659,aoml/4903240/profiles/D4903240_344.nc,4903240,4903240,24.65267,-95.24659,2024-02-06T13:16:00Z,20240206,2024,1009,0.4,2005.56,86.3175,True,True,True,https://noaa-nws-rtofs-pds.s3.amazonaws.com/rtofs.20240206/rtofs_glo_3dz_f006_6hrly_hvr_US_east.nc
ARGO_GDAC,pfl,aoml/4903240/profiles/D4903240_344.nc|2024-02-06T13:16:00Z|24.65267|-95.24659,aoml/4903240/profiles/D4903240_344.nc,4903240,4903240,24.65267,-95.24659,2024-02-06T13:16:00Z,20240206,2024,743,0.4,99.96,86.439,True,True,True,https://noaa-nws-rtofs-pds.s3.amazonaws.com/rtofs.20240206/rtofs_glo_3dz_f006_6hrly_hvr_US_east.nc
ARGO_GDAC,pfl,aoml/4903240/profiles/D4903240_345.nc|2024-02-11T13:00:36Z|24.85676|-95.13789,aoml/4903240/profiles/D4903240_345.nc,4903240,4903240,24.85676,-95.13789,2024-02-11T13:00:36Z,20240211,2024,1013,0.96,2015.68,67.1178,True,True,True,https://noaa-nws-rtofs-pds.s3.amazonaws.com/rtofs.20240211/rtofs_glo_3dz_f006_6hrly_hvr_US_east.nc
ARGO_GDAC,pfl,aoml/4903240/profiles/D4903240_345.nc|2024-02-11T13:00:36Z|24.85676|-95.13789,aoml/4903240/profiles/D4903240_345.nc,4903240,4903240,24.85676,-95.13789,2024-02-11T13:00:36Z,20240211,2024,865,0.64,99.96,67.72,True,True,True,https://noaa-nws-rtofs-pds.s3.amazonaws.com/rtofs.20240211/rtofs_glo_3dz_f006_6hrly_hvr_US_east.nc
ARGO_GDAC,pfl,aoml/4903240/profiles/D4903240_346.nc|2024-02-16T12:52:00Z|25.00101|-95.23392,aoml/4903240/profiles/D4903240_346.nc,4903240,4903240,25.00101,-95.23392,2024-02-16T12:52:00Z,20240216,2024,1013,0.96,2015.4,114.8693,True,False,True,https://noaa-nws-rtofs-pds.s3.amazonaws.com/rtofs.20240216/rtofs_glo_3dz_f006_6hrly_hvr_US_east.nc
ARGO_GDAC,pfl,aoml/4903240/profiles/D4903240_346.nc|2024-02-16T12:52:00Z|25.00101|-95.23392,aoml/4903240/profiles/D4903240_346.nc,4903240,4903240,25.00101,-95.23392,2024-02-16T12:52:00Z,20240216,2024,765,0.56,99.88,,False,False,True,https://noaa-nws-rtofs-pds.s3.amazonaws.com/rtofs.20240216/rtofs_glo_3dz_f006_6hrly_hvr_US_east.nc
ARGO_GDAC,pfl,aoml/4903240/profiles/D4903240_347.nc|2024-02-21T12:46:02Z|25.15060|-95.14284,aoml/4903240/profiles/D4903240_347.nc,4903240,4903240,25.1506,-95.14284,2024-02-21T12:46:02Z,20240221,2024,1012,1.04,2013.4,112.6405,True,False,True,https://noaa-nws-rtofs-pds.s3.amazonaws.com/rtofs.20240221/rtofs_glo_3dz_f006_6hrly_hvr_US_east.nc
ARGO_GDAC,pfl,aoml/4903240/profiles/D4903240_347.nc|2024-02-21T12:46:02Z|25.15060|-95.14284,aoml/4903240/profiles/D4903240_347.nc,4903240,4903240,25.1506,-95.14284,2024-02-21T12:46:02Z,20240221,2024,848,0.56,99.84,,False,False,True,https://noaa-nws-rtofs-pds.s3.amazonaws.com/rtofs.20240221/rtofs_glo_3dz_f006_6hrly_hvr_US_east.nc
ARGO_GDAC,pfl,aoml/4903240/profiles/D4903240_348.nc|2024-02-26T12:31:04Z|25.20070|-95.08162,aoml/4903240/profiles/D4903240_348.nc,4903240,4903240,25.2007,-95.08162,2024-02-26T12:31:04Z,20240226,2024,1008,1.04,2005.52,116.8187,True,False,True,https://noaa-nws-rtofs-pds.s3.amazonaws.com/rtofs.20240226/rtofs_glo_3dz_f006_6hrly_hvr_US_east.nc
ARGO_GDAC,pfl,aoml/4903240/profiles/D4903240_348.nc|2024-02-26T12:31:04Z|25.20070|-95.08162,aoml/4903240/profiles/D4903240_348.nc,4903240,4903240,25.2007,-95.08162,2024-02-26T12:31:04Z,20240226,2024,776,0.68,100.0,,False,False,True,https://noaa-nws-rtofs-pds.s3.amazonaws.com/rtofs.20240226/rtofs_glo_3dz_f006_6hrly_hvr_US_east.nc
ARGO_GDAC,pfl,aoml/4903240/profiles/D4903240_349.nc|2024-03-02T12:18:32Z|25.20496|-95.14260,aoml/4903240/profiles/D4903240_349.nc,4903240,4903240,25.20496,-95.1426,2024-03-02T12:18:32Z,20240302,2024,1009,1.0,2007.2,108.5413,True,False,True,https://noaa-nws-rtofs-pds.s3.amazonaws.com/rtofs.20240302/rtofs_glo_3dz_f006_6hrly_hvr_US_east.nc
ARGO_GDAC,pfl,aoml/4903240/profiles/D4903240_350.nc|2024-03-07T12:10:14Z|25.20755|-95.19635,aoml/4903240/profiles/D4903240_350.nc,4903240,4903240,25.20755,-95.19635,2024-03-07T12:10:14Z,20240307,2024,1014,1.0,2017.44,24.22,True,True,True,https://noaa-nws-rtofs-pds.s3.amazonaws.com/rtofs.20240307/rtofs_glo_3dz_f006_6hrly_hvr_US_east.nc
ARGO_GDAC,pfl,aoml/4903240/profiles/D4903240_350.nc|2024-03-07T12:10:14Z|25.20755|-95.19635,aoml/4903240/profiles/D4903240_350.nc,4903240,4903240,25.20755,-95.19635,2024-03-07T12:10:14Z,20240307,2024,867,0.6,99.88,24.2727,True,True,True,https://noaa-nws-rtofs-pds.s3.amazonaws.com/rtofs.20240307/rtofs_glo_3dz_f006_6hrly_hvr_US_east.nc
ARGO_GDAC,pfl,aoml/4903240/profiles/D4903240_351.nc|2024-03-12T11:59:15Z|25.25633|-95.08103,aoml/4903240/profiles/D4903240_351.nc,4903240,4903240,25.25633,-95.08103,2024-03-12T11:59:15Z,20240312,2024,1011,1.0,2011.72,43.3027,True,True,True,https://noaa-nws-rtofs-pds.s3.amazonaws.com/rtofs.20240312/rtofs_glo_3dz_f006_6hrly_hvr_US_east.nc
ARGO_GDAC,pfl,aoml/4903240/profiles/D4903240_351.nc|2024-03-12T11:59:15Z|25.25633|-95.08103,aoml/4903240/profiles/D4903240_351.nc,4903240,4903240,25.25633,-95.08103,2024-03-12T11:59:15Z,20240312,2024,859,0.6,100.0,43.2676,True,True,True,https://noaa-nws-rtofs-pds.s3.amazonaws.com/rtofs.20240312/rtofs_glo_3dz_f006_6hrly_hvr_US_east.nc
ARGO_GDAC,pfl,aoml/4903240/profiles/D4903240_352.nc|2024-03-17T11:48:04Z|25.27894|-95.00209,aoml/4903240/profiles/D4903240_352.nc,4903240,4903240,25.27894,-95.00209,2024-03-17T11:48:04Z,20240317,2024,1012,1.2,2013.64,21.553,True,True,True,https://noaa-nws-rtofs-pds.s3.amazonaws.com/rtofs.20240317/rtofs_glo_3dz_f006_6hrly_hvr_US_east.nc
ARGO_GDAC,pfl,aoml/4903240/profiles/D4903240_352.nc|2024-03-17T11:48:04Z|25.27894|-95.00209,aoml/4903240/profiles/D4903240_352.nc,4903240,4903240,25.27894,-95.00209,2024-03-17T11:48:04Z,20240317,2024,912,0.88,99.92,21.5278,True,True,True,https://noaa-nws-rtofs-pds.s3.amazonaws.com/rtofs.20240317/rtofs_glo_3dz_f006_6hrly_hvr_US_east.nc
ARGO_GDAC,pfl,aoml/4903240/profiles/D4903240_353.nc|2024-03-22T11:31:55Z|25.30317|-94.99123,aoml/4903240/profiles/D4903240_353.nc,4903240,4903240,25.30317,-94.99123,2024-03-22T11:31:55Z,20240322,2024,1008,1.12,2005.2,43.206,True,True,True,https://noaa-nws-rtofs-pds.s3.amazonaws.com/rtofs.20240322/rtofs_glo_3dz_f006_6hrly_hvr_US_east.nc
ARGO_GDAC,pfl,aoml/4903240/profiles/D4903240_353.nc|2024-03-22T11:31:55Z|25.30317|-94.99123,aoml/4903240/profiles/D4903240_353.nc,4903240,4903240,25.30317,-94.99123,2024-03-22T11:31:55Z,20240322,2024,876,0.68,100.0,43.2222,True,True,True,https://noaa-nws-rtofs-pds.s3.amazonaws.com/rtofs.20240322/rtofs_glo_3dz_f006_6hrly_hvr_US_east.nc
ARGO_GDAC,pfl,aoml/4903240/profiles/D4903240_354.nc|2024-03-27T10:48:00Z|25.08642|-95.11215,aoml/4903240/profiles/D4903240_354.nc,4903240,4903240,25.08642,-95.11215,2024-03-27T10:48:00Z,20240327,2024,1012,0.96,2013.2,40.1367,True,True,True,https://noaa-nws-rtofs-pds.s3.amazonaws.com/rtofs.20240327/rtofs_glo_3dz_f006_6hrly_hvr_US_east.nc
ARGO_GDAC,pfl,aoml/4903240/profiles/D4903240_354.nc|2024-03-27T10:48:00Z|25.08642|-95.11215,aoml/4903240/profiles/D4903240_354.nc,4903240,4903240,25.08642,-95.11215,2024-03-27T10:48:00Z,20240327,2024,470,0.56,100.0,40.1942,True,True,True,https://noaa-nws-rtofs-pds.s3.amazonaws.com/rtofs.20240327/rtofs_glo_3dz_f006_6hrly_hvr_US_east.nc
ARGO_GDAC,pfl,aoml/4903240/profiles/D4903240_355.nc|2024-04-01T10:23:48Z|25.09312|-95.39126,aoml/4903240/profiles/D4903240_355.nc,4903240,4903240,25.09312,-95.39126,2024-04-01T10:23:48Z,20240401,2024,1012,1.0,2013.48,24.9713,True,True,True,https://noaa-nws-rtofs-pds.s3.amazonaws.com/rtofs.20240401/rtofs_glo_3dz_f006_6hrly_hvr_US_east.nc
ARGO_GDAC,pfl,aoml/4903240/profiles/D4903240_355.nc|2024-04-01T10:23:48Z|25.09312|-95.39126,aoml/4903240/profiles/D4903240_355.nc,4903240,4903240,25.09312,-95.39126,2024-04-01T10:23:48Z,20240401,2024,836,0.64,99.88,24.4233,True,True,True,https://noaa-nws-rtofs-pds.s3.amazonaws.com/rtofs.20240401/rtofs_glo_3dz_f006_6hrly_hvr_US_east.nc
ARGO_GDAC,pfl,aoml/4903240/profiles/D4903240_356.nc|2024-04-06T10:06:04Z|25.13221|-95.36552,aoml/4903240/profiles/D4903240_356.nc,4903240,4903240,25.13221,-95.36552,2024-04-06T10:06:04Z,20240406,2024,1008,1.12,2005.44,14.3071,True,True,True,https://noaa-nws-rtofs-pds.s3.amazonaws.com/rtofs.20240406/rtofs_glo_3dz_f006_6hrly_hvr_US_east.nc
ARGO_GDAC,pfl,aoml/4903240/profiles/D4903240_356.nc|2024-04-06T10:06:04Z|25.13221|-95.36552,aoml/4903240/profiles/D4903240_356.nc,4903240,4903240,25.13221,-95.36552,2024-04-06T10:06:04Z,20240406,2024,976,0.84,99.84,14.6684,True,True,True,https://noaa-nws-rtofs-pds.s3.amazonaws.com/rtofs.20240406/rtofs_glo_3dz_f006_6hrly_hvr_US_east.nc
ARGO_GDAC,pfl,aoml/4903240/profiles/D4903240_357.nc|2024-04-11T09:59:47Z|25.00232|-95.41217,aoml/4903240/profiles/D4903240_357.nc,4903240,4903240,25.00232,-95.41217,2024-04-11T09:59:47Z,20240411,2024,1014,1.12,2017.32,40.5063,True,True,True,https://noaa-nws-rtofs-pds.s3.amazonaws.com/rtofs.20240411/rtofs_glo_3dz_f006_6hrly_hvr_US_east.nc
ARGO_GDAC,pfl,aoml/4903240/profiles/D4903240_357.nc|2024-04-11T09:59:47Z|25.00232|-95.41217,aoml/4903240/profiles/D4903240_357.nc,4903240,4903240,25.00232,-95.41217,2024-04-11T09:59:47Z,20240411,2024,936,0.88,99.96,40.6939,True,True,True,https://noaa-nws-rtofs-pds.s3.amazonaws.com/rtofs.20240411/rtofs_glo_3dz_f006_6hrly_hvr_US_east.nc
ARGO_GDAC,pfl,aoml/4903240/profiles/D4903240_358.nc|2024-04-16T09:44:27Z|24.69312|-95.42136,aoml/4903240/profiles/D4903240_358.nc,4903240,4903240,24.69312,-95.42136,2024-04-16T09:44:27Z,20240416,2024,1010,1.04,2009.56,71.9805,True,True,True,https://noaa-nws-rtofs-pds.s3.amazonaws.com/rtofs.20240416/rtofs_glo_3dz_f006_6hrly_hvr_US_east.nc
ARGO_GDAC,pfl,aoml/4903240/profiles/D4903240_358.nc|2024-04-16T09:44:27Z|24.69312|-95.42136,aoml/4903240/profiles/D4903240_358.nc,4903240,4903240,24.69312,-95.42136,2024-04-16T09:44:27Z,20240416,2024,851,0.72,99.84,71.744,True,True,True,https://noaa-nws-rtofs-pds.s3.amazonaws.com/rtofs.20240416/rtofs_glo_3dz_f006_6hrly_hvr_US_east.nc
ARGO_GDAC,pfl,aoml/4903240/profiles/D4903240_359.nc|2024-04-21T09:22:49Z|24.44320|-95.22230,aoml/4903240/profiles/D4903240_359.nc,4903240,4903240,24.4432,-95.2223,2024-04-21T09:22:49Z,20240421,2024,1007,1.04,2003.84,26.968,True,True,True,https://noaa-nws-rtofs-pds.s3.amazonaws.com/rtofs.20240421/rtofs_glo_3dz_f006_6hrly_hvr_US_east.nc
ARGO_GDAC,pfl,aoml/4903240/profiles/D4903240_359.nc|2024-04-21T09:22:49Z|24.44320|-95.22230,aoml/4903240/profiles/D4903240_359.nc,4903240,4903240,24.4432,-95.2223,2024-04-21T09:22:49Z,20240421,2024,839,0.64,99.84,27.28,True,True,True,https://noaa-nws-rtofs-pds.s3.amazonaws.com/rtofs.20240421/rtofs_glo_3dz_f006_6hrly_hvr_US_east.nc
ARGO_GDAC,pfl,aoml/4903240/profiles/D4903240_360.nc|2024-04-26T09:00:16Z|24.30269|-95.08029,aoml/4903240/profiles/D4903240_360.nc,4903240,4903240,24.30269,-95.08029,2024-04-26T09:00:16Z,20240426,2024,1008,1.04,2005.24,42.8821,True,True,True,https://noaa-nws-rtofs-pds.s3.amazonaws.com/rtofs.20240426/rtofs_glo_3dz_f006_6hrly_hvr_US_east.nc
ARGO_GDAC,pfl,aoml/4903240/profiles/D4903240_360.nc|2024-04-26T09:00:16Z|24.30269|-95.08029,aoml/4903240/profiles/D4903240_360.nc,4903240,4903240,24.30269,-95.08029,2024-04-26T09:00:16Z,20240426,2024,808,0.64,99.84,42.864,True,True,True,https://noaa-nws-rtofs-pds.s3.amazonaws.com/rtofs.20240426/rtofs_glo_3dz_f006_6hrly_hvr_US_east.nc
ARGO_GDAC,pfl,aoml/4903240/profiles/D4903240_361.nc|2024-05-01T08:43:52Z|24.20854|-95.09917,aoml/4903240/profiles/D4903240_361.nc,4903240,4903240,24.20854,-95.09917,2024-05-01T08:43:52Z,20240501,2024,1008,1.04,2005.16,37.4088,True,True,True,https://noaa-nws-rtofs-pds.s3.amazonaws.com/rtofs.20240501/rtofs_glo_3dz_f006_6hrly_hvr_US_east.nc
ARGO_GDAC,pfl,aoml/4903240/profiles/D4903240_361.nc|2024-05-01T08:43:52Z|24.20854|-95.09917,aoml/4903240/profiles/D4903240_361.nc,4903240,4903240,24.20854,-95.09917,2024-05-01T08:43:52Z,20240501,2024,816,0.6,99.92,37.7333,True,True,True,https://noaa-nws-rtofs-pds.s3.amazonaws.com/rtofs.20240501/rtofs_glo_3dz_f006_6hrly_hvr_US_east.nc
ARGO_GDAC,pfl,aoml/4903240/profiles/D4903240_362.nc|2024-05-06T08:36:10Z|24.16757|-95.20812,aoml/4903240/profiles/D4903240_362.nc,4903240,4903240,24.16757,-95.20812,2024-05-06T08:36:10Z,20240506,2024,1014,1.0,2017.6,34.1462,True,True,True,https://noaa-nws-rtofs-pds.s3.amazonaws.com/rtofs.20240506/rtofs_glo_3dz_f006_6hrly_hvr_US_east.nc
ARGO_GDAC,pfl,aoml/4903240/profiles/D4903240_362.nc|2024-05-06T08:36:10Z|24.16757|-95.20812,aoml/4903240/profiles/D4903240_362.nc,4903240,4903240,24.16757,-95.20812,2024-05-06T08:36:10Z,20240506,2024,886,0.6,99.96,34.028,True,True,True,https://noaa-nws-rtofs-pds.s3.amazonaws.com/rtofs.20240506/rtofs_glo_3dz_f006_6hrly_hvr_US_east.nc
ARGO_GDAC,pfl,aoml/4903240/profiles/D4903240_363.nc|2024-05-11T08:18:39Z|24.14419|-95.34998,aoml/4903240/profiles/D4903240_363.nc,4903240,4903240,24.14419,-95.34998,2024-05-11T08:18:39Z,20240511,2024,1008,1.08,2005.6,11.7734,True,True,True,https://noaa-nws-rtofs-pds.s3.amazonaws.com/rtofs.20240511/rtofs_glo_3dz_f006_6hrly_hvr_US_east.nc
ARGO_GDAC,pfl,aoml/4903240/profiles/D4903240_363.nc|2024-05-11T08:18:39Z|24.14419|-95.34998,aoml/4903240/profiles/D4903240_363.nc,4903240,4903240,24.14419,-95.34998,2024-05-11T08:18:39Z,20240511,2024,850,0.68,100.0,11.8275,True,True,True,https://noaa-nws-rtofs-pds.s3.amazonaws.com/rtofs.20240511/rtofs_glo_3dz_f006_6hrly_hvr_US_east.nc
ARGO_GDAC,pfl,aoml/4903240/profiles/D4903240_364.nc|2024-05-16T08:14:41Z|24.30266|-95.42870,aoml/4903240/profiles/D4903240_364.nc,4903240,4903240,24.30266,-95.4287,2024-05-16T08:14:41Z,20240516,2024,1014,0.96,2017.28,23.2,True,True,True,https://noaa-nws-rtofs-pds.s3.amazonaws.com/rtofs.20240516/rtofs_glo_3dz_f006_6hrly_hvr_US_east.nc
ARGO_GDAC,pfl,aoml/4903240/profiles/D4903240_364.nc|2024-05-16T08:14:41Z|24.30266|-95.42870,aoml/4903240/profiles/D4903240_364.nc,4903240,4903240,24.30266,-95.4287,2024-05-16T08:14:41Z,20240516,2024,840,0.52,99.88,23.2941,True,True,True,https://noaa-nws-rtofs-pds.s3.amazonaws.com/rtofs.20240516/rtofs_glo_3dz_f006_6hrly_hvr_US_east.nc
ARGO_GDAC,pfl,aoml/4903240/profiles/D4903240_365.nc|2024-05-21T08:08:30Z|24.51674|-95.49377,aoml/4903240/profiles/D4903240_365.nc,4903240,4903240,24.51674,-95.49377,2024-05-21T08:08:30Z,20240521,2024,1014,1.04,2017.36,12.3691,True,True,True,https://noaa-nws-rtofs-pds.s3.amazonaws.com/rtofs.20240521/rtofs_glo_3dz_f006_6hrly_hvr_US_east.nc
ARGO_GDAC,pfl,aoml/4903240/profiles/D4903240_365.nc|2024-05-21T08:08:30Z|24.51674|-95.49377,aoml/4903240/profiles/D4903240_365.nc,4903240,4903240,24.51674,-95.49377,2024-05-21T08:08:30Z,20240521,2024,882,0.56,100.0,11.7867,True,True,True,https://noaa-nws-rtofs-pds.s3.amazonaws.com/rtofs.20240521/rtofs_glo_3dz_f006_6hrly_hvr_US_east.nc
ARGO_GDAC,pfl,aoml/4903240/profiles/D4903240_366.nc|2024-05-26T07:54:34Z|24.63611|-95.36408,aoml/4903240/profiles/D4903240_366.nc,4903240,4903240,24.63611,-95.36408,2024-05-26T07:54:34Z,20240526,2024,1008,1.0,2005.36,22.0703,True,True,True,https://noaa-nws-rtofs-pds.s3.amazonaws.com/rtofs.20240526/rtofs_glo_3dz_f006_6hrly_hvr_US_east.nc
ARGO_GDAC,pfl,aoml/4903240/profiles/D4903240_366.nc|2024-05-26T07:54:34Z|24.63611|-95.36408,aoml/4903240/profiles/D4903240_366.nc,4903240,4903240,24.63611,-95.36408,2024-05-26T07:54:34Z,20240526,2024,888,0.52,99.92,22.1601,True,True,True,https://noaa-nws-rtofs-pds.s3.amazonaws.com/rtofs.20240526/rtofs_glo_3dz_f006_6hrly_hvr_US_east.nc
ARGO_GDAC,pfl,aoml/4903240/profiles/D4903240_367.nc|2024-05-31T07:38:29Z|24.79466|-95.19773,aoml/4903240/profiles/D4903240_367.nc,4903240,4903240,24.79466,-95.19773,2024-05-31T07:38:29Z,20240531,2024,1008,1.0,2005.24,16.9832,True,True,True,https://noaa-nws-rtofs-pds.s3.amazonaws.com/rtofs.20240531/rtofs_glo_3dz_f006_6hrly_hvr_US_east.nc
ARGO_GDAC,pfl,aoml/4903240/profiles/D4903240_367.nc|2024-05-31T07:38:29Z|24.79466|-95.19773,aoml/4903240/profiles/D4903240_367.nc,4903240,4903240,24.79466,-95.19773,2024-05-31T07:38:29Z,20240531,2024,863,0.64,99.96,17.1543,True,True,True,https://noaa-nws-rtofs-pds.s3.amazonaws.com/rtofs.20240531/rtofs_glo_3dz_f006_6hrly_hvr_US_east.nc
ARGO_GDAC,pfl,aoml/4903240/profiles/D4903240_368.nc|2024-06-05T07:21:36Z|24.73302|-95.41346,aoml/4903240/profiles/D4903240_368.nc,4903240,4903240,24.73302,-95.41346,2024-06-05T07:21:36Z,20240605,2024,1007,1.04,2003.76,24.8345,True,True,True,https://noaa-nws-rtofs-pds.s3.amazonaws.com/rtofs.20240605/rtofs_glo_3dz_f006_6hrly_hvr_US_east.nc
ARGO_GDAC,pfl,aoml/4903240/profiles/D4903240_368.nc|2024-06-05T07:21:36Z|24.73302|-95.41346,aoml/4903240/profiles/D4903240_368.nc,4903240,4903240,24.73302,-95.41346,2024-06-05T07:21:36Z,20240605,2024,866,0.6,99.88,25.7731,True,True,True,https://noaa-nws-rtofs-pds.s3.amazonaws.com/rtofs.20240605/rtofs_glo_3dz_f006_6hrly_hvr_US_east.nc
ARGO_GDAC,pfl,aoml/4903240/profiles/D4903240_369.nc|2024-06-10T07:07:25Z|24.48854|-95.60371,aoml/4903240/profiles/D4903240_369.nc,4903240,4903240,24.48854,-95.60371,2024-06-10T07:07:25Z,20240610,2024,1008,1.0,2005.6,13.7197,True,True,True,https://noaa-nws-rtofs-pds.s3.amazonaws.com/rtofs.20240610/rtofs_glo_3dz_f006_6hrly_hvr_US_east.nc
ARGO_GDAC,pfl,aoml/4903240/profiles/D4903240_369.nc|2024-06-10T07:07:25Z|24.48854|-95.60371,aoml/4903240/profiles/D4903240_369.nc,4903240,4903240,24.48854,-95.60371,2024-06-10T07:07:25Z,20240610,2024,872,0.56,99.96,13.2317,True,True,True,https://noaa-nws-rtofs-pds.s3.amazonaws.com/rtofs.20240610/rtofs_glo_3dz_f006_6hrly_hvr_US_east.nc
ARGO_GDAC,pfl,aoml/4903240/profiles/D4903240_370.nc|2024-06-15T06:52:41Z|24.21482|-95.66560,aoml/4903240/profiles/D4903240_370.nc,4903240,4903240,24.21482,-95.6656,2024-06-15T06:52:41Z,20240615,2024,1014,1.0,2017.28,20.1276,True,True,True,https://noaa-nws-rtofs-pds.s3.amazonaws.com/rtofs.20240615/rtofs_glo_3dz_f006_6hrly_hvr_US_east.nc
ARGO_GDAC,pfl,aoml/4903240/profiles/D4903240_370.nc|2024-06-15T06:52:41Z|24.21482|-95.66560,aoml/4903240/profiles/D4903240_370.nc,4903240,4903240,24.21482,-95.6656,2024-06-15T06:52:41Z,20240615,2024,894,0.68,100.0,20.164,True,True,True,https://noaa-nws-rtofs-pds.s3.amazonaws.com/rtofs.20240615/rtofs_glo_3dz_f006_6hrly_hvr_US_east.nc
ARGO_GDAC,pfl,aoml/4903240/profiles/D4903240_371.nc|2024-06-20T06:43:51Z|23.92507|-95.67736,aoml/4903240/profiles/D4903240_371.nc,4903240,4903240,23.92507,-95.67736,2024-06-20T06:43:51Z,20240620,2024,1009,0.48,2005.44,20.9402,True,True,True,https://noaa-nws-rtofs-pds.s3.amazonaws.com/rtofs.20240620/rtofs_glo_3dz_f006_6hrly_hvr_US_east.nc
ARGO_GDAC,pfl,aoml/4903240/profiles/D4903240_371.nc|2024-06-20T06:43:51Z|23.92507|-95.67736,aoml/4903240/profiles/D4903240_371.nc,4903240,4903240,23.92507,-95.67736,2024-06-20T06:43:51Z,20240620,2024,903,0.48,100.0,21.397,True,True,True,https://noaa-nws-rtofs-pds.s3.amazonaws.com/rtofs.20240620/rtofs_glo_3dz_f006_6hrly_hvr_US_east.nc
ARGO_GDAC,pfl,aoml/4903240/profiles/D4903240_372.nc|2024-06-25T06:45:59Z|23.61557|-95.65243,aoml/4903240/profiles/D4903240_372.nc,4903240,4903240,23.61557,-95.65243,2024-06-25T06:45:59Z,20240625,2024,1009,0.44,2005.28,26.6008,True,True,True,https://noaa-nws-rtofs-pds.s3.amazonaws.com/rtofs.20240625/rtofs_glo_3dz_f006_6hrly_hvr_US_east.nc
ARGO_GDAC,pfl,aoml/4903240/profiles/D4903240_372.nc|2024-06-25T06:45:59Z|23.61557|-95.65243,aoml/4903240/profiles/D4903240_372.nc,4903240,4903240,23.61557,-95.65243,2024-06-25T06:45:59Z,20240625,2024,827,0.44,99.92,27.52,True,True,True,https://noaa-nws-rtofs-pds.s3.amazonaws.com/rtofs.20240625/rtofs_glo_3dz_f006_6hrly_hvr_US_east.nc
ARGO_GDAC,pfl,aoml/4903240/profiles/D4903240_373.nc|2024-06-30T06:43:35Z|23.29306|-95.69592,aoml/4903240/profiles/D4903240_373.nc,4903240,4903240,23.29306,-95.69592,2024-06-30T06:43:35Z,20240630,2024,1007,1.04,2003.72,24.9266,True,True,True,https://noaa-nws-rtofs-pds.s3.amazonaws.com/rtofs.20240630/rtofs_glo_3dz_f006_6hrly_hvr_US_east.nc
ARGO_GDAC,pfl,aoml/4903240/profiles/D4903240_373.nc|2024-06-30T06:43:35Z|23.29306|-95.69592,aoml/4903240/profiles/D4903240_373.nc,4903240,4903240,23.29306,-95.69592,2024-06-30T06:43:35Z,20240630,2024,926,0.6,99.96,25.1865,True,True,True,https://noaa-nws-rtofs-pds.s3.amazonaws.com/rtofs.20240630/rtofs_glo_3dz_f006_6hrly_hvr_US_east.nc
ARGO_GDAC,pfl,aoml/4903240/profiles/D4903240_374.nc|2024-07-05T06:38:16Z|23.10093|-95.78359,aoml/4903240/profiles/D4903240_374.nc,4903240,4903240,23.10093,-95.78359,2024-07-05T06:38:16Z,20240705,2024,1008,1.04,2005.48,24.7148,True,True,True,https://noaa-nws-rtofs-pds.s3.amazonaws.com/rtofs.20240705/rtofs_glo_3dz_f006_6hrly_hvr_US_east.nc
ARGO_GDAC,pfl,aoml/4903240/profiles/D4903240_374.nc|2024-07-05T06:38:16Z|23.10093|-95.78359,aoml/4903240/profiles/D4903240_374.nc,4903240,4903240,23.10093,-95.78359,2024-07-05T06:38:16Z,20240705,2024,925,0.64,99.96,24.74,True,True,True,https://noaa-nws-rtofs-pds.s3.amazonaws.com/rtofs.20240705/rtofs_glo_3dz_f006_6hrly_hvr_US_east.nc
ARGO_GDAC,pfl,aoml/4903240/profiles/D4903240_375.nc|2024-07-10T06:30:00Z|23.07275|-95.81506,aoml/4903240/profiles/D4903240_375.nc,4903240,4903240,23.07275,-95.81506,2024-07-10T06:30:00Z,20240710,2024,1008,1.0,2005.6,23.9616,True,True,True,https://noaa-nws-rtofs-pds.s3.amazonaws.com/rtofs.20240710/rtofs_glo_3dz_f006_6hrly_hvr_US_east.nc
ARGO_GDAC,pfl,aoml/4903240/profiles/D4903240_375.nc|2024-07-10T06:30:00Z|23.07275|-95.81506,aoml/4903240/profiles/D4903240_375.nc,4903240,4903240,23.07275,-95.81506,2024-07-10T06:30:00Z,20240710,2024,875,0.56,99.96,23.9066,True,True,True,https://noaa-nws-rtofs-pds.s3.amazonaws.com/rtofs.20240710/rtofs_glo_3dz_f006_6hrly_hvr_US_east.nc
ARGO_GDAC,pfl,aoml/4903240/profiles/D4903240_376.nc|2024-07-15T06:26:49Z|23.13549|-95.83152,aoml/4903240/profiles/D4903240_376.nc,4903240,4903240,23.13549,-95.83152,2024-07-15T06:26:49Z,20240715,2024,1008,1.04,2005.04,20.7253,True,True,True,https://noaa-nws-rtofs-pds.s3.amazonaws.com/rtofs.20240715/rtofs_glo_3dz_f006_6hrly_hvr_US_east.nc
ARGO_GDAC,pfl,aoml/4903240/profiles/D4903240_376.nc|2024-07-15T06:26:49Z|23.13549|-95.83152,aoml/4903240/profiles/D4903240_376.nc,4903240,4903240,23.13549,-95.83152,2024-07-15T06:26:49Z,20240715,2024,902,0.56,99.96,20.4309,True,True,True,https://noaa-nws-rtofs-pds.s3.amazonaws.com/rtofs.20240715/rtofs_glo_3dz_f006_6hrly_hvr_US_east.nc
ARGO_GDAC,pfl,aoml/4903240/profiles/D4903240_377.nc|2024-07-20T06:22:31Z|23.28227|-95.79002,aoml/4903240/profiles/D4903240_377.nc,4903240,4903240,23.28227,-95.79002,2024-07-20T06:22:31Z,20240720,2024,1009,0.44,2005.76,16.7298,True,True,True,https://noaa-nws-rtofs-pds.s3.amazonaws.com/rtofs.20240720/rtofs_glo_3dz_f006_6hrly_hvr_US_east.nc
ARGO_GDAC,pfl,aoml/4903240/profiles/D4903240_377.nc|2024-07-20T06:22:31Z|23.28227|-95.79002,aoml/4903240/profiles/D4903240_377.nc,4903240,4903240,23.28227,-95.79002,2024-07-20T06:22:31Z,20240720,2024,895,0.44,99.92,16.5908,True,True,True,https://noaa-nws-rtofs-pds.s3.amazonaws.com/rtofs.20240720/rtofs_glo_3dz_f006_6hrly_hvr_US_east.nc
ARGO_GDAC,pfl,aoml/4903240/profiles/D4903240_378.nc|2024-07-25T06:10:32Z|23.43887|-95.62395,aoml/4903240/profiles/D4903240_378.nc,4903240,4903240,23.43887,-95.62395,2024-07-25T06:10:32Z,20240725,2024,1009,1.2,2007.0,28.8113,True,True,True,https://noaa-nws-rtofs-pds.s3.amazonaws.com/rtofs.20240725/rtofs_glo_3dz_f006_6hrly_hvr_US_east.nc
ARGO_GDAC,pfl,aoml/4903240/profiles/D4903240_378.nc|2024-07-25T06:10:32Z|23.43887|-95.62395,aoml/4903240/profiles/D4903240_378.nc,4903240,4903240,23.43887,-95.62395,2024-07-25T06:10:32Z,20240725,2024,903,1.0,99.88,29.0,True,True,True,https://noaa-nws-rtofs-pds.s3.amazonaws.com/rtofs.20240725/rtofs_glo_3dz_f006_6hrly_hvr_US_east.nc
ARGO_GDAC,pfl,aoml/4903240/profiles/D4903240_379.nc|2024-07-30T06:00:11Z|23.59162|-95.40160,aoml/4903240/profiles/D4903240_379.nc,4903240,4903240,23.59162,-95.4016,2024-07-30T06:00:11Z,20240730,2024,1008,1.0,2005.6,25.0913,True,True,True,https://noaa-nws-rtofs-pds.s3.amazonaws.com/rtofs.20240730/rtofs_glo_3dz_f006_6hrly_hvr_US_east.nc
ARGO_GDAC,pfl,aoml/4903240/profiles/D4903240_379.nc|2024-07-30T06:00:11Z|23.59162|-95.40160,aoml/4903240/profiles/D4903240_379.nc,4903240,4903240,23.59162,-95.4016,2024-07-30T06:00:11Z,20240730,2024,951,0.56,100.0,24.7633,True,True,True,https://noaa-nws-rtofs-pds.s3.amazonaws.com/rtofs.20240730/rtofs_glo_3dz_f006_6hrly_hvr_US_east.nc
ARGO_GDAC,pfl,aoml/4903240/profiles/D4903240_380.nc|2024-08-04T05:58:26Z|23.74255|-95.45803,aoml/4903240/profiles/D4903240_380.nc,4903240,4903240,23.74255,-95.45803,2024-08-04T05:58:26Z,20240804,2024,1007,1.0,2003.72,14.7389,True,True,True,https://noaa-nws-rtofs-pds.s3.amazonaws.com/rtofs.20240804/rtofs_glo_3dz_f006_6hrly_hvr_US_east.nc
ARGO_GDAC,pfl,aoml/4903240/profiles/D4903240_380.nc|2024-08-04T05:58:26Z|23.74255|-95.45803,aoml/4903240/profiles/D4903240_380.nc,4903240,4903240,23.74255,-95.45803,2024-08-04T05:58:26Z,20240804,2024,938,0.52,99.96,14.7057,True,True,True,https://noaa-nws-rtofs-pds.s3.amazonaws.com/rtofs.20240804/rtofs_glo_3dz_f006_6hrly_hvr_US_east.nc
ARGO_GDAC,pfl,aoml/4903240/profiles/D4903240_381.nc|2024-08-09T05:50:49Z|23.70606|-95.63284,aoml/4903240/profiles/D4903240_381.nc,4903240,4903240,23.70606,-95.63284,2024-08-09T05:50:49Z,20240809,2024,1008,0.96,2005.2,13.5073,True,True,True,https://noaa-nws-rtofs-pds.s3.amazonaws.com/rtofs.20240809/rtofs_glo_3dz_f006_6hrly_hvr_US_east.nc
ARGO_GDAC,pfl,aoml/4903240/profiles/D4903240_381.nc|2024-08-09T05:50:49Z|23.70606|-95.63284,aoml/4903240/profiles/D4903240_381.nc,4903240,4903240,23.70606,-95.63284,2024-08-09T05:50:49Z,20240809,2024,927,0.6,99.8,13.4369,True,True,True,https://noaa-nws-rtofs-pds.s3.amazonaws.com/rtofs.20240809/rtofs_glo_3dz_f006_6hrly_hvr_US_east.nc
ARGO_GDAC,pfl,aoml/4903240/profiles/D4903240_382.nc|2024-08-14T05:48:34Z|23.87825|-95.47382,aoml/4903240/profiles/D4903240_382.nc,4903240,4903240,23.87825,-95.47382,2024-08-14T05:48:34Z,20240814,2024,1007,1.0,2003.52,28.3516,True,True,True,https://noaa-nws-rtofs-pds.s3.amazonaws.com/rtofs.20240814/rtofs_glo_3dz_f006_6hrly_hvr_US_east.nc
ARGO_GDAC,pfl,aoml/4903240/profiles/D4903240_382.nc|2024-08-14T05:48:34Z|23.87825|-95.47382,aoml/4903240/profiles/D4903240_382.nc,4903240,4903240,23.87825,-95.47382,2024-08-14T05:48:34Z,20240814,2024,957,0.68,99.96,28.7314,True,True,True,https://noaa-nws-rtofs-pds.s3.amazonaws.com/rtofs.20240814/rtofs_glo_3dz_f006_6hrly_hvr_US_east.nc
ARGO_GDAC,pfl,aoml/4903240/profiles/D4903240_383.nc|2024-08-19T05:39:58Z|23.82265|-95.66378,aoml/4903240/profiles/D4903240_383.nc,4903240,4903240,23.82265,-95.66378,2024-08-19T05:39:58Z,20240819,2024,1008,1.04,2005.76,17.7907,True,True,True,https://noaa-nws-rtofs-pds.s3.amazonaws.com/rtofs.20240819/rtofs_glo_3dz_f006_6hrly_hvr_US_east.nc
ARGO_GDAC,pfl,aoml/4903240/profiles/D4903240_383.nc|2024-08-19T05:39:58Z|23.82265|-95.66378,aoml/4903240/profiles/D4903240_383.nc,4903240,4903240,23.82265,-95.66378,2024-08-19T05:39:58Z,20240819,2024,918,0.68,99.92,18.0421,True,True,True,https://noaa-nws-rtofs-pds.s3.amazonaws.com/rtofs.20240819/rtofs_glo_3dz_f006_6hrly_hvr_US_east.nc
ARGO_GDAC,pfl,aoml/4903240/profiles/D4903240_384.nc|2024-08-24T05:42:26Z|23.61204|-95.71955,aoml/4903240/profiles/D4903240_384.nc,4903240,4903240,23.61204,-95.71955,2024-08-24T05:42:26Z,20240824,2024,1008,1.08,2005.08,16.9152,True,True,True,https://noaa-nws-rtofs-pds.s3.amazonaws.com/rtofs.20240824/rtofs_glo_3dz_f006_6hrly_hvr_US_east.nc
ARGO_GDAC,pfl,aoml/4903240/profiles/D4903240_384.nc|2024-08-24T05:42:26Z|23.61204|-95.71955,aoml/4903240/profiles/D4903240_384.nc,4903240,4903240,23.61204,-95.71955,2024-08-24T05:42:26Z,20240824,2024,960,0.72,99.92,16.7052,True,True,True,https://noaa-nws-rtofs-pds.s3.amazonaws.com/rtofs.20240824/rtofs_glo_3dz_f006_6hrly_hvr_US_east.nc
ARGO_GDAC,pfl,aoml/4903240/profiles/D4903240_385.nc|2024-08-29T05:40:07Z|23.51700|-95.61947,aoml/4903240/profiles/D4903240_385.nc,4903240,4903240,23.517,-95.61947,2024-08-29T05:40:07Z,20240829,2024,1009,1.12,2007.32,18.2145,True,True,True,https://noaa-nws-rtofs-pds.s3.amazonaws.com/rtofs.20240829/rtofs_glo_3dz_f006_6hrly_hvr_US_east.nc
ARGO_GDAC,pfl,aoml/4903240/profiles/D4903240_385.nc|2024-08-29T05:40:07Z|23.51700|-95.61947,aoml/4903240/profiles/D4903240_385.nc,4903240,4903240,23.517,-95.61947,2024-08-29T05:40:07Z,20240829,2024,938,0.8,100.0,18.0089,True,True,True,https://noaa-nws-rtofs-pds.s3.amazonaws.com/rtofs.20240829/rtofs_glo_3dz_f006_6hrly_hvr_US_east.nc
ARGO_GDAC,pfl,aoml/4903240/profiles/D4903240_386.nc|2024-09-03T05:37:02Z|23.28047|-95.65999,aoml/4903240/profiles/D4903240_386.nc,4903240,4903240,23.28047,-95.65999,2024-09-03T05:37:02Z,20240903,2024,1008,1.04,2005.32,21.6271,True,True,True,https://noaa-nws-rtofs-pds.s3.amazonaws.com/rtofs.20240903/rtofs_glo_3dz_f006_6hrly_hvr_US_east.nc
ARGO_GDAC,pfl,aoml/4903240/profiles/D4903240_386.nc|2024-09-03T05:37:02Z|23.28047|-95.65999,aoml/4903240/profiles/D4903240_386.nc,4903240,4903240,23.28047,-95.65999,2024-09-03T05:37:02Z,20240903,2024,927,0.64,99.84,21.744,True,True,True,https://noaa-nws-rtofs-pds.s3.amazonaws.com/rtofs.20240903/rtofs_glo_3dz_f006_6hrly_hvr_US_east.nc
ARGO_GDAC,pfl,aoml/4903240/profiles/D4903240_387.nc|2024-09-08T05:28:10Z|23.03313|-95.77207,aoml/4903240/profiles/D4903240_387.nc,4903240,4903240,23.03313,-95.77207,2024-09-08T05:28:10Z,20240908,2024,1008,1.12,2005.36,27.2127,True,True,True,https://noaa-nws-rtofs-pds.s3.amazonaws.com/rtofs.20240908/rtofs_glo_3dz_f006_6hrly_hvr_US_east.nc
ARGO_GDAC,pfl,aoml/4903240/profiles/D4903240_387.nc|2024-09-08T05:28:10Z|23.03313|-95.77207,aoml/4903240/profiles/D4903240_387.nc,4903240,4903240,23.03313,-95.77207,2024-09-08T05:28:10Z,20240908,2024,941,0.76,99.96,27.7379,True,True,True,https://noaa-nws-rtofs-pds.s3.amazonaws.com/rtofs.20240908/rtofs_glo_3dz_f006_6hrly_hvr_US_east.nc
ARGO_GDAC,pfl,aoml/4903240/profiles/D4903240_388.nc|2024-09-13T05:25:39Z|22.73523|-95.90901,aoml/4903240/profiles/D4903240_388.nc,4903240,4903240,22.73523,-95.90901,2024-09-13T05:25:39Z,20240913,2024,1008,1.04,2005.28,28.0336,True,True,True,https://noaa-nws-rtofs-pds.s3.amazonaws.com/rtofs.20240913/rtofs_glo_3dz_f006_6hrly_hvr_US_east.nc
ARGO_GDAC,pfl,aoml/4903240/profiles/D4903240_388.nc|2024-09-13T05:25:39Z|22.73523|-95.90901,aoml/4903240/profiles/D4903240_388.nc,4903240,4903240,22.73523,-95.90901,2024-09-13T05:25:39Z,20240913,2024,988,0.72,99.92,28.32,True,True,True,https://noaa-nws-rtofs-pds.s3.amazonaws.com/rtofs.20240913/rtofs_glo_3dz_f006_6hrly_hvr_US_east.nc
ARGO_GDAC,pfl,aoml/4903240/profiles/D4903240_389.nc|2024-09-18T05:35:32Z|22.46842|-95.98148,aoml/4903240/profiles/D4903240_389.nc,4903240,4903240,22.46842,-95.98148,2024-09-18T05:35:32Z,20240918,2024,1007,0.96,2003.24,34.0091,True,True,True,https://noaa-nws-rtofs-pds.s3.amazonaws.com/rtofs.20240918/rtofs_glo_3dz_f006_6hrly_hvr_US_east.nc
ARGO_GDAC,pfl,aoml/4903240/profiles/D4903240_389.nc|2024-09-18T05:35:32Z|22.46842|-95.98148,aoml/4903240/profiles/D4903240_389.nc,4903240,4903240,22.46842,-95.98148,2024-09-18T05:35:32Z,20240918,2024,960,0.56,99.96,34.0229,True,True,True,https://noaa-nws-rtofs-pds.s3.amazonaws.com/rtofs.20240918/rtofs_glo_3dz_f006_6hrly_hvr_US_east.nc
ARGO_GDAC,pfl,aoml/4903240/profiles/D4903240_390.nc|2024-09-23T05:37:02Z|22.30381|-96.01074,aoml/4903240/profiles/D4903240_390.nc,4903240,4903240,22.30381,-96.01074,2024-09-23T05:37:02Z,20240923,2024,1008,1.0,2005.52,15.3131,True,True,True,https://noaa-nws-rtofs-pds.s3.amazonaws.com/rtofs.20240923/rtofs_glo_3dz_f006_6hrly_hvr_US_east.nc
ARGO_GDAC,pfl,aoml/4903240/profiles/D4903240_390.nc|2024-09-23T05:37:02Z|22.30381|-96.01074,aoml/4903240/profiles/D4903240_390.nc,4903240,4903240,22.30381,-96.01074,2024-09-23T05:37:02Z,20240923,2024,963,0.6,100.0,14.94,True,True,True,https://noaa-nws-rtofs-pds.s3.amazonaws.com/rtofs.20240923/rtofs_glo_3dz_f006_6hrly_hvr_US_east.nc
ARGO_GDAC,pfl,aoml/4903240/profiles/D4903240_391.nc|2024-09-28T05:36:26Z|22.20590|-96.03742,aoml/4903240/profiles/D4903240_391.nc,4903240,4903240,22.2059,-96.03742,2024-09-28T05:36:26Z,20240928,2024,1008,1.0,2005.6,29.0835,True,True,True,https://noaa-nws-rtofs-pds.s3.amazonaws.com/rtofs.20240928/rtofs_glo_3dz_f006_6hrly_hvr_US_east.nc
ARGO_GDAC,pfl,aoml/4903240/profiles/D4903240_391.nc|2024-09-28T05:36:26Z|22.20590|-96.03742,aoml/4903240/profiles/D4903240_391.nc,4903240,4903240,22.2059,-96.03742,2024-09-28T05:36:26Z,20240928,2024,1020,1.04,100.0,29.2667,True,True,True,https://noaa-nws-rtofs-pds.s3.amazonaws.com/rtofs.20240928/rtofs_glo_3dz_f006_6hrly_hvr_US_east.nc
ARGO_GDAC,pfl,aoml/4903240/profiles/D4903240_392.nc|2024-10-03T05:38:01Z|22.18369|-96.03261,aoml/4903240/profiles/D4903240_392.nc,4903240,4903240,22.18369,-96.03261,2024-10-03T05:38:01Z,20241003,2024,1008,1.08,2005.8,34.9058,True,True,True,https://noaa-nws-rtofs-pds.s3.amazonaws.com/rtofs.20241003/rtofs_glo_3dz_f006_6hrly_hvr_US_east.nc
ARGO_GDAC,pfl,aoml/4903240/profiles/D4903240_392.nc|2024-10-03T05:38:01Z|22.18369|-96.03261,aoml/4903240/profiles/D4903240_392.nc,4903240,4903240,22.18369,-96.03261,2024-10-03T05:38:01Z,20241003,2024,999,0.72,99.92,36.0447,True,True,True,https://noaa-nws-rtofs-pds.s3.amazonaws.com/rtofs.20241003/rtofs_glo_3dz_f006_6hrly_hvr_US_east.nc
ARGO_GDAC,pfl,aoml/4903240/profiles/D4903240_393.nc|2024-10-08T05:35:04Z|22.24344|-95.98383,aoml/4903240/profiles/D4903240_393.nc,4903240,4903240,22.24344,-95.98383,2024-10-08T05:35:04Z,20241008,2024,1008,1.08,2005.4,32.5576,True,True,True,https://noaa-nws-rtofs-pds.s3.amazonaws.com/rtofs.20241008/rtofs_glo_3dz_f006_6hrly_hvr_US_east.nc
ARGO_GDAC,pfl,aoml/4903240/profiles/D4903240_393.nc|2024-10-08T05:35:04Z|22.24344|-95.98383,aoml/4903240/profiles/D4903240_393.nc,4903240,4903240,22.24344,-95.98383,2024-10-08T05:35:04Z,20241008,2024,1002,0.68,99.96,33.2648,True,True,True,https://noaa-nws-rtofs-pds.s3.amazonaws.com/rtofs.20241008/rtofs_glo_3dz_f006_6hrly_hvr_US_east.nc
ARGO_GDAC,pfl,aoml/4903240/profiles/D4903240_394.nc|2024-10-13T05:35:09Z|22.25850|-95.91797,aoml/4903240/profiles/D4903240_394.nc,4903240,4903240,22.2585,-95.91797,2024-10-13T05:35:09Z,20241013,2024,1009,1.04,2007.0,36.0845,True,True,True,https://noaa-nws-rtofs-pds.s3.amazonaws.com/rtofs.20241013/rtofs_glo_3dz_f006_6hrly_hvr_US_east.nc
ARGO_GDAC,pfl,aoml/4903240/profiles/D4903240_394.nc|2024-10-13T05:35:09Z|22.25850|-95.91797,aoml/4903240/profiles/D4903240_394.nc,4903240,4903240,22.2585,-95.91797,2024-10-13T05:35:09Z,20241013,2024,1000,0.6,100.0,37.104,True,True,True,https://noaa-nws-rtofs-pds.s3.amazonaws.com/rtofs.20241013/rtofs_glo_3dz_f006_6hrly_hvr_US_east.nc
ARGO_GDAC,pfl,aoml/4903240/profiles/D4903240_395.nc|2024-10-18T05:37:59Z|22.15759|-95.89371,aoml/4903240/profiles/D4903240_395.nc,4903240,4903240,22.15759,-95.89371,2024-10-18T05:37:59Z,20241018,2024,1003,1.04,1995.24,31.9826,True,True,True,https://noaa-nws-rtofs-pds.s3.amazonaws.com/rtofs.20241018/rtofs_glo_3dz_f006_6hrly_hvr_US_east.nc
ARGO_GDAC,pfl,aoml/4903240/profiles/D4903240_395.nc|2024-10-18T05:37:59Z|22.15759|-95.89371,aoml/4903240/profiles/D4903240_395.nc,4903240,4903240,22.15759,-95.89371,2024-10-18T05:37:59Z,20241018,2024,963,0.64,99.8,32.34,True,True,True,https://noaa-nws-rtofs-pds.s3.amazonaws.com/rtofs.20241018/rtofs_glo_3dz_f006_6hrly_hvr_US_east.nc
ARGO_GDAC,pfl,aoml/4903240/profiles/D4903240_396.nc|2024-10-23T05:38:26Z|21.99377|-95.90635,aoml/4903240/profiles/D4903240_396.nc,4903240,4903240,21.99377,-95.90635,2024-10-23T05:38:26Z,20241023,2024,1008,1.08,2005.2,48.0816,True,True,True,https://noaa-nws-rtofs-pds.s3.amazonaws.com/rtofs.20241023/rtofs_glo_3dz_f006_6hrly_hvr_US_east.nc
ARGO_GDAC,pfl,aoml/4903240/profiles/D4903240_396.nc|2024-10-23T05:38:26Z|21.99377|-95.90635,aoml/4903240/profiles/D4903240_396.nc,4903240,4903240,21.99377,-95.90635,2024-10-23T05:38:26Z,20241023,2024,988,0.68,99.96,49.0029,True,True,True,https://noaa-nws-rtofs-pds.s3.amazonaws.com/rtofs.20241023/rtofs_glo_3dz_f006_6hrly_hvr_US_east.nc
ARGO_GDAC,pfl,aoml/4903240/profiles/D4903240_397.nc|2024-10-28T05:32:21Z|21.81668|-95.89223,aoml/4903240/profiles/D4903240_397.nc,4903240,4903240,21.81668,-95.89223,2024-10-28T05:32:21Z,20241028,2024,1008,1.04,2005.16,48.2234,True,True,True,https://noaa-nws-rtofs-pds.s3.amazonaws.com/rtofs.20241028/rtofs_glo_3dz_f006_6hrly_hvr_US_east.nc
ARGO_GDAC,pfl,aoml/4903240/profiles/D4903240_397.nc|2024-10-28T05:32:21Z|21.81668|-95.89223,aoml/4903240/profiles/D4903240_397.nc,4903240,4903240,21.81668,-95.89223,2024-10-28T05:32:21Z,20241028,2024,912,0.64,99.92,49.2785,True,True,True,https://noaa-nws-rtofs-pds.s3.amazonaws.com/rtofs.20241028/rtofs_glo_3dz_f006_6hrly_hvr_US_east.nc
ARGO_GDAC,pfl,aoml/4903240/profiles/D4903240_398.nc|2024-11-02T05:28:02Z|21.59310|-95.78434,aoml/4903240/profiles/D4903240_398.nc,4903240,4903240,21.5931,-95.78434,2024-11-02T05:28:02Z,20241102,2024,1009,1.04,2007.6,26.1512,True,True,True,https://noaa-nws-rtofs-pds.s3.amazonaws.com/rtofs.20241102/rtofs_glo_3dz_f006_6hrly_hvr_US_east.nc
ARGO_GDAC,pfl,aoml/4903240/profiles/D4903240_398.nc|2024-11-02T05:28:02Z|21.59310|-95.78434,aoml/4903240/profiles/D4903240_398.nc,4903240,4903240,21.5931,-95.78434,2024-11-02T05:28:02Z,20241102,2024,980,0.72,99.92,26.0514,True,True,True,https://noaa-nws-rtofs-pds.s3.amazonaws.com/rtofs.20241102/rtofs_glo_3dz_f006_6hrly_hvr_US_east.nc
ARGO_GDAC,pfl,aoml/4903240/profiles/D4903240_399.nc|2024-11-07T05:31:03Z|21.28009|-95.72238,aoml/4903240/profiles/D4903240_399.nc,4903240,4903240,21.28009,-95.72238,2024-11-07T05:31:03Z,20241107,2024,1008,1.0,2005.6,26.1727,True,True,True,https://noaa-nws-rtofs-pds.s3.amazonaws.com/rtofs.20241107/rtofs_glo_3dz_f006_6hrly_hvr_US_east.nc
ARGO_GDAC,pfl,aoml/4903240/profiles/D4903240_399.nc|2024-11-07T05:31:03Z|21.28009|-95.72238,aoml/4903240/profiles/D4903240_399.nc,4903240,4903240,21.28009,-95.72238,2024-11-07T05:31:03Z,20241107,2024,957,0.56,99.92,26.35,True,True,True,https://noaa-nws-rtofs-pds.s3.amazonaws.com/rtofs.20241107/rtofs_glo_3dz_f006_6hrly_hvr_US_east.nc
ARGO_GDAC,pfl,aoml/4903240/profiles/D4903240_400.nc|2024-11-12T05:39:25Z|21.06197|-95.68042,aoml/4903240/profiles/D4903240_400.nc,4903240,4903240,21.06197,-95.68042,2024-11-12T05:39:25Z,20241112,2024,1013,1.08,2015.36,27.1961,True,True,True,https://noaa-nws-rtofs-pds.s3.amazonaws.com/rtofs.20241112/rtofs_glo_3dz_f006_6hrly_hvr_US_east.nc
ARGO_GDAC,pfl,aoml/4903240/profiles/D4903240_400.nc|2024-11-12T05:39:25Z|21.06197|-95.68042,aoml/4903240/profiles/D4903240_400.nc,4903240,4903240,21.06197,-95.68042,2024-11-12T05:39:25Z,20241112,2024,997,0.76,99.88,26.6222,True,True,True,https://noaa-nws-rtofs-pds.s3.amazonaws.com/rtofs.20241112/rtofs_glo_3dz_f006_6hrly_hvr_US_east.nc
ARGO_GDAC,pfl,aoml/4903240/profiles/D4903240_401.nc|2024-11-17T05:39:24Z|20.91909|-95.65139,aoml/4903240/profiles/D4903240_401.nc,4903240,4903240,20.91909,-95.65139,2024-11-17T05:39:24Z,20241117,2024,1008,1.12,2005.72,19.0211,True,True,True,https://noaa-nws-rtofs-pds.s3.amazonaws.com/rtofs.20241117/rtofs_glo_3dz_f006_6hrly_hvr_US_east.nc
ARGO_GDAC,pfl,aoml/4903240/profiles/D4903240_401.nc|2024-11-17T05:39:24Z|20.91909|-95.65139,aoml/4903240/profiles/D4903240_401.nc,4903240,4903240,20.91909,-95.65139,2024-11-17T05:39:24Z,20241117,2024,1009,0.76,100.0,14.5,True,True,True,https://noaa-nws-rtofs-pds.s3.amazonaws.com/rtofs.20241117/rtofs_glo_3dz_f006_6hrly_hvr_US_east.nc
ARGO_GDAC,pfl,aoml/4903240/profiles/D4903240_402.nc|2024-11-22T05:36:57Z|20.77209|-95.65016,aoml/4903240/profiles/D4903240_402.nc,4903240,4903240,20.77209,-95.65016,2024-11-22T05:36:57Z,20241122,2024,1008,1.12,2005.24,34.2779,True,True,True,https://noaa-nws-rtofs-pds.s3.amazonaws.com/rtofs.20241122/rtofs_glo_3dz_f006_6hrly_hvr_US_east.nc
ARGO_GDAC,pfl,aoml/4903240/profiles/D4903240_402.nc|2024-11-22T05:36:57Z|20.77209|-95.65016,aoml/4903240/profiles/D4903240_402.nc,4903240,4903240,20.77209,-95.65016,2024-11-22T05:36:57Z,20241122,2024,941,0.8,99.96,35.2417,True,True,True,https://noaa-nws-rtofs-pds.s3.amazonaws.com/rtofs.20241122/rtofs_glo_3dz_f006_6hrly_hvr_US_east.nc
ARGO_GDAC,pfl,aoml/4903240/profiles/D4903240_403.nc|2024-11-27T05:29:15Z|20.62767|-95.68829,aoml/4903240/profiles/D4903240_403.nc,4903240,4903240,20.62767,-95.68829,2024-11-27T05:29:15Z,20241127,2024,1008,1.0,2005.16,21.1539,True,True,True,https://noaa-nws-rtofs-pds.s3.amazonaws.com/rtofs.20241127/rtofs_glo_3dz_f006_6hrly_hvr_US_east.nc
ARGO_GDAC,pfl,aoml/4903240/profiles/D4903240_403.nc|2024-11-27T05:29:15Z|20.62767|-95.68829,aoml/4903240/profiles/D4903240_403.nc,4903240,4903240,20.62767,-95.68829,2024-11-27T05:29:15Z,20241127,2024,995,0.72,99.88,21.3289,True,True,True,https://noaa-nws-rtofs-pds.s3.amazonaws.com/rtofs.20241127/rtofs_glo_3dz_f006_6hrly_hvr_US_east.nc
ARGO_GDAC,pfl,aoml/4903240/profiles/D4903240_404.nc|2024-12-02T05:30:50Z|20.60154|-95.68441,aoml/4903240/profiles/D4903240_404.nc,4903240,4903240,20.60154,-95.68441,2024-12-02T05:30:50Z,20241202,2024,1007,0.96,2003.72,37.9567,True,True,True,https://noaa-nws-rtofs-pds.s3.amazonaws.com/rtofs.20241202/rtofs_glo_3dz_f006_6hrly_hvr_US_east.nc
ARGO_GDAC,pfl,aoml/4903240/profiles/D4903240_404.nc|2024-12-02T05:30:50Z|20.60154|-95.68441,aoml/4903240/profiles/D4903240_404.nc,4903240,4903240,20.60154,-95.68441,2024-12-02T05:30:50Z,20241202,2024,955,0.56,99.96,38.22,True,True,True,https://noaa-nws-rtofs-pds.s3.amazonaws.com/rtofs.20241202/rtofs_glo_3dz_f006_6hrly_hvr_US_east.nc
ARGO_GDAC,pfl,aoml/4903240/profiles/D4903240_405.nc|2024-12-07T05:40:18Z|20.69135|-95.74823,aoml/4903240/profiles/D4903240_405.nc,4903240,4903240,20.69135,-95.74823,2024-12-07T05:40:18Z,20241207,2024,1008,1.04,2005.4,38.3135,True,True,True,https://noaa-nws-rtofs-pds.s3.amazonaws.com/rtofs.20241207/rtofs_glo_3dz_f006_6hrly_hvr_US_east.nc
ARGO_GDAC,pfl,aoml/4903240/profiles/D4903240_405.nc|2024-12-07T05:40:18Z|20.69135|-95.74823,aoml/4903240/profiles/D4903240_405.nc,4903240,4903240,20.69135,-95.74823,2024-12-07T05:40:18Z,20241207,2024,975,0.72,100.0,38.336,True,True,True,https://noaa-nws-rtofs-pds.s3.amazonaws.com/rtofs.20241207/rtofs_glo_3dz_f006_6hrly_hvr_US_east.nc
ARGO_GDAC,pfl,aoml/4903240/profiles/D4903240_406.nc|2024-12-12T05:36:46Z|21.00746|-95.77925,aoml/4903240/profiles/D4903240_406.nc,4903240,4903240,21.00746,-95.77925,2024-12-12T05:36:46Z,20241212,2024,1008,1.08,2005.72,48.2204,True,True,True,https://noaa-nws-rtofs-pds.s3.amazonaws.com/rtofs.20241212/rtofs_glo_3dz_f006_6hrly_hvr_US_east.nc
ARGO_GDAC,pfl,aoml/4903240/profiles/D4903240_406.nc|2024-12-12T05:36:46Z|21.00746|-95.77925,aoml/4903240/profiles/D4903240_406.nc,4903240,4903240,21.00746,-95.77925,2024-12-12T05:36:46Z,20241212,2024,956,0.8,99.96,48.2857,True,True,True,https://noaa-nws-rtofs-pds.s3.amazonaws.com/rtofs.20241212/rtofs_glo_3dz_f006_6hrly_hvr_US_east.nc
ARGO_GDAC,pfl,aoml/4903240/profiles/D4903240_407.nc|2024-12-17T05:33:55Z|21.26060|-95.74202,aoml/4903240/profiles/D4903240_407.nc,4903240,4903240,21.2606,-95.74202,2024-12-17T05:33:55Z,20241217,2024,1008,1.04,2005.8,54.1597,True,True,True,https://noaa-nws-rtofs-pds.s3.amazonaws.com/rtofs.20241217/rtofs_glo_3dz_f006_6hrly_hvr_US_east.nc
ARGO_GDAC,pfl,aoml/4903240/profiles/D4903240_407.nc|2024-12-17T05:33:55Z|21.26060|-95.74202,aoml/4903240/profiles/D4903240_407.nc,4903240,4903240,21.2606,-95.74202,2024-12-17T05:33:55Z,20241217,2024,941,0.6,99.84,54.4992,True,True,True,https://noaa-nws-rtofs-pds.s3.amazonaws.com/rtofs.20241217/rtofs_glo_3dz_f006_6hrly_hvr_US_east.nc
ARGO_GDAC,pfl,aoml/4903240/profiles/D4903240_408.nc|2024-12-22T05:11:12Z|21.51336|-95.78537,aoml/4903240/profiles/D4903240_408.nc,4903240,4903240,21.51336,-95.78537,2024-12-22T05:11:12Z,20241222,2024,1019,1.04,2027.52,53.3737,True,True,True,https://noaa-nws-rtofs-pds.s3.amazonaws.com/rtofs.20241222/rtofs_glo_3dz_f006_6hrly_hvr_US_east.nc
ARGO_GDAC,pfl,aoml/4903240/profiles/D4903240_408.nc|2024-12-22T05:11:12Z|21.51336|-95.78537,aoml/4903240/profiles/D4903240_408.nc,4903240,4903240,21.51336,-95.78537,2024-12-22T05:11:12Z,20241222,2024,944,0.64,100.0,53.1947,True,True,True,https://noaa-nws-rtofs-pds.s3.amazonaws.com/rtofs.20241222/rtofs_glo_3dz_f006_6hrly_hvr_US_east.nc
ARGO_GDAC,pfl,aoml/4903240/profiles/D4903240_409.nc|2024-12-27T05:10:57Z|21.50156|-95.83098,aoml/4903240/profiles/D4903240_409.nc,4903240,4903240,21.50156,-95.83098,2024-12-27T05:10:57Z,20241227,2024,1013,1.04,2015.24,43.3756,True,True,True,https://noaa-nws-rtofs-pds.s3.amazonaws.com/rtofs.20241227/rtofs_glo_3dz_f006_6hrly_hvr_US_east.nc
ARGO_GDAC,pfl,aoml/4903240/profiles/D4903240_409.nc|2024-12-27T05:10:57Z|21.50156|-95.83098,aoml/4903240/profiles/D4903240_409.nc,4903240,4903240,21.50156,-95.83098,2024-12-27T05:10:57Z,20241227,2024,897,0.6,99.96,43.6901,True,True,True,https://noaa-nws-rtofs-pds.s3.amazonaws.com/rtofs.20241227/rtofs_glo_3dz_f006_6hrly_hvr_US_east.nc
ARGO_GDAC,pfl,aoml/4903240/profiles/D4903240_410.nc|2025-01-01T05:10:36Z|21.35842|-95.93100,aoml/4903240/profiles/D4903240_410.nc,4903240,4903240,21.35842,-95.931,2025-01-01T05:10:36Z,20250101,2025,1009,0.48,2005.16,34.2425,True,True,True,https://noaa-nws-rtofs-pds.s3.amazonaws.com/rtofs.20250101/rtofs_glo_3dz_f006_6hrly_hvr_US_east.nc
ARGO_GDAC,pfl,aoml/4903240/profiles/D4903240_410.nc|2025-01-01T05:10:36Z|21.35842|-95.93100,aoml/4903240/profiles/D4903240_410.nc,4903240,4903240,21.35842,-95.931,2025-01-01T05:10:36Z,20250101,2025,909,0.48,100.0,34.44,True,True,True,https://noaa-nws-rtofs-pds.s3.amazonaws.com/rtofs.20250101/rtofs_glo_3dz_f006_6hrly_hvr_US_east.nc
ARGO_GDAC,pfl,aoml/4903240/profiles/D4903240_411.nc|2025-01-06T05:09:37Z|21.29259|-95.95266,aoml/4903240/profiles/D4903240_411.nc,4903240,4903240,21.29259,-95.95266,2025-01-06T05:09:37Z,20250106,2025,1009,1.0,2007.44,55.5813,True,True,True,https://noaa-nws-rtofs-pds.s3.amazonaws.com/rtofs.20250106/rtofs_glo_3dz_f006_6hrly_hvr_US_east.nc
ARGO_GDAC,pfl,aoml/4903240/profiles/D4903240_411.nc|2025-01-06T05:09:37Z|21.29259|-95.95266,aoml/4903240/profiles/D4903240_411.nc,4903240,4903240,21.29259,-95.95266,2025-01-06T05:09:37Z,20250106,2025,968,0.56,99.96,51.31,True,True,True,https://noaa-nws-rtofs-pds.s3.amazonaws.com/rtofs.20250106/rtofs_glo_3dz_f006_6hrly_hvr_US_east.nc
ARGO_GDAC,pfl,aoml/4903240/profiles/D4903240_412.nc|2025-01-11T05:06:31Z|21.09361|-95.92992,aoml/4903240/profiles/D4903240_412.nc,4903240,4903240,21.09361,-95.92992,2025-01-11T05:06:31Z,20250111,2025,1007,1.04,2003.76,43.5857,True,True,True,https://noaa-nws-rtofs-pds.s3.amazonaws.com/rtofs.20250111/rtofs_glo_3dz_f006_6hrly_hvr_US_east.nc
ARGO_GDAC,pfl,aoml/4903240/profiles/D4903240_412.nc|2025-01-11T05:06:31Z|21.09361|-95.92992,aoml/4903240/profiles/D4903240_412.nc,4903240,4903240,21.09361,-95.92992,2025-01-11T05:06:31Z,20250111,2025,1020,6.64,99.88,43.805,True,True,True,https://noaa-nws-rtofs-pds.s3.amazonaws.com/rtofs.20250111/rtofs_glo_3dz_f006_6hrly_hvr_US_east.nc
ARGO_GDAC,pfl,aoml/4903240/profiles/D4903240_413.nc|2025-01-16T05:07:05Z|20.88165|-95.96797,aoml/4903240/profiles/D4903240_413.nc,4903240,4903240,20.88165,-95.96797,2025-01-16T05:07:05Z,20250116,2025,1007,1.0,2003.44,48.2489,True,True,True,https://noaa-nws-rtofs-pds.s3.amazonaws.com/rtofs.20250116/rtofs_glo_3dz_f006_6hrly_hvr_US_east.nc
ARGO_GDAC,pfl,aoml/4903240/profiles/D4903240_413.nc|2025-01-16T05:07:05Z|20.88165|-95.96797,aoml/4903240/profiles/D4903240_413.nc,4903240,4903240,20.88165,-95.96797,2025-01-16T05:07:05Z,20250116,2025,902,0.56,99.92,48.4,True,True,True,https://noaa-nws-rtofs-pds.s3.amazonaws.com/rtofs.20250116/rtofs_glo_3dz_f006_6hrly_hvr_US_east.nc
ARGO_GDAC,pfl,aoml/4903240/profiles/D4903240_414.nc|2025-01-21T05:07:52Z|20.77913|-95.95852,aoml/4903240/profiles/D4903240_414.nc,4903240,4903240,20.77913,-95.95852,2025-01-21T05:07:52Z,20250121,2025,1007,1.0,2003.76,51.8393,True,True,True,https://noaa-nws-rtofs-pds.s3.amazonaws.com/rtofs.20250121/rtofs_glo_3dz_f006_6hrly_hvr_US_east.nc
ARGO_GDAC,pfl,aoml/4903240/profiles/D4903240_414.nc|2025-01-21T05:07:52Z|20.77913|-95.95852,aoml/4903240/profiles/D4903240_414.nc,4903240,4903240,20.77913,-95.95852,2025-01-21T05:07:52Z,20250121,2025,921,0.68,99.92,51.9543,True,True,True,https://noaa-nws-rtofs-pds.s3.amazonaws.com/rtofs.20250121/rtofs_glo_3dz_f006_6hrly_hvr_US_east.nc
ARGO_GDAC,pfl,aoml/4903240/profiles/D4903240_415.nc|2025-01-26T05:10:36Z|20.66036|-95.96442,aoml/4903240/profiles/D4903240_415.nc,4903240,4903240,20.66036,-95.96442,2025-01-26T05:10:36Z,20250126,2025,1008,1.0,2005.04,60.3842,True,True,True,https://noaa-nws-rtofs-pds.s3.amazonaws.com/rtofs.20250126/rtofs_glo_3dz_f006_6hrly_hvr_US_east.nc
ARGO_GDAC,pfl,aoml/4903240/profiles/D4903240_415.nc|2025-01-26T05:10:36Z|20.66036|-95.96442,aoml/4903240/profiles/D4903240_415.nc,4903240,4903240,20.66036,-95.96442,2025-01-26T05:10:36Z,20250126,2025,822,0.52,99.96,61.0186,True,True,True,https://noaa-nws-rtofs-pds.s3.amazonaws.com/rtofs.20250126/rtofs_glo_3dz_f006_6hrly_hvr_US_east.nc
ARGO_GDAC,pfl,aoml/4903240/profiles/D4903240_416.nc|2025-01-31T05:26:38Z|20.68715|-95.92351,aoml/4903240/profiles/D4903240_416.nc,4903240,4903240,20.68715,-95.92351,2025-01-31T05:26:38Z,20250131,2025,987,1.08,1963.68,50.379,True,True,True,https://noaa-nws-rtofs-pds.s3.amazonaws.com/rtofs.20250131/rtofs_glo_3dz_f006_6hrly_hvr_US_east.nc
ARGO_GDAC,pfl,aoml/4903240/profiles/D4903240_416.nc|2025-01-31T05:26:38Z|20.68715|-95.92351,aoml/4903240/profiles/D4903240_416.nc,4903240,4903240,20.68715,-95.92351,2025-01-31T05:26:38Z,20250131,2025,987,0.76,99.96,50.7734,True,True,True,https://noaa-nws-rtofs-pds.s3.amazonaws.com/rtofs.20250131/rtofs_glo_3dz_f006_6hrly_hvr_US_east.nc
ARGO_GDAC,pfl,aoml/4903240/profiles/D4903240_417.nc|2025-02-05T05:25:30Z|20.65778|-95.85163,aoml/4903240/profiles/D4903240_417.nc,4903240,4903240,20.65778,-95.85163,2025-02-05T05:25:30Z,20250205,2025,1007,1.04,2003.48,71.0861,True,True,True,https://noaa-nws-rtofs-pds.s3.amazonaws.com/rtofs.20250205/rtofs_glo_3dz_f006_6hrly_hvr_US_east.nc
ARGO_GDAC,pfl,aoml/4903240/profiles/D4903240_417.nc|2025-02-05T05:25:30Z|20.65778|-95.85163,aoml/4903240/profiles/D4903240_417.nc,4903240,4903240,20.65778,-95.85163,2025-02-05T05:25:30Z,20250205,2025,921,0.72,99.96,71.7867,True,True,True,https://noaa-nws-rtofs-pds.s3.amazonaws.com/rtofs.20250205/rtofs_glo_3dz_f006_6hrly_hvr_US_east.nc
ARGO_GDAC,pfl,aoml/4903240/profiles/D4903240_418.nc|2025-02-10T05:18:12Z|20.70328|-95.87208,aoml/4903240/profiles/D4903240_418.nc,4903240,4903240,20.70328,-95.87208,2025-02-10T05:18:12Z,20250210,2025,1008,1.0,2005.36,16.0768,True,True,True,https://noaa-nws-rtofs-pds.s3.amazonaws.com/rtofs.20250210/rtofs_glo_3dz_f006_6hrly_hvr_US_east.nc
ARGO_GDAC,pfl,aoml/4903240/profiles/D4903240_418.nc|2025-02-10T05:18:12Z|20.70328|-95.87208,aoml/4903240/profiles/D4903240_418.nc,4903240,4903240,20.70328,-95.87208,2025-02-10T05:18:12Z,20250210,2025,909,0.6,99.96,16.0666,True,True,True,https://noaa-nws-rtofs-pds.s3.amazonaws.com/rtofs.20250210/rtofs_glo_3dz_f006_6hrly_hvr_US_east.nc
ARGO_GDAC,pfl,aoml/4903240/profiles/D4903240_419.nc|2025-02-15T05:17:37Z|20.97356|-95.80827,aoml/4903240/profiles/D4903240_419.nc,4903240,4903240,20.97356,-95.80827,2025-02-15T05:17:37Z,20250215,2025,1009,0.44,2005.28,39.2229,True,True,True,https://noaa-nws-rtofs-pds.s3.amazonaws.com/rtofs.20250215/rtofs_glo_3dz_f006_6hrly_hvr_US_east.nc
ARGO_GDAC,pfl,aoml/4903240/profiles/D4903240_419.nc|2025-02-15T05:17:37Z|20.97356|-95.80827,aoml/4903240/profiles/D4903240_419.nc,4903240,4903240,20.97356,-95.80827,2025-02-15T05:17:37Z,20250215,2025,894,0.44,99.96,39.2,True,True,True,https://noaa-nws-rtofs-pds.s3.amazonaws.com/rtofs.20250215/rtofs_glo_3dz_f006_6hrly_hvr_US_east.nc
ARGO_GDAC,pfl,aoml/4903240/profiles/D4903240_420.nc|2025-02-20T05:24:05Z|21.13937|-95.83689,aoml/4903240/profiles/D4903240_420.nc,4903240,4903240,21.13937,-95.83689,2025-02-20T05:24:05Z,20250220,2025,1012,1.16,2013.24,47.7979,True,True,True,https://noaa-nws-rtofs-pds.s3.amazonaws.com/rtofs.20250220/rtofs_glo_3dz_f006_6hrly_hvr_US_east.nc
ARGO_GDAC,pfl,aoml/4903240/profiles/D4903240_420.nc|2025-02-20T05:24:05Z|21.13937|-95.83689,aoml/4903240/profiles/D4903240_420.nc,4903240,4903240,21.13937,-95.83689,2025-02-20T05:24:05Z,20250220,2025,978,0.8,99.88,46.6255,True,True,True,https://noaa-nws-rtofs-pds.s3.amazonaws.com/rtofs.20250220/rtofs_glo_3dz_f006_6hrly_hvr_US_east.nc
ARGO_GDAC,pfl,aoml/4903240/profiles/D4903240_421.nc|2025-02-25T05:25:30Z|20.95221|-95.86768,aoml/4903240/profiles/D4903240_421.nc,4903240,4903240,20.95221,-95.86768,2025-02-25T05:25:30Z,20250225,2025,1009,1.0,2007.4,88.8247,True,True,True,https://noaa-nws-rtofs-pds.s3.amazonaws.com/rtofs.20250225/rtofs_glo_3dz_f006_6hrly_hvr_US_east.nc
ARGO_GDAC,pfl,aoml/4903240/profiles/D4903240_421.nc|2025-02-25T05:25:30Z|20.95221|-95.86768,aoml/4903240/profiles/D4903240_421.nc,4903240,4903240,20.95221,-95.86768,2025-02-25T05:25:30Z,20250225,2025,920,0.6,99.92,89.0785,True,True,True,https://noaa-nws-rtofs-pds.s3.amazonaws.com/rtofs.20250225/rtofs_glo_3dz_f006_6hrly_hvr_US_east.nc
ARGO_GDAC,pfl,aoml/4903240/profiles/D4903240_422.nc|2025-03-02T05:24:50Z|20.52951|-95.86867,aoml/4903240/profiles/D4903240_422.nc,4903240,4903240,20.52951,-95.86867,2025-03-02T05:24:50Z,20250302,2025,1008,1.04,2005.76,14.8984,True,True,True,https://noaa-nws-rtofs-pds.s3.amazonaws.com/rtofs.20250302/rtofs_glo_3dz_f006_6hrly_hvr_US_east.nc
ARGO_GDAC,pfl,aoml/4903240/profiles/D4903240_422.nc|2025-03-02T05:24:50Z|20.52951|-95.86867,aoml/4903240/profiles/D4903240_422.nc,4903240,4903240,20.52951,-95.86867,2025-03-02T05:24:50Z,20250302,2025,921,0.72,99.96,14.3657,True,True,True,https://noaa-nws-rtofs-pds.s3.amazonaws.com/rtofs.20250302/rtofs_glo_3dz_f006_6hrly_hvr_US_east.nc
ARGO_GDAC,pfl,aoml/4903240/profiles/D4903240_423.nc|2025-03-07T05:25:30Z|20.07960|-95.85741,aoml/4903240/profiles/D4903240_423.nc,4903240,4903240,20.0796,-95.85741,2025-03-07T05:25:30Z,20250307,2025,1008,1.0,2005.52,22.6812,True,True,True,https://noaa-nws-rtofs-pds.s3.amazonaws.com/rtofs.20250307/rtofs_glo_3dz_f006_6hrly_hvr_US_east.nc
ARGO_GDAC,pfl,aoml/4903240/profiles/D4903240_423.nc|2025-03-07T05:25:30Z|20.07960|-95.85741,aoml/4903240/profiles/D4903240_423.nc,4903240,4903240,20.0796,-95.85741,2025-03-07T05:25:30Z,20250307,2025,940,0.68,99.88,22.8828,True,True,True,https://noaa-nws-rtofs-pds.s3.amazonaws.com/rtofs.20250307/rtofs_glo_3dz_f006_6hrly_hvr_US_east.nc
ARGO_GDAC,pfl,aoml/4903240/profiles/D4903240_424.nc|2025-03-12T05:26:40Z|19.86822|-95.69781,aoml/4903240/profiles/D4903240_424.nc,4903240,4903240,19.86822,-95.69781,2025-03-12T05:26:40Z,20250312,2025,1008,1.0,2005.2,46.1274,True,True,True,https://noaa-nws-rtofs-pds.s3.amazonaws.com/rtofs.20250312/rtofs_glo_3dz_f006_6hrly_hvr_US_east.nc
ARGO_GDAC,pfl,aoml/4903240/profiles/D4903240_424.nc|2025-03-12T05:26:40Z|19.86822|-95.69781,aoml/4903240/profiles/D4903240_424.nc,4903240,4903240,19.86822,-95.69781,2025-03-12T05:26:40Z,20250312,2025,907,0.68,99.96,46.8,True,True,True,https://noaa-nws-rtofs-pds.s3.amazonaws.com/rtofs.20250312/rtofs_glo_3dz_f006_6hrly_hvr_US_east.nc
ARGO_GDAC,pfl,aoml/4903240/profiles/D4903240_425.nc|2025-03-17T05:26:29Z|19.72978|-95.58294,aoml/4903240/profiles/D4903240_425.nc,4903240,4903240,19.72978,-95.58294,2025-03-17T05:26:29Z,20250317,2025,1008,1.04,2005.16,34.455,True,True,True,https://noaa-nws-rtofs-pds.s3.amazonaws.com/rtofs.20250317/rtofs_glo_3dz_f006_6hrly_hvr_US_east.nc
ARGO_GDAC,pfl,aoml/4903240/profiles/D4903240_425.nc|2025-03-17T05:26:29Z|19.72978|-95.58294,aoml/4903240/profiles/D4903240_425.nc,4903240,4903240,19.72978,-95.58294,2025-03-17T05:26:29Z,20250317,2025,1019,0.64,99.96,34.7885,True,True,True,https://noaa-nws-rtofs-pds.s3.amazonaws.com/rtofs.20250317/rtofs_glo_3dz_f006_6hrly_hvr_US_east.nc
ARGO_GDAC,pfl,aoml/4903240/profiles/D4903240_426.nc|2025-03-22T05:36:50Z|19.62614|-95.50643,aoml/4903240/profiles/D4903240_426.nc,4903240,4903240,19.62614,-95.50643,2025-03-22T05:36:50Z,20250322,2025,995,0.96,1979.72,45.9628,True,True,True,https://noaa-nws-rtofs-pds.s3.amazonaws.com/rtofs.20250322/rtofs_glo_3dz_f006_6hrly_hvr_US_east.nc
ARGO_GDAC,pfl,aoml/4903240/profiles/D4903240_426.nc|2025-03-22T05:36:50Z|19.62614|-95.50643,aoml/4903240/profiles/D4903240_426.nc,4903240,4903240,19.62614,-95.50643,2025-03-22T05:36:50Z,20250322,2025,929,0.56,99.96,46.3575,True,True,True,https://noaa-nws-rtofs-pds.s3.amazonaws.com/rtofs.20250322/rtofs_glo_3dz_f006_6hrly_hvr_US_east.nc
ARGO_GDAC,pfl,aoml/4903240/profiles/D4903240_427.nc|2025-03-27T06:04:06Z|19.48199|-95.40590,aoml/4903240/profiles/D4903240_427.nc,4903240,4903240,19.48199,-95.4059,2025-03-27T06:04:06Z,20250327,2025,1001,1.08,1991.12,17.8222,True,True,True,https://noaa-nws-rtofs-pds.s3.amazonaws.com/rtofs.20250327/rtofs_glo_3dz_f006_6hrly_hvr_US_east.nc
ARGO_GDAC,pfl,aoml/4903240/profiles/D4903240_427.nc|2025-03-27T06:04:06Z|19.48199|-95.40590,aoml/4903240/profiles/D4903240_427.nc,4903240,4903240,19.48199,-95.4059,2025-03-27T06:04:06Z,20250327,2025,924,0.64,99.96,17.8775,True,True,True,https://noaa-nws-rtofs-pds.s3.amazonaws.com/rtofs.20250327/rtofs_glo_3dz_f006_6hrly_hvr_US_east.nc
ARGO_GDAC,pfl,aoml/4903240/profiles/D4903240_428.nc|2025-04-01T06:04:43Z|19.32059|-95.11386,aoml/4903240/profiles/D4903240_428.nc,4903240,4903240,19.32059,-95.11386,2025-04-01T06:04:43Z,20250401,2025,1007,1.04,2003.56,11.6142,True,True,True,https://noaa-nws-rtofs-pds.s3.amazonaws.com/rtofs.20250401/rtofs_glo_3dz_f006_6hrly_hvr_US_east.nc
ARGO_GDAC,pfl,aoml/4903240/profiles/D4903240_428.nc|2025-04-01T06:04:43Z|19.32059|-95.11386,aoml/4903240/profiles/D4903240_428.nc,4903240,4903240,19.32059,-95.11386,2025-04-01T06:04:43Z,20250401,2025,960,0.64,99.92,10.9733,True,True,True,https://noaa-nws-rtofs-pds.s3.amazonaws.com/rtofs.20250401/rtofs_glo_3dz_f006_6hrly_hvr_US_east.nc
ARGO_GDAC,pfl,aoml/4903240/profiles/D4903240_429.nc|2025-04-06T06:07:52Z|19.39726|-94.82188,aoml/4903240/profiles/D4903240_429.nc,4903240,4903240,19.39726,-94.82188,2025-04-06T06:07:52Z,20250406,2025,1008,1.0,2005.04,17.1919,True,True,True,https://noaa-nws-rtofs-pds.s3.amazonaws.com/rtofs.20250406/rtofs_glo_3dz_f006_6hrly_hvr_US_east.nc
ARGO_GDAC,pfl,aoml/4903240/profiles/D4903240_429.nc|2025-04-06T06:07:52Z|19.39726|-94.82188,aoml/4903240/profiles/D4903240_429.nc,4903240,4903240,19.39726,-94.82188,2025-04-06T06:07:52Z,20250406,2025,919,0.6,99.92,17.8016,True,True,True,https://noaa-nws-rtofs-pds.s3.amazonaws.com/rtofs.20250406/rtofs_glo_3dz_f006_6hrly_hvr_US_east.nc
ARGO_GDAC,pfl,aoml/4903240/profiles/D4903240_430.nc|2025-04-11T06:01:59Z|19.61297|-94.64410,aoml/4903240/profiles/D4903240_430.nc,4903240,4903240,19.61297,-94.6441,2025-04-11T06:01:59Z,20250411,2025,964,1.24,1917.2,42.9387,True,True,True,https://noaa-nws-rtofs-pds.s3.amazonaws.com/rtofs.20250411/rtofs_glo_3dz_f006_6hrly_hvr_US_east.nc
ARGO_GDAC,pfl,aoml/4903240/profiles/D4903240_430.nc|2025-04-11T06:01:59Z|19.61297|-94.64410,aoml/4903240/profiles/D4903240_430.nc,4903240,4903240,19.61297,-94.6441,2025-04-11T06:01:59Z,20250411,2025,967,1.0,99.96,43.6436,True,True,True,https://noaa-nws-rtofs-pds.s3.amazonaws.com/rtofs.20250411/rtofs_glo_3dz_f006_6hrly_hvr_US_east.nc
ARGO_GDAC,pfl,aoml/4903240/profiles/D4903240_431.nc|2025-04-16T05:42:11Z|19.51324|-94.61090,aoml/4903240/profiles/D4903240_431.nc,4903240,4903240,19.51324,-94.6109,2025-04-16T05:42:11Z,20250416,2025,895,1.04,1779.2,23.5006,True,True,True,https://noaa-nws-rtofs-pds.s3.amazonaws.com/rtofs.20250416/rtofs_glo_3dz_f006_6hrly_hvr_US_east.nc
ARGO_GDAC,pfl,aoml/4903240/profiles/D4903240_431.nc|2025-04-16T05:42:11Z|19.51324|-94.61090,aoml/4903240/profiles/D4903240_431.nc,4903240,4903240,19.51324,-94.6109,2025-04-16T05:42:11Z,20250416,2025,920,0.68,99.92,23.5599,True,True,True,https://noaa-nws-rtofs-pds.s3.amazonaws.com/rtofs.20250416/rtofs_glo_3dz_f006_6hrly_hvr_US_east.nc
ARGO_GDAC,pfl,aoml/4903240/profiles/D4903240_432.nc|2025-04-21T04:50:20Z|19.37578|-94.63541,aoml/4903240/profiles/D4903240_432.nc,4903240,4903240,19.37578,-94.63541,2025-04-21T04:50:20Z,20250421,2025,795,1.04,1579.44,15.2932,True,True,True,https://noaa-nws-rtofs-pds.s3.amazonaws.com/rtofs.20250421/rtofs_glo_3dz_f006_6hrly_hvr_US_east.nc
ARGO_GDAC,pfl,aoml/4903240/profiles/D4903240_432.nc|2025-04-21T04:50:20Z|19.37578|-94.63541,aoml/4903240/profiles/D4903240_432.nc,4903240,4903240,19.37578,-94.63541,2025-04-21T04:50:20Z,20250421,2025,941,0.72,99.88,15.6247,True,True,True,https://noaa-nws-rtofs-pds.s3.amazonaws.com/rtofs.20250421/rtofs_glo_3dz_f006_6hrly_hvr_US_east.nc
ARGO_GDAC,pfl,aoml/4903240/profiles/D4903240_433.nc|2025-04-26T03:52:21Z|19.36745|-94.62196,aoml/4903240/profiles/D4903240_433.nc,4903240,4903240,19.36745,-94.62196,2025-04-26T03:52:21Z,20250426,2025,766,0.96,1521.32,16.5221,True,True,True,https://noaa-nws-rtofs-pds.s3.amazonaws.com/rtofs.20250426/rtofs_glo_3dz_f006_6hrly_hvr_US_east.nc
ARGO_GDAC,pfl,aoml/4903240/profiles/D4903240_433.nc|2025-04-26T03:52:21Z|19.36745|-94.62196,aoml/4903240/profiles/D4903240_433.nc,4903240,4903240,19.36745,-94.62196,2025-04-26T03:52:21Z,20250426,2025,918,0.56,99.88,17.3747,True,True,True,https://noaa-nws-rtofs-pds.s3.amazonaws.com/rtofs.20250426/rtofs_glo_3dz_f006_6hrly_hvr_US_east.nc
ARGO_GDAC,pfl,aoml/4903240/profiles/D4903240_434.nc|2025-05-01T03:18:44Z|19.51800|-94.59342,aoml/4903240/profiles/D4903240_434.nc,4903240,4903240,19.518,-94.59342,2025-05-01T03:18:44Z,20250501,2025,869,1.04,1727.88,26.6053,True,True,True,https://noaa-nws-rtofs-pds.s3.amazonaws.com/rtofs.20250501/rtofs_glo_3dz_f006_6hrly_hvr_US_east.nc
ARGO_GDAC,pfl,aoml/4903240/profiles/D4903240_434.nc|2025-05-01T03:18:44Z|19.51800|-94.59342,aoml/4903240/profiles/D4903240_434.nc,4903240,4903240,19.518,-94.59342,2025-05-01T03:18:44Z,20250501,2025,982,0.56,99.88,27.141,True,True,True,https://noaa-nws-rtofs-pds.s3.amazonaws.com/rtofs.20250501/rtofs_glo_3dz_f006_6hrly_hvr_US_east.nc
ARGO_GDAC,pfl,aoml/4903240/profiles/D4903240_435.nc|2025-05-06T02:27:14Z|19.68715|-94.54464,aoml/4903240/profiles/D4903240_435.nc,4903240,4903240,19.68715,-94.54464,2025-05-06T02:27:14Z,20250506,2025,793,1.04,1575.24,12.0739,True,True,True,https://noaa-nws-rtofs-pds.s3.amazonaws.com/rtofs.20250506/rtofs_glo_3dz_f006_6hrly_hvr_US_east.nc
ARGO_GDAC,pfl,aoml/4903240/profiles/D4903240_435.nc|2025-05-06T02:27:14Z|19.68715|-94.54464,aoml/4903240/profiles/D4903240_435.nc,4903240,4903240,19.68715,-94.54464,2025-05-06T02:27:14Z,20250506,2025,942,0.64,100.0,11.8644,True,True,True,https://noaa-nws-rtofs-pds.s3.amazonaws.com/rtofs.20250506/rtofs_glo_3dz_f006_6hrly_hvr_US_east.nc
ARGO_GDAC,pfl,aoml/4903240/profiles/D4903240_436.nc|2025-05-11T01:23:47Z|19.65647|-94.58255,aoml/4903240/profiles/D4903240_436.nc,4903240,4903240,19.65647,-94.58255,2025-05-11T01:23:47Z,20250511,2025,756,0.48,1499.2,21.0279,True,True,True,https://noaa-nws-rtofs-pds.s3.amazonaws.com/rtofs.20250511/rtofs_glo_3dz_f006_6hrly_hvr_US_east.nc
ARGO_GDAC,pfl,aoml/4903240/profiles/D4903240_436.nc|2025-05-11T01:23:47Z|19.65647|-94.58255,aoml/4903240/profiles/D4903240_436.nc,4903240,4903240,19.65647,-94.58255,2025-05-11T01:23:47Z,20250511,2025,985,0.48,99.96,22.0015,True,True,True,https://noaa-nws-rtofs-pds.s3.amazonaws.com/rtofs.20250511/rtofs_glo_3dz_f006_6hrly_hvr_US_east.nc
ARGO_GDAC,pfl,aoml/4903240/profiles/D4903240_437.nc|2025-05-16T00:53:22Z|19.62216|-94.52207,aoml/4903240/profiles/D4903240_437.nc,4903240,4903240,19.62216,-94.52207,2025-05-16T00:53:22Z,20250516,2025,879,1.08,1747.48,18.5631,True,True,True,https://noaa-nws-rtofs-pds.s3.amazonaws.com/rtofs.20250516/rtofs_glo_3dz_f006_6hrly_hvr_US_east.nc
ARGO_GDAC,pfl,aoml/4903240/profiles/D4903240_437.nc|2025-05-16T00:53:22Z|19.62216|-94.52207,aoml/4903240/profiles/D4903240_437.nc,4903240,4903240,19.62216,-94.52207,2025-05-16T00:53:22Z,20250516,2025,997,0.64,99.88,19.8041,True,True,True,https://noaa-nws-rtofs-pds.s3.amazonaws.com/rtofs.20250516/rtofs_glo_3dz_f006_6hrly_hvr_US_east.nc
ARGO_GDAC,pfl,aoml/4903240/profiles/D4903240_438.nc|2025-05-20T23:57:29Z|19.71485|-94.50222,aoml/4903240/profiles/D4903240_438.nc,4903240,4903240,19.71485,-94.50222,2025-05-20T23:57:29Z,20250520,2025,773,1.0,1536.12,16.6206,True,True,True,https://noaa-nws-rtofs-pds.s3.amazonaws.com/rtofs.20250520/rtofs_glo_3dz_f006_6hrly_hvr_US_east.nc
ARGO_GDAC,pfl,aoml/4903240/profiles/D4903240_438.nc|2025-05-20T23:57:29Z|19.71485|-94.50222,aoml/4903240/profiles/D4903240_438.nc,4903240,4903240,19.71485,-94.50222,2025-05-20T23:57:29Z,20250520,2025,991,0.64,99.92,17.8448,True,True,True,https://noaa-nws-rtofs-pds.s3.amazonaws.com/rtofs.20250520/rtofs_glo_3dz_f006_6hrly_hvr_US_east.nc
ARGO_GDAC,pfl,aoml/4903240/profiles/D4903240_439.nc|2025-05-25T23:45:01Z|20.01940|-94.33851,aoml/4903240/profiles/D4903240_439.nc,4903240,4903240,20.0194,-94.33851,2025-05-25T23:45:01Z,20250525,2025,932,1.04,1853.56,15.5186,True,True,True,https://noaa-nws-rtofs-pds.s3.amazonaws.com/rtofs.20250525/rtofs_glo_3dz_f006_6hrly_hvr_US_east.nc
ARGO_GDAC,pfl,aoml/4903240/profiles/D4903240_439.nc|2025-05-25T23:45:01Z|20.01940|-94.33851,aoml/4903240/profiles/D4903240_439.nc,4903240,4903240,20.0194,-94.33851,2025-05-25T23:45:01Z,20250525,2025,1020,0.68,99.96,15.291,True,True,True,https://noaa-nws-rtofs-pds.s3.amazonaws.com/rtofs.20250525/rtofs_glo_3dz_f006_6hrly_hvr_US_east.nc
ARGO_GDAC,pfl,aoml/4903240/profiles/D4903240_440.nc|2025-05-30T23:18:28Z|20.06151|-94.30197,aoml/4903240/profiles/D4903240_440.nc,4903240,4903240,20.06151,-94.30197,2025-05-30T23:18:28Z,20250530,2025,864,1.12,1717.76,14.5879,True,True,True,https://noaa-nws-rtofs-pds.s3.amazonaws.com/rtofs.20250530/rtofs_glo_3dz_f006_6hrly_hvr_US_east.nc
ARGO_GDAC,pfl,aoml/4903240/profiles/D4903240_440.nc|2025-05-30T23:18:28Z|20.06151|-94.30197,aoml/4903240/profiles/D4903240_440.nc,4903240,4903240,20.06151,-94.30197,2025-05-30T23:18:28Z,20250530,2025,981,0.68,99.96,15.298,True,True,True,https://noaa-nws-rtofs-pds.s3.amazonaws.com/rtofs.20250530/rtofs_glo_3dz_f006_6hrly_hvr_US_east.nc
ARGO_GDAC,pfl,aoml/4903240/profiles/D4903240_441.nc|2025-06-04T22:53:45Z|20.09056|-94.22893,aoml/4903240/profiles/D4903240_441.nc,4903240,4903240,20.09056,-94.22893,2025-06-04T22:53:45Z,20250604,2025,897,1.04,1783.56,16.0941,True,True,True,https://noaa-nws-rtofs-pds.s3.amazonaws.com/rtofs.20250604/rtofs_glo_3dz_f006_6hrly_hvr_US_east.nc
ARGO_GDAC,pfl,aoml/4903240/profiles/D4903240_441.nc|2025-06-04T22:53:45Z|20.09056|-94.22893,aoml/4903240/profiles/D4903240_441.nc,4903240,4903240,20.09056,-94.22893,2025-06-04T22:53:45Z,20250604,2025,988,0.52,99.96,16.5656,True,True,True,https://noaa-nws-rtofs-pds.s3.amazonaws.com/rtofs.20250604/rtofs_glo_3dz_f006_6hrly_hvr_US_east.nc
ARGO_GDAC,pfl,aoml/4903240/profiles/D4903240_442.nc|2025-06-09T22:41:02Z|20.08190|-94.26139,aoml/4903240/profiles/D4903240_442.nc,4903240,4903240,20.0819,-94.26139,2025-06-09T22:41:02Z,20250609,2025,885,0.48,1757.52,18.931,True,True,True,https://noaa-nws-rtofs-pds.s3.amazonaws.com/rtofs.20250609/rtofs_glo_3dz_f006_6hrly_hvr_US_east.nc
ARGO_GDAC,pfl,aoml/4903240/profiles/D4903240_442.nc|2025-06-09T22:41:02Z|20.08190|-94.26139,aoml/4903240/profiles/D4903240_442.nc,4903240,4903240,20.0819,-94.26139,2025-06-09T22:41:02Z,20250609,2025,969,0.48,99.92,19.552,True,True,True,https://noaa-nws-rtofs-pds.s3.amazonaws.com/rtofs.20250609/rtofs_glo_3dz_f006_6hrly_hvr_US_east.nc
ARGO_GDAC,pfl,aoml/4903240/profiles/D4903240_443.nc|2025-06-14T22:10:51Z|20.18172|-94.34801,aoml/4903240/profiles/D4903240_443.nc,4903240,4903240,20.18172,-94.34801,2025-06-14T22:10:51Z,20250614,2025,837,1.04,1663.44,24.515,True,True,True,https://noaa-nws-rtofs-pds.s3.amazonaws.com/rtofs.20250614/rtofs_glo_3dz_f006_6hrly_hvr_US_east.nc
ARGO_GDAC,pfl,aoml/4903240/profiles/D4903240_443.nc|2025-06-14T22:10:51Z|20.18172|-94.34801,aoml/4903240/profiles/D4903240_443.nc,4903240,4903240,20.18172,-94.34801,2025-06-14T22:10:51Z,20250614,2025,983,0.64,99.88,25.5778,True,True,True,https://noaa-nws-rtofs-pds.s3.amazonaws.com/rtofs.20250614/rtofs_glo_3dz_f006_6hrly_hvr_US_east.nc
ARGO_GDAC,pfl,aoml/4903240/profiles/D4903240_444.nc|2025-06-19T22:29:04Z|20.35620|-94.29584,aoml/4903240/profiles/D4903240_444.nc,4903240,4903240,20.3562,-94.29584,2025-06-19T22:29:04Z,20250619,2025,997,1.08,1983.36,29.0,True,True,True,https://noaa-nws-rtofs-pds.s3.amazonaws.com/rtofs.20250619/rtofs_glo_3dz_f006_6hrly_hvr_US_east.nc
ARGO_GDAC,pfl,aoml/4903240/profiles/D4903240_444.nc|2025-06-19T22:29:04Z|20.35620|-94.29584,aoml/4903240/profiles/D4903240_444.nc,4903240,4903240,20.3562,-94.29584,2025-06-19T22:29:04Z,20250619,2025,971,0.76,99.96,29.5086,True,True,True,https://noaa-nws-rtofs-pds.s3.amazonaws.com/rtofs.20250619/rtofs_glo_3dz_f006_6hrly_hvr_US_east.nc
ARGO_GDAC,pfl,aoml/4903240/profiles/D4903240_445.nc|2025-06-24T22:38:44Z|20.50282|-94.15289,aoml/4903240/profiles/D4903240_445.nc,4903240,4903240,20.50282,-94.15289,2025-06-24T22:38:44Z,20250624,2025,1008,1.08,2005.4,38.2789,True,True,True,https://noaa-nws-rtofs-pds.s3.amazonaws.com/rtofs.20250624/rtofs_glo_3dz_f006_6hrly_hvr_US_east.nc
ARGO_GDAC,pfl,aoml/4903240/profiles/D4903240_445.nc|2025-06-24T22:38:44Z|20.50282|-94.15289,aoml/4903240/profiles/D4903240_445.nc,4903240,4903240,20.50282,-94.15289,2025-06-24T22:38:44Z,20250624,2025,1020,4.12,100.0,38.56,True,True,True,https://noaa-nws-rtofs-pds.s3.amazonaws.com/rtofs.20250624/rtofs_glo_3dz_f006_6hrly_hvr_US_east.nc
ARGO_GDAC,pfl,aoml/4903240/profiles/D4903240_446.nc|2025-06-29T22:21:51Z|20.48004|-94.03795,aoml/4903240/profiles/D4903240_446.nc,4903240,4903240,20.48004,-94.03795,2025-06-29T22:21:51Z,20250629,2025,895,1.28,1780.0,35.4553,True,True,True,https://noaa-nws-rtofs-pds.s3.amazonaws.com/rtofs.20250629/rtofs_glo_3dz_f006_6hrly_hvr_US_east.nc
ARGO_GDAC,pfl,aoml/4903240/profiles/D4903240_446.nc|2025-06-29T22:21:51Z|20.48004|-94.03795,aoml/4903240/profiles/D4903240_446.nc,4903240,4903240,20.48004,-94.03795,2025-06-29T22:21:51Z,20250629,2025,977,1.12,99.88,35.72,True,True,True,https://noaa-nws-rtofs-pds.s3.amazonaws.com/rtofs.20250629/rtofs_glo_3dz_f006_6hrly_hvr_US_east.nc
ARGO_GDAC,pfl,aoml/4903240/profiles/D4903240_447.nc|2025-07-04T22:27:37Z|20.54195|-93.90640,aoml/4903240/profiles/D4903240_447.nc,4903240,4903240,20.54195,-93.9064,2025-07-04T22:27:37Z,20250704,2025,1008,1.04,2005.28,27.913,True,True,True,https://noaa-nws-rtofs-pds.s3.amazonaws.com/rtofs.20250704/rtofs_glo_3dz_f006_6hrly_hvr_US_east.nc
ARGO_GDAC,pfl,aoml/4903240/profiles/D4903240_447.nc|2025-07-04T22:27:37Z|20.54195|-93.90640,aoml/4903240/profiles/D4903240_447.nc,4903240,4903240,20.54195,-93.9064,2025-07-04T22:27:37Z,20250704,2025,991,0.56,99.92,28.2845,True,True,True,https://noaa-nws-rtofs-pds.s3.amazonaws.com/rtofs.20250704/rtofs_glo_3dz_f006_6hrly_hvr_US_east.nc
ARGO_GDAC,pfl,aoml/4903240/profiles/D4903240_448.nc|2025-07-09T22:13:00Z|20.68862|-93.87928,aoml/4903240/profiles/D4903240_448.nc,4903240,4903240,20.68862,-93.87928,2025-07-09T22:13:00Z,20250709,2025,918,1.04,1825.64,27.9968,True,True,True,https://noaa-nws-rtofs-pds.s3.amazonaws.com/rtofs.20250709/rtofs_glo_3dz_f006_6hrly_hvr_US_east.nc
ARGO_GDAC,pfl,aoml/4903240/profiles/D4903240_448.nc|2025-07-09T22:13:00Z|20.68862|-93.87928,aoml/4903240/profiles/D4903240_448.nc,4903240,4903240,20.68862,-93.87928,2025-07-09T22:13:00Z,20250709,2025,1001,0.72,100.0,27.86,True,True,True,https://noaa-nws-rtofs-pds.s3.amazonaws.com/rtofs.20250709/rtofs_glo_3dz_f006_6hrly_hvr_US_east.nc
ARGO_GDAC,pfl,aoml/4903240/profiles/D4903240_449.nc|2025-07-14T22:11:48Z|20.75106|-93.85743,aoml/4903240/profiles/D4903240_449.nc,4903240,4903240,20.75106,-93.85743,2025-07-14T22:11:48Z,20250714,2025,1008,1.04,2005.04,22.5508,True,True,True,https://noaa-nws-rtofs-pds.s3.amazonaws.com/rtofs.20250714/rtofs_glo_3dz_f006_6hrly_hvr_US_east.nc
ARGO_GDAC,pfl,aoml/4903240/profiles/D4903240_449.nc|2025-07-14T22:11:48Z|20.75106|-93.85743,aoml/4903240/profiles/D4903240_449.nc,4903240,4903240,20.75106,-93.85743,2025-07-14T22:11:48Z,20250714,2025,1020,3.2,99.96,22.5556,True,True,True,https://noaa-nws-rtofs-pds.s3.amazonaws.com/rtofs.20250714/rtofs_glo_3dz_f006_6hrly_hvr_US_east.nc
ARGO_GDAC,pfl,aoml/4903240/profiles/D4903240_450.nc|2025-07-19T22:14:23Z|20.82848|-93.88332,aoml/4903240/profiles/D4903240_450.nc,4903240,4903240,20.82848,-93.88332,2025-07-19T22:14:23Z,20250719,2025,1008,1.08,2005.28,24.5272,True,True,True,https://noaa-nws-rtofs-pds.s3.amazonaws.com/rtofs.20250719/rtofs_glo_3dz_f006_6hrly_hvr_US_east.nc
ARGO_GDAC,pfl,aoml/4903240/profiles/D4903240_450.nc|2025-07-19T22:14:23Z|20.82848|-93.88332,aoml/4903240/profiles/D4903240_450.nc,4903240,4903240,20.82848,-93.88332,2025-07-19T22:14:23Z,20250719,2025,1020,1.32,99.96,25.2,True,True,True,https://noaa-nws-rtofs-pds.s3.amazonaws.com/rtofs.20250719/rtofs_glo_3dz_f006_6hrly_hvr_US_east.nc
ARGO_GDAC,pfl,aoml/4903240/profiles/D4903240_451.nc|2025-07-24T22:34:38Z|20.95778|-93.84566,aoml/4903240/profiles/D4903240_451.nc,4903240,4903240,20.95778,-93.84566,2025-07-24T22:34:38Z,20250724,2025,1008,1.12,2005.68,25.3355,True,True,True,https://noaa-nws-rtofs-pds.s3.amazonaws.com/rtofs.20250724/rtofs_glo_3dz_f006_6hrly_hvr_US_east.nc
ARGO_GDAC,pfl,aoml/4903240/profiles/D4903240_451.nc|2025-07-24T22:34:38Z|20.95778|-93.84566,aoml/4903240/profiles/D4903240_451.nc,4903240,4903240,20.95778,-93.84566,2025-07-24T22:34:38Z,20250724,2025,1020,2.04,99.96,25.7733,True,True,True,https://noaa-nws-rtofs-pds.s3.amazonaws.com/rtofs.20250724/rtofs_glo_3dz_f006_6hrly_hvr_US_east.nc
ARGO_GDAC,pfl,aoml/4903240/profiles/D4903240_452.nc|2025-07-29T22:32:53Z|21.06909|-93.76588,aoml/4903240/profiles/D4903240_452.nc,4903240,4903240,21.06909,-93.76588,2025-07-29T22:32:53Z,20250729,2025,1009,1.04,2007.16,22.626,True,True,True,https://noaa-nws-rtofs-pds.s3.amazonaws.com/rtofs.20250729/rtofs_glo_3dz_f006_6hrly_hvr_US_east.nc
ARGO_GDAC,pfl,aoml/4903240/profiles/D4903240_452.nc|2025-07-29T22:32:53Z|21.06909|-93.76588,aoml/4903240/profiles/D4903240_452.nc,4903240,4903240,21.06909,-93.76588,2025-07-29T22:32:53Z,20250729,2025,971,0.6,99.96,23.5729,True,True,True,https://noaa-nws-rtofs-pds.s3.amazonaws.com/rtofs.20250729/rtofs_glo_3dz_f006_6hrly_hvr_US_east.nc
ARGO_GDAC,pfl,aoml/4903240/profiles/D4903240_453.nc|2025-08-03T22:37:57Z|21.09398|-93.68516,aoml/4903240/profiles/D4903240_453.nc,4903240,4903240,21.09398,-93.68516,2025-08-03T22:37:57Z,20250803,2025,1008,1.08,2005.76,14.585,True,True,True,https://noaa-nws-rtofs-pds.s3.amazonaws.com/rtofs.20250803/rtofs_glo_3dz_f006_6hrly_hvr_US_east.nc
ARGO_GDAC,pfl,aoml/4903240/profiles/D4903240_453.nc|2025-08-03T22:37:57Z|21.09398|-93.68516,aoml/4903240/profiles/D4903240_453.nc,4903240,4903240,21.09398,-93.68516,2025-08-03T22:37:57Z,20250803,2025,1000,0.68,99.96,14.74,True,True,True,https://noaa-nws-rtofs-pds.s3.amazonaws.com/rtofs.20250803/rtofs_glo_3dz_f006_6hrly_hvr_US_east.nc
ARGO_GDAC,pfl,aoml/4903240/profiles/D4903240_454.nc|2025-08-08T22:46:05Z|21.08063|-93.67882,aoml/4903240/profiles/D4903240_454.nc,4903240,4903240,21.08063,-93.67882,2025-08-08T22:46:05Z,20250808,2025,1008,1.0,2005.48,29.8811,True,True,True,https://noaa-nws-rtofs-pds.s3.amazonaws.com/rtofs.20250808/rtofs_glo_3dz_f006_6hrly_hvr_US_east.nc
ARGO_GDAC,pfl,aoml/4903240/profiles/D4903240_454.nc|2025-08-08T22:46:05Z|21.08063|-93.67882,aoml/4903240/profiles/D4903240_454.nc,4903240,4903240,21.08063,-93.67882,2025-08-08T22:46:05Z,20250808,2025,997,0.68,99.96,29.9365,True,True,True,https://noaa-nws-rtofs-pds.s3.amazonaws.com/rtofs.20250808/rtofs_glo_3dz_f006_6hrly_hvr_US_east.nc
ARGO_GDAC,pfl,aoml/4903240/profiles/D4903240_455.nc|2025-08-13T22:56:30Z|21.12852|-93.79238,aoml/4903240/profiles/D4903240_455.nc,4903240,4903240,21.12852,-93.79238,2025-08-13T22:56:30Z,20250813,2025,1010,0.48,2007.0,30.2552,True,True,True,https://noaa-nws-rtofs-pds.s3.amazonaws.com/rtofs.20250813/rtofs_glo_3dz_f006_6hrly_hvr_US_east.nc
ARGO_GDAC,pfl,aoml/4903240/profiles/D4903240_455.nc|2025-08-13T22:56:30Z|21.12852|-93.79238,aoml/4903240/profiles/D4903240_455.nc,4903240,4903240,21.12852,-93.79238,2025-08-13T22:56:30Z,20250813,2025,1020,5.16,99.96,30.8943,True,True,True,https://noaa-nws-rtofs-pds.s3.amazonaws.com/rtofs.20250813/rtofs_glo_3dz_f006_6hrly_hvr_US_east.nc
ARGO_GDAC,pfl,aoml/4903240/profiles/D4903240_456.nc|2025-08-18T23:01:19Z|21.05909|-93.66845,aoml/4903240/profiles/D4903240_456.nc,4903240,4903240,21.05909,-93.66845,2025-08-18T23:01:19Z,20250818,2025,1008,1.04,2005.6,25.963,True,True,True,https://noaa-nws-rtofs-pds.s3.amazonaws.com/rtofs.20250818/rtofs_glo_3dz_f006_6hrly_hvr_US_east.nc
ARGO_GDAC,pfl,aoml/4903240/profiles/D4903240_456.nc|2025-08-18T23:01:19Z|21.05909|-93.66845,aoml/4903240/profiles/D4903240_456.nc,4903240,4903240,21.05909,-93.66845,2025-08-18T23:01:19Z,20250818,2025,984,0.56,99.96,26.8667,True,True,True,https://noaa-nws-rtofs-pds.s3.amazonaws.com/rtofs.20250818/rtofs_glo_3dz_f006_6hrly_hvr_US_east.nc
ARGO_GDAC,pfl,aoml/4903240/profiles/D4903240_457.nc|2025-08-23T23:12:34Z|21.11519|-93.62447,aoml/4903240/profiles/D4903240_457.nc,4903240,4903240,21.11519,-93.62447,2025-08-23T23:12:34Z,20250823,2025,1012,1.12,2013.2,19.1733,True,True,True,https://noaa-nws-rtofs-pds.s3.amazonaws.com/rtofs.20250823/rtofs_glo_3dz_f006_6hrly_hvr_US_east.nc
ARGO_GDAC,pfl,aoml/4903240/profiles/D4903240_457.nc|2025-08-23T23:12:34Z|21.11519|-93.62447,aoml/4903240/profiles/D4903240_457.nc,4903240,4903240,21.11519,-93.62447,2025-08-23T23:12:34Z,20250823,2025,1020,5.84,99.88,19.9371,True,True,True,https://noaa-nws-rtofs-pds.s3.amazonaws.com/rtofs.20250823/rtofs_glo_3dz_f006_6hrly_hvr_US_east.nc
ARGO_GDAC,pfl,aoml/4903240/profiles/D4903240_458.nc|2025-08-28T23:25:04Z|21.03891|-93.59223,aoml/4903240/profiles/D4903240_458.nc,4903240,4903240,21.03891,-93.59223,2025-08-28T23:25:04Z,20250828,2025,1009,1.04,2007.48,30.4162,True,True,True,https://noaa-nws-rtofs-pds.s3.amazonaws.com/rtofs.20250828/rtofs_glo_3dz_f006_6hrly_hvr_US_east.nc
ARGO_GDAC,pfl,aoml/4903240/profiles/D4903240_458.nc|2025-08-28T23:25:04Z|21.03891|-93.59223,aoml/4903240/profiles/D4903240_458.nc,4903240,4903240,21.03891,-93.59223,2025-08-28T23:25:04Z,20250828,2025,1020,3.8,99.92,30.9714,True,True,True,https://noaa-nws-rtofs-pds.s3.amazonaws.com/rtofs.20250828/rtofs_glo_3dz_f006_6hrly_hvr_US_east.nc
ARGO_GDAC,pfl,aoml/4903240/profiles/D4903240_459.nc|2025-09-02T23:53:57Z|21.03429|-93.37865,aoml/4903240/profiles/D4903240_459.nc,4903240,4903240,21.03429,-93.37865,2025-09-02T23:53:57Z,20250902,2025,876,1.0,2005.44,28.0877,True,True,True,https://noaa-nws-rtofs-pds.s3.amazonaws.com/rtofs.20250902/rtofs_glo_3dz_f006_6hrly_hvr_US_east.nc
ARGO_GDAC,pfl,aoml/4903248/profiles/D4903248_323.nc|2024-01-05T18:52:00Z|25.99175|-91.90941,aoml/4903248/profiles/D4903248_323.nc,4903248,4903248,25.99175,-91.90941,2024-01-05T18:52:00Z,20240105,2024,1012,1.0,2013.84,27.6354,True,True,False,
ARGO_GDAC,pfl,aoml/4903248/profiles/D4903248_323.nc|2024-01-05T18:52:00Z|25.99175|-91.90941,aoml/4903248/profiles/D4903248_323.nc,4903248,4903248,25.99175,-91.90941,2024-01-05T18:52:00Z,20240105,2024,887,0.6,99.92,27.5625,True,True,False,
ARGO_GDAC,pfl,aoml/4903248/profiles/D4903248_324.nc|2024-01-10T22:45:12Z|26.02933|-92.12698,aoml/4903248/profiles/D4903248_324.nc,4903248,4903248,26.02933,-92.12698,2024-01-10T22:45:12Z,20240110,2024,1007,0.96,2003.68,100.6407,True,False,False,
ARGO_GDAC,pfl,aoml/4903248/profiles/D4903248_324.nc|2024-01-10T22:45:12Z|26.02933|-92.12698,aoml/4903248/profiles/D4903248_324.nc,4903248,4903248,26.02933,-92.12698,2024-01-10T22:45:12Z,20240110,2024,835,0.64,99.92,,False,False,False,
ARGO_GDAC,pfl,aoml/4903248/profiles/D4903248_325.nc|2024-01-16T02:26:02Z|26.05906|-92.21435,aoml/4903248/profiles/D4903248_325.nc,4903248,4903248,26.05906,-92.21435,2024-01-16T02:26:02Z,20240116,2024,1007,1.0,2004.0,81.3256,True,True,False,
ARGO_GDAC,pfl,aoml/4903248/profiles/D4903248_325.nc|2024-01-16T02:26:02Z|26.05906|-92.21435,aoml/4903248/profiles/D4903248_325.nc,4903248,4903248,26.05906,-92.21435,2024-01-16T02:26:02Z,20240116,2024,853,0.68,99.88,73.5199,True,True,False,
ARGO_GDAC,pfl,aoml/4903248/profiles/D4903248_326.nc|2024-01-21T06:13:40Z|26.09747|-92.11665,aoml/4903248/profiles/D4903248_326.nc,4903248,4903248,26.09747,-92.11665,2024-01-21T06:13:40Z,20240121,2024,1011,1.0,2011.76,146.1899,True,False,False,
ARGO_GDAC,pfl,aoml/4903248/profiles/D4903248_326.nc|2024-01-21T06:13:40Z|26.09747|-92.11665,aoml/4903248/profiles/D4903248_326.nc,4903248,4903248,26.09747,-92.11665,2024-01-21T06:13:40Z,20240121,2024,831,0.72,99.84,,False,False,False,
ARGO_GDAC,pfl,aoml/4903248/profiles/D4903248_327.nc|2024-01-26T09:53:02Z|26.14986|-91.92567,aoml/4903248/profiles/D4903248_327.nc,4903248,4903248,26.14986,-91.92567,2024-01-26T09:53:02Z,20240126,2024,1007,1.04,2004.0,50.6571,True,True,False,
ARGO_GDAC,pfl,aoml/4903248/profiles/D4903248_327.nc|2024-01-26T09:53:02Z|26.14986|-91.92567,aoml/4903248/profiles/D4903248_327.nc,4903248,4903248,26.14986,-91.92567,2024-01-26T09:53:02Z,20240126,2024,818,0.52,99.96,50.5489,True,True,False,
ARGO_GDAC,pfl,aoml/4903248/profiles/D4903248_328.nc|2024-01-31T13:40:39Z|26.11202|-91.82045,aoml/4903248/profiles/D4903248_328.nc,4903248,4903248,26.11202,-91.82045,2024-01-31T13:40:39Z,20240131,2024,1009,1.08,2007.4,105.7977,True,False,True,https://noaa-nws-rtofs-pds.s3.amazonaws.com/rtofs.20240131/rtofs_glo_3dz_f006_6hrly_hvr_US_east.nc
ARGO_GDAC,pfl,aoml/4903248/profiles/D4903248_328.nc|2024-01-31T13:40:39Z|26.11202|-91.82045,aoml/4903248/profiles/D4903248_328.nc,4903248,4903248,26.11202,-91.82045,2024-01-31T13:40:39Z,20240131,2024,765,0.68,99.96,,False,False,True,https://noaa-nws-rtofs-pds.s3.amazonaws.com/rtofs.20240131/rtofs_glo_3dz_f006_6hrly_hvr_US_east.nc
ARGO_GDAC,pfl,aoml/4903248/profiles/D4903248_329.nc|2024-02-05T17:27:07Z|26.14851|-91.91623,aoml/4903248/profiles/D4903248_329.nc,4903248,4903248,26.14851,-91.91623,2024-02-05T17:27:07Z,20240205,2024,1009,1.0,2007.36,100.4844,True,False,True,https://noaa-nws-rtofs-pds.s3.amazonaws.com/rtofs.20240205/rtofs_glo_3dz_f006_6hrly_hvr_US_east.nc
ARGO_GDAC,pfl,aoml/4903248/profiles/D4903248_329.nc|2024-02-05T17:27:07Z|26.14851|-91.91623,aoml/4903248/profiles/D4903248_329.nc,4903248,4903248,26.14851,-91.91623,2024-02-05T17:27:07Z,20240205,2024,768,0.76,99.92,,False,False,True,https://noaa-nws-rtofs-pds.s3.amazonaws.com/rtofs.20240205/rtofs_glo_3dz_f006_6hrly_hvr_US_east.nc
ARGO_GDAC,pfl,aoml/4903248/profiles/D4903248_330.nc|2024-02-10T21:04:43Z|26.14722|-91.74696,aoml/4903248/profiles/D4903248_330.nc,4903248,4903248,26.14722,-91.74696,2024-02-10T21:04:43Z,20240210,2024,1007,1.0,2004.12,39.1692,True,True,True,https://noaa-nws-rtofs-pds.s3.amazonaws.com/rtofs.20240210/rtofs_glo_3dz_f006_6hrly_hvr_US_east.nc
ARGO_GDAC,pfl,aoml/4903248/profiles/D4903248_330.nc|2024-02-10T21:04:43Z|26.14722|-91.74696,aoml/4903248/profiles/D4903248_330.nc,4903248,4903248,26.14722,-91.74696,2024-02-10T21:04:43Z,20240210,2024,804,0.56,100.0,39.5733,True,True,True,https://noaa-nws-rtofs-pds.s3.amazonaws.com/rtofs.20240210/rtofs_glo_3dz_f006_6hrly_hvr_US_east.nc
ARGO_GDAC,pfl,aoml/4903248/profiles/D4903248_331.nc|2024-02-16T00:43:59Z|26.19868|-91.51428,aoml/4903248/profiles/D4903248_331.nc,4903248,4903248,26.19868,-91.51428,2024-02-16T00:43:59Z,20240216,2024,1009,1.12,2007.28,110.2938,True,False,True,https://noaa-nws-rtofs-pds.s3.amazonaws.com/rtofs.20240216/rtofs_glo_3dz_f006_6hrly_hvr_US_east.nc
ARGO_GDAC,pfl,aoml/4903248/profiles/D4903248_331.nc|2024-02-16T00:43:59Z|26.19868|-91.51428,aoml/4903248/profiles/D4903248_331.nc,4903248,4903248,26.19868,-91.51428,2024-02-16T00:43:59Z,20240216,2024,817,0.72,99.88,,False,False,True,https://noaa-nws-rtofs-pds.s3.amazonaws.com/rtofs.20240216/rtofs_glo_3dz_f006_6hrly_hvr_US_east.nc
ARGO_GDAC,pfl,aoml/4903248/profiles/D4903248_332.nc|2024-02-21T04:21:58Z|26.08833|-91.46839,aoml/4903248/profiles/D4903248_332.nc,4903248,4903248,26.08833,-91.46839,2024-02-21T04:21:58Z,20240221,2024,1008,0.96,2005.64,135.8764,True,False,True,https://noaa-nws-rtofs-pds.s3.amazonaws.com/rtofs.20240221/rtofs_glo_3dz_f006_6hrly_hvr_US_east.nc
ARGO_GDAC,pfl,aoml/4903248/profiles/D4903248_332.nc|2024-02-21T04:21:58Z|26.08833|-91.46839,aoml/4903248/profiles/D4903248_332.nc,4903248,4903248,26.08833,-91.46839,2024-02-21T04:21:58Z,20240221,2024,833,0.6,99.92,,False,False,True,https://noaa-nws-rtofs-pds.s3.amazonaws.com/rtofs.20240221/rtofs_glo_3dz_f006_6hrly_hvr_US_east.nc
ARGO_GDAC,pfl,aoml/4903248/profiles/D4903248_333.nc|2024-02-26T08:01:15Z|26.04881|-91.51664,aoml/4903248/profiles/D4903248_333.nc,4903248,4903248,26.04881,-91.51664,2024-02-26T08:01:15Z,20240226,2024,1008,0.96,2005.6,129.02,True,False,True,https://noaa-nws-rtofs-pds.s3.amazonaws.com/rtofs.20240226/rtofs_glo_3dz_f006_6hrly_hvr_US_east.nc
ARGO_GDAC,pfl,aoml/4903248/profiles/D4903248_333.nc|2024-02-26T08:01:15Z|26.04881|-91.51664,aoml/4903248/profiles/D4903248_333.nc,4903248,4903248,26.04881,-91.51664,2024-02-26T08:01:15Z,20240226,2024,820,0.56,99.88,,False,False,True,https://noaa-nws-rtofs-pds.s3.amazonaws.com/rtofs.20240226/rtofs_glo_3dz_f006_6hrly_hvr_US_east.nc
ARGO_GDAC,pfl,aoml/4903248/profiles/D4903248_334.nc|2024-03-02T11:33:36Z|26.16912|-91.52739,aoml/4903248/profiles/D4903248_334.nc,4903248,4903248,26.16912,-91.52739,2024-03-02T11:33:36Z,20240302,2024,1009,0.44,2005.72,34.2337,True,True,True,https://noaa-nws-rtofs-pds.s3.amazonaws.com/rtofs.20240302/rtofs_glo_3dz_f006_6hrly_hvr_US_east.nc
ARGO_GDAC,pfl,aoml/4903248/profiles/D4903248_334.nc|2024-03-02T11:33:36Z|26.16912|-91.52739,aoml/4903248/profiles/D4903248_334.nc,4903248,4903248,26.16912,-91.52739,2024-03-02T11:33:36Z,20240302,2024,800,0.44,99.92,34.4867,True,True,True,https://noaa-nws-rtofs-pds.s3.amazonaws.com/rtofs.20240302/rtofs_glo_3dz_f006_6hrly_hvr_US_east.nc
ARGO_GDAC,pfl,aoml/4903248/profiles/D4903248_335.nc|2024-03-07T15:13:54Z|26.12558|-91.37066,aoml/4903248/profiles/D4903248_335.nc,4903248,4903248,26.12558,-91.37066,2024-03-07T15:13:54Z,20240307,2024,1012,1.08,2013.8,20.1208,True,True,True,https://noaa-nws-rtofs-pds.s3.amazonaws.com/rtofs.20240307/rtofs_glo_3dz_f006_6hrly_hvr_US_east.nc
ARGO_GDAC,pfl,aoml/4903248/profiles/D4903248_335.nc|2024-03-07T15:13:54Z|26.12558|-91.37066,aoml/4903248/profiles/D4903248_335.nc,4903248,4903248,26.12558,-91.37066,2024-03-07T15:13:54Z,20240307,2024,893,0.68,99.84,20.16,True,True,True,https://noaa-nws-rtofs-pds.s3.amazonaws.com/rtofs.20240307/rtofs_glo_3dz_f006_6hrly_hvr_US_east.nc
ARGO_GDAC,pfl,aoml/4903248/profiles/D4903248_336.nc|2024-03-12T19:07:07Z|25.92572|-91.52782,aoml/4903248/profiles/D4903248_336.nc,4903248,4903248,25.92572,-91.52782,2024-03-12T19:07:07Z,20240312,2024,1013,1.0,2015.04,27.2971,True,True,True,https://noaa-nws-rtofs-pds.s3.amazonaws.com/rtofs.20240312/rtofs_glo_3dz_f006_6hrly_hvr_US_east.nc
ARGO_GDAC,pfl,aoml/4903248/profiles/D4903248_336.nc|2024-03-12T19:07:07Z|25.92572|-91.52782,aoml/4903248/profiles/D4903248_336.nc,4903248,4903248,25.92572,-91.52782,2024-03-12T19:07:07Z,20240312,2024,785,0.64,99.88,27.5694,True,True,True,https://noaa-nws-rtofs-pds.s3.amazonaws.com/rtofs.20240312/rtofs_glo_3dz_f006_6hrly_hvr_US_east.nc
ARGO_GDAC,pfl,aoml/4903248/profiles/D4903248_337.nc|2024-03-17T22:51:16Z|26.00552|-91.43063,aoml/4903248/profiles/D4903248_337.nc,4903248,4903248,26.00552,-91.43063,2024-03-17T22:51:16Z,20240317,2024,1012,1.0,2013.4,22.1293,True,True,True,https://noaa-nws-rtofs-pds.s3.amazonaws.com/rtofs.20240317/rtofs_glo_3dz_f006_6hrly_hvr_US_east.nc
ARGO_GDAC,pfl,aoml/4903248/profiles/D4903248_337.nc|2024-03-17T22:51:16Z|26.00552|-91.43063,aoml/4903248/profiles/D4903248_337.nc,4903248,4903248,26.00552,-91.43063,2024-03-17T22:51:16Z,20240317,2024,879,0.68,99.96,22.84,True,True,True,https://noaa-nws-rtofs-pds.s3.amazonaws.com/rtofs.20240317/rtofs_glo_3dz_f006_6hrly_hvr_US_east.nc
ARGO_GDAC,pfl,aoml/4903248/profiles/D4903248_338.nc|2024-03-23T02:45:43Z|26.04926|-91.56248,aoml/4903248/profiles/D4903248_338.nc,4903248,4903248,26.04926,-91.56248,2024-03-23T02:45:43Z,20240323,2024,1008,1.04,2005.88,25.4264,True,True,True,https://noaa-nws-rtofs-pds.s3.amazonaws.com/rtofs.20240323/rtofs_glo_3dz_f006_6hrly_hvr_US_east.nc
ARGO_GDAC,pfl,aoml/4903248/profiles/D4903248_338.nc|2024-03-23T02:45:43Z|26.04926|-91.56248,aoml/4903248/profiles/D4903248_338.nc,4903248,4903248,26.04926,-91.56248,2024-03-23T02:45:43Z,20240323,2024,887,0.56,99.88,25.5333,True,True,True,https://noaa-nws-rtofs-pds.s3.amazonaws.com/rtofs.20240323/rtofs_glo_3dz_f006_6hrly_hvr_US_east.nc
ARGO_GDAC,pfl,aoml/4903248/profiles/D4903248_339.nc|2024-03-28T06:39:44Z|26.12798|-91.74986,aoml/4903248/profiles/D4903248_339.nc,4903248,4903248,26.12798,-91.74986,2024-03-28T06:39:44Z,20240328,2024,1009,1.08,2007.08,40.824,True,True,True,https://noaa-nws-rtofs-pds.s3.amazonaws.com/rtofs.20240328/rtofs_glo_3dz_f006_6hrly_hvr_US_east.nc
ARGO_GDAC,pfl,aoml/4903248/profiles/D4903248_339.nc|2024-03-28T06:39:44Z|26.12798|-91.74986,aoml/4903248/profiles/D4903248_339.nc,4903248,4903248,26.12798,-91.74986,2024-03-28T06:39:44Z,20240328,2024,881,0.72,100.0,41.4833,True,True,True,https://noaa-nws-rtofs-pds.s3.amazonaws.com/rtofs.20240328/rtofs_glo_3dz_f006_6hrly_hvr_US_east.nc
ARGO_GDAC,pfl,aoml/4903248/profiles/D4903248_340.nc|2024-04-02T10:29:35Z|26.10293|-91.70079,aoml/4903248/profiles/D4903248_340.nc,4903248,4903248,26.10293,-91.70079,2024-04-02T10:29:35Z,20240402,2024,1009,1.04,2008.2,33.1771,True,True,True,https://noaa-nws-rtofs-pds.s3.amazonaws.com/rtofs.20240402/rtofs_glo_3dz_f006_6hrly_hvr_US_east.nc
ARGO_GDAC,pfl,aoml/4903248/profiles/D4903248_340.nc|2024-04-02T10:29:35Z|26.10293|-91.70079,aoml/4903248/profiles/D4903248_340.nc,4903248,4903248,26.10293,-91.70079,2024-04-02T10:29:35Z,20240402,2024,914,0.68,99.88,33.5294,True,True,True,https://noaa-nws-rtofs-pds.s3.amazonaws.com/rtofs.20240402/rtofs_glo_3dz_f006_6hrly_hvr_US_east.nc
ARGO_GDAC,pfl,aoml/4903248/profiles/D4903248_341.nc|2024-04-07T14:16:41Z|26.21472|-91.50685,aoml/4903248/profiles/D4903248_341.nc,4903248,4903248,26.21472,-91.50685,2024-04-07T14:16:41Z,20240407,2024,1012,1.12,2013.92,37.5122,True,True,True,https://noaa-nws-rtofs-pds.s3.amazonaws.com/rtofs.20240407/rtofs_glo_3dz_f006_6hrly_hvr_US_east.nc
ARGO_GDAC,pfl,aoml/4903248/profiles/D4903248_341.nc|2024-04-07T14:16:41Z|26.21472|-91.50685,aoml/4903248/profiles/D4903248_341.nc,4903248,4903248,26.21472,-91.50685,2024-04-07T14:16:41Z,20240407,2024,877,0.6,99.92,37.6349,True,True,True,https://noaa-nws-rtofs-pds.s3.amazonaws.com/rtofs.20240407/rtofs_glo_3dz_f006_6hrly_hvr_US_east.nc
ARGO_GDAC,pfl,aoml/4903248/profiles/D4903248_342.nc|2024-04-12T17:53:21Z|26.07206|-91.60699,aoml/4903248/profiles/D4903248_342.nc,4903248,4903248,26.07206,-91.60699,2024-04-12T17:53:21Z,20240412,2024,1008,0.92,2005.16,51.556,True,True,True,https://noaa-nws-rtofs-pds.s3.amazonaws.com/rtofs.20240412/rtofs_glo_3dz_f006_6hrly_hvr_US_east.nc
ARGO_GDAC,pfl,aoml/4903248/profiles/D4903248_342.nc|2024-04-12T17:53:21Z|26.07206|-91.60699,aoml/4903248/profiles/D4903248_342.nc,4903248,4903248,26.07206,-91.60699,2024-04-12T17:53:21Z,20240412,2024,867,0.56,99.8,51.953,True,True,True,https://noaa-nws-rtofs-pds.s3.amazonaws.com/rtofs.20240412/rtofs_glo_3dz_f006_6hrly_hvr_US_east.nc
ARGO_GDAC,pfl,aoml/4903248/profiles/D4903248_343.nc|2024-04-17T21:34:45Z|25.94003|-91.80379,aoml/4903248/profiles/D4903248_343.nc,4903248,4903248,25.94003,-91.80379,2024-04-17T21:34:45Z,20240417,2024,1008,1.04,2005.16,26.5451,True,True,True,https://noaa-nws-rtofs-pds.s3.amazonaws.com/rtofs.20240417/rtofs_glo_3dz_f006_6hrly_hvr_US_east.nc
ARGO_GDAC,pfl,aoml/4903248/profiles/D4903248_343.nc|2024-04-17T21:34:45Z|25.94003|-91.80379,aoml/4903248/profiles/D4903248_343.nc,4903248,4903248,25.94003,-91.80379,2024-04-17T21:34:45Z,20240417,2024,920,0.8,99.96,27.535,True,True,True,https://noaa-nws-rtofs-pds.s3.amazonaws.com/rtofs.20240417/rtofs_glo_3dz_f006_6hrly_hvr_US_east.nc
ARGO_GDAC,pfl,aoml/4903248/profiles/D4903248_344.nc|2024-04-23T01:24:38Z|25.94410|-91.86842,aoml/4903248/profiles/D4903248_344.nc,4903248,4903248,25.9441,-91.86842,2024-04-23T01:24:38Z,20240423,2024,1010,1.08,2009.24,34.5512,True,True,True,https://noaa-nws-rtofs-pds.s3.amazonaws.com/rtofs.20240423/rtofs_glo_3dz_f006_6hrly_hvr_US_east.nc
ARGO_GDAC,pfl,aoml/4903248/profiles/D4903248_344.nc|2024-04-23T01:24:38Z|25.94410|-91.86842,aoml/4903248/profiles/D4903248_344.nc,4903248,4903248,25.9441,-91.86842,2024-04-23T01:24:38Z,20240423,2024,887,0.68,99.96,34.9354,True,True,True,https://noaa-nws-rtofs-pds.s3.amazonaws.com/rtofs.20240423/rtofs_glo_3dz_f006_6hrly_hvr_US_east.nc
ARGO_GDAC,pfl,aoml/4903248/profiles/D4903248_345.nc|2024-04-28T05:14:58Z|26.02545|-92.13726,aoml/4903248/profiles/D4903248_345.nc,4903248,4903248,26.02545,-92.13726,2024-04-28T05:14:58Z,20240428,2024,1009,0.48,2006.2,40.1074,True,True,True,https://noaa-nws-rtofs-pds.s3.amazonaws.com/rtofs.20240428/rtofs_glo_3dz_f006_6hrly_hvr_US_east.nc
ARGO_GDAC,pfl,aoml/4903248/profiles/D4903248_345.nc|2024-04-28T05:14:58Z|26.02545|-92.13726,aoml/4903248/profiles/D4903248_345.nc,4903248,4903248,26.02545,-92.13726,2024-04-28T05:14:58Z,20240428,2024,891,0.48,99.96,40.68,True,True,True,https://noaa-nws-rtofs-pds.s3.amazonaws.com/rtofs.20240428/rtofs_glo_3dz_f006_6hrly_hvr_US_east.nc
ARGO_GDAC,pfl,aoml/4903248/profiles/D4903248_346.nc|2024-05-03T09:06:45Z|26.00359|-92.16949,aoml/4903248/profiles/D4903248_346.nc,4903248,4903248,26.00359,-92.16949,2024-05-03T09:06:45Z,20240503,2024,1011,1.08,2011.16,25.53,True,True,True,https://noaa-nws-rtofs-pds.s3.amazonaws.com/rtofs.20240503/rtofs_glo_3dz_f006_6hrly_hvr_US_east.nc
ARGO_GDAC,pfl,aoml/4903248/profiles/D4903248_346.nc|2024-05-03T09:06:45Z|26.00359|-92.16949,aoml/4903248/profiles/D4903248_346.nc,4903248,4903248,26.00359,-92.16949,2024-05-03T09:06:45Z,20240503,2024,874,0.8,100.0,24.96,True,True,True,https://noaa-nws-rtofs-pds.s3.amazonaws.com/rtofs.20240503/rtofs_glo_3dz_f006_6hrly_hvr_US_east.nc
ARGO_GDAC,pfl,aoml/4903248/profiles/D4903248_347.nc|2024-05-08T12:57:26Z|26.07769|-91.94679,aoml/4903248/profiles/D4903248_347.nc,4903248,4903248,26.07769,-91.94679,2024-05-08T12:57:26Z,20240508,2024,1008,1.08,2005.44,15.2145,True,True,True,https://noaa-nws-rtofs-pds.s3.amazonaws.com/rtofs.20240508/rtofs_glo_3dz_f006_6hrly_hvr_US_east.nc
ARGO_GDAC,pfl,aoml/4903248/profiles/D4903248_347.nc|2024-05-08T12:57:26Z|26.07769|-91.94679,aoml/4903248/profiles/D4903248_347.nc,4903248,4903248,26.07769,-91.94679,2024-05-08T12:57:26Z,20240508,2024,927,0.72,99.96,15.2892,True,True,True,https://noaa-nws-rtofs-pds.s3.amazonaws.com/rtofs.20240508/rtofs_glo_3dz_f006_6hrly_hvr_US_east.nc
ARGO_GDAC,pfl,aoml/4903248/profiles/D4903248_348.nc|2024-05-13T16:47:23Z|26.18572|-91.97102,aoml/4903248/profiles/D4903248_348.nc,4903248,4903248,26.18572,-91.97102,2024-05-13T16:47:23Z,20240513,2024,1009,1.12,2007.32,19.0867,True,True,True,https://noaa-nws-rtofs-pds.s3.amazonaws.com/rtofs.20240513/rtofs_glo_3dz_f006_6hrly_hvr_US_east.nc
ARGO_GDAC,pfl,aoml/4903248/profiles/D4903248_348.nc|2024-05-13T16:47:23Z|26.18572|-91.97102,aoml/4903248/profiles/D4903248_348.nc,4903248,4903248,26.18572,-91.97102,2024-05-13T16:47:23Z,20240513,2024,902,0.84,99.96,19.305,True,True,True,https://noaa-nws-rtofs-pds.s3.amazonaws.com/rtofs.20240513/rtofs_glo_3dz_f006_6hrly_hvr_US_east.nc
ARGO_GDAC,pfl,aoml/4903248/profiles/D4903248_349.nc|2024-05-18T20:38:19Z|26.11202|-92.07243,aoml/4903248/profiles/D4903248_349.nc,4903248,4903248,26.11202,-92.07243,2024-05-18T20:38:19Z,20240518,2024,1008,1.04,2005.68,18.0854,True,True,True,https://noaa-nws-rtofs-pds.s3.amazonaws.com/rtofs.20240518/rtofs_glo_3dz_f006_6hrly_hvr_US_east.nc
ARGO_GDAC,pfl,aoml/4903248/profiles/D4903248_349.nc|2024-05-18T20:38:19Z|26.11202|-92.07243,aoml/4903248/profiles/D4903248_349.nc,4903248,4903248,26.11202,-92.07243,2024-05-18T20:38:19Z,20240518,2024,972,0.68,100.0,18.17,True,True,True,https://noaa-nws-rtofs-pds.s3.amazonaws.com/rtofs.20240518/rtofs_glo_3dz_f006_6hrly_hvr_US_east.nc
ARGO_GDAC,pfl,aoml/4903248/profiles/D4903248_350.nc|2024-05-24T00:28:57Z|26.10813|-92.25088,aoml/4903248/profiles/D4903248_350.nc,4903248,4903248,26.10813,-92.25088,2024-05-24T00:28:57Z,20240524,2024,1010,1.04,2010.16,15.2077,True,True,True,https://noaa-nws-rtofs-pds.s3.amazonaws.com/rtofs.20240524/rtofs_glo_3dz_f006_6hrly_hvr_US_east.nc
ARGO_GDAC,pfl,aoml/4903248/profiles/D4903248_350.nc|2024-05-24T00:28:57Z|26.10813|-92.25088,aoml/4903248/profiles/D4903248_350.nc,4903248,4903248,26.10813,-92.25088,2024-05-24T00:28:57Z,20240524,2024,923,0.52,99.96,15.22,True,True,True,https://noaa-nws-rtofs-pds.s3.amazonaws.com/rtofs.20240524/rtofs_glo_3dz_f006_6hrly_hvr_US_east.nc
ARGO_GDAC,pfl,aoml/4903248/profiles/D4903248_351.nc|2024-05-29T04:10:02Z|26.08342|-92.36148,aoml/4903248/profiles/D4903248_351.nc,4903248,4903248,26.08342,-92.36148,2024-05-29T04:10:02Z,20240529,2024,1008,1.12,2005.04,19.1127,True,True,True,https://noaa-nws-rtofs-pds.s3.amazonaws.com/rtofs.20240529/rtofs_glo_3dz_f006_6hrly_hvr_US_east.nc
ARGO_GDAC,pfl,aoml/4903248/profiles/D4903248_351.nc|2024-05-29T04:10:02Z|26.08342|-92.36148,aoml/4903248/profiles/D4903248_351.nc,4903248,4903248,26.08342,-92.36148,2024-05-29T04:10:02Z,20240529,2024,934,0.88,99.8,20.0932,True,True,True,https://noaa-nws-rtofs-pds.s3.amazonaws.com/rtofs.20240529/rtofs_glo_3dz_f006_6hrly_hvr_US_east.nc
ARGO_GDAC,pfl,aoml/4903248/profiles/D4903248_352.nc|2024-06-03T07:59:51Z|26.02647|-92.57345,aoml/4903248/profiles/D4903248_352.nc,4903248,4903248,26.02647,-92.57345,2024-06-03T07:59:51Z,20240603,2024,1011,1.16,2011.52,16.8602,True,True,True,https://noaa-nws-rtofs-pds.s3.amazonaws.com/rtofs.20240603/rtofs_glo_3dz_f006_6hrly_hvr_US_east.nc
ARGO_GDAC,pfl,aoml/4903248/profiles/D4903248_352.nc|2024-06-03T07:59:51Z|26.02647|-92.57345,aoml/4903248/profiles/D4903248_352.nc,4903248,4903248,26.02647,-92.57345,2024-06-03T07:59:51Z,20240603,2024,989,0.68,99.92,17.0622,True,True,True,https://noaa-nws-rtofs-pds.s3.amazonaws.com/rtofs.20240603/rtofs_glo_3dz_f006_6hrly_hvr_US_east.nc
ARGO_GDAC,pfl,aoml/4903248/profiles/D4903248_353.nc|2024-06-08T11:53:27Z|26.07055|-92.84741,aoml/4903248/profiles/D4903248_353.nc,4903248,4903248,26.07055,-92.84741,2024-06-08T11:53:27Z,20240608,2024,1007,0.96,2003.76,18.2823,True,True,True,https://noaa-nws-rtofs-pds.s3.amazonaws.com/rtofs.20240608/rtofs_glo_3dz_f006_6hrly_hvr_US_east.nc
ARGO_GDAC,pfl,aoml/4903248/profiles/D4903248_353.nc|2024-06-08T11:53:27Z|26.07055|-92.84741,aoml/4903248/profiles/D4903248_353.nc,4903248,4903248,26.07055,-92.84741,2024-06-08T11:53:27Z,20240608,2024,963,0.56,99.88,16.496,True,True,True,https://noaa-nws-rtofs-pds.s3.amazonaws.com/rtofs.20240608/rtofs_glo_3dz_f006_6hrly_hvr_US_east.nc
ARGO_GDAC,pfl,aoml/4903248/profiles/D4903248_354.nc|2024-06-13T15:41:17Z|26.16649|-93.20677,aoml/4903248/profiles/D4903248_354.nc,4903248,4903248,26.16649,-93.20677,2024-06-13T15:41:17Z,20240613,2024,1012,1.04,2014.08,18.6369,True,True,True,https://noaa-nws-rtofs-pds.s3.amazonaws.com/rtofs.20240613/rtofs_glo_3dz_f006_6hrly_hvr_US_east.nc
ARGO_GDAC,pfl,aoml/4903248/profiles/D4903248_354.nc|2024-06-13T15:41:17Z|26.16649|-93.20677,aoml/4903248/profiles/D4903248_354.nc,4903248,4903248,26.16649,-93.20677,2024-06-13T15:41:17Z,20240613,2024,885,0.68,99.96,18.7156,True,True,True,https://noaa-nws-rtofs-pds.s3.amazonaws.com/rtofs.20240613/rtofs_glo_3dz_f006_6hrly_hvr_US_east.nc
ARGO_GDAC,pfl,aoml/4903248/profiles/D4903248_355.nc|2024-06-18T19:48:55Z|26.21010|-93.48843,aoml/4903248/profiles/D4903248_355.nc,4903248,4903248,26.2101,-93.48843,2024-06-18T19:48:55Z,20240618,2024,981,0.44,1949.12,25.1927,True,True,True,https://noaa-nws-rtofs-pds.s3.amazonaws.com/rtofs.20240618/rtofs_glo_3dz_f006_6hrly_hvr_US_east.nc
ARGO_GDAC,pfl,aoml/4903248/profiles/D4903248_355.nc|2024-06-18T19:48:55Z|26.21010|-93.48843,aoml/4903248/profiles/D4903248_355.nc,4903248,4903248,26.2101,-93.48843,2024-06-18T19:48:55Z,20240618,2024,836,0.44,99.88,25.5903,True,True,True,https://noaa-nws-rtofs-pds.s3.amazonaws.com/rtofs.20240618/rtofs_glo_3dz_f006_6hrly_hvr_US_east.nc
ARGO_GDAC,pfl,aoml/4903248/profiles/D4903248_356.nc|2024-06-23T23:40:44Z|26.24145|-93.76249,aoml/4903248/profiles/D4903248_356.nc,4903248,4903248,26.24145,-93.76249,2024-06-23T23:40:44Z,20240623,2024,1012,1.04,2013.2,30.3859,True,True,True,https://noaa-nws-rtofs-pds.s3.amazonaws.com/rtofs.20240623/rtofs_glo_3dz_f006_6hrly_hvr_US_east.nc
ARGO_GDAC,pfl,aoml/4903248/profiles/D4903248_356.nc|2024-06-23T23:40:44Z|26.24145|-93.76249,aoml/4903248/profiles/D4903248_356.nc,4903248,4903248,26.24145,-93.76249,2024-06-23T23:40:44Z,20240623,2024,905,0.76,99.88,30.7744,True,True,True,https://noaa-nws-rtofs-pds.s3.amazonaws.com/rtofs.20240623/rtofs_glo_3dz_f006_6hrly_hvr_US_east.nc
ARGO_GDAC,pfl,aoml/4903248/profiles/D4903248_357.nc|2024-06-29T03:26:29Z|26.25224|-93.66276,aoml/4903248/profiles/D4903248_357.nc,4903248,4903248,26.25224,-93.66276,2024-06-29T03:26:29Z,20240629,2024,908,1.0,1805.6,17.352,True,True,True,https://noaa-nws-rtofs-pds.s3.amazonaws.com/rtofs.20240629/rtofs_glo_3dz_f006_6hrly_hvr_US_east.nc
ARGO_GDAC,pfl,aoml/4903248/profiles/D4903248_357.nc|2024-06-29T03:26:29Z|26.25224|-93.66276,aoml/4903248/profiles/D4903248_357.nc,4903248,4903248,26.25224,-93.66276,2024-06-29T03:26:29Z,20240629,2024,884,0.52,99.92,16.9924,True,True,True,https://noaa-nws-rtofs-pds.s3.amazonaws.com/rtofs.20240629/rtofs_glo_3dz_f006_6hrly_hvr_US_east.nc
ARGO_GDAC,pfl,aoml/4903248/profiles/D4903248_358.nc|2024-07-04T07:05:01Z|26.30347|-93.70127,aoml/4903248/profiles/D4903248_358.nc,4903248,4903248,26.30347,-93.70127,2024-07-04T07:05:01Z,20240704,2024,1008,0.48,2003.76,18.1069,True,True,True,https://noaa-nws-rtofs-pds.s3.amazonaws.com/rtofs.20240704/rtofs_glo_3dz_f006_6hrly_hvr_US_east.nc
ARGO_GDAC,pfl,aoml/4903248/profiles/D4903248_358.nc|2024-07-04T07:05:01Z|26.30347|-93.70127,aoml/4903248/profiles/D4903248_358.nc,4903248,4903248,26.30347,-93.70127,2024-07-04T07:05:01Z,20240704,2024,914,0.48,99.88,18.4,True,True,True,https://noaa-nws-rtofs-pds.s3.amazonaws.com/rtofs.20240704/rtofs_glo_3dz_f006_6hrly_hvr_US_east.nc
ARGO_GDAC,pfl,aoml/4903248/profiles/D4903248_359.nc|2024-07-09T11:04:25Z|26.32784|-93.46993,aoml/4903248/profiles/D4903248_359.nc,4903248,4903248,26.32784,-93.46993,2024-07-09T11:04:25Z,20240709,2024,968,0.48,1924.08,57.4932,True,True,True,https://noaa-nws-rtofs-pds.s3.amazonaws.com/rtofs.20240709/rtofs_glo_3dz_f006_6hrly_hvr_US_east.nc
ARGO_GDAC,pfl,aoml/4903248/profiles/D4903248_359.nc|2024-07-09T11:04:25Z|26.32784|-93.46993,aoml/4903248/profiles/D4903248_359.nc,4903248,4903248,26.32784,-93.46993,2024-07-09T11:04:25Z,20240709,2024,907,0.48,99.96,57.765,True,True,True,https://noaa-nws-rtofs-pds.s3.amazonaws.com/rtofs.20240709/rtofs_glo_3dz_f006_6hrly_hvr_US_east.nc
ARGO_GDAC,pfl,aoml/4903248/profiles/D4903248_360.nc|2024-07-14T14:43:20Z|26.35009|-93.35343,aoml/4903248/profiles/D4903248_360.nc,4903248,4903248,26.35009,-93.35343,2024-07-14T14:43:20Z,20240714,2024,1008,1.04,2005.2,15.1047,True,True,True,https://noaa-nws-rtofs-pds.s3.amazonaws.com/rtofs.20240714/rtofs_glo_3dz_f006_6hrly_hvr_US_east.nc
ARGO_GDAC,pfl,aoml/4903248/profiles/D4903248_360.nc|2024-07-14T14:43:20Z|26.35009|-93.35343,aoml/4903248/profiles/D4903248_360.nc,4903248,4903248,26.35009,-93.35343,2024-07-14T14:43:20Z,20240714,2024,918,0.72,99.96,14.792,True,True,True,https://noaa-nws-rtofs-pds.s3.amazonaws.com/rtofs.20240714/rtofs_glo_3dz_f006_6hrly_hvr_US_east.nc
ARGO_GDAC,pfl,aoml/4903248/profiles/D4903248_361.nc|2024-07-19T18:43:36Z|26.31425|-92.98494,aoml/4903248/profiles/D4903248_361.nc,4903248,4903248,26.31425,-92.98494,2024-07-19T18:43:36Z,20240719,2024,952,1.08,1893.44,12.6578,True,True,True,https://noaa-nws-rtofs-pds.s3.amazonaws.com/rtofs.20240719/rtofs_glo_3dz_f006_6hrly_hvr_US_east.nc
ARGO_GDAC,pfl,aoml/4903248/profiles/D4903248_361.nc|2024-07-19T18:43:36Z|26.31425|-92.98494,aoml/4903248/profiles/D4903248_361.nc,4903248,4903248,26.31425,-92.98494,2024-07-19T18:43:36Z,20240719,2024,903,0.72,99.88,12.76,True,True,True,https://noaa-nws-rtofs-pds.s3.amazonaws.com/rtofs.20240719/rtofs_glo_3dz_f006_6hrly_hvr_US_east.nc
ARGO_GDAC,pfl,aoml/4903248/profiles/D4903248_362.nc|2024-07-24T22:27:08Z|26.18621|-92.78726,aoml/4903248/profiles/D4903248_362.nc,4903248,4903248,26.18621,-92.78726,2024-07-24T22:27:08Z,20240724,2024,1008,1.08,2005.12,30.0079,True,True,True,https://noaa-nws-rtofs-pds.s3.amazonaws.com/rtofs.20240724/rtofs_glo_3dz_f006_6hrly_hvr_US_east.nc
ARGO_GDAC,pfl,aoml/4903248/profiles/D4903248_362.nc|2024-07-24T22:27:08Z|26.18621|-92.78726,aoml/4903248/profiles/D4903248_362.nc,4903248,4903248,26.18621,-92.78726,2024-07-24T22:27:08Z,20240724,2024,930,0.64,99.88,30.1733,True,True,True,https://noaa-nws-rtofs-pds.s3.amazonaws.com/rtofs.20240724/rtofs_glo_3dz_f006_6hrly_hvr_US_east.nc
ARGO_GDAC,pfl,aoml/4903248/profiles/D4903248_363.nc|2024-07-30T02:28:06Z|26.26953|-92.52417,aoml/4903248/profiles/D4903248_363.nc,4903248,4903248,26.26953,-92.52417,2024-07-30T02:28:06Z,20240730,2024,978,1.04,1945.36,44.9477,True,True,True,https://noaa-nws-rtofs-pds.s3.amazonaws.com/rtofs.20240730/rtofs_glo_3dz_f006_6hrly_hvr_US_east.nc
ARGO_GDAC,pfl,aoml/4903248/profiles/D4903248_363.nc|2024-07-30T02:28:06Z|26.26953|-92.52417,aoml/4903248/profiles/D4903248_363.nc,4903248,4903248,26.26953,-92.52417,2024-07-30T02:28:06Z,20240730,2024,885,0.6,99.96,45.736,True,True,True,https://noaa-nws-rtofs-pds.s3.amazonaws.com/rtofs.20240730/rtofs_glo_3dz_f006_6hrly_hvr_US_east.nc
ARGO_GDAC,pfl,aoml/4903248/profiles/D4903248_364.nc|2024-08-04T06:13:31Z|26.41227|-92.27084,aoml/4903248/profiles/D4903248_364.nc,4903248,4903248,26.41227,-92.27084,2024-08-04T06:13:31Z,20240804,2024,916,1.16,1822.08,31.8294,True,True,True,https://noaa-nws-rtofs-pds.s3.amazonaws.com/rtofs.20240804/rtofs_glo_3dz_f006_6hrly_hvr_US_east.nc
ARGO_GDAC,pfl,aoml/4903248/profiles/D4903248_365.nc|2024-08-09T10:13:29Z|26.36853|-92.43395,aoml/4903248/profiles/D4903248_365.nc,4903248,4903248,26.36853,-92.43395,2024-08-09T10:13:29Z,20240809,2024,1006,1.08,2001.36,11.3112,True,True,True,https://noaa-nws-rtofs-pds.s3.amazonaws.com/rtofs.20240809/rtofs_glo_3dz_f006_6hrly_hvr_US_east.nc
ARGO_GDAC,pfl,aoml/4903248/profiles/D4903248_365.nc|2024-08-09T10:13:29Z|26.36853|-92.43395,aoml/4903248/profiles/D4903248_365.nc,4903248,4903248,26.36853,-92.43395,2024-08-09T10:13:29Z,20240809,2024,1020,1.84,99.88,10.911,True,True,True,https://noaa-nws-rtofs-pds.s3.amazonaws.com/rtofs.20240809/rtofs_glo_3dz_f006_6hrly_hvr_US_east.nc
ARGO_GDAC,pfl,aoml/4903248/profiles/D4903248_366.nc|2024-08-14T14:00:34Z|26.14998|-92.50801,aoml/4903248/profiles/D4903248_366.nc,4903248,4903248,26.14998,-92.50801,2024-08-14T14:00:34Z,20240814,2024,1009,1.08,2007.92,11.2441,True,True,True,https://noaa-nws-rtofs-pds.s3.amazonaws.com/rtofs.20240814/rtofs_glo_3dz_f006_6hrly_hvr_US_east.nc
ARGO_GDAC,pfl,aoml/4903248/profiles/D4903248_366.nc|2024-08-14T14:00:34Z|26.14998|-92.50801,aoml/4903248/profiles/D4903248_366.nc,4903248,4903248,26.14998,-92.50801,2024-08-14T14:00:34Z,20240814,2024,917,0.64,99.96,10.4945,True,True,True,https://noaa-nws-rtofs-pds.s3.amazonaws.com/rtofs.20240814/rtofs_glo_3dz_f006_6hrly_hvr_US_east.nc
ARGO_GDAC,pfl,aoml/4903248/profiles/D4903248_367.nc|2024-08-19T17:47:28Z|26.04817|-92.35573,aoml/4903248/profiles/D4903248_367.nc,4903248,4903248,26.04817,-92.35573,2024-08-19T17:47:28Z,20240819,2024,1008,1.0,2005.8,15.0154,True,True,True,https://noaa-nws-rtofs-pds.s3.amazonaws.com/rtofs.20240819/rtofs_glo_3dz_f006_6hrly_hvr_US_east.nc
ARGO_GDAC,pfl,aoml/4903248/profiles/D4903248_367.nc|2024-08-19T17:47:28Z|26.04817|-92.35573,aoml/4903248/profiles/D4903248_367.nc,4903248,4903248,26.04817,-92.35573,2024-08-19T17:47:28Z,20240819,2024,1012,0.6,99.84,14.9536,True,True,True,https://noaa-nws-rtofs-pds.s3.amazonaws.com/rtofs.20240819/rtofs_glo_3dz_f006_6hrly_hvr_US_east.nc
ARGO_GDAC,pfl,aoml/4903248/profiles/D4903248_368.nc|2024-08-24T21:24:39Z|25.99127|-92.46186,aoml/4903248/profiles/D4903248_368.nc,4903248,4903248,25.99127,-92.46186,2024-08-24T21:24:39Z,20240824,2024,1007,1.08,2004.0,34.7828,True,True,True,https://noaa-nws-rtofs-pds.s3.amazonaws.com/rtofs.20240824/rtofs_glo_3dz_f006_6hrly_hvr_US_east.nc
ARGO_GDAC,pfl,aoml/4903248/profiles/D4903248_368.nc|2024-08-24T21:24:39Z|25.99127|-92.46186,aoml/4903248/profiles/D4903248_368.nc,4903248,4903248,25.99127,-92.46186,2024-08-24T21:24:39Z,20240824,2024,1020,1.28,99.8,12.4214,True,True,True,https://noaa-nws-rtofs-pds.s3.amazonaws.com/rtofs.20240824/rtofs_glo_3dz_f006_6hrly_hvr_US_east.nc
ARGO_GDAC,pfl,aoml/4903248/profiles/D4903248_369.nc|2024-08-30T01:03:38Z|26.01096|-92.69072,aoml/4903248/profiles/D4903248_369.nc,4903248,4903248,26.01096,-92.69072,2024-08-30T01:03:38Z,20240830,2024,1012,1.08,2013.68,29.5739,True,True,True,https://noaa-nws-rtofs-pds.s3.amazonaws.com/rtofs.20240830/rtofs_glo_3dz_f006_6hrly_hvr_US_east.nc
ARGO_GDAC,pfl,aoml/4903248/profiles/D4903248_369.nc|2024-08-30T01:03:38Z|26.01096|-92.69072,aoml/4903248/profiles/D4903248_369.nc,4903248,4903248,26.01096,-92.69072,2024-08-30T01:03:38Z,20240830,2024,979,0.64,99.96,29.1242,True,True,True,https://noaa-nws-rtofs-pds.s3.amazonaws.com/rtofs.20240830/rtofs_glo_3dz_f006_6hrly_hvr_US_east.nc
ARGO_GDAC,pfl,aoml/4903248/profiles/D4903248_370.nc|2024-09-04T04:54:25Z|26.08042|-93.06656,aoml/4903248/profiles/D4903248_370.nc,4903248,4903248,26.08042,-93.06656,2024-09-04T04:54:25Z,20240904,2024,1009,1.0,2007.6,26.7104,True,True,True,https://noaa-nws-rtofs-pds.s3.amazonaws.com/rtofs.20240904/rtofs_glo_3dz_f006_6hrly_hvr_US_east.nc
ARGO_GDAC,pfl,aoml/4903248/profiles/D4903248_370.nc|2024-09-04T04:54:25Z|26.08042|-93.06656,aoml/4903248/profiles/D4903248_370.nc,4903248,4903248,26.08042,-93.06656,2024-09-04T04:54:25Z,20240904,2024,968,0.56,100.0,27.2514,True,True,True,https://noaa-nws-rtofs-pds.s3.amazonaws.com/rtofs.20240904/rtofs_glo_3dz_f006_6hrly_hvr_US_east.nc
ARGO_GDAC,pfl,aoml/4903248/profiles/D4903248_371.nc|2024-09-09T08:38:29Z|26.16361|-93.33329,aoml/4903248/profiles/D4903248_371.nc,4903248,4903248,26.16361,-93.33329,2024-09-09T08:38:29Z,20240909,2024,1010,1.08,2009.4,38.2723,True,True,True,https://noaa-nws-rtofs-pds.s3.amazonaws.com/rtofs.20240909/rtofs_glo_3dz_f006_6hrly_hvr_US_east.nc
ARGO_GDAC,pfl,aoml/4903248/profiles/D4903248_371.nc|2024-09-09T08:38:29Z|26.16361|-93.33329,aoml/4903248/profiles/D4903248_371.nc,4903248,4903248,26.16361,-93.33329,2024-09-09T08:38:29Z,20240909,2024,893,0.68,99.88,39.0422,True,True,True,https://noaa-nws-rtofs-pds.s3.amazonaws.com/rtofs.20240909/rtofs_glo_3dz_f006_6hrly_hvr_US_east.nc
ARGO_GDAC,pfl,aoml/4903248/profiles/D4903248_372.nc|2024-09-14T12:21:37Z|26.11858|-93.88393,aoml/4903248/profiles/D4903248_372.nc,4903248,4903248,26.11858,-93.88393,2024-09-14T12:21:37Z,20240914,2024,1008,1.0,2006.12,32.9709,True,True,True,https://noaa-nws-rtofs-pds.s3.amazonaws.com/rtofs.20240914/rtofs_glo_3dz_f006_6hrly_hvr_US_east.nc
ARGO_GDAC,pfl,aoml/4903248/profiles/D4903248_372.nc|2024-09-14T12:21:37Z|26.11858|-93.88393,aoml/4903248/profiles/D4903248_372.nc,4903248,4903248,26.11858,-93.88393,2024-09-14T12:21:37Z,20240914,2024,923,0.6,99.96,32.7636,True,True,True,https://noaa-nws-rtofs-pds.s3.amazonaws.com/rtofs.20240914/rtofs_glo_3dz_f006_6hrly_hvr_US_east.nc
ARGO_GDAC,pfl,aoml/4903248/profiles/D4903248_373.nc|2024-09-19T16:06:22Z|26.08410|-94.37636,aoml/4903248/profiles/D4903248_373.nc,4903248,4903248,26.0841,-94.37636,2024-09-19T16:06:22Z,20240919,2024,1012,1.12,2013.88,32.7003,True,True,True,https://noaa-nws-rtofs-pds.s3.amazonaws.com/rtofs.20240919/rtofs_glo_3dz_f006_6hrly_hvr_US_east.nc
ARGO_GDAC,pfl,aoml/4903248/profiles/D4903248_373.nc|2024-09-19T16:06:22Z|26.08410|-94.37636,aoml/4903248/profiles/D4903248_373.nc,4903248,4903248,26.0841,-94.37636,2024-09-19T16:06:22Z,20240919,2024,945,0.72,99.92,32.4286,True,True,True,https://noaa-nws-rtofs-pds.s3.amazonaws.com/rtofs.20240919/rtofs_glo_3dz_f006_6hrly_hvr_US_east.nc
ARGO_GDAC,pfl,aoml/4903248/profiles/D4903248_374.nc|2024-09-24T19:57:10Z|25.98172|-94.54465,aoml/4903248/profiles/D4903248_374.nc,4903248,4903248,25.98172,-94.54465,2024-09-24T19:57:10Z,20240924,2024,1012,0.92,2013.48,22.7052,True,True,True,https://noaa-nws-rtofs-pds.s3.amazonaws.com/rtofs.20240924/rtofs_glo_3dz_f006_6hrly_hvr_US_east.nc
ARGO_GDAC,pfl,aoml/4903248/profiles/D4903248_374.nc|2024-09-24T19:57:10Z|25.98172|-94.54465,aoml/4903248/profiles/D4903248_374.nc,4903248,4903248,25.98172,-94.54465,2024-09-24T19:57:10Z,20240924,2024,866,0.52,99.96,22.966,True,True,True,https://noaa-nws-rtofs-pds.s3.amazonaws.com/rtofs.20240924/rtofs_glo_3dz_f006_6hrly_hvr_US_east.nc
ARGO_GDAC,pfl,aoml/4903248/profiles/D4903248_375.nc|2024-09-29T23:42:39Z|25.83638|-94.33678,aoml/4903248/profiles/D4903248_375.nc,4903248,4903248,25.83638,-94.33678,2024-09-29T23:42:39Z,20240929,2024,1013,0.48,2013.0,29.5211,True,True,True,https://noaa-nws-rtofs-pds.s3.amazonaws.com/rtofs.20240929/rtofs_glo_3dz_f006_6hrly_hvr_US_east.nc
ARGO_GDAC,pfl,aoml/4903248/profiles/D4903248_375.nc|2024-09-29T23:42:39Z|25.83638|-94.33678,aoml/4903248/profiles/D4903248_375.nc,4903248,4903248,25.83638,-94.33678,2024-09-29T23:42:39Z,20240929,2024,829,0.48,100.0,29.536,True,True,True,https://noaa-nws-rtofs-pds.s3.amazonaws.com/rtofs.20240929/rtofs_glo_3dz_f006_6hrly_hvr_US_east.nc
ARGO_GDAC,pfl,aoml/4903248/profiles/D4903248_376.nc|2024-10-05T03:24:26Z|25.69511|-94.03874,aoml/4903248/profiles/D4903248_376.nc,4903248,4903248,25.69511,-94.03874,2024-10-05T03:24:26Z,20241005,2024,1011,1.04,2012.04,11.9584,True,True,True,https://noaa-nws-rtofs-pds.s3.amazonaws.com/rtofs.20241005/rtofs_glo_3dz_f006_6hrly_hvr_US_east.nc
ARGO_GDAC,pfl,aoml/4903248/profiles/D4903248_376.nc|2024-10-05T03:24:26Z|25.69511|-94.03874,aoml/4903248/profiles/D4903248_376.nc,4903248,4903248,25.69511,-94.03874,2024-10-05T03:24:26Z,20241005,2024,1005,0.76,99.92,11.5819,True,True,True,https://noaa-nws-rtofs-pds.s3.amazonaws.com/rtofs.20241005/rtofs_glo_3dz_f006_6hrly_hvr_US_east.nc
ARGO_GDAC,pfl,aoml/4903248/profiles/D4903248_377.nc|2024-10-10T07:10:27Z|25.68682|-94.26937,aoml/4903248/profiles/D4903248_377.nc,4903248,4903248,25.68682,-94.26937,2024-10-10T07:10:27Z,20241010,2024,1012,0.96,2013.92,46.6476,True,True,True,https://noaa-nws-rtofs-pds.s3.amazonaws.com/rtofs.20241010/rtofs_glo_3dz_f006_6hrly_hvr_US_east.nc
ARGO_GDAC,pfl,aoml/4903248/profiles/D4903248_377.nc|2024-10-10T07:10:27Z|25.68682|-94.26937,aoml/4903248/profiles/D4903248_377.nc,4903248,4903248,25.68682,-94.26937,2024-10-10T07:10:27Z,20241010,2024,811,0.56,99.96,47.1605,True,True,True,https://noaa-nws-rtofs-pds.s3.amazonaws.com/rtofs.20241010/rtofs_glo_3dz_f006_6hrly_hvr_US_east.nc
ARGO_GDAC,pfl,aoml/4903248/profiles/D4903248_378.nc|2024-10-15T10:55:24Z|25.55517|-94.93525,aoml/4903248/profiles/D4903248_378.nc,4903248,4903248,25.55517,-94.93525,2024-10-15T10:55:24Z,20241015,2024,1013,0.48,2013.6,36.7714,True,True,True,https://noaa-nws-rtofs-pds.s3.amazonaws.com/rtofs.20241015/rtofs_glo_3dz_f006_6hrly_hvr_US_east.nc
ARGO_GDAC,pfl,aoml/4903248/profiles/D4903248_378.nc|2024-10-15T10:55:24Z|25.55517|-94.93525,aoml/4903248/profiles/D4903248_378.nc,4903248,4903248,25.55517,-94.93525,2024-10-15T10:55:24Z,20241015,2024,909,0.48,99.96,36.96,True,True,True,https://noaa-nws-rtofs-pds.s3.amazonaws.com/rtofs.20241015/rtofs_glo_3dz_f006_6hrly_hvr_US_east.nc
ARGO_GDAC,pfl,aoml/4903248/profiles/D4903248_379.nc|2024-10-20T14:41:33Z|24.74020|-95.53421,aoml/4903248/profiles/D4903248_379.nc,4903248,4903248,24.7402,-95.53421,2024-10-20T14:41:33Z,20241020,2024,1010,1.04,2009.8,56.4331,True,True,True,https://noaa-nws-rtofs-pds.s3.amazonaws.com/rtofs.20241020/rtofs_glo_3dz_f006_6hrly_hvr_US_east.nc
ARGO_GDAC,pfl,aoml/4903248/profiles/D4903248_379.nc|2024-10-20T14:41:33Z|24.74020|-95.53421,aoml/4903248/profiles/D4903248_379.nc,4903248,4903248,24.7402,-95.53421,2024-10-20T14:41:33Z,20241020,2024,879,0.6,99.84,57.0,True,True,True,https://noaa-nws-rtofs-pds.s3.amazonaws.com/rtofs.20241020/rtofs_glo_3dz_f006_6hrly_hvr_US_east.nc
ARGO_GDAC,pfl,aoml/4903248/profiles/D4903248_380.nc|2024-10-25T18:32:18Z|24.02268|-95.75671,aoml/4903248/profiles/D4903248_380.nc,4903248,4903248,24.02268,-95.75671,2024-10-25T18:32:18Z,20241025,2024,1010,0.44,2007.08,60.1088,True,True,True,https://noaa-nws-rtofs-pds.s3.amazonaws.com/rtofs.20241025/rtofs_glo_3dz_f006_6hrly_hvr_US_east.nc
ARGO_GDAC,pfl,aoml/4903248/profiles/D4903248_380.nc|2024-10-25T18:32:18Z|24.02268|-95.75671,aoml/4903248/profiles/D4903248_380.nc,4903248,4903248,24.02268,-95.75671,2024-10-25T18:32:18Z,20241025,2024,914,0.44,99.92,60.3689,True,True,True,https://noaa-nws-rtofs-pds.s3.amazonaws.com/rtofs.20241025/rtofs_glo_3dz_f006_6hrly_hvr_US_east.nc
ARGO_GDAC,pfl,aoml/4903248/profiles/D4903248_381.nc|2024-10-30T22:22:47Z|23.72707|-95.83846,aoml/4903248/profiles/D4903248_381.nc,4903248,4903248,23.72707,-95.83846,2024-10-30T22:22:47Z,20241030,2024,1011,1.04,2011.2,51.625,True,True,True,https://noaa-nws-rtofs-pds.s3.amazonaws.com/rtofs.20241030/rtofs_glo_3dz_f006_6hrly_hvr_US_east.nc
ARGO_GDAC,pfl,aoml/4903248/profiles/D4903248_381.nc|2024-10-30T22:22:47Z|23.72707|-95.83846,aoml/4903248/profiles/D4903248_381.nc,4903248,4903248,23.72707,-95.83846,2024-10-30T22:22:47Z,20241030,2024,872,0.72,99.92,51.8533,True,True,True,https://noaa-nws-rtofs-pds.s3.amazonaws.com/rtofs.20241030/rtofs_glo_3dz_f006_6hrly_hvr_US_east.nc
ARGO_GDAC,pfl,aoml/4903248/profiles/D4903248_382.nc|2024-11-05T02:06:09Z|23.68204|-95.85229,aoml/4903248/profiles/D4903248_382.nc,4903248,4903248,23.68204,-95.85229,2024-11-05T02:06:09Z,20241105,2024,1007,1.04,2003.68,34.1072,True,True,True,https://noaa-nws-rtofs-pds.s3.amazonaws.com/rtofs.20241105/rtofs_glo_3dz_f006_6hrly_hvr_US_east.nc
ARGO_GDAC,pfl,aoml/4903248/profiles/D4903248_382.nc|2024-11-05T02:06:09Z|23.68204|-95.85229,aoml/4903248/profiles/D4903248_382.nc,4903248,4903248,23.68204,-95.85229,2024-11-05T02:06:09Z,20241105,2024,901,0.64,99.96,34.12,True,True,True,https://noaa-nws-rtofs-pds.s3.amazonaws.com/rtofs.20241105/rtofs_glo_3dz_f006_6hrly_hvr_US_east.nc
ARGO_GDAC,pfl,aoml/4903248/profiles/D4903248_383.nc|2024-11-10T05:57:30Z|23.71509|-95.82611,aoml/4903248/profiles/D4903248_383.nc,4903248,4903248,23.71509,-95.82611,2024-11-10T05:57:30Z,20241110,2024,1009,1.04,2008.08,63.4831,True,True,True,https://noaa-nws-rtofs-pds.s3.amazonaws.com/rtofs.20241110/rtofs_glo_3dz_f006_6hrly_hvr_US_east.nc
ARGO_GDAC,pfl,aoml/4903248/profiles/D4903248_383.nc|2024-11-10T05:57:30Z|23.71509|-95.82611,aoml/4903248/profiles/D4903248_383.nc,4903248,4903248,23.71509,-95.82611,2024-11-10T05:57:30Z,20241110,2024,921,0.68,100.0,63.6762,True,True,True,https://noaa-nws-rtofs-pds.s3.amazonaws.com/rtofs.20241110/rtofs_glo_3dz_f006_6hrly_hvr_US_east.nc
ARGO_GDAC,pfl,aoml/4903248/profiles/D4903248_384.nc|2024-11-15T09:42:18Z|23.65624|-95.86257,aoml/4903248/profiles/D4903248_384.nc,4903248,4903248,23.65624,-95.86257,2024-11-15T09:42:18Z,20241115,2024,1012,1.0,2013.16,59.0323,True,True,True,https://noaa-nws-rtofs-pds.s3.amazonaws.com/rtofs.20241115/rtofs_glo_3dz_f006_6hrly_hvr_US_east.nc
ARGO_GDAC,pfl,aoml/4903248/profiles/D4903248_384.nc|2024-11-15T09:42:18Z|23.65624|-95.86257,aoml/4903248/profiles/D4903248_384.nc,4903248,4903248,23.65624,-95.86257,2024-11-15T09:42:18Z,20241115,2024,883,0.68,99.96,59.9413,True,True,True,https://noaa-nws-rtofs-pds.s3.amazonaws.com/rtofs.20241115/rtofs_glo_3dz_f006_6hrly_hvr_US_east.nc
ARGO_GDAC,pfl,aoml/4903248/profiles/D4903248_385.nc|2024-11-20T13:25:37Z|23.72940|-95.85379,aoml/4903248/profiles/D4903248_385.nc,4903248,4903248,23.7294,-95.85379,2024-11-20T13:25:37Z,20241120,2024,1012,1.04,2013.76,62.2667,True,True,True,https://noaa-nws-rtofs-pds.s3.amazonaws.com/rtofs.20241120/rtofs_glo_3dz_f006_6hrly_hvr_US_east.nc
ARGO_GDAC,pfl,aoml/4903248/profiles/D4903248_385.nc|2024-11-20T13:25:37Z|23.72940|-95.85379,aoml/4903248/profiles/D4903248_385.nc,4903248,4903248,23.7294,-95.85379,2024-11-20T13:25:37Z,20241120,2024,826,0.72,100.0,63.0759,True,True,True,https://noaa-nws-rtofs-pds.s3.amazonaws.com/rtofs.20241120/rtofs_glo_3dz_f006_6hrly_hvr_US_east.nc
ARGO_GDAC,pfl,aoml/4903248/profiles/D4903248_386.nc|2024-11-25T17:12:54Z|23.76025|-95.83901,aoml/4903248/profiles/D4903248_386.nc,4903248,4903248,23.76025,-95.83901,2024-11-25T17:12:54Z,20241125,2024,1012,1.04,2013.08,53.8886,True,True,True,https://noaa-nws-rtofs-pds.s3.amazonaws.com/rtofs.20241125/rtofs_glo_3dz_f006_6hrly_hvr_US_east.nc
ARGO_GDAC,pfl,aoml/4903248/profiles/D4903248_386.nc|2024-11-25T17:12:54Z|23.76025|-95.83901,aoml/4903248/profiles/D4903248_386.nc,4903248,4903248,23.76025,-95.83901,2024-11-25T17:12:54Z,20241125,2024,877,0.6,99.84,53.964,True,True,True,https://noaa-nws-rtofs-pds.s3.amazonaws.com/rtofs.20241125/rtofs_glo_3dz_f006_6hrly_hvr_US_east.nc
ARGO_GDAC,pfl,aoml/4903248/profiles/D4903248_387.nc|2024-11-30T20:54:37Z|23.82313|-95.91555,aoml/4903248/profiles/D4903248_387.nc,4903248,4903248,23.82313,-95.91555,2024-11-30T20:54:37Z,20241130,2024,1012,0.96,2013.32,56.2048,True,True,True,https://noaa-nws-rtofs-pds.s3.amazonaws.com/rtofs.20241130/rtofs_glo_3dz_f006_6hrly_hvr_US_east.nc
ARGO_GDAC,pfl,aoml/4903248/profiles/D4903248_387.nc|2024-11-30T20:54:37Z|23.82313|-95.91555,aoml/4903248/profiles/D4903248_387.nc,4903248,4903248,23.82313,-95.91555,2024-11-30T20:54:37Z,20241130,2024,861,0.56,100.0,56.12,True,True,True,https://noaa-nws-rtofs-pds.s3.amazonaws.com/rtofs.20241130/rtofs_glo_3dz_f006_6hrly_hvr_US_east.nc
ARGO_GDAC,pfl,aoml/4903248/profiles/D4903248_388.nc|2024-12-06T00:40:36Z|23.88697|-95.88459,aoml/4903248/profiles/D4903248_388.nc,4903248,4903248,23.88697,-95.88459,2024-12-06T00:40:36Z,20241206,2024,1011,1.04,2011.48,58.3881,True,True,True,https://noaa-nws-rtofs-pds.s3.amazonaws.com/rtofs.20241206/rtofs_glo_3dz_f006_6hrly_hvr_US_east.nc
ARGO_GDAC,pfl,aoml/4903248/profiles/D4903248_388.nc|2024-12-06T00:40:36Z|23.88697|-95.88459,aoml/4903248/profiles/D4903248_388.nc,4903248,4903248,23.88697,-95.88459,2024-12-06T00:40:36Z,20241206,2024,848,0.64,99.96,58.7815,True,True,True,https://noaa-nws-rtofs-pds.s3.amazonaws.com/rtofs.20241206/rtofs_glo_3dz_f006_6hrly_hvr_US_east.nc
ARGO_GDAC,pfl,aoml/4903248/profiles/D4903248_389.nc|2024-12-11T04:30:04Z|23.79487|-95.92357,aoml/4903248/profiles/D4903248_389.nc,4903248,4903248,23.79487,-95.92357,2024-12-11T04:30:04Z,20241211,2024,1011,0.96,2011.48,64.4497,True,True,True,https://noaa-nws-rtofs-pds.s3.amazonaws.com/rtofs.20241211/rtofs_glo_3dz_f006_6hrly_hvr_US_east.nc
ARGO_GDAC,pfl,aoml/4903248/profiles/D4903248_389.nc|2024-12-11T04:30:04Z|23.79487|-95.92357,aoml/4903248/profiles/D4903248_389.nc,4903248,4903248,23.79487,-95.92357,2024-12-11T04:30:04Z,20241211,2024,798,0.6,99.88,65.85,True,True,True,https://noaa-nws-rtofs-pds.s3.amazonaws.com/rtofs.20241211/rtofs_glo_3dz_f006_6hrly_hvr_US_east.nc
ARGO_GDAC,pfl,aoml/4903248/profiles/D4903248_390.nc|2024-12-16T08:21:44Z|23.61750|-96.00882,aoml/4903248/profiles/D4903248_390.nc,4903248,4903248,23.6175,-96.00882,2024-12-16T08:21:44Z,20241216,2024,1012,1.0,2013.64,33.6512,True,True,True,https://noaa-nws-rtofs-pds.s3.amazonaws.com/rtofs.20241216/rtofs_glo_3dz_f006_6hrly_hvr_US_east.nc
ARGO_GDAC,pfl,aoml/4903248/profiles/D4903248_390.nc|2024-12-16T08:21:44Z|23.61750|-96.00882,aoml/4903248/profiles/D4903248_390.nc,4903248,4903248,23.6175,-96.00882,2024-12-16T08:21:44Z,20241216,2024,922,0.6,99.96,33.316,True,True,True,https://noaa-nws-rtofs-pds.s3.amazonaws.com/rtofs.20241216/rtofs_glo_3dz_f006_6hrly_hvr_US_east.nc
ARGO_GDAC,pfl,aoml/4903248/profiles/D4903248_391.nc|2024-12-21T12:15:40Z|23.46374|-96.02343,aoml/4903248/profiles/D4903248_391.nc,4903248,4903248,23.46374,-96.02343,2024-12-21T12:15:40Z,20241221,2024,1009,0.96,2007.04,66.4918,True,True,True,https://noaa-nws-rtofs-pds.s3.amazonaws.com/rtofs.20241221/rtofs_glo_3dz_f006_6hrly_hvr_US_east.nc
ARGO_GDAC,pfl,aoml/4903248/profiles/D4903248_391.nc|2024-12-21T12:15:40Z|23.46374|-96.02343,aoml/4903248/profiles/D4903248_391.nc,4903248,4903248,23.46374,-96.02343,2024-12-21T12:15:40Z,20241221,2024,924,0.52,99.96,67.673,True,True,True,https://noaa-nws-rtofs-pds.s3.amazonaws.com/rtofs.20241221/rtofs_glo_3dz_f006_6hrly_hvr_US_east.nc
ARGO_GDAC,pfl,aoml/4903248/profiles/D4903248_392.nc|2024-12-26T16:05:51Z|23.37762|-95.99810,aoml/4903248/profiles/D4903248_392.nc,4903248,4903248,23.37762,-95.9981,2024-12-26T16:05:51Z,20241226,2024,1011,1.12,2011.16,58.0517,True,True,True,https://noaa-nws-rtofs-pds.s3.amazonaws.com/rtofs.20241226/rtofs_glo_3dz_f006_6hrly_hvr_US_east.nc
ARGO_GDAC,pfl,aoml/4903248/profiles/D4903248_392.nc|2024-12-26T16:05:51Z|23.37762|-95.99810,aoml/4903248/profiles/D4903248_392.nc,4903248,4903248,23.37762,-95.9981,2024-12-26T16:05:51Z,20241226,2024,895,0.76,99.96,58.4654,True,True,True,https://noaa-nws-rtofs-pds.s3.amazonaws.com/rtofs.20241226/rtofs_glo_3dz_f006_6hrly_hvr_US_east.nc
ARGO_GDAC,pfl,aoml/4903248/profiles/D4903248_393.nc|2024-12-31T19:51:23Z|23.30828|-95.97142,aoml/4903248/profiles/D4903248_393.nc,4903248,4903248,23.30828,-95.97142,2024-12-31T19:51:23Z,20241231,2024,1009,1.04,2007.08,74.9335,True,True,True,https://noaa-nws-rtofs-pds.s3.amazonaws.com/rtofs.20241231/rtofs_glo_3dz_f006_6hrly_hvr_US_east.nc
ARGO_GDAC,pfl,aoml/4903248/profiles/D4903248_393.nc|2024-12-31T19:51:23Z|23.30828|-95.97142,aoml/4903248/profiles/D4903248_393.nc,4903248,4903248,23.30828,-95.97142,2024-12-31T19:51:23Z,20241231,2024,877,0.6,99.88,75.0,True,True,True,https://noaa-nws-rtofs-pds.s3.amazonaws.com/rtofs.20241231/rtofs_glo_3dz_f006_6hrly_hvr_US_east.nc
ARGO_GDAC,pfl,aoml/4903248/profiles/D4903248_394.nc|2025-01-05T23:36:38Z|23.20963|-95.94504,aoml/4903248/profiles/D4903248_394.nc,4903248,4903248,23.20963,-95.94504,2025-01-05T23:36:38Z,20250105,2025,1007,1.08,2003.96,91.2286,True,True,True,https://noaa-nws-rtofs-pds.s3.amazonaws.com/rtofs.20250105/rtofs_glo_3dz_f006_6hrly_hvr_US_east.nc
ARGO_GDAC,pfl,aoml/4903248/profiles/D4903248_394.nc|2025-01-05T23:36:38Z|23.20963|-95.94504,aoml/4903248/profiles/D4903248_394.nc,4903248,4903248,23.20963,-95.94504,2025-01-05T23:36:38Z,20250105,2025,915,0.72,99.96,91.064,True,True,True,https://noaa-nws-rtofs-pds.s3.amazonaws.com/rtofs.20250105/rtofs_glo_3dz_f006_6hrly_hvr_US_east.nc
ARGO_GDAC,pfl,aoml/4903248/profiles/D4903248_395.nc|2025-01-11T03:19:23Z|23.00275|-95.92557,aoml/4903248/profiles/D4903248_395.nc,4903248,4903248,23.00275,-95.92557,2025-01-11T03:19:23Z,20250111,2025,1012,1.2,2013.44,82.686,True,True,True,https://noaa-nws-rtofs-pds.s3.amazonaws.com/rtofs.20250111/rtofs_glo_3dz_f006_6hrly_hvr_US_east.nc
ARGO_GDAC,pfl,aoml/4903248/profiles/D4903248_395.nc|2025-01-11T03:19:23Z|23.00275|-95.92557,aoml/4903248/profiles/D4903248_395.nc,4903248,4903248,23.00275,-95.92557,2025-01-11T03:19:23Z,20250111,2025,861,0.88,99.92,83.3492,True,True,True,https://noaa-nws-rtofs-pds.s3.amazonaws.com/rtofs.20250111/rtofs_glo_3dz_f006_6hrly_hvr_US_east.nc
ARGO_GDAC,pfl,aoml/4903248/profiles/D4903248_396.nc|2025-01-16T06:56:29Z|22.68841|-96.01811,aoml/4903248/profiles/D4903248_396.nc,4903248,4903248,22.68841,-96.01811,2025-01-16T06:56:29Z,20250116,2025,1008,1.0,2005.2,81.2985,True,True,True,https://noaa-nws-rtofs-pds.s3.amazonaws.com/rtofs.20250116/rtofs_glo_3dz_f006_6hrly_hvr_US_east.nc
ARGO_GDAC,pfl,aoml/4903248/profiles/D4903248_396.nc|2025-01-16T06:56:29Z|22.68841|-96.01811,aoml/4903248/profiles/D4903248_396.nc,4903248,4903248,22.68841,-96.01811,2025-01-16T06:56:29Z,20250116,2025,896,0.6,99.96,81.7529,True,True,True,https://noaa-nws-rtofs-pds.s3.amazonaws.com/rtofs.20250116/rtofs_glo_3dz_f006_6hrly_hvr_US_east.nc
ARGO_GDAC,pfl,aoml/4903248/profiles/D4903248_397.nc|2025-01-21T10:46:59Z|22.41169|-96.13919,aoml/4903248/profiles/D4903248_397.nc,4903248,4903248,22.41169,-96.13919,2025-01-21T10:46:59Z,20250121,2025,1011,0.36,2009.8,73.2974,True,True,True,https://noaa-nws-rtofs-pds.s3.amazonaws.com/rtofs.20250121/rtofs_glo_3dz_f006_6hrly_hvr_US_east.nc
ARGO_GDAC,pfl,aoml/4903248/profiles/D4903248_397.nc|2025-01-21T10:46:59Z|22.41169|-96.13919,aoml/4903248/profiles/D4903248_397.nc,4903248,4903248,22.41169,-96.13919,2025-01-21T10:46:59Z,20250121,2025,954,0.36,100.0,73.28,True,True,True,https://noaa-nws-rtofs-pds.s3.amazonaws.com/rtofs.20250121/rtofs_glo_3dz_f006_6hrly_hvr_US_east.nc
ARGO_GDAC,pfl,aoml/4903248/profiles/D4903248_398.nc|2025-01-26T14:42:22Z|22.16568|-96.17366,aoml/4903248/profiles/D4903248_398.nc,4903248,4903248,22.16568,-96.17366,2025-01-26T14:42:22Z,20250126,2025,1008,1.16,2006.12,70.5177,True,True,True,https://noaa-nws-rtofs-pds.s3.amazonaws.com/rtofs.20250126/rtofs_glo_3dz_f006_6hrly_hvr_US_east.nc
ARGO_GDAC,pfl,aoml/4903248/profiles/D4903248_398.nc|2025-01-26T14:42:22Z|22.16568|-96.17366,aoml/4903248/profiles/D4903248_398.nc,4903248,4903248,22.16568,-96.17366,2025-01-26T14:42:22Z,20250126,2025,886,0.84,99.96,70.776,True,True,True,https://noaa-nws-rtofs-pds.s3.amazonaws.com/rtofs.20250126/rtofs_glo_3dz_f006_6hrly_hvr_US_east.nc
ARGO_GDAC,pfl,aoml/4903248/profiles/D4903248_399.nc|2025-01-31T18:34:30Z|22.04878|-96.16975,aoml/4903248/profiles/D4903248_399.nc,4903248,4903248,22.04878,-96.16975,2025-01-31T18:34:30Z,20250131,2025,1012,1.0,2014.16,80.1285,True,True,True,https://noaa-nws-rtofs-pds.s3.amazonaws.com/rtofs.20250131/rtofs_glo_3dz_f006_6hrly_hvr_US_east.nc
ARGO_GDAC,pfl,aoml/4903248/profiles/D4903248_399.nc|2025-01-31T18:34:30Z|22.04878|-96.16975,aoml/4903248/profiles/D4903248_399.nc,4903248,4903248,22.04878,-96.16975,2025-01-31T18:34:30Z,20250131,2025,848,0.72,99.84,80.488,True,True,True,https://noaa-nws-rtofs-pds.s3.amazonaws.com/rtofs.20250131/rtofs_glo_3dz_f006_6hrly_hvr_US_east.nc
ARGO_GDAC,pfl,aoml/4903248/profiles/D4903248_400.nc|2025-02-05T22:23:42Z|22.04180|-96.09668,aoml/4903248/profiles/D4903248_400.nc,4903248,4903248,22.0418,-96.09668,2025-02-05T22:23:42Z,20250205,2025,1009,1.04,2007.32,22.3884,True,True,True,https://noaa-nws-rtofs-pds.s3.amazonaws.com/rtofs.20250205/rtofs_glo_3dz_f006_6hrly_hvr_US_east.nc
ARGO_GDAC,pfl,aoml/4903248/profiles/D4903248_400.nc|2025-02-05T22:23:42Z|22.04180|-96.09668,aoml/4903248/profiles/D4903248_400.nc,4903248,4903248,22.0418,-96.09668,2025-02-05T22:23:42Z,20250205,2025,854,0.68,100.0,22.24,True,True,True,https://noaa-nws-rtofs-pds.s3.amazonaws.com/rtofs.20250205/rtofs_glo_3dz_f006_6hrly_hvr_US_east.nc
ARGO_GDAC,pfl,aoml/4903248/profiles/D4903248_401.nc|2025-02-11T02:13:46Z|22.20034|-96.13940,aoml/4903248/profiles/D4903248_401.nc,4903248,4903248,22.20034,-96.1394,2025-02-11T02:13:46Z,20250211,2025,1010,1.12,2010.0,25.6898,True,True,True,https://noaa-nws-rtofs-pds.s3.amazonaws.com/rtofs.20250211/rtofs_glo_3dz_f006_6hrly_hvr_US_east.nc
ARGO_GDAC,pfl,aoml/4903248/profiles/D4903248_401.nc|2025-02-11T02:13:46Z|22.20034|-96.13940,aoml/4903248/profiles/D4903248_401.nc,4903248,4903248,22.20034,-96.1394,2025-02-11T02:13:46Z,20250211,2025,859,0.8,99.96,25.67,True,True,True,https://noaa-nws-rtofs-pds.s3.amazonaws.com/rtofs.20250211/rtofs_glo_3dz_f006_6hrly_hvr_US_east.nc
ARGO_GDAC,pfl,aoml/4903248/profiles/D4903248_402.nc|2025-02-16T05:54:26Z|22.27636|-96.09539,aoml/4903248/profiles/D4903248_402.nc,4903248,4903248,22.27636,-96.09539,2025-02-16T05:54:26Z,20250216,2025,1007,1.04,2004.0,60.0931,True,True,True,https://noaa-nws-rtofs-pds.s3.amazonaws.com/rtofs.20250216/rtofs_glo_3dz_f006_6hrly_hvr_US_east.nc
ARGO_GDAC,pfl,aoml/4903248/profiles/D4903248_402.nc|2025-02-16T05:54:26Z|22.27636|-96.09539,aoml/4903248/profiles/D4903248_402.nc,4903248,4903248,22.27636,-96.09539,2025-02-16T05:54:26Z,20250216,2025,852,0.56,99.92,60.6,True,True,True,https://noaa-nws-rtofs-pds.s3.amazonaws.com/rtofs.20250216/rtofs_glo_3dz_f006_6hrly_hvr_US_east.nc
ARGO_GDAC,pfl,aoml/4903248/profiles/D4903248_403.nc|2025-02-21T09:38:42Z|22.19571|-96.12771,aoml/4903248/profiles/D4903248_403.nc,4903248,4903248,22.19571,-96.12771,2025-02-21T09:38:42Z,20250221,2025,1009,1.0,2007.08,84.9944,True,True,True,https://noaa-nws-rtofs-pds.s3.amazonaws.com/rtofs.20250221/rtofs_glo_3dz_f006_6hrly_hvr_US_east.nc
ARGO_GDAC,pfl,aoml/4903248/profiles/D4903248_403.nc|2025-02-21T09:38:42Z|22.19571|-96.12771,aoml/4903248/profiles/D4903248_403.nc,4903248,4903248,22.19571,-96.12771,2025-02-21T09:38:42Z,20250221,2025,821,0.6,99.92,84.6466,True,True,True,https://noaa-nws-rtofs-pds.s3.amazonaws.com/rtofs.20250221/rtofs_glo_3dz_f006_6hrly_hvr_US_east.nc
ARGO_GDAC,pfl,aoml/4903248/profiles/D4903248_404.nc|2025-02-26T13:28:33Z|21.86456|-96.12446,aoml/4903248/profiles/D4903248_404.nc,4903248,4903248,21.86456,-96.12446,2025-02-26T13:28:33Z,20250226,2025,1009,1.0,2007.68,70.0263,True,True,True,https://noaa-nws-rtofs-pds.s3.amazonaws.com/rtofs.20250226/rtofs_glo_3dz_f006_6hrly_hvr_US_east.nc
ARGO_GDAC,pfl,aoml/4903248/profiles/D4903248_404.nc|2025-02-26T13:28:33Z|21.86456|-96.12446,aoml/4903248/profiles/D4903248_404.nc,4903248,4903248,21.86456,-96.12446,2025-02-26T13:28:33Z,20250226,2025,775,0.64,99.96,66.7,True,True,True,https://noaa-nws-rtofs-pds.s3.amazonaws.com/rtofs.20250226/rtofs_glo_3dz_f006_6hrly_hvr_US_east.nc
ARGO_GDAC,pfl,aoml/4903248/profiles/D4903248_405.nc|2025-03-03T17:16:18Z|21.45239|-95.84041,aoml/4903248/profiles/D4903248_405.nc,4903248,4903248,21.45239,-95.84041,2025-03-03T17:16:18Z,20250303,2025,1008,1.12,2005.68,35.7452,True,True,True,https://noaa-nws-rtofs-pds.s3.amazonaws.com/rtofs.20250303/rtofs_glo_3dz_f006_6hrly_hvr_US_east.nc
ARGO_GDAC,pfl,aoml/4903248/profiles/D4903248_405.nc|2025-03-03T17:16:18Z|21.45239|-95.84041,aoml/4903248/profiles/D4903248_405.nc,4903248,4903248,21.45239,-95.84041,2025-03-03T17:16:18Z,20250303,2025,927,0.64,100.0,35.83,True,True,True,https://noaa-nws-rtofs-pds.s3.amazonaws.com/rtofs.20250303/rtofs_glo_3dz_f006_6hrly_hvr_US_east.nc
ARGO_GDAC,pfl,aoml/4903248/profiles/D4903248_406.nc|2025-03-08T21:10:02Z|20.85953|-95.76597,aoml/4903248/profiles/D4903248_406.nc,4903248,4903248,20.85953,-95.76597,2025-03-08T21:10:02Z,20250308,2025,1008,1.0,2005.6,37.3962,True,True,True,https://noaa-nws-rtofs-pds.s3.amazonaws.com/rtofs.20250308/rtofs_glo_3dz_f006_6hrly_hvr_US_east.nc
ARGO_GDAC,pfl,aoml/4903248/profiles/D4903248_406.nc|2025-03-08T21:10:02Z|20.85953|-95.76597,aoml/4903248/profiles/D4903248_406.nc,4903248,4903248,20.85953,-95.76597,2025-03-08T21:10:02Z,20250308,2025,892,0.56,100.0,37.4978,True,True,True,https://noaa-nws-rtofs-pds.s3.amazonaws.com/rtofs.20250308/rtofs_glo_3dz_f006_6hrly_hvr_US_east.nc
ARGO_GDAC,pfl,aoml/4903248/profiles/D4903248_407.nc|2025-03-14T01:04:41Z|20.47451|-95.80463,aoml/4903248/profiles/D4903248_407.nc,4903248,4903248,20.47451,-95.80463,2025-03-14T01:04:41Z,20250314,2025,1011,1.0,2011.2,50.1125,True,True,True,https://noaa-nws-rtofs-pds.s3.amazonaws.com/rtofs.20250314/rtofs_glo_3dz_f006_6hrly_hvr_US_east.nc
ARGO_GDAC,pfl,aoml/4903248/profiles/D4903248_407.nc|2025-03-14T01:04:41Z|20.47451|-95.80463,aoml/4903248/profiles/D4903248_407.nc,4903248,4903248,20.47451,-95.80463,2025-03-14T01:04:41Z,20250314,2025,892,0.68,99.88,50.1105,True,True,True,https://noaa-nws-rtofs-pds.s3.amazonaws.com/rtofs.20250314/rtofs_glo_3dz_f006_6hrly_hvr_US_east.nc
ARGO_GDAC,pfl,aoml/4903248/profiles/D4903248_408.nc|2025-03-19T04:55:29Z|20.23811|-95.81229,aoml/4903248/profiles/D4903248_408.nc,4903248,4903248,20.23811,-95.81229,2025-03-19T04:55:29Z,20250319,2025,1008,0.96,2005.76,44.3937,True,True,True,https://noaa-nws-rtofs-pds.s3.amazonaws.com/rtofs.20250319/rtofs_glo_3dz_f006_6hrly_hvr_US_east.nc
ARGO_GDAC,pfl,aoml/4903248/profiles/D4903248_408.nc|2025-03-19T04:55:29Z|20.23811|-95.81229,aoml/4903248/profiles/D4903248_408.nc,4903248,4903248,20.23811,-95.81229,2025-03-19T04:55:29Z,20250319,2025,903,0.56,99.96,44.385,True,True,True,https://noaa-nws-rtofs-pds.s3.amazonaws.com/rtofs.20250319/rtofs_glo_3dz_f006_6hrly_hvr_US_east.nc
ARGO_GDAC,pfl,aoml/4903248/profiles/D4903248_409.nc|2025-03-24T08:39:46Z|20.08648|-95.81543,aoml/4903248/profiles/D4903248_409.nc,4903248,4903248,20.08648,-95.81543,2025-03-24T08:39:46Z,20250324,2025,1013,0.92,2015.04,34.0595,True,True,True,https://noaa-nws-rtofs-pds.s3.amazonaws.com/rtofs.20250324/rtofs_glo_3dz_f006_6hrly_hvr_US_east.nc
ARGO_GDAC,pfl,aoml/4903248/profiles/D4903248_409.nc|2025-03-24T08:39:46Z|20.08648|-95.81543,aoml/4903248/profiles/D4903248_409.nc,4903248,4903248,20.08648,-95.81543,2025-03-24T08:39:46Z,20250324,2025,885,0.56,99.96,34.5067,True,True,True,https://noaa-nws-rtofs-pds.s3.amazonaws.com/rtofs.20250324/rtofs_glo_3dz_f006_6hrly_hvr_US_east.nc
ARGO_GDAC,pfl,aoml/4903248/profiles/D4903248_410.nc|2025-03-29T12:24:04Z|20.00573|-95.71557,aoml/4903248/profiles/D4903248_410.nc,4903248,4903248,20.00573,-95.71557,2025-03-29T12:24:04Z,20250329,2025,1007,1.04,2004.04,17.8895,True,True,True,https://noaa-nws-rtofs-pds.s3.amazonaws.com/rtofs.20250329/rtofs_glo_3dz_f006_6hrly_hvr_US_east.nc
ARGO_GDAC,pfl,aoml/4903248/profiles/D4903248_410.nc|2025-03-29T12:24:04Z|20.00573|-95.71557,aoml/4903248/profiles/D4903248_410.nc,4903248,4903248,20.00573,-95.71557,2025-03-29T12:24:04Z,20250329,2025,900,0.6,99.96,18.2035,True,True,True,https://noaa-nws-rtofs-pds.s3.amazonaws.com/rtofs.20250329/rtofs_glo_3dz_f006_6hrly_hvr_US_east.nc
ARGO_GDAC,pfl,aoml/4903248/profiles/D4903248_411.nc|2025-04-03T16:09:36Z|19.73627|-95.51377,aoml/4903248/profiles/D4903248_411.nc,4903248,4903248,19.73627,-95.51377,2025-04-03T16:09:36Z,20250403,2025,1008,1.04,2005.96,16.1184,True,True,True,https://noaa-nws-rtofs-pds.s3.amazonaws.com/rtofs.20250403/rtofs_glo_3dz_f006_6hrly_hvr_US_east.nc
ARGO_GDAC,pfl,aoml/4903248/profiles/D4903248_411.nc|2025-04-03T16:09:36Z|19.73627|-95.51377,aoml/4903248/profiles/D4903248_411.nc,4903248,4903248,19.73627,-95.51377,2025-04-03T16:09:36Z,20250403,2025,928,0.64,99.84,15.8565,True,True,True,https://noaa-nws-rtofs-pds.s3.amazonaws.com/rtofs.20250403/rtofs_glo_3dz_f006_6hrly_hvr_US_east.nc
ARGO_GDAC,pfl,aoml/4903248/profiles/D4903248_412.nc|2025-04-08T20:35:13Z|19.59254|-95.44858,aoml/4903248/profiles/D4903248_412.nc,4903248,4903248,19.59254,-95.44858,2025-04-08T20:35:13Z,20250408,2025,992,0.48,1971.68,37.5545,True,True,True,https://noaa-nws-rtofs-pds.s3.amazonaws.com/rtofs.20250408/rtofs_glo_3dz_f006_6hrly_hvr_US_east.nc
ARGO_GDAC,pfl,aoml/4903248/profiles/D4903248_412.nc|2025-04-08T20:35:13Z|19.59254|-95.44858,aoml/4903248/profiles/D4903248_412.nc,4903248,4903248,19.59254,-95.44858,2025-04-08T20:35:13Z,20250408,2025,880,0.48,99.92,37.8071,True,True,True,https://noaa-nws-rtofs-pds.s3.amazonaws.com/rtofs.20250408/rtofs_glo_3dz_f006_6hrly_hvr_US_east.nc
ARGO_GDAC,pfl,aoml/4903248/profiles/D4903248_413.nc|2025-04-14T00:14:24Z|19.80257|-95.51002,aoml/4903248/profiles/D4903248_413.nc,4903248,4903248,19.80257,-95.51002,2025-04-14T00:14:24Z,20250414,2025,1008,0.92,2005.4,26.3334,True,True,True,https://noaa-nws-rtofs-pds.s3.amazonaws.com/rtofs.20250414/rtofs_glo_3dz_f006_6hrly_hvr_US_east.nc
ARGO_GDAC,pfl,aoml/4903248/profiles/D4903248_413.nc|2025-04-14T00:14:24Z|19.80257|-95.51002,aoml/4903248/profiles/D4903248_413.nc,4903248,4903248,19.80257,-95.51002,2025-04-14T00:14:24Z,20250414,2025,923,0.6,99.96,20.9801,True,True,True,https://noaa-nws-rtofs-pds.s3.amazonaws.com/rtofs.20250414/rtofs_glo_3dz_f006_6hrly_hvr_US_east.nc
ARGO_GDAC,pfl,aoml/4903248/profiles/D4903248_414.nc|2025-04-19T04:01:03Z|20.15732|-95.82867,aoml/4903248/profiles/D4903248_414.nc,4903248,4903248,20.15732,-95.82867,2025-04-19T04:01:03Z,20250419,2025,1009,0.96,2007.36,29.4022,True,True,True,https://noaa-nws-rtofs-pds.s3.amazonaws.com/rtofs.20250419/rtofs_glo_3dz_f006_6hrly_hvr_US_east.nc
ARGO_GDAC,pfl,aoml/4903248/profiles/D4903248_414.nc|2025-04-19T04:01:03Z|20.15732|-95.82867,aoml/4903248/profiles/D4903248_414.nc,4903248,4903248,20.15732,-95.82867,2025-04-19T04:01:03Z,20250419,2025,913,0.52,99.96,28.7543,True,True,True,https://noaa-nws-rtofs-pds.s3.amazonaws.com/rtofs.20250419/rtofs_glo_3dz_f006_6hrly_hvr_US_east.nc
ARGO_GDAC,pfl,aoml/4903248/profiles/D4903248_415.nc|2025-04-24T07:37:03Z|20.55479|-95.76224,aoml/4903248/profiles/D4903248_415.nc,4903248,4903248,20.55479,-95.76224,2025-04-24T07:37:03Z,20250424,2025,1008,1.04,2005.04,32.766,True,True,True,https://noaa-nws-rtofs-pds.s3.amazonaws.com/rtofs.20250424/rtofs_glo_3dz_f006_6hrly_hvr_US_east.nc
ARGO_GDAC,pfl,aoml/4903248/profiles/D4903248_415.nc|2025-04-24T07:37:03Z|20.55479|-95.76224,aoml/4903248/profiles/D4903248_415.nc,4903248,4903248,20.55479,-95.76224,2025-04-24T07:37:03Z,20250424,2025,951,0.76,99.88,32.54,True,True,True,https://noaa-nws-rtofs-pds.s3.amazonaws.com/rtofs.20250424/rtofs_glo_3dz_f006_6hrly_hvr_US_east.nc
ARGO_GDAC,pfl,aoml/4903248/profiles/D4903248_416.nc|2025-04-29T11:23:29Z|20.55130|-95.90945,aoml/4903248/profiles/D4903248_416.nc,4903248,4903248,20.5513,-95.90945,2025-04-29T11:23:29Z,20250429,2025,1010,0.96,2009.04,16.1415,True,True,True,https://noaa-nws-rtofs-pds.s3.amazonaws.com/rtofs.20250429/rtofs_glo_3dz_f006_6hrly_hvr_US_east.nc
ARGO_GDAC,pfl,aoml/4903248/profiles/D4903248_416.nc|2025-04-29T11:23:29Z|20.55130|-95.90945,aoml/4903248/profiles/D4903248_416.nc,4903248,4903248,20.5513,-95.90945,2025-04-29T11:23:29Z,20250429,2025,963,0.52,99.88,16.2656,True,True,True,https://noaa-nws-rtofs-pds.s3.amazonaws.com/rtofs.20250429/rtofs_glo_3dz_f006_6hrly_hvr_US_east.nc
ARGO_GDAC,pfl,aoml/4903248/profiles/D4903248_417.nc|2025-05-04T15:19:34Z|20.33555|-95.78700,aoml/4903248/profiles/D4903248_417.nc,4903248,4903248,20.33555,-95.787,2025-05-04T15:19:34Z,20250504,2025,1008,1.12,2005.88,24.1078,True,True,True,https://noaa-nws-rtofs-pds.s3.amazonaws.com/rtofs.20250504/rtofs_glo_3dz_f006_6hrly_hvr_US_east.nc
ARGO_GDAC,pfl,aoml/4903248/profiles/D4903248_417.nc|2025-05-04T15:19:34Z|20.33555|-95.78700,aoml/4903248/profiles/D4903248_417.nc,4903248,4903248,20.33555,-95.787,2025-05-04T15:19:34Z,20250504,2025,932,0.88,99.92,24.3111,True,True,True,https://noaa-nws-rtofs-pds.s3.amazonaws.com/rtofs.20250504/rtofs_glo_3dz_f006_6hrly_hvr_US_east.nc
ARGO_GDAC,pfl,aoml/4903248/profiles/D4903248_418.nc|2025-05-09T19:14:12Z|20.36232|-95.90061,aoml/4903248/profiles/D4903248_418.nc,4903248,4903248,20.36232,-95.90061,2025-05-09T19:14:12Z,20250509,2025,1008,1.04,2006.16,12.511,True,True,True,https://noaa-nws-rtofs-pds.s3.amazonaws.com/rtofs.20250509/rtofs_glo_3dz_f006_6hrly_hvr_US_east.nc
ARGO_GDAC,pfl,aoml/4903248/profiles/D4903248_418.nc|2025-05-09T19:14:12Z|20.36232|-95.90061,aoml/4903248/profiles/D4903248_418.nc,4903248,4903248,20.36232,-95.90061,2025-05-09T19:14:12Z,20250509,2025,940,0.6,99.92,12.3523,True,True,True,https://noaa-nws-rtofs-pds.s3.amazonaws.com/rtofs.20250509/rtofs_glo_3dz_f006_6hrly_hvr_US_east.nc
ARGO_GDAC,pfl,aoml/4903248/profiles/D4903248_419.nc|2025-05-14T23:02:11Z|20.09909|-95.90503,aoml/4903248/profiles/D4903248_419.nc,4903248,4903248,20.09909,-95.90503,2025-05-14T23:02:11Z,20250514,2025,1008,0.96,2005.6,21.2719,True,True,True,https://noaa-nws-rtofs-pds.s3.amazonaws.com/rtofs.20250514/rtofs_glo_3dz_f006_6hrly_hvr_US_east.nc
ARGO_GDAC,pfl,aoml/4903248/profiles/D4903248_419.nc|2025-05-14T23:02:11Z|20.09909|-95.90503,aoml/4903248/profiles/D4903248_419.nc,4903248,4903248,20.09909,-95.90503,2025-05-14T23:02:11Z,20250514,2025,902,0.52,99.96,21.36,True,True,True,https://noaa-nws-rtofs-pds.s3.amazonaws.com/rtofs.20250514/rtofs_glo_3dz_f006_6hrly_hvr_US_east.nc
ARGO_GDAC,pfl,aoml/4903248/profiles/D4903248_420.nc|2025-05-20T02:52:17Z|19.68755|-95.56281,aoml/4903248/profiles/D4903248_420.nc,4903248,4903248,19.68755,-95.56281,2025-05-20T02:52:17Z,20250520,2025,1011,1.12,2011.32,14.1853,True,True,True,https://noaa-nws-rtofs-pds.s3.amazonaws.com/rtofs.20250520/rtofs_glo_3dz_f006_6hrly_hvr_US_east.nc
ARGO_GDAC,pfl,aoml/4903248/profiles/D4903248_420.nc|2025-05-20T02:52:17Z|19.68755|-95.56281,aoml/4903248/profiles/D4903248_420.nc,4903248,4903248,19.68755,-95.56281,2025-05-20T02:52:17Z,20250520,2025,981,0.8,99.96,14.48,True,True,True,https://noaa-nws-rtofs-pds.s3.amazonaws.com/rtofs.20250520/rtofs_glo_3dz_f006_6hrly_hvr_US_east.nc
ARGO_GDAC,pfl,aoml/4903248/profiles/D4903248_421.nc|2025-05-25T06:43:26Z|19.25341|-95.05072,aoml/4903248/profiles/D4903248_421.nc,4903248,4903248,19.25341,-95.05072,2025-05-25T06:43:26Z,20250525,2025,1010,1.0,2009.04,12.5581,True,True,True,https://noaa-nws-rtofs-pds.s3.amazonaws.com/rtofs.20250525/rtofs_glo_3dz_f006_6hrly_hvr_US_east.nc
ARGO_GDAC,pfl,aoml/4903248/profiles/D4903248_421.nc|2025-05-25T06:43:26Z|19.25341|-95.05072,aoml/4903248/profiles/D4903248_421.nc,4903248,4903248,19.25341,-95.05072,2025-05-25T06:43:26Z,20250525,2025,936,0.6,99.88,13.1067,True,True,True,https://noaa-nws-rtofs-pds.s3.amazonaws.com/rtofs.20250525/rtofs_glo_3dz_f006_6hrly_hvr_US_east.nc
ARGO_GDAC,pfl,aoml/4903248/profiles/D4903248_422.nc|2025-05-30T10:26:47Z|19.49593|-94.63212,aoml/4903248/profiles/D4903248_422.nc,4903248,4903248,19.49593,-94.63212,2025-05-30T10:26:47Z,20250530,2025,899,0.96,1787.24,20.4124,True,True,True,https://noaa-nws-rtofs-pds.s3.amazonaws.com/rtofs.20250530/rtofs_glo_3dz_f006_6hrly_hvr_US_east.nc
ARGO_GDAC,pfl,aoml/4903248/profiles/D4903248_422.nc|2025-05-30T10:26:47Z|19.49593|-94.63212,aoml/4903248/profiles/D4903248_422.nc,4903248,4903248,19.49593,-94.63212,2025-05-30T10:26:47Z,20250530,2025,920,0.64,99.96,21.0514,True,True,True,https://noaa-nws-rtofs-pds.s3.amazonaws.com/rtofs.20250530/rtofs_glo_3dz_f006_6hrly_hvr_US_east.nc
ARGO_GDAC,pfl,aoml/4903248/profiles/D4903248_423.nc|2025-06-04T14:14:23Z|19.69797|-94.46078,aoml/4903248/profiles/D4903248_423.nc,4903248,4903248,19.69797,-94.46078,2025-06-04T14:14:23Z,20250604,2025,892,1.0,1773.92,13.8464,True,True,True,https://noaa-nws-rtofs-pds.s3.amazonaws.com/rtofs.20250604/rtofs_glo_3dz_f006_6hrly_hvr_US_east.nc
ARGO_GDAC,pfl,aoml/4903248/profiles/D4903248_423.nc|2025-06-04T14:14:23Z|19.69797|-94.46078,aoml/4903248/profiles/D4903248_423.nc,4903248,4903248,19.69797,-94.46078,2025-06-04T14:14:23Z,20250604,2025,919,0.52,99.88,13.9548,True,True,True,https://noaa-nws-rtofs-pds.s3.amazonaws.com/rtofs.20250604/rtofs_glo_3dz_f006_6hrly_hvr_US_east.nc
ARGO_GDAC,pfl,aoml/4903248/profiles/D4903248_424.nc|2025-06-09T17:42:14Z|19.78486|-94.47523,aoml/4903248/profiles/D4903248_424.nc,4903248,4903248,19.78486,-94.47523,2025-06-09T17:42:14Z,20250609,2025,820,1.08,1629.16,15.2175,True,True,True,https://noaa-nws-rtofs-pds.s3.amazonaws.com/rtofs.20250609/rtofs_glo_3dz_f006_6hrly_hvr_US_east.nc
ARGO_GDAC,pfl,aoml/4903248/profiles/D4903248_424.nc|2025-06-09T17:42:14Z|19.78486|-94.47523,aoml/4903248/profiles/D4903248_424.nc,4903248,4903248,19.78486,-94.47523,2025-06-09T17:42:14Z,20250609,2025,985,0.8,99.96,15.472,True,True,True,https://noaa-nws-rtofs-pds.s3.amazonaws.com/rtofs.20250609/rtofs_glo_3dz_f006_6hrly_hvr_US_east.nc
ARGO_GDAC,pfl,aoml/4903248/profiles/D4903248_425.nc|2025-06-14T21:14:21Z|19.85805|-94.44264,aoml/4903248/profiles/D4903248_425.nc,4903248,4903248,19.85805,-94.44264,2025-06-14T21:14:21Z,20250614,2025,852,0.48,1691.68,23.9933,True,True,True,https://noaa-nws-rtofs-pds.s3.amazonaws.com/rtofs.20250614/rtofs_glo_3dz_f006_6hrly_hvr_US_east.nc
ARGO_GDAC,pfl,aoml/4903248/profiles/D4903248_425.nc|2025-06-14T21:14:21Z|19.85805|-94.44264,aoml/4903248/profiles/D4903248_425.nc,4903248,4903248,19.85805,-94.44264,2025-06-14T21:14:21Z,20250614,2025,937,0.48,99.96,24.04,True,True,True,https://noaa-nws-rtofs-pds.s3.amazonaws.com/rtofs.20250614/rtofs_glo_3dz_f006_6hrly_hvr_US_east.nc
ARGO_GDAC,pfl,aoml/4903248/profiles/D4903248_426.nc|2025-06-20T00:46:55Z|19.85849|-94.44722,aoml/4903248/profiles/D4903248_426.nc,4903248,4903248,19.85849,-94.44722,2025-06-20T00:46:55Z,20250620,2025,848,1.04,1686.08,23.8839,True,True,True,https://noaa-nws-rtofs-pds.s3.amazonaws.com/rtofs.20250620/rtofs_glo_3dz_f006_6hrly_hvr_US_east.nc
ARGO_GDAC,pfl,aoml/4903248/profiles/D4903248_426.nc|2025-06-20T00:46:55Z|19.85849|-94.44722,aoml/4903248/profiles/D4903248_426.nc,4903248,4903248,19.85849,-94.44722,2025-06-20T00:46:55Z,20250620,2025,999,0.72,99.96,22.32,True,True,True,https://noaa-nws-rtofs-pds.s3.amazonaws.com/rtofs.20250620/rtofs_glo_3dz_f006_6hrly_hvr_US_east.nc
ARGO_GDAC,pfl,aoml/4903248/profiles/D4903248_427.nc|2025-06-25T03:54:51Z|19.82720|-94.46756,aoml/4903248/profiles/D4903248_427.nc,4903248,4903248,19.8272,-94.46756,2025-06-25T03:54:51Z,20250625,2025,771,1.0,1532.08,20.8061,True,True,True,https://noaa-nws-rtofs-pds.s3.amazonaws.com/rtofs.20250625/rtofs_glo_3dz_f006_6hrly_hvr_US_east.nc
ARGO_GDAC,pfl,aoml/4903248/profiles/D4903248_427.nc|2025-06-25T03:54:51Z|19.82720|-94.46756,aoml/4903248/profiles/D4903248_427.nc,4903248,4903248,19.8272,-94.46756,2025-06-25T03:54:51Z,20250625,2025,903,0.6,100.0,20.71,True,True,True,https://noaa-nws-rtofs-pds.s3.amazonaws.com/rtofs.20250625/rtofs_glo_3dz_f006_6hrly_hvr_US_east.nc
ARGO_GDAC,pfl,aoml/4903248/profiles/D4903248_428.nc|2025-06-30T07:23:48Z|19.67260|-94.57253,aoml/4903248/profiles/D4903248_428.nc,4903248,4903248,19.6726,-94.57253,2025-06-30T07:23:48Z,20250630,2025,843,1.12,1675.8,25.7858,True,True,True,https://noaa-nws-rtofs-pds.s3.amazonaws.com/rtofs.20250630/rtofs_glo_3dz_f006_6hrly_hvr_US_east.nc
ARGO_GDAC,pfl,aoml/4903248/profiles/D4903248_428.nc|2025-06-30T07:23:48Z|19.67260|-94.57253,aoml/4903248/profiles/D4903248_428.nc,4903248,4903248,19.6726,-94.57253,2025-06-30T07:23:48Z,20250630,2025,956,0.8,99.96,26.2329,True,True,True,https://noaa-nws-rtofs-pds.s3.amazonaws.com/rtofs.20250630/rtofs_glo_3dz_f006_6hrly_hvr_US_east.nc
ARGO_GDAC,pfl,aoml/4903248/profiles/D4903248_429.nc|2025-07-05T11:10:47Z|19.64299|-94.51849,aoml/4903248/profiles/D4903248_429.nc,4903248,4903248,19.64299,-94.51849,2025-07-05T11:10:47Z,20250705,2025,892,1.04,1773.16,14.8946,True,True,True,https://noaa-nws-rtofs-pds.s3.amazonaws.com/rtofs.20250705/rtofs_glo_3dz_f006_6hrly_hvr_US_east.nc
ARGO_GDAC,pfl,aoml/4903248/profiles/D4903248_429.nc|2025-07-05T11:10:47Z|19.64299|-94.51849,aoml/4903248/profiles/D4903248_429.nc,4903248,4903248,19.64299,-94.51849,2025-07-05T11:10:47Z,20250705,2025,919,0.72,99.96,15.3813,True,True,True,https://noaa-nws-rtofs-pds.s3.amazonaws.com/rtofs.20250705/rtofs_glo_3dz_f006_6hrly_hvr_US_east.nc
ARGO_GDAC,pfl,aoml/4903248/profiles/D4903248_430.nc|2025-07-10T14:40:17Z|19.67971|-94.50081,aoml/4903248/profiles/D4903248_430.nc,4903248,4903248,19.67971,-94.50081,2025-07-10T14:40:17Z,20250710,2025,842,1.32,1673.04,27.5298,True,True,True,https://noaa-nws-rtofs-pds.s3.amazonaws.com/rtofs.20250710/rtofs_glo_3dz_f006_6hrly_hvr_US_east.nc
ARGO_GDAC,pfl,aoml/4903248/profiles/D4903248_430.nc|2025-07-10T14:40:17Z|19.67971|-94.50081,aoml/4903248/profiles/D4903248_430.nc,4903248,4903248,19.67971,-94.50081,2025-07-10T14:40:17Z,20250710,2025,989,1.2,99.96,27.9,True,True,True,https://noaa-nws-rtofs-pds.s3.amazonaws.com/rtofs.20250710/rtofs_glo_3dz_f006_6hrly_hvr_US_east.nc
ARGO_GDAC,pfl,aoml/4903248/profiles/D4903248_431.nc|2025-07-15T18:00:49Z|19.74937|-94.48633,aoml/4903248/profiles/D4903248_431.nc,4903248,4903248,19.74937,-94.48633,2025-07-15T18:00:49Z,20250715,2025,810,0.48,1607.32,31.7403,True,True,True,https://noaa-nws-rtofs-pds.s3.amazonaws.com/rtofs.20250715/rtofs_glo_3dz_f006_6hrly_hvr_US_east.nc
ARGO_GDAC,pfl,aoml/4903248/profiles/D4903248_431.nc|2025-07-15T18:00:49Z|19.74937|-94.48633,aoml/4903248/profiles/D4903248_431.nc,4903248,4903248,19.74937,-94.48633,2025-07-15T18:00:49Z,20250715,2025,988,0.48,99.88,31.6324,True,True,True,https://noaa-nws-rtofs-pds.s3.amazonaws.com/rtofs.20250715/rtofs_glo_3dz_f006_6hrly_hvr_US_east.nc
ARGO_GDAC,pfl,aoml/4903248/profiles/D4903248_432.nc|2025-07-20T21:20:04Z|19.93713|-94.36830,aoml/4903248/profiles/D4903248_432.nc,4903248,4903248,19.93713,-94.3683,2025-07-20T21:20:04Z,20250720,2025,803,1.08,1596.52,30.5605,True,True,True,https://noaa-nws-rtofs-pds.s3.amazonaws.com/rtofs.20250720/rtofs_glo_3dz_f006_6hrly_hvr_US_east.nc
ARGO_GDAC,pfl,aoml/4903248/profiles/D4903248_432.nc|2025-07-20T21:20:04Z|19.93713|-94.36830,aoml/4903248/profiles/D4903248_432.nc,4903248,4903248,19.93713,-94.3683,2025-07-20T21:20:04Z,20250720,2025,984,0.72,99.92,31.0,True,True,True,https://noaa-nws-rtofs-pds.s3.amazonaws.com/rtofs.20250720/rtofs_glo_3dz_f006_6hrly_hvr_US_east.nc
ARGO_GDAC,pfl,aoml/4903248/profiles/D4903248_433.nc|2025-07-26T00:14:07Z|19.95655|-94.33860,aoml/4903248/profiles/D4903248_433.nc,4903248,4903248,19.95655,-94.3386,2025-07-26T00:14:07Z,20250726,2025,710,1.04,1410.24,19.7802,True,True,True,https://noaa-nws-rtofs-pds.s3.amazonaws.com/rtofs.20250726/rtofs_glo_3dz_f006_6hrly_hvr_US_east.nc
ARGO_GDAC,pfl,aoml/4903248/profiles/D4903248_433.nc|2025-07-26T00:14:07Z|19.95655|-94.33860,aoml/4903248/profiles/D4903248_433.nc,4903248,4903248,19.95655,-94.3386,2025-07-26T00:14:07Z,20250726,2025,951,0.68,99.96,19.7867,True,True,True,https://noaa-nws-rtofs-pds.s3.amazonaws.com/rtofs.20250726/rtofs_glo_3dz_f006_6hrly_hvr_US_east.nc
ARGO_GDAC,pfl,aoml/4903248/profiles/D4903248_434.nc|2025-07-31T03:00:33Z|19.96976|-94.32629,aoml/4903248/profiles/D4903248_434.nc,4903248,4903248,19.96976,-94.32629,2025-07-31T03:00:33Z,20250731,2025,697,1.0,1383.36,20.5138,True,True,True,https://noaa-nws-rtofs-pds.s3.amazonaws.com/rtofs.20250731/rtofs_glo_3dz_f006_6hrly_hvr_US_east.nc
ARGO_GDAC,pfl,aoml/4903248/profiles/D4903248_434.nc|2025-07-31T03:00:33Z|19.96976|-94.32629,aoml/4903248/profiles/D4903248_434.nc,4903248,4903248,19.96976,-94.32629,2025-07-31T03:00:33Z,20250731,2025,941,0.6,100.0,20.2578,True,True,True,https://noaa-nws-rtofs-pds.s3.amazonaws.com/rtofs.20250731/rtofs_glo_3dz_f006_6hrly_hvr_US_east.nc
ARGO_GDAC,pfl,aoml/4903248/profiles/D4903248_435.nc|2025-08-05T05:44:42Z|19.97025|-94.31356,aoml/4903248/profiles/D4903248_435.nc,4903248,4903248,19.97025,-94.31356,2025-08-05T05:44:42Z,20250805,2025,683,1.04,1355.56,24.4488,True,True,True,https://noaa-nws-rtofs-pds.s3.amazonaws.com/rtofs.20250805/rtofs_glo_3dz_f006_6hrly_hvr_US_east.nc
ARGO_GDAC,pfl,aoml/4903248/profiles/D4903248_435.nc|2025-08-05T05:44:42Z|19.97025|-94.31356,aoml/4903248/profiles/D4903248_435.nc,4903248,4903248,19.97025,-94.31356,2025-08-05T05:44:42Z,20250805,2025,889,0.64,99.8,24.5617,True,True,True,https://noaa-nws-rtofs-pds.s3.amazonaws.com/rtofs.20250805/rtofs_glo_3dz_f006_6hrly_hvr_US_east.nc
ARGO_GDAC,pfl,aoml/4903248/profiles/D4903248_436.nc|2025-08-10T09:33:08Z|19.96560|-94.27924,aoml/4903248/profiles/D4903248_436.nc,4903248,4903248,19.9656,-94.27924,2025-08-10T09:33:08Z,20250810,2025,903,1.0,1795.0,33.4414,True,True,True,https://noaa-nws-rtofs-pds.s3.amazonaws.com/rtofs.20250810/rtofs_glo_3dz_f006_6hrly_hvr_US_east.nc
ARGO_GDAC,pfl,aoml/4903248/profiles/D4903248_436.nc|2025-08-10T09:33:08Z|19.96560|-94.27924,aoml/4903248/profiles/D4903248_436.nc,4903248,4903248,19.9656,-94.27924,2025-08-10T09:33:08Z,20250810,2025,1000,0.68,100.0,33.8314,True,True,True,https://noaa-nws-rtofs-pds.s3.amazonaws.com/rtofs.20250810/rtofs_glo_3dz_f006_6hrly_hvr_US_east.nc
ARGO_GDAC,pfl,aoml/4903248/profiles/D4903248_437.nc|2025-08-15T12:53:57Z|19.95783|-94.27660,aoml/4903248/profiles/D4903248_437.nc,4903248,4903248,19.95783,-94.2766,2025-08-15T12:53:57Z,20250815,2025,789,1.0,1568.88,25.7028,True,True,True,https://noaa-nws-rtofs-pds.s3.amazonaws.com/rtofs.20250815/rtofs_glo_3dz_f006_6hrly_hvr_US_east.nc
ARGO_GDAC,pfl,aoml/4903248/profiles/D4903248_437.nc|2025-08-15T12:53:57Z|19.95783|-94.27660,aoml/4903248/profiles/D4903248_437.nc,4903248,4903248,19.95783,-94.2766,2025-08-15T12:53:57Z,20250815,2025,997,0.56,99.84,25.7467,True,True,True,https://noaa-nws-rtofs-pds.s3.amazonaws.com/rtofs.20250815/rtofs_glo_3dz_f006_6hrly_hvr_US_east.nc
ARGO_GDAC,pfl,aoml/4903248/profiles/D4903248_438.nc|2025-08-20T16:01:24Z|20.00719|-94.29935,aoml/4903248/profiles/D4903248_438.nc,4903248,4903248,20.00719,-94.29935,2025-08-20T16:01:24Z,20250820,2025,760,1.0,1509.64,26.3991,True,True,True,https://noaa-nws-rtofs-pds.s3.amazonaws.com/rtofs.20250820/rtofs_glo_3dz_f006_6hrly_hvr_US_east.nc
ARGO_GDAC,pfl,aoml/4903248/profiles/D4903248_438.nc|2025-08-20T16:01:24Z|20.00719|-94.29935,aoml/4903248/profiles/D4903248_438.nc,4903248,4903248,20.00719,-94.29935,2025-08-20T16:01:24Z,20250820,2025,925,0.56,99.96,26.3011,True,True,True,https://noaa-nws-rtofs-pds.s3.amazonaws.com/rtofs.20250820/rtofs_glo_3dz_f006_6hrly_hvr_US_east.nc
ARGO_GDAC,pfl,aoml/4903248/profiles/D4903248_439.nc|2025-08-25T19:08:08Z|20.06303|-94.26788,aoml/4903248/profiles/D4903248_439.nc,4903248,4903248,20.06303,-94.26788,2025-08-25T19:08:08Z,20250825,2025,760,0.96,1509.28,21.8786,True,True,True,https://noaa-nws-rtofs-pds.s3.amazonaws.com/rtofs.20250825/rtofs_glo_3dz_f006_6hrly_hvr_US_east.nc
ARGO_GDAC,pfl,aoml/4903248/profiles/D4903248_439.nc|2025-08-25T19:08:08Z|20.06303|-94.26788,aoml/4903248/profiles/D4903248_439.nc,4903248,4903248,20.06303,-94.26788,2025-08-25T19:08:08Z,20250825,2025,977,0.6,99.8,20.86,True,True,True,https://noaa-nws-rtofs-pds.s3.amazonaws.com/rtofs.20250825/rtofs_glo_3dz_f006_6hrly_hvr_US_east.nc
ARGO_GDAC,pfl,aoml/4903248/profiles/D4903248_440.nc|2025-08-30T23:06:01Z|20.05093|-94.34816,aoml/4903248/profiles/D4903248_440.nc,4903248,4903248,20.05093,-94.34816,2025-08-30T23:06:01Z,20250830,2025,911,1.08,1812.32,34.0796,True,True,True,https://noaa-nws-rtofs-pds.s3.amazonaws.com/rtofs.20250830/rtofs_glo_3dz_f006_6hrly_hvr_US_east.nc
ARGO_GDAC,pfl,aoml/4903248/profiles/D4903248_440.nc|2025-08-30T23:06:01Z|20.05093|-94.34816,aoml/4903248/profiles/D4903248_440.nc,4903248,4903248,20.05093,-94.34816,2025-08-30T23:06:01Z,20250830,2025,1020,0.96,99.96,34.2533,True,True,True,https://noaa-nws-rtofs-pds.s3.amazonaws.com/rtofs.20250830/rtofs_glo_3dz_f006_6hrly_hvr_US_east.nc
ARGO_GDAC,pfl,aoml/4903248/profiles/D4903248_441.nc|2025-09-05T03:32:47Z|20.07306|-94.34809,aoml/4903248/profiles/D4903248_441.nc,4903248,4903248,20.07306,-94.34809,2025-09-05T03:32:47Z,20250905,2025,991,1.12,1971.84,15.6758,True,True,True,https://noaa-nws-rtofs-pds.s3.amazonaws.com/rtofs.20250905/rtofs_glo_3dz_f006_6hrly_hvr_US_east.nc
ARGO_GDAC,pfl,aoml/4903248/profiles/D4903248_441.nc|2025-09-05T03:32:47Z|20.07306|-94.34809,aoml/4903248/profiles/D4903248_441.nc,4903248,4903248,20.07306,-94.34809,2025-09-05T03:32:47Z,20250905,2025,1001,0.8,99.92,15.2347,True,True,True,https://noaa-nws-rtofs-pds.s3.amazonaws.com/rtofs.20250905/rtofs_glo_3dz_f006_6hrly_hvr_US_east.nc
ARGO_GDAC,pfl,aoml/4903248/profiles/D4903248_442.nc|2025-09-10T07:28:23Z|19.96953|-94.46198,aoml/4903248/profiles/D4903248_442.nc,4903248,4903248,19.96953,-94.46198,2025-09-10T07:28:23Z,20250910,2025,912,1.04,1813.72,29.2396,True,True,True,https://noaa-nws-rtofs-pds.s3.amazonaws.com/rtofs.20250910/rtofs_glo_3dz_f006_6hrly_hvr_US_east.nc
ARGO_GDAC,pfl,aoml/4903248/profiles/D4903248_442.nc|2025-09-10T07:28:23Z|19.96953|-94.46198,aoml/4903248/profiles/D4903248_442.nc,4903248,4903248,19.96953,-94.46198,2025-09-10T07:28:23Z,20250910,2025,1001,0.68,99.96,29.2847,True,True,True,https://noaa-nws-rtofs-pds.s3.amazonaws.com/rtofs.20250910/rtofs_glo_3dz_f006_6hrly_hvr_US_east.nc
ARGO_GDAC,pfl,aoml/4903248/profiles/D4903248_443.nc|2025-09-15T11:28:14Z|20.00758|-94.53114,aoml/4903248/profiles/D4903248_443.nc,4903248,4903248,20.00758,-94.53114,2025-09-15T11:28:14Z,20250915,2025,1006,1.08,2001.92,14.6417,True,True,True,https://noaa-nws-rtofs-pds.s3.amazonaws.com/rtofs.20250915/rtofs_glo_3dz_f006_6hrly_hvr_US_east.nc
ARGO_GDAC,pfl,aoml/4903248/profiles/D4903248_443.nc|2025-09-15T11:28:14Z|20.00758|-94.53114,aoml/4903248/profiles/D4903248_443.nc,4903248,4903248,20.00758,-94.53114,2025-09-15T11:28:14Z,20250915,2025,1000,0.68,99.96,15.2295,True,True,True,https://noaa-nws-rtofs-pds.s3.amazonaws.com/rtofs.20250915/rtofs_glo_3dz_f006_6hrly_hvr_US_east.nc
ARGO_GDAC,pfl,aoml/4903248/profiles/D4903248_444.nc|2025-09-20T15:05:06Z|20.14967|-94.58012,aoml/4903248/profiles/D4903248_444.nc,4903248,4903248,20.14967,-94.58012,2025-09-20T15:05:06Z,20250920,2025,1009,0.48,2006.2,20.5683,True,True,True,https://noaa-nws-rtofs-pds.s3.amazonaws.com/rtofs.20250920/rtofs_glo_3dz_f006_6hrly_hvr_US_east.nc
ARGO_GDAC,pfl,aoml/4903248/profiles/D4903248_444.nc|2025-09-20T15:05:06Z|20.14967|-94.58012,aoml/4903248/profiles/D4903248_444.nc,4903248,4903248,20.14967,-94.58012,2025-09-20T15:05:06Z,20250920,2025,987,0.48,99.88,20.3463,True,True,True,https://noaa-nws-rtofs-pds.s3.amazonaws.com/rtofs.20250920/rtofs_glo_3dz_f006_6hrly_hvr_US_east.nc
ARGO_GDAC,pfl,aoml/4903248/profiles/D4903248_445.nc|2025-09-25T18:49:29Z|20.43674|-94.48151,aoml/4903248/profiles/D4903248_445.nc,4903248,4903248,20.43674,-94.48151,2025-09-25T18:49:29Z,20250925,2025,1009,1.04,2007.08,20.3226,True,True,True,https://noaa-nws-rtofs-pds.s3.amazonaws.com/rtofs.20250925/rtofs_glo_3dz_f006_6hrly_hvr_US_east.nc
ARGO_GDAC,pfl,aoml/4903248/profiles/D4903248_445.nc|2025-09-25T18:49:29Z|20.43674|-94.48151,aoml/4903248/profiles/D4903248_445.nc,4903248,4903248,20.43674,-94.48151,2025-09-25T18:49:29Z,20250925,2025,994,0.68,99.92,20.3583,True,True,True,https://noaa-nws-rtofs-pds.s3.amazonaws.com/rtofs.20250925/rtofs_glo_3dz_f006_6hrly_hvr_US_east.nc
ARGO_GDAC,pfl,aoml/4903248/profiles/D4903248_446.nc|2025-09-30T22:41:03Z|20.63776|-94.32403,aoml/4903248/profiles/D4903248_446.nc,4903248,4903248,20.63776,-94.32403,2025-09-30T22:41:03Z,20250930,2025,1008,0.96,2005.64,35.4876,True,True,True,https://noaa-nws-rtofs-pds.s3.amazonaws.com/rtofs.20250930/rtofs_glo_3dz_f006_6hrly_hvr_US_east.nc
ARGO_GDAC,pfl,aoml/4903248/profiles/D4903248_446.nc|2025-09-30T22:41:03Z|20.63776|-94.32403,aoml/4903248/profiles/D4903248_446.nc,4903248,4903248,20.63776,-94.32403,2025-09-30T22:41:03Z,20250930,2025,1010,0.52,99.96,36.36,True,True,True,https://noaa-nws-rtofs-pds.s3.amazonaws.com/rtofs.20250930/rtofs_glo_3dz_f006_6hrly_hvr_US_east.nc
ARGO_GDAC,pfl,aoml/4903248/profiles/D4903248_447.nc|2025-10-06T02:29:54Z|20.72120|-94.17229,aoml/4903248/profiles/D4903248_447.nc,4903248,4903248,20.7212,-94.17229,2025-10-06T02:29:54Z,20251006,2025,1012,1.04,2014.04,30.6872,True,True,True,https://noaa-nws-rtofs-pds.s3.amazonaws.com/rtofs.20251006/rtofs_glo_3dz_f006_6hrly_hvr_US_east.nc
ARGO_GDAC,pfl,aoml/4903248/profiles/D4903248_447.nc|2025-10-06T02:29:54Z|20.72120|-94.17229,aoml/4903248/profiles/D4903248_447.nc,4903248,4903248,20.7212,-94.17229,2025-10-06T02:29:54Z,20251006,2025,949,0.6,99.96,31.4875,True,True,True,https://noaa-nws-rtofs-pds.s3.amazonaws.com/rtofs.20251006/rtofs_glo_3dz_f006_6hrly_hvr_US_east.nc
ARGO_GDAC,pfl,aoml/4903248/profiles/D4903248_448.nc|2025-10-11T06:22:25Z|20.81058|-94.07607,aoml/4903248/profiles/D4903248_448.nc,4903248,4903248,20.81058,-94.07607,2025-10-11T06:22:25Z,20251011,2025,1012,1.04,2014.0,34.1326,True,True,True,https://noaa-nws-rtofs-pds.s3.amazonaws.com/rtofs.20251011/rtofs_glo_3dz_f006_6hrly_hvr_US_east.nc
ARGO_GDAC,pfl,aoml/4903248/profiles/D4903248_448.nc|2025-10-11T06:22:25Z|20.81058|-94.07607,aoml/4903248/profiles/D4903248_448.nc,4903248,4903248,20.81058,-94.07607,2025-10-11T06:22:25Z,20251011,2025,950,0.72,99.88,34.2796,True,True,True,https://noaa-nws-rtofs-pds.s3.amazonaws.com/rtofs.20251011/rtofs_glo_3dz_f006_6hrly_hvr_US_east.nc
ARGO_GDAC,pfl,aoml/4903248/profiles/D4903248_449.nc|2025-10-16T10:14:40Z|20.92347|-93.98520,aoml/4903248/profiles/D4903248_449.nc,4903248,4903248,20.92347,-93.9852,2025-10-16T10:14:40Z,20251016,2025,1011,1.0,2011.44,40.4724,True,True,True,https://noaa-nws-rtofs-pds.s3.amazonaws.com/rtofs.20251016/rtofs_glo_3dz_f006_6hrly_hvr_US_east.nc
ARGO_GDAC,pfl,aoml/4903248/profiles/D4903248_449.nc|2025-10-16T10:14:40Z|20.92347|-93.98520,aoml/4903248/profiles/D4903248_449.nc,4903248,4903248,20.92347,-93.9852,2025-10-16T10:14:40Z,20251016,2025,990,0.6,100.0,41.4422,True,True,True,https://noaa-nws-rtofs-pds.s3.amazonaws.com/rtofs.20251016/rtofs_glo_3dz_f006_6hrly_hvr_US_east.nc
ARGO_GDAC,pfl,aoml/4903248/profiles/D4903248_450.nc|2025-10-21T14:01:23Z|21.01255|-93.78428,aoml/4903248/profiles/D4903248_450.nc,4903248,4903248,21.01255,-93.78428,2025-10-21T14:01:23Z,20251021,2025,1009,1.0,2007.12,28.5173,True,True,True,https://noaa-nws-rtofs-pds.s3.amazonaws.com/rtofs.20251021/rtofs_glo_3dz_f006_6hrly_hvr_US_east.nc
ARGO_GDAC,pfl,aoml/4903248/profiles/D4903248_450.nc|2025-10-21T14:01:23Z|21.01255|-93.78428,aoml/4903248/profiles/D4903248_450.nc,4903248,4903248,21.01255,-93.78428,2025-10-21T14:01:23Z,20251021,2025,993,0.56,99.96,28.7141,True,True,True,https://noaa-nws-rtofs-pds.s3.amazonaws.com/rtofs.20251021/rtofs_glo_3dz_f006_6hrly_hvr_US_east.nc
ARGO_GDAC,pfl,aoml/4903248/profiles/D4903248_451.nc|2025-10-26T17:48:04Z|21.10654|-93.53325,aoml/4903248/profiles/D4903248_451.nc,4903248,4903248,21.10654,-93.53325,2025-10-26T17:48:04Z,20251026,2025,1008,1.04,2005.04,35.3397,True,True,True,https://noaa-nws-rtofs-pds.s3.amazonaws.com/rtofs.20251026/rtofs_glo_3dz_f006_6hrly_hvr_US_east.nc
ARGO_GDAC,pfl,aoml/4903248/profiles/D4903248_451.nc|2025-10-26T17:48:04Z|21.10654|-93.53325,aoml/4903248/profiles/D4903248_451.nc,4903248,4903248,21.10654,-93.53325,2025-10-26T17:48:04Z,20251026,2025,943,0.68,100.0,35.9826,True,True,True,https://noaa-nws-rtofs-pds.s3.amazonaws.com/rtofs.20251026/rtofs_glo_3dz_f006_6hrly_hvr_US_east.nc
ARGO_GDAC,pfl,aoml/4903248/profiles/D4903248_452.nc|2025-10-31T21:39:57Z|21.16430|-93.32969,aoml/4903248/profiles/D4903248_452.nc,4903248,4903248,21.1643,-93.32969,2025-10-31T21:39:57Z,20251031,2025,1013,1.08,2015.2,32.1463,True,True,True,https://noaa-nws-rtofs-pds.s3.amazonaws.com/rtofs.20251031/rtofs_glo_3dz_f006_6hrly_hvr_US_east.nc
ARGO_GDAC,pfl,aoml/4903248/profiles/D4903248_452.nc|2025-10-31T21:39:57Z|21.16430|-93.32969,aoml/4903248/profiles/D4903248_452.nc,4903248,4903248,21.1643,-93.32969,2025-10-31T21:39:57Z,20251031,2025,937,0.68,99.92,32.7437,True,True,True,https://noaa-nws-rtofs-pds.s3.amazonaws.com/rtofs.20251031/rtofs_glo_3dz_f006_6hrly_hvr_US_east.nc
ARGO_GDAC,pfl,aoml/4903248/profiles/D4903248_453.nc|2025-11-06T01:26:09Z|21.20613|-93.17665,aoml/4903248/profiles/D4903248_453.nc,4903248,4903248,21.20613,-93.17665,2025-11-06T01:26:09Z,20251106,2025,1008,1.08,2005.88,44.4299,True,True,True,https://noaa-nws-rtofs-pds.s3.amazonaws.com/rtofs.20251106/rtofs_glo_3dz_f006_6hrly_hvr_US_east.nc
ARGO_GDAC,pfl,aoml/4903248/profiles/D4903248_453.nc|2025-11-06T01:26:09Z|21.20613|-93.17665,aoml/4903248/profiles/D4903248_453.nc,4903248,4903248,21.20613,-93.17665,2025-11-06T01:26:09Z,20251106,2025,983,0.68,100.0,45.2751,True,True,True,https://noaa-nws-rtofs-pds.s3.amazonaws.com/rtofs.20251106/rtofs_glo_3dz_f006_6hrly_hvr_US_east.nc
ARGO_GDAC,pfl,aoml/4903248/profiles/D4903248_454.nc|2025-11-11T05:13:38Z|21.17818|-93.06412,aoml/4903248/profiles/D4903248_454.nc,4903248,4903248,21.17818,-93.06412,2025-11-11T05:13:38Z,20251111,2025,1014,0.44,2015.04,37.3696,True,True,True,https://noaa-nws-rtofs-pds.s3.amazonaws.com/rtofs.20251111/rtofs_glo_3dz_f006_6hrly_hvr_US_east.nc
ARGO_GDAC,pfl,aoml/4903248/profiles/D4903248_454.nc|2025-11-11T05:13:38Z|21.17818|-93.06412,aoml/4903248/profiles/D4903248_454.nc,4903248,4903248,21.17818,-93.06412,2025-11-11T05:13:38Z,20251111,2025,947,0.44,99.92,37.4113,True,True,True,https://noaa-nws-rtofs-pds.s3.amazonaws.com/rtofs.20251111/rtofs_glo_3dz_f006_6hrly_hvr_US_east.nc
ARGO_GDAC,pfl,aoml/4903248/profiles/D4903248_455.nc|2025-11-16T09:12:01Z|21.11445|-92.99439,aoml/4903248/profiles/D4903248_455.nc,4903248,4903248,21.11445,-92.99439,2025-11-16T09:12:01Z,20251116,2025,1010,1.12,2009.36,44.2902,True,True,True,https://noaa-nws-rtofs-pds.s3.amazonaws.com/rtofs.20251116/rtofs_glo_3dz_f006_6hrly_hvr_US_east.nc
ARGO_GDAC,pfl,aoml/4903248/profiles/D4903248_455.nc|2025-11-16T09:12:01Z|21.11445|-92.99439,aoml/4903248/profiles/D4903248_455.nc,4903248,4903248,21.11445,-92.99439,2025-11-16T09:12:01Z,20251116,2025,973,0.88,99.8,44.738,True,True,True,https://noaa-nws-rtofs-pds.s3.amazonaws.com/rtofs.20251116/rtofs_glo_3dz_f006_6hrly_hvr_US_east.nc
ARGO_GDAC,pfl,aoml/4903248/profiles/D4903248_456.nc|2025-11-21T13:06:02Z|21.03107|-92.95518,aoml/4903248/profiles/D4903248_456.nc,4903248,4903248,21.03107,-92.95518,2025-11-21T13:06:02Z,20251121,2025,1012,1.08,2013.56,45.7878,True,True,True,https://noaa-nws-rtofs-pds.s3.amazonaws.com/rtofs.20251121/rtofs_glo_3dz_f006_6hrly_hvr_US_east.nc
ARGO_GDAC,pfl,aoml/4903248/profiles/D4903248_456.nc|2025-11-21T13:06:02Z|21.03107|-92.95518,aoml/4903248/profiles/D4903248_456.nc,4903248,4903248,21.03107,-92.95518,2025-11-21T13:06:02Z,20251121,2025,930,0.72,100.0,46.2721,True,True,True,https://noaa-nws-rtofs-pds.s3.amazonaws.com/rtofs.20251121/rtofs_glo_3dz_f006_6hrly_hvr_US_east.nc
ARGO_GDAC,pfl,aoml/4903248/profiles/D4903248_457.nc|2025-11-26T16:57:47Z|21.03277|-92.98828,aoml/4903248/profiles/D4903248_457.nc,4903248,4903248,21.03277,-92.98828,2025-11-26T16:57:47Z,20251126,2025,1011,1.04,2011.92,48.3051,True,True,True,https://noaa-nws-rtofs-pds.s3.amazonaws.com/rtofs.20251126/rtofs_glo_3dz_f006_6hrly_hvr_US_east.nc
ARGO_GDAC,pfl,aoml/4903248/profiles/D4903248_457.nc|2025-11-26T16:57:47Z|21.03277|-92.98828,aoml/4903248/profiles/D4903248_457.nc,4903248,4903248,21.03277,-92.98828,2025-11-26T16:57:47Z,20251126,2025,927,0.6,99.92,17.7425,True,True,True,https://noaa-nws-rtofs-pds.s3.amazonaws.com/rtofs.20251126/rtofs_glo_3dz_f006_6hrly_hvr_US_east.nc
ARGO_GDAC,pfl,aoml/4903248/profiles/D4903248_458.nc|2025-12-01T20:46:54Z|21.06330|-92.97147,aoml/4903248/profiles/D4903248_458.nc,4903248,4903248,21.0633,-92.97147,2025-12-01T20:46:54Z,20251201,2025,1007,1.08,2004.12,56.6361,True,True,True,https://noaa-nws-rtofs-pds.s3.amazonaws.com/rtofs.20251201/rtofs_glo_3dz_f006_6hrly_hvr_US_east.nc
ARGO_GDAC,pfl,aoml/4903248/profiles/D4903248_458.nc|2025-12-01T20:46:54Z|21.06330|-92.97147,aoml/4903248/profiles/D4903248_458.nc,4903248,4903248,21.0633,-92.97147,2025-12-01T20:46:54Z,20251201,2025,919,0.64,100.0,57.0682,True,True,True,https://noaa-nws-rtofs-pds.s3.amazonaws.com/rtofs.20251201/rtofs_glo_3dz_f006_6hrly_hvr_US_east.nc
ARGO_GDAC,pfl,aoml/4903248/profiles/D4903248_459.nc|2025-12-07T00:36:29Z|21.05691|-92.97166,aoml/4903248/profiles/D4903248_459.nc,4903248,4903248,21.05691,-92.97166,2025-12-07T00:36:29Z,20251207,2025,1012,1.0,2013.8,28.4932,True,True,True,https://noaa-nws-rtofs-pds.s3.amazonaws.com/rtofs.20251207/rtofs_glo_3dz_f006_6hrly_hvr_US_east.nc
ARGO_GDAC,pfl,aoml/4903248/profiles/D4903248_459.nc|2025-12-07T00:36:29Z|21.05691|-92.97166,aoml/4903248/profiles/D4903248_459.nc,4903248,4903248,21.05691,-92.97166,2025-12-07T00:36:29Z,20251207,2025,927,0.76,99.88,28.89,True,True,True,https://noaa-nws-rtofs-pds.s3.amazonaws.com/rtofs.20251207/rtofs_glo_3dz_f006_6hrly_hvr_US_east.nc
ARGO_GDAC,pfl,aoml/4903248/profiles/D4903248_460.nc|2025-12-12T04:16:40Z|21.04737|-92.95827,aoml/4903248/profiles/D4903248_460.nc,4903248,4903248,21.04737,-92.95827,2025-12-12T04:16:40Z,20251212,2025,1008,0.96,2005.12,55.8373,True,True,True,https://noaa-nws-rtofs-pds.s3.amazonaws.com/rtofs.20251212/rtofs_glo_3dz_f006_6hrly_hvr_US_east.nc
ARGO_GDAC,pfl,aoml/4903248/profiles/D4903248_460.nc|2025-12-12T04:16:40Z|21.04737|-92.95827,aoml/4903248/profiles/D4903248_460.nc,4903248,4903248,21.04737,-92.95827,2025-12-12T04:16:40Z,20251212,2025,898,0.56,99.96,55.3,True,True,True,https://noaa-nws-rtofs-pds.s3.amazonaws.com/rtofs.20251212/rtofs_glo_3dz_f006_6hrly_hvr_US_east.nc
ARGO_GDAC,pfl,aoml/4903248/profiles/R4903248_461.nc|2025-12-17T08:14:34Z|21.03594|-92.91590,aoml/4903248/profiles/R4903248_461.nc,4903248,4903248,21.03594,-92.9159,2025-12-17T08:14:34Z,20251217,2025,1009,1.04,2008.0,68.2299,True,True,True,https://noaa-nws-rtofs-pds.s3.amazonaws.com/rtofs.20251217/rtofs_glo_3dz_f006_6hrly_hvr_US_east.nc
ARGO_GDAC,pfl,aoml/4903248/profiles/R4903248_461.nc|2025-12-17T08:14:34Z|21.03594|-92.91590,aoml/4903248/profiles/R4903248_461.nc,4903248,4903248,21.03594,-92.9159,2025-12-17T08:14:34Z,20251217,2025,860,0.68,99.96,68.1579,True,True,True,https://noaa-nws-rtofs-pds.s3.amazonaws.com/rtofs.20251217/rtofs_glo_3dz_f006_6hrly_hvr_US_east.nc
ARGO_GDAC,pfl,aoml/4903248/profiles/R4903248_462.nc|2025-12-22T12:16:50Z|21.01504|-92.86795,aoml/4903248/profiles/R4903248_462.nc,4903248,4903248,21.01504,-92.86795,2025-12-22T12:16:50Z,20251222,2025,1008,1.04,2005.88,56.8092,True,True,True,https://noaa-nws-rtofs-pds.s3.amazonaws.com/rtofs.20251222/rtofs_glo_3dz_f006_6hrly_hvr_US_east.nc
ARGO_GDAC,pfl,aoml/4903248/profiles/R4903248_462.nc|2025-12-22T12:16:50Z|21.01504|-92.86795,aoml/4903248/profiles/R4903248_462.nc,4903248,4903248,21.01504,-92.86795,2025-12-22T12:16:50Z,20251222,2025,898,0.72,99.92,56.8729,True,True,True,https://noaa-nws-rtofs-pds.s3.amazonaws.com/rtofs.20251222/rtofs_glo_3dz_f006_6hrly_hvr_US_east.nc
ARGO_GDAC,pfl,aoml/4903248/profiles/R4903248_463.nc|2025-12-27T16:07:01Z|21.04044|-92.83049,aoml/4903248/profiles/R4903248_463.nc,4903248,4903248,21.04044,-92.83049,2025-12-27T16:07:01Z,20251227,2025,1013,0.48,2014.2,66.1478,True,True,True,https://noaa-nws-rtofs-pds.s3.amazonaws.com/rtofs.20251227/rtofs_glo_3dz_f006_6hrly_hvr_US_east.nc
ARGO_GDAC,pfl,aoml/4903248/profiles/R4903248_463.nc|2025-12-27T16:07:01Z|21.04044|-92.83049,aoml/4903248/profiles/R4903248_463.nc,4903248,4903248,21.04044,-92.83049,2025-12-27T16:07:01Z,20251227,2025,884,0.48,99.96,66.5031,True,True,True,https://noaa-nws-rtofs-pds.s3.amazonaws.com/rtofs.20251227/rtofs_glo_3dz_f006_6hrly_hvr_US_east.nc
ARGO_GDAC,pfl,aoml/4903249/profiles/D4903249_321.nc|2024-01-05T11:14:30Z|27.98215|-88.56167,aoml/4903249/profiles/D4903249_321.nc,4903249,4903249,27.98215,-88.56167,2024-01-05T11:14:30Z,20240105,2024,1015,1.04,2019.12,48.5462,True,True,False,
ARGO_GDAC,pfl,aoml/4903249/profiles/D4903249_321.nc|2024-01-05T11:14:30Z|27.98215|-88.56167,aoml/4903249/profiles/D4903249_321.nc,4903249,4903249,27.98215,-88.56167,2024-01-05T11:14:30Z,20240105,2024,876,0.64,99.8,48.4987,True,True,False,
ARGO_GDAC,pfl,aoml/4903249/profiles/D4903249_322.nc|2024-01-10T11:00:37Z|27.87804|-88.59500,aoml/4903249/profiles/D4903249_322.nc,4903249,4903249,27.87804,-88.595,2024-01-10T11:00:37Z,20240110,2024,1013,1.24,2015.56,104.2279,True,False,False,
ARGO_GDAC,pfl,aoml/4903249/profiles/D4903249_322.nc|2024-01-10T11:00:37Z|27.87804|-88.59500,aoml/4903249/profiles/D4903249_322.nc,4903249,4903249,27.87804,-88.595,2024-01-10T11:00:37Z,20240110,2024,869,1.04,100.0,,False,False,False,
ARGO_GDAC,pfl,aoml/4903249/profiles/D4903249_323.nc|2024-01-15T10:49:32Z|27.86083|-88.61643,aoml/4903249/profiles/D4903249_323.nc,4903249,4903249,27.86083,-88.61643,2024-01-15T10:49:32Z,20240115,2024,1011,1.04,2011.04,83.1747,True,True,False,
ARGO_GDAC,pfl,aoml/4903249/profiles/D4903249_323.nc|2024-01-15T10:49:32Z|27.86083|-88.61643,aoml/4903249/profiles/D4903249_323.nc,4903249,4903249,27.86083,-88.61643,2024-01-15T10:49:32Z,20240115,2024,822,0.68,99.84,83.51,True,True,False,
ARGO_GDAC,pfl,aoml/4903249/profiles/D4903249_324.nc|2024-01-20T10:49:14Z|27.88453|-88.63529,aoml/4903249/profiles/D4903249_324.nc,4903249,4903249,27.88453,-88.63529,2024-01-20T10:49:14Z,20240120,2024,1001,1.04,1991.24,102.2388,True,False,False,
ARGO_GDAC,pfl,aoml/4903249/profiles/D4903249_324.nc|2024-01-20T10:49:14Z|27.88453|-88.63529,aoml/4903249/profiles/D4903249_324.nc,4903249,4903249,27.88453,-88.63529,2024-01-20T10:49:14Z,20240120,2024,788,0.56,99.88,,False,False,False,
ARGO_GDAC,pfl,aoml/4903249/profiles/D4903249_325.nc|2024-01-25T10:28:40Z|27.85713|-88.62342,aoml/4903249/profiles/D4903249_325.nc,4903249,4903249,27.85713,-88.62342,2024-01-25T10:28:40Z,20240125,2024,1007,1.04,2003.4,16.901,True,True,False,
ARGO_GDAC,pfl,aoml/4903249/profiles/D4903249_325.nc|2024-01-25T10:28:40Z|27.85713|-88.62342,aoml/4903249/profiles/D4903249_325.nc,4903249,4903249,27.85713,-88.62342,2024-01-25T10:28:40Z,20240125,2024,780,0.6,99.96,17.3778,True,True,False,
ARGO_GDAC,pfl,aoml/4903249/profiles/D4903249_326.nc|2024-01-30T10:24:10Z|27.90099|-88.64372,aoml/4903249/profiles/D4903249_326.nc,4903249,4903249,27.90099,-88.64372,2024-01-30T10:24:10Z,20240130,2024,989,1.04,1968.24,110.3654,True,False,True,https://noaa-nws-rtofs-pds.s3.amazonaws.com/rtofs.20240130/rtofs_glo_3dz_f006_6hrly_hvr_US_east.nc
ARGO_GDAC,pfl,aoml/4903249/profiles/D4903249_326.nc|2024-01-30T10:24:10Z|27.90099|-88.64372,aoml/4903249/profiles/D4903249_326.nc,4903249,4903249,27.90099,-88.64372,2024-01-30T10:24:10Z,20240130,2024,759,0.76,99.84,,False,False,True,https://noaa-nws-rtofs-pds.s3.amazonaws.com/rtofs.20240130/rtofs_glo_3dz_f006_6hrly_hvr_US_east.nc
ARGO_GDAC,pfl,aoml/4903249/profiles/D4903249_327.nc|2024-02-04T10:03:16Z|27.82498|-88.58279,aoml/4903249/profiles/D4903249_327.nc,4903249,4903249,27.82498,-88.58279,2024-02-04T10:03:16Z,20240204,2024,1007,1.04,2004.04,15.1446,True,True,True,https://noaa-nws-rtofs-pds.s3.amazonaws.com/rtofs.20240204/rtofs_glo_3dz_f006_6hrly_hvr_US_east.nc
ARGO_GDAC,pfl,aoml/4903249/profiles/D4903249_327.nc|2024-02-04T10:03:16Z|27.82498|-88.58279,aoml/4903249/profiles/D4903249_327.nc,4903249,4903249,27.82498,-88.58279,2024-02-04T10:03:16Z,20240204,2024,956,0.68,99.92,15.3095,True,True,True,https://noaa-nws-rtofs-pds.s3.amazonaws.com/rtofs.20240204/rtofs_glo_3dz_f006_6hrly_hvr_US_east.nc
ARGO_GDAC,pfl,aoml/4903249/profiles/D4903249_328.nc|2024-02-09T09:26:46Z|27.69336|-88.74826,aoml/4903249/profiles/D4903249_328.nc,4903249,4903249,27.69336,-88.74826,2024-02-09T09:26:46Z,20240209,2024,878,1.0,1745.56,34.918,True,True,True,https://noaa-nws-rtofs-pds.s3.amazonaws.com/rtofs.20240209/rtofs_glo_3dz_f006_6hrly_hvr_US_east.nc
ARGO_GDAC,pfl,aoml/4903249/profiles/D4903249_328.nc|2024-02-09T09:26:46Z|27.69336|-88.74826,aoml/4903249/profiles/D4903249_328.nc,4903249,4903249,27.69336,-88.74826,2024-02-09T09:26:46Z,20240209,2024,907,0.56,99.84,34.816,True,True,True,https://noaa-nws-rtofs-pds.s3.amazonaws.com/rtofs.20240209/rtofs_glo_3dz_f006_6hrly_hvr_US_east.nc
ARGO_GDAC,pfl,aoml/4903249/profiles/D4903249_329.nc|2024-02-14T08:57:21Z|27.60814|-88.72159,aoml/4903249/profiles/D4903249_329.nc,4903249,4903249,27.60814,-88.72159,2024-02-14T08:57:21Z,20240214,2024,920,1.04,1830.0,38.9612,True,True,True,https://noaa-nws-rtofs-pds.s3.amazonaws.com/rtofs.20240214/rtofs_glo_3dz_f006_6hrly_hvr_US_east.nc
ARGO_GDAC,pfl,aoml/4903249/profiles/D4903249_329.nc|2024-02-14T08:57:21Z|27.60814|-88.72159,aoml/4903249/profiles/D4903249_329.nc,4903249,4903249,27.60814,-88.72159,2024-02-14T08:57:21Z,20240214,2024,933,0.68,99.88,38.8455,True,True,True,https://noaa-nws-rtofs-pds.s3.amazonaws.com/rtofs.20240214/rtofs_glo_3dz_f006_6hrly_hvr_US_east.nc
ARGO_GDAC,pfl,aoml/4903249/profiles/D4903249_330.nc|2024-02-19T08:35:22Z|27.53611|-88.83922,aoml/4903249/profiles/D4903249_330.nc,4903249,4903249,27.53611,-88.83922,2024-02-19T08:35:22Z,20240219,2024,958,1.08,1905.56,47.6348,True,True,True,https://noaa-nws-rtofs-pds.s3.amazonaws.com/rtofs.20240219/rtofs_glo_3dz_f006_6hrly_hvr_US_east.nc
ARGO_GDAC,pfl,aoml/4903249/profiles/D4903249_330.nc|2024-02-19T08:35:22Z|27.53611|-88.83922,aoml/4903249/profiles/D4903249_330.nc,4903249,4903249,27.53611,-88.83922,2024-02-19T08:35:22Z,20240219,2024,848,0.72,99.96,47.9837,True,True,True,https://noaa-nws-rtofs-pds.s3.amazonaws.com/rtofs.20240219/rtofs_glo_3dz_f006_6hrly_hvr_US_east.nc
ARGO_GDAC,pfl,aoml/4903249/profiles/D4903249_331.nc|2024-02-24T08:35:35Z|27.43081|-88.80553,aoml/4903249/profiles/D4903249_331.nc,4903249,4903249,27.43081,-88.80553,2024-02-24T08:35:35Z,20240224,2024,993,0.96,1975.6,51.9606,True,True,True,https://noaa-nws-rtofs-pds.s3.amazonaws.com/rtofs.20240224/rtofs_glo_3dz_f006_6hrly_hvr_US_east.nc
ARGO_GDAC,pfl,aoml/4903249/profiles/D4903249_331.nc|2024-02-24T08:35:35Z|27.43081|-88.80553,aoml/4903249/profiles/D4903249_331.nc,4903249,4903249,27.43081,-88.80553,2024-02-24T08:35:35Z,20240224,2024,909,0.56,100.0,52.0277,True,True,True,https://noaa-nws-rtofs-pds.s3.amazonaws.com/rtofs.20240224/rtofs_glo_3dz_f006_6hrly_hvr_US_east.nc
ARGO_GDAC,pfl,aoml/4903249/profiles/D4903249_332.nc|2024-02-29T08:14:45Z|27.33367|-88.65811,aoml/4903249/profiles/D4903249_332.nc,4903249,4903249,27.33367,-88.65811,2024-02-29T08:14:45Z,20240229,2024,1009,0.96,2007.12,48.195,True,True,True,https://noaa-nws-rtofs-pds.s3.amazonaws.com/rtofs.20240229/rtofs_glo_3dz_f006_6hrly_hvr_US_east.nc
ARGO_GDAC,pfl,aoml/4903249/profiles/D4903249_332.nc|2024-02-29T08:14:45Z|27.33367|-88.65811,aoml/4903249/profiles/D4903249_332.nc,4903249,4903249,27.33367,-88.65811,2024-02-29T08:14:45Z,20240229,2024,899,0.52,99.96,48.3109,True,True,True,https://noaa-nws-rtofs-pds.s3.amazonaws.com/rtofs.20240229/rtofs_glo_3dz_f006_6hrly_hvr_US_east.nc
ARGO_GDAC,pfl,aoml/4903249/profiles/D4903249_333.nc|2024-03-05T07:58:25Z|27.25108|-88.64490,aoml/4903249/profiles/D4903249_333.nc,4903249,4903249,27.25108,-88.6449,2024-03-05T07:58:25Z,20240305,2024,1008,1.08,2005.6,56.4744,True,True,True,https://noaa-nws-rtofs-pds.s3.amazonaws.com/rtofs.20240305/rtofs_glo_3dz_f006_6hrly_hvr_US_east.nc
ARGO_GDAC,pfl,aoml/4903249/profiles/D4903249_333.nc|2024-03-05T07:58:25Z|27.25108|-88.64490,aoml/4903249/profiles/D4903249_333.nc,4903249,4903249,27.25108,-88.6449,2024-03-05T07:58:25Z,20240305,2024,937,0.76,99.88,56.5905,True,True,True,https://noaa-nws-rtofs-pds.s3.amazonaws.com/rtofs.20240305/rtofs_glo_3dz_f006_6hrly_hvr_US_east.nc
ARGO_GDAC,pfl,aoml/4903249/profiles/D4903249_334.nc|2024-03-10T07:43:05Z|27.31751|-88.35052,aoml/4903249/profiles/D4903249_334.nc,4903249,4903249,27.31751,-88.35052,2024-03-10T07:43:05Z,20240310,2024,1012,1.0,2013.08,91.8168,True,True,True,https://noaa-nws-rtofs-pds.s3.amazonaws.com/rtofs.20240310/rtofs_glo_3dz_f006_6hrly_hvr_US_east.nc
ARGO_GDAC,pfl,aoml/4903249/profiles/D4903249_334.nc|2024-03-10T07:43:05Z|27.31751|-88.35052,aoml/4903249/profiles/D4903249_334.nc,4903249,4903249,27.31751,-88.35052,2024-03-10T07:43:05Z,20240310,2024,912,0.6,100.0,91.7503,True,True,True,https://noaa-nws-rtofs-pds.s3.amazonaws.com/rtofs.20240310/rtofs_glo_3dz_f006_6hrly_hvr_US_east.nc
ARGO_GDAC,pfl,aoml/4903249/profiles/D4903249_335.nc|2024-03-15T07:18:20Z|27.52307|-88.03735,aoml/4903249/profiles/D4903249_335.nc,4903249,4903249,27.52307,-88.03735,2024-03-15T07:18:20Z,20240315,2024,1008,0.92,2005.96,21.2927,True,True,True,https://noaa-nws-rtofs-pds.s3.amazonaws.com/rtofs.20240315/rtofs_glo_3dz_f006_6hrly_hvr_US_east.nc
ARGO_GDAC,pfl,aoml/4903249/profiles/D4903249_335.nc|2024-03-15T07:18:20Z|27.52307|-88.03735,aoml/4903249/profiles/D4903249_335.nc,4903249,4903249,27.52307,-88.03735,2024-03-15T07:18:20Z,20240315,2024,876,0.6,99.96,21.1461,True,True,True,https://noaa-nws-rtofs-pds.s3.amazonaws.com/rtofs.20240315/rtofs_glo_3dz_f006_6hrly_hvr_US_east.nc
ARGO_GDAC,pfl,aoml/4903249/profiles/D4903249_336.nc|2024-03-20T07:05:30Z|27.53909|-87.94411,aoml/4903249/profiles/D4903249_336.nc,4903249,4903249,27.53909,-87.94411,2024-03-20T07:05:30Z,20240320,2024,1014,1.0,2017.44,36.5911,True,True,True,https://noaa-nws-rtofs-pds.s3.amazonaws.com/rtofs.20240320/rtofs_glo_3dz_f006_6hrly_hvr_US_east.nc
ARGO_GDAC,pfl,aoml/4903249/profiles/D4903249_336.nc|2024-03-20T07:05:30Z|27.53909|-87.94411,aoml/4903249/profiles/D4903249_336.nc,4903249,4903249,27.53909,-87.94411,2024-03-20T07:05:30Z,20240320,2024,917,0.64,99.92,37.4,True,True,True,https://noaa-nws-rtofs-pds.s3.amazonaws.com/rtofs.20240320/rtofs_glo_3dz_f006_6hrly_hvr_US_east.nc
ARGO_GDAC,pfl,aoml/4903249/profiles/D4903249_337.nc|2024-03-25T06:54:45Z|27.53457|-87.85032,aoml/4903249/profiles/D4903249_337.nc,4903249,4903249,27.53457,-87.85032,2024-03-25T06:54:45Z,20240325,2024,1009,0.44,2006.08,46.2864,True,True,True,https://noaa-nws-rtofs-pds.s3.amazonaws.com/rtofs.20240325/rtofs_glo_3dz_f006_6hrly_hvr_US_east.nc
ARGO_GDAC,pfl,aoml/4903249/profiles/D4903249_337.nc|2024-03-25T06:54:45Z|27.53457|-87.85032,aoml/4903249/profiles/D4903249_337.nc,4903249,4903249,27.53457,-87.85032,2024-03-25T06:54:45Z,20240325,2024,883,0.44,100.0,46.52,True,True,True,https://noaa-nws-rtofs-pds.s3.amazonaws.com/rtofs.20240325/rtofs_glo_3dz_f006_6hrly_hvr_US_east.nc
ARGO_GDAC,pfl,aoml/4903249/profiles/D4903249_338.nc|2024-03-30T06:39:59Z|27.45567|-87.77870,aoml/4903249/profiles/D4903249_338.nc,4903249,4903249,27.45567,-87.7787,2024-03-30T06:39:59Z,20240330,2024,1014,1.04,2017.96,48.3902,True,True,True,https://noaa-nws-rtofs-pds.s3.amazonaws.com/rtofs.20240330/rtofs_glo_3dz_f006_6hrly_hvr_US_east.nc
ARGO_GDAC,pfl,aoml/4903249/profiles/D4903249_338.nc|2024-03-30T06:39:59Z|27.45567|-87.77870,aoml/4903249/profiles/D4903249_338.nc,4903249,4903249,27.45567,-87.7787,2024-03-30T06:39:59Z,20240330,2024,932,0.6,99.92,47.95,True,True,True,https://noaa-nws-rtofs-pds.s3.amazonaws.com/rtofs.20240330/rtofs_glo_3dz_f006_6hrly_hvr_US_east.nc
ARGO_GDAC,pfl,aoml/4903249/profiles/D4903249_339.nc|2024-04-04T06:30:15Z|27.27224|-88.04734,aoml/4903249/profiles/D4903249_339.nc,4903249,4903249,27.27224,-88.04734,2024-04-04T06:30:15Z,20240404,2024,1012,1.04,2014.24,62.5221,True,True,True,https://noaa-nws-rtofs-pds.s3.amazonaws.com/rtofs.20240404/rtofs_glo_3dz_f006_6hrly_hvr_US_east.nc
ARGO_GDAC,pfl,aoml/4903249/profiles/D4903249_339.nc|2024-04-04T06:30:15Z|27.27224|-88.04734,aoml/4903249/profiles/D4903249_339.nc,4903249,4903249,27.27224,-88.04734,2024-04-04T06:30:15Z,20240404,2024,935,0.64,99.92,63.0333,True,True,True,https://noaa-nws-rtofs-pds.s3.amazonaws.com/rtofs.20240404/rtofs_glo_3dz_f006_6hrly_hvr_US_east.nc
ARGO_GDAC,pfl,aoml/4903249/profiles/D4903249_340.nc|2024-04-09T06:18:20Z|26.90634|-88.36833,aoml/4903249/profiles/D4903249_340.nc,4903249,4903249,26.90634,-88.36833,2024-04-09T06:18:20Z,20240409,2024,1013,1.0,2015.68,53.4853,True,True,True,https://noaa-nws-rtofs-pds.s3.amazonaws.com/rtofs.20240409/rtofs_glo_3dz_f006_6hrly_hvr_US_east.nc
ARGO_GDAC,pfl,aoml/4903249/profiles/D4903249_340.nc|2024-04-09T06:18:20Z|26.90634|-88.36833,aoml/4903249/profiles/D4903249_340.nc,4903249,4903249,26.90634,-88.36833,2024-04-09T06:18:20Z,20240409,2024,854,0.6,99.92,53.56,True,True,True,https://noaa-nws-rtofs-pds.s3.amazonaws.com/rtofs.20240409/rtofs_glo_3dz_f006_6hrly_hvr_US_east.nc
ARGO_GDAC,pfl,aoml/4903249/profiles/D4903249_341.nc|2024-04-14T05:47:35Z|26.63017|-88.26399,aoml/4903249/profiles/D4903249_341.nc,4903249,4903249,26.63017,-88.26399,2024-04-14T05:47:35Z,20240414,2024,1008,1.08,2005.4,82.9426,True,True,True,https://noaa-nws-rtofs-pds.s3.amazonaws.com/rtofs.20240414/rtofs_glo_3dz_f006_6hrly_hvr_US_east.nc
ARGO_GDAC,pfl,aoml/4903249/profiles/D4903249_341.nc|2024-04-14T05:47:35Z|26.63017|-88.26399,aoml/4903249/profiles/D4903249_341.nc,4903249,4903249,26.63017,-88.26399,2024-04-14T05:47:35Z,20240414,2024,854,0.68,100.0,83.1833,True,True,True,https://noaa-nws-rtofs-pds.s3.amazonaws.com/rtofs.20240414/rtofs_glo_3dz_f006_6hrly_hvr_US_east.nc
ARGO_GDAC,pfl,aoml/4903249/profiles/D4903249_342.nc|2024-04-19T05:31:55Z|26.97042|-87.64109,aoml/4903249/profiles/D4903249_342.nc,4903249,4903249,26.97042,-87.64109,2024-04-19T05:31:55Z,20240419,2024,1014,0.48,2015.52,13.9381,True,True,True,https://noaa-nws-rtofs-pds.s3.amazonaws.com/rtofs.20240419/rtofs_glo_3dz_f006_6hrly_hvr_US_east.nc
ARGO_GDAC,pfl,aoml/4903249/profiles/D4903249_342.nc|2024-04-19T05:31:55Z|26.97042|-87.64109,aoml/4903249/profiles/D4903249_342.nc,4903249,4903249,26.97042,-87.64109,2024-04-19T05:31:55Z,20240419,2024,848,0.48,99.96,13.954,True,True,True,https://noaa-nws-rtofs-pds.s3.amazonaws.com/rtofs.20240419/rtofs_glo_3dz_f006_6hrly_hvr_US_east.nc
ARGO_GDAC,pfl,aoml/4903249/profiles/D4903249_343.nc|2024-04-24T05:19:22Z|27.56087|-87.30030,aoml/4903249/profiles/D4903249_343.nc,4903249,4903249,27.56087,-87.3003,2024-04-24T05:19:22Z,20240424,2024,1015,1.08,2019.2,26.6214,True,True,True,https://noaa-nws-rtofs-pds.s3.amazonaws.com/rtofs.20240424/rtofs_glo_3dz_f006_6hrly_hvr_US_east.nc
ARGO_GDAC,pfl,aoml/4903249/profiles/D4903249_343.nc|2024-04-24T05:19:22Z|27.56087|-87.30030,aoml/4903249/profiles/D4903249_343.nc,4903249,4903249,27.56087,-87.3003,2024-04-24T05:19:22Z,20240424,2024,912,0.72,99.76,27.3536,True,True,True,https://noaa-nws-rtofs-pds.s3.amazonaws.com/rtofs.20240424/rtofs_glo_3dz_f006_6hrly_hvr_US_east.nc
ARGO_GDAC,pfl,aoml/4903249/profiles/D4903249_344.nc|2024-04-29T05:09:31Z|27.56859|-87.09020,aoml/4903249/profiles/D4903249_344.nc,4903249,4903249,27.56859,-87.0902,2024-04-29T05:09:31Z,20240429,2024,1011,1.04,2011.48,25.3849,True,True,True,https://noaa-nws-rtofs-pds.s3.amazonaws.com/rtofs.20240429/rtofs_glo_3dz_f006_6hrly_hvr_US_east.nc
ARGO_GDAC,pfl,aoml/4903249/profiles/D4903249_344.nc|2024-04-29T05:09:31Z|27.56859|-87.09020,aoml/4903249/profiles/D4903249_344.nc,4903249,4903249,27.56859,-87.0902,2024-04-29T05:09:31Z,20240429,2024,881,0.6,99.88,24.9009,True,True,True,https://noaa-nws-rtofs-pds.s3.amazonaws.com/rtofs.20240429/rtofs_glo_3dz_f006_6hrly_hvr_US_east.nc
ARGO_GDAC,pfl,aoml/4903249/profiles/D4903249_345.nc|2024-05-04T04:55:40Z|27.53472|-86.96841,aoml/4903249/profiles/D4903249_345.nc,4903249,4903249,27.53472,-86.96841,2024-05-04T04:55:40Z,20240504,2024,1008,1.12,2005.16,14.1037,True,True,True,https://noaa-nws-rtofs-pds.s3.amazonaws.com/rtofs.20240504/rtofs_glo_3dz_f006_6hrly_hvr_US_east.nc
ARGO_GDAC,pfl,aoml/4903249/profiles/D4903249_345.nc|2024-05-04T04:55:40Z|27.53472|-86.96841,aoml/4903249/profiles/D4903249_345.nc,4903249,4903249,27.53472,-86.96841,2024-05-04T04:55:40Z,20240504,2024,944,0.76,100.0,14.0533,True,True,True,https://noaa-nws-rtofs-pds.s3.amazonaws.com/rtofs.20240504/rtofs_glo_3dz_f006_6hrly_hvr_US_east.nc
ARGO_GDAC,pfl,aoml/4903249/profiles/D4903249_346.nc|2024-05-09T04:37:08Z|27.53459|-86.91185,aoml/4903249/profiles/D4903249_346.nc,4903249,4903249,27.53459,-86.91185,2024-05-09T04:37:08Z,20240509,2024,1009,1.04,2007.64,16.9669,True,True,True,https://noaa-nws-rtofs-pds.s3.amazonaws.com/rtofs.20240509/rtofs_glo_3dz_f006_6hrly_hvr_US_east.nc
ARGO_GDAC,pfl,aoml/4903249/profiles/D4903249_346.nc|2024-05-09T04:37:08Z|27.53459|-86.91185,aoml/4903249/profiles/D4903249_346.nc,4903249,4903249,27.53459,-86.91185,2024-05-09T04:37:08Z,20240509,2024,879,0.76,99.96,17.0615,True,True,True,https://noaa-nws-rtofs-pds.s3.amazonaws.com/rtofs.20240509/rtofs_glo_3dz_f006_6hrly_hvr_US_east.nc
ARGO_GDAC,pfl,aoml/4903249/profiles/D4903249_347.nc|2024-05-14T04:23:02Z|27.62798|-87.09589,aoml/4903249/profiles/D4903249_347.nc,4903249,4903249,27.62798,-87.09589,2024-05-14T04:23:02Z,20240514,2024,1008,1.04,2005.28,18.7871,True,True,True,https://noaa-nws-rtofs-pds.s3.amazonaws.com/rtofs.20240514/rtofs_glo_3dz_f006_6hrly_hvr_US_east.nc
ARGO_GDAC,pfl,aoml/4903249/profiles/D4903249_347.nc|2024-05-14T04:23:02Z|27.62798|-87.09589,aoml/4903249/profiles/D4903249_347.nc,4903249,4903249,27.62798,-87.09589,2024-05-14T04:23:02Z,20240514,2024,949,0.6,99.88,18.52,True,True,True,https://noaa-nws-rtofs-pds.s3.amazonaws.com/rtofs.20240514/rtofs_glo_3dz_f006_6hrly_hvr_US_east.nc
ARGO_GDAC,pfl,aoml/4903249/profiles/D4903249_348.nc|2024-05-19T04:13:34Z|27.56227|-87.77405,aoml/4903249/profiles/D4903249_348.nc,4903249,4903249,27.56227,-87.77405,2024-05-19T04:13:34Z,20240519,2024,1008,1.08,2005.44,14.0211,True,True,True,https://noaa-nws-rtofs-pds.s3.amazonaws.com/rtofs.20240519/rtofs_glo_3dz_f006_6hrly_hvr_US_east.nc
ARGO_GDAC,pfl,aoml/4903249/profiles/D4903249_348.nc|2024-05-19T04:13:34Z|27.56227|-87.77405,aoml/4903249/profiles/D4903249_348.nc,4903249,4903249,27.56227,-87.77405,2024-05-19T04:13:34Z,20240519,2024,915,0.64,99.92,14.2128,True,True,True,https://noaa-nws-rtofs-pds.s3.amazonaws.com/rtofs.20240519/rtofs_glo_3dz_f006_6hrly_hvr_US_east.nc
ARGO_GDAC,pfl,aoml/4903249/profiles/D4903249_349.nc|2024-05-24T03:49:19Z|27.41606|-87.95490,aoml/4903249/profiles/D4903249_349.nc,4903249,4903249,27.41606,-87.9549,2024-05-24T03:49:19Z,20240524,2024,1008,1.04,2005.84,13.4292,True,True,True,https://noaa-nws-rtofs-pds.s3.amazonaws.com/rtofs.20240524/rtofs_glo_3dz_f006_6hrly_hvr_US_east.nc
ARGO_GDAC,pfl,aoml/4903249/profiles/D4903249_349.nc|2024-05-24T03:49:19Z|27.41606|-87.95490,aoml/4903249/profiles/D4903249_349.nc,4903249,4903249,27.41606,-87.9549,2024-05-24T03:49:19Z,20240524,2024,907,0.68,99.96,13.5086,True,True,True,https://noaa-nws-rtofs-pds.s3.amazonaws.com/rtofs.20240524/rtofs_glo_3dz_f006_6hrly_hvr_US_east.nc
ARGO_GDAC,pfl,aoml/4903249/profiles/D4903249_350.nc|2024-05-29T03:31:07Z|27.04572|-87.98140,aoml/4903249/profiles/D4903249_350.nc,4903249,4903249,27.04572,-87.9814,2024-05-29T03:31:07Z,20240529,2024,1008,1.04,2005.16,14.8828,True,True,True,https://noaa-nws-rtofs-pds.s3.amazonaws.com/rtofs.20240529/rtofs_glo_3dz_f006_6hrly_hvr_US_east.nc
ARGO_GDAC,pfl,aoml/4903249/profiles/D4903249_350.nc|2024-05-29T03:31:07Z|27.04572|-87.98140,aoml/4903249/profiles/D4903249_350.nc,4903249,4903249,27.04572,-87.9814,2024-05-29T03:31:07Z,20240529,2024,872,0.68,100.0,14.8931,True,True,True,https://noaa-nws-rtofs-pds.s3.amazonaws.com/rtofs.20240529/rtofs_glo_3dz_f006_6hrly_hvr_US_east.nc
ARGO_GDAC,pfl,aoml/4903249/profiles/D4903249_351.nc|2024-06-03T03:21:17Z|26.74301|-87.83451,aoml/4903249/profiles/D4903249_351.nc,4903249,4903249,26.74301,-87.83451,2024-06-03T03:21:17Z,20240603,2024,1012,1.04,2013.72,16.1193,True,True,True,https://noaa-nws-rtofs-pds.s3.amazonaws.com/rtofs.20240603/rtofs_glo_3dz_f006_6hrly_hvr_US_east.nc
ARGO_GDAC,pfl,aoml/4903249/profiles/D4903249_351.nc|2024-06-03T03:21:17Z|26.74301|-87.83451,aoml/4903249/profiles/D4903249_351.nc,4903249,4903249,26.74301,-87.83451,2024-06-03T03:21:17Z,20240603,2024,950,0.72,99.92,16.2291,True,True,True,https://noaa-nws-rtofs-pds.s3.amazonaws.com/rtofs.20240603/rtofs_glo_3dz_f006_6hrly_hvr_US_east.nc
ARGO_GDAC,pfl,aoml/4903249/profiles/D4903249_352.nc|2024-06-08T03:12:42Z|26.59004|-87.48467,aoml/4903249/profiles/D4903249_352.nc,4903249,4903249,26.59004,-87.48467,2024-06-08T03:12:42Z,20240608,2024,1013,1.08,2016.16,13.3099,True,True,True,https://noaa-nws-rtofs-pds.s3.amazonaws.com/rtofs.20240608/rtofs_glo_3dz_f006_6hrly_hvr_US_east.nc
ARGO_GDAC,pfl,aoml/4903249/profiles/D4903249_352.nc|2024-06-08T03:12:42Z|26.59004|-87.48467,aoml/4903249/profiles/D4903249_352.nc,4903249,4903249,26.59004,-87.48467,2024-06-08T03:12:42Z,20240608,2024,968,0.72,99.84,13.0,True,True,True,https://noaa-nws-rtofs-pds.s3.amazonaws.com/rtofs.20240608/rtofs_glo_3dz_f006_6hrly_hvr_US_east.nc
ARGO_GDAC,pfl,aoml/4903249/profiles/D4903249_353.nc|2024-06-13T02:44:55Z|26.28755|-86.52446,aoml/4903249/profiles/D4903249_353.nc,4903249,4903249,26.28755,-86.52446,2024-06-13T02:44:55Z,20240613,2024,1010,0.44,2007.88,18.5179,True,True,True,https://noaa-nws-rtofs-pds.s3.amazonaws.com/rtofs.20240613/rtofs_glo_3dz_f006_6hrly_hvr_US_east.nc
ARGO_GDAC,pfl,aoml/4903249/profiles/D4903249_353.nc|2024-06-13T02:44:55Z|26.28755|-86.52446,aoml/4903249/profiles/D4903249_353.nc,4903249,4903249,26.28755,-86.52446,2024-06-13T02:44:55Z,20240613,2024,884,0.44,100.0,18.6438,True,True,True,https://noaa-nws-rtofs-pds.s3.amazonaws.com/rtofs.20240613/rtofs_glo_3dz_f006_6hrly_hvr_US_east.nc
ARGO_GDAC,pfl,aoml/4903249/profiles/D4903249_354.nc|2024-06-18T02:34:48Z|26.17887|-86.13331,aoml/4903249/profiles/D4903249_354.nc,4903249,4903249,26.17887,-86.13331,2024-06-18T02:34:48Z,20240618,2024,1015,1.08,2019.64,46.2139,True,True,True,https://noaa-nws-rtofs-pds.s3.amazonaws.com/rtofs.20240618/rtofs_glo_3dz_f006_6hrly_hvr_US_east.nc
ARGO_GDAC,pfl,aoml/4903249/profiles/D4903249_354.nc|2024-06-18T02:34:48Z|26.17887|-86.13331,aoml/4903249/profiles/D4903249_354.nc,4903249,4903249,26.17887,-86.13331,2024-06-18T02:34:48Z,20240618,2024,921,0.6,99.84,45.96,True,True,True,https://noaa-nws-rtofs-pds.s3.amazonaws.com/rtofs.20240618/rtofs_glo_3dz_f006_6hrly_hvr_US_east.nc
ARGO_GDAC,pfl,aoml/4903249/profiles/D4903249_355.nc|2024-06-23T02:16:21Z|25.91548|-86.09923,aoml/4903249/profiles/D4903249_355.nc,4903249,4903249,25.91548,-86.09923,2024-06-23T02:16:21Z,20240623,2024,1009,1.0,2007.12,43.2836,True,True,True,https://noaa-nws-rtofs-pds.s3.amazonaws.com/rtofs.20240623/rtofs_glo_3dz_f006_6hrly_hvr_US_east.nc
ARGO_GDAC,pfl,aoml/4903249/profiles/D4903249_355.nc|2024-06-23T02:16:21Z|25.91548|-86.09923,aoml/4903249/profiles/D4903249_355.nc,4903249,4903249,25.91548,-86.09923,2024-06-23T02:16:21Z,20240623,2024,845,0.64,99.96,43.57,True,True,True,https://noaa-nws-rtofs-pds.s3.amazonaws.com/rtofs.20240623/rtofs_glo_3dz_f006_6hrly_hvr_US_east.nc
ARGO_GDAC,pfl,aoml/4903249/profiles/D4903249_356.nc|2024-06-28T01:58:21Z|25.69874|-86.36479,aoml/4903249/profiles/D4903249_356.nc,4903249,4903249,25.69874,-86.36479,2024-06-28T01:58:21Z,20240628,2024,1009,0.48,2006.12,23.2125,True,True,True,https://noaa-nws-rtofs-pds.s3.amazonaws.com/rtofs.20240628/rtofs_glo_3dz_f006_6hrly_hvr_US_east.nc
ARGO_GDAC,pfl,aoml/4903249/profiles/D4903249_356.nc|2024-06-28T01:58:21Z|25.69874|-86.36479,aoml/4903249/profiles/D4903249_356.nc,4903249,4903249,25.69874,-86.36479,2024-06-28T01:58:21Z,20240628,2024,860,0.48,99.88,23.072,True,True,True,https://noaa-nws-rtofs-pds.s3.amazonaws.com/rtofs.20240628/rtofs_glo_3dz_f006_6hrly_hvr_US_east.nc
ARGO_GDAC,pfl,aoml/4903249/profiles/D4903249_357.nc|2024-07-03T01:34:54Z|25.74401|-86.91891,aoml/4903249/profiles/D4903249_357.nc,4903249,4903249,25.74401,-86.91891,2024-07-03T01:34:54Z,20240703,2024,1007,1.0,2004.24,44.4201,True,True,True,https://noaa-nws-rtofs-pds.s3.amazonaws.com/rtofs.20240703/rtofs_glo_3dz_f006_6hrly_hvr_US_east.nc
ARGO_GDAC,pfl,aoml/4903249/profiles/D4903249_357.nc|2024-07-03T01:34:54Z|25.74401|-86.91891,aoml/4903249/profiles/D4903249_357.nc,4903249,4903249,25.74401,-86.91891,2024-07-03T01:34:54Z,20240703,2024,891,0.56,99.92,44.8891,True,True,True,https://noaa-nws-rtofs-pds.s3.amazonaws.com/rtofs.20240703/rtofs_glo_3dz_f006_6hrly_hvr_US_east.nc
ARGO_GDAC,pfl,aoml/4903249/profiles/D4903249_358.nc|2024-07-08T01:14:52Z|25.94888|-87.31169,aoml/4903249/profiles/D4903249_358.nc,4903249,4903249,25.94888,-87.31169,2024-07-08T01:14:52Z,20240708,2024,1008,1.04,2005.96,34.2154,True,True,True,https://noaa-nws-rtofs-pds.s3.amazonaws.com/rtofs.20240708/rtofs_glo_3dz_f006_6hrly_hvr_US_east.nc
ARGO_GDAC,pfl,aoml/4903249/profiles/D4903249_358.nc|2024-07-08T01:14:52Z|25.94888|-87.31169,aoml/4903249/profiles/D4903249_358.nc,4903249,4903249,25.94888,-87.31169,2024-07-08T01:14:52Z,20240708,2024,864,0.56,99.88,34.615,True,True,True,https://noaa-nws-rtofs-pds.s3.amazonaws.com/rtofs.20240708/rtofs_glo_3dz_f006_6hrly_hvr_US_east.nc
ARGO_GDAC,pfl,aoml/4903249/profiles/D4903249_359.nc|2024-07-13T01:09:20Z|25.94515|-87.32587,aoml/4903249/profiles/D4903249_359.nc,4903249,4903249,25.94515,-87.32587,2024-07-13T01:09:20Z,20240713,2024,1008,1.04,2006.2,39.5748,True,True,True,https://noaa-nws-rtofs-pds.s3.amazonaws.com/rtofs.20240713/rtofs_glo_3dz_f006_6hrly_hvr_US_east.nc
ARGO_GDAC,pfl,aoml/4903249/profiles/D4903249_359.nc|2024-07-13T01:09:20Z|25.94515|-87.32587,aoml/4903249/profiles/D4903249_359.nc,4903249,4903249,25.94515,-87.32587,2024-07-13T01:09:20Z,20240713,2024,880,0.52,99.96,40.0165,True,True,True,https://noaa-nws-rtofs-pds.s3.amazonaws.com/rtofs.20240713/rtofs_glo_3dz_f006_6hrly_hvr_US_east.nc
ARGO_GDAC,pfl,aoml/4903249/profiles/D4903249_360.nc|2024-07-18T00:58:11Z|25.99530|-87.41055,aoml/4903249/profiles/D4903249_360.nc,4903249,4903249,25.9953,-87.41055,2024-07-18T00:58:11Z,20240718,2024,1010,0.48,2007.16,23.2105,True,True,True,https://noaa-nws-rtofs-pds.s3.amazonaws.com/rtofs.20240718/rtofs_glo_3dz_f006_6hrly_hvr_US_east.nc
ARGO_GDAC,pfl,aoml/4903249/profiles/D4903249_360.nc|2024-07-18T00:58:11Z|25.99530|-87.41055,aoml/4903249/profiles/D4903249_360.nc,4903249,4903249,25.9953,-87.41055,2024-07-18T00:58:11Z,20240718,2024,874,0.48,99.92,23.08,True,True,True,https://noaa-nws-rtofs-pds.s3.amazonaws.com/rtofs.20240718/rtofs_glo_3dz_f006_6hrly_hvr_US_east.nc
ARGO_GDAC,pfl,aoml/4903249/profiles/D4903249_361.nc|2024-07-23T00:39:18Z|26.08915|-86.90166,aoml/4903249/profiles/D4903249_361.nc,4903249,4903249,26.08915,-86.90166,2024-07-23T00:39:18Z,20240723,2024,1013,0.96,2015.92,14.2896,True,True,True,https://noaa-nws-rtofs-pds.s3.amazonaws.com/rtofs.20240723/rtofs_glo_3dz_f006_6hrly_hvr_US_east.nc
ARGO_GDAC,pfl,aoml/4903249/profiles/D4903249_361.nc|2024-07-23T00:39:18Z|26.08915|-86.90166,aoml/4903249/profiles/D4903249_361.nc,4903249,4903249,26.08915,-86.90166,2024-07-23T00:39:18Z,20240723,2024,878,0.52,100.0,13.8254,True,True,True,https://noaa-nws-rtofs-pds.s3.amazonaws.com/rtofs.20240723/rtofs_glo_3dz_f006_6hrly_hvr_US_east.nc
ARGO_GDAC,pfl,aoml/4903249/profiles/D4903249_362.nc|2024-07-28T00:04:44Z|26.32819|-85.85044,aoml/4903249/profiles/D4903249_362.nc,4903249,4903249,26.32819,-85.85044,2024-07-28T00:04:44Z,20240728,2024,1007,1.04,2004.12,12.4112,True,True,True,https://noaa-nws-rtofs-pds.s3.amazonaws.com/rtofs.20240728/rtofs_glo_3dz_f006_6hrly_hvr_US_east.nc
ARGO_GDAC,pfl,aoml/4903249/profiles/D4903249_362.nc|2024-07-28T00:04:44Z|26.32819|-85.85044,aoml/4903249/profiles/D4903249_362.nc,4903249,4903249,26.32819,-85.85044,2024-07-28T00:04:44Z,20240728,2024,953,0.64,99.96,12.24,True,True,True,https://noaa-nws-rtofs-pds.s3.amazonaws.com/rtofs.20240728/rtofs_glo_3dz_f006_6hrly_hvr_US_east.nc
ARGO_GDAC,pfl,aoml/4903249/profiles/D4903249_363.nc|2024-08-01T23:50:41Z|26.42150|-86.28848,aoml/4903249/profiles/D4903249_363.nc,4903249,4903249,26.4215,-86.28848,2024-08-01T23:50:41Z,20240801,2024,1010,1.04,2009.72,19.4289,True,True,True,https://noaa-nws-rtofs-pds.s3.amazonaws.com/rtofs.20240801/rtofs_glo_3dz_f006_6hrly_hvr_US_east.nc
ARGO_GDAC,pfl,aoml/4903249/profiles/D4903249_363.nc|2024-08-01T23:50:41Z|26.42150|-86.28848,aoml/4903249/profiles/D4903249_363.nc,4903249,4903249,26.4215,-86.28848,2024-08-01T23:50:41Z,20240801,2024,954,0.72,99.92,19.5067,True,True,True,https://noaa-nws-rtofs-pds.s3.amazonaws.com/rtofs.20240801/rtofs_glo_3dz_f006_6hrly_hvr_US_east.nc
ARGO_GDAC,pfl,aoml/4903249/profiles/D4903249_364.nc|2024-08-06T23:08:36Z|25.58418|-86.81109,aoml/4903249/profiles/D4903249_364.nc,4903249,4903249,25.58418,-86.81109,2024-08-06T23:08:36Z,20240806,2024,1009,1.08,2007.16,34.9005,True,True,True,https://noaa-nws-rtofs-pds.s3.amazonaws.com/rtofs.20240806/rtofs_glo_3dz_f006_6hrly_hvr_US_east.nc
ARGO_GDAC,pfl,aoml/4903249/profiles/D4903249_364.nc|2024-08-06T23:08:36Z|25.58418|-86.81109,aoml/4903249/profiles/D4903249_364.nc,4903249,4903249,25.58418,-86.81109,2024-08-06T23:08:36Z,20240806,2024,865,0.64,99.96,35.104,True,True,True,https://noaa-nws-rtofs-pds.s3.amazonaws.com/rtofs.20240806/rtofs_glo_3dz_f006_6hrly_hvr_US_east.nc
ARGO_GDAC,pfl,aoml/4903249/profiles/D4903249_365.nc|2024-08-11T22:41:13Z|25.65907|-86.18984,aoml/4903249/profiles/D4903249_365.nc,4903249,4903249,25.65907,-86.18984,2024-08-11T22:41:13Z,20240811,2024,1009,1.04,2007.56,29.8076,True,True,True,https://noaa-nws-rtofs-pds.s3.amazonaws.com/rtofs.20240811/rtofs_glo_3dz_f006_6hrly_hvr_US_east.nc
ARGO_GDAC,pfl,aoml/4903249/profiles/D4903249_365.nc|2024-08-11T22:41:13Z|25.65907|-86.18984,aoml/4903249/profiles/D4903249_365.nc,4903249,4903249,25.65907,-86.18984,2024-08-11T22:41:13Z,20240811,2024,1020,2.44,99.92,29.9916,True,True,True,https://noaa-nws-rtofs-pds.s3.amazonaws.com/rtofs.20240811/rtofs_glo_3dz_f006_6hrly_hvr_US_east.nc
ARGO_GDAC,pfl,aoml/4903249/profiles/D4903249_366.nc|2024-08-16T22:19:50Z|26.02449|-87.47068,aoml/4903249/profiles/D4903249_366.nc,4903249,4903249,26.02449,-87.47068,2024-08-16T22:19:50Z,20240816,2024,1013,1.0,2015.88,14.8906,True,True,True,https://noaa-nws-rtofs-pds.s3.amazonaws.com/rtofs.20240816/rtofs_glo_3dz_f006_6hrly_hvr_US_east.nc
ARGO_GDAC,pfl,aoml/4903249/profiles/D4903249_366.nc|2024-08-16T22:19:50Z|26.02449|-87.47068,aoml/4903249/profiles/D4903249_366.nc,4903249,4903249,26.02449,-87.47068,2024-08-16T22:19:50Z,20240816,2024,898,0.64,99.88,15.093,True,True,True,https://noaa-nws-rtofs-pds.s3.amazonaws.com/rtofs.20240816/rtofs_glo_3dz_f006_6hrly_hvr_US_east.nc
ARGO_GDAC,pfl,aoml/4903249/profiles/D4903249_367.nc|2024-08-21T21:57:19Z|25.61086|-88.69728,aoml/4903249/profiles/D4903249_367.nc,4903249,4903249,25.61086,-88.69728,2024-08-21T21:57:19Z,20240821,2024,1008,1.04,2005.04,31.5226,True,True,True,https://noaa-nws-rtofs-pds.s3.amazonaws.com/rtofs.20240821/rtofs_glo_3dz_f006_6hrly_hvr_US_east.nc
ARGO_GDAC,pfl,aoml/4903249/profiles/D4903249_367.nc|2024-08-21T21:57:19Z|25.61086|-88.69728,aoml/4903249/profiles/D4903249_367.nc,4903249,4903249,25.61086,-88.69728,2024-08-21T21:57:19Z,20240821,2024,886,0.6,99.88,31.8596,True,True,True,https://noaa-nws-rtofs-pds.s3.amazonaws.com/rtofs.20240821/rtofs_glo_3dz_f006_6hrly_hvr_US_east.nc
ARGO_GDAC,pfl,aoml/4903249/profiles/D4903249_368.nc|2024-08-26T21:36:33Z|25.37733|-89.08108,aoml/4903249/profiles/D4903249_368.nc,4903249,4903249,25.37733,-89.08108,2024-08-26T21:36:33Z,20240826,2024,1010,0.48,2007.08,21.2396,True,True,True,https://noaa-nws-rtofs-pds.s3.amazonaws.com/rtofs.20240826/rtofs_glo_3dz_f006_6hrly_hvr_US_east.nc
ARGO_GDAC,pfl,aoml/4903249/profiles/D4903249_368.nc|2024-08-26T21:36:33Z|25.37733|-89.08108,aoml/4903249/profiles/D4903249_368.nc,4903249,4903249,25.37733,-89.08108,2024-08-26T21:36:33Z,20240826,2024,899,0.48,99.92,21.528,True,True,True,https://noaa-nws-rtofs-pds.s3.amazonaws.com/rtofs.20240826/rtofs_glo_3dz_f006_6hrly_hvr_US_east.nc
ARGO_GDAC,pfl,aoml/4903249/profiles/D4903249_369.nc|2024-08-31T21:17:05Z|25.48475|-88.78916,aoml/4903249/profiles/D4903249_369.nc,4903249,4903249,25.48475,-88.78916,2024-08-31T21:17:05Z,20240831,2024,1008,1.04,2005.2,19.283,True,True,True,https://noaa-nws-rtofs-pds.s3.amazonaws.com/rtofs.20240831/rtofs_glo_3dz_f006_6hrly_hvr_US_east.nc
ARGO_GDAC,pfl,aoml/4903249/profiles/D4903249_369.nc|2024-08-31T21:17:05Z|25.48475|-88.78916,aoml/4903249/profiles/D4903249_369.nc,4903249,4903249,25.48475,-88.78916,2024-08-31T21:17:05Z,20240831,2024,1020,1.8,99.96,20.0965,True,True,True,https://noaa-nws-rtofs-pds.s3.amazonaws.com/rtofs.20240831/rtofs_glo_3dz_f006_6hrly_hvr_US_east.nc
ARGO_GDAC,pfl,aoml/4903249/profiles/D4903249_370.nc|2024-09-05T21:08:09Z|26.26201|-89.20784,aoml/4903249/profiles/D4903249_370.nc,4903249,4903249,26.26201,-89.20784,2024-09-05T21:08:09Z,20240905,2024,1011,1.04,2012.12,19.7071,True,True,True,https://noaa-nws-rtofs-pds.s3.amazonaws.com/rtofs.20240905/rtofs_glo_3dz_f006_6hrly_hvr_US_east.nc
ARGO_GDAC,pfl,aoml/4903249/profiles/D4903249_370.nc|2024-09-05T21:08:09Z|26.26201|-89.20784,aoml/4903249/profiles/D4903249_370.nc,4903249,4903249,26.26201,-89.20784,2024-09-05T21:08:09Z,20240905,2024,936,0.64,100.0,19.8481,True,True,True,https://noaa-nws-rtofs-pds.s3.amazonaws.com/rtofs.20240905/rtofs_glo_3dz_f006_6hrly_hvr_US_east.nc
ARGO_GDAC,pfl,aoml/4903249/profiles/D4903249_371.nc|2024-09-10T20:56:29Z|26.13494|-89.27732,aoml/4903249/profiles/D4903249_371.nc,4903249,4903249,26.13494,-89.27732,2024-09-10T20:56:29Z,20240910,2024,1013,0.4,2013.6,38.7556,True,True,True,https://noaa-nws-rtofs-pds.s3.amazonaws.com/rtofs.20240910/rtofs_glo_3dz_f006_6hrly_hvr_US_east.nc
ARGO_GDAC,pfl,aoml/4903249/profiles/D4903249_371.nc|2024-09-10T20:56:29Z|26.13494|-89.27732,aoml/4903249/profiles/D4903249_371.nc,4903249,4903249,26.13494,-89.27732,2024-09-10T20:56:29Z,20240910,2024,956,0.4,99.8,38.73,True,True,True,https://noaa-nws-rtofs-pds.s3.amazonaws.com/rtofs.20240910/rtofs_glo_3dz_f006_6hrly_hvr_US_east.nc
ARGO_GDAC,pfl,aoml/4903249/profiles/D4903249_372.nc|2024-09-15T20:40:13Z|26.01231|-88.81018,aoml/4903249/profiles/D4903249_372.nc,4903249,4903249,26.01231,-88.81018,2024-09-15T20:40:13Z,20240915,2024,1008,1.0,2005.6,37.3056,True,True,True,https://noaa-nws-rtofs-pds.s3.amazonaws.com/rtofs.20240915/rtofs_glo_3dz_f006_6hrly_hvr_US_east.nc
ARGO_GDAC,pfl,aoml/4903249/profiles/D4903249_372.nc|2024-09-15T20:40:13Z|26.01231|-88.81018,aoml/4903249/profiles/D4903249_372.nc,4903249,4903249,26.01231,-88.81018,2024-09-15T20:40:13Z,20240915,2024,961,0.56,99.92,37.4254,True,True,True,https://noaa-nws-rtofs-pds.s3.amazonaws.com/rtofs.20240915/rtofs_glo_3dz_f006_6hrly_hvr_US_east.nc
ARGO_GDAC,pfl,aoml/4903249/profiles/D4903249_373.nc|2024-09-20T20:23:57Z|26.04709|-88.78464,aoml/4903249/profiles/D4903249_373.nc,4903249,4903249,26.04709,-88.78464,2024-09-20T20:23:57Z,20240920,2024,1008,1.0,2005.52,22.99,True,True,True,https://noaa-nws-rtofs-pds.s3.amazonaws.com/rtofs.20240920/rtofs_glo_3dz_f006_6hrly_hvr_US_east.nc
ARGO_GDAC,pfl,aoml/4903249/profiles/D4903249_373.nc|2024-09-20T20:23:57Z|26.04709|-88.78464,aoml/4903249/profiles/D4903249_373.nc,4903249,4903249,26.04709,-88.78464,2024-09-20T20:23:57Z,20240920,2024,987,0.6,99.88,23.5969,True,True,True,https://noaa-nws-rtofs-pds.s3.amazonaws.com/rtofs.20240920/rtofs_glo_3dz_f006_6hrly_hvr_US_east.nc
ARGO_GDAC,pfl,aoml/4903249/profiles/D4903249_374.nc|2024-09-25T20:05:40Z|25.99996|-88.55021,aoml/4903249/profiles/D4903249_374.nc,4903249,4903249,25.99996,-88.55021,2024-09-25T20:05:40Z,20240925,2024,1009,0.48,2006.12,30.3037,True,True,True,https://noaa-nws-rtofs-pds.s3.amazonaws.com/rtofs.20240925/rtofs_glo_3dz_f006_6hrly_hvr_US_east.nc
ARGO_GDAC,pfl,aoml/4903249/profiles/D4903249_374.nc|2024-09-25T20:05:40Z|25.99996|-88.55021,aoml/4903249/profiles/D4903249_374.nc,4903249,4903249,25.99996,-88.55021,2024-09-25T20:05:40Z,20240925,2024,1005,0.48,99.84,30.5296,True,True,True,https://noaa-nws-rtofs-pds.s3.amazonaws.com/rtofs.20240925/rtofs_glo_3dz_f006_6hrly_hvr_US_east.nc
ARGO_GDAC,pfl,aoml/4903249/profiles/D4903249_375.nc|2024-09-30T19:49:12Z|25.83086|-88.72898,aoml/4903249/profiles/D4903249_375.nc,4903249,4903249,25.83086,-88.72898,2024-09-30T19:49:12Z,20240930,2024,1009,1.0,2007.08,30.2791,True,True,True,https://noaa-nws-rtofs-pds.s3.amazonaws.com/rtofs.20240930/rtofs_glo_3dz_f006_6hrly_hvr_US_east.nc
ARGO_GDAC,pfl,aoml/4903249/profiles/D4903249_375.nc|2024-09-30T19:49:12Z|25.83086|-88.72898,aoml/4903249/profiles/D4903249_375.nc,4903249,4903249,25.83086,-88.72898,2024-09-30T19:49:12Z,20240930,2024,999,0.56,99.92,31.3818,True,True,True,https://noaa-nws-rtofs-pds.s3.amazonaws.com/rtofs.20240930/rtofs_glo_3dz_f006_6hrly_hvr_US_east.nc
ARGO_GDAC,pfl,aoml/4903249/profiles/D4903249_376.nc|2024-10-05T19:36:45Z|25.57806|-88.89565,aoml/4903249/profiles/D4903249_376.nc,4903249,4903249,25.57806,-88.89565,2024-10-05T19:36:45Z,20241005,2024,1009,1.0,2007.32,44.655,True,True,True,https://noaa-nws-rtofs-pds.s3.amazonaws.com/rtofs.20241005/rtofs_glo_3dz_f006_6hrly_hvr_US_east.nc
ARGO_GDAC,pfl,aoml/4903249/profiles/D4903249_376.nc|2024-10-05T19:36:45Z|25.57806|-88.89565,aoml/4903249/profiles/D4903249_376.nc,4903249,4903249,25.57806,-88.89565,2024-10-05T19:36:45Z,20241005,2024,940,0.68,99.92,14.88,True,True,True,https://noaa-nws-rtofs-pds.s3.amazonaws.com/rtofs.20241005/rtofs_glo_3dz_f006_6hrly_hvr_US_east.nc
ARGO_GDAC,pfl,aoml/4903249/profiles/D4903249_377.nc|2024-10-10T19:21:48Z|25.88147|-88.74621,aoml/4903249/profiles/D4903249_377.nc,4903249,4903249,25.88147,-88.74621,2024-10-10T19:21:48Z,20241010,2024,1008,1.08,2005.24,36.2206,True,True,True,https://noaa-nws-rtofs-pds.s3.amazonaws.com/rtofs.20241010/rtofs_glo_3dz_f006_6hrly_hvr_US_east.nc
ARGO_GDAC,pfl,aoml/4903249/profiles/D4903249_377.nc|2024-10-10T19:21:48Z|25.88147|-88.74621,aoml/4903249/profiles/D4903249_377.nc,4903249,4903249,25.88147,-88.74621,2024-10-10T19:21:48Z,20241010,2024,951,0.72,99.96,36.08,True,True,True,https://noaa-nws-rtofs-pds.s3.amazonaws.com/rtofs.20241010/rtofs_glo_3dz_f006_6hrly_hvr_US_east.nc
ARGO_GDAC,pfl,aoml/4903249/profiles/D4903249_378.nc|2024-10-15T19:02:13Z|26.05367|-88.47109,aoml/4903249/profiles/D4903249_378.nc,4903249,4903249,26.05367,-88.47109,2024-10-15T19:02:13Z,20241015,2024,1009,1.04,2007.16,51.377,True,True,True,https://noaa-nws-rtofs-pds.s3.amazonaws.com/rtofs.20241015/rtofs_glo_3dz_f006_6hrly_hvr_US_east.nc
ARGO_GDAC,pfl,aoml/4903249/profiles/D4903249_378.nc|2024-10-15T19:02:13Z|26.05367|-88.47109,aoml/4903249/profiles/D4903249_378.nc,4903249,4903249,26.05367,-88.47109,2024-10-15T19:02:13Z,20241015,2024,981,0.72,99.96,51.5,True,True,True,https://noaa-nws-rtofs-pds.s3.amazonaws.com/rtofs.20241015/rtofs_glo_3dz_f006_6hrly_hvr_US_east.nc
ARGO_GDAC,pfl,aoml/4903249/profiles/D4903249_379.nc|2024-10-20T18:42:50Z|25.85023|-87.97280,aoml/4903249/profiles/D4903249_379.nc,4903249,4903249,25.85023,-87.9728,2024-10-20T18:42:50Z,20241020,2024,1008,1.0,2006.2,80.4259,True,True,True,https://noaa-nws-rtofs-pds.s3.amazonaws.com/rtofs.20241020/rtofs_glo_3dz_f006_6hrly_hvr_US_east.nc
ARGO_GDAC,pfl,aoml/4903249/profiles/D4903249_379.nc|2024-10-20T18:42:50Z|25.85023|-87.97280,aoml/4903249/profiles/D4903249_379.nc,4903249,4903249,25.85023,-87.9728,2024-10-20T18:42:50Z,20241020,2024,867,0.56,99.8,80.9504,True,True,True,https://noaa-nws-rtofs-pds.s3.amazonaws.com/rtofs.20241020/rtofs_glo_3dz_f006_6hrly_hvr_US_east.nc
ARGO_GDAC,pfl,aoml/4903249/profiles/D4903249_380.nc|2024-10-25T18:28:58Z|26.46133|-87.29131,aoml/4903249/profiles/D4903249_380.nc,4903249,4903249,26.46133,-87.29131,2024-10-25T18:28:58Z,20241025,2024,1014,1.0,2017.72,104.5902,True,False,True,https://noaa-nws-rtofs-pds.s3.amazonaws.com/rtofs.20241025/rtofs_glo_3dz_f006_6hrly_hvr_US_east.nc
ARGO_GDAC,pfl,aoml/4903249/profiles/D4903249_380.nc|2024-10-25T18:28:58Z|26.46133|-87.29131,aoml/4903249/profiles/D4903249_380.nc,4903249,4903249,26.46133,-87.29131,2024-10-25T18:28:58Z,20241025,2024,898,0.6,99.96,,False,False,True,https://noaa-nws-rtofs-pds.s3.amazonaws.com/rtofs.20241025/rtofs_glo_3dz_f006_6hrly_hvr_US_east.nc
ARGO_GDAC,pfl,aoml/4903249/profiles/D4903249_381.nc|2024-10-30T18:04:12Z|26.39776|-86.92858,aoml/4903249/profiles/D4903249_381.nc,4903249,4903249,26.39776,-86.92858,2024-10-30T18:04:12Z,20241030,2024,1008,0.92,2006.2,120.3699,True,False,True,https://noaa-nws-rtofs-pds.s3.amazonaws.com/rtofs.20241030/rtofs_glo_3dz_f006_6hrly_hvr_US_east.nc
ARGO_GDAC,pfl,aoml/4903249/profiles/D4903249_381.nc|2024-10-30T18:04:12Z|26.39776|-86.92858,aoml/4903249/profiles/D4903249_381.nc,4903249,4903249,26.39776,-86.92858,2024-10-30T18:04:12Z,20241030,2024,870,0.6,99.96,,False,False,True,https://noaa-nws-rtofs-pds.s3.amazonaws.com/rtofs.20241030/rtofs_glo_3dz_f006_6hrly_hvr_US_east.nc
ARGO_GDAC,pfl,aoml/4903249/profiles/D4903249_382.nc|2024-11-04T17:44:06Z|26.21203|-86.75467,aoml/4903249/profiles/D4903249_382.nc,4903249,4903249,26.21203,-86.75467,2024-11-04T17:44:06Z,20241104,2024,1009,1.0,2007.08,116.9565,True,False,True,https://noaa-nws-rtofs-pds.s3.amazonaws.com/rtofs.20241104/rtofs_glo_3dz_f006_6hrly_hvr_US_east.nc
ARGO_GDAC,pfl,aoml/4903249/profiles/D4903249_382.nc|2024-11-04T17:44:06Z|26.21203|-86.75467,aoml/4903249/profiles/D4903249_382.nc,4903249,4903249,26.21203,-86.75467,2024-11-04T17:44:06Z,20241104,2024,855,0.6,99.84,,False,False,True,https://noaa-nws-rtofs-pds.s3.amazonaws.com/rtofs.20241104/rtofs_glo_3dz_f006_6hrly_hvr_US_east.nc
ARGO_GDAC,pfl,aoml/4903249/profiles/D4903249_383.nc|2024-11-09T17:26:45Z|25.94523|-86.73739,aoml/4903249/profiles/D4903249_383.nc,4903249,4903249,25.94523,-86.73739,2024-11-09T17:26:45Z,20241109,2024,1009,0.92,2007.24,121.7688,True,False,True,https://noaa-nws-rtofs-pds.s3.amazonaws.com/rtofs.20241109/rtofs_glo_3dz_f006_6hrly_hvr_US_east.nc
ARGO_GDAC,pfl,aoml/4903249/profiles/D4903249_383.nc|2024-11-09T17:26:45Z|25.94523|-86.73739,aoml/4903249/profiles/D4903249_383.nc,4903249,4903249,25.94523,-86.73739,2024-11-09T17:26:45Z,20241109,2024,820,0.56,100.0,,False,False,True,https://noaa-nws-rtofs-pds.s3.amazonaws.com/rtofs.20241109/rtofs_glo_3dz_f006_6hrly_hvr_US_east.nc
ARGO_GDAC,pfl,aoml/4903249/profiles/D4903249_384.nc|2024-11-14T17:03:33Z|25.90062|-86.90011,aoml/4903249/profiles/D4903249_384.nc,4903249,4903249,25.90062,-86.90011,2024-11-14T17:03:33Z,20241114,2024,1010,0.44,2007.04,123.4156,True,False,True,https://noaa-nws-rtofs-pds.s3.amazonaws.com/rtofs.20241114/rtofs_glo_3dz_f006_6hrly_hvr_US_east.nc
ARGO_GDAC,pfl,aoml/4903249/profiles/D4903249_384.nc|2024-11-14T17:03:33Z|25.90062|-86.90011,aoml/4903249/profiles/D4903249_384.nc,4903249,4903249,25.90062,-86.90011,2024-11-14T17:03:33Z,20241114,2024,844,0.44,99.96,,False,False,True,https://noaa-nws-rtofs-pds.s3.amazonaws.com/rtofs.20241114/rtofs_glo_3dz_f006_6hrly_hvr_US_east.nc
ARGO_GDAC,pfl,aoml/4903249/profiles/D4903249_385.nc|2024-11-19T16:55:32Z|25.81925|-87.18448,aoml/4903249/profiles/D4903249_385.nc,4903249,4903249,25.81925,-87.18448,2024-11-19T16:55:32Z,20241119,2024,1015,0.48,2017.36,126.0879,True,False,True,https://noaa-nws-rtofs-pds.s3.amazonaws.com/rtofs.20241119/rtofs_glo_3dz_f006_6hrly_hvr_US_east.nc
ARGO_GDAC,pfl,aoml/4903249/profiles/D4903249_385.nc|2024-11-19T16:55:32Z|25.81925|-87.18448,aoml/4903249/profiles/D4903249_385.nc,4903249,4903249,25.81925,-87.18448,2024-11-19T16:55:32Z,20241119,2024,851,0.48,99.92,,False,False,True,https://noaa-nws-rtofs-pds.s3.amazonaws.com/rtofs.20241119/rtofs_glo_3dz_f006_6hrly_hvr_US_east.nc
ARGO_GDAC,pfl,aoml/4903249/profiles/D4903249_386.nc|2024-11-24T16:45:52Z|25.81118|-87.32378,aoml/4903249/profiles/D4903249_386.nc,4903249,4903249,25.81118,-87.32378,2024-11-24T16:45:52Z,20241124,2024,1010,1.04,2009.08,139.9741,True,False,True,https://noaa-nws-rtofs-pds.s3.amazonaws.com/rtofs.20241124/rtofs_glo_3dz_f006_6hrly_hvr_US_east.nc
ARGO_GDAC,pfl,aoml/4903249/profiles/D4903249_386.nc|2024-11-24T16:45:52Z|25.81118|-87.32378,aoml/4903249/profiles/D4903249_386.nc,4903249,4903249,25.81118,-87.32378,2024-11-24T16:45:52Z,20241124,2024,824,0.56,99.84,,False,False,True,https://noaa-nws-rtofs-pds.s3.amazonaws.com/rtofs.20241124/rtofs_glo_3dz_f006_6hrly_hvr_US_east.nc
ARGO_GDAC,pfl,aoml/4903249/profiles/D4903249_387.nc|2024-11-29T16:24:41Z|25.91629|-87.27240,aoml/4903249/profiles/D4903249_387.nc,4903249,4903249,25.91629,-87.2724,2024-11-29T16:24:41Z,20241129,2024,1008,1.0,2006.04,135.7368,True,False,True,https://noaa-nws-rtofs-pds.s3.amazonaws.com/rtofs.20241129/rtofs_glo_3dz_f006_6hrly_hvr_US_east.nc
ARGO_GDAC,pfl,aoml/4903249/profiles/D4903249_387.nc|2024-11-29T16:24:41Z|25.91629|-87.27240,aoml/4903249/profiles/D4903249_387.nc,4903249,4903249,25.91629,-87.2724,2024-11-29T16:24:41Z,20241129,2024,848,0.6,99.96,,False,False,True,https://noaa-nws-rtofs-pds.s3.amazonaws.com/rtofs.20241129/rtofs_glo_3dz_f006_6hrly_hvr_US_east.nc
ARGO_GDAC,pfl,aoml/4903249/profiles/D4903249_388.nc|2024-12-04T16:13:18Z|25.79307|-87.09424,aoml/4903249/profiles/D4903249_388.nc,4903249,4903249,25.79307,-87.09424,2024-12-04T16:13:18Z,20241204,2024,1008,0.88,2005.48,137.3161,True,False,True,https://noaa-nws-rtofs-pds.s3.amazonaws.com/rtofs.20241204/rtofs_glo_3dz_f006_6hrly_hvr_US_east.nc
ARGO_GDAC,pfl,aoml/4903249/profiles/D4903249_388.nc|2024-12-04T16:13:18Z|25.79307|-87.09424,aoml/4903249/profiles/D4903249_388.nc,4903249,4903249,25.79307,-87.09424,2024-12-04T16:13:18Z,20241204,2024,834,0.52,100.0,,False,False,True,https://noaa-nws-rtofs-pds.s3.amazonaws.com/rtofs.20241204/rtofs_glo_3dz_f006_6hrly_hvr_US_east.nc
ARGO_GDAC,pfl,aoml/4903249/profiles/D4903249_389.nc|2024-12-09T15:53:28Z|25.93062|-86.86513,aoml/4903249/profiles/D4903249_389.nc,4903249,4903249,25.93062,-86.86513,2024-12-09T15:53:28Z,20241209,2024,1008,1.04,2005.84,110.0777,True,False,True,https://noaa-nws-rtofs-pds.s3.amazonaws.com/rtofs.20241209/rtofs_glo_3dz_f006_6hrly_hvr_US_east.nc
ARGO_GDAC,pfl,aoml/4903249/profiles/D4903249_389.nc|2024-12-09T15:53:28Z|25.93062|-86.86513,aoml/4903249/profiles/D4903249_389.nc,4903249,4903249,25.93062,-86.86513,2024-12-09T15:53:28Z,20241209,2024,819,0.64,99.96,,False,False,True,https://noaa-nws-rtofs-pds.s3.amazonaws.com/rtofs.20241209/rtofs_glo_3dz_f006_6hrly_hvr_US_east.nc
ARGO_GDAC,pfl,aoml/4903249/profiles/D4903249_390.nc|2024-12-14T15:38:31Z|25.98462|-86.38800,aoml/4903249/profiles/D4903249_390.nc,4903249,4903249,25.98462,-86.388,2024-12-14T15:38:31Z,20241214,2024,1008,1.12,2005.6,42.6029,True,True,True,https://noaa-nws-rtofs-pds.s3.amazonaws.com/rtofs.20241214/rtofs_glo_3dz_f006_6hrly_hvr_US_east.nc
ARGO_GDAC,pfl,aoml/4903249/profiles/D4903249_390.nc|2024-12-14T15:38:31Z|25.98462|-86.38800,aoml/4903249/profiles/D4903249_390.nc,4903249,4903249,25.98462,-86.388,2024-12-14T15:38:31Z,20241214,2024,956,0.84,100.0,42.6756,True,True,True,https://noaa-nws-rtofs-pds.s3.amazonaws.com/rtofs.20241214/rtofs_glo_3dz_f006_6hrly_hvr_US_east.nc
ARGO_GDAC,pfl,aoml/4903249/profiles/D4903249_391.nc|2024-12-19T15:22:11Z|25.76692|-85.69598,aoml/4903249/profiles/D4903249_391.nc,4903249,4903249,25.76692,-85.69598,2024-12-19T15:22:11Z,20241219,2024,1008,1.0,2005.88,46.5681,True,True,True,https://noaa-nws-rtofs-pds.s3.amazonaws.com/rtofs.20241219/rtofs_glo_3dz_f006_6hrly_hvr_US_east.nc
ARGO_GDAC,pfl,aoml/4903249/profiles/D4903249_391.nc|2024-12-19T15:22:11Z|25.76692|-85.69598,aoml/4903249/profiles/D4903249_391.nc,4903249,4903249,25.76692,-85.69598,2024-12-19T15:22:11Z,20241219,2024,900,0.56,99.96,47.161,True,True,True,https://noaa-nws-rtofs-pds.s3.amazonaws.com/rtofs.20241219/rtofs_glo_3dz_f006_6hrly_hvr_US_east.nc
ARGO_GDAC,pfl,aoml/4903249/profiles/D4903249_392.nc|2024-12-24T15:07:43Z|25.24869|-85.25458,aoml/4903249/profiles/D4903249_392.nc,4903249,4903249,25.24869,-85.25458,2024-12-24T15:07:43Z,20241224,2024,1008,0.96,2005.12,60.2315,True,True,True,https://noaa-nws-rtofs-pds.s3.amazonaws.com/rtofs.20241224/rtofs_glo_3dz_f006_6hrly_hvr_US_east.nc
ARGO_GDAC,pfl,aoml/4903249/profiles/D4903249_392.nc|2024-12-24T15:07:43Z|25.24869|-85.25458,aoml/4903249/profiles/D4903249_392.nc,4903249,4903249,25.24869,-85.25458,2024-12-24T15:07:43Z,20241224,2024,874,0.52,99.8,60.2463,True,True,True,https://noaa-nws-rtofs-pds.s3.amazonaws.com/rtofs.20241224/rtofs_glo_3dz_f006_6hrly_hvr_US_east.nc
ARGO_GDAC,pfl,aoml/4903249/profiles/D4903249_393.nc|2024-12-29T14:57:34Z|25.05163|-85.08298,aoml/4903249/profiles/D4903249_393.nc,4903249,4903249,25.05163,-85.08298,2024-12-29T14:57:34Z,20241229,2024,1009,1.04,2008.04,67.3171,True,True,True,https://noaa-nws-rtofs-pds.s3.amazonaws.com/rtofs.20241229/rtofs_glo_3dz_f006_6hrly_hvr_US_east.nc
ARGO_GDAC,pfl,aoml/4903249/profiles/D4903249_393.nc|2024-12-29T14:57:34Z|25.05163|-85.08298,aoml/4903249/profiles/D4903249_393.nc,4903249,4903249,25.05163,-85.08298,2024-12-29T14:57:34Z,20241229,2024,866,0.6,99.88,66.72,True,True,True,https://noaa-nws-rtofs-pds.s3.amazonaws.com/rtofs.20241229/rtofs_glo_3dz_f006_6hrly_hvr_US_east.nc
ARGO_GDAC,pfl,aoml/4903249/profiles/D4903249_394.nc|2025-01-03T14:31:09Z|25.23238|-85.02304,aoml/4903249/profiles/D4903249_394.nc,4903249,4903249,25.23238,-85.02304,2025-01-03T14:31:09Z,20250103,2025,1009,0.96,2007.64,28.8171,True,True,True,https://noaa-nws-rtofs-pds.s3.amazonaws.com/rtofs.20250103/rtofs_glo_3dz_f006_6hrly_hvr_US_east.nc
ARGO_GDAC,pfl,aoml/4903249/profiles/D4903249_394.nc|2025-01-03T14:31:09Z|25.23238|-85.02304,aoml/4903249/profiles/D4903249_394.nc,4903249,4903249,25.23238,-85.02304,2025-01-03T14:31:09Z,20250103,2025,792,0.6,99.88,28.7133,True,True,True,https://noaa-nws-rtofs-pds.s3.amazonaws.com/rtofs.20250103/rtofs_glo_3dz_f006_6hrly_hvr_US_east.nc
ARGO_GDAC,pfl,aoml/4903249/profiles/D4903249_395.nc|2025-01-08T14:26:41Z|25.59691|-84.98186,aoml/4903249/profiles/D4903249_395.nc,4903249,4903249,25.59691,-84.98186,2025-01-08T14:26:41Z,20250108,2025,1014,0.36,2016.16,83.3895,True,True,True,https://noaa-nws-rtofs-pds.s3.amazonaws.com/rtofs.20250108/rtofs_glo_3dz_f006_6hrly_hvr_US_east.nc
ARGO_GDAC,pfl,aoml/4903249/profiles/D4903249_395.nc|2025-01-08T14:26:41Z|25.59691|-84.98186,aoml/4903249/profiles/D4903249_395.nc,4903249,4903249,25.59691,-84.98186,2025-01-08T14:26:41Z,20250108,2025,1016,0.36,99.84,83.7138,True,True,True,https://noaa-nws-rtofs-pds.s3.amazonaws.com/rtofs.20250108/rtofs_glo_3dz_f006_6hrly_hvr_US_east.nc
ARGO_GDAC,pfl,aoml/4903249/profiles/D4903249_396.nc|2025-01-13T14:12:34Z|25.79419|-85.09112,aoml/4903249/profiles/D4903249_396.nc,4903249,4903249,25.79419,-85.09112,2025-01-13T14:12:34Z,20250113,2025,1012,1.04,2013.6,94.758,True,True,True,https://noaa-nws-rtofs-pds.s3.amazonaws.com/rtofs.20250113/rtofs_glo_3dz_f006_6hrly_hvr_US_east.nc
ARGO_GDAC,pfl,aoml/4903249/profiles/D4903249_396.nc|2025-01-13T14:12:34Z|25.79419|-85.09112,aoml/4903249/profiles/D4903249_396.nc,4903249,4903249,25.79419,-85.09112,2025-01-13T14:12:34Z,20250113,2025,864,0.64,99.88,95.3302,True,True,True,https://noaa-nws-rtofs-pds.s3.amazonaws.com/rtofs.20250113/rtofs_glo_3dz_f006_6hrly_hvr_US_east.nc
ARGO_GDAC,pfl,aoml/4903249/profiles/D4903249_397.nc|2025-01-18T14:00:17Z|25.58120|-85.15187,aoml/4903249/profiles/D4903249_397.nc,4903249,4903249,25.5812,-85.15187,2025-01-18T14:00:17Z,20250118,2025,1008,1.04,2005.16,25.3975,True,True,True,https://noaa-nws-rtofs-pds.s3.amazonaws.com/rtofs.20250118/rtofs_glo_3dz_f006_6hrly_hvr_US_east.nc
ARGO_GDAC,pfl,aoml/4903249/profiles/D4903249_397.nc|2025-01-18T14:00:17Z|25.58120|-85.15187,aoml/4903249/profiles/D4903249_397.nc,4903249,4903249,25.5812,-85.15187,2025-01-18T14:00:17Z,20250118,2025,826,0.64,99.88,25.52,True,True,True,https://noaa-nws-rtofs-pds.s3.amazonaws.com/rtofs.20250118/rtofs_glo_3dz_f006_6hrly_hvr_US_east.nc
ARGO_GDAC,pfl,aoml/4903249/profiles/D4903249_398.nc|2025-01-23T13:53:54Z|25.37912|-85.28588,aoml/4903249/profiles/D4903249_398.nc,4903249,4903249,25.37912,-85.28588,2025-01-23T13:53:54Z,20250123,2025,1014,1.04,2017.08,37.212,True,True,True,https://noaa-nws-rtofs-pds.s3.amazonaws.com/rtofs.20250123/rtofs_glo_3dz_f006_6hrly_hvr_US_east.nc
ARGO_GDAC,pfl,aoml/4903249/profiles/D4903249_398.nc|2025-01-23T13:53:54Z|25.37912|-85.28588,aoml/4903249/profiles/D4903249_398.nc,4903249,4903249,25.37912,-85.28588,2025-01-23T13:53:54Z,20250123,2025,835,0.72,99.96,37.64,True,True,True,https://noaa-nws-rtofs-pds.s3.amazonaws.com/rtofs.20250123/rtofs_glo_3dz_f006_6hrly_hvr_US_east.nc
ARGO_GDAC,pfl,aoml/4903249/profiles/D4903249_399.nc|2025-01-28T13:32:58Z|25.07836|-85.22949,aoml/4903249/profiles/D4903249_399.nc,4903249,4903249,25.07836,-85.22949,2025-01-28T13:32:58Z,20250128,2025,1009,1.04,2007.08,17.0293,True,True,True,https://noaa-nws-rtofs-pds.s3.amazonaws.com/rtofs.20250128/rtofs_glo_3dz_f006_6hrly_hvr_US_east.nc
ARGO_GDAC,pfl,aoml/4903249/profiles/D4903249_399.nc|2025-01-28T13:32:58Z|25.07836|-85.22949,aoml/4903249/profiles/D4903249_399.nc,4903249,4903249,25.07836,-85.22949,2025-01-28T13:32:58Z,20250128,2025,847,0.6,99.8,16.768,True,True,True,https://noaa-nws-rtofs-pds.s3.amazonaws.com/rtofs.20250128/rtofs_glo_3dz_f006_6hrly_hvr_US_east.nc
ARGO_GDAC,pfl,aoml/4903249/profiles/D4903249_400.nc|2025-02-02T13:11:53Z|24.70106|-85.59228,aoml/4903249/profiles/D4903249_400.nc,4903249,4903249,24.70106,-85.59228,2025-02-02T13:11:53Z,20250202,2025,1008,1.12,2005.72,88.3675,True,True,True,https://noaa-nws-rtofs-pds.s3.amazonaws.com/rtofs.20250202/rtofs_glo_3dz_f006_6hrly_hvr_US_east.nc
ARGO_GDAC,pfl,aoml/4903249/profiles/D4903249_400.nc|2025-02-02T13:11:53Z|24.70106|-85.59228,aoml/4903249/profiles/D4903249_400.nc,4903249,4903249,24.70106,-85.59228,2025-02-02T13:11:53Z,20250202,2025,795,0.76,99.88,87.9632,True,True,True,https://noaa-nws-rtofs-pds.s3.amazonaws.com/rtofs.20250202/rtofs_glo_3dz_f006_6hrly_hvr_US_east.nc
ARGO_GDAC,pfl,aoml/4903249/profiles/D4903249_401.nc|2025-02-07T12:39:38Z|24.39923|-85.88570,aoml/4903249/profiles/D4903249_401.nc,4903249,4903249,24.39923,-85.8857,2025-02-07T12:39:38Z,20250207,2025,1011,1.0,2011.28,20.0476,True,True,True,https://noaa-nws-rtofs-pds.s3.amazonaws.com/rtofs.20250207/rtofs_glo_3dz_f006_6hrly_hvr_US_east.nc
ARGO_GDAC,pfl,aoml/4903249/profiles/D4903249_401.nc|2025-02-07T12:39:38Z|24.39923|-85.88570,aoml/4903249/profiles/D4903249_401.nc,4903249,4903249,24.39923,-85.8857,2025-02-07T12:39:38Z,20250207,2025,889,0.64,99.92,20.425,True,True,True,https://noaa-nws-rtofs-pds.s3.amazonaws.com/rtofs.20250207/rtofs_glo_3dz_f006_6hrly_hvr_US_east.nc
ARGO_GDAC,pfl,aoml/4903249/profiles/D4903249_402.nc|2025-02-12T12:23:37Z|24.04669|-85.88212,aoml/4903249/profiles/D4903249_402.nc,4903249,4903249,24.04669,-85.88212,2025-02-12T12:23:37Z,20250212,2025,1008,1.08,2006.0,19.1381,True,True,True,https://noaa-nws-rtofs-pds.s3.amazonaws.com/rtofs.20250212/rtofs_glo_3dz_f006_6hrly_hvr_US_east.nc
ARGO_GDAC,pfl,aoml/4903249/profiles/D4903249_402.nc|2025-02-12T12:23:37Z|24.04669|-85.88212,aoml/4903249/profiles/D4903249_402.nc,4903249,4903249,24.04669,-85.88212,2025-02-12T12:23:37Z,20250212,2025,866,0.6,99.84,19.4556,True,True,True,https://noaa-nws-rtofs-pds.s3.amazonaws.com/rtofs.20250212/rtofs_glo_3dz_f006_6hrly_hvr_US_east.nc
ARGO_GDAC,pfl,aoml/4903249/profiles/D4903249_403.nc|2025-02-17T12:04:31Z|23.79367|-85.51771,aoml/4903249/profiles/D4903249_403.nc,4903249,4903249,23.79367,-85.51771,2025-02-17T12:04:31Z,20250217,2025,1008,1.24,2005.88,131.0034,True,False,True,https://noaa-nws-rtofs-pds.s3.amazonaws.com/rtofs.20250217/rtofs_glo_3dz_f006_6hrly_hvr_US_east.nc
ARGO_GDAC,pfl,aoml/4903249/profiles/D4903249_403.nc|2025-02-17T12:04:31Z|23.79367|-85.51771,aoml/4903249/profiles/D4903249_403.nc,4903249,4903249,23.79367,-85.51771,2025-02-17T12:04:31Z,20250217,2025,822,1.04,99.8,,False,False,True,https://noaa-nws-rtofs-pds.s3.amazonaws.com/rtofs.20250217/rtofs_glo_3dz_f006_6hrly_hvr_US_east.nc
ARGO_GDAC,pfl,aoml/4903249/profiles/D4903249_404.nc|2025-02-22T11:46:43Z|23.64171|-85.02175,aoml/4903249/profiles/D4903249_404.nc,4903249,4903249,23.64171,-85.02175,2025-02-22T11:46:43Z,20250222,2025,1014,1.0,2018.12,107.6618,True,False,True,https://noaa-nws-rtofs-pds.s3.amazonaws.com/rtofs.20250222/rtofs_glo_3dz_f006_6hrly_hvr_US_east.nc
ARGO_GDAC,pfl,aoml/4903249/profiles/D4903249_404.nc|2025-02-22T11:46:43Z|23.64171|-85.02175,aoml/4903249/profiles/D4903249_404.nc,4903249,4903249,23.64171,-85.02175,2025-02-22T11:46:43Z,20250222,2025,799,0.64,99.84,,False,False,True,https://noaa-nws-rtofs-pds.s3.amazonaws.com/rtofs.20250222/rtofs_glo_3dz_f006_6hrly_hvr_US_east.nc
ARGO_GDAC,pfl,aoml/4903249/profiles/D4903249_405.nc|2025-02-27T11:27:40Z|23.62420|-84.95218,aoml/4903249/profiles/D4903249_405.nc,4903249,4903249,23.6242,-84.95218,2025-02-27T11:27:40Z,20250227,2025,1008,1.0,2005.76,117.0123,True,False,True,https://noaa-nws-rtofs-pds.s3.amazonaws.com/rtofs.20250227/rtofs_glo_3dz_f006_6hrly_hvr_US_east.nc
ARGO_GDAC,pfl,aoml/4903249/profiles/D4903249_405.nc|2025-02-27T11:27:40Z|23.62420|-84.95218,aoml/4903249/profiles/D4903249_405.nc,4903249,4903249,23.6242,-84.95218,2025-02-27T11:27:40Z,20250227,2025,784,0.6,99.96,,False,False,True,https://noaa-nws-rtofs-pds.s3.amazonaws.com/rtofs.20250227/rtofs_glo_3dz_f006_6hrly_hvr_US_east.nc
ARGO_GDAC,pfl,aoml/4903249/profiles/D4903249_406.nc|2025-03-04T11:07:05Z|23.55731|-84.62572,aoml/4903249/profiles/D4903249_406.nc,4903249,4903249,23.55731,-84.62572,2025-03-04T11:07:05Z,20250304,2025,1009,1.0,2007.08,112.499,True,False,True,https://noaa-nws-rtofs-pds.s3.amazonaws.com/rtofs.20250304/rtofs_glo_3dz_f006_6hrly_hvr_US_east.nc
ARGO_GDAC,pfl,aoml/4903249/profiles/D4903249_406.nc|2025-03-04T11:07:05Z|23.55731|-84.62572,aoml/4903249/profiles/D4903249_406.nc,4903249,4903249,23.55731,-84.62572,2025-03-04T11:07:05Z,20250304,2025,860,0.52,99.84,92.1867,True,True,True,https://noaa-nws-rtofs-pds.s3.amazonaws.com/rtofs.20250304/rtofs_glo_3dz_f006_6hrly_hvr_US_east.nc
ARGO_GDAC,pfl,aoml/4903249/profiles/D4903249_407.nc|2025-03-09T10:40:45Z|23.54648|-84.56895,aoml/4903249/profiles/D4903249_407.nc,4903249,4903249,23.54648,-84.56895,2025-03-09T10:40:45Z,20250309,2025,1008,1.0,2006.08,79.0687,True,True,True,https://noaa-nws-rtofs-pds.s3.amazonaws.com/rtofs.20250309/rtofs_glo_3dz_f006_6hrly_hvr_US_east.nc
ARGO_GDAC,pfl,aoml/4903249/profiles/D4903249_407.nc|2025-03-09T10:40:45Z|23.54648|-84.56895,aoml/4903249/profiles/D4903249_407.nc,4903249,4903249,23.54648,-84.56895,2025-03-09T10:40:45Z,20250309,2025,865,0.6,99.96,78.676,True,True,True,https://noaa-nws-rtofs-pds.s3.amazonaws.com/rtofs.20250309/rtofs_glo_3dz_f006_6hrly_hvr_US_east.nc
ARGO_GDAC,pfl,aoml/4903249/profiles/D4903249_408.nc|2025-03-14T10:18:13Z|23.40813|-84.47511,aoml/4903249/profiles/D4903249_408.nc,4903249,4903249,23.40813,-84.47511,2025-03-14T10:18:13Z,20250314,2025,1009,1.12,2007.12,92.3102,True,True,True,https://noaa-nws-rtofs-pds.s3.amazonaws.com/rtofs.20250314/rtofs_glo_3dz_f006_6hrly_hvr_US_east.nc
ARGO_GDAC,pfl,aoml/4903249/profiles/D4903249_408.nc|2025-03-14T10:18:13Z|23.40813|-84.47511,aoml/4903249/profiles/D4903249_408.nc,4903249,4903249,23.40813,-84.47511,2025-03-14T10:18:13Z,20250314,2025,870,0.68,99.92,92.64,True,True,True,https://noaa-nws-rtofs-pds.s3.amazonaws.com/rtofs.20250314/rtofs_glo_3dz_f006_6hrly_hvr_US_east.nc
ARGO_GDAC,pfl,aoml/4903249/profiles/D4903249_409.nc|2025-03-19T09:57:25Z|23.30067|-84.36028,aoml/4903249/profiles/D4903249_409.nc,4903249,4903249,23.30067,-84.36028,2025-03-19T09:57:25Z,20250319,2025,1009,1.12,2008.12,108.1216,True,False,True,https://noaa-nws-rtofs-pds.s3.amazonaws.com/rtofs.20250319/rtofs_glo_3dz_f006_6hrly_hvr_US_east.nc
ARGO_GDAC,pfl,aoml/4903249/profiles/D4903249_409.nc|2025-03-19T09:57:25Z|23.30067|-84.36028,aoml/4903249/profiles/D4903249_409.nc,4903249,4903249,23.30067,-84.36028,2025-03-19T09:57:25Z,20250319,2025,879,0.84,99.96,,False,False,True,https://noaa-nws-rtofs-pds.s3.amazonaws.com/rtofs.20250319/rtofs_glo_3dz_f006_6hrly_hvr_US_east.nc
ARGO_GDAC,pfl,aoml/4903249/profiles/D4903249_410.nc|2025-03-24T09:49:34Z|23.09855|-84.43831,aoml/4903249/profiles/D4903249_410.nc,4903249,4903249,23.09855,-84.43831,2025-03-24T09:49:34Z,20250324,2025,1014,0.48,2015.24,90.6623,True,True,True,https://noaa-nws-rtofs-pds.s3.amazonaws.com/rtofs.20250324/rtofs_glo_3dz_f006_6hrly_hvr_US_east.nc
ARGO_GDAC,pfl,aoml/4903249/profiles/D4903249_410.nc|2025-03-24T09:49:34Z|23.09855|-84.43831,aoml/4903249/profiles/D4903249_410.nc,4903249,4903249,23.09855,-84.43831,2025-03-24T09:49:34Z,20250324,2025,847,0.48,99.92,90.4,True,True,True,https://noaa-nws-rtofs-pds.s3.amazonaws.com/rtofs.20250324/rtofs_glo_3dz_f006_6hrly_hvr_US_east.nc
ARGO_GDAC,pfl,aoml/4903249/profiles/D4903249_411.nc|2025-03-29T09:39:29Z|23.05634|-84.39967,aoml/4903249/profiles/D4903249_411.nc,4903249,4903249,23.05634,-84.39967,2025-03-29T09:39:29Z,20250329,2025,1012,1.04,2013.04,101.4174,True,False,True,https://noaa-nws-rtofs-pds.s3.amazonaws.com/rtofs.20250329/rtofs_glo_3dz_f006_6hrly_hvr_US_east.nc
ARGO_GDAC,pfl,aoml/4903249/profiles/D4903249_411.nc|2025-03-29T09:39:29Z|23.05634|-84.39967,aoml/4903249/profiles/D4903249_411.nc,4903249,4903249,23.05634,-84.39967,2025-03-29T09:39:29Z,20250329,2025,823,0.68,99.84,,False,False,True,https://noaa-nws-rtofs-pds.s3.amazonaws.com/rtofs.20250329/rtofs_glo_3dz_f006_6hrly_hvr_US_east.nc
ARGO_GDAC,pfl,aoml/4903249/profiles/D4903249_412.nc|2025-04-03T09:23:45Z|22.97241|-84.41691,aoml/4903249/profiles/D4903249_412.nc,4903249,4903249,22.97241,-84.41691,2025-04-03T09:23:45Z,20250403,2025,1013,1.0,2015.96,12.5045,True,True,True,https://noaa-nws-rtofs-pds.s3.amazonaws.com/rtofs.20250403/rtofs_glo_3dz_f006_6hrly_hvr_US_east.nc
ARGO_GDAC,pfl,aoml/4903249/profiles/D4903249_412.nc|2025-04-03T09:23:45Z|22.97241|-84.41691,aoml/4903249/profiles/D4903249_412.nc,4903249,4903249,22.97241,-84.41691,2025-04-03T09:23:45Z,20250403,2025,847,0.68,100.0,12.8509,True,True,True,https://noaa-nws-rtofs-pds.s3.amazonaws.com/rtofs.20250403/rtofs_glo_3dz_f006_6hrly_hvr_US_east.nc
ARGO_GDAC,pfl,aoml/4903249/profiles/D4903249_413.nc|2025-04-08T09:10:34Z|22.89373|-84.37218,aoml/4903249/profiles/D4903249_413.nc,4903249,4903249,22.89373,-84.37218,2025-04-08T09:10:34Z,20250408,2025,1009,0.48,2005.96,33.4093,True,True,True,https://noaa-nws-rtofs-pds.s3.amazonaws.com/rtofs.20250408/rtofs_glo_3dz_f006_6hrly_hvr_US_east.nc
ARGO_GDAC,pfl,aoml/4903249/profiles/D4903249_413.nc|2025-04-08T09:10:34Z|22.89373|-84.37218,aoml/4903249/profiles/D4903249_413.nc,4903249,4903249,22.89373,-84.37218,2025-04-08T09:10:34Z,20250408,2025,851,0.48,99.8,33.5506,True,True,True,https://noaa-nws-rtofs-pds.s3.amazonaws.com/rtofs.20250408/rtofs_glo_3dz_f006_6hrly_hvr_US_east.nc
ARGO_GDAC,pfl,aoml/4903249/profiles/D4903249_414.nc|2025-04-13T09:00:40Z|22.88463|-84.46661,aoml/4903249/profiles/D4903249_414.nc,4903249,4903249,22.88463,-84.46661,2025-04-13T09:00:40Z,20250413,2025,1008,1.0,2005.44,52.2636,True,True,True,https://noaa-nws-rtofs-pds.s3.amazonaws.com/rtofs.20250413/rtofs_glo_3dz_f006_6hrly_hvr_US_east.nc
ARGO_GDAC,pfl,aoml/4903249/profiles/D4903249_414.nc|2025-04-13T09:00:40Z|22.88463|-84.46661,aoml/4903249/profiles/D4903249_414.nc,4903249,4903249,22.88463,-84.46661,2025-04-13T09:00:40Z,20250413,2025,888,0.52,99.92,52.412,True,True,True,https://noaa-nws-rtofs-pds.s3.amazonaws.com/rtofs.20250413/rtofs_glo_3dz_f006_6hrly_hvr_US_east.nc
ARGO_GDAC,pfl,aoml/4903249/profiles/D4903249_415.nc|2025-04-18T08:47:23Z|22.77538|-84.59697,aoml/4903249/profiles/D4903249_415.nc,4903249,4903249,22.77538,-84.59697,2025-04-18T08:47:23Z,20250418,2025,1013,1.0,2015.44,72.1888,True,True,True,https://noaa-nws-rtofs-pds.s3.amazonaws.com/rtofs.20250418/rtofs_glo_3dz_f006_6hrly_hvr_US_east.nc
ARGO_GDAC,pfl,aoml/4903249/profiles/D4903249_415.nc|2025-04-18T08:47:23Z|22.77538|-84.59697,aoml/4903249/profiles/D4903249_415.nc,4903249,4903249,22.77538,-84.59697,2025-04-18T08:47:23Z,20250418,2025,829,0.68,99.8,72.32,True,True,True,https://noaa-nws-rtofs-pds.s3.amazonaws.com/rtofs.20250418/rtofs_glo_3dz_f006_6hrly_hvr_US_east.nc
ARGO_GDAC,pfl,aoml/4903249/profiles/D4903249_416.nc|2025-04-23T08:37:05Z|22.80067|-84.63426,aoml/4903249/profiles/D4903249_416.nc,4903249,4903249,22.80067,-84.63426,2025-04-23T08:37:05Z,20250423,2025,1014,1.04,2017.52,79.7633,True,True,True,https://noaa-nws-rtofs-pds.s3.amazonaws.com/rtofs.20250423/rtofs_glo_3dz_f006_6hrly_hvr_US_east.nc
ARGO_GDAC,pfl,aoml/4903249/profiles/D4903249_416.nc|2025-04-23T08:37:05Z|22.80067|-84.63426,aoml/4903249/profiles/D4903249_416.nc,4903249,4903249,22.80067,-84.63426,2025-04-23T08:37:05Z,20250423,2025,879,0.6,99.96,79.688,True,True,True,https://noaa-nws-rtofs-pds.s3.amazonaws.com/rtofs.20250423/rtofs_glo_3dz_f006_6hrly_hvr_US_east.nc
ARGO_GDAC,pfl,aoml/4903249/profiles/D4903249_417.nc|2025-04-28T08:31:21Z|22.71988|-84.71144,aoml/4903249/profiles/D4903249_417.nc,4903249,4903249,22.71988,-84.71144,2025-04-28T08:31:21Z,20250428,2025,1014,0.48,2015.56,39.5072,True,True,True,https://noaa-nws-rtofs-pds.s3.amazonaws.com/rtofs.20250428/rtofs_glo_3dz_f006_6hrly_hvr_US_east.nc
ARGO_GDAC,pfl,aoml/4903249/profiles/D4903249_417.nc|2025-04-28T08:31:21Z|22.71988|-84.71144,aoml/4903249/profiles/D4903249_417.nc,4903249,4903249,22.71988,-84.71144,2025-04-28T08:31:21Z,20250428,2025,872,0.48,100.0,39.0,True,True,True,https://noaa-nws-rtofs-pds.s3.amazonaws.com/rtofs.20250428/rtofs_glo_3dz_f006_6hrly_hvr_US_east.nc
ARGO_GDAC,pfl,aoml/4903249/profiles/D4903249_418.nc|2025-05-03T08:21:13Z|22.63048|-85.04257,aoml/4903249/profiles/D4903249_418.nc,4903249,4903249,22.63048,-85.04257,2025-05-03T08:21:13Z,20250503,2025,1010,1.04,2009.08,29.21,True,True,True,https://noaa-nws-rtofs-pds.s3.amazonaws.com/rtofs.20250503/rtofs_glo_3dz_f006_6hrly_hvr_US_east.nc
ARGO_GDAC,pfl,aoml/4903249/profiles/D4903249_418.nc|2025-05-03T08:21:13Z|22.63048|-85.04257,aoml/4903249/profiles/D4903249_418.nc,4903249,4903249,22.63048,-85.04257,2025-05-03T08:21:13Z,20250503,2025,843,0.64,99.84,29.1867,True,True,True,https://noaa-nws-rtofs-pds.s3.amazonaws.com/rtofs.20250503/rtofs_glo_3dz_f006_6hrly_hvr_US_east.nc
ARGO_GDAC,pfl,aoml/4903249/profiles/D4903249_419.nc|2025-05-08T07:57:22Z|22.65619|-85.17902,aoml/4903249/profiles/D4903249_419.nc,4903249,4903249,22.65619,-85.17902,2025-05-08T07:57:22Z,20250508,2025,1009,1.24,2007.48,24.933,True,True,True,https://noaa-nws-rtofs-pds.s3.amazonaws.com/rtofs.20250508/rtofs_glo_3dz_f006_6hrly_hvr_US_east.nc
ARGO_GDAC,pfl,aoml/4903249/profiles/D4903249_419.nc|2025-05-08T07:57:22Z|22.65619|-85.17902,aoml/4903249/profiles/D4903249_419.nc,4903249,4903249,22.65619,-85.17902,2025-05-08T07:57:22Z,20250508,2025,839,1.08,99.92,24.76,True,True,True,https://noaa-nws-rtofs-pds.s3.amazonaws.com/rtofs.20250508/rtofs_glo_3dz_f006_6hrly_hvr_US_east.nc
ARGO_GDAC,pfl,aoml/4903249/profiles/D4903249_420.nc|2025-05-13T07:44:46Z|22.72245|-84.99361,aoml/4903249/profiles/D4903249_420.nc,4903249,4903249,22.72245,-84.99361,2025-05-13T07:44:46Z,20250513,2025,1014,0.96,2017.2,43.9491,True,True,True,https://noaa-nws-rtofs-pds.s3.amazonaws.com/rtofs.20250513/rtofs_glo_3dz_f006_6hrly_hvr_US_east.nc
ARGO_GDAC,pfl,aoml/4903249/profiles/D4903249_420.nc|2025-05-13T07:44:46Z|22.72245|-84.99361,aoml/4903249/profiles/D4903249_420.nc,4903249,4903249,22.72245,-84.99361,2025-05-13T07:44:46Z,20250513,2025,860,0.52,99.8,44.7599,True,True,True,https://noaa-nws-rtofs-pds.s3.amazonaws.com/rtofs.20250513/rtofs_glo_3dz_f006_6hrly_hvr_US_east.nc
ARGO_GDAC,pfl,aoml/4903249/profiles/D4903249_421.nc|2025-05-18T07:30:48Z|22.68342|-84.76176,aoml/4903249/profiles/D4903249_421.nc,4903249,4903249,22.68342,-84.76176,2025-05-18T07:30:48Z,20250518,2025,1008,0.48,2004.2,21.6799,True,True,True,https://noaa-nws-rtofs-pds.s3.amazonaws.com/rtofs.20250518/rtofs_glo_3dz_f006_6hrly_hvr_US_east.nc
ARGO_GDAC,pfl,aoml/4903249/profiles/D4903249_421.nc|2025-05-18T07:30:48Z|22.68342|-84.76176,aoml/4903249/profiles/D4903249_421.nc,4903249,4903249,22.68342,-84.76176,2025-05-18T07:30:48Z,20250518,2025,888,0.48,99.92,21.375,True,True,True,https://noaa-nws-rtofs-pds.s3.amazonaws.com/rtofs.20250518/rtofs_glo_3dz_f006_6hrly_hvr_US_east.nc
ARGO_GDAC,pfl,aoml/4903249/profiles/D4903249_422.nc|2025-05-23T07:07:07Z|22.56839|-84.99902,aoml/4903249/profiles/D4903249_422.nc,4903249,4903249,22.56839,-84.99902,2025-05-23T07:07:07Z,20250523,2025,1009,1.04,2007.68,17.1036,True,True,True,https://noaa-nws-rtofs-pds.s3.amazonaws.com/rtofs.20250523/rtofs_glo_3dz_f006_6hrly_hvr_US_east.nc
ARGO_GDAC,pfl,aoml/4903249/profiles/D4903249_422.nc|2025-05-23T07:07:07Z|22.56839|-84.99902,aoml/4903249/profiles/D4903249_422.nc,4903249,4903249,22.56839,-84.99902,2025-05-23T07:07:07Z,20250523,2025,825,0.72,99.92,17.3347,True,True,True,https://noaa-nws-rtofs-pds.s3.amazonaws.com/rtofs.20250523/rtofs_glo_3dz_f006_6hrly_hvr_US_east.nc
ARGO_GDAC,pfl,aoml/4903249/profiles/D4903249_423.nc|2025-05-28T06:56:27Z|22.33440|-85.35253,aoml/4903249/profiles/D4903249_423.nc,4903249,4903249,22.3344,-85.35253,2025-05-28T06:56:27Z,20250528,2025,1008,0.96,2005.56,19.3675,True,True,True,https://noaa-nws-rtofs-pds.s3.amazonaws.com/rtofs.20250528/rtofs_glo_3dz_f006_6hrly_hvr_US_east.nc
ARGO_GDAC,pfl,aoml/4903249/profiles/D4903249_423.nc|2025-05-28T06:56:27Z|22.33440|-85.35253,aoml/4903249/profiles/D4903249_423.nc,4903249,4903249,22.3344,-85.35253,2025-05-28T06:56:27Z,20250528,2025,879,0.6,99.96,19.1,True,True,True,https://noaa-nws-rtofs-pds.s3.amazonaws.com/rtofs.20250528/rtofs_glo_3dz_f006_6hrly_hvr_US_east.nc
ARGO_GDAC,pfl,aoml/4903249/profiles/D4903249_424.nc|2025-06-02T06:35:09Z|22.37704|-85.43363,aoml/4903249/profiles/D4903249_424.nc,4903249,4903249,22.37704,-85.43363,2025-06-02T06:35:09Z,20250602,2025,1009,1.04,2007.24,11.4694,True,True,True,https://noaa-nws-rtofs-pds.s3.amazonaws.com/rtofs.20250602/rtofs_glo_3dz_f006_6hrly_hvr_US_east.nc
ARGO_GDAC,pfl,aoml/4903249/profiles/D4903249_424.nc|2025-06-02T06:35:09Z|22.37704|-85.43363,aoml/4903249/profiles/D4903249_424.nc,4903249,4903249,22.37704,-85.43363,2025-06-02T06:35:09Z,20250602,2025,874,0.76,100.0,11.0587,True,True,True,https://noaa-nws-rtofs-pds.s3.amazonaws.com/rtofs.20250602/rtofs_glo_3dz_f006_6hrly_hvr_US_east.nc
ARGO_GDAC,pfl,aoml/4903249/profiles/R4903249_425.nc|2025-06-07T06:17:54Z|22.35256|-85.47778,aoml/4903249/profiles/R4903249_425.nc,4903249,4903249,22.35256,-85.47778,2025-06-07T06:17:54Z,20250607,2025,1009,0.48,2005.44,22.6655,True,True,True,https://noaa-nws-rtofs-pds.s3.amazonaws.com/rtofs.20250607/rtofs_glo_3dz_f006_6hrly_hvr_US_east.nc
ARGO_GDAC,pfl,aoml/4903249/profiles/R4903249_425.nc|2025-06-07T06:17:54Z|22.35256|-85.47778,aoml/4903249/profiles/R4903249_425.nc,4903249,4903249,22.35256,-85.47778,2025-06-07T06:17:54Z,20250607,2025,727,0.48,100.0,23.0817,True,True,True,https://noaa-nws-rtofs-pds.s3.amazonaws.com/rtofs.20250607/rtofs_glo_3dz_f006_6hrly_hvr_US_east.nc
ARGO_GDAC,pfl,aoml/4903249/profiles/R4903249_426.nc|2025-06-12T06:11:41Z|22.35259|-85.51026,aoml/4903249/profiles/R4903249_426.nc,4903249,4903249,22.35259,-85.51026,2025-06-12T06:11:41Z,20250612,2025,1010,0.4,2007.4,16.0439,True,True,True,https://noaa-nws-rtofs-pds.s3.amazonaws.com/rtofs.20250612/rtofs_glo_3dz_f006_6hrly_hvr_US_east.nc
ARGO_GDAC,pfl,aoml/4903249/profiles/R4903249_426.nc|2025-06-12T06:11:41Z|22.35259|-85.51026,aoml/4903249/profiles/R4903249_426.nc,4903249,4903249,22.35259,-85.51026,2025-06-12T06:11:41Z,20250612,2025,708,0.4,100.0,15.8908,True,True,True,https://noaa-nws-rtofs-pds.s3.amazonaws.com/rtofs.20250612/rtofs_glo_3dz_f006_6hrly_hvr_US_east.nc
ARGO_GDAC,pfl,aoml/4903249/profiles/R4903249_427.nc|2025-06-17T05:28:38Z|22.24155|-85.73517,aoml/4903249/profiles/R4903249_427.nc,4903249,4903249,22.24155,-85.73517,2025-06-17T05:28:38Z,20250617,2025,842,1.04,1673.96,32.1148,True,True,True,https://noaa-nws-rtofs-pds.s3.amazonaws.com/rtofs.20250617/rtofs_glo_3dz_f006_6hrly_hvr_US_east.nc
ARGO_GDAC,pfl,aoml/4903249/profiles/R4903249_427.nc|2025-06-17T05:28:38Z|22.24155|-85.73517,aoml/4903249/profiles/R4903249_427.nc,4903249,4903249,22.24155,-85.73517,2025-06-17T05:28:38Z,20250617,2025,720,0.68,99.92,32.2267,True,True,True,https://noaa-nws-rtofs-pds.s3.amazonaws.com/rtofs.20250617/rtofs_glo_3dz_f006_6hrly_hvr_US_east.nc
ARGO_GDAC,pfl,aoml/4903249/profiles/R4903249_428.nc|2025-06-22T04:50:56Z|22.22128|-85.79678,aoml/4903249/profiles/R4903249_428.nc,4903249,4903249,22.22128,-85.79678,2025-06-22T04:50:56Z,20250622,2025,857,1.04,1703.56,32.183,True,True,True,https://noaa-nws-rtofs-pds.s3.amazonaws.com/rtofs.20250622/rtofs_glo_3dz_f006_6hrly_hvr_US_east.nc
ARGO_GDAC,pfl,aoml/4903249/profiles/R4903249_428.nc|2025-06-22T04:50:56Z|22.22128|-85.79678,aoml/4903249/profiles/R4903249_428.nc,4903249,4903249,22.22128,-85.79678,2025-06-22T04:50:56Z,20250622,2025,705,0.64,100.0,32.3168,True,True,True,https://noaa-nws-rtofs-pds.s3.amazonaws.com/rtofs.20250622/rtofs_glo_3dz_f006_6hrly_hvr_US_east.nc
ARGO_GDAC,pfl,aoml/4903249/profiles/R4903249_429.nc|2025-06-27T04:05:03Z|22.14062|-85.83735,aoml/4903249/profiles/R4903249_429.nc,4903249,4903249,22.14062,-85.83735,2025-06-27T04:05:03Z,20250627,2025,873,0.44,1733.6,47.5675,True,True,True,https://noaa-nws-rtofs-pds.s3.amazonaws.com/rtofs.20250627/rtofs_glo_3dz_f006_6hrly_hvr_US_east.nc
ARGO_GDAC,pfl,aoml/4903249/profiles/R4903249_429.nc|2025-06-27T04:05:03Z|22.14062|-85.83735,aoml/4903249/profiles/R4903249_429.nc,4903249,4903249,22.14062,-85.83735,2025-06-27T04:05:03Z,20250627,2025,729,0.44,99.88,47.84,True,True,True,https://noaa-nws-rtofs-pds.s3.amazonaws.com/rtofs.20250627/rtofs_glo_3dz_f006_6hrly_hvr_US_east.nc
ARGO_GDAC,pfl,aoml/4903249/profiles/R4903249_430.nc|2025-07-02T03:39:26Z|22.19175|-85.92197,aoml/4903249/profiles/R4903249_430.nc,4903249,4903249,22.19175,-85.92197,2025-07-02T03:39:26Z,20250702,2025,889,1.0,1767.4,56.3763,True,True,True,https://noaa-nws-rtofs-pds.s3.amazonaws.com/rtofs.20250702/rtofs_glo_3dz_f006_6hrly_hvr_US_east.nc
ARGO_GDAC,pfl,aoml/4903249/profiles/R4903249_430.nc|2025-07-02T03:39:26Z|22.19175|-85.92197,aoml/4903249/profiles/R4903249_430.nc,4903249,4903249,22.19175,-85.92197,2025-07-02T03:39:26Z,20250702,2025,735,0.52,99.92,55.8528,True,True,True,https://noaa-nws-rtofs-pds.s3.amazonaws.com/rtofs.20250702/rtofs_glo_3dz_f006_6hrly_hvr_US_east.nc
ARGO_GDAC,pfl,aoml/4903249/profiles/R4903249_431.nc|2025-07-07T02:41:19Z|22.24248|-85.94805,aoml/4903249/profiles/R4903249_431.nc,4903249,4903249,22.24248,-85.94805,2025-07-07T02:41:19Z,20250707,2025,787,0.4,1561.28,19.1404,True,True,True,https://noaa-nws-rtofs-pds.s3.amazonaws.com/rtofs.20250707/rtofs_glo_3dz_f006_6hrly_hvr_US_east.nc
ARGO_GDAC,pfl,aoml/4903249/profiles/R4903249_431.nc|2025-07-07T02:41:19Z|22.24248|-85.94805,aoml/4903249/profiles/R4903249_431.nc,4903249,4903249,22.24248,-85.94805,2025-07-07T02:41:19Z,20250707,2025,710,0.4,99.76,18.75,True,True,True,https://noaa-nws-rtofs-pds.s3.amazonaws.com/rtofs.20250707/rtofs_glo_3dz_f006_6hrly_hvr_US_east.nc
ARGO_GDAC,pfl,aoml/4903249/profiles/R4903249_432.nc|2025-07-12T01:20:07Z|22.34488|-86.03908,aoml/4903249/profiles/R4903249_432.nc,4903249,4903249,22.34488,-86.03908,2025-07-12T01:20:07Z,20250712,2025,705,1.12,1399.32,24.3004,True,True,True,https://noaa-nws-rtofs-pds.s3.amazonaws.com/rtofs.20250712/rtofs_glo_3dz_f006_6hrly_hvr_US_east.nc
ARGO_GDAC,pfl,aoml/4903249/profiles/R4903249_432.nc|2025-07-12T01:20:07Z|22.34488|-86.03908,aoml/4903249/profiles/R4903249_432.nc,4903249,4903249,22.34488,-86.03908,2025-07-12T01:20:07Z,20250712,2025,743,0.64,99.88,24.0933,True,True,True,https://noaa-nws-rtofs-pds.s3.amazonaws.com/rtofs.20250712/rtofs_glo_3dz_f006_6hrly_hvr_US_east.nc
ARGO_GDAC,pfl,aoml/4903249/profiles/R4903249_433.nc|2025-07-16T23:46:03Z|22.40590|-86.06913,aoml/4903249/profiles/R4903249_433.nc,4903249,4903249,22.4059,-86.06913,2025-07-16T23:46:03Z,20250716,2025,646,1.04,1281.48,18.3263,True,True,True,https://noaa-nws-rtofs-pds.s3.amazonaws.com/rtofs.20250716/rtofs_glo_3dz_f006_6hrly_hvr_US_east.nc
ARGO_GDAC,pfl,aoml/4903249/profiles/R4903249_433.nc|2025-07-16T23:46:03Z|22.40590|-86.06913,aoml/4903249/profiles/R4903249_433.nc,4903249,4903249,22.4059,-86.06913,2025-07-16T23:46:03Z,20250716,2025,730,0.64,100.0,18.425,True,True,True,https://noaa-nws-rtofs-pds.s3.amazonaws.com/rtofs.20250716/rtofs_glo_3dz_f006_6hrly_hvr_US_east.nc
ARGO_GDAC,pfl,aoml/4903249/profiles/R4903249_434.nc|2025-07-21T21:58:49Z|22.45065|-86.10718,aoml/4903249/profiles/R4903249_434.nc,4903249,4903249,22.45065,-86.10718,2025-07-21T21:58:49Z,20250721,2025,594,1.08,1178.04,20.6135,True,True,True,https://noaa-nws-rtofs-pds.s3.amazonaws.com/rtofs.20250721/rtofs_glo_3dz_f006_6hrly_hvr_US_east.nc
ARGO_GDAC,pfl,aoml/4903249/profiles/R4903249_434.nc|2025-07-21T21:58:49Z|22.45065|-86.10718,aoml/4903249/profiles/R4903249_434.nc,4903249,4903249,22.45065,-86.10718,2025-07-21T21:58:49Z,20250721,2025,726,0.6,99.88,21.1154,True,True,True,https://noaa-nws-rtofs-pds.s3.amazonaws.com/rtofs.20250721/rtofs_glo_3dz_f006_6hrly_hvr_US_east.nc
ARGO_GDAC,pfl,aoml/4903249/profiles/R4903249_435.nc|2025-07-26T20:08:46Z|22.53213|-86.17872,aoml/4903249/profiles/R4903249_435.nc,4903249,4903249,22.53213,-86.17872,2025-07-26T20:08:46Z,20250726,2025,593,0.44,1174.68,24.0046,True,True,True,https://noaa-nws-rtofs-pds.s3.amazonaws.com/rtofs.20250726/rtofs_glo_3dz_f006_6hrly_hvr_US_east.nc
ARGO_GDAC,pfl,aoml/4903249/profiles/R4903249_435.nc|2025-07-26T20:08:46Z|22.53213|-86.17872,aoml/4903249/profiles/R4903249_435.nc,4903249,4903249,22.53213,-86.17872,2025-07-26T20:08:46Z,20250726,2025,715,0.44,99.88,24.0497,True,True,True,https://noaa-nws-rtofs-pds.s3.amazonaws.com/rtofs.20250726/rtofs_glo_3dz_f006_6hrly_hvr_US_east.nc
ARGO_GDAC,pfl,aoml/4903249/profiles/R4903249_436.nc|2025-07-31T18:20:04Z|22.58289|-86.21076,aoml/4903249/profiles/R4903249_436.nc,4903249,4903249,22.58289,-86.21076,2025-07-31T18:20:04Z,20250731,2025,596,1.08,1181.08,24.3802,True,True,True,https://noaa-nws-rtofs-pds.s3.amazonaws.com/rtofs.20250731/rtofs_glo_3dz_f006_6hrly_hvr_US_east.nc
ARGO_GDAC,pfl,aoml/4903249/profiles/R4903249_436.nc|2025-07-31T18:20:04Z|22.58289|-86.21076,aoml/4903249/profiles/R4903249_436.nc,4903249,4903249,22.58289,-86.21076,2025-07-31T18:20:04Z,20250731,2025,701,0.68,99.84,24.82,True,True,True,https://noaa-nws-rtofs-pds.s3.amazonaws.com/rtofs.20250731/rtofs_glo_3dz_f006_6hrly_hvr_US_east.nc
ARGO_GDAC,pfl,aoml/4903249/profiles/R4903249_437.nc|2025-08-05T16:24:58Z|22.63714|-86.23669,aoml/4903249/profiles/R4903249_437.nc,4903249,4903249,22.63714,-86.23669,2025-08-05T16:24:58Z,20250805,2025,578,1.0,1145.52,46.831,True,True,True,https://noaa-nws-rtofs-pds.s3.amazonaws.com/rtofs.20250805/rtofs_glo_3dz_f006_6hrly_hvr_US_east.nc
ARGO_GDAC,pfl,aoml/4903249/profiles/R4903249_437.nc|2025-08-05T16:24:58Z|22.63714|-86.23669,aoml/4903249/profiles/R4903249_437.nc,4903249,4903249,22.63714,-86.23669,2025-08-05T16:24:58Z,20250805,2025,742,0.56,99.96,46.9776,True,True,True,https://noaa-nws-rtofs-pds.s3.amazonaws.com/rtofs.20250805/rtofs_glo_3dz_f006_6hrly_hvr_US_east.nc
ARGO_GDAC,pfl,aoml/4903249/profiles/R4903249_438.nc|2025-08-10T14:19:24Z|22.68393|-86.25265,aoml/4903249/profiles/R4903249_438.nc,4903249,4903249,22.68393,-86.25265,2025-08-10T14:19:24Z,20250810,2025,553,1.12,1096.28,20.0517,True,True,True,https://noaa-nws-rtofs-pds.s3.amazonaws.com/rtofs.20250810/rtofs_glo_3dz_f006_6hrly_hvr_US_east.nc
ARGO_GDAC,pfl,aoml/4903249/profiles/R4903249_438.nc|2025-08-10T14:19:24Z|22.68393|-86.25265,aoml/4903249/profiles/R4903249_438.nc,4903249,4903249,22.68393,-86.25265,2025-08-10T14:19:24Z,20250810,2025,739,0.64,99.88,20.3571,True,True,True,https://noaa-nws-rtofs-pds.s3.amazonaws.com/rtofs.20250810/rtofs_glo_3dz_f006_6hrly_hvr_US_east.nc
ARGO_GDAC,pfl,aoml/4903249/profiles/R4903249_439.nc|2025-08-15T12:17:03Z|22.68411|-86.25841,aoml/4903249/profiles/R4903249_439.nc,4903249,4903249,22.68411,-86.25841,2025-08-15T12:17:03Z,20250815,2025,553,0.96,1095.0,11.3842,True,True,True,https://noaa-nws-rtofs-pds.s3.amazonaws.com/rtofs.20250815/rtofs_glo_3dz_f006_6hrly_hvr_US_east.nc
ARGO_GDAC,pfl,aoml/4903249/profiles/R4903249_439.nc|2025-08-15T12:17:03Z|22.68411|-86.25841,aoml/4903249/profiles/R4903249_439.nc,4903249,4903249,22.68411,-86.25841,2025-08-15T12:17:03Z,20250815,2025,755,1.44,99.92,10.9598,True,True,True,https://noaa-nws-rtofs-pds.s3.amazonaws.com/rtofs.20250815/rtofs_glo_3dz_f006_6hrly_hvr_US_east.nc
ARGO_GDAC,pfl,aoml/4903249/profiles/R4903249_440.nc|2025-08-20T10:15:46Z|22.75157|-86.28063,aoml/4903249/profiles/R4903249_440.nc,4903249,4903249,22.75157,-86.28063,2025-08-20T10:15:46Z,20250820,2025,545,1.04,1079.68,13.36,True,True,True,https://noaa-nws-rtofs-pds.s3.amazonaws.com/rtofs.20250820/rtofs_glo_3dz_f006_6hrly_hvr_US_east.nc
ARGO_GDAC,pfl,aoml/4903249/profiles/R4903249_440.nc|2025-08-20T10:15:46Z|22.75157|-86.28063,aoml/4903249/profiles/R4903249_440.nc,4903249,4903249,22.75157,-86.28063,2025-08-20T10:15:46Z,20250820,2025,749,2.56,100.0,13.4286,True,True,True,https://noaa-nws-rtofs-pds.s3.amazonaws.com/rtofs.20250820/rtofs_glo_3dz_f006_6hrly_hvr_US_east.nc
ARGO_GDAC,pfl,aoml/4903249/profiles/R4903249_441.nc|2025-08-25T08:12:02Z|22.86464|-86.28520,aoml/4903249/profiles/R4903249_441.nc,4903249,4903249,22.86464,-86.2852,2025-08-25T08:12:02Z,20250825,2025,529,0.96,1048.52,25.7704,True,True,True,https://noaa-nws-rtofs-pds.s3.amazonaws.com/rtofs.20250825/rtofs_glo_3dz_f006_6hrly_hvr_US_east.nc
ARGO_GDAC,pfl,aoml/4903249/profiles/R4903249_441.nc|2025-08-25T08:12:02Z|22.86464|-86.28520,aoml/4903249/profiles/R4903249_441.nc,4903249,4903249,22.86464,-86.2852,2025-08-25T08:12:02Z,20250825,2025,733,0.56,99.84,25.6809,True,True,True,https://noaa-nws-rtofs-pds.s3.amazonaws.com/rtofs.20250825/rtofs_glo_3dz_f006_6hrly_hvr_US_east.nc
ARGO_GDAC,pfl,aoml/4903249/profiles/R4903249_442.nc|2025-08-30T06:04:11Z|22.96112|-86.26833,aoml/4903249/profiles/R4903249_442.nc,4903249,4903249,22.96112,-86.26833,2025-08-30T06:04:11Z,20250830,2025,533,1.12,1055.2,34.1875,True,True,True,https://noaa-nws-rtofs-pds.s3.amazonaws.com/rtofs.20250830/rtofs_glo_3dz_f006_6hrly_hvr_US_east.nc
ARGO_GDAC,pfl,aoml/4903249/profiles/R4903249_442.nc|2025-08-30T06:04:11Z|22.96112|-86.26833,aoml/4903249/profiles/R4903249_442.nc,4903249,4903249,22.96112,-86.26833,2025-08-30T06:04:11Z,20250830,2025,720,0.64,100.0,34.24,True,True,True,https://noaa-nws-rtofs-pds.s3.amazonaws.com/rtofs.20250830/rtofs_glo_3dz_f006_6hrly_hvr_US_east.nc
ARGO_GDAC,pfl,aoml/4903249/profiles/R4903249_443.nc|2025-09-04T04:06:40Z|23.07339|-86.27355,aoml/4903249/profiles/R4903249_443.nc,4903249,4903249,23.07339,-86.27355,2025-09-04T04:06:40Z,20250904,2025,564,1.04,1117.84,11.806,True,True,True,https://noaa-nws-rtofs-pds.s3.amazonaws.com/rtofs.20250904/rtofs_glo_3dz_f006_6hrly_hvr_US_east.nc
ARGO_GDAC,pfl,aoml/4903249/profiles/R4903249_443.nc|2025-09-04T04:06:40Z|23.07339|-86.27355,aoml/4903249/profiles/R4903249_443.nc,4903249,4903249,23.07339,-86.27355,2025-09-04T04:06:40Z,20250904,2025,728,0.64,99.96,11.8108,True,True,True,https://noaa-nws-rtofs-pds.s3.amazonaws.com/rtofs.20250904/rtofs_glo_3dz_f006_6hrly_hvr_US_east.nc
ARGO_GDAC,pfl,aoml/4903249/profiles/R4903249_444.nc|2025-09-09T02:57:50Z|23.18399|-86.27367,aoml/4903249/profiles/R4903249_444.nc,4903249,4903249,23.18399,-86.27367,2025-09-09T02:57:50Z,20250909,2025,710,1.08,1410.8,12.3968,True,True,True,https://noaa-nws-rtofs-pds.s3.amazonaws.com/rtofs.20250909/rtofs_glo_3dz_f006_6hrly_hvr_US_east.nc
ARGO_GDAC,pfl,aoml/4903249/profiles/R4903249_444.nc|2025-09-09T02:57:50Z|23.18399|-86.27367,aoml/4903249/profiles/R4903249_444.nc,4903249,4903249,23.18399,-86.27367,2025-09-09T02:57:50Z,20250909,2025,735,0.56,99.84,12.734,True,True,True,https://noaa-nws-rtofs-pds.s3.amazonaws.com/rtofs.20250909/rtofs_glo_3dz_f006_6hrly_hvr_US_east.nc
ARGO_GDAC,pfl,aoml/4903249/profiles/R4903249_445.nc|2025-09-14T01:57:26Z|23.24807|-86.28890,aoml/4903249/profiles/R4903249_445.nc,4903249,4903249,23.24807,-86.2889,2025-09-14T01:57:26Z,20250914,2025,788,1.04,1565.88,18.255,True,True,True,https://noaa-nws-rtofs-pds.s3.amazonaws.com/rtofs.20250914/rtofs_glo_3dz_f006_6hrly_hvr_US_east.nc
ARGO_GDAC,pfl,aoml/4903249/profiles/R4903249_445.nc|2025-09-14T01:57:26Z|23.24807|-86.28890,aoml/4903249/profiles/R4903249_445.nc,4903249,4903249,23.24807,-86.2889,2025-09-14T01:57:26Z,20250914,2025,734,0.6,99.92,17.9511,True,True,True,https://noaa-nws-rtofs-pds.s3.amazonaws.com/rtofs.20250914/rtofs_glo_3dz_f006_6hrly_hvr_US_east.nc
ARGO_GDAC,pfl,aoml/4903249/profiles/R4903249_446.nc|2025-09-19T01:58:32Z|23.45220|-86.16917,aoml/4903249/profiles/R4903249_446.nc,4903249,4903249,23.4522,-86.16917,2025-09-19T01:58:32Z,20250919,2025,1009,0.92,2007.28,43.8218,True,True,True,https://noaa-nws-rtofs-pds.s3.amazonaws.com/rtofs.20250919/rtofs_glo_3dz_f006_6hrly_hvr_US_east.nc
ARGO_GDAC,pfl,aoml/4903249/profiles/R4903249_446.nc|2025-09-19T01:58:32Z|23.45220|-86.16917,aoml/4903249/profiles/R4903249_446.nc,4903249,4903249,23.4522,-86.16917,2025-09-19T01:58:32Z,20250919,2025,725,0.52,100.0,43.6343,True,True,True,https://noaa-nws-rtofs-pds.s3.amazonaws.com/rtofs.20250919/rtofs_glo_3dz_f006_6hrly_hvr_US_east.nc
ARGO_GDAC,pfl,aoml/4903249/profiles/R4903249_447.nc|2025-09-24T01:43:07Z|23.60046|-85.99169,aoml/4903249/profiles/R4903249_447.nc,4903249,4903249,23.60046,-85.99169,2025-09-24T01:43:07Z,20250924,2025,1010,0.92,2010.32,23.5222,True,True,True,https://noaa-nws-rtofs-pds.s3.amazonaws.com/rtofs.20250924/rtofs_glo_3dz_f006_6hrly_hvr_US_east.nc
ARGO_GDAC,pfl,aoml/4903249/profiles/R4903249_447.nc|2025-09-24T01:43:07Z|23.60046|-85.99169,aoml/4903249/profiles/R4903249_447.nc,4903249,4903249,23.60046,-85.99169,2025-09-24T01:43:07Z,20250924,2025,730,0.56,99.92,22.8923,True,True,True,https://noaa-nws-rtofs-pds.s3.amazonaws.com/rtofs.20250924/rtofs_glo_3dz_f006_6hrly_hvr_US_east.nc
ARGO_GDAC,pfl,aoml/4903249/profiles/R4903249_448.nc|2025-09-29T01:36:15Z|23.69009|-86.23172,aoml/4903249/profiles/R4903249_448.nc,4903249,4903249,23.69009,-86.23172,2025-09-29T01:36:15Z,20250929,2025,1009,0.96,2007.92,39.0033,True,True,True,https://noaa-nws-rtofs-pds.s3.amazonaws.com/rtofs.20250929/rtofs_glo_3dz_f006_6hrly_hvr_US_east.nc
ARGO_GDAC,pfl,aoml/4903249/profiles/R4903249_448.nc|2025-09-29T01:36:15Z|23.69009|-86.23172,aoml/4903249/profiles/R4903249_448.nc,4903249,4903249,23.69009,-86.23172,2025-09-29T01:36:15Z,20250929,2025,721,0.56,99.92,39.3174,True,True,True,https://noaa-nws-rtofs-pds.s3.amazonaws.com/rtofs.20250929/rtofs_glo_3dz_f006_6hrly_hvr_US_east.nc
ARGO_GDAC,pfl,aoml/4903249/profiles/R4903249_449.nc|2025-10-04T00:55:03Z|23.74431|-86.24446,aoml/4903249/profiles/R4903249_449.nc,4903249,4903249,23.74431,-86.24446,2025-10-04T00:55:03Z,20251004,2025,833,1.08,1655.84,34.1077,True,True,True,https://noaa-nws-rtofs-pds.s3.amazonaws.com/rtofs.20251004/rtofs_glo_3dz_f006_6hrly_hvr_US_east.nc
ARGO_GDAC,pfl,aoml/4903249/profiles/R4903249_449.nc|2025-10-04T00:55:03Z|23.74431|-86.24446,aoml/4903249/profiles/R4903249_449.nc,4903249,4903249,23.74431,-86.24446,2025-10-04T00:55:03Z,20251004,2025,741,0.64,99.96,34.1582,True,True,True,https://noaa-nws-rtofs-pds.s3.amazonaws.com/rtofs.20251004/rtofs_glo_3dz_f006_6hrly_hvr_US_east.nc
ARGO_GDAC,pfl,aoml/4903249/profiles/R4903249_450.nc|2025-10-09T00:20:07Z|23.56792|-86.27142,aoml/4903249/profiles/R4903249_450.nc,4903249,4903249,23.56792,-86.27142,2025-10-09T00:20:07Z,20251009,2025,848,1.04,1685.56,26.3888,True,True,True,https://noaa-nws-rtofs-pds.s3.amazonaws.com/rtofs.20251009/rtofs_glo_3dz_f006_6hrly_hvr_US_east.nc
ARGO_GDAC,pfl,aoml/4903249/profiles/R4903249_450.nc|2025-10-09T00:20:07Z|23.56792|-86.27142,aoml/4903249/profiles/R4903249_450.nc,4903249,4903249,23.56792,-86.27142,2025-10-09T00:20:07Z,20251009,2025,740,0.56,100.0,26.6112,True,True,True,https://noaa-nws-rtofs-pds.s3.amazonaws.com/rtofs.20251009/rtofs_glo_3dz_f006_6hrly_hvr_US_east.nc
ARGO_GDAC,pfl,aoml/4903249/profiles/R4903249_451.nc|2025-10-13T23:19:18Z|23.41511|-86.37580,aoml/4903249/profiles/R4903249_451.nc,4903249,4903249,23.41511,-86.3758,2025-10-13T23:19:18Z,20251013,2025,748,1.0,1485.92,51.7658,True,True,True,https://noaa-nws-rtofs-pds.s3.amazonaws.com/rtofs.20251013/rtofs_glo_3dz_f006_6hrly_hvr_US_east.nc
ARGO_GDAC,pfl,aoml/4903249/profiles/R4903249_451.nc|2025-10-13T23:19:18Z|23.41511|-86.37580,aoml/4903249/profiles/R4903249_451.nc,4903249,4903249,23.41511,-86.3758,2025-10-13T23:19:18Z,20251013,2025,736,0.52,99.96,51.5855,True,True,True,https://noaa-nws-rtofs-pds.s3.amazonaws.com/rtofs.20251013/rtofs_glo_3dz_f006_6hrly_hvr_US_east.nc
ARGO_GDAC,pfl,aoml/4903249/profiles/R4903249_452.nc|2025-10-18T21:45:26Z|23.50587|-86.46136,aoml/4903249/profiles/R4903249_452.nc,4903249,4903249,23.50587,-86.46136,2025-10-18T21:45:26Z,20251018,2025,635,1.04,1259.04,47.6371,True,True,True,https://noaa-nws-rtofs-pds.s3.amazonaws.com/rtofs.20251018/rtofs_glo_3dz_f006_6hrly_hvr_US_east.nc
ARGO_GDAC,pfl,aoml/4903249/profiles/R4903249_452.nc|2025-10-18T21:45:26Z|23.50587|-86.46136,aoml/4903249/profiles/R4903249_452.nc,4903249,4903249,23.50587,-86.46136,2025-10-18T21:45:26Z,20251018,2025,738,0.64,100.0,47.8273,True,True,True,https://noaa-nws-rtofs-pds.s3.amazonaws.com/rtofs.20251018/rtofs_glo_3dz_f006_6hrly_hvr_US_east.nc
ARGO_GDAC,pfl,aoml/4903249/profiles/R4903249_453.nc|2025-10-23T19:56:41Z|23.55871|-86.46935,aoml/4903249/profiles/R4903249_453.nc,4903249,4903249,23.55871,-86.46935,2025-10-23T19:56:41Z,20251023,2025,586,0.96,1162.24,23.5557,True,True,True,https://noaa-nws-rtofs-pds.s3.amazonaws.com/rtofs.20251023/rtofs_glo_3dz_f006_6hrly_hvr_US_east.nc
ARGO_GDAC,pfl,aoml/4903249/profiles/R4903249_453.nc|2025-10-23T19:56:41Z|23.55871|-86.46935,aoml/4903249/profiles/R4903249_453.nc,4903249,4903249,23.55871,-86.46935,2025-10-23T19:56:41Z,20251023,2025,728,0.52,99.96,23.1031,True,True,True,https://noaa-nws-rtofs-pds.s3.amazonaws.com/rtofs.20251023/rtofs_glo_3dz_f006_6hrly_hvr_US_east.nc
ARGO_GDAC,pfl,aoml/4903249/profiles/R4903249_454.nc|2025-10-28T20:23:22Z|23.56425|-86.47888,aoml/4903249/profiles/R4903249_454.nc,4903249,4903249,23.56425,-86.47888,2025-10-28T20:23:22Z,20251028,2025,580,0.28,1147.0,52.9936,True,True,True,https://noaa-nws-rtofs-pds.s3.amazonaws.com/rtofs.20251028/rtofs_glo_3dz_f006_6hrly_hvr_US_east.nc
ARGO_GDAC,pfl,aoml/4903249/profiles/R4903249_454.nc|2025-10-28T20:23:22Z|23.56425|-86.47888,aoml/4903249/profiles/R4903249_454.nc,4903249,4903249,23.56425,-86.47888,2025-10-28T20:23:22Z,20251028,2025,283,0.16,99.8,52.8543,True,True,True,https://noaa-nws-rtofs-pds.s3.amazonaws.com/rtofs.20251028/rtofs_glo_3dz_f006_6hrly_hvr_US_east.nc
ARGO_GDAC,pfl,aoml/4903249/profiles/R4903249_455.nc|2025-11-02T18:37:34Z|23.64374|-86.49144,aoml/4903249/profiles/R4903249_455.nc,4903249,4903249,23.64374,-86.49144,2025-11-02T18:37:34Z,20251102,2025,576,1.0,1141.04,83.542,True,True,True,https://noaa-nws-rtofs-pds.s3.amazonaws.com/rtofs.20251102/rtofs_glo_3dz_f006_6hrly_hvr_US_east.nc
ARGO_GDAC,pfl,aoml/4903249/profiles/R4903249_455.nc|2025-11-02T18:37:34Z|23.64374|-86.49144,aoml/4903249/profiles/R4903249_455.nc,4903249,4903249,23.64374,-86.49144,2025-11-02T18:37:34Z,20251102,2025,709,0.6,99.96,83.648,True,True,True,https://noaa-nws-rtofs-pds.s3.amazonaws.com/rtofs.20251102/rtofs_glo_3dz_f006_6hrly_hvr_US_east.nc
ARGO_GDAC,pfl,aoml/4903249/profiles/R4903249_456.nc|2025-11-07T16:49:54Z|23.64484|-86.47716,aoml/4903249/profiles/R4903249_456.nc,4903249,4903249,23.64484,-86.47716,2025-11-07T16:49:54Z,20251107,2025,591,1.08,1171.04,74.5576,True,True,True,https://noaa-nws-rtofs-pds.s3.amazonaws.com/rtofs.20251107/rtofs_glo_3dz_f006_6hrly_hvr_US_east.nc
ARGO_GDAC,pfl,aoml/4903249/profiles/R4903249_456.nc|2025-11-07T16:49:54Z|23.64484|-86.47716,aoml/4903249/profiles/R4903249_456.nc,4903249,4903249,23.64484,-86.47716,2025-11-07T16:49:54Z,20251107,2025,685,0.68,100.0,74.5908,True,True,True,https://noaa-nws-rtofs-pds.s3.amazonaws.com/rtofs.20251107/rtofs_glo_3dz_f006_6hrly_hvr_US_east.nc
ARGO_GDAC,pfl,aoml/4903249/profiles/R4903249_457.nc|2025-11-12T14:57:47Z|23.68567|-86.50105,aoml/4903249/profiles/R4903249_457.nc,4903249,4903249,23.68567,-86.50105,2025-11-12T14:57:47Z,20251112,2025,580,1.0,1150.72,79.2436,True,True,True,https://noaa-nws-rtofs-pds.s3.amazonaws.com/rtofs.20251112/rtofs_glo_3dz_f006_6hrly_hvr_US_east.nc
ARGO_GDAC,pfl,aoml/4903249/profiles/R4903249_457.nc|2025-11-12T14:57:47Z|23.68567|-86.50105,aoml/4903249/profiles/R4903249_457.nc,4903249,4903249,23.68567,-86.50105,2025-11-12T14:57:47Z,20251112,2025,687,0.64,100.0,79.5297,True,True,True,https://noaa-nws-rtofs-pds.s3.amazonaws.com/rtofs.20251112/rtofs_glo_3dz_f006_6hrly_hvr_US_east.nc
ARGO_GDAC,pfl,aoml/4903249/profiles/R4903249_458.nc|2025-11-17T13:02:40Z|23.72662|-86.51816,aoml/4903249/profiles/R4903249_458.nc,4903249,4903249,23.72662,-86.51816,2025-11-17T13:02:40Z,20251117,2025,570,1.0,1129.84,89.0102,True,True,True,https://noaa-nws-rtofs-pds.s3.amazonaws.com/rtofs.20251117/rtofs_glo_3dz_f006_6hrly_hvr_US_east.nc
ARGO_GDAC,pfl,aoml/4903249/profiles/R4903249_458.nc|2025-11-17T13:02:40Z|23.72662|-86.51816,aoml/4903249/profiles/R4903249_458.nc,4903249,4903249,23.72662,-86.51816,2025-11-17T13:02:40Z,20251117,2025,707,0.6,99.92,89.0058,True,True,True,https://noaa-nws-rtofs-pds.s3.amazonaws.com/rtofs.20251117/rtofs_glo_3dz_f006_6hrly_hvr_US_east.nc
ARGO_GDAC,pfl,aoml/4903249/profiles/R4903249_459.nc|2025-11-22T11:07:29Z|23.77455|-86.53592,aoml/4903249/profiles/R4903249_459.nc,4903249,4903249,23.77455,-86.53592,2025-11-22T11:07:29Z,20251122,2025,568,0.48,1124.24,99.5378,True,True,True,https://noaa-nws-rtofs-pds.s3.amazonaws.com/rtofs.20251122/rtofs_glo_3dz_f006_6hrly_hvr_US_east.nc
ARGO_GDAC,pfl,aoml/4903249/profiles/R4903249_459.nc|2025-11-22T11:07:29Z|23.77455|-86.53592,aoml/4903249/profiles/R4903249_459.nc,4903249,4903249,23.77455,-86.53592,2025-11-22T11:07:29Z,20251122,2025,699,0.48,99.92,99.4725,True,True,True,https://noaa-nws-rtofs-pds.s3.amazonaws.com/rtofs.20251122/rtofs_glo_3dz_f006_6hrly_hvr_US_east.nc
ARGO_GDAC,pfl,aoml/4903249/profiles/R4903249_460.nc|2025-11-27T09:21:40Z|23.86996|-86.53155,aoml/4903249/profiles/R4903249_460.nc,4903249,4903249,23.86996,-86.53155,2025-11-27T09:21:40Z,20251127,2025,591,1.0,1172.8,43.6955,True,True,True,https://noaa-nws-rtofs-pds.s3.amazonaws.com/rtofs.20251127/rtofs_glo_3dz_f006_6hrly_hvr_US_east.nc
ARGO_GDAC,pfl,aoml/4903249/profiles/R4903249_460.nc|2025-11-27T09:21:40Z|23.86996|-86.53155,aoml/4903249/profiles/R4903249_460.nc,4903249,4903249,23.86996,-86.53155,2025-11-27T09:21:40Z,20251127,2025,707,0.6,99.88,43.64,True,True,True,https://noaa-nws-rtofs-pds.s3.amazonaws.com/rtofs.20251127/rtofs_glo_3dz_f006_6hrly_hvr_US_east.nc
ARGO_GDAC,pfl,aoml/4903249/profiles/R4903249_461.nc|2025-12-02T07:45:26Z|23.94176|-86.55431,aoml/4903249/profiles/R4903249_461.nc,4903249,4903249,23.94176,-86.55431,2025-12-02T07:45:26Z,20251202,2025,593,1.0,1175.96,57.0005,True,True,True,https://noaa-nws-rtofs-pds.s3.amazonaws.com/rtofs.20251202/rtofs_glo_3dz_f006_6hrly_hvr_US_east.nc
ARGO_GDAC,pfl,aoml/4903249/profiles/R4903249_461.nc|2025-12-02T07:45:26Z|23.94176|-86.55431,aoml/4903249/profiles/R4903249_461.nc,4903249,4903249,23.94176,-86.55431,2025-12-02T07:45:26Z,20251202,2025,694,0.52,99.92,51.7999,True,True,True,https://noaa-nws-rtofs-pds.s3.amazonaws.com/rtofs.20251202/rtofs_glo_3dz_f006_6hrly_hvr_US_east.nc
ARGO_GDAC,pfl,aoml/4903249/profiles/R4903249_462.nc|2025-12-07T06:06:25Z|24.06482|-86.57147,aoml/4903249/profiles/R4903249_462.nc,4903249,4903249,24.06482,-86.57147,2025-12-07T06:06:25Z,20251207,2025,631,0.96,1251.4,115.3663,True,False,True,https://noaa-nws-rtofs-pds.s3.amazonaws.com/rtofs.20251207/rtofs_glo_3dz_f006_6hrly_hvr_US_east.nc
ARGO_GDAC,pfl,aoml/4903249/profiles/R4903249_462.nc|2025-12-07T06:06:25Z|24.06482|-86.57147,aoml/4903249/profiles/R4903249_462.nc,4903249,4903249,24.06482,-86.57147,2025-12-07T06:06:25Z,20251207,2025,700,0.68,100.0,,False,False,True,https://noaa-nws-rtofs-pds.s3.amazonaws.com/rtofs.20251207/rtofs_glo_3dz_f006_6hrly_hvr_US_east.nc
ARGO_GDAC,pfl,aoml/4903249/profiles/R4903249_463.nc|2025-12-12T04:34:29Z|24.10946|-86.61025,aoml/4903249/profiles/R4903249_463.nc,4903249,4903249,24.10946,-86.61025,2025-12-12T04:34:29Z,20251212,2025,653,1.04,1295.52,131.1617,True,False,True,https://noaa-nws-rtofs-pds.s3.amazonaws.com/rtofs.20251212/rtofs_glo_3dz_f006_6hrly_hvr_US_east.nc
ARGO_GDAC,pfl,aoml/4903249/profiles/R4903249_463.nc|2025-12-12T04:34:29Z|24.10946|-86.61025,aoml/4903249/profiles/R4903249_463.nc,4903249,4903249,24.10946,-86.61025,2025-12-12T04:34:29Z,20251212,2025,712,0.64,99.92,,False,False,True,https://noaa-nws-rtofs-pds.s3.amazonaws.com/rtofs.20251212/rtofs_glo_3dz_f006_6hrly_hvr_US_east.nc
ARGO_GDAC,pfl,aoml/4903249/profiles/R4903249_464.nc|2025-12-17T03:02:14Z|24.17824|-86.64977,aoml/4903249/profiles/R4903249_464.nc,4903249,4903249,24.17824,-86.64977,2025-12-17T03:02:14Z,20251217,2025,674,1.04,1338.32,57.5218,True,True,True,https://noaa-nws-rtofs-pds.s3.amazonaws.com/rtofs.20251217/rtofs_glo_3dz_f006_6hrly_hvr_US_east.nc
ARGO_GDAC,pfl,aoml/4903249/profiles/R4903249_464.nc|2025-12-17T03:02:14Z|24.17824|-86.64977,aoml/4903249/profiles/R4903249_464.nc,4903249,4903249,24.17824,-86.64977,2025-12-17T03:02:14Z,20251217,2025,716,0.6,99.96,57.1467,True,True,True,https://noaa-nws-rtofs-pds.s3.amazonaws.com/rtofs.20251217/rtofs_glo_3dz_f006_6hrly_hvr_US_east.nc
ARGO_GDAC,pfl,aoml/4903249/profiles/R4903249_465.nc|2025-12-22T01:43:04Z|24.15237|-86.70297,aoml/4903249/profiles/R4903249_465.nc,4903249,4903249,24.15237,-86.70297,2025-12-22T01:43:04Z,20251222,2025,711,1.04,1412.0,93.1172,True,True,True,https://noaa-nws-rtofs-pds.s3.amazonaws.com/rtofs.20251222/rtofs_glo_3dz_f006_6hrly_hvr_US_east.nc
ARGO_GDAC,pfl,aoml/4903249/profiles/R4903249_465.nc|2025-12-22T01:43:04Z|24.15237|-86.70297,aoml/4903249/profiles/R4903249_465.nc,4903249,4903249,24.15237,-86.70297,2025-12-22T01:43:04Z,20251222,2025,709,0.56,99.96,93.3467,True,True,True,https://noaa-nws-rtofs-pds.s3.amazonaws.com/rtofs.20251222/rtofs_glo_3dz_f006_6hrly_hvr_US_east.nc
ARGO_GDAC,pfl,aoml/4903249/profiles/R4903249_466.nc|2025-12-27T00:53:56Z|24.20830|-86.72529,aoml/4903249/profiles/R4903249_466.nc,4903249,4903249,24.2083,-86.72529,2025-12-27T00:53:56Z,20251227,2025,804,1.04,1597.0,110.9523,True,False,True,https://noaa-nws-rtofs-pds.s3.amazonaws.com/rtofs.20251227/rtofs_glo_3dz_f006_6hrly_hvr_US_east.nc
ARGO_GDAC,pfl,aoml/4903249/profiles/R4903249_466.nc|2025-12-27T00:53:56Z|24.20830|-86.72529,aoml/4903249/profiles/R4903249_466.nc,4903249,4903249,24.2083,-86.72529,2025-12-27T00:53:56Z,20251227,2025,702,0.68,99.84,,False,False,True,https://noaa-nws-rtofs-pds.s3.amazonaws.com/rtofs.20251227/rtofs_glo_3dz_f006_6hrly_hvr_US_east.nc
ARGO_GDAC,pfl,aoml/4903250/profiles/D4903250_317.nc|2024-01-03T11:48:54Z|23.75061|-86.28160,aoml/4903250/profiles/D4903250_317.nc,4903250,4903250,23.75061,-86.2816,2024-01-03T11:48:54Z,20240103,2024,766,1.0,1521.56,84.7499,True,True,False,
ARGO_GDAC,pfl,aoml/4903250/profiles/D4903250_317.nc|2024-01-03T11:48:54Z|23.75061|-86.28160,aoml/4903250/profiles/D4903250_317.nc,4903250,4903250,23.75061,-86.2816,2024-01-03T11:48:54Z,20240103,2024,834,0.56,99.84,84.0799,True,True,False,
ARGO_GDAC,pfl,aoml/4903250/profiles/D4903250_318.nc|2024-01-08T11:23:07Z|23.67005|-86.28667,aoml/4903250/profiles/D4903250_318.nc,4903250,4903250,23.67005,-86.28667,2024-01-08T11:23:07Z,20240108,2024,754,1.0,1497.76,93.8197,True,True,False,
ARGO_GDAC,pfl,aoml/4903250/profiles/D4903250_318.nc|2024-01-08T11:23:07Z|23.67005|-86.28667,aoml/4903250/profiles/D4903250_318.nc,4903250,4903250,23.67005,-86.28667,2024-01-08T11:23:07Z,20240108,2024,944,0.52,99.96,93.8813,True,True,False,
ARGO_GDAC,pfl,aoml/4903250/profiles/D4903250_319.nc|2024-01-13T09:40:35Z|23.58678|-86.26345,aoml/4903250/profiles/D4903250_319.nc,4903250,4903250,23.58678,-86.26345,2024-01-13T09:40:35Z,20240113,2024,864,1.08,1717.24,50.6403,True,True,False,
ARGO_GDAC,pfl,aoml/4903250/profiles/D4903250_319.nc|2024-01-13T09:40:35Z|23.58678|-86.26345,aoml/4903250/profiles/D4903250_319.nc,4903250,4903250,23.58678,-86.26345,2024-01-13T09:40:35Z,20240113,2024,911,0.72,99.88,50.28,True,True,False,
ARGO_GDAC,pfl,aoml/4903250/profiles/D4903250_320.nc|2024-01-18T11:35:56Z|23.55482|-86.19108,aoml/4903250/profiles/D4903250_320.nc,4903250,4903250,23.55482,-86.19108,2024-01-18T11:35:56Z,20240118,2024,854,1.0,1697.16,13.8668,True,True,False,
ARGO_GDAC,pfl,aoml/4903250/profiles/D4903250_320.nc|2024-01-18T11:35:56Z|23.55482|-86.19108,aoml/4903250/profiles/D4903250_320.nc,4903250,4903250,23.55482,-86.19108,2024-01-18T11:35:56Z,20240118,2024,885,0.52,99.92,13.635,True,True,False,
ARGO_GDAC,pfl,aoml/4903250/profiles/D4903250_321.nc|2024-01-23T11:32:49Z|23.49906|-86.06185,aoml/4903250/profiles/D4903250_321.nc,4903250,4903250,23.49906,-86.06185,2024-01-23T11:32:49Z,20240123,2024,855,1.04,1699.52,104.4328,True,False,False,
ARGO_GDAC,pfl,aoml/4903250/profiles/D4903250_321.nc|2024-01-23T11:32:49Z|23.49906|-86.06185,aoml/4903250/profiles/D4903250_321.nc,4903250,4903250,23.49906,-86.06185,2024-01-23T11:32:49Z,20240123,2024,821,0.64,100.0,,False,False,False,
ARGO_GDAC,pfl,aoml/4903250/profiles/D4903250_322.nc|2024-01-28T11:31:36Z|23.59590|-85.87329,aoml/4903250/profiles/D4903250_322.nc,4903250,4903250,23.5959,-85.87329,2024-01-28T11:31:36Z,20240128,2024,841,1.04,1671.52,14.5177,True,True,True,https://noaa-nws-rtofs-pds.s3.amazonaws.com/rtofs.20240128/rtofs_glo_3dz_f006_6hrly_hvr_US_east.nc
ARGO_GDAC,pfl,aoml/4903250/profiles/D4903250_322.nc|2024-01-28T11:31:36Z|23.59590|-85.87329,aoml/4903250/profiles/D4903250_322.nc,4903250,4903250,23.5959,-85.87329,2024-01-28T11:31:36Z,20240128,2024,896,0.6,99.88,14.8923,True,True,True,https://noaa-nws-rtofs-pds.s3.amazonaws.com/rtofs.20240128/rtofs_glo_3dz_f006_6hrly_hvr_US_east.nc
ARGO_GDAC,pfl,aoml/4903250/profiles/D4903250_323.nc|2024-02-02T11:30:42Z|23.68843|-85.85792,aoml/4903250/profiles/D4903250_323.nc,4903250,4903250,23.68843,-85.85792,2024-02-02T11:30:42Z,20240202,2024,849,0.96,1687.2,143.4601,True,False,True,https://noaa-nws-rtofs-pds.s3.amazonaws.com/rtofs.20240202/rtofs_glo_3dz_f006_6hrly_hvr_US_east.nc
ARGO_GDAC,pfl,aoml/4903250/profiles/D4903250_323.nc|2024-02-02T11:30:42Z|23.68843|-85.85792,aoml/4903250/profiles/D4903250_323.nc,4903250,4903250,23.68843,-85.85792,2024-02-02T11:30:42Z,20240202,2024,905,0.56,99.92,,False,False,True,https://noaa-nws-rtofs-pds.s3.amazonaws.com/rtofs.20240202/rtofs_glo_3dz_f006_6hrly_hvr_US_east.nc
ARGO_GDAC,pfl,aoml/4903250/profiles/D4903250_324.nc|2024-02-07T11:28:35Z|23.73651|-86.01870,aoml/4903250/profiles/D4903250_324.nc,4903250,4903250,23.73651,-86.0187,2024-02-07T11:28:35Z,20240207,2024,835,1.0,1659.56,146.9691,True,False,True,https://noaa-nws-rtofs-pds.s3.amazonaws.com/rtofs.20240207/rtofs_glo_3dz_f006_6hrly_hvr_US_east.nc
ARGO_GDAC,pfl,aoml/4903250/profiles/D4903250_324.nc|2024-02-07T11:28:35Z|23.73651|-86.01870,aoml/4903250/profiles/D4903250_324.nc,4903250,4903250,23.73651,-86.0187,2024-02-07T11:28:35Z,20240207,2024,857,0.64,99.92,,False,False,True,https://noaa-nws-rtofs-pds.s3.amazonaws.com/rtofs.20240207/rtofs_glo_3dz_f006_6hrly_hvr_US_east.nc
ARGO_GDAC,pfl,aoml/4903250/profiles/D4903250_325.nc|2024-02-12T11:25:17Z|23.72255|-86.05027,aoml/4903250/profiles/D4903250_325.nc,4903250,4903250,23.72255,-86.05027,2024-02-12T11:25:17Z,20240212,2024,843,1.0,1675.64,51.9719,True,True,True,https://noaa-nws-rtofs-pds.s3.amazonaws.com/rtofs.20240212/rtofs_glo_3dz_f006_6hrly_hvr_US_east.nc
ARGO_GDAC,pfl,aoml/4903250/profiles/D4903250_325.nc|2024-02-12T11:25:17Z|23.72255|-86.05027,aoml/4903250/profiles/D4903250_325.nc,4903250,4903250,23.72255,-86.05027,2024-02-12T11:25:17Z,20240212,2024,835,0.52,99.96,52.0398,True,True,True,https://noaa-nws-rtofs-pds.s3.amazonaws.com/rtofs.20240212/rtofs_glo_3dz_f006_6hrly_hvr_US_east.nc
ARGO_GDAC,pfl,aoml/4903250/profiles/D4903250_326.nc|2024-02-17T11:29:31Z|23.67663|-86.11776,aoml/4903250/profiles/D4903250_326.nc,4903250,4903250,23.67663,-86.11776,2024-02-17T11:29:31Z,20240217,2024,858,1.0,1705.32,117.08,True,False,True,https://noaa-nws-rtofs-pds.s3.amazonaws.com/rtofs.20240217/rtofs_glo_3dz_f006_6hrly_hvr_US_east.nc
ARGO_GDAC,pfl,aoml/4903250/profiles/D4903250_326.nc|2024-02-17T11:29:31Z|23.67663|-86.11776,aoml/4903250/profiles/D4903250_326.nc,4903250,4903250,23.67663,-86.11776,2024-02-17T11:29:31Z,20240217,2024,871,0.52,99.92,,False,False,True,https://noaa-nws-rtofs-pds.s3.amazonaws.com/rtofs.20240217/rtofs_glo_3dz_f006_6hrly_hvr_US_east.nc
ARGO_GDAC,pfl,aoml/4903250/profiles/D4903250_327.nc|2024-02-22T11:28:46Z|23.53303|-86.10235,aoml/4903250/profiles/D4903250_327.nc,4903250,4903250,23.53303,-86.10235,2024-02-22T11:28:46Z,20240222,2024,853,1.04,1695.76,149.3005,True,False,True,https://noaa-nws-rtofs-pds.s3.amazonaws.com/rtofs.20240222/rtofs_glo_3dz_f006_6hrly_hvr_US_east.nc
ARGO_GDAC,pfl,aoml/4903250/profiles/D4903250_327.nc|2024-02-22T11:28:46Z|23.53303|-86.10235,aoml/4903250/profiles/D4903250_327.nc,4903250,4903250,23.53303,-86.10235,2024-02-22T11:28:46Z,20240222,2024,796,0.6,99.96,,False,False,True,https://noaa-nws-rtofs-pds.s3.amazonaws.com/rtofs.20240222/rtofs_glo_3dz_f006_6hrly_hvr_US_east.nc
ARGO_GDAC,pfl,aoml/4903250/profiles/D4903250_328.nc|2024-02-27T11:26:26Z|23.52984|-85.88933,aoml/4903250/profiles/D4903250_328.nc,4903250,4903250,23.52984,-85.88933,2024-02-27T11:26:26Z,20240227,2024,847,1.0,1683.6,48.4548,True,True,True,https://noaa-nws-rtofs-pds.s3.amazonaws.com/rtofs.20240227/rtofs_glo_3dz_f006_6hrly_hvr_US_east.nc
ARGO_GDAC,pfl,aoml/4903250/profiles/D4903250_328.nc|2024-02-27T11:26:26Z|23.52984|-85.88933,aoml/4903250/profiles/D4903250_328.nc,4903250,4903250,23.52984,-85.88933,2024-02-27T11:26:26Z,20240227,2024,881,0.56,99.96,48.104,True,True,True,https://noaa-nws-rtofs-pds.s3.amazonaws.com/rtofs.20240227/rtofs_glo_3dz_f006_6hrly_hvr_US_east.nc
ARGO_GDAC,pfl,aoml/4903250/profiles/D4903250_329.nc|2024-03-03T11:24:43Z|23.66788|-85.82446,aoml/4903250/profiles/D4903250_329.nc,4903250,4903250,23.66788,-85.82446,2024-03-03T11:24:43Z,20240303,2024,849,0.96,1687.12,68.3829,True,True,True,https://noaa-nws-rtofs-pds.s3.amazonaws.com/rtofs.20240303/rtofs_glo_3dz_f006_6hrly_hvr_US_east.nc
ARGO_GDAC,pfl,aoml/4903250/profiles/D4903250_329.nc|2024-03-03T11:24:43Z|23.66788|-85.82446,aoml/4903250/profiles/D4903250_329.nc,4903250,4903250,23.66788,-85.82446,2024-03-03T11:24:43Z,20240303,2024,841,0.56,99.96,68.7726,True,True,True,https://noaa-nws-rtofs-pds.s3.amazonaws.com/rtofs.20240303/rtofs_glo_3dz_f006_6hrly_hvr_US_east.nc
ARGO_GDAC,pfl,aoml/4903250/profiles/D4903250_330.nc|2024-03-08T11:28:02Z|23.81714|-85.83925,aoml/4903250/profiles/D4903250_330.nc,4903250,4903250,23.81714,-85.83925,2024-03-08T11:28:02Z,20240308,2024,848,1.04,1685.28,99.7339,True,True,True,https://noaa-nws-rtofs-pds.s3.amazonaws.com/rtofs.20240308/rtofs_glo_3dz_f006_6hrly_hvr_US_east.nc
ARGO_GDAC,pfl,aoml/4903250/profiles/D4903250_330.nc|2024-03-08T11:28:02Z|23.81714|-85.83925,aoml/4903250/profiles/D4903250_330.nc,4903250,4903250,23.81714,-85.83925,2024-03-08T11:28:02Z,20240308,2024,786,0.64,99.84,99.82,True,True,True,https://noaa-nws-rtofs-pds.s3.amazonaws.com/rtofs.20240308/rtofs_glo_3dz_f006_6hrly_hvr_US_east.nc
ARGO_GDAC,pfl,aoml/4903250/profiles/D4903250_331.nc|2024-03-13T11:24:23Z|24.05875|-86.00105,aoml/4903250/profiles/D4903250_331.nc,4903250,4903250,24.05875,-86.00105,2024-03-13T11:24:23Z,20240313,2024,843,1.0,1675.52,55.3649,True,True,True,https://noaa-nws-rtofs-pds.s3.amazonaws.com/rtofs.20240313/rtofs_glo_3dz_f006_6hrly_hvr_US_east.nc
ARGO_GDAC,pfl,aoml/4903250/profiles/D4903250_331.nc|2024-03-13T11:24:23Z|24.05875|-86.00105,aoml/4903250/profiles/D4903250_331.nc,4903250,4903250,24.05875,-86.00105,2024-03-13T11:24:23Z,20240313,2024,833,0.6,100.0,55.14,True,True,True,https://noaa-nws-rtofs-pds.s3.amazonaws.com/rtofs.20240313/rtofs_glo_3dz_f006_6hrly_hvr_US_east.nc
ARGO_GDAC,pfl,aoml/4903250/profiles/D4903250_332.nc|2024-03-18T11:26:36Z|24.50916|-86.29386,aoml/4903250/profiles/D4903250_332.nc,4903250,4903250,24.50916,-86.29386,2024-03-18T11:26:36Z,20240318,2024,853,0.48,1693.4,52.5617,True,True,True,https://noaa-nws-rtofs-pds.s3.amazonaws.com/rtofs.20240318/rtofs_glo_3dz_f006_6hrly_hvr_US_east.nc
ARGO_GDAC,pfl,aoml/4903250/profiles/D4903250_332.nc|2024-03-18T11:26:36Z|24.50916|-86.29386,aoml/4903250/profiles/D4903250_332.nc,4903250,4903250,24.50916,-86.29386,2024-03-18T11:26:36Z,20240318,2024,883,0.48,99.96,52.6933,True,True,True,https://noaa-nws-rtofs-pds.s3.amazonaws.com/rtofs.20240318/rtofs_glo_3dz_f006_6hrly_hvr_US_east.nc
ARGO_GDAC,pfl,aoml/4903250/profiles/D4903250_333.nc|2024-03-23T11:32:13Z|25.04856|-86.51104,aoml/4903250/profiles/D4903250_333.nc,4903250,4903250,25.04856,-86.51104,2024-03-23T11:32:13Z,20240323,2024,839,0.96,1667.56,56.2893,True,True,True,https://noaa-nws-rtofs-pds.s3.amazonaws.com/rtofs.20240323/rtofs_glo_3dz_f006_6hrly_hvr_US_east.nc
ARGO_GDAC,pfl,aoml/4903250/profiles/D4903250_333.nc|2024-03-23T11:32:13Z|25.04856|-86.51104,aoml/4903250/profiles/D4903250_333.nc,4903250,4903250,25.04856,-86.51104,2024-03-23T11:32:13Z,20240323,2024,926,0.52,99.96,56.0801,True,True,True,https://noaa-nws-rtofs-pds.s3.amazonaws.com/rtofs.20240323/rtofs_glo_3dz_f006_6hrly_hvr_US_east.nc
ARGO_GDAC,pfl,aoml/4903250/profiles/D4903250_334.nc|2024-03-28T11:29:05Z|25.57084|-86.34876,aoml/4903250/profiles/D4903250_334.nc,4903250,4903250,25.57084,-86.34876,2024-03-28T11:29:05Z,20240328,2024,854,0.4,1695.48,44.24,True,True,True,https://noaa-nws-rtofs-pds.s3.amazonaws.com/rtofs.20240328/rtofs_glo_3dz_f006_6hrly_hvr_US_east.nc
ARGO_GDAC,pfl,aoml/4903250/profiles/D4903250_334.nc|2024-03-28T11:29:05Z|25.57084|-86.34876,aoml/4903250/profiles/D4903250_334.nc,4903250,4903250,25.57084,-86.34876,2024-03-28T11:29:05Z,20240328,2024,856,0.4,99.92,44.776,True,True,True,https://noaa-nws-rtofs-pds.s3.amazonaws.com/rtofs.20240328/rtofs_glo_3dz_f006_6hrly_hvr_US_east.nc
ARGO_GDAC,pfl,aoml/4903250/profiles/D4903250_335.nc|2024-04-02T11:31:38Z|25.86937|-85.64890,aoml/4903250/profiles/D4903250_335.nc,4903250,4903250,25.86937,-85.6489,2024-04-02T11:31:38Z,20240402,2024,830,1.0,1649.72,53.9742,True,True,True,https://noaa-nws-rtofs-pds.s3.amazonaws.com/rtofs.20240402/rtofs_glo_3dz_f006_6hrly_hvr_US_east.nc
ARGO_GDAC,pfl,aoml/4903250/profiles/D4903250_335.nc|2024-04-02T11:31:38Z|25.86937|-85.64890,aoml/4903250/profiles/D4903250_335.nc,4903250,4903250,25.86937,-85.6489,2024-04-02T11:31:38Z,20240402,2024,895,0.64,99.96,54.1333,True,True,True,https://noaa-nws-rtofs-pds.s3.amazonaws.com/rtofs.20240402/rtofs_glo_3dz_f006_6hrly_hvr_US_east.nc
ARGO_GDAC,pfl,aoml/4903250/profiles/D4903250_336.nc|2024-04-07T11:39:01Z|25.60732|-85.29484,aoml/4903250/profiles/D4903250_336.nc,4903250,4903250,25.60732,-85.29484,2024-04-07T11:39:01Z,20240407,2024,856,1.0,1701.6,54.5786,True,True,True,https://noaa-nws-rtofs-pds.s3.amazonaws.com/rtofs.20240407/rtofs_glo_3dz_f006_6hrly_hvr_US_east.nc
ARGO_GDAC,pfl,aoml/4903250/profiles/D4903250_336.nc|2024-04-07T11:39:01Z|25.60732|-85.29484,aoml/4903250/profiles/D4903250_336.nc,4903250,4903250,25.60732,-85.29484,2024-04-07T11:39:01Z,20240407,2024,843,0.56,99.96,54.616,True,True,True,https://noaa-nws-rtofs-pds.s3.amazonaws.com/rtofs.20240407/rtofs_glo_3dz_f006_6hrly_hvr_US_east.nc
ARGO_GDAC,pfl,aoml/4903250/profiles/D4903250_337.nc|2024-04-12T11:37:32Z|24.93259|-85.38322,aoml/4903250/profiles/D4903250_337.nc,4903250,4903250,24.93259,-85.38322,2024-04-12T11:37:32Z,20240412,2024,844,0.92,1677.32,110.3502,True,False,True,https://noaa-nws-rtofs-pds.s3.amazonaws.com/rtofs.20240412/rtofs_glo_3dz_f006_6hrly_hvr_US_east.nc
ARGO_GDAC,pfl,aoml/4903250/profiles/D4903250_337.nc|2024-04-12T11:37:32Z|24.93259|-85.38322,aoml/4903250/profiles/D4903250_337.nc,4903250,4903250,24.93259,-85.38322,2024-04-12T11:37:32Z,20240412,2024,917,0.52,100.0,,False,False,True,https://noaa-nws-rtofs-pds.s3.amazonaws.com/rtofs.20240412/rtofs_glo_3dz_f006_6hrly_hvr_US_east.nc
ARGO_GDAC,pfl,aoml/4903250/profiles/D4903250_338.nc|2024-04-17T11:32:37Z|24.64361|-85.81323,aoml/4903250/profiles/D4903250_338.nc,4903250,4903250,24.64361,-85.81323,2024-04-17T11:32:37Z,20240417,2024,842,1.0,1673.48,143.1765,True,False,True,https://noaa-nws-rtofs-pds.s3.amazonaws.com/rtofs.20240417/rtofs_glo_3dz_f006_6hrly_hvr_US_east.nc
ARGO_GDAC,pfl,aoml/4903250/profiles/D4903250_338.nc|2024-04-17T11:32:37Z|24.64361|-85.81323,aoml/4903250/profiles/D4903250_338.nc,4903250,4903250,24.64361,-85.81323,2024-04-17T11:32:37Z,20240417,2024,732,0.6,99.88,,False,False,True,https://noaa-nws-rtofs-pds.s3.amazonaws.com/rtofs.20240417/rtofs_glo_3dz_f006_6hrly_hvr_US_east.nc
ARGO_GDAC,pfl,aoml/4903250/profiles/D4903250_339.nc|2024-04-22T11:36:12Z|24.84833|-86.29534,aoml/4903250/profiles/D4903250_339.nc,4903250,4903250,24.84833,-86.29534,2024-04-22T11:36:12Z,20240422,2024,849,1.0,1687.32,72.4742,True,True,True,https://noaa-nws-rtofs-pds.s3.amazonaws.com/rtofs.20240422/rtofs_glo_3dz_f006_6hrly_hvr_US_east.nc
ARGO_GDAC,pfl,aoml/4903250/profiles/D4903250_339.nc|2024-04-22T11:36:12Z|24.84833|-86.29534,aoml/4903250/profiles/D4903250_339.nc,4903250,4903250,24.84833,-86.29534,2024-04-22T11:36:12Z,20240422,2024,892,0.64,100.0,72.44,True,True,True,https://noaa-nws-rtofs-pds.s3.amazonaws.com/rtofs.20240422/rtofs_glo_3dz_f006_6hrly_hvr_US_east.nc
ARGO_GDAC,pfl,aoml/4903250/profiles/D4903250_340.nc|2024-04-27T11:29:07Z|25.19765|-86.42476,aoml/4903250/profiles/D4903250_340.nc,4903250,4903250,25.19765,-86.42476,2024-04-27T11:29:07Z,20240427,2024,833,1.0,1655.52,122.0151,True,False,True,https://noaa-nws-rtofs-pds.s3.amazonaws.com/rtofs.20240427/rtofs_glo_3dz_f006_6hrly_hvr_US_east.nc
ARGO_GDAC,pfl,aoml/4903250/profiles/D4903250_340.nc|2024-04-27T11:29:07Z|25.19765|-86.42476,aoml/4903250/profiles/D4903250_340.nc,4903250,4903250,25.19765,-86.42476,2024-04-27T11:29:07Z,20240427,2024,783,0.6,99.96,,False,False,True,https://noaa-nws-rtofs-pds.s3.amazonaws.com/rtofs.20240427/rtofs_glo_3dz_f006_6hrly_hvr_US_east.nc
ARGO_GDAC,pfl,aoml/4903250/profiles/D4903250_341.nc|2024-05-02T11:30:42Z|25.12557|-86.26516,aoml/4903250/profiles/D4903250_341.nc,4903250,4903250,25.12557,-86.26516,2024-05-02T11:30:42Z,20240502,2024,836,1.0,1661.44,41.93,True,True,True,https://noaa-nws-rtofs-pds.s3.amazonaws.com/rtofs.20240502/rtofs_glo_3dz_f006_6hrly_hvr_US_east.nc
ARGO_GDAC,pfl,aoml/4903250/profiles/D4903250_341.nc|2024-05-02T11:30:42Z|25.12557|-86.26516,aoml/4903250/profiles/D4903250_341.nc,4903250,4903250,25.12557,-86.26516,2024-05-02T11:30:42Z,20240502,2024,837,0.6,99.92,41.9927,True,True,True,https://noaa-nws-rtofs-pds.s3.amazonaws.com/rtofs.20240502/rtofs_glo_3dz_f006_6hrly_hvr_US_east.nc
ARGO_GDAC,pfl,aoml/4903250/profiles/D4903250_342.nc|2024-05-07T11:25:25Z|24.84272|-85.90643,aoml/4903250/profiles/D4903250_342.nc,4903250,4903250,24.84272,-85.90643,2024-05-07T11:25:25Z,20240507,2024,858,0.96,1705.52,49.4242,True,True,True,https://noaa-nws-rtofs-pds.s3.amazonaws.com/rtofs.20240507/rtofs_glo_3dz_f006_6hrly_hvr_US_east.nc
ARGO_GDAC,pfl,aoml/4903250/profiles/D4903250_342.nc|2024-05-07T11:25:25Z|24.84272|-85.90643,aoml/4903250/profiles/D4903250_342.nc,4903250,4903250,24.84272,-85.90643,2024-05-07T11:25:25Z,20240507,2024,805,0.56,99.84,49.36,True,True,True,https://noaa-nws-rtofs-pds.s3.amazonaws.com/rtofs.20240507/rtofs_glo_3dz_f006_6hrly_hvr_US_east.nc
ARGO_GDAC,pfl,aoml/4903250/profiles/D4903250_343.nc|2024-05-12T11:19:17Z|24.90061|-85.03843,aoml/4903250/profiles/D4903250_343.nc,4903250,4903250,24.90061,-85.03843,2024-05-12T11:19:17Z,20240512,2024,841,1.08,1671.32,11.646,True,True,True,https://noaa-nws-rtofs-pds.s3.amazonaws.com/rtofs.20240512/rtofs_glo_3dz_f006_6hrly_hvr_US_east.nc
ARGO_GDAC,pfl,aoml/4903250/profiles/D4903250_343.nc|2024-05-12T11:19:17Z|24.90061|-85.03843,aoml/4903250/profiles/D4903250_343.nc,4903250,4903250,24.90061,-85.03843,2024-05-12T11:19:17Z,20240512,2024,889,0.72,99.96,11.6178,True,True,True,https://noaa-nws-rtofs-pds.s3.amazonaws.com/rtofs.20240512/rtofs_glo_3dz_f006_6hrly_hvr_US_east.nc
ARGO_GDAC,pfl,aoml/4903250/profiles/D4903250_344.nc|2024-05-17T11:18:09Z|24.75328|-84.78062,aoml/4903250/profiles/D4903250_344.nc,4903250,4903250,24.75328,-84.78062,2024-05-17T11:18:09Z,20240517,2024,839,1.0,1667.36,41.3559,True,True,True,https://noaa-nws-rtofs-pds.s3.amazonaws.com/rtofs.20240517/rtofs_glo_3dz_f006_6hrly_hvr_US_east.nc
ARGO_GDAC,pfl,aoml/4903250/profiles/D4903250_344.nc|2024-05-17T11:18:09Z|24.75328|-84.78062,aoml/4903250/profiles/D4903250_344.nc,4903250,4903250,24.75328,-84.78062,2024-05-17T11:18:09Z,20240517,2024,836,0.56,99.88,41.56,True,True,True,https://noaa-nws-rtofs-pds.s3.amazonaws.com/rtofs.20240517/rtofs_glo_3dz_f006_6hrly_hvr_US_east.nc
ARGO_GDAC,pfl,aoml/4903250/profiles/D4903250_345.nc|2024-05-22T11:16:37Z|24.44950|-84.84267,aoml/4903250/profiles/D4903250_345.nc,4903250,4903250,24.4495,-84.84267,2024-05-22T11:16:37Z,20240522,2024,840,0.96,1669.28,50.1227,True,True,True,https://noaa-nws-rtofs-pds.s3.amazonaws.com/rtofs.20240522/rtofs_glo_3dz_f006_6hrly_hvr_US_east.nc
ARGO_GDAC,pfl,aoml/4903250/profiles/D4903250_345.nc|2024-05-22T11:16:37Z|24.44950|-84.84267,aoml/4903250/profiles/D4903250_345.nc,4903250,4903250,24.4495,-84.84267,2024-05-22T11:16:37Z,20240522,2024,862,0.56,99.92,50.5342,True,True,True,https://noaa-nws-rtofs-pds.s3.amazonaws.com/rtofs.20240522/rtofs_glo_3dz_f006_6hrly_hvr_US_east.nc
ARGO_GDAC,pfl,aoml/4903250/profiles/D4903250_346.nc|2024-05-27T11:20:37Z|24.08333|-84.87785,aoml/4903250/profiles/D4903250_346.nc,4903250,4903250,24.08333,-84.87785,2024-05-27T11:20:37Z,20240527,2024,848,1.0,1685.64,32.4125,True,True,True,https://noaa-nws-rtofs-pds.s3.amazonaws.com/rtofs.20240527/rtofs_glo_3dz_f006_6hrly_hvr_US_east.nc
ARGO_GDAC,pfl,aoml/4903250/profiles/D4903250_346.nc|2024-05-27T11:20:37Z|24.08333|-84.87785,aoml/4903250/profiles/D4903250_346.nc,4903250,4903250,24.08333,-84.87785,2024-05-27T11:20:37Z,20240527,2024,864,0.56,99.92,33.1429,True,True,True,https://noaa-nws-rtofs-pds.s3.amazonaws.com/rtofs.20240527/rtofs_glo_3dz_f006_6hrly_hvr_US_east.nc
ARGO_GDAC,pfl,aoml/4903250/profiles/D4903250_347.nc|2024-06-01T11:16:55Z|23.75083|-84.85340,aoml/4903250/profiles/D4903250_347.nc,4903250,4903250,23.75083,-84.8534,2024-06-01T11:16:55Z,20240601,2024,847,1.0,1683.52,23.6093,True,True,True,https://noaa-nws-rtofs-pds.s3.amazonaws.com/rtofs.20240601/rtofs_glo_3dz_f006_6hrly_hvr_US_east.nc
ARGO_GDAC,pfl,aoml/4903250/profiles/D4903250_347.nc|2024-06-01T11:16:55Z|23.75083|-84.85340,aoml/4903250/profiles/D4903250_347.nc,4903250,4903250,23.75083,-84.8534,2024-06-01T11:16:55Z,20240601,2024,874,0.6,99.92,23.8756,True,True,True,https://noaa-nws-rtofs-pds.s3.amazonaws.com/rtofs.20240601/rtofs_glo_3dz_f006_6hrly_hvr_US_east.nc
ARGO_GDAC,pfl,aoml/4903250/profiles/D4903250_348.nc|2024-06-06T11:18:20Z|23.58015|-84.72196,aoml/4903250/profiles/D4903250_348.nc,4903250,4903250,23.58015,-84.72196,2024-06-06T11:18:20Z,20240606,2024,841,1.0,1671.44,31.7797,True,True,True,https://noaa-nws-rtofs-pds.s3.amazonaws.com/rtofs.20240606/rtofs_glo_3dz_f006_6hrly_hvr_US_east.nc
ARGO_GDAC,pfl,aoml/4903250/profiles/D4903250_348.nc|2024-06-06T11:18:20Z|23.58015|-84.72196,aoml/4903250/profiles/D4903250_348.nc,4903250,4903250,23.58015,-84.72196,2024-06-06T11:18:20Z,20240606,2024,885,0.64,99.92,31.96,True,True,True,https://noaa-nws-rtofs-pds.s3.amazonaws.com/rtofs.20240606/rtofs_glo_3dz_f006_6hrly_hvr_US_east.nc
ARGO_GDAC,pfl,aoml/4903250/profiles/D4903250_349.nc|2024-06-11T11:15:40Z|23.45080|-84.62322,aoml/4903250/profiles/D4903250_349.nc,4903250,4903250,23.4508,-84.62322,2024-06-11T11:15:40Z,20240611,2024,847,0.92,1683.44,30.3159,True,True,True,https://noaa-nws-rtofs-pds.s3.amazonaws.com/rtofs.20240611/rtofs_glo_3dz_f006_6hrly_hvr_US_east.nc
ARGO_GDAC,pfl,aoml/4903250/profiles/D4903250_349.nc|2024-06-11T11:15:40Z|23.45080|-84.62322,aoml/4903250/profiles/D4903250_349.nc,4903250,4903250,23.4508,-84.62322,2024-06-11T11:15:40Z,20240611,2024,990,0.52,100.0,30.4572,True,True,True,https://noaa-nws-rtofs-pds.s3.amazonaws.com/rtofs.20240611/rtofs_glo_3dz_f006_6hrly_hvr_US_east.nc
ARGO_GDAC,pfl,aoml/4903250/profiles/D4903250_350.nc|2024-06-16T11:08:25Z|23.30683|-84.55670,aoml/4903250/profiles/D4903250_350.nc,4903250,4903250,23.30683,-84.5567,2024-06-16T11:08:25Z,20240616,2024,829,1.04,1647.16,44.2911,True,True,True,https://noaa-nws-rtofs-pds.s3.amazonaws.com/rtofs.20240616/rtofs_glo_3dz_f006_6hrly_hvr_US_east.nc
ARGO_GDAC,pfl,aoml/4903250/profiles/D4903250_350.nc|2024-06-16T11:08:25Z|23.30683|-84.55670,aoml/4903250/profiles/D4903250_350.nc,4903250,4903250,23.30683,-84.5567,2024-06-16T11:08:25Z,20240616,2024,938,0.6,99.96,44.6444,True,True,True,https://noaa-nws-rtofs-pds.s3.amazonaws.com/rtofs.20240616/rtofs_glo_3dz_f006_6hrly_hvr_US_east.nc
ARGO_GDAC,pfl,aoml/4903250/profiles/D4903250_351.nc|2024-06-21T11:14:32Z|23.19044|-84.60096,aoml/4903250/profiles/D4903250_351.nc,4903250,4903250,23.19044,-84.60096,2024-06-21T11:14:32Z,20240621,2024,851,1.04,1691.04,52.642,True,True,True,https://noaa-nws-rtofs-pds.s3.amazonaws.com/rtofs.20240621/rtofs_glo_3dz_f006_6hrly_hvr_US_east.nc
ARGO_GDAC,pfl,aoml/4903250/profiles/D4903250_351.nc|2024-06-21T11:14:32Z|23.19044|-84.60096,aoml/4903250/profiles/D4903250_351.nc,4903250,4903250,23.19044,-84.60096,2024-06-21T11:14:32Z,20240621,2024,869,0.64,99.96,53.2,True,True,True,https://noaa-nws-rtofs-pds.s3.amazonaws.com/rtofs.20240621/rtofs_glo_3dz_f006_6hrly_hvr_US_east.nc
ARGO_GDAC,pfl,aoml/4903250/profiles/D4903250_352.nc|2024-06-26T11:05:50Z|23.09192|-84.57249,aoml/4903250/profiles/D4903250_352.nc,4903250,4903250,23.09192,-84.57249,2024-06-26T11:05:50Z,20240626,2024,833,1.0,1655.36,27.7044,True,True,True,https://noaa-nws-rtofs-pds.s3.amazonaws.com/rtofs.20240626/rtofs_glo_3dz_f006_6hrly_hvr_US_east.nc
ARGO_GDAC,pfl,aoml/4903250/profiles/D4903250_352.nc|2024-06-26T11:05:50Z|23.09192|-84.57249,aoml/4903250/profiles/D4903250_352.nc,4903250,4903250,23.09192,-84.57249,2024-06-26T11:05:50Z,20240626,2024,833,0.56,99.92,27.38,True,True,True,https://noaa-nws-rtofs-pds.s3.amazonaws.com/rtofs.20240626/rtofs_glo_3dz_f006_6hrly_hvr_US_east.nc
ARGO_GDAC,pfl,aoml/4903250/profiles/D4903250_353.nc|2024-07-01T10:59:50Z|23.06258|-84.41286,aoml/4903250/profiles/D4903250_353.nc,4903250,4903250,23.06258,-84.41286,2024-07-01T10:59:50Z,20240701,2024,828,1.04,1645.44,28.4846,True,True,True,https://noaa-nws-rtofs-pds.s3.amazonaws.com/rtofs.20240701/rtofs_glo_3dz_f006_6hrly_hvr_US_east.nc
ARGO_GDAC,pfl,aoml/4903250/profiles/D4903250_353.nc|2024-07-01T10:59:50Z|23.06258|-84.41286,aoml/4903250/profiles/D4903250_353.nc,4903250,4903250,23.06258,-84.41286,2024-07-01T10:59:50Z,20240701,2024,876,0.6,99.96,28.54,True,True,True,https://noaa-nws-rtofs-pds.s3.amazonaws.com/rtofs.20240701/rtofs_glo_3dz_f006_6hrly_hvr_US_east.nc
ARGO_GDAC,pfl,aoml/4903250/profiles/D4903250_354.nc|2024-07-06T10:58:16Z|22.94819|-84.57420,aoml/4903250/profiles/D4903250_354.nc,4903250,4903250,22.94819,-84.5742,2024-07-06T10:58:16Z,20240706,2024,852,0.48,1691.6,15.7531,True,True,True,https://noaa-nws-rtofs-pds.s3.amazonaws.com/rtofs.20240706/rtofs_glo_3dz_f006_6hrly_hvr_US_east.nc
ARGO_GDAC,pfl,aoml/4903250/profiles/D4903250_354.nc|2024-07-06T10:58:16Z|22.94819|-84.57420,aoml/4903250/profiles/D4903250_354.nc,4903250,4903250,22.94819,-84.5742,2024-07-06T10:58:16Z,20240706,2024,818,0.48,100.0,15.2538,True,True,True,https://noaa-nws-rtofs-pds.s3.amazonaws.com/rtofs.20240706/rtofs_glo_3dz_f006_6hrly_hvr_US_east.nc
ARGO_GDAC,pfl,aoml/4903250/profiles/D4903250_355.nc|2024-07-11T10:58:12Z|22.73375|-84.87894,aoml/4903250/profiles/D4903250_355.nc,4903250,4903250,22.73375,-84.87894,2024-07-11T10:58:12Z,20240711,2024,831,1.0,1651.32,24.5777,True,True,True,https://noaa-nws-rtofs-pds.s3.amazonaws.com/rtofs.20240711/rtofs_glo_3dz_f006_6hrly_hvr_US_east.nc
ARGO_GDAC,pfl,aoml/4903250/profiles/D4903250_355.nc|2024-07-11T10:58:12Z|22.73375|-84.87894,aoml/4903250/profiles/D4903250_355.nc,4903250,4903250,22.73375,-84.87894,2024-07-11T10:58:12Z,20240711,2024,867,0.56,99.96,25.2266,True,True,True,https://noaa-nws-rtofs-pds.s3.amazonaws.com/rtofs.20240711/rtofs_glo_3dz_f006_6hrly_hvr_US_east.nc
ARGO_GDAC,pfl,aoml/4903250/profiles/D4903250_356.nc|2024-07-16T11:00:56Z|22.89193|-84.80032,aoml/4903250/profiles/D4903250_356.nc,4903250,4903250,22.89193,-84.80032,2024-07-16T11:00:56Z,20240716,2024,851,0.92,1691.68,33.8179,True,True,True,https://noaa-nws-rtofs-pds.s3.amazonaws.com/rtofs.20240716/rtofs_glo_3dz_f006_6hrly_hvr_US_east.nc
ARGO_GDAC,pfl,aoml/4903250/profiles/D4903250_356.nc|2024-07-16T11:00:56Z|22.89193|-84.80032,aoml/4903250/profiles/D4903250_356.nc,4903250,4903250,22.89193,-84.80032,2024-07-16T11:00:56Z,20240716,2024,816,0.52,99.92,34.0496,True,True,True,https://noaa-nws-rtofs-pds.s3.amazonaws.com/rtofs.20240716/rtofs_glo_3dz_f006_6hrly_hvr_US_east.nc
ARGO_GDAC,pfl,aoml/4903250/profiles/D4903250_357.nc|2024-07-21T11:05:46Z|22.91466|-85.00736,aoml/4903250/profiles/D4903250_357.nc,4903250,4903250,22.91466,-85.00736,2024-07-21T11:05:46Z,20240721,2024,849,1.0,1687.44,28.7837,True,True,True,https://noaa-nws-rtofs-pds.s3.amazonaws.com/rtofs.20240721/rtofs_glo_3dz_f006_6hrly_hvr_US_east.nc
ARGO_GDAC,pfl,aoml/4903250/profiles/D4903250_357.nc|2024-07-21T11:05:46Z|22.91466|-85.00736,aoml/4903250/profiles/D4903250_357.nc,4903250,4903250,22.91466,-85.00736,2024-07-21T11:05:46Z,20240721,2024,860,0.64,99.96,29.16,True,True,True,https://noaa-nws-rtofs-pds.s3.amazonaws.com/rtofs.20240721/rtofs_glo_3dz_f006_6hrly_hvr_US_east.nc
ARGO_GDAC,pfl,aoml/4903250/profiles/D4903250_358.nc|2024-07-26T11:07:25Z|22.83261|-85.39524,aoml/4903250/profiles/D4903250_358.nc,4903250,4903250,22.83261,-85.39524,2024-07-26T11:07:25Z,20240726,2024,848,1.04,1685.36,35.3136,True,True,True,https://noaa-nws-rtofs-pds.s3.amazonaws.com/rtofs.20240726/rtofs_glo_3dz_f006_6hrly_hvr_US_east.nc
ARGO_GDAC,pfl,aoml/4903250/profiles/D4903250_358.nc|2024-07-26T11:07:25Z|22.83261|-85.39524,aoml/4903250/profiles/D4903250_358.nc,4903250,4903250,22.83261,-85.39524,2024-07-26T11:07:25Z,20240726,2024,865,0.6,99.88,34.72,True,True,True,https://noaa-nws-rtofs-pds.s3.amazonaws.com/rtofs.20240726/rtofs_glo_3dz_f006_6hrly_hvr_US_east.nc
ARGO_GDAC,pfl,aoml/4903250/profiles/D4903250_359.nc|2024-07-31T11:15:48Z|22.53999|-85.42422,aoml/4903250/profiles/D4903250_359.nc,4903250,4903250,22.53999,-85.42422,2024-07-31T11:15:48Z,20240731,2024,855,1.04,1699.2,28.864,True,True,True,https://noaa-nws-rtofs-pds.s3.amazonaws.com/rtofs.20240731/rtofs_glo_3dz_f006_6hrly_hvr_US_east.nc
ARGO_GDAC,pfl,aoml/4903250/profiles/D4903250_359.nc|2024-07-31T11:15:48Z|22.53999|-85.42422,aoml/4903250/profiles/D4903250_359.nc,4903250,4903250,22.53999,-85.42422,2024-07-31T11:15:48Z,20240731,2024,941,0.64,99.96,28.6282,True,True,True,https://noaa-nws-rtofs-pds.s3.amazonaws.com/rtofs.20240731/rtofs_glo_3dz_f006_6hrly_hvr_US_east.nc
ARGO_GDAC,pfl,aoml/4903250/profiles/D4903250_360.nc|2024-08-05T11:25:41Z|22.48484|-85.29129,aoml/4903250/profiles/D4903250_360.nc,4903250,4903250,22.48484,-85.29129,2024-08-05T11:25:41Z,20240805,2024,847,1.0,1683.72,42.4812,True,True,True,https://noaa-nws-rtofs-pds.s3.amazonaws.com/rtofs.20240805/rtofs_glo_3dz_f006_6hrly_hvr_US_east.nc
ARGO_GDAC,pfl,aoml/4903250/profiles/D4903250_360.nc|2024-08-05T11:25:41Z|22.48484|-85.29129,aoml/4903250/profiles/D4903250_360.nc,4903250,4903250,22.48484,-85.29129,2024-08-05T11:25:41Z,20240805,2024,931,0.56,99.92,42.1,True,True,True,https://noaa-nws-rtofs-pds.s3.amazonaws.com/rtofs.20240805/rtofs_glo_3dz_f006_6hrly_hvr_US_east.nc
ARGO_GDAC,pfl,aoml/4903250/profiles/D4903250_361.nc|2024-08-10T11:23:54Z|22.60229|-85.30224,aoml/4903250/profiles/D4903250_361.nc,4903250,4903250,22.60229,-85.30224,2024-08-10T11:23:54Z,20240810,2024,843,1.08,1675.8,20.6031,True,True,True,https://noaa-nws-rtofs-pds.s3.amazonaws.com/rtofs.20240810/rtofs_glo_3dz_f006_6hrly_hvr_US_east.nc
ARGO_GDAC,pfl,aoml/4903250/profiles/D4903250_361.nc|2024-08-10T11:23:54Z|22.60229|-85.30224,aoml/4903250/profiles/D4903250_361.nc,4903250,4903250,22.60229,-85.30224,2024-08-10T11:23:54Z,20240810,2024,904,0.76,99.88,20.77,True,True,True,https://noaa-nws-rtofs-pds.s3.amazonaws.com/rtofs.20240810/rtofs_glo_3dz_f006_6hrly_hvr_US_east.nc
ARGO_GDAC,pfl,aoml/4903250/profiles/D4903250_362.nc|2024-08-15T11:26:09Z|22.66927|-85.22546,aoml/4903250/profiles/D4903250_362.nc,4903250,4903250,22.66927,-85.22546,2024-08-15T11:26:09Z,20240815,2024,845,1.08,1679.6,24.7373,True,True,True,https://noaa-nws-rtofs-pds.s3.amazonaws.com/rtofs.20240815/rtofs_glo_3dz_f006_6hrly_hvr_US_east.nc
ARGO_GDAC,pfl,aoml/4903250/profiles/D4903250_362.nc|2024-08-15T11:26:09Z|22.66927|-85.22546,aoml/4903250/profiles/D4903250_362.nc,4903250,4903250,22.66927,-85.22546,2024-08-15T11:26:09Z,20240815,2024,952,0.64,99.88,24.6629,True,True,True,https://noaa-nws-rtofs-pds.s3.amazonaws.com/rtofs.20240815/rtofs_glo_3dz_f006_6hrly_hvr_US_east.nc
ARGO_GDAC,pfl,aoml/4903250/profiles/D4903250_363.nc|2024-08-20T11:23:10Z|22.61321|-85.21316,aoml/4903250/profiles/D4903250_363.nc,4903250,4903250,22.61321,-85.21316,2024-08-20T11:23:10Z,20240820,2024,837,1.32,1663.24,19.6079,True,True,True,https://noaa-nws-rtofs-pds.s3.amazonaws.com/rtofs.20240820/rtofs_glo_3dz_f006_6hrly_hvr_US_east.nc
ARGO_GDAC,pfl,aoml/4903250/profiles/D4903250_363.nc|2024-08-20T11:23:10Z|22.61321|-85.21316,aoml/4903250/profiles/D4903250_363.nc,4903250,4903250,22.61321,-85.21316,2024-08-20T11:23:10Z,20240820,2024,920,1.16,99.96,19.34,True,True,True,https://noaa-nws-rtofs-pds.s3.amazonaws.com/rtofs.20240820/rtofs_glo_3dz_f006_6hrly_hvr_US_east.nc
ARGO_GDAC,pfl,aoml/4903250/profiles/D4903250_364.nc|2024-08-25T11:19:09Z|22.55686|-85.32874,aoml/4903250/profiles/D4903250_364.nc,4903250,4903250,22.55686,-85.32874,2024-08-25T11:19:09Z,20240825,2024,841,1.04,1671.44,43.4589,True,True,True,https://noaa-nws-rtofs-pds.s3.amazonaws.com/rtofs.20240825/rtofs_glo_3dz_f006_6hrly_hvr_US_east.nc
ARGO_GDAC,pfl,aoml/4903250/profiles/D4903250_364.nc|2024-08-25T11:19:09Z|22.55686|-85.32874,aoml/4903250/profiles/D4903250_364.nc,4903250,4903250,22.55686,-85.32874,2024-08-25T11:19:09Z,20240825,2024,903,0.64,99.92,43.42,True,True,True,https://noaa-nws-rtofs-pds.s3.amazonaws.com/rtofs.20240825/rtofs_glo_3dz_f006_6hrly_hvr_US_east.nc
ARGO_GDAC,pfl,aoml/4903250/profiles/D4903250_365.nc|2024-08-30T11:14:34Z|22.21867|-85.43604,aoml/4903250/profiles/D4903250_365.nc,4903250,4903250,22.21867,-85.43604,2024-08-30T11:14:34Z,20240830,2024,845,1.04,1679.64,32.0675,True,True,True,https://noaa-nws-rtofs-pds.s3.amazonaws.com/rtofs.20240830/rtofs_glo_3dz_f006_6hrly_hvr_US_east.nc
ARGO_GDAC,pfl,aoml/4903250/profiles/D4903250_365.nc|2024-08-30T11:14:34Z|22.21867|-85.43604,aoml/4903250/profiles/D4903250_365.nc,4903250,4903250,22.21867,-85.43604,2024-08-30T11:14:34Z,20240830,2024,872,0.68,100.0,32.0333,True,True,True,https://noaa-nws-rtofs-pds.s3.amazonaws.com/rtofs.20240830/rtofs_glo_3dz_f006_6hrly_hvr_US_east.nc
ARGO_GDAC,pfl,aoml/4903250/profiles/D4903250_366.nc|2024-09-04T11:20:28Z|22.00317|-85.34219,aoml/4903250/profiles/D4903250_366.nc,4903250,4903250,22.00317,-85.34219,2024-09-04T11:20:28Z,20240904,2024,851,1.0,1691.8,30.9072,True,True,True,https://noaa-nws-rtofs-pds.s3.amazonaws.com/rtofs.20240904/rtofs_glo_3dz_f006_6hrly_hvr_US_east.nc
ARGO_GDAC,pfl,aoml/4903250/profiles/D4903250_366.nc|2024-09-04T11:20:28Z|22.00317|-85.34219,aoml/4903250/profiles/D4903250_366.nc,4903250,4903250,22.00317,-85.34219,2024-09-04T11:20:28Z,20240904,2024,856,0.68,99.88,30.632,True,True,True,https://noaa-nws-rtofs-pds.s3.amazonaws.com/rtofs.20240904/rtofs_glo_3dz_f006_6hrly_hvr_US_east.nc
ARGO_GDAC,pfl,aoml/4903250/profiles/D4903250_367.nc|2024-09-09T11:17:43Z|21.99866|-85.19532,aoml/4903250/profiles/D4903250_367.nc,4903250,4903250,21.99866,-85.19532,2024-09-09T11:17:43Z,20240909,2024,831,1.08,1651.4,45.4287,True,True,True,https://noaa-nws-rtofs-pds.s3.amazonaws.com/rtofs.20240909/rtofs_glo_3dz_f006_6hrly_hvr_US_east.nc
ARGO_GDAC,pfl,aoml/4903250/profiles/D4903250_367.nc|2024-09-09T11:17:43Z|21.99866|-85.19532,aoml/4903250/profiles/D4903250_367.nc,4903250,4903250,21.99866,-85.19532,2024-09-09T11:17:43Z,20240909,2024,869,0.76,99.96,45.8533,True,True,True,https://noaa-nws-rtofs-pds.s3.amazonaws.com/rtofs.20240909/rtofs_glo_3dz_f006_6hrly_hvr_US_east.nc
ARGO_GDAC,pfl,aoml/4903250/profiles/D4903250_368.nc|2024-09-14T10:31:24Z|21.93921|-85.18879,aoml/4903250/profiles/D4903250_368.nc,4903250,4903250,21.93921,-85.18879,2024-09-14T10:31:24Z,20240914,2024,731,1.04,1451.32,21.4772,True,True,True,https://noaa-nws-rtofs-pds.s3.amazonaws.com/rtofs.20240914/rtofs_glo_3dz_f006_6hrly_hvr_US_east.nc
ARGO_GDAC,pfl,aoml/4903250/profiles/D4903250_368.nc|2024-09-14T10:31:24Z|21.93921|-85.18879,aoml/4903250/profiles/D4903250_368.nc,4903250,4903250,21.93921,-85.18879,2024-09-14T10:31:24Z,20240914,2024,939,0.68,99.96,21.32,True,True,True,https://noaa-nws-rtofs-pds.s3.amazonaws.com/rtofs.20240914/rtofs_glo_3dz_f006_6hrly_hvr_US_east.nc
ARGO_GDAC,pfl,aoml/4903250/profiles/D4903250_369.nc|2024-09-19T10:17:04Z|21.90962|-85.25832,aoml/4903250/profiles/D4903250_369.nc,4903250,4903250,21.90962,-85.25832,2024-09-19T10:17:04Z,20240919,2024,808,0.96,1605.28,40.7397,True,True,True,https://noaa-nws-rtofs-pds.s3.amazonaws.com/rtofs.20240919/rtofs_glo_3dz_f006_6hrly_hvr_US_east.nc
ARGO_GDAC,pfl,aoml/4903250/profiles/D4903250_369.nc|2024-09-19T10:17:04Z|21.90962|-85.25832,aoml/4903250/profiles/D4903250_369.nc,4903250,4903250,21.90962,-85.25832,2024-09-19T10:17:04Z,20240919,2024,925,0.6,99.96,40.96,True,True,True,https://noaa-nws-rtofs-pds.s3.amazonaws.com/rtofs.20240919/rtofs_glo_3dz_f006_6hrly_hvr_US_east.nc
ARGO_GDAC,pfl,aoml/4903250/profiles/D4903250_370.nc|2024-09-24T09:59:56Z|21.82604|-85.25702,aoml/4903250/profiles/D4903250_370.nc,4903250,4903250,21.82604,-85.25702,2024-09-24T09:59:56Z,20240924,2024,816,0.48,1619.32,41.4078,True,True,True,https://noaa-nws-rtofs-pds.s3.amazonaws.com/rtofs.20240924/rtofs_glo_3dz_f006_6hrly_hvr_US_east.nc
ARGO_GDAC,pfl,aoml/4903250/profiles/D4903250_370.nc|2024-09-24T09:59:56Z|21.82604|-85.25702,aoml/4903250/profiles/D4903250_370.nc,4903250,4903250,21.82604,-85.25702,2024-09-24T09:59:56Z,20240924,2024,929,0.48,99.92,41.4267,True,True,True,https://noaa-nws-rtofs-pds.s3.amazonaws.com/rtofs.20240924/rtofs_glo_3dz_f006_6hrly_hvr_US_east.nc
ARGO_GDAC,pfl,aoml/4903250/profiles/D4903250_371.nc|2024-09-29T09:51:12Z|21.62500|-85.18746,aoml/4903250/profiles/D4903250_371.nc,4903250,4903250,21.625,-85.18746,2024-09-29T09:51:12Z,20240929,2024,857,1.24,1703.36,59.6691,True,True,True,https://noaa-nws-rtofs-pds.s3.amazonaws.com/rtofs.20240929/rtofs_glo_3dz_f006_6hrly_hvr_US_east.nc
ARGO_GDAC,pfl,aoml/4903250/profiles/D4903250_371.nc|2024-09-29T09:51:12Z|21.62500|-85.18746,aoml/4903250/profiles/D4903250_371.nc,4903250,4903250,21.625,-85.18746,2024-09-29T09:51:12Z,20240929,2024,840,1.04,99.96,59.16,True,True,True,https://noaa-nws-rtofs-pds.s3.amazonaws.com/rtofs.20240929/rtofs_glo_3dz_f006_6hrly_hvr_US_east.nc
ARGO_GDAC,pfl,aoml/4903250/profiles/D4903250_372.nc|2024-10-04T09:41:07Z|21.71481|-85.06153,aoml/4903250/profiles/D4903250_372.nc,4903250,4903250,21.71481,-85.06153,2024-10-04T09:41:07Z,20241004,2024,819,0.44,1625.32,52.2255,True,True,True,https://noaa-nws-rtofs-pds.s3.amazonaws.com/rtofs.20241004/rtofs_glo_3dz_f006_6hrly_hvr_US_east.nc
ARGO_GDAC,pfl,aoml/4903250/profiles/D4903250_372.nc|2024-10-04T09:41:07Z|21.71481|-85.06153,aoml/4903250/profiles/D4903250_372.nc,4903250,4903250,21.71481,-85.06153,2024-10-04T09:41:07Z,20241004,2024,878,0.44,99.96,52.14,True,True,True,https://noaa-nws-rtofs-pds.s3.amazonaws.com/rtofs.20241004/rtofs_glo_3dz_f006_6hrly_hvr_US_east.nc
ARGO_GDAC,pfl,aoml/4903250/profiles/D4903250_373.nc|2024-10-09T09:40:55Z|21.56142|-84.98760,aoml/4903250/profiles/D4903250_373.nc,4903250,4903250,21.56142,-84.9876,2024-10-09T09:40:55Z,20241009,2024,842,1.08,1673.8,61.4093,True,True,True,https://noaa-nws-rtofs-pds.s3.amazonaws.com/rtofs.20241009/rtofs_glo_3dz_f006_6hrly_hvr_US_east.nc
ARGO_GDAC,pfl,aoml/4903250/profiles/D4903250_373.nc|2024-10-09T09:40:55Z|21.56142|-84.98760,aoml/4903250/profiles/D4903250_373.nc,4903250,4903250,21.56142,-84.9876,2024-10-09T09:40:55Z,20241009,2024,997,0.88,99.96,61.6109,True,True,True,https://noaa-nws-rtofs-pds.s3.amazonaws.com/rtofs.20241009/rtofs_glo_3dz_f006_6hrly_hvr_US_east.nc
ARGO_GDAC,pfl,aoml/4903250/profiles/D4903250_374.nc|2024-10-14T09:41:22Z|21.49641|-85.00440,aoml/4903250/profiles/D4903250_374.nc,4903250,4903250,21.49641,-85.0044,2024-10-14T09:41:22Z,20241014,2024,827,1.04,1643.52,54.8382,True,True,True,https://noaa-nws-rtofs-pds.s3.amazonaws.com/rtofs.20241014/rtofs_glo_3dz_f006_6hrly_hvr_US_east.nc
ARGO_GDAC,pfl,aoml/4903250/profiles/D4903250_374.nc|2024-10-14T09:41:22Z|21.49641|-85.00440,aoml/4903250/profiles/D4903250_374.nc,4903250,4903250,21.49641,-85.0044,2024-10-14T09:41:22Z,20241014,2024,928,0.64,99.92,55.94,True,True,True,https://noaa-nws-rtofs-pds.s3.amazonaws.com/rtofs.20241014/rtofs_glo_3dz_f006_6hrly_hvr_US_east.nc
ARGO_GDAC,pfl,aoml/4903250/profiles/D4903250_375.nc|2024-10-19T09:37:53Z|21.58217|-85.09828,aoml/4903250/profiles/D4903250_375.nc,4903250,4903250,21.58217,-85.09828,2024-10-19T09:37:53Z,20241019,2024,845,1.04,1679.48,72.9021,True,True,True,https://noaa-nws-rtofs-pds.s3.amazonaws.com/rtofs.20241019/rtofs_glo_3dz_f006_6hrly_hvr_US_east.nc
ARGO_GDAC,pfl,aoml/4903250/profiles/D4903250_375.nc|2024-10-19T09:37:53Z|21.58217|-85.09828,aoml/4903250/profiles/D4903250_375.nc,4903250,4903250,21.58217,-85.09828,2024-10-19T09:37:53Z,20241019,2024,884,0.6,100.0,73.1188,True,True,True,https://noaa-nws-rtofs-pds.s3.amazonaws.com/rtofs.20241019/rtofs_glo_3dz_f006_6hrly_hvr_US_east.nc
ARGO_GDAC,pfl,aoml/4903250/profiles/D4903250_376.nc|2024-10-24T09:17:57Z|21.88127|-85.13773,aoml/4903250/profiles/D4903250_376.nc,4903250,4903250,21.88127,-85.13773,2024-10-24T09:17:57Z,20241024,2024,776,1.04,1541.32,72.951,True,True,True,https://noaa-nws-rtofs-pds.s3.amazonaws.com/rtofs.20241024/rtofs_glo_3dz_f006_6hrly_hvr_US_east.nc
ARGO_GDAC,pfl,aoml/4903250/profiles/D4903250_376.nc|2024-10-24T09:17:57Z|21.88127|-85.13773,aoml/4903250/profiles/D4903250_376.nc,4903250,4903250,21.88127,-85.13773,2024-10-24T09:17:57Z,20241024,2024,955,0.6,99.96,73.1285,True,True,True,https://noaa-nws-rtofs-pds.s3.amazonaws.com/rtofs.20241024/rtofs_glo_3dz_f006_6hrly_hvr_US_east.nc
ARGO_GDAC,pfl,aoml/4903250/profiles/D4903250_377.nc|2024-10-29T08:46:06Z|21.89095|-85.17738,aoml/4903250/profiles/D4903250_377.nc,4903250,4903250,21.89095,-85.17738,2024-10-29T08:46:06Z,20241029,2024,742,1.32,1473.56,77.9093,True,True,True,https://noaa-nws-rtofs-pds.s3.amazonaws.com/rtofs.20241029/rtofs_glo_3dz_f006_6hrly_hvr_US_east.nc
ARGO_GDAC,pfl,aoml/4903250/profiles/D4903250_377.nc|2024-10-29T08:46:06Z|21.89095|-85.17738,aoml/4903250/profiles/D4903250_377.nc,4903250,4903250,21.89095,-85.17738,2024-10-29T08:46:06Z,20241029,2024,838,1.24,99.92,77.62,True,True,True,https://noaa-nws-rtofs-pds.s3.amazonaws.com/rtofs.20241029/rtofs_glo_3dz_f006_6hrly_hvr_US_east.nc
ARGO_GDAC,pfl,aoml/4903250/profiles/D4903250_378.nc|2024-11-03T08:45:26Z|21.71178|-85.24242,aoml/4903250/profiles/D4903250_378.nc,4903250,4903250,21.71178,-85.24242,2024-11-03T08:45:26Z,20241103,2024,859,1.0,1707.28,91.2166,True,True,True,https://noaa-nws-rtofs-pds.s3.amazonaws.com/rtofs.20241103/rtofs_glo_3dz_f006_6hrly_hvr_US_east.nc
ARGO_GDAC,pfl,aoml/4903250/profiles/D4903250_378.nc|2024-11-03T08:45:26Z|21.71178|-85.24242,aoml/4903250/profiles/D4903250_378.nc,4903250,4903250,21.71178,-85.24242,2024-11-03T08:45:26Z,20241103,2024,848,0.64,99.92,91.2373,True,True,True,https://noaa-nws-rtofs-pds.s3.amazonaws.com/rtofs.20241103/rtofs_glo_3dz_f006_6hrly_hvr_US_east.nc
ARGO_GDAC,pfl,aoml/4903250/profiles/D4903250_379.nc|2024-11-08T08:37:48Z|21.59357|-85.26227,aoml/4903250/profiles/D4903250_379.nc,4903250,4903250,21.59357,-85.26227,2024-11-08T08:37:48Z,20241108,2024,839,1.0,1667.12,84.4527,True,True,True,https://noaa-nws-rtofs-pds.s3.amazonaws.com/rtofs.20241108/rtofs_glo_3dz_f006_6hrly_hvr_US_east.nc
ARGO_GDAC,pfl,aoml/4903250/profiles/D4903250_379.nc|2024-11-08T08:37:48Z|21.59357|-85.26227,aoml/4903250/profiles/D4903250_379.nc,4903250,4903250,21.59357,-85.26227,2024-11-08T08:37:48Z,20241108,2024,811,0.64,99.96,85.016,True,True,True,https://noaa-nws-rtofs-pds.s3.amazonaws.com/rtofs.20241108/rtofs_glo_3dz_f006_6hrly_hvr_US_east.nc
ARGO_GDAC,pfl,aoml/4903250/profiles/D4903250_380.nc|2024-11-13T08:26:54Z|21.59276|-85.28461,aoml/4903250/profiles/D4903250_380.nc,4903250,4903250,21.59276,-85.28461,2024-11-13T08:26:54Z,20241113,2024,816,1.0,1621.64,78.5017,True,True,True,https://noaa-nws-rtofs-pds.s3.amazonaws.com/rtofs.20241113/rtofs_glo_3dz_f006_6hrly_hvr_US_east.nc
ARGO_GDAC,pfl,aoml/4903250/profiles/D4903250_380.nc|2024-11-13T08:26:54Z|21.59276|-85.28461,aoml/4903250/profiles/D4903250_380.nc,4903250,4903250,21.59276,-85.28461,2024-11-13T08:26:54Z,20241113,2024,929,0.56,99.88,78.3486,True,True,True,https://noaa-nws-rtofs-pds.s3.amazonaws.com/rtofs.20241113/rtofs_glo_3dz_f006_6hrly_hvr_US_east.nc
ARGO_GDAC,pfl,aoml/4903250/profiles/D4903250_381.nc|2024-11-18T08:13:14Z|21.48881|-85.36752,aoml/4903250/profiles/D4903250_381.nc,4903250,4903250,21.48881,-85.36752,2024-11-18T08:13:14Z,20241118,2024,830,1.08,1649.8,105.5621,True,False,True,https://noaa-nws-rtofs-pds.s3.amazonaws.com/rtofs.20241118/rtofs_glo_3dz_f006_6hrly_hvr_US_east.nc
ARGO_GDAC,pfl,aoml/4903250/profiles/D4903250_381.nc|2024-11-18T08:13:14Z|21.48881|-85.36752,aoml/4903250/profiles/D4903250_381.nc,4903250,4903250,21.48881,-85.36752,2024-11-18T08:13:14Z,20241118,2024,849,0.64,99.92,,False,False,True,https://noaa-nws-rtofs-pds.s3.amazonaws.com/rtofs.20241118/rtofs_glo_3dz_f006_6hrly_hvr_US_east.nc
ARGO_GDAC,pfl,aoml/4903250/profiles/D4903250_382.nc|2024-11-23T08:07:39Z|21.33113|-85.44331,aoml/4903250/profiles/D4903250_382.nc,4903250,4903250,21.33113,-85.44331,2024-11-23T08:07:39Z,20241123,2024,813,1.08,1615.28,111.0596,True,False,True,https://noaa-nws-rtofs-pds.s3.amazonaws.com/rtofs.20241123/rtofs_glo_3dz_f006_6hrly_hvr_US_east.nc
ARGO_GDAC,pfl,aoml/4903250/profiles/D4903250_382.nc|2024-11-23T08:07:39Z|21.33113|-85.44331,aoml/4903250/profiles/D4903250_382.nc,4903250,4903250,21.33113,-85.44331,2024-11-23T08:07:39Z,20241123,2024,886,0.68,99.96,,False,False,True,https://noaa-nws-rtofs-pds.s3.amazonaws.com/rtofs.20241123/rtofs_glo_3dz_f006_6hrly_hvr_US_east.nc
ARGO_GDAC,pfl,aoml/4903250/profiles/D4903250_383.nc|2024-11-28T08:11:03Z|21.21335|-85.56977,aoml/4903250/profiles/D4903250_383.nc,4903250,4903250,21.21335,-85.56977,2024-11-28T08:11:03Z,20241128,2024,842,1.0,1673.44,109.5905,True,False,True,https://noaa-nws-rtofs-pds.s3.amazonaws.com/rtofs.20241128/rtofs_glo_3dz_f006_6hrly_hvr_US_east.nc
ARGO_GDAC,pfl,aoml/4903250/profiles/D4903250_383.nc|2024-11-28T08:11:03Z|21.21335|-85.56977,aoml/4903250/profiles/D4903250_383.nc,4903250,4903250,21.21335,-85.56977,2024-11-28T08:11:03Z,20241128,2024,790,0.56,99.96,,False,False,True,https://noaa-nws-rtofs-pds.s3.amazonaws.com/rtofs.20241128/rtofs_glo_3dz_f006_6hrly_hvr_US_east.nc
ARGO_GDAC,pfl,aoml/4903250/profiles/D4903250_384.nc|2024-12-03T08:07:26Z|21.12567|-85.69164,aoml/4903250/profiles/D4903250_384.nc,4903250,4903250,21.12567,-85.69164,2024-12-03T08:07:26Z,20241203,2024,837,1.12,1663.4,118.3058,True,False,True,https://noaa-nws-rtofs-pds.s3.amazonaws.com/rtofs.20241203/rtofs_glo_3dz_f006_6hrly_hvr_US_east.nc
ARGO_GDAC,pfl,aoml/4903250/profiles/D4903250_384.nc|2024-12-03T08:07:26Z|21.12567|-85.69164,aoml/4903250/profiles/D4903250_384.nc,4903250,4903250,21.12567,-85.69164,2024-12-03T08:07:26Z,20241203,2024,797,0.76,99.92,,False,False,True,https://noaa-nws-rtofs-pds.s3.amazonaws.com/rtofs.20241203/rtofs_glo_3dz_f006_6hrly_hvr_US_east.nc
ARGO_GDAC,pfl,aoml/4903250/profiles/D4903250_385.nc|2024-12-08T08:03:39Z|20.88442|-85.76965,aoml/4903250/profiles/D4903250_385.nc,4903250,4903250,20.88442,-85.76965,2024-12-08T08:03:39Z,20241208,2024,832,1.04,1653.6,123.1159,True,False,True,https://noaa-nws-rtofs-pds.s3.amazonaws.com/rtofs.20241208/rtofs_glo_3dz_f006_6hrly_hvr_US_east.nc
ARGO_GDAC,pfl,aoml/4903250/profiles/D4903250_385.nc|2024-12-08T08:03:39Z|20.88442|-85.76965,aoml/4903250/profiles/D4903250_385.nc,4903250,4903250,20.88442,-85.76965,2024-12-08T08:03:39Z,20241208,2024,838,0.64,99.92,,False,False,True,https://noaa-nws-rtofs-pds.s3.amazonaws.com/rtofs.20241208/rtofs_glo_3dz_f006_6hrly_hvr_US_east.nc
ARGO_GDAC,pfl,aoml/4903250/profiles/D4903250_386.nc|2024-12-13T08:10:13Z|20.58671|-85.94686,aoml/4903250/profiles/D4903250_386.nc,4903250,4903250,20.58671,-85.94686,2024-12-13T08:10:13Z,20241213,2024,844,1.04,1677.52,124.3872,True,False,True,https://noaa-nws-rtofs-pds.s3.amazonaws.com/rtofs.20241213/rtofs_glo_3dz_f006_6hrly_hvr_US_east.nc
ARGO_GDAC,pfl,aoml/4903250/profiles/D4903250_386.nc|2024-12-13T08:10:13Z|20.58671|-85.94686,aoml/4903250/profiles/D4903250_386.nc,4903250,4903250,20.58671,-85.94686,2024-12-13T08:10:13Z,20241213,2024,804,0.56,99.96,,False,False,True,https://noaa-nws-rtofs-pds.s3.amazonaws.com/rtofs.20241213/rtofs_glo_3dz_f006_6hrly_hvr_US_east.nc
ARGO_GDAC,pfl,aoml/4903250/profiles/D4903250_387.nc|2024-12-18T08:06:27Z|20.25609|-86.09925,aoml/4903250/profiles/D4903250_387.nc,4903250,4903250,20.25609,-86.09925,2024-12-18T08:06:27Z,20241218,2024,838,1.0,1665.28,57.4701,True,True,True,https://noaa-nws-rtofs-pds.s3.amazonaws.com/rtofs.20241218/rtofs_glo_3dz_f006_6hrly_hvr_US_east.nc
ARGO_GDAC,pfl,aoml/4903250/profiles/D4903250_387.nc|2024-12-18T08:06:27Z|20.25609|-86.09925,aoml/4903250/profiles/D4903250_387.nc,4903250,4903250,20.25609,-86.09925,2024-12-18T08:06:27Z,20241218,2024,790,0.52,99.88,56.9599,True,True,True,https://noaa-nws-rtofs-pds.s3.amazonaws.com/rtofs.20241218/rtofs_glo_3dz_f006_6hrly_hvr_US_east.nc
ARGO_GDAC,pfl,aoml/4903250/profiles/D4903250_388.nc|2024-12-23T08:11:17Z|19.97913|-86.30539,aoml/4903250/profiles/D4903250_388.nc,4903250,4903250,19.97913,-86.30539,2024-12-23T08:11:17Z,20241223,2024,845,1.04,1679.48,90.9305,True,True,True,https://noaa-nws-rtofs-pds.s3.amazonaws.com/rtofs.20241223/rtofs_glo_3dz_f006_6hrly_hvr_US_east.nc
ARGO_GDAC,pfl,aoml/4903250/profiles/D4903250_388.nc|2024-12-23T08:11:17Z|19.97913|-86.30539,aoml/4903250/profiles/D4903250_388.nc,4903250,4903250,19.97913,-86.30539,2024-12-23T08:11:17Z,20241223,2024,823,0.6,99.92,90.3201,True,True,True,https://noaa-nws-rtofs-pds.s3.amazonaws.com/rtofs.20241223/rtofs_glo_3dz_f006_6hrly_hvr_US_east.nc
ARGO_GDAC,pfl,aoml/4903250/profiles/D4903250_389.nc|2024-12-28T08:12:17Z|19.36505|-86.55421,aoml/4903250/profiles/D4903250_389.nc,4903250,4903250,19.36505,-86.55421,2024-12-28T08:12:17Z,20241228,2024,846,1.04,1681.8,29.6999,True,True,True,https://noaa-nws-rtofs-pds.s3.amazonaws.com/rtofs.20241228/rtofs_glo_3dz_f006_6hrly_hvr_US_east.nc
ARGO_GDAC,pfl,aoml/4903250/profiles/D4903250_389.nc|2024-12-28T08:12:17Z|19.36505|-86.55421,aoml/4903250/profiles/D4903250_389.nc,4903250,4903250,19.36505,-86.55421,2024-12-28T08:12:17Z,20241228,2024,915,0.68,99.92,29.68,True,True,True,https://noaa-nws-rtofs-pds.s3.amazonaws.com/rtofs.20241228/rtofs_glo_3dz_f006_6hrly_hvr_US_east.nc
ARGO_GDAC,pfl,aoml/4903250/profiles/D4903250_390.nc|2025-01-02T08:06:52Z|19.09298|-86.87573,aoml/4903250/profiles/D4903250_390.nc,4903250,4903250,19.09298,-86.87573,2025-01-02T08:06:52Z,20250102,2025,843,1.0,1675.56,58.1951,True,True,True,https://noaa-nws-rtofs-pds.s3.amazonaws.com/rtofs.20250102/rtofs_glo_3dz_f006_6hrly_hvr_US_east.nc
ARGO_GDAC,pfl,aoml/4903250/profiles/D4903250_390.nc|2025-01-02T08:06:52Z|19.09298|-86.87573,aoml/4903250/profiles/D4903250_390.nc,4903250,4903250,19.09298,-86.87573,2025-01-02T08:06:52Z,20250102,2025,881,0.64,99.96,57.9599,True,True,True,https://noaa-nws-rtofs-pds.s3.amazonaws.com/rtofs.20250102/rtofs_glo_3dz_f006_6hrly_hvr_US_east.nc
ARGO_GDAC,pfl,aoml/4903250/profiles/D4903250_391.nc|2025-01-07T07:43:59Z|19.11447|-86.88367,aoml/4903250/profiles/D4903250_391.nc,4903250,4903250,19.11447,-86.88367,2025-01-07T07:43:59Z,20250107,2025,767,0.96,1523.68,72.4995,True,True,True,https://noaa-nws-rtofs-pds.s3.amazonaws.com/rtofs.20250107/rtofs_glo_3dz_f006_6hrly_hvr_US_east.nc
ARGO_GDAC,pfl,aoml/4903250/profiles/D4903250_391.nc|2025-01-07T07:43:59Z|19.11447|-86.88367,aoml/4903250/profiles/D4903250_391.nc,4903250,4903250,19.11447,-86.88367,2025-01-07T07:43:59Z,20250107,2025,894,0.52,99.92,73.04,True,True,True,https://noaa-nws-rtofs-pds.s3.amazonaws.com/rtofs.20250107/rtofs_glo_3dz_f006_6hrly_hvr_US_east.nc
ARGO_GDAC,pfl,aoml/4903250/profiles/D4903250_392.nc|2025-01-12T07:30:39Z|19.11344|-86.87437,aoml/4903250/profiles/D4903250_392.nc,4903250,4903250,19.11344,-86.87437,2025-01-12T07:30:39Z,20250112,2025,806,1.12,1601.52,69.4708,True,True,True,https://noaa-nws-rtofs-pds.s3.amazonaws.com/rtofs.20250112/rtofs_glo_3dz_f006_6hrly_hvr_US_east.nc
ARGO_GDAC,pfl,aoml/4903250/profiles/D4903250_392.nc|2025-01-12T07:30:39Z|19.11344|-86.87437,aoml/4903250/profiles/D4903250_392.nc,4903250,4903250,19.11344,-86.87437,2025-01-12T07:30:39Z,20250112,2025,868,0.72,100.0,68.9905,True,True,True,https://noaa-nws-rtofs-pds.s3.amazonaws.com/rtofs.20250112/rtofs_glo_3dz_f006_6hrly_hvr_US_east.nc
ARGO_GDAC,pfl,aoml/4903250/profiles/D4903250_393.nc|2025-01-17T07:25:30Z|19.12774|-86.88972,aoml/4903250/profiles/D4903250_393.nc,4903250,4903250,19.12774,-86.88972,2025-01-17T07:25:30Z,20250117,2025,819,1.0,1627.32,74.2904,True,True,True,https://noaa-nws-rtofs-pds.s3.amazonaws.com/rtofs.20250117/rtofs_glo_3dz_f006_6hrly_hvr_US_east.nc
ARGO_GDAC,pfl,aoml/4903250/profiles/D4903250_393.nc|2025-01-17T07:25:30Z|19.12774|-86.88972,aoml/4903250/profiles/D4903250_393.nc,4903250,4903250,19.12774,-86.88972,2025-01-17T07:25:30Z,20250117,2025,953,0.6,99.92,74.158,True,True,True,https://noaa-nws-rtofs-pds.s3.amazonaws.com/rtofs.20250117/rtofs_glo_3dz_f006_6hrly_hvr_US_east.nc
ARGO_GDAC,pfl,aoml/4903250/profiles/D4903250_394.nc|2025-01-22T07:08:54Z|19.12921|-86.89085,aoml/4903250/profiles/D4903250_394.nc,4903250,4903250,19.12921,-86.89085,2025-01-22T07:08:54Z,20250122,2025,779,1.04,1547.44,32.9591,True,True,True,https://noaa-nws-rtofs-pds.s3.amazonaws.com/rtofs.20250122/rtofs_glo_3dz_f006_6hrly_hvr_US_east.nc
ARGO_GDAC,pfl,aoml/4903250/profiles/D4903250_394.nc|2025-01-22T07:08:54Z|19.12921|-86.89085,aoml/4903250/profiles/D4903250_394.nc,4903250,4903250,19.12921,-86.89085,2025-01-22T07:08:54Z,20250122,2025,929,0.6,99.92,33.04,True,True,True,https://noaa-nws-rtofs-pds.s3.amazonaws.com/rtofs.20250122/rtofs_glo_3dz_f006_6hrly_hvr_US_east.nc
ARGO_GDAC,pfl,aoml/4903250/profiles/D4903250_395.nc|2025-01-27T07:09:35Z|18.94870|-86.83849,aoml/4903250/profiles/D4903250_395.nc,4903250,4903250,18.9487,-86.83849,2025-01-27T07:09:35Z,20250127,2025,843,0.96,1675.44,97.0437,True,True,True,https://noaa-nws-rtofs-pds.s3.amazonaws.com/rtofs.20250127/rtofs_glo_3dz_f006_6hrly_hvr_US_east.nc
ARGO_GDAC,pfl,aoml/4903250/profiles/D4903250_395.nc|2025-01-27T07:09:35Z|18.94870|-86.83849,aoml/4903250/profiles/D4903250_395.nc,4903250,4903250,18.9487,-86.83849,2025-01-27T07:09:35Z,20250127,2025,883,0.56,99.96,96.7493,True,True,True,https://noaa-nws-rtofs-pds.s3.amazonaws.com/rtofs.20250127/rtofs_glo_3dz_f006_6hrly_hvr_US_east.nc
ARGO_GDAC,pfl,aoml/4903250/profiles/D4903250_396.nc|2025-02-01T07:15:28Z|18.91061|-86.77747,aoml/4903250/profiles/D4903250_396.nc,4903250,4903250,18.91061,-86.77747,2025-02-01T07:15:28Z,20250201,2025,852,1.04,1693.8,79.0595,True,True,True,https://noaa-nws-rtofs-pds.s3.amazonaws.com/rtofs.20250201/rtofs_glo_3dz_f006_6hrly_hvr_US_east.nc
ARGO_GDAC,pfl,aoml/4903250/profiles/D4903250_396.nc|2025-02-01T07:15:28Z|18.91061|-86.77747,aoml/4903250/profiles/D4903250_396.nc,4903250,4903250,18.91061,-86.77747,2025-02-01T07:15:28Z,20250201,2025,901,0.64,100.0,78.9867,True,True,True,https://noaa-nws-rtofs-pds.s3.amazonaws.com/rtofs.20250201/rtofs_glo_3dz_f006_6hrly_hvr_US_east.nc
ARGO_GDAC,pfl,aoml/4903250/profiles/D4903250_397.nc|2025-02-06T07:22:22Z|18.96355|-86.87358,aoml/4903250/profiles/D4903250_397.nc,4903250,4903250,18.96355,-86.87358,2025-02-06T07:22:22Z,20250206,2025,847,1.04,1683.4,76.6233,True,True,True,https://noaa-nws-rtofs-pds.s3.amazonaws.com/rtofs.20250206/rtofs_glo_3dz_f006_6hrly_hvr_US_east.nc
ARGO_GDAC,pfl,aoml/4903250/profiles/D4903250_397.nc|2025-02-06T07:22:22Z|18.96355|-86.87358,aoml/4903250/profiles/D4903250_397.nc,4903250,4903250,18.96355,-86.87358,2025-02-06T07:22:22Z,20250206,2025,921,0.56,99.96,76.3543,True,True,True,https://noaa-nws-rtofs-pds.s3.amazonaws.com/rtofs.20250206/rtofs_glo_3dz_f006_6hrly_hvr_US_east.nc
ARGO_GDAC,pfl,aoml/4903250/profiles/D4903250_398.nc|2025-02-11T07:18:04Z|18.92018|-86.89353,aoml/4903250/profiles/D4903250_398.nc,4903250,4903250,18.92018,-86.89353,2025-02-11T07:18:04Z,20250211,2025,828,1.08,1645.08,83.9797,True,True,True,https://noaa-nws-rtofs-pds.s3.amazonaws.com/rtofs.20250211/rtofs_glo_3dz_f006_6hrly_hvr_US_east.nc
ARGO_GDAC,pfl,aoml/4903250/profiles/D4903250_398.nc|2025-02-11T07:18:04Z|18.92018|-86.89353,aoml/4903250/profiles/D4903250_398.nc,4903250,4903250,18.92018,-86.89353,2025-02-11T07:18:04Z,20250211,2025,982,0.64,99.92,83.864,True,True,True,https://noaa-nws-rtofs-pds.s3.amazonaws.com/rtofs.20250211/rtofs_glo_3dz_f006_6hrly_hvr_US_east.nc
ARGO_GDAC,pfl,aoml/4903250/profiles/D4903250_399.nc|2025-02-16T07:14:15Z|18.89142|-86.93607,aoml/4903250/profiles/D4903250_399.nc,4903250,4903250,18.89142,-86.93607,2025-02-16T07:14:15Z,20250216,2025,834,1.04,1657.32,59.4683,True,True,True,https://noaa-nws-rtofs-pds.s3.amazonaws.com/rtofs.20250216/rtofs_glo_3dz_f006_6hrly_hvr_US_east.nc
ARGO_GDAC,pfl,aoml/4903250/profiles/D4903250_399.nc|2025-02-16T07:14:15Z|18.89142|-86.93607,aoml/4903250/profiles/D4903250_399.nc,4903250,4903250,18.89142,-86.93607,2025-02-16T07:14:15Z,20250216,2025,922,0.6,99.92,59.904,True,True,True,https://noaa-nws-rtofs-pds.s3.amazonaws.com/rtofs.20250216/rtofs_glo_3dz_f006_6hrly_hvr_US_east.nc
ARGO_GDAC,pfl,aoml/4903250/profiles/D4903250_400.nc|2025-02-21T07:14:10Z|18.71668|-86.84002,aoml/4903250/profiles/D4903250_400.nc,4903250,4903250,18.71668,-86.84002,2025-02-21T07:14:10Z,20250221,2025,840,1.12,1669.56,79.0352,True,True,True,https://noaa-nws-rtofs-pds.s3.amazonaws.com/rtofs.20250221/rtofs_glo_3dz_f006_6hrly_hvr_US_east.nc
ARGO_GDAC,pfl,aoml/4903250/profiles/D4903250_400.nc|2025-02-21T07:14:10Z|18.71668|-86.84002,aoml/4903250/profiles/D4903250_400.nc,4903250,4903250,18.71668,-86.84002,2025-02-21T07:14:10Z,20250221,2025,878,0.76,99.96,79.16,True,True,True,https://noaa-nws-rtofs-pds.s3.amazonaws.com/rtofs.20250221/rtofs_glo_3dz_f006_6hrly_hvr_US_east.nc
ARGO_GDAC,pfl,aoml/4903250/profiles/D4903250_401.nc|2025-02-26T07:18:49Z|18.55904|-86.74671,aoml/4903250/profiles/D4903250_401.nc,4903250,4903250,18.55904,-86.74671,2025-02-26T07:18:49Z,20250226,2025,839,1.08,1667.72,65.7472,True,True,True,https://noaa-nws-rtofs-pds.s3.amazonaws.com/rtofs.20250226/rtofs_glo_3dz_f006_6hrly_hvr_US_east.nc
ARGO_GDAC,pfl,aoml/4903250/profiles/D4903250_401.nc|2025-02-26T07:18:49Z|18.55904|-86.74671,aoml/4903250/profiles/D4903250_401.nc,4903250,4903250,18.55904,-86.74671,2025-02-26T07:18:49Z,20250226,2025,1015,0.68,99.92,66.08,True,True,True,https://noaa-nws-rtofs-pds.s3.amazonaws.com/rtofs.20250226/rtofs_glo_3dz_f006_6hrly_hvr_US_east.nc
ARGO_GDAC,pfl,aoml/4903250/profiles/D4903250_402.nc|2025-03-03T07:23:14Z|18.49435|-86.61292,aoml/4903250/profiles/D4903250_402.nc,4903250,4903250,18.49435,-86.61292,2025-03-03T07:23:14Z,20250303,2025,833,1.04,1655.44,89.4288,True,True,True,https://noaa-nws-rtofs-pds.s3.amazonaws.com/rtofs.20250303/rtofs_glo_3dz_f006_6hrly_hvr_US_east.nc
ARGO_GDAC,pfl,aoml/4903250/profiles/D4903250_402.nc|2025-03-03T07:23:14Z|18.49435|-86.61292,aoml/4903250/profiles/D4903250_402.nc,4903250,4903250,18.49435,-86.61292,2025-03-03T07:23:14Z,20250303,2025,889,0.6,99.96,89.8801,True,True,True,https://noaa-nws-rtofs-pds.s3.amazonaws.com/rtofs.20250303/rtofs_glo_3dz_f006_6hrly_hvr_US_east.nc
ARGO_GDAC,pfl,aoml/4903250/profiles/D4903250_403.nc|2025-03-08T07:19:22Z|18.65301|-86.57936,aoml/4903250/profiles/D4903250_403.nc,4903250,4903250,18.65301,-86.57936,2025-03-08T07:19:22Z,20250308,2025,842,1.04,1673.28,54.7518,True,True,True,https://noaa-nws-rtofs-pds.s3.amazonaws.com/rtofs.20250308/rtofs_glo_3dz_f006_6hrly_hvr_US_east.nc
ARGO_GDAC,pfl,aoml/4903250/profiles/D4903250_403.nc|2025-03-08T07:19:22Z|18.65301|-86.57936,aoml/4903250/profiles/D4903250_403.nc,4903250,4903250,18.65301,-86.57936,2025-03-08T07:19:22Z,20250308,2025,901,0.6,99.96,54.16,True,True,True,https://noaa-nws-rtofs-pds.s3.amazonaws.com/rtofs.20250308/rtofs_glo_3dz_f006_6hrly_hvr_US_east.nc
ARGO_GDAC,pfl,aoml/4903250/profiles/D4903250_404.nc|2025-03-13T07:24:53Z|18.78098|-86.77472,aoml/4903250/profiles/D4903250_404.nc,4903250,4903250,18.78098,-86.77472,2025-03-13T07:24:53Z,20250313,2025,848,1.0,1685.24,52.2273,True,True,True,https://noaa-nws-rtofs-pds.s3.amazonaws.com/rtofs.20250313/rtofs_glo_3dz_f006_6hrly_hvr_US_east.nc
ARGO_GDAC,pfl,aoml/4903250/profiles/D4903250_404.nc|2025-03-13T07:24:53Z|18.78098|-86.77472,aoml/4903250/profiles/D4903250_404.nc,4903250,4903250,18.78098,-86.77472,2025-03-13T07:24:53Z,20250313,2025,827,0.56,99.92,51.92,True,True,True,https://noaa-nws-rtofs-pds.s3.amazonaws.com/rtofs.20250313/rtofs_glo_3dz_f006_6hrly_hvr_US_east.nc
ARGO_GDAC,pfl,aoml/4903250/profiles/D4903250_405.nc|2025-03-18T07:22:57Z|18.82281|-86.95508,aoml/4903250/profiles/D4903250_405.nc,4903250,4903250,18.82281,-86.95508,2025-03-18T07:22:57Z,20250318,2025,844,1.0,1677.2,63.3294,True,True,True,https://noaa-nws-rtofs-pds.s3.amazonaws.com/rtofs.20250318/rtofs_glo_3dz_f006_6hrly_hvr_US_east.nc
ARGO_GDAC,pfl,aoml/4903250/profiles/D4903250_405.nc|2025-03-18T07:22:57Z|18.82281|-86.95508,aoml/4903250/profiles/D4903250_405.nc,4903250,4903250,18.82281,-86.95508,2025-03-18T07:22:57Z,20250318,2025,856,0.68,100.0,63.25,True,True,True,https://noaa-nws-rtofs-pds.s3.amazonaws.com/rtofs.20250318/rtofs_glo_3dz_f006_6hrly_hvr_US_east.nc
ARGO_GDAC,pfl,aoml/4903250/profiles/D4903250_406.nc|2025-03-23T07:25:22Z|18.87017|-86.96810,aoml/4903250/profiles/D4903250_406.nc,4903250,4903250,18.87017,-86.9681,2025-03-23T07:25:22Z,20250323,2025,839,1.04,1667.32,74.5247,True,True,True,https://noaa-nws-rtofs-pds.s3.amazonaws.com/rtofs.20250323/rtofs_glo_3dz_f006_6hrly_hvr_US_east.nc
ARGO_GDAC,pfl,aoml/4903250/profiles/D4903250_406.nc|2025-03-23T07:25:22Z|18.87017|-86.96810,aoml/4903250/profiles/D4903250_406.nc,4903250,4903250,18.87017,-86.9681,2025-03-23T07:25:22Z,20250323,2025,831,0.72,99.96,74.864,True,True,True,https://noaa-nws-rtofs-pds.s3.amazonaws.com/rtofs.20250323/rtofs_glo_3dz_f006_6hrly_hvr_US_east.nc
ARGO_GDAC,pfl,aoml/4903250/profiles/D4903250_407.nc|2025-03-28T07:26:56Z|18.95351|-87.00609,aoml/4903250/profiles/D4903250_407.nc,4903250,4903250,18.95351,-87.00609,2025-03-28T07:26:56Z,20250328,2025,852,1.08,1693.72,74.0728,True,True,True,https://noaa-nws-rtofs-pds.s3.amazonaws.com/rtofs.20250328/rtofs_glo_3dz_f006_6hrly_hvr_US_east.nc
ARGO_GDAC,pfl,aoml/4903250/profiles/D4903250_407.nc|2025-03-28T07:26:56Z|18.95351|-87.00609,aoml/4903250/profiles/D4903250_407.nc,4903250,4903250,18.95351,-87.00609,2025-03-28T07:26:56Z,20250328,2025,881,0.68,99.96,73.928,True,True,True,https://noaa-nws-rtofs-pds.s3.amazonaws.com/rtofs.20250328/rtofs_glo_3dz_f006_6hrly_hvr_US_east.nc
ARGO_GDAC,pfl,aoml/4903250/profiles/D4903250_408.nc|2025-04-02T07:14:36Z|19.04102|-86.95761,aoml/4903250/profiles/D4903250_408.nc,4903250,4903250,19.04102,-86.95761,2025-04-02T07:14:36Z,20250402,2025,814,1.0,1617.24,60.3814,True,True,True,https://noaa-nws-rtofs-pds.s3.amazonaws.com/rtofs.20250402/rtofs_glo_3dz_f006_6hrly_hvr_US_east.nc
ARGO_GDAC,pfl,aoml/4903250/profiles/D4903250_408.nc|2025-04-02T07:14:36Z|19.04102|-86.95761,aoml/4903250/profiles/D4903250_408.nc,4903250,4903250,19.04102,-86.95761,2025-04-02T07:14:36Z,20250402,2025,905,0.56,99.96,60.4667,True,True,True,https://noaa-nws-rtofs-pds.s3.amazonaws.com/rtofs.20250402/rtofs_glo_3dz_f006_6hrly_hvr_US_east.nc
ARGO_GDAC,pfl,aoml/4903250/profiles/D4903250_412.nc|2025-04-22T22:22:05Z|20.84945|-86.79405,aoml/4903250/profiles/D4903250_412.nc,4903250,4903250,20.84945,-86.79405,2025-04-22T22:22:05Z,20250422,2025,154,1.0,298.08,41.5887,True,True,True,https://noaa-nws-rtofs-pds.s3.amazonaws.com/rtofs.20250422/rtofs_glo_3dz_f006_6hrly_hvr_US_east.nc
ARGO_GDAC,pfl,aoml/4903250/profiles/D4903250_412.nc|2025-04-22T22:22:05Z|20.84945|-86.79405,aoml/4903250/profiles/D4903250_412.nc,4903250,4903250,20.84945,-86.79405,2025-04-22T22:22:05Z,20250422,2025,1000,0.52,99.92,41.7399,True,True,True,https://noaa-nws-rtofs-pds.s3.amazonaws.com/rtofs.20250422/rtofs_glo_3dz_f006_6hrly_hvr_US_east.nc
ARGO_GDAC,pfl,aoml/4903250/profiles/D4903250_413.nc|2025-04-27T19:16:34Z|20.88998|-86.76366,aoml/4903250/profiles/D4903250_413.nc,4903250,4903250,20.88998,-86.76366,2025-04-27T19:16:34Z,20250427,2025,156,0.96,301.92,30.3604,True,True,True,https://noaa-nws-rtofs-pds.s3.amazonaws.com/rtofs.20250427/rtofs_glo_3dz_f006_6hrly_hvr_US_east.nc
ARGO_GDAC,pfl,aoml/4903250/profiles/D4903250_413.nc|2025-04-27T19:16:34Z|20.88998|-86.76366,aoml/4903250/profiles/D4903250_413.nc,4903250,4903250,20.88998,-86.76366,2025-04-27T19:16:34Z,20250427,2025,885,0.6,99.96,30.2533,True,True,True,https://noaa-nws-rtofs-pds.s3.amazonaws.com/rtofs.20250427/rtofs_glo_3dz_f006_6hrly_hvr_US_east.nc
ARGO_GDAC,pfl,aoml/4903250/profiles/D4903250_414.nc|2025-05-02T16:21:39Z|20.91554|-86.73675,aoml/4903250/profiles/D4903250_414.nc,4903250,4903250,20.91554,-86.73675,2025-05-02T16:21:39Z,20250502,2025,196,1.04,382.2,46.2447,True,True,True,https://noaa-nws-rtofs-pds.s3.amazonaws.com/rtofs.20250502/rtofs_glo_3dz_f006_6hrly_hvr_US_east.nc
ARGO_GDAC,pfl,aoml/4903250/profiles/D4903250_414.nc|2025-05-02T16:21:39Z|20.91554|-86.73675,aoml/4903250/profiles/D4903250_414.nc,4903250,4903250,20.91554,-86.73675,2025-05-02T16:21:39Z,20250502,2025,997,0.56,99.96,46.576,True,True,True,https://noaa-nws-rtofs-pds.s3.amazonaws.com/rtofs.20250502/rtofs_glo_3dz_f006_6hrly_hvr_US_east.nc
ARGO_GDAC,pfl,aoml/4903250/profiles/D4903250_415.nc|2025-05-07T05:52:01Z|20.99228|-86.67903,aoml/4903250/profiles/D4903250_415.nc,4903250,4903250,20.99228,-86.67903,2025-05-07T05:52:01Z,20250507,2025,154,1.0,298.32,31.5947,True,True,True,https://noaa-nws-rtofs-pds.s3.amazonaws.com/rtofs.20250507/rtofs_glo_3dz_f006_6hrly_hvr_US_east.nc
ARGO_GDAC,pfl,aoml/4903250/profiles/D4903250_415.nc|2025-05-07T05:52:01Z|20.99228|-86.67903,aoml/4903250/profiles/D4903250_415.nc,4903250,4903250,20.99228,-86.67903,2025-05-07T05:52:01Z,20250507,2025,1002,0.64,99.88,31.5688,True,True,True,https://noaa-nws-rtofs-pds.s3.amazonaws.com/rtofs.20250507/rtofs_glo_3dz_f006_6hrly_hvr_US_east.nc
ARGO_GDAC,pfl,aoml/4903250/profiles/D4903250_416.nc|2025-05-11T19:25:11Z|20.93834|-86.67206,aoml/4903250/profiles/D4903250_416.nc,4903250,4903250,20.93834,-86.67206,2025-05-11T19:25:11Z,20250511,2025,208,1.04,405.48,21.136,True,True,True,https://noaa-nws-rtofs-pds.s3.amazonaws.com/rtofs.20250511/rtofs_glo_3dz_f006_6hrly_hvr_US_east.nc
ARGO_GDAC,pfl,aoml/4903250/profiles/D4903250_416.nc|2025-05-11T19:25:11Z|20.93834|-86.67206,aoml/4903250/profiles/D4903250_416.nc,4903250,4903250,20.93834,-86.67206,2025-05-11T19:25:11Z,20250511,2025,903,0.64,99.96,21.12,True,True,True,https://noaa-nws-rtofs-pds.s3.amazonaws.com/rtofs.20250511/rtofs_glo_3dz_f006_6hrly_hvr_US_east.nc
ARGO_GDAC,pfl,aoml/4903250/profiles/D4903250_418.nc|2025-05-21T01:33:34Z|24.82177|-88.13252,aoml/4903250/profiles/D4903250_418.nc,4903250,4903250,24.82177,-88.13252,2025-05-21T01:33:34Z,20250521,2025,134,1.0,257.6,23.9568,True,True,True,https://noaa-nws-rtofs-pds.s3.amazonaws.com/rtofs.20250521/rtofs_glo_3dz_f006_6hrly_hvr_US_east.nc
ARGO_GDAC,pfl,aoml/4903250/profiles/D4903250_418.nc|2025-05-21T01:33:34Z|24.82177|-88.13252,aoml/4903250/profiles/D4903250_418.nc,4903250,4903250,24.82177,-88.13252,2025-05-21T01:33:34Z,20250521,2025,894,0.56,99.96,24.0267,True,True,True,https://noaa-nws-rtofs-pds.s3.amazonaws.com/rtofs.20250521/rtofs_glo_3dz_f006_6hrly_hvr_US_east.nc
ARGO_GDAC,pfl,aoml/4903250/profiles/D4903250_419.nc|2025-05-23T05:22:48Z|25.45233|-88.06664,aoml/4903250/profiles/D4903250_419.nc,4903250,4903250,25.45233,-88.06664,2025-05-23T05:22:48Z,20250523,2025,219,1.0,427.68,23.517,True,True,True,https://noaa-nws-rtofs-pds.s3.amazonaws.com/rtofs.20250523/rtofs_glo_3dz_f006_6hrly_hvr_US_east.nc
ARGO_GDAC,pfl,aoml/4903250/profiles/D4903250_419.nc|2025-05-23T05:22:48Z|25.45233|-88.06664,aoml/4903250/profiles/D4903250_419.nc,4903250,4903250,25.45233,-88.06664,2025-05-23T05:22:48Z,20250523,2025,899,0.52,99.92,23.1,True,True,True,https://noaa-nws-rtofs-pds.s3.amazonaws.com/rtofs.20250523/rtofs_glo_3dz_f006_6hrly_hvr_US_east.nc
ARGO_GDAC,pfl,aoml/4903250/profiles/D4903250_420.nc|2025-05-25T09:06:44Z|26.28751|-87.17775,aoml/4903250/profiles/D4903250_420.nc,4903250,4903250,26.28751,-87.17775,2025-05-25T09:06:44Z,20250525,2025,213,0.96,415.36,28.572,True,True,True,https://noaa-nws-rtofs-pds.s3.amazonaws.com/rtofs.20250525/rtofs_glo_3dz_f006_6hrly_hvr_US_east.nc
ARGO_GDAC,pfl,aoml/4903250/profiles/D4903250_420.nc|2025-05-25T09:06:44Z|26.28751|-87.17775,aoml/4903250/profiles/D4903250_420.nc,4903250,4903250,26.28751,-87.17775,2025-05-25T09:06:44Z,20250525,2025,861,0.56,99.96,28.864,True,True,True,https://noaa-nws-rtofs-pds.s3.amazonaws.com/rtofs.20250525/rtofs_glo_3dz_f006_6hrly_hvr_US_east.nc
ARGO_GDAC,pfl,aoml/4903250/profiles/D4903250_423.nc|2025-06-08T18:19:38Z|25.30663|-86.36271,aoml/4903250/profiles/D4903250_423.nc,4903250,4903250,25.30663,-86.36271,2025-06-08T18:19:38Z,20250608,2025,993,1.04,1975.92,28.6214,True,True,True,https://noaa-nws-rtofs-pds.s3.amazonaws.com/rtofs.20250608/rtofs_glo_3dz_f006_6hrly_hvr_US_east.nc
ARGO_GDAC,pfl,aoml/4903250/profiles/D4903250_423.nc|2025-06-08T18:19:38Z|25.30663|-86.36271,aoml/4903250/profiles/D4903250_423.nc,4903250,4903250,25.30663,-86.36271,2025-06-08T18:19:38Z,20250608,2025,837,0.64,99.88,28.8542,True,True,True,https://noaa-nws-rtofs-pds.s3.amazonaws.com/rtofs.20250608/rtofs_glo_3dz_f006_6hrly_hvr_US_east.nc
ARGO_GDAC,pfl,aoml/4903250/profiles/D4903250_424.nc|2025-06-13T19:33:58Z|24.78165|-86.64803,aoml/4903250/profiles/D4903250_424.nc,4903250,4903250,24.78165,-86.64803,2025-06-13T19:33:58Z,20250613,2025,993,1.04,1975.28,18.5171,True,True,True,https://noaa-nws-rtofs-pds.s3.amazonaws.com/rtofs.20250613/rtofs_glo_3dz_f006_6hrly_hvr_US_east.nc
ARGO_GDAC,pfl,aoml/4903250/profiles/D4903250_424.nc|2025-06-13T19:33:58Z|24.78165|-86.64803,aoml/4903250/profiles/D4903250_424.nc,4903250,4903250,24.78165,-86.64803,2025-06-13T19:33:58Z,20250613,2025,905,0.72,99.88,18.8364,True,True,True,https://noaa-nws-rtofs-pds.s3.amazonaws.com/rtofs.20250613/rtofs_glo_3dz_f006_6hrly_hvr_US_east.nc
ARGO_GDAC,pfl,aoml/4903250/profiles/D4903250_425.nc|2025-06-18T20:44:06Z|24.79359|-86.86160,aoml/4903250/profiles/D4903250_425.nc,4903250,4903250,24.79359,-86.8616,2025-06-18T20:44:06Z,20250618,2025,984,1.08,1957.64,24.7935,True,True,True,https://noaa-nws-rtofs-pds.s3.amazonaws.com/rtofs.20250618/rtofs_glo_3dz_f006_6hrly_hvr_US_east.nc
ARGO_GDAC,pfl,aoml/4903250/profiles/D4903250_425.nc|2025-06-18T20:44:06Z|24.79359|-86.86160,aoml/4903250/profiles/D4903250_425.nc,4903250,4903250,24.79359,-86.8616,2025-06-18T20:44:06Z,20250618,2025,837,0.72,99.96,25.1315,True,True,True,https://noaa-nws-rtofs-pds.s3.amazonaws.com/rtofs.20250618/rtofs_glo_3dz_f006_6hrly_hvr_US_east.nc
ARGO_GDAC,pfl,aoml/4903250/profiles/D4903250_426.nc|2025-06-23T22:02:50Z|24.90976|-87.02735,aoml/4903250/profiles/D4903250_426.nc,4903250,4903250,24.90976,-87.02735,2025-06-23T22:02:50Z,20250623,2025,990,1.04,1969.6,22.6847,True,True,True,https://noaa-nws-rtofs-pds.s3.amazonaws.com/rtofs.20250623/rtofs_glo_3dz_f006_6hrly_hvr_US_east.nc
ARGO_GDAC,pfl,aoml/4903250/profiles/D4903250_426.nc|2025-06-23T22:02:50Z|24.90976|-87.02735,aoml/4903250/profiles/D4903250_426.nc,4903250,4903250,24.90976,-87.02735,2025-06-23T22:02:50Z,20250623,2025,897,0.6,99.92,23.1638,True,True,True,https://noaa-nws-rtofs-pds.s3.amazonaws.com/rtofs.20250623/rtofs_glo_3dz_f006_6hrly_hvr_US_east.nc
ARGO_GDAC,pfl,aoml/4903250/profiles/D4903250_427.nc|2025-06-28T23:23:58Z|24.91798|-86.96204,aoml/4903250/profiles/D4903250_427.nc,4903250,4903250,24.91798,-86.96204,2025-06-28T23:23:58Z,20250628,2025,988,1.0,1965.68,39.6042,True,True,True,https://noaa-nws-rtofs-pds.s3.amazonaws.com/rtofs.20250628/rtofs_glo_3dz_f006_6hrly_hvr_US_east.nc
ARGO_GDAC,pfl,aoml/4903250/profiles/D4903250_427.nc|2025-06-28T23:23:58Z|24.91798|-86.96204,aoml/4903250/profiles/D4903250_427.nc,4903250,4903250,24.91798,-86.96204,2025-06-28T23:23:58Z,20250628,2025,934,0.56,99.96,40.2089,True,True,True,https://noaa-nws-rtofs-pds.s3.amazonaws.com/rtofs.20250628/rtofs_glo_3dz_f006_6hrly_hvr_US_east.nc
ARGO_GDAC,pfl,aoml/4903250/profiles/D4903250_428.nc|2025-07-04T00:39:15Z|24.68988|-86.35959,aoml/4903250/profiles/D4903250_428.nc,4903250,4903250,24.68988,-86.35959,2025-07-04T00:39:15Z,20250704,2025,988,1.04,1965.32,25.7868,True,True,True,https://noaa-nws-rtofs-pds.s3.amazonaws.com/rtofs.20250704/rtofs_glo_3dz_f006_6hrly_hvr_US_east.nc
ARGO_GDAC,pfl,aoml/4903250/profiles/D4903250_428.nc|2025-07-04T00:39:15Z|24.68988|-86.35959,aoml/4903250/profiles/D4903250_428.nc,4903250,4903250,24.68988,-86.35959,2025-07-04T00:39:15Z,20250704,2025,906,0.64,99.92,26.2521,True,True,True,https://noaa-nws-rtofs-pds.s3.amazonaws.com/rtofs.20250704/rtofs_glo_3dz_f006_6hrly_hvr_US_east.nc
ARGO_GDAC,pfl,aoml/4903250/profiles/D4903250_429.nc|2025-07-09T01:50:41Z|24.79361|-85.60468,aoml/4903250/profiles/D4903250_429.nc,4903250,4903250,24.79361,-85.60468,2025-07-09T01:50:41Z,20250709,2025,955,1.0,1899.28,35.3087,True,True,True,https://noaa-nws-rtofs-pds.s3.amazonaws.com/rtofs.20250709/rtofs_glo_3dz_f006_6hrly_hvr_US_east.nc
ARGO_GDAC,pfl,aoml/4903250/profiles/D4903250_429.nc|2025-07-09T01:50:41Z|24.79361|-85.60468,aoml/4903250/profiles/D4903250_429.nc,4903250,4903250,24.79361,-85.60468,2025-07-09T01:50:41Z,20250709,2025,899,0.56,99.92,35.9853,True,True,True,https://noaa-nws-rtofs-pds.s3.amazonaws.com/rtofs.20250709/rtofs_glo_3dz_f006_6hrly_hvr_US_east.nc
ARGO_GDAC,pfl,aoml/4903250/profiles/D4903250_430.nc|2025-07-14T03:02:46Z|25.80610|-85.66261,aoml/4903250/profiles/D4903250_430.nc,4903250,4903250,25.8061,-85.66261,2025-07-14T03:02:46Z,20250714,2025,982,1.0,1953.84,15.9573,True,True,True,https://noaa-nws-rtofs-pds.s3.amazonaws.com/rtofs.20250714/rtofs_glo_3dz_f006_6hrly_hvr_US_east.nc
ARGO_GDAC,pfl,aoml/4903250/profiles/D4903250_430.nc|2025-07-14T03:02:46Z|25.80610|-85.66261,aoml/4903250/profiles/D4903250_430.nc,4903250,4903250,25.8061,-85.66261,2025-07-14T03:02:46Z,20250714,2025,993,0.6,99.92,15.9,True,True,True,https://noaa-nws-rtofs-pds.s3.amazonaws.com/rtofs.20250714/rtofs_glo_3dz_f006_6hrly_hvr_US_east.nc
ARGO_GDAC,pfl,aoml/4903250/profiles/D4903250_431.nc|2025-07-19T04:14:39Z|26.11568|-86.87949,aoml/4903250/profiles/D4903250_431.nc,4903250,4903250,26.11568,-86.87949,2025-07-19T04:14:39Z,20250719,2025,982,1.04,1953.88,22.2072,True,True,True,https://noaa-nws-rtofs-pds.s3.amazonaws.com/rtofs.20250719/rtofs_glo_3dz_f006_6hrly_hvr_US_east.nc
ARGO_GDAC,pfl,aoml/4903250/profiles/D4903250_431.nc|2025-07-19T04:14:39Z|26.11568|-86.87949,aoml/4903250/profiles/D4903250_431.nc,4903250,4903250,26.11568,-86.87949,2025-07-19T04:14:39Z,20250719,2025,858,0.64,99.96,22.2,True,True,True,https://noaa-nws-rtofs-pds.s3.amazonaws.com/rtofs.20250719/rtofs_glo_3dz_f006_6hrly_hvr_US_east.nc
ARGO_GDAC,pfl,aoml/4903250/profiles/D4903250_432.nc|2025-07-24T05:30:11Z|26.16495|-87.39744,aoml/4903250/profiles/D4903250_432.nc,4903250,4903250,26.16495,-87.39744,2025-07-24T05:30:11Z,20250724,2025,977,0.96,1943.0,33.6049,True,True,True,https://noaa-nws-rtofs-pds.s3.amazonaws.com/rtofs.20250724/rtofs_glo_3dz_f006_6hrly_hvr_US_east.nc
ARGO_GDAC,pfl,aoml/4903250/profiles/D4903250_432.nc|2025-07-24T05:30:11Z|26.16495|-87.39744,aoml/4903250/profiles/D4903250_432.nc,4903250,4903250,26.16495,-87.39744,2025-07-24T05:30:11Z,20250724,2025,892,0.52,99.96,33.8,True,True,True,https://noaa-nws-rtofs-pds.s3.amazonaws.com/rtofs.20250724/rtofs_glo_3dz_f006_6hrly_hvr_US_east.nc
ARGO_GDAC,pfl,aoml/4903250/profiles/D4903250_433.nc|2025-07-29T06:46:19Z|26.18306|-87.24529,aoml/4903250/profiles/D4903250_433.nc,4903250,4903250,26.18306,-87.24529,2025-07-29T06:46:19Z,20250729,2025,969,1.0,1927.6,28.766,True,True,True,https://noaa-nws-rtofs-pds.s3.amazonaws.com/rtofs.20250729/rtofs_glo_3dz_f006_6hrly_hvr_US_east.nc
ARGO_GDAC,pfl,aoml/4903250/profiles/D4903250_433.nc|2025-07-29T06:46:19Z|26.18306|-87.24529,aoml/4903250/profiles/D4903250_433.nc,4903250,4903250,26.18306,-87.24529,2025-07-29T06:46:19Z,20250729,2025,887,0.56,99.92,29.6267,True,True,True,https://noaa-nws-rtofs-pds.s3.amazonaws.com/rtofs.20250729/rtofs_glo_3dz_f006_6hrly_hvr_US_east.nc
ARGO_GDAC,pfl,aoml/4903250/profiles/D4903250_434.nc|2025-08-03T08:08:28Z|26.30233|-87.52484,aoml/4903250/profiles/D4903250_434.nc,4903250,4903250,26.30233,-87.52484,2025-08-03T08:08:28Z,20250803,2025,982,1.0,1953.56,16.1439,True,True,True,https://noaa-nws-rtofs-pds.s3.amazonaws.com/rtofs.20250803/rtofs_glo_3dz_f006_6hrly_hvr_US_east.nc
ARGO_GDAC,pfl,aoml/4903250/profiles/D4903250_434.nc|2025-08-03T08:08:28Z|26.30233|-87.52484,aoml/4903250/profiles/D4903250_434.nc,4903250,4903250,26.30233,-87.52484,2025-08-03T08:08:28Z,20250803,2025,863,0.6,99.92,18.1467,True,True,True,https://noaa-nws-rtofs-pds.s3.amazonaws.com/rtofs.20250803/rtofs_glo_3dz_f006_6hrly_hvr_US_east.nc
ARGO_GDAC,pfl,aoml/4903250/profiles/D4903250_435.nc|2025-08-08T09:27:09Z|26.62130|-87.53356,aoml/4903250/profiles/D4903250_435.nc,4903250,4903250,26.6213,-87.53356,2025-08-08T09:27:09Z,20250808,2025,975,1.08,1939.4,16.9897,True,True,True,https://noaa-nws-rtofs-pds.s3.amazonaws.com/rtofs.20250808/rtofs_glo_3dz_f006_6hrly_hvr_US_east.nc
ARGO_GDAC,pfl,aoml/4903250/profiles/D4903250_435.nc|2025-08-08T09:27:09Z|26.62130|-87.53356,aoml/4903250/profiles/D4903250_435.nc,4903250,4903250,26.6213,-87.53356,2025-08-08T09:27:09Z,20250808,2025,874,0.68,99.96,16.8982,True,True,True,https://noaa-nws-rtofs-pds.s3.amazonaws.com/rtofs.20250808/rtofs_glo_3dz_f006_6hrly_hvr_US_east.nc
ARGO_GDAC,pfl,aoml/4903250/profiles/D4903250_436.nc|2025-08-13T10:39:08Z|27.09500|-87.12575,aoml/4903250/profiles/D4903250_436.nc,4903250,4903250,27.095,-87.12575,2025-08-13T10:39:08Z,20250813,2025,990,1.0,1969.24,33.5022,True,True,True,https://noaa-nws-rtofs-pds.s3.amazonaws.com/rtofs.20250813/rtofs_glo_3dz_f006_6hrly_hvr_US_east.nc
ARGO_GDAC,pfl,aoml/4903250/profiles/D4903250_436.nc|2025-08-13T10:39:08Z|27.09500|-87.12575,aoml/4903250/profiles/D4903250_436.nc,4903250,4903250,27.095,-87.12575,2025-08-13T10:39:08Z,20250813,2025,938,0.52,99.96,33.7323,True,True,True,https://noaa-nws-rtofs-pds.s3.amazonaws.com/rtofs.20250813/rtofs_glo_3dz_f006_6hrly_hvr_US_east.nc
ARGO_GDAC,pfl,aoml/4903250/profiles/D4903250_437.nc|2025-08-18T11:49:46Z|27.09920|-86.77297,aoml/4903250/profiles/D4903250_437.nc,4903250,4903250,27.0992,-86.77297,2025-08-18T11:49:46Z,20250818,2025,969,1.0,1927.32,27.2325,True,True,True,https://noaa-nws-rtofs-pds.s3.amazonaws.com/rtofs.20250818/rtofs_glo_3dz_f006_6hrly_hvr_US_east.nc
ARGO_GDAC,pfl,aoml/4903250/profiles/D4903250_437.nc|2025-08-18T11:49:46Z|27.09920|-86.77297,aoml/4903250/profiles/D4903250_437.nc,4903250,4903250,27.0992,-86.77297,2025-08-18T11:49:46Z,20250818,2025,906,0.56,99.92,27.3866,True,True,True,https://noaa-nws-rtofs-pds.s3.amazonaws.com/rtofs.20250818/rtofs_glo_3dz_f006_6hrly_hvr_US_east.nc
ARGO_GDAC,pfl,aoml/4903250/profiles/D4903250_438.nc|2025-08-23T13:01:39Z|26.79744|-86.29610,aoml/4903250/profiles/D4903250_438.nc,4903250,4903250,26.79744,-86.2961,2025-08-23T13:01:39Z,20250823,2025,978,1.0,1945.36,19.4548,True,True,True,https://noaa-nws-rtofs-pds.s3.amazonaws.com/rtofs.20250823/rtofs_glo_3dz_f006_6hrly_hvr_US_east.nc
ARGO_GDAC,pfl,aoml/4903250/profiles/D4903250_438.nc|2025-08-23T13:01:39Z|26.79744|-86.29610,aoml/4903250/profiles/D4903250_438.nc,4903250,4903250,26.79744,-86.2961,2025-08-23T13:01:39Z,20250823,2025,969,0.52,99.92,19.3689,True,True,True,https://noaa-nws-rtofs-pds.s3.amazonaws.com/rtofs.20250823/rtofs_glo_3dz_f006_6hrly_hvr_US_east.nc
ARGO_GDAC,pfl,aoml/4903250/profiles/D4903250_439.nc|2025-08-28T14:14:51Z|26.67279|-85.88303,aoml/4903250/profiles/D4903250_439.nc,4903250,4903250,26.67279,-85.88303,2025-08-28T14:14:51Z,20250828,2025,974,1.0,1937.32,27.6739,True,True,True,https://noaa-nws-rtofs-pds.s3.amazonaws.com/rtofs.20250828/rtofs_glo_3dz_f006_6hrly_hvr_US_east.nc
ARGO_GDAC,pfl,aoml/4903250/profiles/D4903250_439.nc|2025-08-28T14:14:51Z|26.67279|-85.88303,aoml/4903250/profiles/D4903250_439.nc,4903250,4903250,26.67279,-85.88303,2025-08-28T14:14:51Z,20250828,2025,969,0.6,99.96,26.1089,True,True,True,https://noaa-nws-rtofs-pds.s3.amazonaws.com/rtofs.20250828/rtofs_glo_3dz_f006_6hrly_hvr_US_east.nc
ARGO_GDAC,pfl,aoml/4903250/profiles/D4903250_440.nc|2025-09-02T15:39:07Z|27.07637|-86.08166,aoml/4903250/profiles/D4903250_440.nc,4903250,4903250,27.07637,-86.08166,2025-09-02T15:39:07Z,20250902,2025,999,1.04,1987.36,30.4947,True,True,True,https://noaa-nws-rtofs-pds.s3.amazonaws.com/rtofs.20250902/rtofs_glo_3dz_f006_6hrly_hvr_US_east.nc
ARGO_GDAC,pfl,aoml/4903250/profiles/D4903250_440.nc|2025-09-02T15:39:07Z|27.07637|-86.08166,aoml/4903250/profiles/D4903250_440.nc,4903250,4903250,27.07637,-86.08166,2025-09-02T15:39:07Z,20250902,2025,890,0.64,99.92,30.7218,True,True,True,https://noaa-nws-rtofs-pds.s3.amazonaws.com/rtofs.20250902/rtofs_glo_3dz_f006_6hrly_hvr_US_east.nc
ARGO_GDAC,pfl,aoml/4903250/profiles/D4903250_441.nc|2025-09-07T17:03:49Z|26.81632|-87.12020,aoml/4903250/profiles/D4903250_441.nc,4903250,4903250,26.81632,-87.1202,2025-09-07T17:03:49Z,20250907,2025,979,1.08,1947.44,19.5548,True,True,True,https://noaa-nws-rtofs-pds.s3.amazonaws.com/rtofs.20250907/rtofs_glo_3dz_f006_6hrly_hvr_US_east.nc
ARGO_GDAC,pfl,aoml/4903250/profiles/D4903250_441.nc|2025-09-07T17:03:49Z|26.81632|-87.12020,aoml/4903250/profiles/D4903250_441.nc,4903250,4903250,26.81632,-87.1202,2025-09-07T17:03:49Z,20250907,2025,1019,0.68,99.96,19.5533,True,True,True,https://noaa-nws-rtofs-pds.s3.amazonaws.com/rtofs.20250907/rtofs_glo_3dz_f006_6hrly_hvr_US_east.nc
ARGO_GDAC,pfl,aoml/4903250/profiles/D4903250_442.nc|2025-09-12T18:24:38Z|26.22018|-87.92297,aoml/4903250/profiles/D4903250_442.nc,4903250,4903250,26.22018,-87.92297,2025-09-12T18:24:38Z,20250912,2025,1001,1.0,1991.56,44.465,True,True,True,https://noaa-nws-rtofs-pds.s3.amazonaws.com/rtofs.20250912/rtofs_glo_3dz_f006_6hrly_hvr_US_east.nc
ARGO_GDAC,pfl,aoml/4903250/profiles/D4903250_442.nc|2025-09-12T18:24:38Z|26.22018|-87.92297,aoml/4903250/profiles/D4903250_442.nc,4903250,4903250,26.22018,-87.92297,2025-09-12T18:24:38Z,20250912,2025,847,0.6,99.92,45.2923,True,True,True,https://noaa-nws-rtofs-pds.s3.amazonaws.com/rtofs.20250912/rtofs_glo_3dz_f006_6hrly_hvr_US_east.nc
ARGO_GDAC,pfl,aoml/4903250/profiles/D4903250_443.nc|2025-09-17T19:46:12Z|26.03318|-88.44946,aoml/4903250/profiles/D4903250_443.nc,4903250,4903250,26.03318,-88.44946,2025-09-17T19:46:12Z,20250917,2025,985,0.96,1959.72,51.4492,True,True,True,https://noaa-nws-rtofs-pds.s3.amazonaws.com/rtofs.20250917/rtofs_glo_3dz_f006_6hrly_hvr_US_east.nc
ARGO_GDAC,pfl,aoml/4903250/profiles/D4903250_443.nc|2025-09-17T19:46:12Z|26.03318|-88.44946,aoml/4903250/profiles/D4903250_443.nc,4903250,4903250,26.03318,-88.44946,2025-09-17T19:46:12Z,20250917,2025,881,0.56,99.88,51.88,True,True,True,https://noaa-nws-rtofs-pds.s3.amazonaws.com/rtofs.20250917/rtofs_glo_3dz_f006_6hrly_hvr_US_east.nc
ARGO_GDAC,pfl,aoml/4903250/profiles/D4903250_444.nc|2025-09-22T21:00:58Z|25.99273|-88.90086,aoml/4903250/profiles/D4903250_444.nc,4903250,4903250,25.99273,-88.90086,2025-09-22T21:00:58Z,20250922,2025,990,1.08,1969.64,62.942,True,True,True,https://noaa-nws-rtofs-pds.s3.amazonaws.com/rtofs.20250922/rtofs_glo_3dz_f006_6hrly_hvr_US_east.nc
ARGO_GDAC,pfl,aoml/4903250/profiles/D4903250_444.nc|2025-09-22T21:00:58Z|25.99273|-88.90086,aoml/4903250/profiles/D4903250_444.nc,4903250,4903250,25.99273,-88.90086,2025-09-22T21:00:58Z,20250922,2025,840,0.68,99.92,63.3273,True,True,True,https://noaa-nws-rtofs-pds.s3.amazonaws.com/rtofs.20250922/rtofs_glo_3dz_f006_6hrly_hvr_US_east.nc
ARGO_GDAC,pfl,aoml/4903250/profiles/D4903250_445.nc|2025-09-27T22:16:33Z|26.10895|-89.21344,aoml/4903250/profiles/D4903250_445.nc,4903250,4903250,26.10895,-89.21344,2025-09-27T22:16:33Z,20250927,2025,972,1.0,1933.24,55.7188,True,True,True,https://noaa-nws-rtofs-pds.s3.amazonaws.com/rtofs.20250927/rtofs_glo_3dz_f006_6hrly_hvr_US_east.nc
ARGO_GDAC,pfl,aoml/4903250/profiles/D4903250_445.nc|2025-09-27T22:16:33Z|26.10895|-89.21344,aoml/4903250/profiles/D4903250_445.nc,4903250,4903250,26.10895,-89.21344,2025-09-27T22:16:33Z,20250927,2025,865,0.6,99.92,56.0974,True,True,True,https://noaa-nws-rtofs-pds.s3.amazonaws.com/rtofs.20250927/rtofs_glo_3dz_f006_6hrly_hvr_US_east.nc
ARGO_GDAC,pfl,aoml/4903250/profiles/D4903250_446.nc|2025-10-02T23:30:58Z|26.14010|-89.19500,aoml/4903250/profiles/D4903250_446.nc,4903250,4903250,26.1401,-89.195,2025-10-02T23:30:58Z,20251002,2025,975,1.04,1939.36,60.8697,True,True,True,https://noaa-nws-rtofs-pds.s3.amazonaws.com/rtofs.20251002/rtofs_glo_3dz_f006_6hrly_hvr_US_east.nc
ARGO_GDAC,pfl,aoml/4903250/profiles/D4903250_446.nc|2025-10-02T23:30:58Z|26.14010|-89.19500,aoml/4903250/profiles/D4903250_446.nc,4903250,4903250,26.1401,-89.195,2025-10-02T23:30:58Z,20251002,2025,896,0.64,100.0,61.4267,True,True,True,https://noaa-nws-rtofs-pds.s3.amazonaws.com/rtofs.20251002/rtofs_glo_3dz_f006_6hrly_hvr_US_east.nc
ARGO_GDAC,pfl,aoml/4903250/profiles/D4903250_447.nc|2025-10-08T00:44:30Z|25.90068|-88.66215,aoml/4903250/profiles/D4903250_447.nc,4903250,4903250,25.90068,-88.66215,2025-10-08T00:44:30Z,20251008,2025,977,1.04,1943.12,63.8998,True,True,True,https://noaa-nws-rtofs-pds.s3.amazonaws.com/rtofs.20251008/rtofs_glo_3dz_f006_6hrly_hvr_US_east.nc
ARGO_GDAC,pfl,aoml/4903250/profiles/D4903250_447.nc|2025-10-08T00:44:30Z|25.90068|-88.66215,aoml/4903250/profiles/D4903250_447.nc,4903250,4903250,25.90068,-88.66215,2025-10-08T00:44:30Z,20251008,2025,845,0.64,99.96,64.0118,True,True,True,https://noaa-nws-rtofs-pds.s3.amazonaws.com/rtofs.20251008/rtofs_glo_3dz_f006_6hrly_hvr_US_east.nc
ARGO_GDAC,pfl,aoml/4903250/profiles/D4903250_448.nc|2025-10-13T01:59:10Z|25.60239|-88.38076,aoml/4903250/profiles/D4903250_448.nc,4903250,4903250,25.60239,-88.38076,2025-10-13T01:59:10Z,20251013,2025,981,1.04,1951.32,76.5071,True,True,True,https://noaa-nws-rtofs-pds.s3.amazonaws.com/rtofs.20251013/rtofs_glo_3dz_f006_6hrly_hvr_US_east.nc
ARGO_GDAC,pfl,aoml/4903250/profiles/D4903250_448.nc|2025-10-13T01:59:10Z|25.60239|-88.38076,aoml/4903250/profiles/D4903250_448.nc,4903250,4903250,25.60239,-88.38076,2025-10-13T01:59:10Z,20251013,2025,873,0.64,100.0,77.034,True,True,True,https://noaa-nws-rtofs-pds.s3.amazonaws.com/rtofs.20251013/rtofs_glo_3dz_f006_6hrly_hvr_US_east.nc
ARGO_GDAC,pfl,aoml/4903250/profiles/D4903250_449.nc|2025-10-18T03:11:15Z|25.62940|-88.52525,aoml/4903250/profiles/D4903250_449.nc,4903250,4903250,25.6294,-88.52525,2025-10-18T03:11:15Z,20251018,2025,968,1.0,1925.8,90.8754,True,True,True,https://noaa-nws-rtofs-pds.s3.amazonaws.com/rtofs.20251018/rtofs_glo_3dz_f006_6hrly_hvr_US_east.nc
ARGO_GDAC,pfl,aoml/4903250/profiles/D4903250_449.nc|2025-10-18T03:11:15Z|25.62940|-88.52525,aoml/4903250/profiles/D4903250_449.nc,4903250,4903250,25.6294,-88.52525,2025-10-18T03:11:15Z,20251018,2025,797,0.6,99.92,91.2767,True,True,True,https://noaa-nws-rtofs-pds.s3.amazonaws.com/rtofs.20251018/rtofs_glo_3dz_f006_6hrly_hvr_US_east.nc
ARGO_GDAC,pfl,aoml/4903250/profiles/D4903250_450.nc|2025-10-23T04:24:18Z|25.90984|-89.10388,aoml/4903250/profiles/D4903250_450.nc,4903250,4903250,25.90984,-89.10388,2025-10-23T04:24:18Z,20251023,2025,981,0.96,1951.6,96.1023,True,True,True,https://noaa-nws-rtofs-pds.s3.amazonaws.com/rtofs.20251023/rtofs_glo_3dz_f006_6hrly_hvr_US_east.nc
ARGO_GDAC,pfl,aoml/4903250/profiles/D4903250_450.nc|2025-10-23T04:24:18Z|25.90984|-89.10388,aoml/4903250/profiles/D4903250_450.nc,4903250,4903250,25.90984,-89.10388,2025-10-23T04:24:18Z,20251023,2025,774,0.56,99.96,96.3114,True,True,True,https://noaa-nws-rtofs-pds.s3.amazonaws.com/rtofs.20251023/rtofs_glo_3dz_f006_6hrly_hvr_US_east.nc
ARGO_GDAC,pfl,aoml/4903250/profiles/D4903250_451.nc|2025-10-28T05:34:16Z|26.02731|-89.60718,aoml/4903250/profiles/D4903250_451.nc,4903250,4903250,26.02731,-89.60718,2025-10-28T05:34:16Z,20251028,2025,966,1.08,1921.48,88.6034,True,True,True,https://noaa-nws-rtofs-pds.s3.amazonaws.com/rtofs.20251028/rtofs_glo_3dz_f006_6hrly_hvr_US_east.nc
ARGO_GDAC,pfl,aoml/4903250/profiles/D4903250_451.nc|2025-10-28T05:34:16Z|26.02731|-89.60718,aoml/4903250/profiles/D4903250_451.nc,4903250,4903250,26.02731,-89.60718,2025-10-28T05:34:16Z,20251028,2025,838,0.72,100.0,89.23,True,True,True,https://noaa-nws-rtofs-pds.s3.amazonaws.com/rtofs.20251028/rtofs_glo_3dz_f006_6hrly_hvr_US_east.nc
ARGO_GDAC,pfl,aoml/4903250/profiles/D4903250_452.nc|2025-11-02T06:43:07Z|26.13694|-90.08080,aoml/4903250/profiles/D4903250_452.nc,4903250,4903250,26.13694,-90.0808,2025-11-02T06:43:07Z,20251102,2025,961,1.04,1911.4,100.827,True,False,True,https://noaa-nws-rtofs-pds.s3.amazonaws.com/rtofs.20251102/rtofs_glo_3dz_f006_6hrly_hvr_US_east.nc
ARGO_GDAC,pfl,aoml/4903250/profiles/D4903250_452.nc|2025-11-02T06:43:07Z|26.13694|-90.08080,aoml/4903250/profiles/D4903250_452.nc,4903250,4903250,26.13694,-90.0808,2025-11-02T06:43:07Z,20251102,2025,949,0.64,100.0,,False,False,True,https://noaa-nws-rtofs-pds.s3.amazonaws.com/rtofs.20251102/rtofs_glo_3dz_f006_6hrly_hvr_US_east.nc
ARGO_GDAC,pfl,aoml/4903250/profiles/D4903250_453.nc|2025-11-07T07:56:00Z|26.17053|-90.82685,aoml/4903250/profiles/D4903250_453.nc,4903250,4903250,26.17053,-90.82685,2025-11-07T07:56:00Z,20251107,2025,971,1.0,1931.36,29.3066,True,True,True,https://noaa-nws-rtofs-pds.s3.amazonaws.com/rtofs.20251107/rtofs_glo_3dz_f006_6hrly_hvr_US_east.nc
ARGO_GDAC,pfl,aoml/4903250/profiles/D4903250_453.nc|2025-11-07T07:56:00Z|26.17053|-90.82685,aoml/4903250/profiles/D4903250_453.nc,4903250,4903250,26.17053,-90.82685,2025-11-07T07:56:00Z,20251107,2025,892,0.64,99.88,29.26,True,True,True,https://noaa-nws-rtofs-pds.s3.amazonaws.com/rtofs.20251107/rtofs_glo_3dz_f006_6hrly_hvr_US_east.nc
ARGO_GDAC,pfl,aoml/4903250/profiles/D4903250_454.nc|2025-11-12T09:20:00Z|25.83970|-91.37033,aoml/4903250/profiles/D4903250_454.nc,4903250,4903250,25.8397,-91.37033,2025-11-12T09:20:00Z,20251112,2025,994,1.0,1977.28,68.3733,True,True,True,https://noaa-nws-rtofs-pds.s3.amazonaws.com/rtofs.20251112/rtofs_glo_3dz_f006_6hrly_hvr_US_east.nc
ARGO_GDAC,pfl,aoml/4903250/profiles/D4903250_454.nc|2025-11-12T09:20:00Z|25.83970|-91.37033,aoml/4903250/profiles/D4903250_454.nc,4903250,4903250,25.8397,-91.37033,2025-11-12T09:20:00Z,20251112,2025,874,0.52,100.0,68.69,True,True,True,https://noaa-nws-rtofs-pds.s3.amazonaws.com/rtofs.20251112/rtofs_glo_3dz_f006_6hrly_hvr_US_east.nc
ARGO_GDAC,pfl,aoml/4903250/profiles/D4903250_455.nc|2025-11-17T10:37:16Z|25.60101|-91.48478,aoml/4903250/profiles/D4903250_455.nc,4903250,4903250,25.60101,-91.48478,2025-11-17T10:37:16Z,20251117,2025,973,0.96,1935.28,66.667,True,True,True,https://noaa-nws-rtofs-pds.s3.amazonaws.com/rtofs.20251117/rtofs_glo_3dz_f006_6hrly_hvr_US_east.nc
ARGO_GDAC,pfl,aoml/4903250/profiles/D4903250_455.nc|2025-11-17T10:37:16Z|25.60101|-91.48478,aoml/4903250/profiles/D4903250_455.nc,4903250,4903250,25.60101,-91.48478,2025-11-17T10:37:16Z,20251117,2025,828,0.52,99.92,66.0799,True,True,True,https://noaa-nws-rtofs-pds.s3.amazonaws.com/rtofs.20251117/rtofs_glo_3dz_f006_6hrly_hvr_US_east.nc
ARGO_GDAC,pfl,aoml/4903250/profiles/D4903250_456.nc|2025-11-22T11:58:40Z|25.48961|-91.23436,aoml/4903250/profiles/D4903250_456.nc,4903250,4903250,25.48961,-91.23436,2025-11-22T11:58:40Z,20251122,2025,990,0.96,1969.52,127.9822,True,False,True,https://noaa-nws-rtofs-pds.s3.amazonaws.com/rtofs.20251122/rtofs_glo_3dz_f006_6hrly_hvr_US_east.nc
ARGO_GDAC,pfl,aoml/4903250/profiles/D4903250_456.nc|2025-11-22T11:58:40Z|25.48961|-91.23436,aoml/4903250/profiles/D4903250_456.nc,4903250,4903250,25.48961,-91.23436,2025-11-22T11:58:40Z,20251122,2025,881,0.52,100.0,,False,False,True,https://noaa-nws-rtofs-pds.s3.amazonaws.com/rtofs.20251122/rtofs_glo_3dz_f006_6hrly_hvr_US_east.nc
ARGO_GDAC,pfl,aoml/4903250/profiles/R4903250_457.nc|2025-11-27T13:22:41Z|25.67425|-91.06642,aoml/4903250/profiles/R4903250_457.nc,4903250,4903250,25.67425,-91.06642,2025-11-27T13:22:41Z,20251127,2025,977,0.4,1941.08,148.0011,True,False,True,https://noaa-nws-rtofs-pds.s3.amazonaws.com/rtofs.20251127/rtofs_glo_3dz_f006_6hrly_hvr_US_east.nc
ARGO_GDAC,pfl,aoml/4903250/profiles/R4903250_457.nc|2025-11-27T13:22:41Z|25.67425|-91.06642,aoml/4903250/profiles/R4903250_457.nc,4903250,4903250,25.67425,-91.06642,2025-11-27T13:22:41Z,20251127,2025,984,0.36,99.92,,False,False,True,https://noaa-nws-rtofs-pds.s3.amazonaws.com/rtofs.20251127/rtofs_glo_3dz_f006_6hrly_hvr_US_east.nc
ARGO_GDAC,pfl,aoml/4903250/profiles/R4903250_458.nc|2025-12-02T14:41:30Z|25.96865|-91.18484,aoml/4903250/profiles/R4903250_458.nc,4903250,4903250,25.96865,-91.18484,2025-12-02T14:41:30Z,20251202,2025,983,0.96,1955.36,149.1559,True,False,True,https://noaa-nws-rtofs-pds.s3.amazonaws.com/rtofs.20251202/rtofs_glo_3dz_f006_6hrly_hvr_US_east.nc
ARGO_GDAC,pfl,aoml/4903250/profiles/R4903250_458.nc|2025-12-02T14:41:30Z|25.96865|-91.18484,aoml/4903250/profiles/R4903250_458.nc,4903250,4903250,25.96865,-91.18484,2025-12-02T14:41:30Z,20251202,2025,785,0.56,99.96,,False,False,True,https://noaa-nws-rtofs-pds.s3.amazonaws.com/rtofs.20251202/rtofs_glo_3dz_f006_6hrly_hvr_US_east.nc
ARGO_GDAC,pfl,aoml/4903250/profiles/R4903250_459.nc|2025-12-07T16:08:20Z|26.13579|-91.01198,aoml/4903250/profiles/R4903250_459.nc,4903250,4903250,26.13579,-91.01198,2025-12-07T16:08:20Z,20251207,2025,981,0.96,1951.6,141.7686,True,False,True,https://noaa-nws-rtofs-pds.s3.amazonaws.com/rtofs.20251207/rtofs_glo_3dz_f006_6hrly_hvr_US_east.nc
ARGO_GDAC,pfl,aoml/4903250/profiles/R4903250_459.nc|2025-12-07T16:08:20Z|26.13579|-91.01198,aoml/4903250/profiles/R4903250_459.nc,4903250,4903250,26.13579,-91.01198,2025-12-07T16:08:20Z,20251207,2025,799,0.52,99.88,,False,False,True,https://noaa-nws-rtofs-pds.s3.amazonaws.com/rtofs.20251207/rtofs_glo_3dz_f006_6hrly_hvr_US_east.nc
ARGO_GDAC,pfl,aoml/4903250/profiles/R4903250_460.nc|2025-12-12T17:29:01Z|26.39586|-90.49407,aoml/4903250/profiles/R4903250_460.nc,4903250,4903250,26.39586,-90.49407,2025-12-12T17:29:01Z,20251212,2025,986,0.96,1961.28,116.7435,True,False,True,https://noaa-nws-rtofs-pds.s3.amazonaws.com/rtofs.20251212/rtofs_glo_3dz_f006_6hrly_hvr_US_east.nc
ARGO_GDAC,pfl,aoml/4903250/profiles/R4903250_460.nc|2025-12-12T17:29:01Z|26.39586|-90.49407,aoml/4903250/profiles/R4903250_460.nc,4903250,4903250,26.39586,-90.49407,2025-12-12T17:29:01Z,20251212,2025,844,0.56,99.88,,False,False,True,https://noaa-nws-rtofs-pds.s3.amazonaws.com/rtofs.20251212/rtofs_glo_3dz_f006_6hrly_hvr_US_east.nc
ARGO_GDAC,pfl,aoml/4903250/profiles/R4903250_461.nc|2025-12-17T18:46:46Z|26.75469|-89.77776,aoml/4903250/profiles/R4903250_461.nc,4903250,4903250,26.75469,-89.77776,2025-12-17T18:46:46Z,20251217,2025,975,1.04,1939.32,59.9937,True,True,True,https://noaa-nws-rtofs-pds.s3.amazonaws.com/rtofs.20251217/rtofs_glo_3dz_f006_6hrly_hvr_US_east.nc
ARGO_GDAC,pfl,aoml/4903250/profiles/R4903250_461.nc|2025-12-17T18:46:46Z|26.75469|-89.77776,aoml/4903250/profiles/R4903250_461.nc,4903250,4903250,26.75469,-89.77776,2025-12-17T18:46:46Z,20251217,2025,988,0.64,99.96,59.95,True,True,True,https://noaa-nws-rtofs-pds.s3.amazonaws.com/rtofs.20251217/rtofs_glo_3dz_f006_6hrly_hvr_US_east.nc
ARGO_GDAC,pfl,aoml/4903250/profiles/R4903250_462.nc|2025-12-22T20:08:49Z|26.61807|-89.33282,aoml/4903250/profiles/R4903250_462.nc,4903250,4903250,26.61807,-89.33282,2025-12-22T20:08:49Z,20251222,2025,988,1.08,1965.68,47.9753,True,True,True,https://noaa-nws-rtofs-pds.s3.amazonaws.com/rtofs.20251222/rtofs_glo_3dz_f006_6hrly_hvr_US_east.nc
ARGO_GDAC,pfl,aoml/4903250/profiles/R4903250_462.nc|2025-12-22T20:08:49Z|26.61807|-89.33282,aoml/4903250/profiles/R4903250_462.nc,4903250,4903250,26.61807,-89.33282,2025-12-22T20:08:49Z,20251222,2025,944,0.68,99.96,48.008,True,True,True,https://noaa-nws-rtofs-pds.s3.amazonaws.com/rtofs.20251222/rtofs_glo_3dz_f006_6hrly_hvr_US_east.nc
ARGO_GDAC,pfl,aoml/4903250/profiles/R4903250_463.nc|2025-12-27T21:23:19Z|26.93190|-89.39778,aoml/4903250/profiles/R4903250_463.nc,4903250,4903250,26.9319,-89.39778,2025-12-27T21:23:19Z,20251227,2025,973,1.24,1935.32,28.8111,True,True,True,https://noaa-nws-rtofs-pds.s3.amazonaws.com/rtofs.20251227/rtofs_glo_3dz_f006_6hrly_hvr_US_east.nc
ARGO_GDAC,pfl,aoml/4903250/profiles/R4903250_463.nc|2025-12-27T21:23:19Z|26.93190|-89.39778,aoml/4903250/profiles/R4903250_463.nc,4903250,4903250,26.9319,-89.39778,2025-12-27T21:23:19Z,20251227,2025,891,1.08,99.96,28.72,True,True,True,https://noaa-nws-rtofs-pds.s3.amazonaws.com/rtofs.20251227/rtofs_glo_3dz_f006_6hrly_hvr_US_east.nc
ARGO_GDAC,pfl,aoml/4903254/profiles/D4903254_324.nc|2024-01-04T19:29:23Z|26.46445|-85.81835,aoml/4903254/profiles/D4903254_324.nc,4903254,4903254,26.46445,-85.81835,2024-01-04T19:29:23Z,20240104,2024,1009,1.12,2007.36,74.1556,True,True,False,
ARGO_GDAC,pfl,aoml/4903254/profiles/D4903254_324.nc|2024-01-04T19:29:23Z|26.46445|-85.81835,aoml/4903254/profiles/D4903254_324.nc,4903254,4903254,26.46445,-85.81835,2024-01-04T19:29:23Z,20240104,2024,884,0.68,99.88,74.0907,True,True,False,
ARGO_GDAC,pfl,aoml/4903254/profiles/D4903254_325.nc|2024-01-09T19:10:53Z|26.48409|-85.92217,aoml/4903254/profiles/D4903254_325.nc,4903254,4903254,26.48409,-85.92217,2024-01-09T19:10:53Z,20240109,2024,1007,1.04,2003.8,34.7876,True,True,False,
ARGO_GDAC,pfl,aoml/4903254/profiles/D4903254_325.nc|2024-01-09T19:10:53Z|26.48409|-85.92217,aoml/4903254/profiles/D4903254_325.nc,4903254,4903254,26.48409,-85.92217,2024-01-09T19:10:53Z,20240109,2024,884,0.56,99.92,36.2567,True,True,False,
ARGO_GDAC,pfl,aoml/4903254/profiles/D4903254_326.nc|2024-01-14T18:46:30Z|26.53138|-85.99103,aoml/4903254/profiles/D4903254_326.nc,4903254,4903254,26.53138,-85.99103,2024-01-14T18:46:30Z,20240114,2024,1009,1.04,2007.16,83.3114,True,True,False,
ARGO_GDAC,pfl,aoml/4903254/profiles/D4903254_326.nc|2024-01-14T18:46:30Z|26.53138|-85.99103,aoml/4903254/profiles/D4903254_326.nc,4903254,4903254,26.53138,-85.99103,2024-01-14T18:46:30Z,20240114,2024,818,0.64,99.96,83.4114,True,True,False,
ARGO_GDAC,pfl,aoml/4903254/profiles/D4903254_327.nc|2024-01-19T18:39:03Z|26.62549|-85.94843,aoml/4903254/profiles/D4903254_327.nc,4903254,4903254,26.62549,-85.94843,2024-01-19T18:39:03Z,20240119,2024,1013,1.0,2015.36,15.2636,True,True,False,
ARGO_GDAC,pfl,aoml/4903254/profiles/D4903254_327.nc|2024-01-19T18:39:03Z|26.62549|-85.94843,aoml/4903254/profiles/D4903254_327.nc,4903254,4903254,26.62549,-85.94843,2024-01-19T18:39:03Z,20240119,2024,871,0.56,99.88,15.7136,True,True,False,
ARGO_GDAC,pfl,aoml/4903254/profiles/D4903254_328.nc|2024-01-24T18:32:12Z|26.65957|-85.80251,aoml/4903254/profiles/D4903254_328.nc,4903254,4903254,26.65957,-85.80251,2024-01-24T18:32:12Z,20240124,2024,1014,1.08,2017.36,28.9422,True,True,False,
ARGO_GDAC,pfl,aoml/4903254/profiles/D4903254_328.nc|2024-01-24T18:32:12Z|26.65957|-85.80251,aoml/4903254/profiles/D4903254_328.nc,4903254,4903254,26.65957,-85.80251,2024-01-24T18:32:12Z,20240124,2024,883,0.68,99.92,28.4814,True,True,False,
ARGO_GDAC,pfl,aoml/4903254/profiles/D4903254_329.nc|2024-01-29T18:13:46Z|26.60221|-85.64332,aoml/4903254/profiles/D4903254_329.nc,4903254,4903254,26.60221,-85.64332,2024-01-29T18:13:46Z,20240129,2024,1008,0.96,2005.24,30.2494,True,True,True,https://noaa-nws-rtofs-pds.s3.amazonaws.com/rtofs.20240129/rtofs_glo_3dz_f006_6hrly_hvr_US_east.nc
ARGO_GDAC,pfl,aoml/4903254/profiles/D4903254_329.nc|2024-01-29T18:13:46Z|26.60221|-85.64332,aoml/4903254/profiles/D4903254_329.nc,4903254,4903254,26.60221,-85.64332,2024-01-29T18:13:46Z,20240129,2024,864,0.56,99.92,30.1439,True,True,True,https://noaa-nws-rtofs-pds.s3.amazonaws.com/rtofs.20240129/rtofs_glo_3dz_f006_6hrly_hvr_US_east.nc
ARGO_GDAC,pfl,aoml/4903254/profiles/D4903254_330.nc|2024-02-03T17:53:11Z|26.60923|-85.46748,aoml/4903254/profiles/D4903254_330.nc,4903254,4903254,26.60923,-85.46748,2024-02-03T17:53:11Z,20240203,2024,1008,1.0,2005.88,13.1157,True,True,True,https://noaa-nws-rtofs-pds.s3.amazonaws.com/rtofs.20240203/rtofs_glo_3dz_f006_6hrly_hvr_US_east.nc
ARGO_GDAC,pfl,aoml/4903254/profiles/D4903254_330.nc|2024-02-03T17:53:11Z|26.60923|-85.46748,aoml/4903254/profiles/D4903254_330.nc,4903254,4903254,26.60923,-85.46748,2024-02-03T17:53:11Z,20240203,2024,888,0.56,99.92,13.1476,True,True,True,https://noaa-nws-rtofs-pds.s3.amazonaws.com/rtofs.20240203/rtofs_glo_3dz_f006_6hrly_hvr_US_east.nc
ARGO_GDAC,pfl,aoml/4903254/profiles/D4903254_331.nc|2024-02-08T17:24:18Z|26.89979|-85.70404,aoml/4903254/profiles/D4903254_331.nc,4903254,4903254,26.89979,-85.70404,2024-02-08T17:24:18Z,20240208,2024,1009,1.0,2007.44,48.1031,True,True,True,https://noaa-nws-rtofs-pds.s3.amazonaws.com/rtofs.20240208/rtofs_glo_3dz_f006_6hrly_hvr_US_east.nc
ARGO_GDAC,pfl,aoml/4903254/profiles/D4903254_331.nc|2024-02-08T17:24:18Z|26.89979|-85.70404,aoml/4903254/profiles/D4903254_331.nc,4903254,4903254,26.89979,-85.70404,2024-02-08T17:24:18Z,20240208,2024,877,0.6,99.84,48.1,True,True,True,https://noaa-nws-rtofs-pds.s3.amazonaws.com/rtofs.20240208/rtofs_glo_3dz_f006_6hrly_hvr_US_east.nc
ARGO_GDAC,pfl,aoml/4903254/profiles/D4903254_332.nc|2024-02-13T16:58:21Z|26.81582|-86.18659,aoml/4903254/profiles/D4903254_332.nc,4903254,4903254,26.81582,-86.18659,2024-02-13T16:58:21Z,20240213,2024,1008,1.04,2005.12,20.3158,True,True,True,https://noaa-nws-rtofs-pds.s3.amazonaws.com/rtofs.20240213/rtofs_glo_3dz_f006_6hrly_hvr_US_east.nc
ARGO_GDAC,pfl,aoml/4903254/profiles/D4903254_332.nc|2024-02-13T16:58:21Z|26.81582|-86.18659,aoml/4903254/profiles/D4903254_332.nc,4903254,4903254,26.81582,-86.18659,2024-02-13T16:58:21Z,20240213,2024,897,0.6,99.96,21.1847,True,True,True,https://noaa-nws-rtofs-pds.s3.amazonaws.com/rtofs.20240213/rtofs_glo_3dz_f006_6hrly_hvr_US_east.nc
ARGO_GDAC,pfl,aoml/4903254/profiles/D4903254_333.nc|2024-02-18T16:39:28Z|26.53765|-86.53059,aoml/4903254/profiles/D4903254_333.nc,4903254,4903254,26.53765,-86.53059,2024-02-18T16:39:28Z,20240218,2024,1009,1.04,2007.12,70.3773,True,True,True,https://noaa-nws-rtofs-pds.s3.amazonaws.com/rtofs.20240218/rtofs_glo_3dz_f006_6hrly_hvr_US_east.nc
ARGO_GDAC,pfl,aoml/4903254/profiles/D4903254_333.nc|2024-02-18T16:39:28Z|26.53765|-86.53059,aoml/4903254/profiles/D4903254_333.nc,4903254,4903254,26.53765,-86.53059,2024-02-18T16:39:28Z,20240218,2024,888,0.72,99.88,64.976,True,True,True,https://noaa-nws-rtofs-pds.s3.amazonaws.com/rtofs.20240218/rtofs_glo_3dz_f006_6hrly_hvr_US_east.nc
ARGO_GDAC,pfl,aoml/4903254/profiles/D4903254_334.nc|2024-02-23T16:16:10Z|26.30662|-86.79735,aoml/4903254/profiles/D4903254_334.nc,4903254,4903254,26.30662,-86.79735,2024-02-23T16:16:10Z,20240223,2024,1009,1.04,2007.08,102.9747,True,False,True,https://noaa-nws-rtofs-pds.s3.amazonaws.com/rtofs.20240223/rtofs_glo_3dz_f006_6hrly_hvr_US_east.nc
ARGO_GDAC,pfl,aoml/4903254/profiles/D4903254_334.nc|2024-02-23T16:16:10Z|26.30662|-86.79735,aoml/4903254/profiles/D4903254_334.nc,4903254,4903254,26.30662,-86.79735,2024-02-23T16:16:10Z,20240223,2024,945,0.68,100.0,,False,False,True,https://noaa-nws-rtofs-pds.s3.amazonaws.com/rtofs.20240223/rtofs_glo_3dz_f006_6hrly_hvr_US_east.nc
ARGO_GDAC,pfl,aoml/4903254/profiles/D4903254_335.nc|2024-02-28T15:54:30Z|26.18100|-87.02649,aoml/4903254/profiles/D4903254_335.nc,4903254,4903254,26.181,-87.02649,2024-02-28T15:54:30Z,20240228,2024,1008,1.12,2005.4,125.6341,True,False,True,https://noaa-nws-rtofs-pds.s3.amazonaws.com/rtofs.20240228/rtofs_glo_3dz_f006_6hrly_hvr_US_east.nc
ARGO_GDAC,pfl,aoml/4903254/profiles/D4903254_335.nc|2024-02-28T15:54:30Z|26.18100|-87.02649,aoml/4903254/profiles/D4903254_335.nc,4903254,4903254,26.181,-87.02649,2024-02-28T15:54:30Z,20240228,2024,903,0.8,99.96,,False,False,True,https://noaa-nws-rtofs-pds.s3.amazonaws.com/rtofs.20240228/rtofs_glo_3dz_f006_6hrly_hvr_US_east.nc
ARGO_GDAC,pfl,aoml/4903254/profiles/D4903254_336.nc|2024-03-04T15:35:18Z|26.25418|-87.09204,aoml/4903254/profiles/D4903254_336.nc,4903254,4903254,26.25418,-87.09204,2024-03-04T15:35:18Z,20240304,2024,1014,1.0,2017.12,85.2267,True,True,True,https://noaa-nws-rtofs-pds.s3.amazonaws.com/rtofs.20240304/rtofs_glo_3dz_f006_6hrly_hvr_US_east.nc
ARGO_GDAC,pfl,aoml/4903254/profiles/D4903254_336.nc|2024-03-04T15:35:18Z|26.25418|-87.09204,aoml/4903254/profiles/D4903254_336.nc,4903254,4903254,26.25418,-87.09204,2024-03-04T15:35:18Z,20240304,2024,771,0.56,100.0,84.54,True,True,True,https://noaa-nws-rtofs-pds.s3.amazonaws.com/rtofs.20240304/rtofs_glo_3dz_f006_6hrly_hvr_US_east.nc
ARGO_GDAC,pfl,aoml/4903254/profiles/D4903254_337.nc|2024-03-09T15:05:08Z|26.67000|-86.43316,aoml/4903254/profiles/D4903254_337.nc,4903254,4903254,26.67,-86.43316,2024-03-09T15:05:08Z,20240309,2024,1010,1.04,2009.56,104.3215,True,False,True,https://noaa-nws-rtofs-pds.s3.amazonaws.com/rtofs.20240309/rtofs_glo_3dz_f006_6hrly_hvr_US_east.nc
ARGO_GDAC,pfl,aoml/4903254/profiles/D4903254_337.nc|2024-03-09T15:05:08Z|26.67000|-86.43316,aoml/4903254/profiles/D4903254_337.nc,4903254,4903254,26.67,-86.43316,2024-03-09T15:05:08Z,20240309,2024,868,0.72,99.96,,False,False,True,https://noaa-nws-rtofs-pds.s3.amazonaws.com/rtofs.20240309/rtofs_glo_3dz_f006_6hrly_hvr_US_east.nc
ARGO_GDAC,pfl,aoml/4903254/profiles/D4903254_338.nc|2024-03-14T14:43:06Z|27.50104|-86.44528,aoml/4903254/profiles/D4903254_338.nc,4903254,4903254,27.50104,-86.44528,2024-03-14T14:43:06Z,20240314,2024,1008,0.96,2005.24,59.25,True,True,True,https://noaa-nws-rtofs-pds.s3.amazonaws.com/rtofs.20240314/rtofs_glo_3dz_f006_6hrly_hvr_US_east.nc
ARGO_GDAC,pfl,aoml/4903254/profiles/D4903254_338.nc|2024-03-14T14:43:06Z|27.50104|-86.44528,aoml/4903254/profiles/D4903254_338.nc,4903254,4903254,27.50104,-86.44528,2024-03-14T14:43:06Z,20240314,2024,886,0.52,99.92,58.5067,True,True,True,https://noaa-nws-rtofs-pds.s3.amazonaws.com/rtofs.20240314/rtofs_glo_3dz_f006_6hrly_hvr_US_east.nc
ARGO_GDAC,pfl,aoml/4903254/profiles/D4903254_339.nc|2024-03-19T14:12:11Z|27.69820|-86.80708,aoml/4903254/profiles/D4903254_339.nc,4903254,4903254,27.6982,-86.80708,2024-03-19T14:12:11Z,20240319,2024,1008,1.0,2005.68,29.8582,True,True,True,https://noaa-nws-rtofs-pds.s3.amazonaws.com/rtofs.20240319/rtofs_glo_3dz_f006_6hrly_hvr_US_east.nc
ARGO_GDAC,pfl,aoml/4903254/profiles/D4903254_339.nc|2024-03-19T14:12:11Z|27.69820|-86.80708,aoml/4903254/profiles/D4903254_339.nc,4903254,4903254,27.6982,-86.80708,2024-03-19T14:12:11Z,20240319,2024,839,0.52,99.92,29.848,True,True,True,https://noaa-nws-rtofs-pds.s3.amazonaws.com/rtofs.20240319/rtofs_glo_3dz_f006_6hrly_hvr_US_east.nc
ARGO_GDAC,pfl,aoml/4903254/profiles/D4903254_340.nc|2024-03-24T13:49:13Z|27.73237|-86.72208,aoml/4903254/profiles/D4903254_340.nc,4903254,4903254,27.73237,-86.72208,2024-03-24T13:49:13Z,20240324,2024,1008,1.08,2005.84,46.2306,True,True,True,https://noaa-nws-rtofs-pds.s3.amazonaws.com/rtofs.20240324/rtofs_glo_3dz_f006_6hrly_hvr_US_east.nc
ARGO_GDAC,pfl,aoml/4903254/profiles/D4903254_340.nc|2024-03-24T13:49:13Z|27.73237|-86.72208,aoml/4903254/profiles/D4903254_340.nc,4903254,4903254,27.73237,-86.72208,2024-03-24T13:49:13Z,20240324,2024,887,0.76,99.92,46.2133,True,True,True,https://noaa-nws-rtofs-pds.s3.amazonaws.com/rtofs.20240324/rtofs_glo_3dz_f006_6hrly_hvr_US_east.nc
ARGO_GDAC,pfl,aoml/4903254/profiles/D4903254_341.nc|2024-03-29T13:26:29Z|27.70051|-86.48975,aoml/4903254/profiles/D4903254_341.nc,4903254,4903254,27.70051,-86.48975,2024-03-29T13:26:29Z,20240329,2024,1009,1.0,2007.4,39.7547,True,True,True,https://noaa-nws-rtofs-pds.s3.amazonaws.com/rtofs.20240329/rtofs_glo_3dz_f006_6hrly_hvr_US_east.nc
ARGO_GDAC,pfl,aoml/4903254/profiles/D4903254_341.nc|2024-03-29T13:26:29Z|27.70051|-86.48975,aoml/4903254/profiles/D4903254_341.nc,4903254,4903254,27.70051,-86.48975,2024-03-29T13:26:29Z,20240329,2024,871,0.52,99.88,39.4127,True,True,True,https://noaa-nws-rtofs-pds.s3.amazonaws.com/rtofs.20240329/rtofs_glo_3dz_f006_6hrly_hvr_US_east.nc
ARGO_GDAC,pfl,aoml/4903254/profiles/D4903254_342.nc|2024-04-03T13:02:20Z|27.62074|-86.52512,aoml/4903254/profiles/D4903254_342.nc,4903254,4903254,27.62074,-86.52512,2024-04-03T13:02:20Z,20240403,2024,1008,1.08,2006.04,45.7176,True,True,True,https://noaa-nws-rtofs-pds.s3.amazonaws.com/rtofs.20240403/rtofs_glo_3dz_f006_6hrly_hvr_US_east.nc
ARGO_GDAC,pfl,aoml/4903254/profiles/D4903254_342.nc|2024-04-03T13:02:20Z|27.62074|-86.52512,aoml/4903254/profiles/D4903254_342.nc,4903254,4903254,27.62074,-86.52512,2024-04-03T13:02:20Z,20240403,2024,890,0.64,100.0,45.8667,True,True,True,https://noaa-nws-rtofs-pds.s3.amazonaws.com/rtofs.20240403/rtofs_glo_3dz_f006_6hrly_hvr_US_east.nc
ARGO_GDAC,pfl,aoml/4903254/profiles/D4903254_343.nc|2024-04-08T12:39:58Z|27.54806|-86.66928,aoml/4903254/profiles/D4903254_343.nc,4903254,4903254,27.54806,-86.66928,2024-04-08T12:39:58Z,20240408,2024,1008,1.04,2005.8,37.3333,True,True,True,https://noaa-nws-rtofs-pds.s3.amazonaws.com/rtofs.20240408/rtofs_glo_3dz_f006_6hrly_hvr_US_east.nc
ARGO_GDAC,pfl,aoml/4903254/profiles/D4903254_343.nc|2024-04-08T12:39:58Z|27.54806|-86.66928,aoml/4903254/profiles/D4903254_343.nc,4903254,4903254,27.54806,-86.66928,2024-04-08T12:39:58Z,20240408,2024,852,0.64,99.92,37.7989,True,True,True,https://noaa-nws-rtofs-pds.s3.amazonaws.com/rtofs.20240408/rtofs_glo_3dz_f006_6hrly_hvr_US_east.nc
ARGO_GDAC,pfl,aoml/4903254/profiles/D4903254_344.nc|2024-04-13T12:22:48Z|27.44258|-86.58540,aoml/4903254/profiles/D4903254_344.nc,4903254,4903254,27.44258,-86.5854,2024-04-13T12:22:48Z,20240413,2024,1008,1.0,2005.48,62.9775,True,True,True,https://noaa-nws-rtofs-pds.s3.amazonaws.com/rtofs.20240413/rtofs_glo_3dz_f006_6hrly_hvr_US_east.nc
ARGO_GDAC,pfl,aoml/4903254/profiles/D4903254_344.nc|2024-04-13T12:22:48Z|27.44258|-86.58540,aoml/4903254/profiles/D4903254_344.nc,4903254,4903254,27.44258,-86.5854,2024-04-13T12:22:48Z,20240413,2024,835,0.6,100.0,63.8412,True,True,True,https://noaa-nws-rtofs-pds.s3.amazonaws.com/rtofs.20240413/rtofs_glo_3dz_f006_6hrly_hvr_US_east.nc
ARGO_GDAC,pfl,aoml/4903254/profiles/D4903254_345.nc|2024-04-18T12:05:53Z|27.40489|-86.40497,aoml/4903254/profiles/D4903254_345.nc,4903254,4903254,27.40489,-86.40497,2024-04-18T12:05:53Z,20240418,2024,1007,1.0,2004.04,54.0425,True,True,True,https://noaa-nws-rtofs-pds.s3.amazonaws.com/rtofs.20240418/rtofs_glo_3dz_f006_6hrly_hvr_US_east.nc
ARGO_GDAC,pfl,aoml/4903254/profiles/D4903254_345.nc|2024-04-18T12:05:53Z|27.40489|-86.40497,aoml/4903254/profiles/D4903254_345.nc,4903254,4903254,27.40489,-86.40497,2024-04-18T12:05:53Z,20240418,2024,866,0.64,100.0,54.2933,True,True,True,https://noaa-nws-rtofs-pds.s3.amazonaws.com/rtofs.20240418/rtofs_glo_3dz_f006_6hrly_hvr_US_east.nc
ARGO_GDAC,pfl,aoml/4903254/profiles/D4903254_346.nc|2024-04-23T11:58:50Z|27.21845|-86.16438,aoml/4903254/profiles/D4903254_346.nc,4903254,4903254,27.21845,-86.16438,2024-04-23T11:58:50Z,20240423,2024,1014,1.0,2017.08,53.3699,True,True,True,https://noaa-nws-rtofs-pds.s3.amazonaws.com/rtofs.20240423/rtofs_glo_3dz_f006_6hrly_hvr_US_east.nc
ARGO_GDAC,pfl,aoml/4903254/profiles/D4903254_346.nc|2024-04-23T11:58:50Z|27.21845|-86.16438,aoml/4903254/profiles/D4903254_346.nc,4903254,4903254,27.21845,-86.16438,2024-04-23T11:58:50Z,20240423,2024,867,0.64,100.0,52.8286,True,True,True,https://noaa-nws-rtofs-pds.s3.amazonaws.com/rtofs.20240423/rtofs_glo_3dz_f006_6hrly_hvr_US_east.nc
ARGO_GDAC,pfl,aoml/4903254/profiles/D4903254_347.nc|2024-04-28T11:38:37Z|27.17116|-85.95209,aoml/4903254/profiles/D4903254_347.nc,4903254,4903254,27.17116,-85.95209,2024-04-28T11:38:37Z,20240428,2024,1008,1.04,2005.16,10.9691,True,True,True,https://noaa-nws-rtofs-pds.s3.amazonaws.com/rtofs.20240428/rtofs_glo_3dz_f006_6hrly_hvr_US_east.nc
ARGO_GDAC,pfl,aoml/4903254/profiles/D4903254_347.nc|2024-04-28T11:38:37Z|27.17116|-85.95209,aoml/4903254/profiles/D4903254_347.nc,4903254,4903254,27.17116,-85.95209,2024-04-28T11:38:37Z,20240428,2024,817,0.64,100.0,11.42,True,True,True,https://noaa-nws-rtofs-pds.s3.amazonaws.com/rtofs.20240428/rtofs_glo_3dz_f006_6hrly_hvr_US_east.nc
ARGO_GDAC,pfl,aoml/4903254/profiles/D4903254_348.nc|2024-05-03T11:24:00Z|27.42361|-86.10801,aoml/4903254/profiles/D4903254_348.nc,4903254,4903254,27.42361,-86.10801,2024-05-03T11:24:00Z,20240503,2024,1014,0.96,2017.2,15.0565,True,True,True,https://noaa-nws-rtofs-pds.s3.amazonaws.com/rtofs.20240503/rtofs_glo_3dz_f006_6hrly_hvr_US_east.nc
ARGO_GDAC,pfl,aoml/4903254/profiles/D4903254_348.nc|2024-05-03T11:24:00Z|27.42361|-86.10801,aoml/4903254/profiles/D4903254_348.nc,4903254,4903254,27.42361,-86.10801,2024-05-03T11:24:00Z,20240503,2024,872,0.6,99.88,12.3314,True,True,True,https://noaa-nws-rtofs-pds.s3.amazonaws.com/rtofs.20240503/rtofs_glo_3dz_f006_6hrly_hvr_US_east.nc
ARGO_GDAC,pfl,aoml/4903254/profiles/D4903254_349.nc|2024-05-08T11:09:20Z|27.40844|-86.36766,aoml/4903254/profiles/D4903254_349.nc,4903254,4903254,27.40844,-86.36766,2024-05-08T11:09:20Z,20240508,2024,1008,1.04,2005.72,10.8279,True,True,True,https://noaa-nws-rtofs-pds.s3.amazonaws.com/rtofs.20240508/rtofs_glo_3dz_f006_6hrly_hvr_US_east.nc
ARGO_GDAC,pfl,aoml/4903254/profiles/D4903254_349.nc|2024-05-08T11:09:20Z|27.40844|-86.36766,aoml/4903254/profiles/D4903254_349.nc,4903254,4903254,27.40844,-86.36766,2024-05-08T11:09:20Z,20240508,2024,923,0.6,99.92,10.6144,True,True,True,https://noaa-nws-rtofs-pds.s3.amazonaws.com/rtofs.20240508/rtofs_glo_3dz_f006_6hrly_hvr_US_east.nc
ARGO_GDAC,pfl,aoml/4903254/profiles/D4903254_350.nc|2024-05-13T10:48:45Z|27.30795|-86.51288,aoml/4903254/profiles/D4903254_350.nc,4903254,4903254,27.30795,-86.51288,2024-05-13T10:48:45Z,20240513,2024,1008,1.0,2005.32,16.5034,True,True,True,https://noaa-nws-rtofs-pds.s3.amazonaws.com/rtofs.20240513/rtofs_glo_3dz_f006_6hrly_hvr_US_east.nc
ARGO_GDAC,pfl,aoml/4903254/profiles/D4903254_350.nc|2024-05-13T10:48:45Z|27.30795|-86.51288,aoml/4903254/profiles/D4903254_350.nc,4903254,4903254,27.30795,-86.51288,2024-05-13T10:48:45Z,20240513,2024,905,0.52,99.96,16.324,True,True,True,https://noaa-nws-rtofs-pds.s3.amazonaws.com/rtofs.20240513/rtofs_glo_3dz_f006_6hrly_hvr_US_east.nc
ARGO_GDAC,pfl,aoml/4903254/profiles/D4903254_351.nc|2024-05-18T10:32:50Z|27.27021|-86.65258,aoml/4903254/profiles/D4903254_351.nc,4903254,4903254,27.27021,-86.65258,2024-05-18T10:32:50Z,20240518,2024,1008,1.08,2005.08,12.0891,True,True,True,https://noaa-nws-rtofs-pds.s3.amazonaws.com/rtofs.20240518/rtofs_glo_3dz_f006_6hrly_hvr_US_east.nc
ARGO_GDAC,pfl,aoml/4903254/profiles/D4903254_351.nc|2024-05-18T10:32:50Z|27.27021|-86.65258,aoml/4903254/profiles/D4903254_351.nc,4903254,4903254,27.27021,-86.65258,2024-05-18T10:32:50Z,20240518,2024,919,0.68,99.92,11.5216,True,True,True,https://noaa-nws-rtofs-pds.s3.amazonaws.com/rtofs.20240518/rtofs_glo_3dz_f006_6hrly_hvr_US_east.nc
ARGO_GDAC,pfl,aoml/4903254/profiles/D4903254_352.nc|2024-05-23T10:17:53Z|27.24679|-86.74834,aoml/4903254/profiles/D4903254_352.nc,4903254,4903254,27.24679,-86.74834,2024-05-23T10:17:53Z,20240523,2024,1013,1.04,2015.36,19.273,True,True,True,https://noaa-nws-rtofs-pds.s3.amazonaws.com/rtofs.20240523/rtofs_glo_3dz_f006_6hrly_hvr_US_east.nc
ARGO_GDAC,pfl,aoml/4903254/profiles/D4903254_352.nc|2024-05-23T10:17:53Z|27.24679|-86.74834,aoml/4903254/profiles/D4903254_352.nc,4903254,4903254,27.24679,-86.74834,2024-05-23T10:17:53Z,20240523,2024,940,0.64,99.96,18.768,True,True,True,https://noaa-nws-rtofs-pds.s3.amazonaws.com/rtofs.20240523/rtofs_glo_3dz_f006_6hrly_hvr_US_east.nc
ARGO_GDAC,pfl,aoml/4903254/profiles/D4903254_353.nc|2024-05-28T10:01:14Z|27.43530|-86.73737,aoml/4903254/profiles/D4903254_353.nc,4903254,4903254,27.4353,-86.73737,2024-05-28T10:01:14Z,20240528,2024,1008,1.04,2005.76,11.4407,True,True,True,https://noaa-nws-rtofs-pds.s3.amazonaws.com/rtofs.20240528/rtofs_glo_3dz_f006_6hrly_hvr_US_east.nc
ARGO_GDAC,pfl,aoml/4903254/profiles/D4903254_353.nc|2024-05-28T10:01:14Z|27.43530|-86.73737,aoml/4903254/profiles/D4903254_353.nc,4903254,4903254,27.4353,-86.73737,2024-05-28T10:01:14Z,20240528,2024,960,0.56,99.92,11.16,True,True,True,https://noaa-nws-rtofs-pds.s3.amazonaws.com/rtofs.20240528/rtofs_glo_3dz_f006_6hrly_hvr_US_east.nc
ARGO_GDAC,pfl,aoml/4903254/profiles/D4903254_354.nc|2024-06-02T09:48:06Z|27.69337|-87.03912,aoml/4903254/profiles/D4903254_354.nc,4903254,4903254,27.69337,-87.03912,2024-06-02T09:48:06Z,20240602,2024,1013,1.0,2015.68,18.4809,True,True,True,https://noaa-nws-rtofs-pds.s3.amazonaws.com/rtofs.20240602/rtofs_glo_3dz_f006_6hrly_hvr_US_east.nc
ARGO_GDAC,pfl,aoml/4903254/profiles/D4903254_354.nc|2024-06-02T09:48:06Z|27.69337|-87.03912,aoml/4903254/profiles/D4903254_354.nc,4903254,4903254,27.69337,-87.03912,2024-06-02T09:48:06Z,20240602,2024,907,0.64,99.88,19.3101,True,True,True,https://noaa-nws-rtofs-pds.s3.amazonaws.com/rtofs.20240602/rtofs_glo_3dz_f006_6hrly_hvr_US_east.nc
ARGO_GDAC,pfl,aoml/4903254/profiles/D4903254_355.nc|2024-06-07T09:31:46Z|27.47713|-87.50963,aoml/4903254/profiles/D4903254_355.nc,4903254,4903254,27.47713,-87.50963,2024-06-07T09:31:46Z,20240607,2024,1013,1.0,2015.92,15.4935,True,True,True,https://noaa-nws-rtofs-pds.s3.amazonaws.com/rtofs.20240607/rtofs_glo_3dz_f006_6hrly_hvr_US_east.nc
ARGO_GDAC,pfl,aoml/4903254/profiles/D4903254_355.nc|2024-06-07T09:31:46Z|27.47713|-87.50963,aoml/4903254/profiles/D4903254_355.nc,4903254,4903254,27.47713,-87.50963,2024-06-07T09:31:46Z,20240607,2024,950,0.56,99.92,15.692,True,True,True,https://noaa-nws-rtofs-pds.s3.amazonaws.com/rtofs.20240607/rtofs_glo_3dz_f006_6hrly_hvr_US_east.nc
ARGO_GDAC,pfl,aoml/4903254/profiles/D4903254_356.nc|2024-06-12T09:05:53Z|27.42747|-87.70055,aoml/4903254/profiles/D4903254_356.nc,4903254,4903254,27.42747,-87.70055,2024-06-12T09:05:53Z,20240612,2024,1008,1.04,2006.04,12.4846,True,True,True,https://noaa-nws-rtofs-pds.s3.amazonaws.com/rtofs.20240612/rtofs_glo_3dz_f006_6hrly_hvr_US_east.nc
ARGO_GDAC,pfl,aoml/4903254/profiles/D4903254_356.nc|2024-06-12T09:05:53Z|27.42747|-87.70055,aoml/4903254/profiles/D4903254_356.nc,4903254,4903254,27.42747,-87.70055,2024-06-12T09:05:53Z,20240612,2024,958,0.6,100.0,11.7067,True,True,True,https://noaa-nws-rtofs-pds.s3.amazonaws.com/rtofs.20240612/rtofs_glo_3dz_f006_6hrly_hvr_US_east.nc
ARGO_GDAC,pfl,aoml/4903254/profiles/D4903254_357.nc|2024-06-17T08:51:09Z|27.61340|-87.41575,aoml/4903254/profiles/D4903254_357.nc,4903254,4903254,27.6134,-87.41575,2024-06-17T08:51:09Z,20240617,2024,1008,1.0,2005.08,16.5442,True,True,True,https://noaa-nws-rtofs-pds.s3.amazonaws.com/rtofs.20240617/rtofs_glo_3dz_f006_6hrly_hvr_US_east.nc
ARGO_GDAC,pfl,aoml/4903254/profiles/D4903254_357.nc|2024-06-17T08:51:09Z|27.61340|-87.41575,aoml/4903254/profiles/D4903254_357.nc,4903254,4903254,27.6134,-87.41575,2024-06-17T08:51:09Z,20240617,2024,905,0.68,99.96,16.7517,True,True,True,https://noaa-nws-rtofs-pds.s3.amazonaws.com/rtofs.20240617/rtofs_glo_3dz_f006_6hrly_hvr_US_east.nc
ARGO_GDAC,pfl,aoml/4903254/profiles/D4903254_358.nc|2024-06-22T08:32:39Z|27.80699|-87.10582,aoml/4903254/profiles/D4903254_358.nc,4903254,4903254,27.80699,-87.10582,2024-06-22T08:32:39Z,20240622,2024,1008,1.04,2005.6,32.2627,True,True,True,https://noaa-nws-rtofs-pds.s3.amazonaws.com/rtofs.20240622/rtofs_glo_3dz_f006_6hrly_hvr_US_east.nc
ARGO_GDAC,pfl,aoml/4903254/profiles/D4903254_358.nc|2024-06-22T08:32:39Z|27.80699|-87.10582,aoml/4903254/profiles/D4903254_358.nc,4903254,4903254,27.80699,-87.10582,2024-06-22T08:32:39Z,20240622,2024,920,0.68,99.92,32.8432,True,True,True,https://noaa-nws-rtofs-pds.s3.amazonaws.com/rtofs.20240622/rtofs_glo_3dz_f006_6hrly_hvr_US_east.nc
ARGO_GDAC,pfl,aoml/4903254/profiles/D4903254_359.nc|2024-06-27T08:12:05Z|27.87261|-87.05203,aoml/4903254/profiles/D4903254_359.nc,4903254,4903254,27.87261,-87.05203,2024-06-27T08:12:05Z,20240627,2024,1008,1.08,2005.64,14.2155,True,True,True,https://noaa-nws-rtofs-pds.s3.amazonaws.com/rtofs.20240627/rtofs_glo_3dz_f006_6hrly_hvr_US_east.nc
ARGO_GDAC,pfl,aoml/4903254/profiles/D4903254_359.nc|2024-06-27T08:12:05Z|27.87261|-87.05203,aoml/4903254/profiles/D4903254_359.nc,4903254,4903254,27.87261,-87.05203,2024-06-27T08:12:05Z,20240627,2024,910,0.72,99.88,13.9753,True,True,True,https://noaa-nws-rtofs-pds.s3.amazonaws.com/rtofs.20240627/rtofs_glo_3dz_f006_6hrly_hvr_US_east.nc
ARGO_GDAC,pfl,aoml/4903254/profiles/D4903254_360.nc|2024-07-02T07:58:51Z|27.91415|-87.04734,aoml/4903254/profiles/D4903254_360.nc,4903254,4903254,27.91415,-87.04734,2024-07-02T07:58:51Z,20240702,2024,1009,1.08,2007.16,12.6428,True,True,True,https://noaa-nws-rtofs-pds.s3.amazonaws.com/rtofs.20240702/rtofs_glo_3dz_f006_6hrly_hvr_US_east.nc
ARGO_GDAC,pfl,aoml/4903254/profiles/D4903254_360.nc|2024-07-02T07:58:51Z|27.91415|-87.04734,aoml/4903254/profiles/D4903254_360.nc,4903254,4903254,27.91415,-87.04734,2024-07-02T07:58:51Z,20240702,2024,977,0.68,99.96,13.152,True,True,True,https://noaa-nws-rtofs-pds.s3.amazonaws.com/rtofs.20240702/rtofs_glo_3dz_f006_6hrly_hvr_US_east.nc
ARGO_GDAC,pfl,aoml/4903254/profiles/D4903254_361.nc|2024-07-07T07:37:41Z|27.94914|-87.30520,aoml/4903254/profiles/D4903254_361.nc,4903254,4903254,27.94914,-87.3052,2024-07-07T07:37:41Z,20240707,2024,1008,1.0,2005.48,12.7552,True,True,True,https://noaa-nws-rtofs-pds.s3.amazonaws.com/rtofs.20240707/rtofs_glo_3dz_f006_6hrly_hvr_US_east.nc
ARGO_GDAC,pfl,aoml/4903254/profiles/D4903254_361.nc|2024-07-07T07:37:41Z|27.94914|-87.30520,aoml/4903254/profiles/D4903254_361.nc,4903254,4903254,27.94914,-87.3052,2024-07-07T07:37:41Z,20240707,2024,960,0.68,99.96,13.1472,True,True,True,https://noaa-nws-rtofs-pds.s3.amazonaws.com/rtofs.20240707/rtofs_glo_3dz_f006_6hrly_hvr_US_east.nc
ARGO_GDAC,pfl,aoml/4903254/profiles/D4903254_362.nc|2024-07-12T07:21:32Z|27.78847|-87.61478,aoml/4903254/profiles/D4903254_362.nc,4903254,4903254,27.78847,-87.61478,2024-07-12T07:21:32Z,20240712,2024,1009,1.08,2007.2,25.5547,True,True,True,https://noaa-nws-rtofs-pds.s3.amazonaws.com/rtofs.20240712/rtofs_glo_3dz_f006_6hrly_hvr_US_east.nc
ARGO_GDAC,pfl,aoml/4903254/profiles/D4903254_362.nc|2024-07-12T07:21:32Z|27.78847|-87.61478,aoml/4903254/profiles/D4903254_362.nc,4903254,4903254,27.78847,-87.61478,2024-07-12T07:21:32Z,20240712,2024,987,0.68,99.96,26.04,True,True,True,https://noaa-nws-rtofs-pds.s3.amazonaws.com/rtofs.20240712/rtofs_glo_3dz_f006_6hrly_hvr_US_east.nc
ARGO_GDAC,pfl,aoml/4903254/profiles/D4903254_363.nc|2024-07-17T07:04:34Z|27.66139|-87.77314,aoml/4903254/profiles/D4903254_363.nc,4903254,4903254,27.66139,-87.77314,2024-07-17T07:04:34Z,20240717,2024,1009,1.04,2007.12,18.0157,True,True,True,https://noaa-nws-rtofs-pds.s3.amazonaws.com/rtofs.20240717/rtofs_glo_3dz_f006_6hrly_hvr_US_east.nc
ARGO_GDAC,pfl,aoml/4903254/profiles/D4903254_363.nc|2024-07-17T07:04:34Z|27.66139|-87.77314,aoml/4903254/profiles/D4903254_363.nc,4903254,4903254,27.66139,-87.77314,2024-07-17T07:04:34Z,20240717,2024,979,0.68,100.0,18.365,True,True,True,https://noaa-nws-rtofs-pds.s3.amazonaws.com/rtofs.20240717/rtofs_glo_3dz_f006_6hrly_hvr_US_east.nc
ARGO_GDAC,pfl,aoml/4903254/profiles/D4903254_364.nc|2024-07-22T06:42:39Z|27.70529|-87.65311,aoml/4903254/profiles/D4903254_364.nc,4903254,4903254,27.70529,-87.65311,2024-07-22T06:42:39Z,20240722,2024,1009,1.08,2007.08,18.0462,True,True,True,https://noaa-nws-rtofs-pds.s3.amazonaws.com/rtofs.20240722/rtofs_glo_3dz_f006_6hrly_hvr_US_east.nc
ARGO_GDAC,pfl,aoml/4903254/profiles/D4903254_364.nc|2024-07-22T06:42:39Z|27.70529|-87.65311,aoml/4903254/profiles/D4903254_364.nc,4903254,4903254,27.70529,-87.65311,2024-07-22T06:42:39Z,20240722,2024,1020,1.8,100.0,18.16,True,True,True,https://noaa-nws-rtofs-pds.s3.amazonaws.com/rtofs.20240722/rtofs_glo_3dz_f006_6hrly_hvr_US_east.nc
ARGO_GDAC,pfl,aoml/4903254/profiles/D4903254_365.nc|2024-07-27T06:22:38Z|27.77536|-87.45691,aoml/4903254/profiles/D4903254_365.nc,4903254,4903254,27.77536,-87.45691,2024-07-27T06:22:38Z,20240727,2024,1008,1.08,2005.44,23.1491,True,True,True,https://noaa-nws-rtofs-pds.s3.amazonaws.com/rtofs.20240727/rtofs_glo_3dz_f006_6hrly_hvr_US_east.nc
ARGO_GDAC,pfl,aoml/4903254/profiles/D4903254_365.nc|2024-07-27T06:22:38Z|27.77536|-87.45691,aoml/4903254/profiles/D4903254_365.nc,4903254,4903254,27.77536,-87.45691,2024-07-27T06:22:38Z,20240727,2024,983,0.64,100.0,23.28,True,True,True,https://noaa-nws-rtofs-pds.s3.amazonaws.com/rtofs.20240727/rtofs_glo_3dz_f006_6hrly_hvr_US_east.nc
ARGO_GDAC,pfl,aoml/4903254/profiles/D4903254_366.nc|2024-08-01T06:03:12Z|27.85220|-87.50657,aoml/4903254/profiles/D4903254_366.nc,4903254,4903254,27.8522,-87.50657,2024-08-01T06:03:12Z,20240801,2024,1008,1.0,2005.8,12.679,True,True,True,https://noaa-nws-rtofs-pds.s3.amazonaws.com/rtofs.20240801/rtofs_glo_3dz_f006_6hrly_hvr_US_east.nc
ARGO_GDAC,pfl,aoml/4903254/profiles/D4903254_366.nc|2024-08-01T06:03:12Z|27.85220|-87.50657,aoml/4903254/profiles/D4903254_366.nc,4903254,4903254,27.8522,-87.50657,2024-08-01T06:03:12Z,20240801,2024,946,0.64,99.92,12.8376,True,True,True,https://noaa-nws-rtofs-pds.s3.amazonaws.com/rtofs.20240801/rtofs_glo_3dz_f006_6hrly_hvr_US_east.nc
ARGO_GDAC,pfl,aoml/4903254/profiles/D4903254_367.nc|2024-08-06T05:43:24Z|27.72605|-87.49263,aoml/4903254/profiles/D4903254_367.nc,4903254,4903254,27.72605,-87.49263,2024-08-06T05:43:24Z,20240806,2024,1008,1.0,2005.36,29.8382,True,True,True,https://noaa-nws-rtofs-pds.s3.amazonaws.com/rtofs.20240806/rtofs_glo_3dz_f006_6hrly_hvr_US_east.nc
ARGO_GDAC,pfl,aoml/4903254/profiles/D4903254_367.nc|2024-08-06T05:43:24Z|27.72605|-87.49263,aoml/4903254/profiles/D4903254_367.nc,4903254,4903254,27.72605,-87.49263,2024-08-06T05:43:24Z,20240806,2024,933,0.64,99.96,29.745,True,True,True,https://noaa-nws-rtofs-pds.s3.amazonaws.com/rtofs.20240806/rtofs_glo_3dz_f006_6hrly_hvr_US_east.nc
ARGO_GDAC,pfl,aoml/4903254/profiles/D4903254_368.nc|2024-08-11T05:21:51Z|27.59942|-87.36701,aoml/4903254/profiles/D4903254_368.nc,4903254,4903254,27.59942,-87.36701,2024-08-11T05:21:51Z,20240811,2024,1008,1.08,2005.68,29.4251,True,True,True,https://noaa-nws-rtofs-pds.s3.amazonaws.com/rtofs.20240811/rtofs_glo_3dz_f006_6hrly_hvr_US_east.nc
ARGO_GDAC,pfl,aoml/4903254/profiles/D4903254_368.nc|2024-08-11T05:21:51Z|27.59942|-87.36701,aoml/4903254/profiles/D4903254_368.nc,4903254,4903254,27.59942,-87.36701,2024-08-11T05:21:51Z,20240811,2024,889,0.76,99.96,29.3124,True,True,True,https://noaa-nws-rtofs-pds.s3.amazonaws.com/rtofs.20240811/rtofs_glo_3dz_f006_6hrly_hvr_US_east.nc
ARGO_GDAC,pfl,aoml/4903254/profiles/D4903254_369.nc|2024-08-16T04:59:08Z|27.60752|-87.27511,aoml/4903254/profiles/D4903254_369.nc,4903254,4903254,27.60752,-87.27511,2024-08-16T04:59:08Z,20240816,2024,1009,1.0,2007.16,17.8697,True,True,True,https://noaa-nws-rtofs-pds.s3.amazonaws.com/rtofs.20240816/rtofs_glo_3dz_f006_6hrly_hvr_US_east.nc
ARGO_GDAC,pfl,aoml/4903254/profiles/D4903254_369.nc|2024-08-16T04:59:08Z|27.60752|-87.27511,aoml/4903254/profiles/D4903254_369.nc,4903254,4903254,27.60752,-87.27511,2024-08-16T04:59:08Z,20240816,2024,961,0.6,99.96,18.0831,True,True,True,https://noaa-nws-rtofs-pds.s3.amazonaws.com/rtofs.20240816/rtofs_glo_3dz_f006_6hrly_hvr_US_east.nc
ARGO_GDAC,pfl,aoml/4903254/profiles/D4903254_370.nc|2024-08-21T04:43:29Z|27.75085|-87.17084,aoml/4903254/profiles/D4903254_370.nc,4903254,4903254,27.75085,-87.17084,2024-08-21T04:43:29Z,20240821,2024,1008,1.04,2005.4,32.3316,True,True,True,https://noaa-nws-rtofs-pds.s3.amazonaws.com/rtofs.20240821/rtofs_glo_3dz_f006_6hrly_hvr_US_east.nc
ARGO_GDAC,pfl,aoml/4903254/profiles/D4903254_370.nc|2024-08-21T04:43:29Z|27.75085|-87.17084,aoml/4903254/profiles/D4903254_370.nc,4903254,4903254,27.75085,-87.17084,2024-08-21T04:43:29Z,20240821,2024,904,0.64,99.92,32.86,True,True,True,https://noaa-nws-rtofs-pds.s3.amazonaws.com/rtofs.20240821/rtofs_glo_3dz_f006_6hrly_hvr_US_east.nc
ARGO_GDAC,pfl,aoml/4903254/profiles/D4903254_371.nc|2024-08-26T04:30:47Z|27.92154|-87.33511,aoml/4903254/profiles/D4903254_371.nc,4903254,4903254,27.92154,-87.33511,2024-08-26T04:30:47Z,20240826,2024,1009,0.44,2005.04,42.8148,True,True,True,https://noaa-nws-rtofs-pds.s3.amazonaws.com/rtofs.20240826/rtofs_glo_3dz_f006_6hrly_hvr_US_east.nc
ARGO_GDAC,pfl,aoml/4903254/profiles/D4903254_371.nc|2024-08-26T04:30:47Z|27.92154|-87.33511,aoml/4903254/profiles/D4903254_371.nc,4903254,4903254,27.92154,-87.33511,2024-08-26T04:30:47Z,20240826,2024,828,0.44,99.96,43.6024,True,True,True,https://noaa-nws-rtofs-pds.s3.amazonaws.com/rtofs.20240826/rtofs_glo_3dz_f006_6hrly_hvr_US_east.nc
ARGO_GDAC,pfl,aoml/4903254/profiles/D4903254_372.nc|2024-08-31T04:18:07Z|27.90798|-87.22506,aoml/4903254/profiles/D4903254_372.nc,4903254,4903254,27.90798,-87.22506,2024-08-31T04:18:07Z,20240831,2024,1008,1.04,2005.4,36.1377,True,True,True,https://noaa-nws-rtofs-pds.s3.amazonaws.com/rtofs.20240831/rtofs_glo_3dz_f006_6hrly_hvr_US_east.nc
ARGO_GDAC,pfl,aoml/4903254/profiles/D4903254_372.nc|2024-08-31T04:18:07Z|27.90798|-87.22506,aoml/4903254/profiles/D4903254_372.nc,4903254,4903254,27.90798,-87.22506,2024-08-31T04:18:07Z,20240831,2024,881,0.64,99.96,36.215,True,True,True,https://noaa-nws-rtofs-pds.s3.amazonaws.com/rtofs.20240831/rtofs_glo_3dz_f006_6hrly_hvr_US_east.nc
ARGO_GDAC,pfl,aoml/4903254/profiles/D4903254_373.nc|2024-09-05T03:57:33Z|27.91703|-87.52515,aoml/4903254/profiles/D4903254_373.nc,4903254,4903254,27.91703,-87.52515,2024-09-05T03:57:33Z,20240905,2024,1008,1.08,2005.44,35.9018,True,True,True,https://noaa-nws-rtofs-pds.s3.amazonaws.com/rtofs.20240905/rtofs_glo_3dz_f006_6hrly_hvr_US_east.nc
ARGO_GDAC,pfl,aoml/4903254/profiles/D4903254_373.nc|2024-09-05T03:57:33Z|27.91703|-87.52515,aoml/4903254/profiles/D4903254_373.nc,4903254,4903254,27.91703,-87.52515,2024-09-05T03:57:33Z,20240905,2024,949,0.64,99.92,36.0869,True,True,True,https://noaa-nws-rtofs-pds.s3.amazonaws.com/rtofs.20240905/rtofs_glo_3dz_f006_6hrly_hvr_US_east.nc
ARGO_GDAC,pfl,aoml/4903254/profiles/D4903254_374.nc|2024-09-10T03:40:11Z|28.17506|-87.32241,aoml/4903254/profiles/D4903254_374.nc,4903254,4903254,28.17506,-87.32241,2024-09-10T03:40:11Z,20240910,2024,1010,0.4,2007.08,29.2576,True,True,True,https://noaa-nws-rtofs-pds.s3.amazonaws.com/rtofs.20240910/rtofs_glo_3dz_f006_6hrly_hvr_US_east.nc
ARGO_GDAC,pfl,aoml/4903254/profiles/D4903254_374.nc|2024-09-10T03:40:11Z|28.17506|-87.32241,aoml/4903254/profiles/D4903254_374.nc,4903254,4903254,28.17506,-87.32241,2024-09-10T03:40:11Z,20240910,2024,946,0.4,99.92,29.2688,True,True,True,https://noaa-nws-rtofs-pds.s3.amazonaws.com/rtofs.20240910/rtofs_glo_3dz_f006_6hrly_hvr_US_east.nc
ARGO_GDAC,pfl,aoml/4903254/profiles/D4903254_375.nc|2024-09-15T03:22:00Z|28.18559|-86.91054,aoml/4903254/profiles/D4903254_375.nc,4903254,4903254,28.18559,-86.91054,2024-09-15T03:22:00Z,20240915,2024,1008,1.04,2005.64,12.6141,True,True,True,https://noaa-nws-rtofs-pds.s3.amazonaws.com/rtofs.20240915/rtofs_glo_3dz_f006_6hrly_hvr_US_east.nc
ARGO_GDAC,pfl,aoml/4903254/profiles/D4903254_375.nc|2024-09-15T03:22:00Z|28.18559|-86.91054,aoml/4903254/profiles/D4903254_375.nc,4903254,4903254,28.18559,-86.91054,2024-09-15T03:22:00Z,20240915,2024,1004,0.64,99.84,13.012,True,True,True,https://noaa-nws-rtofs-pds.s3.amazonaws.com/rtofs.20240915/rtofs_glo_3dz_f006_6hrly_hvr_US_east.nc
ARGO_GDAC,pfl,aoml/4903254/profiles/D4903254_376.nc|2024-09-20T02:38:21Z|28.31088|-87.20435,aoml/4903254/profiles/D4903254_376.nc,4903254,4903254,28.31088,-87.20435,2024-09-20T02:38:21Z,20240920,2024,850,1.0,1689.08,20.6148,True,True,True,https://noaa-nws-rtofs-pds.s3.amazonaws.com/rtofs.20240920/rtofs_glo_3dz_f006_6hrly_hvr_US_east.nc
ARGO_GDAC,pfl,aoml/4903254/profiles/D4903254_376.nc|2024-09-20T02:38:21Z|28.31088|-87.20435,aoml/4903254/profiles/D4903254_376.nc,4903254,4903254,28.31088,-87.20435,2024-09-20T02:38:21Z,20240920,2024,887,0.6,99.88,20.9962,True,True,True,https://noaa-nws-rtofs-pds.s3.amazonaws.com/rtofs.20240920/rtofs_glo_3dz_f006_6hrly_hvr_US_east.nc
ARGO_GDAC,pfl,aoml/4903254/profiles/D4903254_377.nc|2024-09-25T01:22:45Z|28.37575|-87.28958,aoml/4903254/profiles/D4903254_377.nc,4903254,4903254,28.37575,-87.28958,2024-09-25T01:22:45Z,20240925,2024,757,1.08,1503.08,18.3286,True,True,True,https://noaa-nws-rtofs-pds.s3.amazonaws.com/rtofs.20240925/rtofs_glo_3dz_f006_6hrly_hvr_US_east.nc
ARGO_GDAC,pfl,aoml/4903254/profiles/D4903254_377.nc|2024-09-25T01:22:45Z|28.37575|-87.28958,aoml/4903254/profiles/D4903254_377.nc,4903254,4903254,28.37575,-87.28958,2024-09-25T01:22:45Z,20240925,2024,987,0.76,99.92,19.2075,True,True,True,https://noaa-nws-rtofs-pds.s3.amazonaws.com/rtofs.20240925/rtofs_glo_3dz_f006_6hrly_hvr_US_east.nc
ARGO_GDAC,pfl,aoml/4903254/profiles/D4903254_378.nc|2024-09-30T00:35:57Z|28.49542|-87.43534,aoml/4903254/profiles/D4903254_378.nc,4903254,4903254,28.49542,-87.43534,2024-09-30T00:35:57Z,20240930,2024,852,1.04,1693.76,27.9614,True,True,True,https://noaa-nws-rtofs-pds.s3.amazonaws.com/rtofs.20240930/rtofs_glo_3dz_f006_6hrly_hvr_US_east.nc
ARGO_GDAC,pfl,aoml/4903254/profiles/D4903254_378.nc|2024-09-30T00:35:57Z|28.49542|-87.43534,aoml/4903254/profiles/D4903254_378.nc,4903254,4903254,28.49542,-87.43534,2024-09-30T00:35:57Z,20240930,2024,992,0.56,99.92,28.438,True,True,True,https://noaa-nws-rtofs-pds.s3.amazonaws.com/rtofs.20240930/rtofs_glo_3dz_f006_6hrly_hvr_US_east.nc
ARGO_GDAC,pfl,aoml/4903254/profiles/D4903254_379.nc|2024-10-04T23:12:43Z|28.75684|-87.45932,aoml/4903254/profiles/D4903254_379.nc,4903254,4903254,28.75684,-87.45932,2024-10-04T23:12:43Z,20241004,2024,757,1.12,1503.16,26.5183,True,True,True,https://noaa-nws-rtofs-pds.s3.amazonaws.com/rtofs.20241004/rtofs_glo_3dz_f006_6hrly_hvr_US_east.nc
ARGO_GDAC,pfl,aoml/4903254/profiles/D4903254_379.nc|2024-10-04T23:12:43Z|28.75684|-87.45932,aoml/4903254/profiles/D4903254_379.nc,4903254,4903254,28.75684,-87.45932,2024-10-04T23:12:43Z,20241004,2024,898,0.72,99.96,26.2889,True,True,True,https://noaa-nws-rtofs-pds.s3.amazonaws.com/rtofs.20241004/rtofs_glo_3dz_f006_6hrly_hvr_US_east.nc
ARGO_GDAC,pfl,aoml/4903254/profiles/D4903254_380.nc|2024-10-09T23:01:46Z|28.89131|-87.74654,aoml/4903254/profiles/D4903254_380.nc,4903254,4903254,28.89131,-87.74654,2024-10-09T23:01:46Z,20241009,2024,971,1.12,1931.92,40.1121,True,True,True,https://noaa-nws-rtofs-pds.s3.amazonaws.com/rtofs.20241009/rtofs_glo_3dz_f006_6hrly_hvr_US_east.nc
ARGO_GDAC,pfl,aoml/4903254/profiles/D4903254_380.nc|2024-10-09T23:01:46Z|28.89131|-87.74654,aoml/4903254/profiles/D4903254_380.nc,4903254,4903254,28.89131,-87.74654,2024-10-09T23:01:46Z,20241009,2024,954,0.8,99.96,40.431,True,True,True,https://noaa-nws-rtofs-pds.s3.amazonaws.com/rtofs.20241009/rtofs_glo_3dz_f006_6hrly_hvr_US_east.nc
ARGO_GDAC,pfl,aoml/4903254/profiles/D4903254_381.nc|2024-10-14T23:12:17Z|28.79594|-87.93226,aoml/4903254/profiles/D4903254_381.nc,4903254,4903254,28.79594,-87.93226,2024-10-14T23:12:17Z,20241014,2024,1004,1.04,1997.16,48.7018,True,True,True,https://noaa-nws-rtofs-pds.s3.amazonaws.com/rtofs.20241014/rtofs_glo_3dz_f006_6hrly_hvr_US_east.nc
ARGO_GDAC,pfl,aoml/4903254/profiles/D4903254_381.nc|2024-10-14T23:12:17Z|28.79594|-87.93226,aoml/4903254/profiles/D4903254_381.nc,4903254,4903254,28.79594,-87.93226,2024-10-14T23:12:17Z,20241014,2024,957,0.68,99.96,49.4882,True,True,True,https://noaa-nws-rtofs-pds.s3.amazonaws.com/rtofs.20241014/rtofs_glo_3dz_f006_6hrly_hvr_US_east.nc
ARGO_GDAC,pfl,aoml/4903254/profiles/D4903254_382.nc|2024-10-19T22:30:58Z|28.69026|-88.05818,aoml/4903254/profiles/D4903254_382.nc,4903254,4903254,28.69026,-88.05818,2024-10-19T22:30:58Z,20241019,2024,887,1.12,1763.24,51.7742,True,True,True,https://noaa-nws-rtofs-pds.s3.amazonaws.com/rtofs.20241019/rtofs_glo_3dz_f006_6hrly_hvr_US_east.nc
ARGO_GDAC,pfl,aoml/4903254/profiles/D4903254_382.nc|2024-10-19T22:30:58Z|28.69026|-88.05818,aoml/4903254/profiles/D4903254_382.nc,4903254,4903254,28.69026,-88.05818,2024-10-19T22:30:58Z,20241019,2024,910,0.8,99.88,51.5645,True,True,True,https://noaa-nws-rtofs-pds.s3.amazonaws.com/rtofs.20241019/rtofs_glo_3dz_f006_6hrly_hvr_US_east.nc
ARGO_GDAC,pfl,aoml/4903254/profiles/D4903254_383.nc|2024-10-24T22:15:05Z|28.71679|-88.15754,aoml/4903254/profiles/D4903254_383.nc,4903254,4903254,28.71679,-88.15754,2024-10-24T22:15:05Z,20241024,2024,937,1.08,1863.36,58.6986,True,True,True,https://noaa-nws-rtofs-pds.s3.amazonaws.com/rtofs.20241024/rtofs_glo_3dz_f006_6hrly_hvr_US_east.nc
ARGO_GDAC,pfl,aoml/4903254/profiles/D4903254_383.nc|2024-10-24T22:15:05Z|28.71679|-88.15754,aoml/4903254/profiles/D4903254_383.nc,4903254,4903254,28.71679,-88.15754,2024-10-24T22:15:05Z,20241024,2024,967,0.72,99.92,59.4,True,True,True,https://noaa-nws-rtofs-pds.s3.amazonaws.com/rtofs.20241024/rtofs_glo_3dz_f006_6hrly_hvr_US_east.nc
ARGO_GDAC,pfl,aoml/4903254/profiles/D4903254_384.nc|2024-10-29T21:36:37Z|28.69642|-88.09632,aoml/4903254/profiles/D4903254_384.nc,4903254,4903254,28.69642,-88.09632,2024-10-29T21:36:37Z,20241029,2024,875,1.16,1739.92,46.9659,True,True,True,https://noaa-nws-rtofs-pds.s3.amazonaws.com/rtofs.20241029/rtofs_glo_3dz_f006_6hrly_hvr_US_east.nc
ARGO_GDAC,pfl,aoml/4903254/profiles/D4903254_384.nc|2024-10-29T21:36:37Z|28.69642|-88.09632,aoml/4903254/profiles/D4903254_384.nc,4903254,4903254,28.69642,-88.09632,2024-10-29T21:36:37Z,20241029,2024,1002,0.84,100.0,47.6945,True,True,True,https://noaa-nws-rtofs-pds.s3.amazonaws.com/rtofs.20241029/rtofs_glo_3dz_f006_6hrly_hvr_US_east.nc
ARGO_GDAC,pfl,aoml/4903254/profiles/D4903254_385.nc|2024-11-03T21:39:10Z|28.60751|-88.16642,aoml/4903254/profiles/D4903254_385.nc,4903254,4903254,28.60751,-88.16642,2024-11-03T21:39:10Z,20241103,2024,984,1.0,1957.28,65.8824,True,True,True,https://noaa-nws-rtofs-pds.s3.amazonaws.com/rtofs.20241103/rtofs_glo_3dz_f006_6hrly_hvr_US_east.nc
ARGO_GDAC,pfl,aoml/4903254/profiles/D4903254_385.nc|2024-11-03T21:39:10Z|28.60751|-88.16642,aoml/4903254/profiles/D4903254_385.nc,4903254,4903254,28.60751,-88.16642,2024-11-03T21:39:10Z,20241103,2024,858,0.52,99.96,66.34,True,True,True,https://noaa-nws-rtofs-pds.s3.amazonaws.com/rtofs.20241103/rtofs_glo_3dz_f006_6hrly_hvr_US_east.nc
ARGO_GDAC,pfl,aoml/4903254/profiles/D4903254_386.nc|2024-11-08T21:20:11Z|28.58589|-88.20647,aoml/4903254/profiles/D4903254_386.nc,4903254,4903254,28.58589,-88.20647,2024-11-08T21:20:11Z,20241108,2024,1008,0.96,2005.36,48.0937,True,True,True,https://noaa-nws-rtofs-pds.s3.amazonaws.com/rtofs.20241108/rtofs_glo_3dz_f006_6hrly_hvr_US_east.nc
ARGO_GDAC,pfl,aoml/4903254/profiles/D4903254_386.nc|2024-11-08T21:20:11Z|28.58589|-88.20647,aoml/4903254/profiles/D4903254_386.nc,4903254,4903254,28.58589,-88.20647,2024-11-08T21:20:11Z,20241108,2024,977,0.52,100.0,48.3378,True,True,True,https://noaa-nws-rtofs-pds.s3.amazonaws.com/rtofs.20241108/rtofs_glo_3dz_f006_6hrly_hvr_US_east.nc
ARGO_GDAC,pfl,aoml/4903254/profiles/D4903254_387.nc|2024-11-13T20:58:34Z|28.59220|-88.23727,aoml/4903254/profiles/D4903254_387.nc,4903254,4903254,28.5922,-88.23727,2024-11-13T20:58:34Z,20241113,2024,1008,1.2,2005.76,55.3669,True,True,True,https://noaa-nws-rtofs-pds.s3.amazonaws.com/rtofs.20241113/rtofs_glo_3dz_f006_6hrly_hvr_US_east.nc
ARGO_GDAC,pfl,aoml/4903254/profiles/D4903254_387.nc|2024-11-13T20:58:34Z|28.59220|-88.23727,aoml/4903254/profiles/D4903254_387.nc,4903254,4903254,28.5922,-88.23727,2024-11-13T20:58:34Z,20241113,2024,1020,6.32,100.0,55.48,True,True,True,https://noaa-nws-rtofs-pds.s3.amazonaws.com/rtofs.20241113/rtofs_glo_3dz_f006_6hrly_hvr_US_east.nc
ARGO_GDAC,pfl,aoml/4903254/profiles/D4903254_388.nc|2024-11-18T20:46:59Z|28.58614|-88.30047,aoml/4903254/profiles/D4903254_388.nc,4903254,4903254,28.58614,-88.30047,2024-11-18T20:46:59Z,20241118,2024,960,1.04,1909.92,62.5707,True,True,True,https://noaa-nws-rtofs-pds.s3.amazonaws.com/rtofs.20241118/rtofs_glo_3dz_f006_6hrly_hvr_US_east.nc
ARGO_GDAC,pfl,aoml/4903254/profiles/D4903254_388.nc|2024-11-18T20:46:59Z|28.58614|-88.30047,aoml/4903254/profiles/D4903254_388.nc,4903254,4903254,28.58614,-88.30047,2024-11-18T20:46:59Z,20241118,2024,984,0.6,99.96,62.9081,True,True,True,https://noaa-nws-rtofs-pds.s3.amazonaws.com/rtofs.20241118/rtofs_glo_3dz_f006_6hrly_hvr_US_east.nc
ARGO_GDAC,pfl,aoml/4903254/profiles/D4903254_389.nc|2024-11-23T20:25:27Z|28.56858|-88.38187,aoml/4903254/profiles/D4903254_389.nc,4903254,4903254,28.56858,-88.38187,2024-11-23T20:25:27Z,20241123,2024,928,1.0,1845.72,76.9286,True,True,True,https://noaa-nws-rtofs-pds.s3.amazonaws.com/rtofs.20241123/rtofs_glo_3dz_f006_6hrly_hvr_US_east.nc
ARGO_GDAC,pfl,aoml/4903254/profiles/D4903254_389.nc|2024-11-23T20:25:27Z|28.56858|-88.38187,aoml/4903254/profiles/D4903254_389.nc,4903254,4903254,28.56858,-88.38187,2024-11-23T20:25:27Z,20241123,2024,902,0.68,99.92,77.2976,True,True,True,https://noaa-nws-rtofs-pds.s3.amazonaws.com/rtofs.20241123/rtofs_glo_3dz_f006_6hrly_hvr_US_east.nc
ARGO_GDAC,pfl,aoml/4903254/profiles/D4903254_390.nc|2024-11-28T19:59:45Z|28.56639|-88.40989,aoml/4903254/profiles/D4903254_390.nc,4903254,4903254,28.56639,-88.40989,2024-11-28T19:59:45Z,20241128,2024,920,1.0,1830.04,58.4462,True,True,True,https://noaa-nws-rtofs-pds.s3.amazonaws.com/rtofs.20241128/rtofs_glo_3dz_f006_6hrly_hvr_US_east.nc
ARGO_GDAC,pfl,aoml/4903254/profiles/D4903254_390.nc|2024-11-28T19:59:45Z|28.56639|-88.40989,aoml/4903254/profiles/D4903254_390.nc,4903254,4903254,28.56639,-88.40989,2024-11-28T19:59:45Z,20241128,2024,910,0.56,99.92,58.2171,True,True,True,https://noaa-nws-rtofs-pds.s3.amazonaws.com/rtofs.20241128/rtofs_glo_3dz_f006_6hrly_hvr_US_east.nc
ARGO_GDAC,pfl,aoml/4903254/profiles/D4903254_391.nc|2024-12-03T19:21:29Z|28.51550|-88.51573,aoml/4903254/profiles/D4903254_391.nc,4903254,4903254,28.5155,-88.51573,2024-12-03T19:21:29Z,20241203,2024,866,1.08,1721.68,54.5973,True,True,True,https://noaa-nws-rtofs-pds.s3.amazonaws.com/rtofs.20241203/rtofs_glo_3dz_f006_6hrly_hvr_US_east.nc
ARGO_GDAC,pfl,aoml/4903254/profiles/D4903254_391.nc|2024-12-03T19:21:29Z|28.51550|-88.51573,aoml/4903254/profiles/D4903254_391.nc,4903254,4903254,28.5155,-88.51573,2024-12-03T19:21:29Z,20241203,2024,897,0.6,99.92,55.3624,True,True,True,https://noaa-nws-rtofs-pds.s3.amazonaws.com/rtofs.20241203/rtofs_glo_3dz_f006_6hrly_hvr_US_east.nc
ARGO_GDAC,pfl,aoml/4903254/profiles/D4903254_392.nc|2024-12-08T18:27:14Z|28.52892|-88.56935,aoml/4903254/profiles/D4903254_392.nc,4903254,4903254,28.52892,-88.56935,2024-12-08T18:27:14Z,20241208,2024,818,1.08,1625.12,65.5747,True,True,True,https://noaa-nws-rtofs-pds.s3.amazonaws.com/rtofs.20241208/rtofs_glo_3dz_f006_6hrly_hvr_US_east.nc
ARGO_GDAC,pfl,aoml/4903254/profiles/D4903254_392.nc|2024-12-08T18:27:14Z|28.52892|-88.56935,aoml/4903254/profiles/D4903254_392.nc,4903254,4903254,28.52892,-88.56935,2024-12-08T18:27:14Z,20241208,2024,849,0.64,99.92,66.3349,True,True,True,https://noaa-nws-rtofs-pds.s3.amazonaws.com/rtofs.20241208/rtofs_glo_3dz_f006_6hrly_hvr_US_east.nc
ARGO_GDAC,pfl,aoml/4903254/profiles/D4903254_393.nc|2024-12-13T17:30:07Z|28.56211|-88.53672,aoml/4903254/profiles/D4903254_393.nc,4903254,4903254,28.56211,-88.53672,2024-12-13T17:30:07Z,20241213,2024,830,1.2,1649.52,76.3064,True,True,True,https://noaa-nws-rtofs-pds.s3.amazonaws.com/rtofs.20241213/rtofs_glo_3dz_f006_6hrly_hvr_US_east.nc
ARGO_GDAC,pfl,aoml/4903254/profiles/D4903254_393.nc|2024-12-13T17:30:07Z|28.56211|-88.53672,aoml/4903254/profiles/D4903254_393.nc,4903254,4903254,28.56211,-88.53672,2024-12-13T17:30:07Z,20241213,2024,841,1.0,99.96,76.68,True,True,True,https://noaa-nws-rtofs-pds.s3.amazonaws.com/rtofs.20241213/rtofs_glo_3dz_f006_6hrly_hvr_US_east.nc
ARGO_GDAC,pfl,aoml/4903254/profiles/D4903254_394.nc|2024-12-18T16:54:24Z|28.54517|-88.50927,aoml/4903254/profiles/D4903254_394.nc,4903254,4903254,28.54517,-88.50927,2024-12-18T16:54:24Z,20241218,2024,860,0.48,1708.28,78.3087,True,True,True,https://noaa-nws-rtofs-pds.s3.amazonaws.com/rtofs.20241218/rtofs_glo_3dz_f006_6hrly_hvr_US_east.nc
ARGO_GDAC,pfl,aoml/4903254/profiles/D4903254_394.nc|2024-12-18T16:54:24Z|28.54517|-88.50927,aoml/4903254/profiles/D4903254_394.nc,4903254,4903254,28.54517,-88.50927,2024-12-18T16:54:24Z,20241218,2024,850,0.48,99.96,78.4178,True,True,True,https://noaa-nws-rtofs-pds.s3.amazonaws.com/rtofs.20241218/rtofs_glo_3dz_f006_6hrly_hvr_US_east.nc
ARGO_GDAC,pfl,aoml/4903254/profiles/D4903254_395.nc|2024-12-23T16:05:30Z|28.55781|-88.52613,aoml/4903254/profiles/D4903254_395.nc,4903254,4903254,28.55781,-88.52613,2024-12-23T16:05:30Z,20241223,2024,848,1.0,1686.12,89.5653,True,True,True,https://noaa-nws-rtofs-pds.s3.amazonaws.com/rtofs.20241223/rtofs_glo_3dz_f006_6hrly_hvr_US_east.nc
ARGO_GDAC,pfl,aoml/4903254/profiles/D4903254_395.nc|2024-12-23T16:05:30Z|28.55781|-88.52613,aoml/4903254/profiles/D4903254_395.nc,4903254,4903254,28.55781,-88.52613,2024-12-23T16:05:30Z,20241223,2024,837,0.56,100.0,90.2075,True,True,True,https://noaa-nws-rtofs-pds.s3.amazonaws.com/rtofs.20241223/rtofs_glo_3dz_f006_6hrly_hvr_US_east.nc
ARGO_GDAC,pfl,aoml/4903254/profiles/D4903254_396.nc|2024-12-28T15:25:00Z|28.54566|-88.50612,aoml/4903254/profiles/D4903254_396.nc,4903254,4903254,28.54566,-88.50612,2024-12-28T15:25:00Z,20241228,2024,861,1.0,1711.8,34.4923,True,True,True,https://noaa-nws-rtofs-pds.s3.amazonaws.com/rtofs.20241228/rtofs_glo_3dz_f006_6hrly_hvr_US_east.nc
ARGO_GDAC,pfl,aoml/4903254/profiles/D4903254_396.nc|2024-12-28T15:25:00Z|28.54566|-88.50612,aoml/4903254/profiles/D4903254_396.nc,4903254,4903254,28.54566,-88.50612,2024-12-28T15:25:00Z,20241228,2024,889,0.64,100.0,34.384,True,True,True,https://noaa-nws-rtofs-pds.s3.amazonaws.com/rtofs.20241228/rtofs_glo_3dz_f006_6hrly_hvr_US_east.nc
ARGO_GDAC,pfl,aoml/4903254/profiles/D4903254_397.nc|2025-01-02T14:47:55Z|28.55072|-88.49173,aoml/4903254/profiles/D4903254_397.nc,4903254,4903254,28.55072,-88.49173,2025-01-02T14:47:55Z,20250102,2025,873,1.08,1735.16,76.3786,True,True,True,https://noaa-nws-rtofs-pds.s3.amazonaws.com/rtofs.20250102/rtofs_glo_3dz_f006_6hrly_hvr_US_east.nc
ARGO_GDAC,pfl,aoml/4903254/profiles/D4903254_397.nc|2025-01-02T14:47:55Z|28.55072|-88.49173,aoml/4903254/profiles/D4903254_397.nc,4903254,4903254,28.55072,-88.49173,2025-01-02T14:47:55Z,20250102,2025,927,0.84,99.96,76.3382,True,True,True,https://noaa-nws-rtofs-pds.s3.amazonaws.com/rtofs.20250102/rtofs_glo_3dz_f006_6hrly_hvr_US_east.nc
ARGO_GDAC,pfl,aoml/4903254/profiles/D4903254_398.nc|2025-01-07T14:08:27Z|28.48295|-88.41677,aoml/4903254/profiles/D4903254_398.nc,4903254,4903254,28.48295,-88.41677,2025-01-07T14:08:27Z,20250107,2025,895,1.12,1779.36,84.1476,True,True,True,https://noaa-nws-rtofs-pds.s3.amazonaws.com/rtofs.20250107/rtofs_glo_3dz_f006_6hrly_hvr_US_east.nc
ARGO_GDAC,pfl,aoml/4903254/profiles/D4903254_398.nc|2025-01-07T14:08:27Z|28.48295|-88.41677,aoml/4903254/profiles/D4903254_398.nc,4903254,4903254,28.48295,-88.41677,2025-01-07T14:08:27Z,20250107,2025,835,0.76,99.96,84.134,True,True,True,https://noaa-nws-rtofs-pds.s3.amazonaws.com/rtofs.20250107/rtofs_glo_3dz_f006_6hrly_hvr_US_east.nc
ARGO_GDAC,pfl,aoml/4903254/profiles/D4903254_399.nc|2025-01-12T13:39:46Z|28.45170|-88.41073,aoml/4903254/profiles/D4903254_399.nc,4903254,4903254,28.4517,-88.41073,2025-01-12T13:39:46Z,20250112,2025,882,1.08,1753.04,70.6271,True,True,True,https://noaa-nws-rtofs-pds.s3.amazonaws.com/rtofs.20250112/rtofs_glo_3dz_f006_6hrly_hvr_US_east.nc
ARGO_GDAC,pfl,aoml/4903254/profiles/D4903254_399.nc|2025-01-12T13:39:46Z|28.45170|-88.41073,aoml/4903254/profiles/D4903254_399.nc,4903254,4903254,28.4517,-88.41073,2025-01-12T13:39:46Z,20250112,2025,893,0.68,99.88,70.8428,True,True,True,https://noaa-nws-rtofs-pds.s3.amazonaws.com/rtofs.20250112/rtofs_glo_3dz_f006_6hrly_hvr_US_east.nc
ARGO_GDAC,pfl,aoml/4903254/profiles/D4903254_400.nc|2025-01-17T13:02:29Z|28.44176|-88.41666,aoml/4903254/profiles/D4903254_400.nc,4903254,4903254,28.44176,-88.41666,2025-01-17T13:02:29Z,20250117,2025,882,1.04,1753.12,108.4579,True,False,True,https://noaa-nws-rtofs-pds.s3.amazonaws.com/rtofs.20250117/rtofs_glo_3dz_f006_6hrly_hvr_US_east.nc
ARGO_GDAC,pfl,aoml/4903254/profiles/D4903254_400.nc|2025-01-17T13:02:29Z|28.44176|-88.41666,aoml/4903254/profiles/D4903254_400.nc,4903254,4903254,28.44176,-88.41666,2025-01-17T13:02:29Z,20250117,2025,804,0.6,99.96,,False,False,True,https://noaa-nws-rtofs-pds.s3.amazonaws.com/rtofs.20250117/rtofs_glo_3dz_f006_6hrly_hvr_US_east.nc
ARGO_GDAC,pfl,aoml/4903254/profiles/D4903254_401.nc|2025-01-22T12:18:12Z|28.38965|-88.45674,aoml/4903254/profiles/D4903254_401.nc,4903254,4903254,28.38965,-88.45674,2025-01-22T12:18:12Z,20250122,2025,867,1.0,1723.68,116.3141,True,False,True,https://noaa-nws-rtofs-pds.s3.amazonaws.com/rtofs.20250122/rtofs_glo_3dz_f006_6hrly_hvr_US_east.nc
ARGO_GDAC,pfl,aoml/4903254/profiles/D4903254_401.nc|2025-01-22T12:18:12Z|28.38965|-88.45674,aoml/4903254/profiles/D4903254_401.nc,4903254,4903254,28.38965,-88.45674,2025-01-22T12:18:12Z,20250122,2025,737,0.56,100.0,,False,False,True,https://noaa-nws-rtofs-pds.s3.amazonaws.com/rtofs.20250122/rtofs_glo_3dz_f006_6hrly_hvr_US_east.nc
ARGO_GDAC,pfl,aoml/4903254/profiles/D4903254_402.nc|2025-01-27T11:25:36Z|28.26602|-88.50521,aoml/4903254/profiles/D4903254_402.nc,4903254,4903254,28.26602,-88.50521,2025-01-27T11:25:36Z,20250127,2025,840,1.04,1669.12,106.6625,True,False,True,https://noaa-nws-rtofs-pds.s3.amazonaws.com/rtofs.20250127/rtofs_glo_3dz_f006_6hrly_hvr_US_east.nc
ARGO_GDAC,pfl,aoml/4903254/profiles/D4903254_402.nc|2025-01-27T11:25:36Z|28.26602|-88.50521,aoml/4903254/profiles/D4903254_402.nc,4903254,4903254,28.26602,-88.50521,2025-01-27T11:25:36Z,20250127,2025,792,0.56,100.0,,False,False,True,https://noaa-nws-rtofs-pds.s3.amazonaws.com/rtofs.20250127/rtofs_glo_3dz_f006_6hrly_hvr_US_east.nc
ARGO_GDAC,pfl,aoml/4903254/profiles/D4903254_403.nc|2025-02-01T10:35:55Z|28.22832|-88.54295,aoml/4903254/profiles/D4903254_403.nc,4903254,4903254,28.22832,-88.54295,2025-02-01T10:35:55Z,20250201,2025,853,1.08,1695.24,71.1192,True,True,True,https://noaa-nws-rtofs-pds.s3.amazonaws.com/rtofs.20250201/rtofs_glo_3dz_f006_6hrly_hvr_US_east.nc
ARGO_GDAC,pfl,aoml/4903254/profiles/D4903254_403.nc|2025-02-01T10:35:55Z|28.22832|-88.54295,aoml/4903254/profiles/D4903254_403.nc,4903254,4903254,28.22832,-88.54295,2025-02-01T10:35:55Z,20250201,2025,782,0.56,99.96,70.7689,True,True,True,https://noaa-nws-rtofs-pds.s3.amazonaws.com/rtofs.20250201/rtofs_glo_3dz_f006_6hrly_hvr_US_east.nc
ARGO_GDAC,pfl,aoml/4903254/profiles/D4903254_404.nc|2025-02-06T09:58:05Z|28.20235|-88.75302,aoml/4903254/profiles/D4903254_404.nc,4903254,4903254,28.20235,-88.75302,2025-02-06T09:58:05Z,20250206,2025,869,1.08,1727.32,25.2099,True,True,True,https://noaa-nws-rtofs-pds.s3.amazonaws.com/rtofs.20250206/rtofs_glo_3dz_f006_6hrly_hvr_US_east.nc
ARGO_GDAC,pfl,aoml/4903254/profiles/D4903254_404.nc|2025-02-06T09:58:05Z|28.20235|-88.75302,aoml/4903254/profiles/D4903254_404.nc,4903254,4903254,28.20235,-88.75302,2025-02-06T09:58:05Z,20250206,2025,868,0.64,99.96,24.97,True,True,True,https://noaa-nws-rtofs-pds.s3.amazonaws.com/rtofs.20250206/rtofs_glo_3dz_f006_6hrly_hvr_US_east.nc
ARGO_GDAC,pfl,aoml/4903254/profiles/D4903254_405.nc|2025-02-11T08:59:25Z|28.00328|-88.83019,aoml/4903254/profiles/D4903254_405.nc,4903254,4903254,28.00328,-88.83019,2025-02-11T08:59:25Z,20250211,2025,809,1.04,1608.24,14.0491,True,True,True,https://noaa-nws-rtofs-pds.s3.amazonaws.com/rtofs.20250211/rtofs_glo_3dz_f006_6hrly_hvr_US_east.nc
ARGO_GDAC,pfl,aoml/4903254/profiles/D4903254_405.nc|2025-02-11T08:59:25Z|28.00328|-88.83019,aoml/4903254/profiles/D4903254_405.nc,4903254,4903254,28.00328,-88.83019,2025-02-11T08:59:25Z,20250211,2025,870,0.6,100.0,12.9158,True,True,True,https://noaa-nws-rtofs-pds.s3.amazonaws.com/rtofs.20250211/rtofs_glo_3dz_f006_6hrly_hvr_US_east.nc
ARGO_GDAC,pfl,aoml/4903254/profiles/D4903254_406.nc|2025-02-16T07:54:33Z|27.89620|-88.86585,aoml/4903254/profiles/D4903254_406.nc,4903254,4903254,27.8962,-88.86585,2025-02-16T07:54:33Z,20250216,2025,791,1.0,1571.68,20.9184,True,True,True,https://noaa-nws-rtofs-pds.s3.amazonaws.com/rtofs.20250216/rtofs_glo_3dz_f006_6hrly_hvr_US_east.nc
ARGO_GDAC,pfl,aoml/4903254/profiles/D4903254_406.nc|2025-02-16T07:54:33Z|27.89620|-88.86585,aoml/4903254/profiles/D4903254_406.nc,4903254,4903254,27.8962,-88.86585,2025-02-16T07:54:33Z,20250216,2025,827,0.6,99.96,20.94,True,True,True,https://noaa-nws-rtofs-pds.s3.amazonaws.com/rtofs.20250216/rtofs_glo_3dz_f006_6hrly_hvr_US_east.nc
ARGO_GDAC,pfl,aoml/4903254/profiles/D4903254_407.nc|2025-02-21T06:51:57Z|27.78668|-88.79776,aoml/4903254/profiles/D4903254_407.nc,4903254,4903254,27.78668,-88.79776,2025-02-21T06:51:57Z,20250221,2025,803,1.04,1595.28,43.7067,True,True,True,https://noaa-nws-rtofs-pds.s3.amazonaws.com/rtofs.20250221/rtofs_glo_3dz_f006_6hrly_hvr_US_east.nc
ARGO_GDAC,pfl,aoml/4903254/profiles/D4903254_407.nc|2025-02-21T06:51:57Z|27.78668|-88.79776,aoml/4903254/profiles/D4903254_407.nc,4903254,4903254,27.78668,-88.79776,2025-02-21T06:51:57Z,20250221,2025,802,0.56,100.0,41.0016,True,True,True,https://noaa-nws-rtofs-pds.s3.amazonaws.com/rtofs.20250221/rtofs_glo_3dz_f006_6hrly_hvr_US_east.nc
ARGO_GDAC,pfl,aoml/4903254/profiles/D4903254_408.nc|2025-02-26T05:52:06Z|27.71399|-88.92974,aoml/4903254/profiles/D4903254_408.nc,4903254,4903254,27.71399,-88.92974,2025-02-26T05:52:06Z,20250226,2025,806,1.04,1601.88,44.8442,True,True,True,https://noaa-nws-rtofs-pds.s3.amazonaws.com/rtofs.20250226/rtofs_glo_3dz_f006_6hrly_hvr_US_east.nc
ARGO_GDAC,pfl,aoml/4903254/profiles/D4903254_408.nc|2025-02-26T05:52:06Z|27.71399|-88.92974,aoml/4903254/profiles/D4903254_408.nc,4903254,4903254,27.71399,-88.92974,2025-02-26T05:52:06Z,20250226,2025,873,0.68,99.96,44.9527,True,True,True,https://noaa-nws-rtofs-pds.s3.amazonaws.com/rtofs.20250226/rtofs_glo_3dz_f006_6hrly_hvr_US_east.nc
ARGO_GDAC,pfl,aoml/4903254/profiles/D4903254_409.nc|2025-03-03T05:05:52Z|27.70073|-88.96123,aoml/4903254/profiles/D4903254_409.nc,4903254,4903254,27.70073,-88.96123,2025-03-03T05:05:52Z,20250303,2025,856,1.0,1701.4,49.274,True,True,True,https://noaa-nws-rtofs-pds.s3.amazonaws.com/rtofs.20250303/rtofs_glo_3dz_f006_6hrly_hvr_US_east.nc
ARGO_GDAC,pfl,aoml/4903254/profiles/D4903254_409.nc|2025-03-03T05:05:52Z|27.70073|-88.96123,aoml/4903254/profiles/D4903254_409.nc,4903254,4903254,27.70073,-88.96123,2025-03-03T05:05:52Z,20250303,2025,870,0.52,99.96,49.5117,True,True,True,https://noaa-nws-rtofs-pds.s3.amazonaws.com/rtofs.20250303/rtofs_glo_3dz_f006_6hrly_hvr_US_east.nc
ARGO_GDAC,pfl,aoml/4903254/profiles/D4903254_410.nc|2025-03-08T03:59:41Z|27.65971|-89.18689,aoml/4903254/profiles/D4903254_410.nc,4903254,4903254,27.65971,-89.18689,2025-03-08T03:59:41Z,20250308,2025,783,1.0,1556.04,47.9225,True,True,True,https://noaa-nws-rtofs-pds.s3.amazonaws.com/rtofs.20250308/rtofs_glo_3dz_f006_6hrly_hvr_US_east.nc
ARGO_GDAC,pfl,aoml/4903254/profiles/D4903254_410.nc|2025-03-08T03:59:41Z|27.65971|-89.18689,aoml/4903254/profiles/D4903254_410.nc,4903254,4903254,27.65971,-89.18689,2025-03-08T03:59:41Z,20250308,2025,867,0.56,99.88,48.16,True,True,True,https://noaa-nws-rtofs-pds.s3.amazonaws.com/rtofs.20250308/rtofs_glo_3dz_f006_6hrly_hvr_US_east.nc
ARGO_GDAC,pfl,aoml/4903254/profiles/D4903254_411.nc|2025-03-13T03:10:00Z|27.58777|-89.14192,aoml/4903254/profiles/D4903254_411.nc,4903254,4903254,27.58777,-89.14192,2025-03-13T03:10:00Z,20250313,2025,842,1.04,1674.0,28.2219,True,True,True,https://noaa-nws-rtofs-pds.s3.amazonaws.com/rtofs.20250313/rtofs_glo_3dz_f006_6hrly_hvr_US_east.nc
ARGO_GDAC,pfl,aoml/4903254/profiles/D4903254_411.nc|2025-03-13T03:10:00Z|27.58777|-89.14192,aoml/4903254/profiles/D4903254_411.nc,4903254,4903254,27.58777,-89.14192,2025-03-13T03:10:00Z,20250313,2025,851,0.64,100.0,26.2799,True,True,True,https://noaa-nws-rtofs-pds.s3.amazonaws.com/rtofs.20250313/rtofs_glo_3dz_f006_6hrly_hvr_US_east.nc
ARGO_GDAC,pfl,aoml/4903254/profiles/D4903254_412.nc|2025-03-18T02:46:00Z|27.42258|-89.00734,aoml/4903254/profiles/D4903254_412.nc,4903254,4903254,27.42258,-89.00734,2025-03-18T02:46:00Z,20250318,2025,947,1.04,1883.44,74.867,True,True,True,https://noaa-nws-rtofs-pds.s3.amazonaws.com/rtofs.20250318/rtofs_glo_3dz_f006_6hrly_hvr_US_east.nc
ARGO_GDAC,pfl,aoml/4903254/profiles/D4903254_412.nc|2025-03-18T02:46:00Z|27.42258|-89.00734,aoml/4903254/profiles/D4903254_412.nc,4903254,4903254,27.42258,-89.00734,2025-03-18T02:46:00Z,20250318,2025,853,0.64,99.92,74.7754,True,True,True,https://noaa-nws-rtofs-pds.s3.amazonaws.com/rtofs.20250318/rtofs_glo_3dz_f006_6hrly_hvr_US_east.nc
ARGO_GDAC,pfl,aoml/4903254/profiles/D4903254_413.nc|2025-03-23T02:27:40Z|27.27766|-89.11327,aoml/4903254/profiles/D4903254_413.nc,4903254,4903254,27.27766,-89.11327,2025-03-23T02:27:40Z,20250323,2025,1008,1.0,2005.56,70.1618,True,True,True,https://noaa-nws-rtofs-pds.s3.amazonaws.com/rtofs.20250323/rtofs_glo_3dz_f006_6hrly_hvr_US_east.nc
ARGO_GDAC,pfl,aoml/4903254/profiles/D4903254_413.nc|2025-03-23T02:27:40Z|27.27766|-89.11327,aoml/4903254/profiles/D4903254_413.nc,4903254,4903254,27.27766,-89.11327,2025-03-23T02:27:40Z,20250323,2025,817,0.64,99.92,70.6175,True,True,True,https://noaa-nws-rtofs-pds.s3.amazonaws.com/rtofs.20250323/rtofs_glo_3dz_f006_6hrly_hvr_US_east.nc
ARGO_GDAC,pfl,aoml/4903254/profiles/D4903254_414.nc|2025-03-28T02:04:54Z|27.29824|-89.35310,aoml/4903254/profiles/D4903254_414.nc,4903254,4903254,27.29824,-89.3531,2025-03-28T02:04:54Z,20250328,2025,1012,1.04,2013.12,46.7526,True,True,True,https://noaa-nws-rtofs-pds.s3.amazonaws.com/rtofs.20250328/rtofs_glo_3dz_f006_6hrly_hvr_US_east.nc
ARGO_GDAC,pfl,aoml/4903254/profiles/D4903254_414.nc|2025-03-28T02:04:54Z|27.29824|-89.35310,aoml/4903254/profiles/D4903254_414.nc,4903254,4903254,27.29824,-89.3531,2025-03-28T02:04:54Z,20250328,2025,858,0.64,99.92,46.992,True,True,True,https://noaa-nws-rtofs-pds.s3.amazonaws.com/rtofs.20250328/rtofs_glo_3dz_f006_6hrly_hvr_US_east.nc
ARGO_GDAC,pfl,aoml/4903254/profiles/D4903254_415.nc|2025-04-02T01:53:35Z|27.32944|-89.52103,aoml/4903254/profiles/D4903254_415.nc,4903254,4903254,27.32944,-89.52103,2025-04-02T01:53:35Z,20250402,2025,1009,1.04,2007.88,15.3126,True,True,True,https://noaa-nws-rtofs-pds.s3.amazonaws.com/rtofs.20250402/rtofs_glo_3dz_f006_6hrly_hvr_US_east.nc
ARGO_GDAC,pfl,aoml/4903254/profiles/D4903254_415.nc|2025-04-02T01:53:35Z|27.32944|-89.52103,aoml/4903254/profiles/D4903254_415.nc,4903254,4903254,27.32944,-89.52103,2025-04-02T01:53:35Z,20250402,2025,905,0.68,99.88,15.592,True,True,True,https://noaa-nws-rtofs-pds.s3.amazonaws.com/rtofs.20250402/rtofs_glo_3dz_f006_6hrly_hvr_US_east.nc
ARGO_GDAC,pfl,aoml/4903254/profiles/D4903254_416.nc|2025-04-07T02:03:28Z|27.38731|-89.61849,aoml/4903254/profiles/D4903254_416.nc,4903254,4903254,27.38731,-89.61849,2025-04-07T02:03:28Z,20250407,2025,1001,1.08,1991.64,14.9567,True,True,True,https://noaa-nws-rtofs-pds.s3.amazonaws.com/rtofs.20250407/rtofs_glo_3dz_f006_6hrly_hvr_US_east.nc
ARGO_GDAC,pfl,aoml/4903254/profiles/D4903254_416.nc|2025-04-07T02:03:28Z|27.38731|-89.61849,aoml/4903254/profiles/D4903254_416.nc,4903254,4903254,27.38731,-89.61849,2025-04-07T02:03:28Z,20250407,2025,898,0.6,99.88,15.4567,True,True,True,https://noaa-nws-rtofs-pds.s3.amazonaws.com/rtofs.20250407/rtofs_glo_3dz_f006_6hrly_hvr_US_east.nc
ARGO_GDAC,pfl,aoml/4903254/profiles/D4903254_417.nc|2025-04-12T01:34:52Z|27.37516|-89.78012,aoml/4903254/profiles/D4903254_417.nc,4903254,4903254,27.37516,-89.78012,2025-04-12T01:34:52Z,20250412,2025,897,0.48,1781.32,31.2865,True,True,True,https://noaa-nws-rtofs-pds.s3.amazonaws.com/rtofs.20250412/rtofs_glo_3dz_f006_6hrly_hvr_US_east.nc
ARGO_GDAC,pfl,aoml/4903254/profiles/D4903254_417.nc|2025-04-12T01:34:52Z|27.37516|-89.78012,aoml/4903254/profiles/D4903254_417.nc,4903254,4903254,27.37516,-89.78012,2025-04-12T01:34:52Z,20250412,2025,894,0.48,99.96,31.5552,True,True,True,https://noaa-nws-rtofs-pds.s3.amazonaws.com/rtofs.20250412/rtofs_glo_3dz_f006_6hrly_hvr_US_east.nc
ARGO_GDAC,pfl,aoml/4903254/profiles/D4903254_418.nc|2025-04-17T01:38:09Z|27.22554|-89.99842,aoml/4903254/profiles/D4903254_418.nc,4903254,4903254,27.22554,-89.99842,2025-04-17T01:38:09Z,20250417,2025,982,1.04,1953.32,50.1434,True,True,True,https://noaa-nws-rtofs-pds.s3.amazonaws.com/rtofs.20250417/rtofs_glo_3dz_f006_6hrly_hvr_US_east.nc
ARGO_GDAC,pfl,aoml/4903254/profiles/D4903254_418.nc|2025-04-17T01:38:09Z|27.22554|-89.99842,aoml/4903254/profiles/D4903254_418.nc,4903254,4903254,27.22554,-89.99842,2025-04-17T01:38:09Z,20250417,2025,839,0.64,100.0,50.36,True,True,True,https://noaa-nws-rtofs-pds.s3.amazonaws.com/rtofs.20250417/rtofs_glo_3dz_f006_6hrly_hvr_US_east.nc
ARGO_GDAC,pfl,aoml/4903254/profiles/D4903254_419.nc|2025-04-22T00:52:57Z|27.10875|-90.32927,aoml/4903254/profiles/D4903254_419.nc,4903254,4903254,27.10875,-90.32927,2025-04-22T00:52:57Z,20250422,2025,868,1.08,1726.0,19.0736,True,True,True,https://noaa-nws-rtofs-pds.s3.amazonaws.com/rtofs.20250422/rtofs_glo_3dz_f006_6hrly_hvr_US_east.nc
ARGO_GDAC,pfl,aoml/4903254/profiles/D4903254_419.nc|2025-04-22T00:52:57Z|27.10875|-90.32927,aoml/4903254/profiles/D4903254_419.nc,4903254,4903254,27.10875,-90.32927,2025-04-22T00:52:57Z,20250422,2025,826,0.68,100.0,17.7225,True,True,True,https://noaa-nws-rtofs-pds.s3.amazonaws.com/rtofs.20250422/rtofs_glo_3dz_f006_6hrly_hvr_US_east.nc
ARGO_GDAC,pfl,aoml/4903254/profiles/D4903254_420.nc|2025-04-27T00:23:20Z|26.91948|-90.47086,aoml/4903254/profiles/D4903254_420.nc,4903254,4903254,26.91948,-90.47086,2025-04-27T00:23:20Z,20250427,2025,1007,0.48,2001.52,28.2724,True,True,True,https://noaa-nws-rtofs-pds.s3.amazonaws.com/rtofs.20250427/rtofs_glo_3dz_f006_6hrly_hvr_US_east.nc
ARGO_GDAC,pfl,aoml/4903254/profiles/D4903254_420.nc|2025-04-27T00:23:20Z|26.91948|-90.47086,aoml/4903254/profiles/D4903254_420.nc,4903254,4903254,26.91948,-90.47086,2025-04-27T00:23:20Z,20250427,2025,648,0.48,99.92,28.3229,True,True,True,https://noaa-nws-rtofs-pds.s3.amazonaws.com/rtofs.20250427/rtofs_glo_3dz_f006_6hrly_hvr_US_east.nc
ARGO_GDAC,pfl,aoml/4903254/profiles/D4903254_421.nc|2025-05-01T23:55:32Z|27.08315|-89.90082,aoml/4903254/profiles/D4903254_421.nc,4903254,4903254,27.08315,-89.90082,2025-05-01T23:55:32Z,20250501,2025,1010,1.0,2009.96,15.2346,True,True,True,https://noaa-nws-rtofs-pds.s3.amazonaws.com/rtofs.20250501/rtofs_glo_3dz_f006_6hrly_hvr_US_east.nc
ARGO_GDAC,pfl,aoml/4903254/profiles/D4903254_421.nc|2025-05-01T23:55:32Z|27.08315|-89.90082,aoml/4903254/profiles/D4903254_421.nc,4903254,4903254,27.08315,-89.90082,2025-05-01T23:55:32Z,20250501,2025,972,0.56,99.96,15.26,True,True,True,https://noaa-nws-rtofs-pds.s3.amazonaws.com/rtofs.20250501/rtofs_glo_3dz_f006_6hrly_hvr_US_east.nc
ARGO_GDAC,pfl,aoml/4903254/profiles/D4903254_422.nc|2025-05-06T23:40:00Z|27.14216|-89.38089,aoml/4903254/profiles/D4903254_422.nc,4903254,4903254,27.14216,-89.38089,2025-05-06T23:40:00Z,20250506,2025,1009,0.96,2007.16,15.3028,True,True,True,https://noaa-nws-rtofs-pds.s3.amazonaws.com/rtofs.20250506/rtofs_glo_3dz_f006_6hrly_hvr_US_east.nc
ARGO_GDAC,pfl,aoml/4903254/profiles/D4903254_422.nc|2025-05-06T23:40:00Z|27.14216|-89.38089,aoml/4903254/profiles/D4903254_422.nc,4903254,4903254,27.14216,-89.38089,2025-05-06T23:40:00Z,20250506,2025,895,0.56,99.92,15.085,True,True,True,https://noaa-nws-rtofs-pds.s3.amazonaws.com/rtofs.20250506/rtofs_glo_3dz_f006_6hrly_hvr_US_east.nc
ARGO_GDAC,pfl,aoml/4903254/profiles/D4903254_423.nc|2025-05-11T23:26:59Z|27.00522|-89.47784,aoml/4903254/profiles/D4903254_423.nc,4903254,4903254,27.00522,-89.47784,2025-05-11T23:26:59Z,20250511,2025,1014,1.0,2017.2,27.3867,True,True,True,https://noaa-nws-rtofs-pds.s3.amazonaws.com/rtofs.20250511/rtofs_glo_3dz_f006_6hrly_hvr_US_east.nc
ARGO_GDAC,pfl,aoml/4903254/profiles/D4903254_423.nc|2025-05-11T23:26:59Z|27.00522|-89.47784,aoml/4903254/profiles/D4903254_423.nc,4903254,4903254,27.00522,-89.47784,2025-05-11T23:26:59Z,20250511,2025,921,0.64,99.96,28.0136,True,True,True,https://noaa-nws-rtofs-pds.s3.amazonaws.com/rtofs.20250511/rtofs_glo_3dz_f006_6hrly_hvr_US_east.nc
ARGO_GDAC,pfl,aoml/4903254/profiles/D4903254_424.nc|2025-05-16T23:11:23Z|26.70337|-89.77896,aoml/4903254/profiles/D4903254_424.nc,4903254,4903254,26.70337,-89.77896,2025-05-16T23:11:23Z,20250516,2025,1009,1.08,2007.16,14.033,True,True,True,https://noaa-nws-rtofs-pds.s3.amazonaws.com/rtofs.20250516/rtofs_glo_3dz_f006_6hrly_hvr_US_east.nc
ARGO_GDAC,pfl,aoml/4903254/profiles/D4903254_424.nc|2025-05-16T23:11:23Z|26.70337|-89.77896,aoml/4903254/profiles/D4903254_424.nc,4903254,4903254,26.70337,-89.77896,2025-05-16T23:11:23Z,20250516,2025,944,0.68,99.92,14.2725,True,True,True,https://noaa-nws-rtofs-pds.s3.amazonaws.com/rtofs.20250516/rtofs_glo_3dz_f006_6hrly_hvr_US_east.nc
ARGO_GDAC,pfl,aoml/4903254/profiles/D4903254_425.nc|2025-05-21T22:50:15Z|26.85665|-90.21294,aoml/4903254/profiles/D4903254_425.nc,4903254,4903254,26.85665,-90.21294,2025-05-21T22:50:15Z,20250521,2025,1009,1.12,2007.2,23.9343,True,True,True,https://noaa-nws-rtofs-pds.s3.amazonaws.com/rtofs.20250521/rtofs_glo_3dz_f006_6hrly_hvr_US_east.nc
ARGO_GDAC,pfl,aoml/4903254/profiles/D4903254_425.nc|2025-05-21T22:50:15Z|26.85665|-90.21294,aoml/4903254/profiles/D4903254_425.nc,4903254,4903254,26.85665,-90.21294,2025-05-21T22:50:15Z,20250521,2025,918,0.76,99.96,23.72,True,True,True,https://noaa-nws-rtofs-pds.s3.amazonaws.com/rtofs.20250521/rtofs_glo_3dz_f006_6hrly_hvr_US_east.nc
ARGO_GDAC,pfl,aoml/4903254/profiles/D4903254_426.nc|2025-05-26T22:26:33Z|27.01178|-90.21592,aoml/4903254/profiles/D4903254_426.nc,4903254,4903254,27.01178,-90.21592,2025-05-26T22:26:33Z,20250526,2025,1009,1.0,2007.32,13.4186,True,True,True,https://noaa-nws-rtofs-pds.s3.amazonaws.com/rtofs.20250526/rtofs_glo_3dz_f006_6hrly_hvr_US_east.nc
ARGO_GDAC,pfl,aoml/4903254/profiles/D4903254_426.nc|2025-05-26T22:26:33Z|27.01178|-90.21592,aoml/4903254/profiles/D4903254_426.nc,4903254,4903254,27.01178,-90.21592,2025-05-26T22:26:33Z,20250526,2025,943,0.68,100.0,13.3506,True,True,True,https://noaa-nws-rtofs-pds.s3.amazonaws.com/rtofs.20250526/rtofs_glo_3dz_f006_6hrly_hvr_US_east.nc
ARGO_GDAC,pfl,aoml/4903254/profiles/D4903254_427.nc|2025-05-31T22:12:27Z|26.91148|-89.74066,aoml/4903254/profiles/D4903254_427.nc,4903254,4903254,26.91148,-89.74066,2025-05-31T22:12:27Z,20250531,2025,1007,1.0,2003.72,15.9673,True,True,True,https://noaa-nws-rtofs-pds.s3.amazonaws.com/rtofs.20250531/rtofs_glo_3dz_f006_6hrly_hvr_US_east.nc
ARGO_GDAC,pfl,aoml/4903254/profiles/D4903254_427.nc|2025-05-31T22:12:27Z|26.91148|-89.74066,aoml/4903254/profiles/D4903254_427.nc,4903254,4903254,26.91148,-89.74066,2025-05-31T22:12:27Z,20250531,2025,989,0.64,99.92,16.1331,True,True,True,https://noaa-nws-rtofs-pds.s3.amazonaws.com/rtofs.20250531/rtofs_glo_3dz_f006_6hrly_hvr_US_east.nc
ARGO_GDAC,pfl,aoml/4903254/profiles/D4903254_428.nc|2025-06-05T21:54:21Z|26.97302|-89.40536,aoml/4903254/profiles/D4903254_428.nc,4903254,4903254,26.97302,-89.40536,2025-06-05T21:54:21Z,20250605,2025,1008,1.08,2005.8,18.9538,True,True,True,https://noaa-nws-rtofs-pds.s3.amazonaws.com/rtofs.20250605/rtofs_glo_3dz_f006_6hrly_hvr_US_east.nc
ARGO_GDAC,pfl,aoml/4903254/profiles/D4903254_428.nc|2025-06-05T21:54:21Z|26.97302|-89.40536,aoml/4903254/profiles/D4903254_428.nc,4903254,4903254,26.97302,-89.40536,2025-06-05T21:54:21Z,20250605,2025,961,0.64,99.96,19.48,True,True,True,https://noaa-nws-rtofs-pds.s3.amazonaws.com/rtofs.20250605/rtofs_glo_3dz_f006_6hrly_hvr_US_east.nc
ARGO_GDAC,pfl,aoml/4903254/profiles/D4903254_429.nc|2025-06-10T21:39:51Z|26.72600|-89.38942,aoml/4903254/profiles/D4903254_429.nc,4903254,4903254,26.726,-89.38942,2025-06-10T21:39:51Z,20250610,2025,1008,1.08,2005.68,16.1165,True,True,True,https://noaa-nws-rtofs-pds.s3.amazonaws.com/rtofs.20250610/rtofs_glo_3dz_f006_6hrly_hvr_US_east.nc
ARGO_GDAC,pfl,aoml/4903254/profiles/D4903254_429.nc|2025-06-10T21:39:51Z|26.72600|-89.38942,aoml/4903254/profiles/D4903254_429.nc,4903254,4903254,26.726,-89.38942,2025-06-10T21:39:51Z,20250610,2025,931,0.72,99.92,16.2613,True,True,True,https://noaa-nws-rtofs-pds.s3.amazonaws.com/rtofs.20250610/rtofs_glo_3dz_f006_6hrly_hvr_US_east.nc
ARGO_GDAC,pfl,aoml/4903254/profiles/D4903254_430.nc|2025-06-15T21:26:56Z|26.97772|-89.95307,aoml/4903254/profiles/D4903254_430.nc,4903254,4903254,26.97772,-89.95307,2025-06-15T21:26:56Z,20250615,2025,1008,1.08,2005.52,16.8774,True,True,True,https://noaa-nws-rtofs-pds.s3.amazonaws.com/rtofs.20250615/rtofs_glo_3dz_f006_6hrly_hvr_US_east.nc
ARGO_GDAC,pfl,aoml/4903254/profiles/D4903254_430.nc|2025-06-15T21:26:56Z|26.97772|-89.95307,aoml/4903254/profiles/D4903254_430.nc,4903254,4903254,26.97772,-89.95307,2025-06-15T21:26:56Z,20250615,2025,989,0.72,99.96,16.8714,True,True,True,https://noaa-nws-rtofs-pds.s3.amazonaws.com/rtofs.20250615/rtofs_glo_3dz_f006_6hrly_hvr_US_east.nc
ARGO_GDAC,pfl,aoml/4903254/profiles/D4903254_431.nc|2025-06-20T21:05:53Z|27.11453|-89.54472,aoml/4903254/profiles/D4903254_431.nc,4903254,4903254,27.11453,-89.54472,2025-06-20T21:05:53Z,20250620,2025,1009,1.08,2007.36,14.8953,True,True,True,https://noaa-nws-rtofs-pds.s3.amazonaws.com/rtofs.20250620/rtofs_glo_3dz_f006_6hrly_hvr_US_east.nc
ARGO_GDAC,pfl,aoml/4903254/profiles/D4903254_431.nc|2025-06-20T21:05:53Z|27.11453|-89.54472,aoml/4903254/profiles/D4903254_431.nc,4903254,4903254,27.11453,-89.54472,2025-06-20T21:05:53Z,20250620,2025,918,0.68,99.92,14.677,True,True,True,https://noaa-nws-rtofs-pds.s3.amazonaws.com/rtofs.20250620/rtofs_glo_3dz_f006_6hrly_hvr_US_east.nc
ARGO_GDAC,pfl,aoml/4903254/profiles/R4903254_432.nc|2025-06-25T20:49:36Z|27.19674|-89.47701,aoml/4903254/profiles/R4903254_432.nc,4903254,4903254,27.19674,-89.47701,2025-06-25T20:49:36Z,20250625,2025,1008,1.08,2005.72,18.4229,True,True,True,https://noaa-nws-rtofs-pds.s3.amazonaws.com/rtofs.20250625/rtofs_glo_3dz_f006_6hrly_hvr_US_east.nc
ARGO_GDAC,pfl,aoml/4903254/profiles/R4903254_432.nc|2025-06-25T20:49:36Z|27.19674|-89.47701,aoml/4903254/profiles/R4903254_432.nc,4903254,4903254,27.19674,-89.47701,2025-06-25T20:49:36Z,20250625,2025,944,0.64,99.96,18.8847,True,True,True,https://noaa-nws-rtofs-pds.s3.amazonaws.com/rtofs.20250625/rtofs_glo_3dz_f006_6hrly_hvr_US_east.nc
ARGO_GDAC,pfl,aoml/4903254/profiles/R4903254_433.nc|2025-06-30T20:40:09Z|27.17298|-89.53835,aoml/4903254/profiles/R4903254_433.nc,4903254,4903254,27.17298,-89.53835,2025-06-30T20:40:09Z,20250630,2025,1014,1.0,2017.44,21.0904,True,True,True,https://noaa-nws-rtofs-pds.s3.amazonaws.com/rtofs.20250630/rtofs_glo_3dz_f006_6hrly_hvr_US_east.nc
ARGO_GDAC,pfl,aoml/4903254/profiles/R4903254_433.nc|2025-06-30T20:40:09Z|27.17298|-89.53835,aoml/4903254/profiles/R4903254_433.nc,4903254,4903254,27.17298,-89.53835,2025-06-30T20:40:09Z,20250630,2025,941,0.6,100.0,21.9697,True,True,True,https://noaa-nws-rtofs-pds.s3.amazonaws.com/rtofs.20250630/rtofs_glo_3dz_f006_6hrly_hvr_US_east.nc
ARGO_GDAC,pfl,aoml/4903254/profiles/R4903254_434.nc|2025-07-05T20:23:21Z|27.28425|-89.66240,aoml/4903254/profiles/R4903254_434.nc,4903254,4903254,27.28425,-89.6624,2025-07-05T20:23:21Z,20250705,2025,1008,1.04,2005.32,20.1845,True,True,True,https://noaa-nws-rtofs-pds.s3.amazonaws.com/rtofs.20250705/rtofs_glo_3dz_f006_6hrly_hvr_US_east.nc
ARGO_GDAC,pfl,aoml/4903254/profiles/R4903254_434.nc|2025-07-05T20:23:21Z|27.28425|-89.66240,aoml/4903254/profiles/R4903254_434.nc,4903254,4903254,27.28425,-89.6624,2025-07-05T20:23:21Z,20250705,2025,928,0.64,99.96,20.7221,True,True,True,https://noaa-nws-rtofs-pds.s3.amazonaws.com/rtofs.20250705/rtofs_glo_3dz_f006_6hrly_hvr_US_east.nc
ARGO_GDAC,pfl,aoml/4903254/profiles/R4903254_435.nc|2025-07-10T20:05:50Z|27.31879|-89.58574,aoml/4903254/profiles/R4903254_435.nc,4903254,4903254,27.31879,-89.58574,2025-07-10T20:05:50Z,20250710,2025,1005,4.08,2005.56,20.7765,True,True,True,https://noaa-nws-rtofs-pds.s3.amazonaws.com/rtofs.20250710/rtofs_glo_3dz_f006_6hrly_hvr_US_east.nc
ARGO_GDAC,pfl,aoml/4903254/profiles/R4903254_435.nc|2025-07-10T20:05:50Z|27.31879|-89.58574,aoml/4903254/profiles/R4903254_435.nc,4903254,4903254,27.31879,-89.58574,2025-07-10T20:05:50Z,20250710,2025,964,4.04,99.92,21.7629,True,True,True,https://noaa-nws-rtofs-pds.s3.amazonaws.com/rtofs.20250710/rtofs_glo_3dz_f006_6hrly_hvr_US_east.nc
ARGO_GDAC,pfl,aoml/4903254/profiles/R4903254_436.nc|2025-07-15T19:56:17Z|27.38766|-89.69438,aoml/4903254/profiles/R4903254_436.nc,4903254,4903254,27.38766,-89.69438,2025-07-15T19:56:17Z,20250715,2025,964,1.16,1917.16,12.1741,True,True,True,https://noaa-nws-rtofs-pds.s3.amazonaws.com/rtofs.20250715/rtofs_glo_3dz_f006_6hrly_hvr_US_east.nc
ARGO_GDAC,pfl,aoml/4903254/profiles/R4903254_436.nc|2025-07-15T19:56:17Z|27.38766|-89.69438,aoml/4903254/profiles/R4903254_436.nc,4903254,4903254,27.38766,-89.69438,2025-07-15T19:56:17Z,20250715,2025,953,1.08,99.96,12.2133,True,True,True,https://noaa-nws-rtofs-pds.s3.amazonaws.com/rtofs.20250715/rtofs_glo_3dz_f006_6hrly_hvr_US_east.nc
ARGO_GDAC,pfl,aoml/4903254/profiles/R4903254_437.nc|2025-07-20T19:28:39Z|27.23449|-89.95157,aoml/4903254/profiles/R4903254_437.nc,4903254,4903254,27.23449,-89.95157,2025-07-20T19:28:39Z,20250720,2025,1011,1.04,2011.92,16.3637,True,True,True,https://noaa-nws-rtofs-pds.s3.amazonaws.com/rtofs.20250720/rtofs_glo_3dz_f006_6hrly_hvr_US_east.nc
ARGO_GDAC,pfl,aoml/4903254/profiles/R4903254_437.nc|2025-07-20T19:28:39Z|27.23449|-89.95157,aoml/4903254/profiles/R4903254_437.nc,4903254,4903254,27.23449,-89.95157,2025-07-20T19:28:39Z,20250720,2025,961,0.72,99.92,17.73,True,True,True,https://noaa-nws-rtofs-pds.s3.amazonaws.com/rtofs.20250720/rtofs_glo_3dz_f006_6hrly_hvr_US_east.nc
ARGO_GDAC,pfl,aoml/4903254/profiles/R4903254_438.nc|2025-07-25T19:12:22Z|27.35093|-89.39564,aoml/4903254/profiles/R4903254_438.nc,4903254,4903254,27.35093,-89.39564,2025-07-25T19:12:22Z,20250725,2025,1008,1.12,2009.32,11.5556,True,True,True,https://noaa-nws-rtofs-pds.s3.amazonaws.com/rtofs.20250725/rtofs_glo_3dz_f006_6hrly_hvr_US_east.nc
ARGO_GDAC,pfl,aoml/4903254/profiles/R4903254_438.nc|2025-07-25T19:12:22Z|27.35093|-89.39564,aoml/4903254/profiles/R4903254_438.nc,4903254,4903254,27.35093,-89.39564,2025-07-25T19:12:22Z,20250725,2025,959,0.72,99.96,11.3648,True,True,True,https://noaa-nws-rtofs-pds.s3.amazonaws.com/rtofs.20250725/rtofs_glo_3dz_f006_6hrly_hvr_US_east.nc
ARGO_GDAC,pfl,aoml/4903254/profiles/R4903254_439.nc|2025-07-30T19:06:25Z|27.19643|-89.39379,aoml/4903254/profiles/R4903254_439.nc,4903254,4903254,27.19643,-89.39379,2025-07-30T19:06:25Z,20250730,2025,1012,3.08,2017.32,12.2787,True,True,True,https://noaa-nws-rtofs-pds.s3.amazonaws.com/rtofs.20250730/rtofs_glo_3dz_f006_6hrly_hvr_US_east.nc
ARGO_GDAC,pfl,aoml/4903254/profiles/R4903254_439.nc|2025-07-30T19:06:25Z|27.19643|-89.39379,aoml/4903254/profiles/R4903254_439.nc,4903254,4903254,27.19643,-89.39379,2025-07-30T19:06:25Z,20250730,2025,965,5.2,99.88,12.4756,True,True,True,https://noaa-nws-rtofs-pds.s3.amazonaws.com/rtofs.20250730/rtofs_glo_3dz_f006_6hrly_hvr_US_east.nc
ARGO_GDAC,pfl,aoml/4903254/profiles/R4903254_440.nc|2025-08-04T18:45:15Z|27.23268|-88.59997,aoml/4903254/profiles/R4903254_440.nc,4903254,4903254,27.23268,-88.59997,2025-08-04T18:45:15Z,20250804,2025,1010,1.08,2009.52,15.4388,True,True,True,https://noaa-nws-rtofs-pds.s3.amazonaws.com/rtofs.20250804/rtofs_glo_3dz_f006_6hrly_hvr_US_east.nc
ARGO_GDAC,pfl,aoml/4903254/profiles/R4903254_440.nc|2025-08-04T18:45:15Z|27.23268|-88.59997,aoml/4903254/profiles/R4903254_440.nc,4903254,4903254,27.23268,-88.59997,2025-08-04T18:45:15Z,20250804,2025,942,0.68,99.96,15.5511,True,True,True,https://noaa-nws-rtofs-pds.s3.amazonaws.com/rtofs.20250804/rtofs_glo_3dz_f006_6hrly_hvr_US_east.nc
ARGO_GDAC,pfl,aoml/4903254/profiles/R4903254_441.nc|2025-08-09T18:26:30Z|27.05857|-88.96056,aoml/4903254/profiles/R4903254_441.nc,4903254,4903254,27.05857,-88.96056,2025-08-09T18:26:30Z,20250809,2025,1007,2.72,2007.72,18.4621,True,True,True,https://noaa-nws-rtofs-pds.s3.amazonaws.com/rtofs.20250809/rtofs_glo_3dz_f006_6hrly_hvr_US_east.nc
ARGO_GDAC,pfl,aoml/4903254/profiles/R4903254_441.nc|2025-08-09T18:26:30Z|27.05857|-88.96056,aoml/4903254/profiles/R4903254_441.nc,4903254,4903254,27.05857,-88.96056,2025-08-09T18:26:30Z,20250809,2025,953,3.56,100.0,19.3867,True,True,True,https://noaa-nws-rtofs-pds.s3.amazonaws.com/rtofs.20250809/rtofs_glo_3dz_f006_6hrly_hvr_US_east.nc
ARGO_GDAC,pfl,aoml/4903254/profiles/R4903254_442.nc|2025-08-14T18:34:46Z|27.28267|-89.41795,aoml/4903254/profiles/R4903254_442.nc,4903254,4903254,27.28267,-89.41795,2025-08-14T18:34:46Z,20250814,2025,1008,4.88,2013.88,21.2531,True,True,True,https://noaa-nws-rtofs-pds.s3.amazonaws.com/rtofs.20250814/rtofs_glo_3dz_f006_6hrly_hvr_US_east.nc
ARGO_GDAC,pfl,aoml/4903254/profiles/R4903254_442.nc|2025-08-14T18:34:46Z|27.28267|-89.41795,aoml/4903254/profiles/R4903254_442.nc,4903254,4903254,27.28267,-89.41795,2025-08-14T18:34:46Z,20250814,2025,961,5.84,99.92,21.06,True,True,True,https://noaa-nws-rtofs-pds.s3.amazonaws.com/rtofs.20250814/rtofs_glo_3dz_f006_6hrly_hvr_US_east.nc
ARGO_GDAC,pfl,aoml/4903254/profiles/R4903254_443.nc|2025-08-19T18:24:35Z|27.15456|-89.86111,aoml/4903254/profiles/R4903254_443.nc,4903254,4903254,27.15456,-89.86111,2025-08-19T18:24:35Z,20250819,2025,1006,4.12,2007.32,18.6132,True,True,True,https://noaa-nws-rtofs-pds.s3.amazonaws.com/rtofs.20250819/rtofs_glo_3dz_f006_6hrly_hvr_US_east.nc
ARGO_GDAC,pfl,aoml/4903254/profiles/R4903254_443.nc|2025-08-19T18:24:35Z|27.15456|-89.86111,aoml/4903254/profiles/R4903254_443.nc,4903254,4903254,27.15456,-89.86111,2025-08-19T18:24:35Z,20250819,2025,952,3.88,99.92,19.876,True,True,True,https://noaa-nws-rtofs-pds.s3.amazonaws.com/rtofs.20250819/rtofs_glo_3dz_f006_6hrly_hvr_US_east.nc
ARGO_GDAC,pfl,aoml/4903254/profiles/R4903254_444.nc|2025-08-24T18:09:52Z|26.99889|-90.21180,aoml/4903254/profiles/R4903254_444.nc,4903254,4903254,26.99889,-90.2118,2025-08-24T18:09:52Z,20250824,2025,1008,1.12,2005.24,12.4338,True,True,True,https://noaa-nws-rtofs-pds.s3.amazonaws.com/rtofs.20250824/rtofs_glo_3dz_f006_6hrly_hvr_US_east.nc
ARGO_GDAC,pfl,aoml/4903254/profiles/R4903254_444.nc|2025-08-24T18:09:52Z|26.99889|-90.21180,aoml/4903254/profiles/R4903254_444.nc,4903254,4903254,26.99889,-90.2118,2025-08-24T18:09:52Z,20250824,2025,933,7.44,100.0,11.1457,True,True,True,https://noaa-nws-rtofs-pds.s3.amazonaws.com/rtofs.20250824/rtofs_glo_3dz_f006_6hrly_hvr_US_east.nc
ARGO_GDAC,pfl,aoml/4903254/profiles/R4903254_445.nc|2025-08-29T18:04:27Z|27.09056|-90.09313,aoml/4903254/profiles/R4903254_445.nc,4903254,4903254,27.09056,-90.09313,2025-08-29T18:04:27Z,20250829,2025,1008,3.2,2009.08,11.1507,True,True,True,https://noaa-nws-rtofs-pds.s3.amazonaws.com/rtofs.20250829/rtofs_glo_3dz_f006_6hrly_hvr_US_east.nc
ARGO_GDAC,pfl,aoml/4903254/profiles/R4903254_445.nc|2025-08-29T18:04:27Z|27.09056|-90.09313,aoml/4903254/profiles/R4903254_445.nc,4903254,4903254,27.09056,-90.09313,2025-08-29T18:04:27Z,20250829,2025,959,4.12,99.88,11.7404,True,True,True,https://noaa-nws-rtofs-pds.s3.amazonaws.com/rtofs.20250829/rtofs_glo_3dz_f006_6hrly_hvr_US_east.nc
ARGO_GDAC,pfl,aoml/4903254/profiles/R4903254_446.nc|2025-09-03T17:51:09Z|26.99654|-90.18512,aoml/4903254/profiles/R4903254_446.nc,4903254,4903254,26.99654,-90.18512,2025-09-03T17:51:09Z,20250903,2025,1009,1.08,2007.32,13.984,True,True,True,https://noaa-nws-rtofs-pds.s3.amazonaws.com/rtofs.20250903/rtofs_glo_3dz_f006_6hrly_hvr_US_east.nc
ARGO_GDAC,pfl,aoml/4903254/profiles/R4903254_446.nc|2025-09-03T17:51:09Z|26.99654|-90.18512,aoml/4903254/profiles/R4903254_446.nc,4903254,4903254,26.99654,-90.18512,2025-09-03T17:51:09Z,20250903,2025,947,0.72,99.88,11.3722,True,True,True,https://noaa-nws-rtofs-pds.s3.amazonaws.com/rtofs.20250903/rtofs_glo_3dz_f006_6hrly_hvr_US_east.nc
ARGO_GDAC,pfl,aoml/4903254/profiles/R4903254_447.nc|2025-09-08T17:33:23Z|26.89261|-90.31921,aoml/4903254/profiles/R4903254_447.nc,4903254,4903254,26.89261,-90.31921,2025-09-08T17:33:23Z,20250908,2025,1008,1.04,2005.28,21.8067,True,True,True,https://noaa-nws-rtofs-pds.s3.amazonaws.com/rtofs.20250908/rtofs_glo_3dz_f006_6hrly_hvr_US_east.nc
ARGO_GDAC,pfl,aoml/4903254/profiles/R4903254_447.nc|2025-09-08T17:33:23Z|26.89261|-90.31921,aoml/4903254/profiles/R4903254_447.nc,4903254,4903254,26.89261,-90.31921,2025-09-08T17:33:23Z,20250908,2025,969,4.32,99.96,21.9459,True,True,True,https://noaa-nws-rtofs-pds.s3.amazonaws.com/rtofs.20250908/rtofs_glo_3dz_f006_6hrly_hvr_US_east.nc
ARGO_GDAC,pfl,aoml/4903254/profiles/R4903254_448.nc|2025-09-13T17:26:02Z|26.71579|-90.74553,aoml/4903254/profiles/R4903254_448.nc,4903254,4903254,26.71579,-90.74553,2025-09-13T17:26:02Z,20250913,2025,957,1.04,1904.04,24.4376,True,True,True,https://noaa-nws-rtofs-pds.s3.amazonaws.com/rtofs.20250913/rtofs_glo_3dz_f006_6hrly_hvr_US_east.nc
ARGO_GDAC,pfl,aoml/4903254/profiles/R4903254_448.nc|2025-09-13T17:26:02Z|26.71579|-90.74553,aoml/4903254/profiles/R4903254_448.nc,4903254,4903254,26.71579,-90.74553,2025-09-13T17:26:02Z,20250913,2025,944,0.68,100.0,25.3529,True,True,True,https://noaa-nws-rtofs-pds.s3.amazonaws.com/rtofs.20250913/rtofs_glo_3dz_f006_6hrly_hvr_US_east.nc
ARGO_GDAC,pfl,aoml/4903254/profiles/R4903254_449.nc|2025-09-18T17:19:21Z|26.63716|-90.75159,aoml/4903254/profiles/R4903254_449.nc,4903254,4903254,26.63716,-90.75159,2025-09-18T17:19:21Z,20250918,2025,1014,1.04,2017.36,26.5298,True,True,True,https://noaa-nws-rtofs-pds.s3.amazonaws.com/rtofs.20250918/rtofs_glo_3dz_f006_6hrly_hvr_US_east.nc
ARGO_GDAC,pfl,aoml/4903254/profiles/R4903254_449.nc|2025-09-18T17:19:21Z|26.63716|-90.75159,aoml/4903254/profiles/R4903254_449.nc,4903254,4903254,26.63716,-90.75159,2025-09-18T17:19:21Z,20250918,2025,950,0.64,100.0,27.2756,True,True,True,https://noaa-nws-rtofs-pds.s3.amazonaws.com/rtofs.20250918/rtofs_glo_3dz_f006_6hrly_hvr_US_east.nc
ARGO_GDAC,pfl,aoml/4903254/profiles/R4903254_450.nc|2025-09-23T17:00:11Z|26.60892|-90.82539,aoml/4903254/profiles/R4903254_450.nc,4903254,4903254,26.60892,-90.82539,2025-09-23T17:00:11Z,20250923,2025,1008,1.04,2005.16,27.7228,True,True,True,https://noaa-nws-rtofs-pds.s3.amazonaws.com/rtofs.20250923/rtofs_glo_3dz_f006_6hrly_hvr_US_east.nc
ARGO_GDAC,pfl,aoml/4903254/profiles/R4903254_450.nc|2025-09-23T17:00:11Z|26.60892|-90.82539,aoml/4903254/profiles/R4903254_450.nc,4903254,4903254,26.60892,-90.82539,2025-09-23T17:00:11Z,20250923,2025,932,0.72,99.84,28.3246,True,True,True,https://noaa-nws-rtofs-pds.s3.amazonaws.com/rtofs.20250923/rtofs_glo_3dz_f006_6hrly_hvr_US_east.nc
ARGO_GDAC,pfl,aoml/4903254/profiles/R4903254_451.nc|2025-09-28T16:44:03Z|26.58605|-90.90714,aoml/4903254/profiles/R4903254_451.nc,4903254,4903254,26.58605,-90.90714,2025-09-28T16:44:03Z,20250928,2025,1009,1.0,2007.16,28.8316,True,True,True,https://noaa-nws-rtofs-pds.s3.amazonaws.com/rtofs.20250928/rtofs_glo_3dz_f006_6hrly_hvr_US_east.nc
ARGO_GDAC,pfl,aoml/4903254/profiles/R4903254_451.nc|2025-09-28T16:44:03Z|26.58605|-90.90714,aoml/4903254/profiles/R4903254_451.nc,4903254,4903254,26.58605,-90.90714,2025-09-28T16:44:03Z,20250928,2025,970,0.52,99.92,29.3175,True,True,True,https://noaa-nws-rtofs-pds.s3.amazonaws.com/rtofs.20250928/rtofs_glo_3dz_f006_6hrly_hvr_US_east.nc
ARGO_GDAC,pfl,aoml/4903254/profiles/R4903254_452.nc|2025-10-03T16:32:41Z|26.63966|-90.92329,aoml/4903254/profiles/R4903254_452.nc,4903254,4903254,26.63966,-90.92329,2025-10-03T16:32:41Z,20251003,2025,1009,1.04,2007.2,42.6438,True,True,True,https://noaa-nws-rtofs-pds.s3.amazonaws.com/rtofs.20251003/rtofs_glo_3dz_f006_6hrly_hvr_US_east.nc
ARGO_GDAC,pfl,aoml/4903254/profiles/R4903254_452.nc|2025-10-03T16:32:41Z|26.63966|-90.92329,aoml/4903254/profiles/R4903254_452.nc,4903254,4903254,26.63966,-90.92329,2025-10-03T16:32:41Z,20251003,2025,933,0.68,99.96,43.0612,True,True,True,https://noaa-nws-rtofs-pds.s3.amazonaws.com/rtofs.20251003/rtofs_glo_3dz_f006_6hrly_hvr_US_east.nc
ARGO_GDAC,pfl,aoml/4903254/profiles/R4903254_453.nc|2025-10-08T16:13:26Z|26.70768|-90.91132,aoml/4903254/profiles/R4903254_453.nc,4903254,4903254,26.70768,-90.91132,2025-10-08T16:13:26Z,20251008,2025,1008,1.04,2005.04,58.2026,True,True,True,https://noaa-nws-rtofs-pds.s3.amazonaws.com/rtofs.20251008/rtofs_glo_3dz_f006_6hrly_hvr_US_east.nc
ARGO_GDAC,pfl,aoml/4903254/profiles/R4903254_453.nc|2025-10-08T16:13:26Z|26.70768|-90.91132,aoml/4903254/profiles/R4903254_453.nc,4903254,4903254,26.70768,-90.91132,2025-10-08T16:13:26Z,20251008,2025,937,0.72,99.96,58.6923,True,True,True,https://noaa-nws-rtofs-pds.s3.amazonaws.com/rtofs.20251008/rtofs_glo_3dz_f006_6hrly_hvr_US_east.nc
ARGO_GDAC,pfl,aoml/4903254/profiles/R4903254_454.nc|2025-10-13T15:57:01Z|26.69485|-90.95438,aoml/4903254/profiles/R4903254_454.nc,4903254,4903254,26.69485,-90.95438,2025-10-13T15:57:01Z,20251013,2025,1010,1.12,2009.84,64.0378,True,True,True,https://noaa-nws-rtofs-pds.s3.amazonaws.com/rtofs.20251013/rtofs_glo_3dz_f006_6hrly_hvr_US_east.nc
ARGO_GDAC,pfl,aoml/4903254/profiles/R4903254_454.nc|2025-10-13T15:57:01Z|26.69485|-90.95438,aoml/4903254/profiles/R4903254_454.nc,4903254,4903254,26.69485,-90.95438,2025-10-13T15:57:01Z,20251013,2025,930,0.72,99.96,64.2116,True,True,True,https://noaa-nws-rtofs-pds.s3.amazonaws.com/rtofs.20251013/rtofs_glo_3dz_f006_6hrly_hvr_US_east.nc
ARGO_GDAC,pfl,aoml/4903254/profiles/R4903254_455.nc|2025-10-18T15:37:35Z|26.57290|-91.02940,aoml/4903254/profiles/R4903254_455.nc,4903254,4903254,26.5729,-91.0294,2025-10-18T15:37:35Z,20251018,2025,1010,1.0,2009.12,45.2008,True,True,True,https://noaa-nws-rtofs-pds.s3.amazonaws.com/rtofs.20251018/rtofs_glo_3dz_f006_6hrly_hvr_US_east.nc
ARGO_GDAC,pfl,aoml/4903254/profiles/R4903254_455.nc|2025-10-18T15:37:35Z|26.57290|-91.02940,aoml/4903254/profiles/R4903254_455.nc,4903254,4903254,26.5729,-91.0294,2025-10-18T15:37:35Z,20251018,2025,936,0.6,99.92,46.0434,True,True,True,https://noaa-nws-rtofs-pds.s3.amazonaws.com/rtofs.20251018/rtofs_glo_3dz_f006_6hrly_hvr_US_east.nc
ARGO_GDAC,pfl,aoml/4903254/profiles/R4903254_456.nc|2025-10-23T15:52:09Z|26.62686|-91.21740,aoml/4903254/profiles/R4903254_456.nc,4903254,4903254,26.62686,-91.2174,2025-10-23T15:52:09Z,20251023,2025,992,1.12,1973.92,54.2075,True,True,True,https://noaa-nws-rtofs-pds.s3.amazonaws.com/rtofs.20251023/rtofs_glo_3dz_f006_6hrly_hvr_US_east.nc
ARGO_GDAC,pfl,aoml/4903254/profiles/R4903254_456.nc|2025-10-23T15:52:09Z|26.62686|-91.21740,aoml/4903254/profiles/R4903254_456.nc,4903254,4903254,26.62686,-91.2174,2025-10-23T15:52:09Z,20251023,2025,893,0.76,99.96,55.0224,True,True,True,https://noaa-nws-rtofs-pds.s3.amazonaws.com/rtofs.20251023/rtofs_glo_3dz_f006_6hrly_hvr_US_east.nc
ARGO_GDAC,pfl,aoml/4903254/profiles/R4903254_457.nc|2025-10-28T15:32:08Z|26.76114|-91.31628,aoml/4903254/profiles/R4903254_457.nc,4903254,4903254,26.76114,-91.31628,2025-10-28T15:32:08Z,20251028,2025,1013,1.0,2015.12,50.705,True,True,True,https://noaa-nws-rtofs-pds.s3.amazonaws.com/rtofs.20251028/rtofs_glo_3dz_f006_6hrly_hvr_US_east.nc
ARGO_GDAC,pfl,aoml/4903254/profiles/R4903254_457.nc|2025-10-28T15:32:08Z|26.76114|-91.31628,aoml/4903254/profiles/R4903254_457.nc,4903254,4903254,26.76114,-91.31628,2025-10-28T15:32:08Z,20251028,2025,945,0.56,100.0,51.3916,True,True,True,https://noaa-nws-rtofs-pds.s3.amazonaws.com/rtofs.20251028/rtofs_glo_3dz_f006_6hrly_hvr_US_east.nc
ARGO_GDAC,pfl,aoml/4903254/profiles/R4903254_458.nc|2025-11-02T15:14:23Z|26.73162|-91.30281,aoml/4903254/profiles/R4903254_458.nc,4903254,4903254,26.73162,-91.30281,2025-11-02T15:14:23Z,20251102,2025,1008,1.0,2005.36,59.7514,True,True,True,https://noaa-nws-rtofs-pds.s3.amazonaws.com/rtofs.20251102/rtofs_glo_3dz_f006_6hrly_hvr_US_east.nc
ARGO_GDAC,pfl,aoml/4903254/profiles/R4903254_458.nc|2025-11-02T15:14:23Z|26.73162|-91.30281,aoml/4903254/profiles/R4903254_458.nc,4903254,4903254,26.73162,-91.30281,2025-11-02T15:14:23Z,20251102,2025,946,0.6,99.96,59.7152,True,True,True,https://noaa-nws-rtofs-pds.s3.amazonaws.com/rtofs.20251102/rtofs_glo_3dz_f006_6hrly_hvr_US_east.nc
ARGO_GDAC,pfl,aoml/4903254/profiles/R4903254_459.nc|2025-11-07T15:00:11Z|26.74903|-91.26881,aoml/4903254/profiles/R4903254_459.nc,4903254,4903254,26.74903,-91.26881,2025-11-07T15:00:11Z,20251107,2025,1008,1.04,2005.72,22.6845,True,True,True,https://noaa-nws-rtofs-pds.s3.amazonaws.com/rtofs.20251107/rtofs_glo_3dz_f006_6hrly_hvr_US_east.nc
ARGO_GDAC,pfl,aoml/4903254/profiles/R4903254_459.nc|2025-11-07T15:00:11Z|26.74903|-91.26881,aoml/4903254/profiles/R4903254_459.nc,4903254,4903254,26.74903,-91.26881,2025-11-07T15:00:11Z,20251107,2025,943,0.64,99.88,22.784,True,True,True,https://noaa-nws-rtofs-pds.s3.amazonaws.com/rtofs.20251107/rtofs_glo_3dz_f006_6hrly_hvr_US_east.nc
ARGO_GDAC,pfl,aoml/4903254/profiles/R4903254_460.nc|2025-11-12T14:45:13Z|26.78279|-91.28022,aoml/4903254/profiles/R4903254_460.nc,4903254,4903254,26.78279,-91.28022,2025-11-12T14:45:13Z,20251112,2025,1008,1.04,2005.44,46.0532,True,True,True,https://noaa-nws-rtofs-pds.s3.amazonaws.com/rtofs.20251112/rtofs_glo_3dz_f006_6hrly_hvr_US_east.nc
ARGO_GDAC,pfl,aoml/4903254/profiles/R4903254_460.nc|2025-11-12T14:45:13Z|26.78279|-91.28022,aoml/4903254/profiles/R4903254_460.nc,4903254,4903254,26.78279,-91.28022,2025-11-12T14:45:13Z,20251112,2025,919,0.68,99.92,45.7382,True,True,True,https://noaa-nws-rtofs-pds.s3.amazonaws.com/rtofs.20251112/rtofs_glo_3dz_f006_6hrly_hvr_US_east.nc
ARGO_GDAC,pfl,aoml/4903254/profiles/R4903254_461.nc|2025-11-17T14:28:59Z|26.80519|-91.28295,aoml/4903254/profiles/R4903254_461.nc,4903254,4903254,26.80519,-91.28295,2025-11-17T14:28:59Z,20251117,2025,1009,1.04,2007.2,46.9033,True,True,True,https://noaa-nws-rtofs-pds.s3.amazonaws.com/rtofs.20251117/rtofs_glo_3dz_f006_6hrly_hvr_US_east.nc
ARGO_GDAC,pfl,aoml/4903254/profiles/R4903254_461.nc|2025-11-17T14:28:59Z|26.80519|-91.28295,aoml/4903254/profiles/R4903254_461.nc,4903254,4903254,26.80519,-91.28295,2025-11-17T14:28:59Z,20251117,2025,895,0.6,99.88,47.3433,True,True,True,https://noaa-nws-rtofs-pds.s3.amazonaws.com/rtofs.20251117/rtofs_glo_3dz_f006_6hrly_hvr_US_east.nc
ARGO_GDAC,pfl,aoml/4903254/profiles/R4903254_462.nc|2025-11-22T14:20:15Z|26.85960|-91.19954,aoml/4903254/profiles/R4903254_462.nc,4903254,4903254,26.8596,-91.19954,2025-11-22T14:20:15Z,20251122,2025,949,1.0,1887.76,43.0054,True,True,True,https://noaa-nws-rtofs-pds.s3.amazonaws.com/rtofs.20251122/rtofs_glo_3dz_f006_6hrly_hvr_US_east.nc
ARGO_GDAC,pfl,aoml/4903254/profiles/R4903254_462.nc|2025-11-22T14:20:15Z|26.85960|-91.19954,aoml/4903254/profiles/R4903254_462.nc,4903254,4903254,26.8596,-91.19954,2025-11-22T14:20:15Z,20251122,2025,939,0.68,99.92,43.41,True,True,True,https://noaa-nws-rtofs-pds.s3.amazonaws.com/rtofs.20251122/rtofs_glo_3dz_f006_6hrly_hvr_US_east.nc
ARGO_GDAC,pfl,aoml/4903254/profiles/R4903254_463.nc|2025-11-27T14:09:08Z|26.71280|-91.08116,aoml/4903254/profiles/R4903254_463.nc,4903254,4903254,26.7128,-91.08116,2025-11-27T14:09:08Z,20251127,2025,957,1.08,1903.12,72.2806,True,True,True,https://noaa-nws-rtofs-pds.s3.amazonaws.com/rtofs.20251127/rtofs_glo_3dz_f006_6hrly_hvr_US_east.nc
ARGO_GDAC,pfl,aoml/4903254/profiles/R4903254_463.nc|2025-11-27T14:09:08Z|26.71280|-91.08116,aoml/4903254/profiles/R4903254_463.nc,4903254,4903254,26.7128,-91.08116,2025-11-27T14:09:08Z,20251127,2025,799,0.56,100.0,72.6123,True,True,True,https://noaa-nws-rtofs-pds.s3.amazonaws.com/rtofs.20251127/rtofs_glo_3dz_f006_6hrly_hvr_US_east.nc
ARGO_GDAC,pfl,aoml/4903254/profiles/R4903254_464.nc|2025-12-02T13:57:20Z|26.57965|-90.98438,aoml/4903254/profiles/R4903254_464.nc,4903254,4903254,26.57965,-90.98438,2025-12-02T13:57:20Z,20251202,2025,1009,0.48,2005.76,114.1109,True,False,True,https://noaa-nws-rtofs-pds.s3.amazonaws.com/rtofs.20251202/rtofs_glo_3dz_f006_6hrly_hvr_US_east.nc
ARGO_GDAC,pfl,aoml/4903254/profiles/R4903254_464.nc|2025-12-02T13:57:20Z|26.57965|-90.98438,aoml/4903254/profiles/R4903254_464.nc,4903254,4903254,26.57965,-90.98438,2025-12-02T13:57:20Z,20251202,2025,860,0.48,99.92,,False,False,True,https://noaa-nws-rtofs-pds.s3.amazonaws.com/rtofs.20251202/rtofs_glo_3dz_f006_6hrly_hvr_US_east.nc
ARGO_GDAC,pfl,aoml/4903254/profiles/R4903254_465.nc|2025-12-07T13:52:13Z|26.63573|-90.82094,aoml/4903254/profiles/R4903254_465.nc,4903254,4903254,26.63573,-90.82094,2025-12-07T13:52:13Z,20251207,2025,1011,1.0,2011.08,112.1651,True,False,True,https://noaa-nws-rtofs-pds.s3.amazonaws.com/rtofs.20251207/rtofs_glo_3dz_f006_6hrly_hvr_US_east.nc
ARGO_GDAC,pfl,aoml/4903254/profiles/R4903254_465.nc|2025-12-07T13:52:13Z|26.63573|-90.82094,aoml/4903254/profiles/R4903254_465.nc,4903254,4903254,26.63573,-90.82094,2025-12-07T13:52:13Z,20251207,2025,873,0.6,99.96,,False,False,True,https://noaa-nws-rtofs-pds.s3.amazonaws.com/rtofs.20251207/rtofs_glo_3dz_f006_6hrly_hvr_US_east.nc
ARGO_GDAC,pfl,aoml/4903254/profiles/R4903254_466.nc|2025-12-12T14:00:51Z|26.57764|-90.74927,aoml/4903254/profiles/R4903254_466.nc,4903254,4903254,26.57764,-90.74927,2025-12-12T14:00:51Z,20251212,2025,1004,0.48,1995.92,113.8567,True,False,True,https://noaa-nws-rtofs-pds.s3.amazonaws.com/rtofs.20251212/rtofs_glo_3dz_f006_6hrly_hvr_US_east.nc
ARGO_GDAC,pfl,aoml/4903254/profiles/R4903254_466.nc|2025-12-12T14:00:51Z|26.57764|-90.74927,aoml/4903254/profiles/R4903254_466.nc,4903254,4903254,26.57764,-90.74927,2025-12-12T14:00:51Z,20251212,2025,920,0.48,100.0,,False,False,True,https://noaa-nws-rtofs-pds.s3.amazonaws.com/rtofs.20251212/rtofs_glo_3dz_f006_6hrly_hvr_US_east.nc
ARGO_GDAC,pfl,aoml/4903254/profiles/R4903254_467.nc|2025-12-17T14:17:38Z|26.56176|-90.81511,aoml/4903254/profiles/R4903254_467.nc,4903254,4903254,26.56176,-90.81511,2025-12-17T14:17:38Z,20251217,2025,999,1.08,1987.28,118.6854,True,False,True,https://noaa-nws-rtofs-pds.s3.amazonaws.com/rtofs.20251217/rtofs_glo_3dz_f006_6hrly_hvr_US_east.nc
ARGO_GDAC,pfl,aoml/4903254/profiles/R4903254_467.nc|2025-12-17T14:17:38Z|26.56176|-90.81511,aoml/4903254/profiles/R4903254_467.nc,4903254,4903254,26.56176,-90.81511,2025-12-17T14:17:38Z,20251217,2025,721,0.68,99.88,,False,False,True,https://noaa-nws-rtofs-pds.s3.amazonaws.com/rtofs.20251217/rtofs_glo_3dz_f006_6hrly_hvr_US_east.nc
ARGO_GDAC,pfl,aoml/4903254/profiles/R4903254_468.nc|2025-12-22T14:06:27Z|26.58708|-90.86593,aoml/4903254/profiles/R4903254_468.nc,4903254,4903254,26.58708,-90.86593,2025-12-22T14:06:27Z,20251222,2025,1008,1.08,2005.16,92.1184,True,True,True,https://noaa-nws-rtofs-pds.s3.amazonaws.com/rtofs.20251222/rtofs_glo_3dz_f006_6hrly_hvr_US_east.nc
ARGO_GDAC,pfl,aoml/4903254/profiles/R4903254_468.nc|2025-12-22T14:06:27Z|26.58708|-90.86593,aoml/4903254/profiles/R4903254_468.nc,4903254,4903254,26.58708,-90.86593,2025-12-22T14:06:27Z,20251222,2025,870,0.68,99.92,92.6178,True,True,True,https://noaa-nws-rtofs-pds.s3.amazonaws.com/rtofs.20251222/rtofs_glo_3dz_f006_6hrly_hvr_US_east.nc
ARGO_GDAC,pfl,aoml/4903254/profiles/R4903254_469.nc|2025-12-27T13:56:59Z|26.57442|-90.83070,aoml/4903254/profiles/R4903254_469.nc,4903254,4903254,26.57442,-90.8307,2025-12-27T13:56:59Z,20251227,2025,1006,1.04,2001.76,79.0363,True,True,True,https://noaa-nws-rtofs-pds.s3.amazonaws.com/rtofs.20251227/rtofs_glo_3dz_f006_6hrly_hvr_US_east.nc
ARGO_GDAC,pfl,aoml/4903254/profiles/R4903254_469.nc|2025-12-27T13:56:59Z|26.57442|-90.83070,aoml/4903254/profiles/R4903254_469.nc,4903254,4903254,26.57442,-90.8307,2025-12-27T13:56:59Z,20251227,2025,884,0.64,99.96,80.026,True,True,True,https://noaa-nws-rtofs-pds.s3.amazonaws.com/rtofs.20251227/rtofs_glo_3dz_f006_6hrly_hvr_US_east.nc
ARGO_GDAC,pfl,aoml/4903255/profiles/D4903255_320.nc|2024-01-01T06:07:21Z|27.85790|-88.51282,aoml/4903255/profiles/D4903255_320.nc,4903255,4903255,27.8579,-88.51282,2024-01-01T06:07:21Z,20240101,2024,1009,1.0,2007.96,71.192,True,True,False,
ARGO_GDAC,pfl,aoml/4903255/profiles/D4903255_320.nc|2024-01-01T06:07:21Z|27.85790|-88.51282,aoml/4903255/profiles/D4903255_320.nc,4903255,4903255,27.8579,-88.51282,2024-01-01T06:07:21Z,20240101,2024,837,0.56,99.92,70.5813,True,True,False,
ARGO_GDAC,pfl,aoml/4903255/profiles/D4903255_321.nc|2024-01-06T05:45:59Z|27.79909|-88.55405,aoml/4903255/profiles/D4903255_321.nc,4903255,4903255,27.79909,-88.55405,2024-01-06T05:45:59Z,20240106,2024,1009,0.48,2007.4,75.8893,True,True,False,
ARGO_GDAC,pfl,aoml/4903255/profiles/D4903255_321.nc|2024-01-06T05:45:59Z|27.79909|-88.55405,aoml/4903255/profiles/D4903255_321.nc,4903255,4903255,27.79909,-88.55405,2024-01-06T05:45:59Z,20240106,2024,816,0.48,99.84,75.9314,True,True,False,
ARGO_GDAC,pfl,aoml/4903255/profiles/D4903255_322.nc|2024-01-11T05:24:00Z|27.69149|-88.49141,aoml/4903255/profiles/D4903255_322.nc,4903255,4903255,27.69149,-88.49141,2024-01-11T05:24:00Z,20240111,2024,1008,1.08,2007.64,96.4964,True,True,False,
ARGO_GDAC,pfl,aoml/4903255/profiles/D4903255_322.nc|2024-01-11T05:24:00Z|27.69149|-88.49141,aoml/4903255/profiles/D4903255_322.nc,4903255,4903255,27.69149,-88.49141,2024-01-11T05:24:00Z,20240111,2024,854,0.68,99.92,96.56,True,True,False,
ARGO_GDAC,pfl,aoml/4903255/profiles/D4903255_323.nc|2024-01-16T05:00:15Z|27.66135|-88.50711,aoml/4903255/profiles/D4903255_323.nc,4903255,4903255,27.66135,-88.50711,2024-01-16T05:00:15Z,20240116,2024,1008,1.0,2007.04,80.6678,True,True,False,
ARGO_GDAC,pfl,aoml/4903255/profiles/D4903255_323.nc|2024-01-16T05:00:15Z|27.66135|-88.50711,aoml/4903255/profiles/D4903255_323.nc,4903255,4903255,27.66135,-88.50711,2024-01-16T05:00:15Z,20240116,2024,834,0.52,99.72,80.9778,True,True,False,
ARGO_GDAC,pfl,aoml/4903255/profiles/D4903255_324.nc|2024-01-21T04:33:35Z|27.68524|-88.54037,aoml/4903255/profiles/D4903255_324.nc,4903255,4903255,27.68524,-88.54037,2024-01-21T04:33:35Z,20240121,2024,1009,0.44,2007.08,96.7206,True,True,False,
ARGO_GDAC,pfl,aoml/4903255/profiles/D4903255_324.nc|2024-01-21T04:33:35Z|27.68524|-88.54037,aoml/4903255/profiles/D4903255_324.nc,4903255,4903255,27.68524,-88.54037,2024-01-21T04:33:35Z,20240121,2024,847,0.44,99.96,96.9785,True,True,False,
ARGO_GDAC,pfl,aoml/4903255/profiles/D4903255_325.nc|2024-01-26T04:17:33Z|27.71221|-88.51664,aoml/4903255/profiles/D4903255_325.nc,4903255,4903255,27.71221,-88.51664,2024-01-26T04:17:33Z,20240126,2024,1008,1.04,2007.0,15.251,True,True,False,
ARGO_GDAC,pfl,aoml/4903255/profiles/D4903255_325.nc|2024-01-26T04:17:33Z|27.71221|-88.51664,aoml/4903255/profiles/D4903255_325.nc,4903255,4903255,27.71221,-88.51664,2024-01-26T04:17:33Z,20240126,2024,909,0.64,99.96,14.5333,True,True,False,
ARGO_GDAC,pfl,aoml/4903255/profiles/D4903255_326.nc|2024-01-31T03:55:16Z|27.70396|-88.55700,aoml/4903255/profiles/D4903255_326.nc,4903255,4903255,27.70396,-88.557,2024-01-31T03:55:16Z,20240131,2024,1008,0.96,2007.36,36.3699,True,True,True,https://noaa-nws-rtofs-pds.s3.amazonaws.com/rtofs.20240131/rtofs_glo_3dz_f006_6hrly_hvr_US_east.nc
ARGO_GDAC,pfl,aoml/4903255/profiles/D4903255_326.nc|2024-01-31T03:55:16Z|27.70396|-88.55700,aoml/4903255/profiles/D4903255_326.nc,4903255,4903255,27.70396,-88.557,2024-01-31T03:55:16Z,20240131,2024,868,0.52,99.92,36.6255,True,True,True,https://noaa-nws-rtofs-pds.s3.amazonaws.com/rtofs.20240131/rtofs_glo_3dz_f006_6hrly_hvr_US_east.nc
ARGO_GDAC,pfl,aoml/4903255/profiles/D4903255_327.nc|2024-02-05T03:38:33Z|27.73568|-88.53439,aoml/4903255/profiles/D4903255_327.nc,4903255,4903255,27.73568,-88.53439,2024-02-05T03:38:33Z,20240205,2024,1008,0.4,2005.56,39.6167,True,True,True,https://noaa-nws-rtofs-pds.s3.amazonaws.com/rtofs.20240205/rtofs_glo_3dz_f006_6hrly_hvr_US_east.nc
ARGO_GDAC,pfl,aoml/4903255/profiles/D4903255_327.nc|2024-02-05T03:38:33Z|27.73568|-88.53439,aoml/4903255/profiles/D4903255_327.nc,4903255,4903255,27.73568,-88.53439,2024-02-05T03:38:33Z,20240205,2024,889,0.36,99.88,39.5464,True,True,True,https://noaa-nws-rtofs-pds.s3.amazonaws.com/rtofs.20240205/rtofs_glo_3dz_f006_6hrly_hvr_US_east.nc
ARGO_GDAC,pfl,aoml/4903255/profiles/D4903255_328.nc|2024-02-10T03:14:27Z|27.57868|-88.92250,aoml/4903255/profiles/D4903255_328.nc,4903255,4903255,27.57868,-88.9225,2024-02-10T03:14:27Z,20240210,2024,927,0.92,1845.2,30.0557,True,True,True,https://noaa-nws-rtofs-pds.s3.amazonaws.com/rtofs.20240210/rtofs_glo_3dz_f006_6hrly_hvr_US_east.nc
ARGO_GDAC,pfl,aoml/4903255/profiles/D4903255_328.nc|2024-02-10T03:14:27Z|27.57868|-88.92250,aoml/4903255/profiles/D4903255_328.nc,4903255,4903255,27.57868,-88.9225,2024-02-10T03:14:27Z,20240210,2024,875,0.6,99.96,29.8133,True,True,True,https://noaa-nws-rtofs-pds.s3.amazonaws.com/rtofs.20240210/rtofs_glo_3dz_f006_6hrly_hvr_US_east.nc
ARGO_GDAC,pfl,aoml/4903255/profiles/D4903255_329.nc|2024-02-15T02:40:39Z|27.51416|-89.02982,aoml/4903255/profiles/D4903255_329.nc,4903255,4903255,27.51416,-89.02982,2024-02-15T02:40:39Z,20240215,2024,892,1.04,1773.8,42.7247,True,True,True,https://noaa-nws-rtofs-pds.s3.amazonaws.com/rtofs.20240215/rtofs_glo_3dz_f006_6hrly_hvr_US_east.nc
ARGO_GDAC,pfl,aoml/4903255/profiles/D4903255_329.nc|2024-02-15T02:40:39Z|27.51416|-89.02982,aoml/4903255/profiles/D4903255_329.nc,4903255,4903255,27.51416,-89.02982,2024-02-15T02:40:39Z,20240215,2024,862,0.72,99.84,42.7481,True,True,True,https://noaa-nws-rtofs-pds.s3.amazonaws.com/rtofs.20240215/rtofs_glo_3dz_f006_6hrly_hvr_US_east.nc
ARGO_GDAC,pfl,aoml/4903255/profiles/D4903255_330.nc|2024-02-20T02:25:56Z|27.11521|-88.75579,aoml/4903255/profiles/D4903255_330.nc,4903255,4903255,27.11521,-88.75579,2024-02-20T02:25:56Z,20240220,2024,1008,1.04,2007.04,51.8162,True,True,True,https://noaa-nws-rtofs-pds.s3.amazonaws.com/rtofs.20240220/rtofs_glo_3dz_f006_6hrly_hvr_US_east.nc
ARGO_GDAC,pfl,aoml/4903255/profiles/D4903255_330.nc|2024-02-20T02:25:56Z|27.11521|-88.75579,aoml/4903255/profiles/D4903255_330.nc,4903255,4903255,27.11521,-88.75579,2024-02-20T02:25:56Z,20240220,2024,919,0.72,99.88,50.6277,True,True,True,https://noaa-nws-rtofs-pds.s3.amazonaws.com/rtofs.20240220/rtofs_glo_3dz_f006_6hrly_hvr_US_east.nc
ARGO_GDAC,pfl,aoml/4903255/profiles/D4903255_331.nc|2024-02-25T02:01:41Z|26.67663|-88.33794,aoml/4903255/profiles/D4903255_331.nc,4903255,4903255,26.67663,-88.33794,2024-02-25T02:01:41Z,20240225,2024,1010,0.4,2007.72,135.7643,True,False,True,https://noaa-nws-rtofs-pds.s3.amazonaws.com/rtofs.20240225/rtofs_glo_3dz_f006_6hrly_hvr_US_east.nc
ARGO_GDAC,pfl,aoml/4903255/profiles/D4903255_331.nc|2024-02-25T02:01:41Z|26.67663|-88.33794,aoml/4903255/profiles/D4903255_331.nc,4903255,4903255,26.67663,-88.33794,2024-02-25T02:01:41Z,20240225,2024,870,0.32,99.8,,False,False,True,https://noaa-nws-rtofs-pds.s3.amazonaws.com/rtofs.20240225/rtofs_glo_3dz_f006_6hrly_hvr_US_east.nc
ARGO_GDAC,pfl,aoml/4903255/profiles/D4903255_332.nc|2024-03-01T01:34:32Z|26.39011|-88.12571,aoml/4903255/profiles/D4903255_332.nc,4903255,4903255,26.39011,-88.12571,2024-03-01T01:34:32Z,20240301,2024,1010,0.48,2008.0,126.2751,True,False,True,https://noaa-nws-rtofs-pds.s3.amazonaws.com/rtofs.20240301/rtofs_glo_3dz_f006_6hrly_hvr_US_east.nc
ARGO_GDAC,pfl,aoml/4903255/profiles/D4903255_332.nc|2024-03-01T01:34:32Z|26.39011|-88.12571,aoml/4903255/profiles/D4903255_332.nc,4903255,4903255,26.39011,-88.12571,2024-03-01T01:34:32Z,20240301,2024,765,0.48,99.88,,False,False,True,https://noaa-nws-rtofs-pds.s3.amazonaws.com/rtofs.20240301/rtofs_glo_3dz_f006_6hrly_hvr_US_east.nc
ARGO_GDAC,pfl,aoml/4903255/profiles/D4903255_333.nc|2024-03-06T01:14:48Z|26.37418|-88.65692,aoml/4903255/profiles/D4903255_333.nc,4903255,4903255,26.37418,-88.65692,2024-03-06T01:14:48Z,20240306,2024,1008,1.04,2007.44,67.3699,True,True,True,https://noaa-nws-rtofs-pds.s3.amazonaws.com/rtofs.20240306/rtofs_glo_3dz_f006_6hrly_hvr_US_east.nc
ARGO_GDAC,pfl,aoml/4903255/profiles/D4903255_333.nc|2024-03-06T01:14:48Z|26.37418|-88.65692,aoml/4903255/profiles/D4903255_333.nc,4903255,4903255,26.37418,-88.65692,2024-03-06T01:14:48Z,20240306,2024,854,0.64,99.8,65.28,True,True,True,https://noaa-nws-rtofs-pds.s3.amazonaws.com/rtofs.20240306/rtofs_glo_3dz_f006_6hrly_hvr_US_east.nc
ARGO_GDAC,pfl,aoml/4903255/profiles/D4903255_334.nc|2024-03-11T00:53:54Z|27.02096|-89.52481,aoml/4903255/profiles/D4903255_334.nc,4903255,4903255,27.02096,-89.52481,2024-03-11T00:53:54Z,20240311,2024,1009,0.48,2006.16,29.8877,True,True,True,https://noaa-nws-rtofs-pds.s3.amazonaws.com/rtofs.20240311/rtofs_glo_3dz_f006_6hrly_hvr_US_east.nc
ARGO_GDAC,pfl,aoml/4903255/profiles/D4903255_334.nc|2024-03-11T00:53:54Z|27.02096|-89.52481,aoml/4903255/profiles/D4903255_334.nc,4903255,4903255,27.02096,-89.52481,2024-03-11T00:53:54Z,20240311,2024,855,0.48,99.8,28.54,True,True,True,https://noaa-nws-rtofs-pds.s3.amazonaws.com/rtofs.20240311/rtofs_glo_3dz_f006_6hrly_hvr_US_east.nc
ARGO_GDAC,pfl,aoml/4903255/profiles/D4903255_335.nc|2024-03-16T00:31:54Z|27.12543|-89.81393,aoml/4903255/profiles/D4903255_335.nc,4903255,4903255,27.12543,-89.81393,2024-03-16T00:31:54Z,20240316,2024,1009,1.04,2008.08,42.3842,True,True,True,https://noaa-nws-rtofs-pds.s3.amazonaws.com/rtofs.20240316/rtofs_glo_3dz_f006_6hrly_hvr_US_east.nc
ARGO_GDAC,pfl,aoml/4903255/profiles/D4903255_335.nc|2024-03-16T00:31:54Z|27.12543|-89.81393,aoml/4903255/profiles/D4903255_335.nc,4903255,4903255,27.12543,-89.81393,2024-03-16T00:31:54Z,20240316,2024,924,0.6,100.0,42.358,True,True,True,https://noaa-nws-rtofs-pds.s3.amazonaws.com/rtofs.20240316/rtofs_glo_3dz_f006_6hrly_hvr_US_east.nc
ARGO_GDAC,pfl,aoml/4903255/profiles/D4903255_336.nc|2024-03-21T00:13:10Z|27.24499|-89.42807,aoml/4903255/profiles/D4903255_336.nc,4903255,4903255,27.24499,-89.42807,2024-03-21T00:13:10Z,20240321,2024,1008,1.04,2006.28,58.4783,True,True,True,https://noaa-nws-rtofs-pds.s3.amazonaws.com/rtofs.20240321/rtofs_glo_3dz_f006_6hrly_hvr_US_east.nc
ARGO_GDAC,pfl,aoml/4903255/profiles/D4903255_336.nc|2024-03-21T00:13:10Z|27.24499|-89.42807,aoml/4903255/profiles/D4903255_336.nc,4903255,4903255,27.24499,-89.42807,2024-03-21T00:13:10Z,20240321,2024,906,0.56,99.92,58.425,True,True,True,https://noaa-nws-rtofs-pds.s3.amazonaws.com/rtofs.20240321/rtofs_glo_3dz_f006_6hrly_hvr_US_east.nc
ARGO_GDAC,pfl,aoml/4903255/profiles/D4903255_337.nc|2024-03-25T23:53:34Z|26.91359|-89.42190,aoml/4903255/profiles/D4903255_337.nc,4903255,4903255,26.91359,-89.4219,2024-03-25T23:53:34Z,20240325,2024,1008,0.92,2007.56,140.5273,True,False,True,https://noaa-nws-rtofs-pds.s3.amazonaws.com/rtofs.20240325/rtofs_glo_3dz_f006_6hrly_hvr_US_east.nc
ARGO_GDAC,pfl,aoml/4903255/profiles/D4903255_337.nc|2024-03-25T23:53:34Z|26.91359|-89.42190,aoml/4903255/profiles/D4903255_337.nc,4903255,4903255,26.91359,-89.4219,2024-03-25T23:53:34Z,20240325,2024,964,0.56,99.92,,False,False,True,https://noaa-nws-rtofs-pds.s3.amazonaws.com/rtofs.20240325/rtofs_glo_3dz_f006_6hrly_hvr_US_east.nc
ARGO_GDAC,pfl,aoml/4903278/profiles/D4903278_257.nc|2024-01-04T18:16:03Z|27.75247|-85.86717,aoml/4903278/profiles/D4903278_257.nc,4903278,4903278,27.75247,-85.86717,2024-01-04T18:16:03Z,20240104,2024,1008,1.0,2006.04,77.6164,True,True,False,
ARGO_GDAC,pfl,aoml/4903278/profiles/D4903278_258.nc|2024-01-09T15:03:01Z|27.80100|-85.92165,aoml/4903278/profiles/D4903278_258.nc,4903278,4903278,27.801,-85.92165,2024-01-09T15:03:01Z,20240109,2024,1010,0.44,2007.2,90.1084,True,True,False,
ARGO_GDAC,pfl,aoml/4903278/profiles/D4903278_259.nc|2024-01-14T12:04:02Z|27.83784|-86.03415,aoml/4903278/profiles/D4903278_259.nc,4903278,4903278,27.83784,-86.03415,2024-01-14T12:04:02Z,20240114,2024,1012,0.96,2013.64,87.0983,True,True,False,
ARGO_GDAC,pfl,aoml/4903278/profiles/D4903278_260.nc|2024-01-19T08:50:45Z|27.86059|-86.13147,aoml/4903278/profiles/D4903278_260.nc,4903278,4903278,27.86059,-86.13147,2024-01-19T08:50:45Z,20240119,2024,1014,0.4,2015.36,81.1965,True,True,False,
ARGO_GDAC,pfl,aoml/4903278/profiles/D4903278_261.nc|2024-01-24T05:39:55Z|27.82026|-86.22647,aoml/4903278/profiles/D4903278_261.nc,4903278,4903278,27.82026,-86.22647,2024-01-24T05:39:55Z,20240124,2024,1013,0.48,2013.8,100.7213,True,False,False,
ARGO_GDAC,pfl,aoml/4903278/profiles/D4903278_262.nc|2024-01-29T02:27:16Z|27.76015|-86.37528,aoml/4903278/profiles/D4903278_262.nc,4903278,4903278,27.76015,-86.37528,2024-01-29T02:27:16Z,20240129,2024,1008,0.96,2005.8,56.6596,True,True,True,https://noaa-nws-rtofs-pds.s3.amazonaws.com/rtofs.20240129/rtofs_glo_3dz_f006_6hrly_hvr_US_east.nc
ARGO_GDAC,pfl,aoml/4903278/profiles/D4903278_263.nc|2024-02-02T23:14:39Z|27.62612|-86.58458,aoml/4903278/profiles/D4903278_263.nc,4903278,4903278,27.62612,-86.58458,2024-02-02T23:14:39Z,20240202,2024,1009,0.32,2006.16,14.3213,True,True,True,https://noaa-nws-rtofs-pds.s3.amazonaws.com/rtofs.20240202/rtofs_glo_3dz_f006_6hrly_hvr_US_east.nc
ARGO_GDAC,pfl,aoml/4903278/profiles/D4903278_264.nc|2024-02-07T20:00:04Z|27.42264|-86.65702,aoml/4903278/profiles/D4903278_264.nc,4903278,4903278,27.42264,-86.65702,2024-02-07T20:00:04Z,20240207,2024,1009,0.4,2006.24,85.6862,True,True,True,https://noaa-nws-rtofs-pds.s3.amazonaws.com/rtofs.20240207/rtofs_glo_3dz_f006_6hrly_hvr_US_east.nc
ARGO_GDAC,pfl,aoml/4903278/profiles/D4903278_265.nc|2024-02-12T16:55:16Z|27.35705|-86.55184,aoml/4903278/profiles/D4903278_265.nc,4903278,4903278,27.35705,-86.55184,2024-02-12T16:55:16Z,20240212,2024,1009,0.44,2005.84,52.9333,True,True,True,https://noaa-nws-rtofs-pds.s3.amazonaws.com/rtofs.20240212/rtofs_glo_3dz_f006_6hrly_hvr_US_east.nc
ARGO_GDAC,pfl,aoml/4903278/profiles/D4903278_266.nc|2024-02-17T14:02:18Z|27.23798|-86.27603,aoml/4903278/profiles/D4903278_266.nc,4903278,4903278,27.23798,-86.27603,2024-02-17T14:02:18Z,20240217,2024,1012,0.44,2011.12,37.1771,True,True,True,https://noaa-nws-rtofs-pds.s3.amazonaws.com/rtofs.20240217/rtofs_glo_3dz_f006_6hrly_hvr_US_east.nc
ARGO_GDAC,pfl,aoml/4903278/profiles/D4903278_267.nc|2024-02-22T10:58:53Z|27.27133|-86.10554,aoml/4903278/profiles/D4903278_267.nc,4903278,4903278,27.27133,-86.10554,2024-02-22T10:58:53Z,20240222,2024,1009,0.96,2007.24,59.2981,True,True,True,https://noaa-nws-rtofs-pds.s3.amazonaws.com/rtofs.20240222/rtofs_glo_3dz_f006_6hrly_hvr_US_east.nc
ARGO_GDAC,pfl,aoml/4903278/profiles/D4903278_268.nc|2024-02-27T07:49:48Z|27.42315|-86.19008,aoml/4903278/profiles/D4903278_268.nc,4903278,4903278,27.42315,-86.19008,2024-02-27T07:49:48Z,20240227,2024,1011,1.0,2011.24,68.2667,True,True,True,https://noaa-nws-rtofs-pds.s3.amazonaws.com/rtofs.20240227/rtofs_glo_3dz_f006_6hrly_hvr_US_east.nc
ARGO_GDAC,pfl,aoml/4903278/profiles/D4903278_269.nc|2024-03-03T04:57:06Z|27.73306|-86.50961,aoml/4903278/profiles/D4903278_269.nc,4903278,4903278,27.73306,-86.50961,2024-03-03T04:57:06Z,20240303,2024,1012,0.48,2011.32,87.4719,True,True,True,https://noaa-nws-rtofs-pds.s3.amazonaws.com/rtofs.20240303/rtofs_glo_3dz_f006_6hrly_hvr_US_east.nc
ARGO_GDAC,pfl,aoml/4903278/profiles/D4903278_270.nc|2024-03-08T01:46:03Z|27.94935|-86.88761,aoml/4903278/profiles/D4903278_270.nc,4903278,4903278,27.94935,-86.88761,2024-03-08T01:46:03Z,20240308,2024,1012,0.48,2012.0,52.5555,True,True,True,https://noaa-nws-rtofs-pds.s3.amazonaws.com/rtofs.20240308/rtofs_glo_3dz_f006_6hrly_hvr_US_east.nc
ARGO_GDAC,pfl,aoml/4903278/profiles/D4903278_271.nc|2024-03-12T22:37:51Z|27.95134|-87.23103,aoml/4903278/profiles/D4903278_271.nc,4903278,4903278,27.95134,-87.23103,2024-03-12T22:37:51Z,20240312,2024,1010,0.44,2007.44,47.2184,True,True,True,https://noaa-nws-rtofs-pds.s3.amazonaws.com/rtofs.20240312/rtofs_glo_3dz_f006_6hrly_hvr_US_east.nc
ARGO_GDAC,pfl,aoml/4903278/profiles/D4903278_272.nc|2024-03-17T19:45:56Z|27.90084|-87.36455,aoml/4903278/profiles/D4903278_272.nc,4903278,4903278,27.90084,-87.36455,2024-03-17T19:45:56Z,20240317,2024,1010,0.4,2007.08,40.4134,True,True,True,https://noaa-nws-rtofs-pds.s3.amazonaws.com/rtofs.20240317/rtofs_glo_3dz_f006_6hrly_hvr_US_east.nc
ARGO_GDAC,pfl,aoml/4903278/profiles/D4903278_273.nc|2024-03-22T16:57:59Z|27.86883|-87.34427,aoml/4903278/profiles/D4903278_273.nc,4903278,4903278,27.86883,-87.34427,2024-03-22T16:57:59Z,20240322,2024,1013,0.44,2013.48,42.217,True,True,True,https://noaa-nws-rtofs-pds.s3.amazonaws.com/rtofs.20240322/rtofs_glo_3dz_f006_6hrly_hvr_US_east.nc
ARGO_GDAC,pfl,aoml/4903278/profiles/D4903278_274.nc|2024-03-27T14:05:46Z|27.89818|-87.22374,aoml/4903278/profiles/D4903278_274.nc,4903278,4903278,27.89818,-87.22374,2024-03-27T14:05:46Z,20240327,2024,1013,1.08,2015.32,51.1705,True,True,True,https://noaa-nws-rtofs-pds.s3.amazonaws.com/rtofs.20240327/rtofs_glo_3dz_f006_6hrly_hvr_US_east.nc
ARGO_GDAC,pfl,aoml/4903278/profiles/D4903278_275.nc|2024-04-01T10:52:26Z|27.95970|-87.14660,aoml/4903278/profiles/D4903278_275.nc,4903278,4903278,27.9597,-87.1466,2024-04-01T10:52:26Z,20240401,2024,1014,0.48,2016.12,25.36,True,True,True,https://noaa-nws-rtofs-pds.s3.amazonaws.com/rtofs.20240401/rtofs_glo_3dz_f006_6hrly_hvr_US_east.nc
ARGO_GDAC,pfl,aoml/4903278/profiles/D4903278_276.nc|2024-04-06T07:44:32Z|27.90457|-87.08305,aoml/4903278/profiles/D4903278_276.nc,4903278,4903278,27.90457,-87.08305,2024-04-06T07:44:32Z,20240406,2024,1009,1.04,2007.44,30.4213,True,True,True,https://noaa-nws-rtofs-pds.s3.amazonaws.com/rtofs.20240406/rtofs_glo_3dz_f006_6hrly_hvr_US_east.nc
ARGO_GDAC,pfl,aoml/4903278/profiles/D4903278_277.nc|2024-04-11T04:42:03Z|27.75146|-86.87545,aoml/4903278/profiles/D4903278_277.nc,4903278,4903278,27.75146,-86.87545,2024-04-11T04:42:03Z,20240411,2024,1012,1.0,2013.64,48.5312,True,True,True,https://noaa-nws-rtofs-pds.s3.amazonaws.com/rtofs.20240411/rtofs_glo_3dz_f006_6hrly_hvr_US_east.nc
ARGO_GDAC,pfl,aoml/4903278/profiles/D4903278_278.nc|2024-04-16T01:31:32Z|27.70623|-86.55431,aoml/4903278/profiles/D4903278_278.nc,4903278,4903278,27.70623,-86.55431,2024-04-16T01:31:32Z,20240416,2024,1009,0.48,2006.12,69.461,True,True,True,https://noaa-nws-rtofs-pds.s3.amazonaws.com/rtofs.20240416/rtofs_glo_3dz_f006_6hrly_hvr_US_east.nc
ARGO_GDAC,pfl,aoml/4903278/profiles/D4903278_279.nc|2024-04-20T22:24:29Z|27.70907|-86.42884,aoml/4903278/profiles/D4903278_279.nc,4903278,4903278,27.70907,-86.42884,2024-04-20T22:24:29Z,20240420,2024,1009,0.44,2006.04,36.5634,True,True,True,https://noaa-nws-rtofs-pds.s3.amazonaws.com/rtofs.20240420/rtofs_glo_3dz_f006_6hrly_hvr_US_east.nc
ARGO_GDAC,pfl,aoml/4903278/profiles/D4903278_280.nc|2024-04-25T19:08:53Z|27.62906|-86.47795,aoml/4903278/profiles/D4903278_280.nc,4903278,4903278,27.62906,-86.47795,2024-04-25T19:08:53Z,20240425,2024,1012,0.96,2013.0,66.7016,True,True,True,https://noaa-nws-rtofs-pds.s3.amazonaws.com/rtofs.20240425/rtofs_glo_3dz_f006_6hrly_hvr_US_east.nc
ARGO_GDAC,pfl,aoml/4903278/profiles/D4903278_281.nc|2024-04-30T15:53:46Z|27.60059|-86.58113,aoml/4903278/profiles/D4903278_281.nc,4903278,4903278,27.60059,-86.58113,2024-04-30T15:53:46Z,20240430,2024,1010,0.48,2008.08,12.3888,True,True,True,https://noaa-nws-rtofs-pds.s3.amazonaws.com/rtofs.20240430/rtofs_glo_3dz_f006_6hrly_hvr_US_east.nc
ARGO_GDAC,pfl,aoml/4903278/profiles/D4903278_282.nc|2024-05-05T13:00:44Z|27.78098|-87.04043,aoml/4903278/profiles/D4903278_282.nc,4903278,4903278,27.78098,-87.04043,2024-05-05T13:00:44Z,20240505,2024,1012,1.0,2014.2,12.5775,True,True,True,https://noaa-nws-rtofs-pds.s3.amazonaws.com/rtofs.20240505/rtofs_glo_3dz_f006_6hrly_hvr_US_east.nc
ARGO_GDAC,pfl,aoml/4903278/profiles/D4903278_283.nc|2024-05-10T09:52:59Z|27.87092|-87.35336,aoml/4903278/profiles/D4903278_283.nc,4903278,4903278,27.87092,-87.35336,2024-05-10T09:52:59Z,20240510,2024,1011,1.04,2012.12,16.3276,True,True,True,https://noaa-nws-rtofs-pds.s3.amazonaws.com/rtofs.20240510/rtofs_glo_3dz_f006_6hrly_hvr_US_east.nc
ARGO_GDAC,pfl,aoml/4903278/profiles/D4903278_284.nc|2024-05-15T06:47:30Z|27.99392|-87.29303,aoml/4903278/profiles/D4903278_284.nc,4903278,4903278,27.99392,-87.29303,2024-05-15T06:47:30Z,20240515,2024,1009,1.0,2007.24,22.2001,True,True,True,https://noaa-nws-rtofs-pds.s3.amazonaws.com/rtofs.20240515/rtofs_glo_3dz_f006_6hrly_hvr_US_east.nc
ARGO_GDAC,pfl,aoml/4903278/profiles/D4903278_285.nc|2024-05-20T03:58:56Z|27.86229|-87.19820,aoml/4903278/profiles/D4903278_285.nc,4903278,4903278,27.86229,-87.1982,2024-05-20T03:58:56Z,20240520,2024,1009,1.0,2007.2,14.7866,True,True,True,https://noaa-nws-rtofs-pds.s3.amazonaws.com/rtofs.20240520/rtofs_glo_3dz_f006_6hrly_hvr_US_east.nc
ARGO_GDAC,pfl,aoml/4903278/profiles/D4903278_286.nc|2024-05-25T00:46:52Z|27.93594|-87.17818,aoml/4903278/profiles/D4903278_286.nc,4903278,4903278,27.93594,-87.17818,2024-05-25T00:46:52Z,20240525,2024,1009,0.36,2006.12,19.0168,True,True,True,https://noaa-nws-rtofs-pds.s3.amazonaws.com/rtofs.20240525/rtofs_glo_3dz_f006_6hrly_hvr_US_east.nc
ARGO_GDAC,pfl,aoml/4903278/profiles/D4903278_287.nc|2024-05-29T21:55:32Z|27.95154|-87.10576,aoml/4903278/profiles/D4903278_287.nc,4903278,4903278,27.95154,-87.10576,2024-05-29T21:55:32Z,20240529,2024,1008,1.0,2005.64,12.5559,True,True,True,https://noaa-nws-rtofs-pds.s3.amazonaws.com/rtofs.20240529/rtofs_glo_3dz_f006_6hrly_hvr_US_east.nc
ARGO_GDAC,pfl,aoml/4903278/profiles/D4903278_288.nc|2024-06-03T18:38:35Z|27.90126|-87.13406,aoml/4903278/profiles/D4903278_288.nc,4903278,4903278,27.90126,-87.13406,2024-06-03T18:38:35Z,20240603,2024,1013,0.44,2013.44,20.176,True,True,True,https://noaa-nws-rtofs-pds.s3.amazonaws.com/rtofs.20240603/rtofs_glo_3dz_f006_6hrly_hvr_US_east.nc
ARGO_GDAC,pfl,aoml/4903278/profiles/D4903278_289.nc|2024-06-08T15:46:47Z|27.92098|-87.20733,aoml/4903278/profiles/D4903278_289.nc,4903278,4903278,27.92098,-87.20733,2024-06-08T15:46:47Z,20240608,2024,1012,0.44,2011.44,13.2387,True,True,True,https://noaa-nws-rtofs-pds.s3.amazonaws.com/rtofs.20240608/rtofs_glo_3dz_f006_6hrly_hvr_US_east.nc
ARGO_GDAC,pfl,aoml/4903278/profiles/D4903278_290.nc|2024-06-13T12:39:21Z|27.87237|-87.10078,aoml/4903278/profiles/D4903278_290.nc,4903278,4903278,27.87237,-87.10078,2024-06-13T12:39:21Z,20240613,2024,1008,1.0,2006.0,12.0906,True,True,True,https://noaa-nws-rtofs-pds.s3.amazonaws.com/rtofs.20240613/rtofs_glo_3dz_f006_6hrly_hvr_US_east.nc
ARGO_GDAC,pfl,aoml/4903278/profiles/D4903278_291.nc|2024-06-18T09:49:45Z|27.75927|-86.93355,aoml/4903278/profiles/D4903278_291.nc,4903278,4903278,27.75927,-86.93355,2024-06-18T09:49:45Z,20240618,2024,1012,1.04,2013.96,21.2451,True,True,True,https://noaa-nws-rtofs-pds.s3.amazonaws.com/rtofs.20240618/rtofs_glo_3dz_f006_6hrly_hvr_US_east.nc
ARGO_GDAC,pfl,aoml/4903278/profiles/D4903278_292.nc|2024-06-23T06:36:53Z|27.63408|-86.64293,aoml/4903278/profiles/D4903278_292.nc,4903278,4903278,27.63408,-86.64293,2024-06-23T06:36:53Z,20240623,2024,1009,0.96,2007.36,32.4994,True,True,True,https://noaa-nws-rtofs-pds.s3.amazonaws.com/rtofs.20240623/rtofs_glo_3dz_f006_6hrly_hvr_US_east.nc
ARGO_GDAC,pfl,aoml/4903278/profiles/D4903278_293.nc|2024-06-28T03:22:45Z|27.46173|-86.36946,aoml/4903278/profiles/D4903278_293.nc,4903278,4903278,27.46173,-86.36946,2024-06-28T03:22:45Z,20240628,2024,1008,0.96,2006.2,20.8015,True,True,True,https://noaa-nws-rtofs-pds.s3.amazonaws.com/rtofs.20240628/rtofs_glo_3dz_f006_6hrly_hvr_US_east.nc
ARGO_GDAC,pfl,aoml/4903278/profiles/D4903278_294.nc|2024-07-03T00:12:19Z|27.10149|-86.16900,aoml/4903278/profiles/D4903278_294.nc,4903278,4903278,27.10149,-86.169,2024-07-03T00:12:19Z,20240703,2024,1010,1.04,2009.96,19.3346,True,True,True,https://noaa-nws-rtofs-pds.s3.amazonaws.com/rtofs.20240703/rtofs_glo_3dz_f006_6hrly_hvr_US_east.nc
ARGO_GDAC,pfl,aoml/4903278/profiles/D4903278_295.nc|2024-07-07T21:21:25Z|26.73637|-86.02468,aoml/4903278/profiles/D4903278_295.nc,4903278,4903278,26.73637,-86.02468,2024-07-07T21:21:25Z,20240707,2024,1012,1.0,2014.08,15.3062,True,True,True,https://noaa-nws-rtofs-pds.s3.amazonaws.com/rtofs.20240707/rtofs_glo_3dz_f006_6hrly_hvr_US_east.nc
ARGO_GDAC,pfl,aoml/4903278/profiles/D4903278_296.nc|2024-07-12T18:34:13Z|26.51480|-85.96219,aoml/4903278/profiles/D4903278_296.nc,4903278,4903278,26.5148,-85.96219,2024-07-12T18:34:13Z,20240712,2024,1009,1.04,2007.28,15.9173,True,True,True,https://noaa-nws-rtofs-pds.s3.amazonaws.com/rtofs.20240712/rtofs_glo_3dz_f006_6hrly_hvr_US_east.nc
ARGO_GDAC,pfl,aoml/4903278/profiles/D4903278_297.nc|2024-07-17T15:41:58Z|26.40937|-85.66676,aoml/4903278/profiles/D4903278_297.nc,4903278,4903278,26.40937,-85.66676,2024-07-17T15:41:58Z,20240717,2024,1014,1.04,2017.08,24.5596,True,True,True,https://noaa-nws-rtofs-pds.s3.amazonaws.com/rtofs.20240717/rtofs_glo_3dz_f006_6hrly_hvr_US_east.nc
ARGO_GDAC,pfl,aoml/4903278/profiles/D4903278_298.nc|2024-07-22T12:57:53Z|26.65088|-85.33601,aoml/4903278/profiles/D4903278_298.nc,4903278,4903278,26.65088,-85.33601,2024-07-22T12:57:53Z,20240722,2024,1010,0.44,2007.56,20.3209,True,True,True,https://noaa-nws-rtofs-pds.s3.amazonaws.com/rtofs.20240722/rtofs_glo_3dz_f006_6hrly_hvr_US_east.nc
ARGO_GDAC,pfl,aoml/4903278/profiles/D4903278_299.nc|2024-07-27T09:49:39Z|27.22743|-85.71317,aoml/4903278/profiles/D4903278_299.nc,4903278,4903278,27.22743,-85.71317,2024-07-27T09:49:39Z,20240727,2024,1008,1.0,2005.68,12.5189,True,True,True,https://noaa-nws-rtofs-pds.s3.amazonaws.com/rtofs.20240727/rtofs_glo_3dz_f006_6hrly_hvr_US_east.nc
ARGO_GDAC,pfl,aoml/4903278/profiles/D4903278_300.nc|2024-08-01T06:41:43Z|27.36320|-86.21810,aoml/4903278/profiles/D4903278_300.nc,4903278,4903278,27.3632,-86.2181,2024-08-01T06:41:43Z,20240801,2024,1008,1.08,2005.68,12.5776,True,True,True,https://noaa-nws-rtofs-pds.s3.amazonaws.com/rtofs.20240801/rtofs_glo_3dz_f006_6hrly_hvr_US_east.nc
ARGO_GDAC,pfl,aoml/4903278/profiles/D4903278_301.nc|2024-08-06T03:33:02Z|27.29416|-86.49105,aoml/4903278/profiles/D4903278_301.nc,4903278,4903278,27.29416,-86.49105,2024-08-06T03:33:02Z,20240806,2024,1009,1.12,2007.24,16.3534,True,True,True,https://noaa-nws-rtofs-pds.s3.amazonaws.com/rtofs.20240806/rtofs_glo_3dz_f006_6hrly_hvr_US_east.nc
ARGO_GDAC,pfl,aoml/4903278/profiles/D4903278_302.nc|2024-08-11T00:25:18Z|27.21480|-86.56710,aoml/4903278/profiles/D4903278_302.nc,4903278,4903278,27.2148,-86.5671,2024-08-11T00:25:18Z,20240811,2024,1008,1.0,2005.0,24.8923,True,True,True,https://noaa-nws-rtofs-pds.s3.amazonaws.com/rtofs.20240811/rtofs_glo_3dz_f006_6hrly_hvr_US_east.nc
ARGO_GDAC,pfl,aoml/4903278/profiles/D4903278_303.nc|2024-08-15T21:28:16Z|27.14014|-86.37103,aoml/4903278/profiles/D4903278_303.nc,4903278,4903278,27.14014,-86.37103,2024-08-15T21:28:16Z,20240815,2024,1012,1.2,2013.92,12.6252,True,True,True,https://noaa-nws-rtofs-pds.s3.amazonaws.com/rtofs.20240815/rtofs_glo_3dz_f006_6hrly_hvr_US_east.nc
ARGO_GDAC,pfl,aoml/4903278/profiles/D4903278_304.nc|2024-08-20T18:31:29Z|27.15836|-86.06649,aoml/4903278/profiles/D4903278_304.nc,4903278,4903278,27.15836,-86.06649,2024-08-20T18:31:29Z,20240820,2024,1013,0.48,2013.52,21.808,True,True,True,https://noaa-nws-rtofs-pds.s3.amazonaws.com/rtofs.20240820/rtofs_glo_3dz_f006_6hrly_hvr_US_east.nc
ARGO_GDAC,pfl,aoml/4903278/profiles/D4903278_305.nc|2024-08-25T15:34:27Z|27.30074|-86.06844,aoml/4903278/profiles/D4903278_305.nc,4903278,4903278,27.30074,-86.06844,2024-08-25T15:34:27Z,20240825,2024,1013,1.0,2015.04,32.7972,True,True,True,https://noaa-nws-rtofs-pds.s3.amazonaws.com/rtofs.20240825/rtofs_glo_3dz_f006_6hrly_hvr_US_east.nc
ARGO_GDAC,pfl,aoml/4903278/profiles/D4903278_306.nc|2024-08-30T12:41:32Z|27.16102|-86.25100,aoml/4903278/profiles/D4903278_306.nc,4903278,4903278,27.16102,-86.251,2024-08-30T12:41:32Z,20240830,2024,1010,1.04,2009.08,38.2702,True,True,True,https://noaa-nws-rtofs-pds.s3.amazonaws.com/rtofs.20240830/rtofs_glo_3dz_f006_6hrly_hvr_US_east.nc
ARGO_GDAC,pfl,aoml/4903278/profiles/D4903278_307.nc|2024-09-04T09:53:10Z|27.20793|-86.63083,aoml/4903278/profiles/D4903278_307.nc,4903278,4903278,27.20793,-86.63083,2024-09-04T09:53:10Z,20240904,2024,1012,0.48,2011.44,42.5337,True,True,True,https://noaa-nws-rtofs-pds.s3.amazonaws.com/rtofs.20240904/rtofs_glo_3dz_f006_6hrly_hvr_US_east.nc
ARGO_GDAC,pfl,aoml/4903278/profiles/D4903278_308.nc|2024-09-09T07:03:15Z|27.60678|-87.21052,aoml/4903278/profiles/D4903278_308.nc,4903278,4903278,27.60678,-87.21052,2024-09-09T07:03:15Z,20240909,2024,1011,1.08,2011.56,43.4716,True,True,True,https://noaa-nws-rtofs-pds.s3.amazonaws.com/rtofs.20240909/rtofs_glo_3dz_f006_6hrly_hvr_US_east.nc
ARGO_GDAC,pfl,aoml/4903278/profiles/D4903278_309.nc|2024-09-14T04:08:29Z|27.76249|-86.77940,aoml/4903278/profiles/D4903278_309.nc,4903278,4903278,27.76249,-86.7794,2024-09-14T04:08:29Z,20240914,2024,1011,1.0,2011.24,28.5131,True,True,True,https://noaa-nws-rtofs-pds.s3.amazonaws.com/rtofs.20240914/rtofs_glo_3dz_f006_6hrly_hvr_US_east.nc
ARGO_GDAC,pfl,aoml/4903278/profiles/D4903278_310.nc|2024-09-19T00:58:17Z|27.88616|-86.72781,aoml/4903278/profiles/D4903278_310.nc,4903278,4903278,27.88616,-86.72781,2024-09-19T00:58:17Z,20240919,2024,1009,0.48,2006.16,14.2537,True,True,True,https://noaa-nws-rtofs-pds.s3.amazonaws.com/rtofs.20240919/rtofs_glo_3dz_f006_6hrly_hvr_US_east.nc
ARGO_GDAC,pfl,aoml/4903278/profiles/D4903278_311.nc|2024-09-23T22:02:20Z|28.07480|-87.15496,aoml/4903278/profiles/D4903278_311.nc,4903278,4903278,28.0748,-87.15496,2024-09-23T22:02:20Z,20240923,2024,1009,1.04,2007.04,20.1529,True,True,True,https://noaa-nws-rtofs-pds.s3.amazonaws.com/rtofs.20240923/rtofs_glo_3dz_f006_6hrly_hvr_US_east.nc
ARGO_GDAC,pfl,aoml/4903278/profiles/D4903278_312.nc|2024-09-28T19:08:43Z|28.03305|-87.61577,aoml/4903278/profiles/D4903278_312.nc,4903278,4903278,28.03305,-87.61577,2024-09-28T19:08:43Z,20240928,2024,1008,0.96,2005.68,32.408,True,True,True,https://noaa-nws-rtofs-pds.s3.amazonaws.com/rtofs.20240928/rtofs_glo_3dz_f006_6hrly_hvr_US_east.nc
ARGO_GDAC,pfl,aoml/4903278/profiles/D4903278_313.nc|2024-10-03T16:17:16Z|28.06491|-87.38595,aoml/4903278/profiles/D4903278_313.nc,4903278,4903278,28.06491,-87.38595,2024-10-03T16:17:16Z,20241003,2024,1008,0.96,2005.32,18.8661,True,True,True,https://noaa-nws-rtofs-pds.s3.amazonaws.com/rtofs.20241003/rtofs_glo_3dz_f006_6hrly_hvr_US_east.nc
ARGO_GDAC,pfl,aoml/4903278/profiles/D4903278_314.nc|2024-10-08T13:03:37Z|28.12170|-87.20008,aoml/4903278/profiles/D4903278_314.nc,4903278,4903278,28.1217,-87.20008,2024-10-08T13:03:37Z,20241008,2024,1008,0.44,2007.68,35.9002,True,True,True,https://noaa-nws-rtofs-pds.s3.amazonaws.com/rtofs.20241008/rtofs_glo_3dz_f006_6hrly_hvr_US_east.nc
ARGO_GDAC,pfl,aoml/4903278/profiles/D4903278_315.nc|2024-10-13T10:14:56Z|28.04930|-86.96517,aoml/4903278/profiles/D4903278_315.nc,4903278,4903278,28.0493,-86.96517,2024-10-13T10:14:56Z,20241013,2024,972,0.96,2010.04,47.5321,True,True,True,https://noaa-nws-rtofs-pds.s3.amazonaws.com/rtofs.20241013/rtofs_glo_3dz_f006_6hrly_hvr_US_east.nc
ARGO_GDAC,pfl,aoml/4903278/profiles/D4903278_316.nc|2024-10-18T07:05:45Z|28.06322|-86.79558,aoml/4903278/profiles/D4903278_316.nc,4903278,4903278,28.06322,-86.79558,2024-10-18T07:05:45Z,20241018,2024,917,0.48,2015.16,20.8023,True,True,True,https://noaa-nws-rtofs-pds.s3.amazonaws.com/rtofs.20241018/rtofs_glo_3dz_f006_6hrly_hvr_US_east.nc
ARGO_GDAC,pfl,aoml/4903278/profiles/D4903278_348.nc|2025-03-23T09:17:39Z|29.14481|-87.21232,aoml/4903278/profiles/D4903278_348.nc,4903278,4903278,29.14481,-87.21232,2025-03-23T09:17:39Z,20250323,2025,335,0.48,933.88,17.2463,True,True,True,https://noaa-nws-rtofs-pds.s3.amazonaws.com/rtofs.20250323/rtofs_glo_3dz_f006_6hrly_hvr_US_east.nc
ARGO_GDAC,pfl,aoml/4903278/profiles/D4903278_349.nc|2025-03-28T05:37:06Z|29.15532|-87.20721,aoml/4903278/profiles/D4903278_349.nc,4903278,4903278,29.15532,-87.20721,2025-03-28T05:37:06Z,20250328,2025,312,1.04,911.56,16.6333,True,True,True,https://noaa-nws-rtofs-pds.s3.amazonaws.com/rtofs.20250328/rtofs_glo_3dz_f006_6hrly_hvr_US_east.nc
ARGO_GDAC,pfl,aoml/4903278/profiles/D4903278_350.nc|2025-04-02T01:50:06Z|29.16514|-87.20305,aoml/4903278/profiles/D4903278_350.nc,4903278,4903278,29.16514,-87.20305,2025-04-02T01:50:06Z,20250402,2025,283,1.04,890.28,13.1132,True,True,True,https://noaa-nws-rtofs-pds.s3.amazonaws.com/rtofs.20250402/rtofs_glo_3dz_f006_6hrly_hvr_US_east.nc
ARGO_GDAC,pfl,aoml/4903278/profiles/D4903278_351.nc|2025-04-06T22:02:37Z|29.17748|-87.19985,aoml/4903278/profiles/D4903278_351.nc,4903278,4903278,29.17748,-87.19985,2025-04-06T22:02:37Z,20250406,2025,178,0.48,871.08,14.9154,True,True,True,https://noaa-nws-rtofs-pds.s3.amazonaws.com/rtofs.20250406/rtofs_glo_3dz_f006_6hrly_hvr_US_east.nc
ARGO_GDAC,pfl,aoml/4903278/profiles/D4903278_353.nc|2025-04-16T14:22:24Z|29.17674|-87.21003,aoml/4903278/profiles/D4903278_353.nc,4903278,4903278,29.17674,-87.21003,2025-04-16T14:22:24Z,20250416,2025,437,1.04,863.68,15.1989,True,True,True,https://noaa-nws-rtofs-pds.s3.amazonaws.com/rtofs.20250416/rtofs_glo_3dz_f006_6hrly_hvr_US_east.nc
ARGO_GDAC,pfl,aoml/4903278/profiles/D4903278_354.nc|2025-04-21T10:34:40Z|29.17167|-87.20590,aoml/4903278/profiles/D4903278_354.nc,4903278,4903278,29.17167,-87.2059,2025-04-21T10:34:40Z,20250421,2025,305,1.04,868.04,22.2324,True,True,True,https://noaa-nws-rtofs-pds.s3.amazonaws.com/rtofs.20250421/rtofs_glo_3dz_f006_6hrly_hvr_US_east.nc
ARGO_GDAC,pfl,aoml/4903278/profiles/D4903278_355.nc|2025-04-26T06:48:56Z|29.16755|-87.20045,aoml/4903278/profiles/D4903278_355.nc,4903278,4903278,29.16755,-87.20045,2025-04-26T06:48:56Z,20250426,2025,185,1.0,875.56,18.3282,True,True,True,https://noaa-nws-rtofs-pds.s3.amazonaws.com/rtofs.20250426/rtofs_glo_3dz_f006_6hrly_hvr_US_east.nc
ARGO_GDAC,pfl,aoml/4903278/profiles/D4903278_356.nc|2025-05-01T03:01:11Z|29.16936|-87.20350,aoml/4903278/profiles/D4903278_356.nc,4903278,4903278,29.16936,-87.2035,2025-05-01T03:01:11Z,20250501,2025,37,1.0,203.0,11.4925,True,True,True,https://noaa-nws-rtofs-pds.s3.amazonaws.com/rtofs.20250501/rtofs_glo_3dz_f006_6hrly_hvr_US_east.nc
ARGO_GDAC,pfl,aoml/4903278/profiles/D4903278_358.nc|2025-05-10T19:27:08Z|29.17108|-87.21075,aoml/4903278/profiles/D4903278_358.nc,4903278,4903278,29.17108,-87.21075,2025-05-10T19:27:08Z,20250510,2025,12,1.0,17.16,,False,False,True,https://noaa-nws-rtofs-pds.s3.amazonaws.com/rtofs.20250510/rtofs_glo_3dz_f006_6hrly_hvr_US_east.nc
ARGO_GDAC,pfl,aoml/4903278/profiles/D4903278_359.nc|2025-05-15T15:39:05Z|29.16699|-87.20917,aoml/4903278/profiles/D4903278_359.nc,4903278,4903278,29.16699,-87.20917,2025-05-15T15:39:05Z,20250515,2025,13,0.44,15.84,14.9864,True,True,True,https://noaa-nws-rtofs-pds.s3.amazonaws.com/rtofs.20250515/rtofs_glo_3dz_f006_6hrly_hvr_US_east.nc
ARGO_GDAC,pfl,aoml/4903278/profiles/D4903278_360.nc|2025-05-20T11:51:32Z|29.16918|-87.20810,aoml/4903278/profiles/D4903278_360.nc,4903278,4903278,29.16918,-87.2081,2025-05-20T11:51:32Z,20250520,2025,13,1.08,15.8,12.4664,True,True,True,https://noaa-nws-rtofs-pds.s3.amazonaws.com/rtofs.20250520/rtofs_glo_3dz_f006_6hrly_hvr_US_east.nc
ARGO_GDAC,pfl,aoml/4903278/profiles/D4903278_361.nc|2025-05-25T08:05:27Z|29.16755|-87.19846,aoml/4903278/profiles/D4903278_361.nc,4903278,4903278,29.16755,-87.19846,2025-05-25T08:05:27Z,20250525,2025,10,3.08,15.2,11.7658,True,True,True,https://noaa-nws-rtofs-pds.s3.amazonaws.com/rtofs.20250525/rtofs_glo_3dz_f006_6hrly_hvr_US_east.nc
ARGO_GDAC,pfl,aoml/4903278/profiles/D4903278_362.nc|2025-05-30T04:17:13Z|29.16251|-87.19264,aoml/4903278/profiles/D4903278_362.nc,4903278,4903278,29.16251,-87.19264,2025-05-30T04:17:13Z,20250530,2025,351,7.08,870.36,10.6272,True,True,True,https://noaa-nws-rtofs-pds.s3.amazonaws.com/rtofs.20250530/rtofs_glo_3dz_f006_6hrly_hvr_US_east.nc
ARGO_GDAC,pfl,aoml/4903278/profiles/D4903278_365.nc|2025-06-13T16:51:30Z|29.13371|-87.18965,aoml/4903278/profiles/D4903278_365.nc,4903278,4903278,29.13371,-87.18965,2025-06-13T16:51:30Z,20250613,2025,9,5.4,17.88,10.4726,True,True,True,https://noaa-nws-rtofs-pds.s3.amazonaws.com/rtofs.20250613/rtofs_glo_3dz_f006_6hrly_hvr_US_east.nc
ARGO_GDAC,pfl,aoml/4903278/profiles/D4903278_366.nc|2025-06-18T13:07:52Z|29.12451|-87.18118,aoml/4903278/profiles/D4903278_366.nc,4903278,4903278,29.12451,-87.18118,2025-06-18T13:07:52Z,20250618,2025,467,5.96,933.6,10.9792,True,True,True,https://noaa-nws-rtofs-pds.s3.amazonaws.com/rtofs.20250618/rtofs_glo_3dz_f006_6hrly_hvr_US_east.nc
ARGO_GDAC,pfl,aoml/4903278/profiles/D4903278_367.nc|2025-06-23T09:30:41Z|29.11703|-87.17750,aoml/4903278/profiles/D4903278_367.nc,4903278,4903278,29.11703,-87.1775,2025-06-23T09:30:41Z,20250623,2025,472,8.84,950.24,10.5443,True,True,True,https://noaa-nws-rtofs-pds.s3.amazonaws.com/rtofs.20250623/rtofs_glo_3dz_f006_6hrly_hvr_US_east.nc
ARGO_GDAC,pfl,aoml/4903278/profiles/D4903278_378.nc|2025-08-15T17:13:08Z|29.06486|-87.20919,aoml/4903278/profiles/D4903278_378.nc,4903278,4903278,29.06486,-87.20919,2025-08-15T17:13:08Z,20250815,2025,9,1.96,41.76,13.2807,True,True,True,https://noaa-nws-rtofs-pds.s3.amazonaws.com/rtofs.20250815/rtofs_glo_3dz_f006_6hrly_hvr_US_east.nc
ARGO_GDAC,pfl,aoml/4903278/profiles/D4903278_380.nc|2025-08-25T09:57:48Z|29.05947|-87.20191,aoml/4903278/profiles/D4903278_380.nc,4903278,4903278,29.05947,-87.20191,2025-08-25T09:57:48Z,20250825,2025,9,0.24,36.2,28.198,True,True,True,https://noaa-nws-rtofs-pds.s3.amazonaws.com/rtofs.20250825/rtofs_glo_3dz_f006_6hrly_hvr_US_east.nc
ARGO_GDAC,pfl,aoml/4903279/profiles/D4903279_253.nc|2024-01-01T22:21:31Z|24.42108|-83.50383,aoml/4903279/profiles/D4903279_253.nc,4903279,4903279,24.42108,-83.50383,2024-01-01T22:21:31Z,20240101,2024,275,0.48,537.48,67.1103,True,True,False,
ARGO_GDAC,pfl,aoml/4903279/profiles/D4903279_253.nc|2024-01-01T22:21:31Z|24.42108|-83.50383,aoml/4903279/profiles/D4903279_253.nc,4903279,4903279,24.42108,-83.50383,2024-01-01T22:21:31Z,20240101,2024,798,0.48,99.96,66.968,True,True,False,
ARGO_GDAC,pfl,aoml/4903279/profiles/D4903279_254.nc|2024-01-04T14:09:30Z|24.52300|-83.68699,aoml/4903279/profiles/D4903279_254.nc,4903279,4903279,24.523,-83.68699,2024-01-04T14:09:30Z,20240104,2024,290,1.0,570.24,50.2957,True,True,False,
ARGO_GDAC,pfl,aoml/4903279/profiles/D4903279_254.nc|2024-01-04T14:09:30Z|24.52300|-83.68699,aoml/4903279/profiles/D4903279_254.nc,4903279,4903279,24.523,-83.68699,2024-01-04T14:09:30Z,20240104,2024,770,0.64,100.0,50.16,True,True,False,
ARGO_GDAC,pfl,aoml/4903279/profiles/D4903279_255.nc|2024-01-07T06:24:40Z|24.60082|-83.76545,aoml/4903279/profiles/D4903279_255.nc,4903279,4903279,24.60082,-83.76545,2024-01-07T06:24:40Z,20240107,2024,400,0.96,789.8,15.4003,True,True,False,
ARGO_GDAC,pfl,aoml/4903279/profiles/D4903279_255.nc|2024-01-07T06:24:40Z|24.60082|-83.76545,aoml/4903279/profiles/D4903279_255.nc,4903279,4903279,24.60082,-83.76545,2024-01-07T06:24:40Z,20240107,2024,804,0.52,99.88,15.8445,True,True,False,
ARGO_GDAC,pfl,aoml/4903279/profiles/D4903279_256.nc|2024-01-09T22:38:46Z|24.50657|-83.71625,aoml/4903279/profiles/D4903279_256.nc,4903279,4903279,24.50657,-83.71625,2024-01-09T22:38:46Z,20240109,2024,388,1.0,765.12,18.5316,True,True,False,
ARGO_GDAC,pfl,aoml/4903279/profiles/D4903279_256.nc|2024-01-09T22:38:46Z|24.50657|-83.71625,aoml/4903279/profiles/D4903279_256.nc,4903279,4903279,24.50657,-83.71625,2024-01-09T22:38:46Z,20240109,2024,811,0.56,99.92,18.2596,True,True,False,
ARGO_GDAC,pfl,aoml/4903279/profiles/D4903279_257.nc|2024-01-12T14:47:00Z|24.36399|-83.56044,aoml/4903279/profiles/D4903279_257.nc,4903279,4903279,24.36399,-83.56044,2024-01-12T14:47:00Z,20240112,2024,363,0.96,715.16,16.7418,True,True,False,
ARGO_GDAC,pfl,aoml/4903279/profiles/D4903279_257.nc|2024-01-12T14:47:00Z|24.36399|-83.56044,aoml/4903279/profiles/D4903279_257.nc,4903279,4903279,24.36399,-83.56044,2024-01-12T14:47:00Z,20240112,2024,832,0.52,99.84,15.9124,True,True,False,
ARGO_GDAC,pfl,aoml/4903279/profiles/D4903279_258.nc|2024-01-15T06:58:46Z|24.30726|-83.49780,aoml/4903279/profiles/D4903279_258.nc,4903279,4903279,24.30726,-83.4978,2024-01-15T06:58:46Z,20240115,2024,385,0.48,757.12,20.8819,True,True,False,
ARGO_GDAC,pfl,aoml/4903279/profiles/D4903279_258.nc|2024-01-15T06:58:46Z|24.30726|-83.49780,aoml/4903279/profiles/D4903279_258.nc,4903279,4903279,24.30726,-83.4978,2024-01-15T06:58:46Z,20240115,2024,841,0.48,100.0,20.7425,True,True,False,
ARGO_GDAC,pfl,aoml/4903279/profiles/D4903279_259.nc|2024-01-17T23:04:27Z|24.38806|-83.60508,aoml/4903279/profiles/D4903279_259.nc,4903279,4903279,24.38806,-83.60508,2024-01-17T23:04:27Z,20240117,2024,368,0.44,723.88,18.2708,True,True,False,
ARGO_GDAC,pfl,aoml/4903279/profiles/D4903279_259.nc|2024-01-17T23:04:27Z|24.38806|-83.60508,aoml/4903279/profiles/D4903279_259.nc,4903279,4903279,24.38806,-83.60508,2024-01-17T23:04:27Z,20240117,2024,849,0.44,99.96,18.1082,True,True,False,
ARGO_GDAC,pfl,aoml/4903279/profiles/D4903279_260.nc|2024-01-20T14:59:29Z|24.57873|-83.82223,aoml/4903279/profiles/D4903279_260.nc,4903279,4903279,24.57873,-83.82223,2024-01-20T14:59:29Z,20240120,2024,515,1.0,1019.92,39.7787,True,True,False,
ARGO_GDAC,pfl,aoml/4903279/profiles/D4903279_260.nc|2024-01-20T14:59:29Z|24.57873|-83.82223,aoml/4903279/profiles/D4903279_260.nc,4903279,4903279,24.57873,-83.82223,2024-01-20T14:59:29Z,20240120,2024,863,0.56,99.88,39.5813,True,True,False,
ARGO_GDAC,pfl,aoml/4903279/profiles/D4903279_261.nc|2024-01-23T07:01:22Z|24.70898|-84.07114,aoml/4903279/profiles/D4903279_261.nc,4903279,4903279,24.70898,-84.07114,2024-01-23T07:01:22Z,20240123,2024,513,1.04,1015.88,32.2539,True,True,False,
ARGO_GDAC,pfl,aoml/4903279/profiles/D4903279_261.nc|2024-01-23T07:01:22Z|24.70898|-84.07114,aoml/4903279/profiles/D4903279_261.nc,4903279,4903279,24.70898,-84.07114,2024-01-23T07:01:22Z,20240123,2024,864,0.56,99.92,32.4284,True,True,False,
ARGO_GDAC,pfl,aoml/4903279/profiles/D4903279_262.nc|2024-01-25T23:01:57Z|25.04242|-84.35852,aoml/4903279/profiles/D4903279_262.nc,4903279,4903279,25.04242,-84.35852,2024-01-25T23:01:57Z,20240125,2024,348,1.0,685.32,16.4109,True,True,False,
ARGO_GDAC,pfl,aoml/4903279/profiles/D4903279_262.nc|2024-01-25T23:01:57Z|25.04242|-84.35852,aoml/4903279/profiles/D4903279_262.nc,4903279,4903279,25.04242,-84.35852,2024-01-25T23:01:57Z,20240125,2024,890,0.56,99.92,16.7725,True,True,False,
ARGO_GDAC,pfl,aoml/4903279/profiles/D4903279_263.nc|2024-01-28T15:33:03Z|25.39960|-84.56012,aoml/4903279/profiles/D4903279_263.nc,4903279,4903279,25.3996,-84.56012,2024-01-28T15:33:03Z,20240128,2024,476,1.04,941.04,14.0296,True,True,True,https://noaa-nws-rtofs-pds.s3.amazonaws.com/rtofs.20240128/rtofs_glo_3dz_f006_6hrly_hvr_US_east.nc
ARGO_GDAC,pfl,aoml/4903279/profiles/D4903279_263.nc|2024-01-28T15:33:03Z|25.39960|-84.56012,aoml/4903279/profiles/D4903279_263.nc,4903279,4903279,25.3996,-84.56012,2024-01-28T15:33:03Z,20240128,2024,799,0.6,99.92,14.3273,True,True,True,https://noaa-nws-rtofs-pds.s3.amazonaws.com/rtofs.20240128/rtofs_glo_3dz_f006_6hrly_hvr_US_east.nc
ARGO_GDAC,pfl,aoml/4903279/profiles/D4903279_264.nc|2024-01-31T08:18:14Z|25.49927|-84.60090,aoml/4903279/profiles/D4903279_264.nc,4903279,4903279,25.49927,-84.6009,2024-01-31T08:18:14Z,20240131,2024,497,0.44,981.04,62.5175,True,True,True,https://noaa-nws-rtofs-pds.s3.amazonaws.com/rtofs.20240131/rtofs_glo_3dz_f006_6hrly_hvr_US_east.nc
ARGO_GDAC,pfl,aoml/4903279/profiles/D4903279_264.nc|2024-01-31T08:18:14Z|25.49927|-84.60090,aoml/4903279/profiles/D4903279_264.nc,4903279,4903279,25.49927,-84.6009,2024-01-31T08:18:14Z,20240131,2024,762,0.44,99.96,62.34,True,True,True,https://noaa-nws-rtofs-pds.s3.amazonaws.com/rtofs.20240131/rtofs_glo_3dz_f006_6hrly_hvr_US_east.nc
ARGO_GDAC,pfl,aoml/4903279/profiles/D4903279_265.nc|2024-02-03T00:18:05Z|25.46733|-84.87562,aoml/4903279/profiles/D4903279_265.nc,4903279,4903279,25.46733,-84.87562,2024-02-03T00:18:05Z,20240203,2024,519,1.04,1027.56,38.9833,True,True,True,https://noaa-nws-rtofs-pds.s3.amazonaws.com/rtofs.20240203/rtofs_glo_3dz_f006_6hrly_hvr_US_east.nc
ARGO_GDAC,pfl,aoml/4903279/profiles/D4903279_265.nc|2024-02-03T00:18:05Z|25.46733|-84.87562,aoml/4903279/profiles/D4903279_265.nc,4903279,4903279,25.46733,-84.87562,2024-02-03T00:18:05Z,20240203,2024,894,0.64,99.96,39.6705,True,True,True,https://noaa-nws-rtofs-pds.s3.amazonaws.com/rtofs.20240203/rtofs_glo_3dz_f006_6hrly_hvr_US_east.nc
ARGO_GDAC,pfl,aoml/4903279/profiles/D4903279_266.nc|2024-02-05T16:16:42Z|25.74848|-84.84840,aoml/4903279/profiles/D4903279_266.nc,4903279,4903279,25.74848,-84.8484,2024-02-05T16:16:42Z,20240205,2024,520,1.04,1029.76,50.6164,True,True,True,https://noaa-nws-rtofs-pds.s3.amazonaws.com/rtofs.20240205/rtofs_glo_3dz_f006_6hrly_hvr_US_east.nc
ARGO_GDAC,pfl,aoml/4903279/profiles/D4903279_266.nc|2024-02-05T16:16:42Z|25.74848|-84.84840,aoml/4903279/profiles/D4903279_266.nc,4903279,4903279,25.74848,-84.8484,2024-02-05T16:16:42Z,20240205,2024,705,0.72,99.96,50.28,True,True,True,https://noaa-nws-rtofs-pds.s3.amazonaws.com/rtofs.20240205/rtofs_glo_3dz_f006_6hrly_hvr_US_east.nc
ARGO_GDAC,pfl,aoml/4903279/profiles/D4903279_267.nc|2024-02-10T15:07:15Z|26.00118|-84.86266,aoml/4903279/profiles/D4903279_267.nc,4903279,4903279,26.00118,-84.86266,2024-02-10T15:07:15Z,20240210,2024,821,1.0,1631.04,27.671,True,True,True,https://noaa-nws-rtofs-pds.s3.amazonaws.com/rtofs.20240210/rtofs_glo_3dz_f006_6hrly_hvr_US_east.nc
ARGO_GDAC,pfl,aoml/4903279/profiles/D4903279_267.nc|2024-02-10T15:07:15Z|26.00118|-84.86266,aoml/4903279/profiles/D4903279_267.nc,4903279,4903279,26.00118,-84.86266,2024-02-10T15:07:15Z,20240210,2024,789,0.6,100.0,28.176,True,True,True,https://noaa-nws-rtofs-pds.s3.amazonaws.com/rtofs.20240210/rtofs_glo_3dz_f006_6hrly_hvr_US_east.nc
ARGO_GDAC,pfl,aoml/4903279/profiles/D4903279_268.nc|2024-02-15T13:54:18Z|26.12660|-84.86450,aoml/4903279/profiles/D4903279_268.nc,4903279,4903279,26.1266,-84.8645,2024-02-15T13:54:18Z,20240215,2024,793,1.04,1575.88,43.2228,True,True,True,https://noaa-nws-rtofs-pds.s3.amazonaws.com/rtofs.20240215/rtofs_glo_3dz_f006_6hrly_hvr_US_east.nc
ARGO_GDAC,pfl,aoml/4903279/profiles/D4903279_268.nc|2024-02-15T13:54:18Z|26.12660|-84.86450,aoml/4903279/profiles/D4903279_268.nc,4903279,4903279,26.1266,-84.8645,2024-02-15T13:54:18Z,20240215,2024,764,0.6,99.92,43.1601,True,True,True,https://noaa-nws-rtofs-pds.s3.amazonaws.com/rtofs.20240215/rtofs_glo_3dz_f006_6hrly_hvr_US_east.nc
ARGO_GDAC,pfl,aoml/4903279/profiles/D4903279_269.nc|2024-02-20T13:08:50Z|26.08285|-84.85049,aoml/4903279/profiles/D4903279_269.nc,4903279,4903279,26.08285,-84.85049,2024-02-20T13:08:50Z,20240220,2024,906,1.0,1802.12,75.7125,True,True,True,https://noaa-nws-rtofs-pds.s3.amazonaws.com/rtofs.20240220/rtofs_glo_3dz_f006_6hrly_hvr_US_east.nc
ARGO_GDAC,pfl,aoml/4903279/profiles/D4903279_269.nc|2024-02-20T13:08:50Z|26.08285|-84.85049,aoml/4903279/profiles/D4903279_269.nc,4903279,4903279,26.08285,-84.85049,2024-02-20T13:08:50Z,20240220,2024,818,0.64,99.88,75.8053,True,True,True,https://noaa-nws-rtofs-pds.s3.amazonaws.com/rtofs.20240220/rtofs_glo_3dz_f006_6hrly_hvr_US_east.nc
ARGO_GDAC,pfl,aoml/4903279/profiles/D4903279_270.nc|2024-02-25T12:26:36Z|25.77942|-84.89227,aoml/4903279/profiles/D4903279_270.nc,4903279,4903279,25.77942,-84.89227,2024-02-25T12:26:36Z,20240225,2024,1008,0.96,2006.8,15.9339,True,True,True,https://noaa-nws-rtofs-pds.s3.amazonaws.com/rtofs.20240225/rtofs_glo_3dz_f006_6hrly_hvr_US_east.nc
ARGO_GDAC,pfl,aoml/4903279/profiles/D4903279_270.nc|2024-02-25T12:26:36Z|25.77942|-84.89227,aoml/4903279/profiles/D4903279_270.nc,4903279,4903279,25.77942,-84.89227,2024-02-25T12:26:36Z,20240225,2024,717,0.56,99.92,15.03,True,True,True,https://noaa-nws-rtofs-pds.s3.amazonaws.com/rtofs.20240225/rtofs_glo_3dz_f006_6hrly_hvr_US_east.nc
ARGO_GDAC,pfl,aoml/4903279/profiles/D4903279_271.nc|2024-03-01T11:48:29Z|25.49648|-84.88260,aoml/4903279/profiles/D4903279_271.nc,4903279,4903279,25.49648,-84.8826,2024-03-01T11:48:29Z,20240301,2024,1012,1.0,2014.0,25.1471,True,True,True,https://noaa-nws-rtofs-pds.s3.amazonaws.com/rtofs.20240301/rtofs_glo_3dz_f006_6hrly_hvr_US_east.nc
ARGO_GDAC,pfl,aoml/4903279/profiles/D4903279_271.nc|2024-03-01T11:48:29Z|25.49648|-84.88260,aoml/4903279/profiles/D4903279_271.nc,4903279,4903279,25.49648,-84.8826,2024-03-01T11:48:29Z,20240301,2024,876,0.6,99.92,24.9466,True,True,True,https://noaa-nws-rtofs-pds.s3.amazonaws.com/rtofs.20240301/rtofs_glo_3dz_f006_6hrly_hvr_US_east.nc
ARGO_GDAC,pfl,aoml/4903279/profiles/D4903279_272.nc|2024-03-06T11:12:52Z|25.37761|-84.80450,aoml/4903279/profiles/D4903279_272.nc,4903279,4903279,25.37761,-84.8045,2024-03-06T11:12:52Z,20240306,2024,1010,1.0,2010.28,36.4887,True,True,True,https://noaa-nws-rtofs-pds.s3.amazonaws.com/rtofs.20240306/rtofs_glo_3dz_f006_6hrly_hvr_US_east.nc
ARGO_GDAC,pfl,aoml/4903279/profiles/D4903279_272.nc|2024-03-06T11:12:52Z|25.37761|-84.80450,aoml/4903279/profiles/D4903279_272.nc,4903279,4903279,25.37761,-84.8045,2024-03-06T11:12:52Z,20240306,2024,905,0.52,99.88,36.72,True,True,True,https://noaa-nws-rtofs-pds.s3.amazonaws.com/rtofs.20240306/rtofs_glo_3dz_f006_6hrly_hvr_US_east.nc
ARGO_GDAC,pfl,aoml/4903279/profiles/D4903279_273.nc|2024-03-11T10:35:13Z|25.31599|-84.76232,aoml/4903279/profiles/D4903279_273.nc,4903279,4903279,25.31599,-84.76232,2024-03-11T10:35:13Z,20240311,2024,1010,1.12,2009.8,69.0317,True,True,True,https://noaa-nws-rtofs-pds.s3.amazonaws.com/rtofs.20240311/rtofs_glo_3dz_f006_6hrly_hvr_US_east.nc
ARGO_GDAC,pfl,aoml/4903279/profiles/D4903279_273.nc|2024-03-11T10:35:13Z|25.31599|-84.76232,aoml/4903279/profiles/D4903279_273.nc,4903279,4903279,25.31599,-84.76232,2024-03-11T10:35:13Z,20240311,2024,866,0.72,100.0,68.7333,True,True,True,https://noaa-nws-rtofs-pds.s3.amazonaws.com/rtofs.20240311/rtofs_glo_3dz_f006_6hrly_hvr_US_east.nc
ARGO_GDAC,pfl,aoml/4903279/profiles/D4903279_274.nc|2024-03-16T10:00:35Z|25.33344|-84.69135,aoml/4903279/profiles/D4903279_274.nc,4903279,4903279,25.33344,-84.69135,2024-03-16T10:00:35Z,20240316,2024,1010,0.96,2010.84,36.945,True,True,True,https://noaa-nws-rtofs-pds.s3.amazonaws.com/rtofs.20240316/rtofs_glo_3dz_f006_6hrly_hvr_US_east.nc
ARGO_GDAC,pfl,aoml/4903279/profiles/D4903279_274.nc|2024-03-16T10:00:35Z|25.33344|-84.69135,aoml/4903279/profiles/D4903279_274.nc,4903279,4903279,25.33344,-84.69135,2024-03-16T10:00:35Z,20240316,2024,853,0.52,99.96,37.1422,True,True,True,https://noaa-nws-rtofs-pds.s3.amazonaws.com/rtofs.20240316/rtofs_glo_3dz_f006_6hrly_hvr_US_east.nc
ARGO_GDAC,pfl,aoml/4903279/profiles/D4903279_275.nc|2024-03-21T09:20:11Z|25.54202|-84.74324,aoml/4903279/profiles/D4903279_275.nc,4903279,4903279,25.54202,-84.74324,2024-03-21T09:20:11Z,20240321,2024,900,1.0,1790.52,15.96,True,True,True,https://noaa-nws-rtofs-pds.s3.amazonaws.com/rtofs.20240321/rtofs_glo_3dz_f006_6hrly_hvr_US_east.nc
ARGO_GDAC,pfl,aoml/4903279/profiles/D4903279_275.nc|2024-03-21T09:20:11Z|25.54202|-84.74324,aoml/4903279/profiles/D4903279_275.nc,4903279,4903279,25.54202,-84.74324,2024-03-21T09:20:11Z,20240321,2024,860,0.64,100.0,15.62,True,True,True,https://noaa-nws-rtofs-pds.s3.amazonaws.com/rtofs.20240321/rtofs_glo_3dz_f006_6hrly_hvr_US_east.nc
ARGO_GDAC,pfl,aoml/4903279/profiles/D4903279_276.nc|2024-03-26T08:24:03Z|25.52360|-84.71011,aoml/4903279/profiles/D4903279_276.nc,4903279,4903279,25.5236,-84.71011,2024-03-26T08:24:03Z,20240326,2024,861,1.04,1712.04,20.7058,True,True,True,https://noaa-nws-rtofs-pds.s3.amazonaws.com/rtofs.20240326/rtofs_glo_3dz_f006_6hrly_hvr_US_east.nc
ARGO_GDAC,pfl,aoml/4903279/profiles/D4903279_276.nc|2024-03-26T08:24:03Z|25.52360|-84.71011,aoml/4903279/profiles/D4903279_276.nc,4903279,4903279,25.5236,-84.71011,2024-03-26T08:24:03Z,20240326,2024,876,0.64,99.96,21.4579,True,True,True,https://noaa-nws-rtofs-pds.s3.amazonaws.com/rtofs.20240326/rtofs_glo_3dz_f006_6hrly_hvr_US_east.nc
ARGO_GDAC,pfl,aoml/4903279/profiles/D4903279_277.nc|2024-03-31T07:40:30Z|25.53082|-84.73257,aoml/4903279/profiles/D4903279_277.nc,4903279,4903279,25.53082,-84.73257,2024-03-31T07:40:30Z,20240331,2024,888,0.96,1766.08,33.3927,True,True,True,https://noaa-nws-rtofs-pds.s3.amazonaws.com/rtofs.20240331/rtofs_glo_3dz_f006_6hrly_hvr_US_east.nc
ARGO_GDAC,pfl,aoml/4903279/profiles/D4903279_277.nc|2024-03-31T07:40:30Z|25.53082|-84.73257,aoml/4903279/profiles/D4903279_277.nc,4903279,4903279,25.53082,-84.73257,2024-03-31T07:40:30Z,20240331,2024,795,0.52,99.92,33.42,True,True,True,https://noaa-nws-rtofs-pds.s3.amazonaws.com/rtofs.20240331/rtofs_glo_3dz_f006_6hrly_hvr_US_east.nc
ARGO_GDAC,pfl,aoml/4903279/profiles/D4903279_278.nc|2024-04-05T06:25:30Z|25.59399|-84.81742,aoml/4903279/profiles/D4903279_278.nc,4903279,4903279,25.59399,-84.81742,2024-04-05T06:25:30Z,20240405,2024,796,0.48,1580.44,70.1947,True,True,True,https://noaa-nws-rtofs-pds.s3.amazonaws.com/rtofs.20240405/rtofs_glo_3dz_f006_6hrly_hvr_US_east.nc
ARGO_GDAC,pfl,aoml/4903279/profiles/D4903279_278.nc|2024-04-05T06:25:30Z|25.59399|-84.81742,aoml/4903279/profiles/D4903279_278.nc,4903279,4903279,25.59399,-84.81742,2024-04-05T06:25:30Z,20240405,2024,827,0.48,100.0,70.46,True,True,True,https://noaa-nws-rtofs-pds.s3.amazonaws.com/rtofs.20240405/rtofs_glo_3dz_f006_6hrly_hvr_US_east.nc
ARGO_GDAC,pfl,aoml/4903279/profiles/D4903279_279.nc|2024-04-10T05:48:40Z|25.49283|-84.88310,aoml/4903279/profiles/D4903279_279.nc,4903279,4903279,25.49283,-84.8831,2024-04-10T05:48:40Z,20240410,2024,1011,1.0,2012.76,39.6419,True,True,True,https://noaa-nws-rtofs-pds.s3.amazonaws.com/rtofs.20240410/rtofs_glo_3dz_f006_6hrly_hvr_US_east.nc
ARGO_GDAC,pfl,aoml/4903279/profiles/D4903279_279.nc|2024-04-10T05:48:40Z|25.49283|-84.88310,aoml/4903279/profiles/D4903279_279.nc,4903279,4903279,25.49283,-84.8831,2024-04-10T05:48:40Z,20240410,2024,803,0.68,99.88,40.3066,True,True,True,https://noaa-nws-rtofs-pds.s3.amazonaws.com/rtofs.20240410/rtofs_glo_3dz_f006_6hrly_hvr_US_east.nc
ARGO_GDAC,pfl,aoml/4903279/profiles/D4903279_280.nc|2024-04-15T05:03:51Z|25.04522|-85.07210,aoml/4903279/profiles/D4903279_280.nc,4903279,4903279,25.04522,-85.0721,2024-04-15T05:03:51Z,20240415,2024,1008,0.96,2005.88,95.2836,True,True,True,https://noaa-nws-rtofs-pds.s3.amazonaws.com/rtofs.20240415/rtofs_glo_3dz_f006_6hrly_hvr_US_east.nc
ARGO_GDAC,pfl,aoml/4903279/profiles/D4903279_280.nc|2024-04-15T05:03:51Z|25.04522|-85.07210,aoml/4903279/profiles/D4903279_280.nc,4903279,4903279,25.04522,-85.0721,2024-04-15T05:03:51Z,20240415,2024,764,0.56,99.96,95.2001,True,True,True,https://noaa-nws-rtofs-pds.s3.amazonaws.com/rtofs.20240415/rtofs_glo_3dz_f006_6hrly_hvr_US_east.nc
ARGO_GDAC,pfl,aoml/4903279/profiles/D4903279_281.nc|2024-04-20T04:28:19Z|24.52954|-85.38924,aoml/4903279/profiles/D4903279_281.nc,4903279,4903279,24.52954,-85.38924,2024-04-20T04:28:19Z,20240420,2024,1011,1.0,2012.4,49.5516,True,True,True,https://noaa-nws-rtofs-pds.s3.amazonaws.com/rtofs.20240420/rtofs_glo_3dz_f006_6hrly_hvr_US_east.nc
ARGO_GDAC,pfl,aoml/4903279/profiles/D4903279_281.nc|2024-04-20T04:28:19Z|24.52954|-85.38924,aoml/4903279/profiles/D4903279_281.nc,4903279,4903279,24.52954,-85.38924,2024-04-20T04:28:19Z,20240420,2024,775,0.56,99.96,49.7199,True,True,True,https://noaa-nws-rtofs-pds.s3.amazonaws.com/rtofs.20240420/rtofs_glo_3dz_f006_6hrly_hvr_US_east.nc
ARGO_GDAC,pfl,aoml/4903279/profiles/D4903279_282.nc|2024-04-25T03:52:02Z|24.26487|-85.42389,aoml/4903279/profiles/D4903279_282.nc,4903279,4903279,24.26487,-85.42389,2024-04-25T03:52:02Z,20240425,2024,1013,1.0,2015.88,129.6217,True,False,True,https://noaa-nws-rtofs-pds.s3.amazonaws.com/rtofs.20240425/rtofs_glo_3dz_f006_6hrly_hvr_US_east.nc
ARGO_GDAC,pfl,aoml/4903279/profiles/D4903279_282.nc|2024-04-25T03:52:02Z|24.26487|-85.42389,aoml/4903279/profiles/D4903279_282.nc,4903279,4903279,24.26487,-85.42389,2024-04-25T03:52:02Z,20240425,2024,790,0.64,99.92,,False,False,True,https://noaa-nws-rtofs-pds.s3.amazonaws.com/rtofs.20240425/rtofs_glo_3dz_f006_6hrly_hvr_US_east.nc
ARGO_GDAC,pfl,aoml/4903279/profiles/D4903279_283.nc|2024-04-30T03:17:31Z|24.33979|-85.63239,aoml/4903279/profiles/D4903279_283.nc,4903279,4903279,24.33979,-85.63239,2024-04-30T03:17:31Z,20240430,2024,1010,0.96,2011.04,121.0828,True,False,True,https://noaa-nws-rtofs-pds.s3.amazonaws.com/rtofs.20240430/rtofs_glo_3dz_f006_6hrly_hvr_US_east.nc
ARGO_GDAC,pfl,aoml/4903279/profiles/D4903279_283.nc|2024-04-30T03:17:31Z|24.33979|-85.63239,aoml/4903279/profiles/D4903279_283.nc,4903279,4903279,24.33979,-85.63239,2024-04-30T03:17:31Z,20240430,2024,796,0.56,99.96,,False,False,True,https://noaa-nws-rtofs-pds.s3.amazonaws.com/rtofs.20240430/rtofs_glo_3dz_f006_6hrly_hvr_US_east.nc
ARGO_GDAC,pfl,aoml/4903279/profiles/D4903279_284.nc|2024-05-05T02:45:50Z|24.48560|-86.01534,aoml/4903279/profiles/D4903279_284.nc,4903279,4903279,24.4856,-86.01534,2024-05-05T02:45:50Z,20240505,2024,1014,1.04,2018.36,48.174,True,True,True,https://noaa-nws-rtofs-pds.s3.amazonaws.com/rtofs.20240505/rtofs_glo_3dz_f006_6hrly_hvr_US_east.nc
ARGO_GDAC,pfl,aoml/4903279/profiles/D4903279_284.nc|2024-05-05T02:45:50Z|24.48560|-86.01534,aoml/4903279/profiles/D4903279_284.nc,4903279,4903279,24.4856,-86.01534,2024-05-05T02:45:50Z,20240505,2024,783,0.68,99.88,47.9599,True,True,True,https://noaa-nws-rtofs-pds.s3.amazonaws.com/rtofs.20240505/rtofs_glo_3dz_f006_6hrly_hvr_US_east.nc
ARGO_GDAC,pfl,aoml/4903279/profiles/D4903279_285.nc|2024-05-10T02:16:16Z|24.40901|-86.29394,aoml/4903279/profiles/D4903279_285.nc,4903279,4903279,24.40901,-86.29394,2024-05-10T02:16:16Z,20240510,2024,1014,1.04,2018.72,11.6242,True,True,True,https://noaa-nws-rtofs-pds.s3.amazonaws.com/rtofs.20240510/rtofs_glo_3dz_f006_6hrly_hvr_US_east.nc
ARGO_GDAC,pfl,aoml/4903279/profiles/D4903279_285.nc|2024-05-10T02:16:16Z|24.40901|-86.29394,aoml/4903279/profiles/D4903279_285.nc,4903279,4903279,24.40901,-86.29394,2024-05-10T02:16:16Z,20240510,2024,806,0.64,99.92,11.56,True,True,True,https://noaa-nws-rtofs-pds.s3.amazonaws.com/rtofs.20240510/rtofs_glo_3dz_f006_6hrly_hvr_US_east.nc
ARGO_GDAC,pfl,aoml/4903279/profiles/D4903279_286.nc|2024-05-15T01:52:54Z|24.20706|-86.19803,aoml/4903279/profiles/D4903279_286.nc,4903279,4903279,24.20706,-86.19803,2024-05-15T01:52:54Z,20240515,2024,1012,1.04,2013.68,27.1968,True,True,True,https://noaa-nws-rtofs-pds.s3.amazonaws.com/rtofs.20240515/rtofs_glo_3dz_f006_6hrly_hvr_US_east.nc
ARGO_GDAC,pfl,aoml/4903279/profiles/D4903279_286.nc|2024-05-15T01:52:54Z|24.20706|-86.19803,aoml/4903279/profiles/D4903279_286.nc,4903279,4903279,24.20706,-86.19803,2024-05-15T01:52:54Z,20240515,2024,792,0.6,99.96,27.2267,True,True,True,https://noaa-nws-rtofs-pds.s3.amazonaws.com/rtofs.20240515/rtofs_glo_3dz_f006_6hrly_hvr_US_east.nc
ARGO_GDAC,pfl,aoml/4903279/profiles/D4903279_287.nc|2024-05-20T01:19:15Z|24.05903|-85.98403,aoml/4903279/profiles/D4903279_287.nc,4903279,4903279,24.05903,-85.98403,2024-05-20T01:19:15Z,20240520,2024,1014,0.4,2015.92,30.8527,True,True,True,https://noaa-nws-rtofs-pds.s3.amazonaws.com/rtofs.20240520/rtofs_glo_3dz_f006_6hrly_hvr_US_east.nc
ARGO_GDAC,pfl,aoml/4903279/profiles/D4903279_287.nc|2024-05-20T01:19:15Z|24.05903|-85.98403,aoml/4903279/profiles/D4903279_287.nc,4903279,4903279,24.05903,-85.98403,2024-05-20T01:19:15Z,20240520,2024,820,0.4,99.92,31.07,True,True,True,https://noaa-nws-rtofs-pds.s3.amazonaws.com/rtofs.20240520/rtofs_glo_3dz_f006_6hrly_hvr_US_east.nc
ARGO_GDAC,pfl,aoml/4903279/profiles/D4903279_288.nc|2024-05-25T00:52:29Z|24.09281|-85.88569,aoml/4903279/profiles/D4903279_288.nc,4903279,4903279,24.09281,-85.88569,2024-05-25T00:52:29Z,20240525,2024,1013,1.0,2016.32,17.0202,True,True,True,https://noaa-nws-rtofs-pds.s3.amazonaws.com/rtofs.20240525/rtofs_glo_3dz_f006_6hrly_hvr_US_east.nc
ARGO_GDAC,pfl,aoml/4903279/profiles/D4903279_288.nc|2024-05-25T00:52:29Z|24.09281|-85.88569,aoml/4903279/profiles/D4903279_288.nc,4903279,4903279,24.09281,-85.88569,2024-05-25T00:52:29Z,20240525,2024,818,0.52,100.0,17.6773,True,True,True,https://noaa-nws-rtofs-pds.s3.amazonaws.com/rtofs.20240525/rtofs_glo_3dz_f006_6hrly_hvr_US_east.nc
ARGO_GDAC,pfl,aoml/4903279/profiles/D4903279_289.nc|2024-05-30T00:26:06Z|24.21103|-85.99235,aoml/4903279/profiles/D4903279_289.nc,4903279,4903279,24.21103,-85.99235,2024-05-30T00:26:06Z,20240530,2024,1015,1.04,2020.64,26.687,True,True,True,https://noaa-nws-rtofs-pds.s3.amazonaws.com/rtofs.20240530/rtofs_glo_3dz_f006_6hrly_hvr_US_east.nc
ARGO_GDAC,pfl,aoml/4903279/profiles/D4903279_289.nc|2024-05-30T00:26:06Z|24.21103|-85.99235,aoml/4903279/profiles/D4903279_289.nc,4903279,4903279,24.21103,-85.99235,2024-05-30T00:26:06Z,20240530,2024,832,0.64,99.92,27.22,True,True,True,https://noaa-nws-rtofs-pds.s3.amazonaws.com/rtofs.20240530/rtofs_glo_3dz_f006_6hrly_hvr_US_east.nc
ARGO_GDAC,pfl,aoml/4903279/profiles/D4903279_290.nc|2024-06-03T23:49:09Z|24.37310|-86.23656,aoml/4903279/profiles/D4903279_290.nc,4903279,4903279,24.3731,-86.23656,2024-06-03T23:49:09Z,20240603,2024,1008,1.04,2007.24,18.0465,True,True,True,https://noaa-nws-rtofs-pds.s3.amazonaws.com/rtofs.20240603/rtofs_glo_3dz_f006_6hrly_hvr_US_east.nc
ARGO_GDAC,pfl,aoml/4903279/profiles/D4903279_290.nc|2024-06-03T23:49:09Z|24.37310|-86.23656,aoml/4903279/profiles/D4903279_290.nc,4903279,4903279,24.3731,-86.23656,2024-06-03T23:49:09Z,20240603,2024,865,0.64,99.96,18.7745,True,True,True,https://noaa-nws-rtofs-pds.s3.amazonaws.com/rtofs.20240603/rtofs_glo_3dz_f006_6hrly_hvr_US_east.nc
ARGO_GDAC,pfl,aoml/4903279/profiles/D4903279_291.nc|2024-06-08T23:29:08Z|24.64633|-86.52189,aoml/4903279/profiles/D4903279_291.nc,4903279,4903279,24.64633,-86.52189,2024-06-08T23:29:08Z,20240608,2024,1012,0.96,2015.24,25.0641,True,True,True,https://noaa-nws-rtofs-pds.s3.amazonaws.com/rtofs.20240608/rtofs_glo_3dz_f006_6hrly_hvr_US_east.nc
ARGO_GDAC,pfl,aoml/4903279/profiles/D4903279_291.nc|2024-06-08T23:29:08Z|24.64633|-86.52189,aoml/4903279/profiles/D4903279_291.nc,4903279,4903279,24.64633,-86.52189,2024-06-08T23:29:08Z,20240608,2024,781,0.52,99.84,25.7334,True,True,True,https://noaa-nws-rtofs-pds.s3.amazonaws.com/rtofs.20240608/rtofs_glo_3dz_f006_6hrly_hvr_US_east.nc
ARGO_GDAC,pfl,aoml/4903279/profiles/D4903279_292.nc|2024-06-13T22:57:46Z|24.87383|-86.74848,aoml/4903279/profiles/D4903279_292.nc,4903279,4903279,24.87383,-86.74848,2024-06-13T22:57:46Z,20240613,2024,1009,1.04,2009.04,27.9311,True,True,True,https://noaa-nws-rtofs-pds.s3.amazonaws.com/rtofs.20240613/rtofs_glo_3dz_f006_6hrly_hvr_US_east.nc
ARGO_GDAC,pfl,aoml/4903279/profiles/D4903279_292.nc|2024-06-13T22:57:46Z|24.87383|-86.74848,aoml/4903279/profiles/D4903279_292.nc,4903279,4903279,24.87383,-86.74848,2024-06-13T22:57:46Z,20240613,2024,870,0.6,99.88,27.8399,True,True,True,https://noaa-nws-rtofs-pds.s3.amazonaws.com/rtofs.20240613/rtofs_glo_3dz_f006_6hrly_hvr_US_east.nc
ARGO_GDAC,pfl,aoml/4903279/profiles/D4903279_293.nc|2024-06-18T22:20:13Z|24.95803|-86.78771,aoml/4903279/profiles/D4903279_293.nc,4903279,4903279,24.95803,-86.78771,2024-06-18T22:20:13Z,20240618,2024,1012,0.48,2011.92,43.9205,True,True,True,https://noaa-nws-rtofs-pds.s3.amazonaws.com/rtofs.20240618/rtofs_glo_3dz_f006_6hrly_hvr_US_east.nc
ARGO_GDAC,pfl,aoml/4903279/profiles/D4903279_293.nc|2024-06-18T22:20:13Z|24.95803|-86.78771,aoml/4903279/profiles/D4903279_293.nc,4903279,4903279,24.95803,-86.78771,2024-06-18T22:20:13Z,20240618,2024,841,0.48,99.92,43.795,True,True,True,https://noaa-nws-rtofs-pds.s3.amazonaws.com/rtofs.20240618/rtofs_glo_3dz_f006_6hrly_hvr_US_east.nc
ARGO_GDAC,pfl,aoml/4903279/profiles/D4903279_294.nc|2024-06-23T21:58:43Z|24.92643|-86.61237,aoml/4903279/profiles/D4903279_294.nc,4903279,4903279,24.92643,-86.61237,2024-06-23T21:58:43Z,20240623,2024,1013,1.04,2017.2,40.7087,True,True,True,https://noaa-nws-rtofs-pds.s3.amazonaws.com/rtofs.20240623/rtofs_glo_3dz_f006_6hrly_hvr_US_east.nc
ARGO_GDAC,pfl,aoml/4903279/profiles/D4903279_294.nc|2024-06-23T21:58:43Z|24.92643|-86.61237,aoml/4903279/profiles/D4903279_294.nc,4903279,4903279,24.92643,-86.61237,2024-06-23T21:58:43Z,20240623,2024,840,0.64,99.92,41.16,True,True,True,https://noaa-nws-rtofs-pds.s3.amazonaws.com/rtofs.20240623/rtofs_glo_3dz_f006_6hrly_hvr_US_east.nc
ARGO_GDAC,pfl,aoml/4903279/profiles/D4903279_295.nc|2024-06-28T21:27:44Z|24.97764|-86.49288,aoml/4903279/profiles/D4903279_295.nc,4903279,4903279,24.97764,-86.49288,2024-06-28T21:27:44Z,20240628,2024,1012,0.96,2014.52,13.7281,True,True,True,https://noaa-nws-rtofs-pds.s3.amazonaws.com/rtofs.20240628/rtofs_glo_3dz_f006_6hrly_hvr_US_east.nc
ARGO_GDAC,pfl,aoml/4903279/profiles/D4903279_295.nc|2024-06-28T21:27:44Z|24.97764|-86.49288,aoml/4903279/profiles/D4903279_295.nc,4903279,4903279,24.97764,-86.49288,2024-06-28T21:27:44Z,20240628,2024,820,0.56,99.96,13.1267,True,True,True,https://noaa-nws-rtofs-pds.s3.amazonaws.com/rtofs.20240628/rtofs_glo_3dz_f006_6hrly_hvr_US_east.nc
ARGO_GDAC,pfl,aoml/4903279/profiles/D4903279_296.nc|2024-07-03T21:00:27Z|24.90507|-86.55273,aoml/4903279/profiles/D4903279_296.nc,4903279,4903279,24.90507,-86.55273,2024-07-03T21:00:27Z,20240703,2024,1012,1.04,2014.2,26.6864,True,True,True,https://noaa-nws-rtofs-pds.s3.amazonaws.com/rtofs.20240703/rtofs_glo_3dz_f006_6hrly_hvr_US_east.nc
ARGO_GDAC,pfl,aoml/4903279/profiles/D4903279_296.nc|2024-07-03T21:00:27Z|24.90507|-86.55273,aoml/4903279/profiles/D4903279_296.nc,4903279,4903279,24.90507,-86.55273,2024-07-03T21:00:27Z,20240703,2024,856,0.64,99.96,26.9857,True,True,True,https://noaa-nws-rtofs-pds.s3.amazonaws.com/rtofs.20240703/rtofs_glo_3dz_f006_6hrly_hvr_US_east.nc
ARGO_GDAC,pfl,aoml/4903279/profiles/D4903279_297.nc|2024-07-08T20:28:03Z|24.55926|-86.21299,aoml/4903279/profiles/D4903279_297.nc,4903279,4903279,24.55926,-86.21299,2024-07-08T20:28:03Z,20240708,2024,1012,1.04,2014.72,18.7726,True,True,True,https://noaa-nws-rtofs-pds.s3.amazonaws.com/rtofs.20240708/rtofs_glo_3dz_f006_6hrly_hvr_US_east.nc
ARGO_GDAC,pfl,aoml/4903279/profiles/D4903279_297.nc|2024-07-08T20:28:03Z|24.55926|-86.21299,aoml/4903279/profiles/D4903279_297.nc,4903279,4903279,24.55926,-86.21299,2024-07-08T20:28:03Z,20240708,2024,858,0.64,99.88,19.0057,True,True,True,https://noaa-nws-rtofs-pds.s3.amazonaws.com/rtofs.20240708/rtofs_glo_3dz_f006_6hrly_hvr_US_east.nc
ARGO_GDAC,pfl,aoml/4903279/profiles/D4903279_298.nc|2024-07-13T19:57:32Z|24.30591|-85.67650,aoml/4903279/profiles/D4903279_298.nc,4903279,4903279,24.30591,-85.6765,2024-07-13T19:57:32Z,20240713,2024,1012,1.0,2015.04,27.0294,True,True,True,https://noaa-nws-rtofs-pds.s3.amazonaws.com/rtofs.20240713/rtofs_glo_3dz_f006_6hrly_hvr_US_east.nc
ARGO_GDAC,pfl,aoml/4903279/profiles/D4903279_298.nc|2024-07-13T19:57:32Z|24.30591|-85.67650,aoml/4903279/profiles/D4903279_298.nc,4903279,4903279,24.30591,-85.6765,2024-07-13T19:57:32Z,20240713,2024,834,0.6,99.96,27.2074,True,True,True,https://noaa-nws-rtofs-pds.s3.amazonaws.com/rtofs.20240713/rtofs_glo_3dz_f006_6hrly_hvr_US_east.nc
ARGO_GDAC,pfl,aoml/4903279/profiles/D4903279_299.nc|2024-07-18T19:28:12Z|24.16705|-85.25234,aoml/4903279/profiles/D4903279_299.nc,4903279,4903279,24.16705,-85.25234,2024-07-18T19:28:12Z,20240718,2024,1013,0.96,2016.16,15.3638,True,True,True,https://noaa-nws-rtofs-pds.s3.amazonaws.com/rtofs.20240718/rtofs_glo_3dz_f006_6hrly_hvr_US_east.nc
ARGO_GDAC,pfl,aoml/4903279/profiles/D4903279_299.nc|2024-07-18T19:28:12Z|24.16705|-85.25234,aoml/4903279/profiles/D4903279_299.nc,4903279,4903279,24.16705,-85.25234,2024-07-18T19:28:12Z,20240718,2024,881,0.56,100.0,15.4533,True,True,True,https://noaa-nws-rtofs-pds.s3.amazonaws.com/rtofs.20240718/rtofs_glo_3dz_f006_6hrly_hvr_US_east.nc
ARGO_GDAC,pfl,aoml/4903279/profiles/D4903279_300.nc|2024-07-23T19:04:00Z|24.37741|-85.20887,aoml/4903279/profiles/D4903279_300.nc,4903279,4903279,24.37741,-85.20887,2024-07-23T19:04:00Z,20240723,2024,1013,1.0,2017.0,38.0481,True,True,True,https://noaa-nws-rtofs-pds.s3.amazonaws.com/rtofs.20240723/rtofs_glo_3dz_f006_6hrly_hvr_US_east.nc
ARGO_GDAC,pfl,aoml/4903279/profiles/D4903279_300.nc|2024-07-23T19:04:00Z|24.37741|-85.20887,aoml/4903279/profiles/D4903279_300.nc,4903279,4903279,24.37741,-85.20887,2024-07-23T19:04:00Z,20240723,2024,885,0.56,99.96,38.5216,True,True,True,https://noaa-nws-rtofs-pds.s3.amazonaws.com/rtofs.20240723/rtofs_glo_3dz_f006_6hrly_hvr_US_east.nc
ARGO_GDAC,pfl,aoml/4903279/profiles/D4903279_301.nc|2024-07-28T18:19:42Z|24.12807|-85.21727,aoml/4903279/profiles/D4903279_301.nc,4903279,4903279,24.12807,-85.21727,2024-07-28T18:19:42Z,20240728,2024,1015,1.0,2020.48,28.007,True,True,True,https://noaa-nws-rtofs-pds.s3.amazonaws.com/rtofs.20240728/rtofs_glo_3dz_f006_6hrly_hvr_US_east.nc
ARGO_GDAC,pfl,aoml/4903279/profiles/D4903279_301.nc|2024-07-28T18:19:42Z|24.12807|-85.21727,aoml/4903279/profiles/D4903279_301.nc,4903279,4903279,24.12807,-85.21727,2024-07-28T18:19:42Z,20240728,2024,824,0.52,99.92,28.491,True,True,True,https://noaa-nws-rtofs-pds.s3.amazonaws.com/rtofs.20240728/rtofs_glo_3dz_f006_6hrly_hvr_US_east.nc
ARGO_GDAC,pfl,aoml/4903279/profiles/D4903279_302.nc|2024-08-02T17:42:22Z|24.25416|-85.13503,aoml/4903279/profiles/D4903279_302.nc,4903279,4903279,24.25416,-85.13503,2024-08-02T17:42:22Z,20240802,2024,1014,0.48,2016.84,28.1803,True,True,True,https://noaa-nws-rtofs-pds.s3.amazonaws.com/rtofs.20240802/rtofs_glo_3dz_f006_6hrly_hvr_US_east.nc
ARGO_GDAC,pfl,aoml/4903279/profiles/D4903279_302.nc|2024-08-02T17:42:22Z|24.25416|-85.13503,aoml/4903279/profiles/D4903279_302.nc,4903279,4903279,24.25416,-85.13503,2024-08-02T17:42:22Z,20240802,2024,837,0.48,99.96,28.288,True,True,True,https://noaa-nws-rtofs-pds.s3.amazonaws.com/rtofs.20240802/rtofs_glo_3dz_f006_6hrly_hvr_US_east.nc
ARGO_GDAC,pfl,aoml/4903279/profiles/D4903279_303.nc|2024-08-07T17:01:22Z|24.22765|-85.23425,aoml/4903279/profiles/D4903279_303.nc,4903279,4903279,24.22765,-85.23425,2024-08-07T17:01:22Z,20240807,2024,1008,1.0,2006.44,19.0632,True,True,True,https://noaa-nws-rtofs-pds.s3.amazonaws.com/rtofs.20240807/rtofs_glo_3dz_f006_6hrly_hvr_US_east.nc
ARGO_GDAC,pfl,aoml/4903279/profiles/D4903279_303.nc|2024-08-07T17:01:22Z|24.22765|-85.23425,aoml/4903279/profiles/D4903279_303.nc,4903279,4903279,24.22765,-85.23425,2024-08-07T17:01:22Z,20240807,2024,794,0.6,99.92,19.2288,True,True,True,https://noaa-nws-rtofs-pds.s3.amazonaws.com/rtofs.20240807/rtofs_glo_3dz_f006_6hrly_hvr_US_east.nc
ARGO_GDAC,pfl,aoml/4903279/profiles/D4903279_304.nc|2024-08-12T16:27:26Z|24.28209|-85.35303,aoml/4903279/profiles/D4903279_304.nc,4903279,4903279,24.28209,-85.35303,2024-08-12T16:27:26Z,20240812,2024,1012,1.0,2013.72,26.3009,True,True,True,https://noaa-nws-rtofs-pds.s3.amazonaws.com/rtofs.20240812/rtofs_glo_3dz_f006_6hrly_hvr_US_east.nc
ARGO_GDAC,pfl,aoml/4903279/profiles/D4903279_304.nc|2024-08-12T16:27:26Z|24.28209|-85.35303,aoml/4903279/profiles/D4903279_304.nc,4903279,4903279,24.28209,-85.35303,2024-08-12T16:27:26Z,20240812,2024,884,0.56,100.0,26.4571,True,True,True,https://noaa-nws-rtofs-pds.s3.amazonaws.com/rtofs.20240812/rtofs_glo_3dz_f006_6hrly_hvr_US_east.nc
ARGO_GDAC,pfl,aoml/4903279/profiles/D4903279_305.nc|2024-08-17T15:52:06Z|24.30429|-85.51105,aoml/4903279/profiles/D4903279_305.nc,4903279,4903279,24.30429,-85.51105,2024-08-17T15:52:06Z,20240817,2024,1010,0.96,2010.04,24.2786,True,True,True,https://noaa-nws-rtofs-pds.s3.amazonaws.com/rtofs.20240817/rtofs_glo_3dz_f006_6hrly_hvr_US_east.nc
ARGO_GDAC,pfl,aoml/4903279/profiles/D4903279_305.nc|2024-08-17T15:52:06Z|24.30429|-85.51105,aoml/4903279/profiles/D4903279_305.nc,4903279,4903279,24.30429,-85.51105,2024-08-17T15:52:06Z,20240817,2024,783,0.6,99.92,25.12,True,True,True,https://noaa-nws-rtofs-pds.s3.amazonaws.com/rtofs.20240817/rtofs_glo_3dz_f006_6hrly_hvr_US_east.nc
ARGO_GDAC,pfl,aoml/4903279/profiles/D4903279_306.nc|2024-08-22T15:23:20Z|24.55623|-85.81594,aoml/4903279/profiles/D4903279_306.nc,4903279,4903279,24.55623,-85.81594,2024-08-22T15:23:20Z,20240822,2024,1015,0.48,2017.76,19.372,True,True,True,https://noaa-nws-rtofs-pds.s3.amazonaws.com/rtofs.20240822/rtofs_glo_3dz_f006_6hrly_hvr_US_east.nc
ARGO_GDAC,pfl,aoml/4903279/profiles/D4903279_306.nc|2024-08-22T15:23:20Z|24.55623|-85.81594,aoml/4903279/profiles/D4903279_306.nc,4903279,4903279,24.55623,-85.81594,2024-08-22T15:23:20Z,20240822,2024,855,0.48,99.88,19.5543,True,True,True,https://noaa-nws-rtofs-pds.s3.amazonaws.com/rtofs.20240822/rtofs_glo_3dz_f006_6hrly_hvr_US_east.nc
ARGO_GDAC,pfl,aoml/4903279/profiles/D4903279_307.nc|2024-08-27T14:51:21Z|25.08102|-86.71924,aoml/4903279/profiles/D4903279_307.nc,4903279,4903279,25.08102,-86.71924,2024-08-27T14:51:21Z,20240827,2024,1016,0.48,2019.36,31.8276,True,True,True,https://noaa-nws-rtofs-pds.s3.amazonaws.com/rtofs.20240827/rtofs_glo_3dz_f006_6hrly_hvr_US_east.nc
ARGO_GDAC,pfl,aoml/4903279/profiles/D4903279_307.nc|2024-08-27T14:51:21Z|25.08102|-86.71924,aoml/4903279/profiles/D4903279_307.nc,4903279,4903279,25.08102,-86.71924,2024-08-27T14:51:21Z,20240827,2024,962,0.48,100.0,31.56,True,True,True,https://noaa-nws-rtofs-pds.s3.amazonaws.com/rtofs.20240827/rtofs_glo_3dz_f006_6hrly_hvr_US_east.nc
ARGO_GDAC,pfl,aoml/4903279/profiles/D4903279_308.nc|2024-09-01T14:27:01Z|25.75196|-87.83335,aoml/4903279/profiles/D4903279_308.nc,4903279,4903279,25.75196,-87.83335,2024-09-01T14:27:01Z,20240901,2024,1009,1.0,2007.64,14.2663,True,True,True,https://noaa-nws-rtofs-pds.s3.amazonaws.com/rtofs.20240901/rtofs_glo_3dz_f006_6hrly_hvr_US_east.nc
ARGO_GDAC,pfl,aoml/4903279/profiles/D4903279_308.nc|2024-09-01T14:27:01Z|25.75196|-87.83335,aoml/4903279/profiles/D4903279_308.nc,4903279,4903279,25.75196,-87.83335,2024-09-01T14:27:01Z,20240901,2024,933,0.68,99.92,15.1635,True,True,True,https://noaa-nws-rtofs-pds.s3.amazonaws.com/rtofs.20240901/rtofs_glo_3dz_f006_6hrly_hvr_US_east.nc
ARGO_GDAC,pfl,aoml/4903279/profiles/D4903279_309.nc|2024-09-06T13:55:53Z|25.71668|-88.48036,aoml/4903279/profiles/D4903279_309.nc,4903279,4903279,25.71668,-88.48036,2024-09-06T13:55:53Z,20240906,2024,1013,1.08,2015.8,20.7401,True,True,True,https://noaa-nws-rtofs-pds.s3.amazonaws.com/rtofs.20240906/rtofs_glo_3dz_f006_6hrly_hvr_US_east.nc
ARGO_GDAC,pfl,aoml/4903279/profiles/D4903279_309.nc|2024-09-06T13:55:53Z|25.71668|-88.48036,aoml/4903279/profiles/D4903279_309.nc,4903279,4903279,25.71668,-88.48036,2024-09-06T13:55:53Z,20240906,2024,927,0.72,99.96,21.4463,True,True,True,https://noaa-nws-rtofs-pds.s3.amazonaws.com/rtofs.20240906/rtofs_glo_3dz_f006_6hrly_hvr_US_east.nc
ARGO_GDAC,pfl,aoml/4903279/profiles/D4903279_310.nc|2024-09-11T13:24:50Z|25.86809|-88.44368,aoml/4903279/profiles/D4903279_310.nc,4903279,4903279,25.86809,-88.44368,2024-09-11T13:24:50Z,20240911,2024,1011,1.12,2013.08,23.0537,True,True,True,https://noaa-nws-rtofs-pds.s3.amazonaws.com/rtofs.20240911/rtofs_glo_3dz_f006_6hrly_hvr_US_east.nc
ARGO_GDAC,pfl,aoml/4903279/profiles/D4903279_310.nc|2024-09-11T13:24:50Z|25.86809|-88.44368,aoml/4903279/profiles/D4903279_310.nc,4903279,4903279,25.86809,-88.44368,2024-09-11T13:24:50Z,20240911,2024,946,0.68,99.92,23.81,True,True,True,https://noaa-nws-rtofs-pds.s3.amazonaws.com/rtofs.20240911/rtofs_glo_3dz_f006_6hrly_hvr_US_east.nc
ARGO_GDAC,pfl,aoml/4903279/profiles/D4903279_311.nc|2024-09-16T12:58:30Z|26.54514|-87.58858,aoml/4903279/profiles/D4903279_311.nc,4903279,4903279,26.54514,-87.58858,2024-09-16T12:58:30Z,20240916,2024,1015,1.12,2020.32,22.0998,True,True,True,https://noaa-nws-rtofs-pds.s3.amazonaws.com/rtofs.20240916/rtofs_glo_3dz_f006_6hrly_hvr_US_east.nc
ARGO_GDAC,pfl,aoml/4903279/profiles/D4903279_311.nc|2024-09-16T12:58:30Z|26.54514|-87.58858,aoml/4903279/profiles/D4903279_311.nc,4903279,4903279,26.54514,-87.58858,2024-09-16T12:58:30Z,20240916,2024,915,0.72,99.88,22.54,True,True,True,https://noaa-nws-rtofs-pds.s3.amazonaws.com/rtofs.20240916/rtofs_glo_3dz_f006_6hrly_hvr_US_east.nc
ARGO_GDAC,pfl,aoml/4903279/profiles/D4903279_312.nc|2024-09-21T12:18:51Z|27.70353|-86.87005,aoml/4903279/profiles/D4903279_312.nc,4903279,4903279,27.70353,-86.87005,2024-09-21T12:18:51Z,20240921,2024,1014,1.0,2018.08,18.0166,True,True,True,https://noaa-nws-rtofs-pds.s3.amazonaws.com/rtofs.20240921/rtofs_glo_3dz_f006_6hrly_hvr_US_east.nc
ARGO_GDAC,pfl,aoml/4903279/profiles/D4903279_312.nc|2024-09-21T12:18:51Z|27.70353|-86.87005,aoml/4903279/profiles/D4903279_312.nc,4903279,4903279,27.70353,-86.87005,2024-09-21T12:18:51Z,20240921,2024,922,0.52,99.92,18.3389,True,True,True,https://noaa-nws-rtofs-pds.s3.amazonaws.com/rtofs.20240921/rtofs_glo_3dz_f006_6hrly_hvr_US_east.nc
ARGO_GDAC,pfl,aoml/4903279/profiles/D4903279_313.nc|2024-09-26T11:49:18Z|26.89433|-87.51520,aoml/4903279/profiles/D4903279_313.nc,4903279,4903279,26.89433,-87.5152,2024-09-26T11:49:18Z,20240926,2024,1008,0.88,2006.36,24.5777,True,True,True,https://noaa-nws-rtofs-pds.s3.amazonaws.com/rtofs.20240926/rtofs_glo_3dz_f006_6hrly_hvr_US_east.nc
ARGO_GDAC,pfl,aoml/4903279/profiles/D4903279_313.nc|2024-09-26T11:49:18Z|26.89433|-87.51520,aoml/4903279/profiles/D4903279_313.nc,4903279,4903279,26.89433,-87.5152,2024-09-26T11:49:18Z,20240926,2024,925,0.52,99.96,25.3844,True,True,True,https://noaa-nws-rtofs-pds.s3.amazonaws.com/rtofs.20240926/rtofs_glo_3dz_f006_6hrly_hvr_US_east.nc
ARGO_GDAC,pfl,aoml/4903279/profiles/D4903279_314.nc|2024-10-01T11:15:06Z|26.67024|-87.05284,aoml/4903279/profiles/D4903279_314.nc,4903279,4903279,26.67024,-87.05284,2024-10-01T11:15:06Z,20241001,2024,1010,0.96,2010.72,46.7419,True,True,True,https://noaa-nws-rtofs-pds.s3.amazonaws.com/rtofs.20241001/rtofs_glo_3dz_f006_6hrly_hvr_US_east.nc
ARGO_GDAC,pfl,aoml/4903279/profiles/D4903279_314.nc|2024-10-01T11:15:06Z|26.67024|-87.05284,aoml/4903279/profiles/D4903279_314.nc,4903279,4903279,26.67024,-87.05284,2024-10-01T11:15:06Z,20241001,2024,798,0.52,100.0,46.7682,True,True,True,https://noaa-nws-rtofs-pds.s3.amazonaws.com/rtofs.20241001/rtofs_glo_3dz_f006_6hrly_hvr_US_east.nc
ARGO_GDAC,pfl,aoml/4903279/profiles/D4903279_315.nc|2024-10-06T10:20:05Z|27.09573|-86.23151,aoml/4903279/profiles/D4903279_315.nc,4903279,4903279,27.09573,-86.23151,2024-10-06T10:20:05Z,20241006,2024,1008,1.12,2006.44,53.0729,True,True,True,https://noaa-nws-rtofs-pds.s3.amazonaws.com/rtofs.20241006/rtofs_glo_3dz_f006_6hrly_hvr_US_east.nc
ARGO_GDAC,pfl,aoml/4903279/profiles/D4903279_315.nc|2024-10-06T10:20:05Z|27.09573|-86.23151,aoml/4903279/profiles/D4903279_315.nc,4903279,4903279,27.09573,-86.23151,2024-10-06T10:20:05Z,20241006,2024,830,0.76,99.88,52.95,True,True,True,https://noaa-nws-rtofs-pds.s3.amazonaws.com/rtofs.20241006/rtofs_glo_3dz_f006_6hrly_hvr_US_east.nc
ARGO_GDAC,pfl,aoml/4903279/profiles/D4903279_316.nc|2024-10-11T09:28:15Z|27.08816|-87.23808,aoml/4903279/profiles/D4903279_316.nc,4903279,4903279,27.08816,-87.23808,2024-10-11T09:28:15Z,20241011,2024,1010,0.92,2010.6,55.4423,True,True,True,https://noaa-nws-rtofs-pds.s3.amazonaws.com/rtofs.20241011/rtofs_glo_3dz_f006_6hrly_hvr_US_east.nc
ARGO_GDAC,pfl,aoml/4903279/profiles/D4903279_316.nc|2024-10-11T09:28:15Z|27.08816|-87.23808,aoml/4903279/profiles/D4903279_316.nc,4903279,4903279,27.08816,-87.23808,2024-10-11T09:28:15Z,20241011,2024,969,0.52,99.92,56.095,True,True,True,https://noaa-nws-rtofs-pds.s3.amazonaws.com/rtofs.20241011/rtofs_glo_3dz_f006_6hrly_hvr_US_east.nc
ARGO_GDAC,pfl,aoml/4903279/profiles/D4903279_317.nc|2024-10-16T09:07:14Z|27.00760|-87.91316,aoml/4903279/profiles/D4903279_317.nc,4903279,4903279,27.0076,-87.91316,2024-10-16T09:07:14Z,20241016,2024,1010,1.0,2011.16,52.596,True,True,True,https://noaa-nws-rtofs-pds.s3.amazonaws.com/rtofs.20241016/rtofs_glo_3dz_f006_6hrly_hvr_US_east.nc
ARGO_GDAC,pfl,aoml/4903279/profiles/D4903279_317.nc|2024-10-16T09:07:14Z|27.00760|-87.91316,aoml/4903279/profiles/D4903279_317.nc,4903279,4903279,27.0076,-87.91316,2024-10-16T09:07:14Z,20241016,2024,844,0.52,99.88,52.7081,True,True,True,https://noaa-nws-rtofs-pds.s3.amazonaws.com/rtofs.20241016/rtofs_glo_3dz_f006_6hrly_hvr_US_east.nc
ARGO_GDAC,pfl,aoml/4903279/profiles/D4903279_318.nc|2024-10-21T08:33:28Z|27.13057|-87.83303,aoml/4903279/profiles/D4903279_318.nc,4903279,4903279,27.13057,-87.83303,2024-10-21T08:33:28Z,20241021,2024,1011,1.12,2012.4,88.0964,True,True,True,https://noaa-nws-rtofs-pds.s3.amazonaws.com/rtofs.20241021/rtofs_glo_3dz_f006_6hrly_hvr_US_east.nc
ARGO_GDAC,pfl,aoml/4903279/profiles/D4903279_318.nc|2024-10-21T08:33:28Z|27.13057|-87.83303,aoml/4903279/profiles/D4903279_318.nc,4903279,4903279,27.13057,-87.83303,2024-10-21T08:33:28Z,20241021,2024,801,0.72,100.0,88.569,True,True,True,https://noaa-nws-rtofs-pds.s3.amazonaws.com/rtofs.20241021/rtofs_glo_3dz_f006_6hrly_hvr_US_east.nc
ARGO_GDAC,pfl,aoml/4903279/profiles/D4903279_319.nc|2024-10-26T08:04:17Z|27.55862|-87.17385,aoml/4903279/profiles/D4903279_319.nc,4903279,4903279,27.55862,-87.17385,2024-10-26T08:04:17Z,20241026,2024,1011,1.32,2011.36,45.9976,True,True,True,https://noaa-nws-rtofs-pds.s3.amazonaws.com/rtofs.20241026/rtofs_glo_3dz_f006_6hrly_hvr_US_east.nc
ARGO_GDAC,pfl,aoml/4903279/profiles/D4903279_319.nc|2024-10-26T08:04:17Z|27.55862|-87.17385,aoml/4903279/profiles/D4903279_319.nc,4903279,4903279,27.55862,-87.17385,2024-10-26T08:04:17Z,20241026,2024,839,1.2,99.96,45.6,True,True,True,https://noaa-nws-rtofs-pds.s3.amazonaws.com/rtofs.20241026/rtofs_glo_3dz_f006_6hrly_hvr_US_east.nc
ARGO_GDAC,pfl,aoml/4903279/profiles/D4903279_320.nc|2024-10-31T07:34:09Z|27.35649|-87.72988,aoml/4903279/profiles/D4903279_320.nc,4903279,4903279,27.35649,-87.72988,2024-10-31T07:34:09Z,20241031,2024,1011,1.0,2012.0,77.7942,True,True,True,https://noaa-nws-rtofs-pds.s3.amazonaws.com/rtofs.20241031/rtofs_glo_3dz_f006_6hrly_hvr_US_east.nc
ARGO_GDAC,pfl,aoml/4903279/profiles/D4903279_320.nc|2024-10-31T07:34:09Z|27.35649|-87.72988,aoml/4903279/profiles/D4903279_320.nc,4903279,4903279,27.35649,-87.72988,2024-10-31T07:34:09Z,20241031,2024,873,0.6,99.88,77.6853,True,True,True,https://noaa-nws-rtofs-pds.s3.amazonaws.com/rtofs.20241031/rtofs_glo_3dz_f006_6hrly_hvr_US_east.nc
ARGO_GDAC,pfl,aoml/4903279/profiles/D4903279_321.nc|2024-11-05T07:03:14Z|26.94195|-88.40004,aoml/4903279/profiles/D4903279_321.nc,4903279,4903279,26.94195,-88.40004,2024-11-05T07:03:14Z,20241105,2024,1012,1.0,2013.64,39.4029,True,True,True,https://noaa-nws-rtofs-pds.s3.amazonaws.com/rtofs.20241105/rtofs_glo_3dz_f006_6hrly_hvr_US_east.nc
ARGO_GDAC,pfl,aoml/4903279/profiles/D4903279_321.nc|2024-11-05T07:03:14Z|26.94195|-88.40004,aoml/4903279/profiles/D4903279_321.nc,4903279,4903279,26.94195,-88.40004,2024-11-05T07:03:14Z,20241105,2024,863,0.56,99.92,39.0467,True,True,True,https://noaa-nws-rtofs-pds.s3.amazonaws.com/rtofs.20241105/rtofs_glo_3dz_f006_6hrly_hvr_US_east.nc
ARGO_GDAC,pfl,aoml/4903279/profiles/D4903279_322.nc|2024-11-10T06:37:27Z|26.97801|-88.43696,aoml/4903279/profiles/D4903279_322.nc,4903279,4903279,26.97801,-88.43696,2024-11-10T06:37:27Z,20241110,2024,1012,1.08,2014.12,93.1632,True,True,True,https://noaa-nws-rtofs-pds.s3.amazonaws.com/rtofs.20241110/rtofs_glo_3dz_f006_6hrly_hvr_US_east.nc
ARGO_GDAC,pfl,aoml/4903279/profiles/D4903279_322.nc|2024-11-10T06:37:27Z|26.97801|-88.43696,aoml/4903279/profiles/D4903279_322.nc,4903279,4903279,26.97801,-88.43696,2024-11-10T06:37:27Z,20241110,2024,777,0.68,99.96,92.9333,True,True,True,https://noaa-nws-rtofs-pds.s3.amazonaws.com/rtofs.20241110/rtofs_glo_3dz_f006_6hrly_hvr_US_east.nc
ARGO_GDAC,pfl,aoml/4903279/profiles/D4903279_323.nc|2024-11-15T06:10:53Z|26.99973|-88.16340,aoml/4903279/profiles/D4903279_323.nc,4903279,4903279,26.99973,-88.1634,2024-11-15T06:10:53Z,20241115,2024,1010,1.04,2011.12,61.2569,True,True,True,https://noaa-nws-rtofs-pds.s3.amazonaws.com/rtofs.20241115/rtofs_glo_3dz_f006_6hrly_hvr_US_east.nc
ARGO_GDAC,pfl,aoml/4903279/profiles/D4903279_323.nc|2024-11-15T06:10:53Z|26.99973|-88.16340,aoml/4903279/profiles/D4903279_323.nc,4903279,4903279,26.99973,-88.1634,2024-11-15T06:10:53Z,20241115,2024,858,0.68,99.96,61.52,True,True,True,https://noaa-nws-rtofs-pds.s3.amazonaws.com/rtofs.20241115/rtofs_glo_3dz_f006_6hrly_hvr_US_east.nc
ARGO_GDAC,pfl,aoml/4903279/profiles/D4903279_324.nc|2024-11-20T05:45:26Z|27.02065|-88.07631,aoml/4903279/profiles/D4903279_324.nc,4903279,4903279,27.02065,-88.07631,2024-11-20T05:45:26Z,20241120,2024,1012,0.96,2013.48,15.5846,True,True,True,https://noaa-nws-rtofs-pds.s3.amazonaws.com/rtofs.20241120/rtofs_glo_3dz_f006_6hrly_hvr_US_east.nc
ARGO_GDAC,pfl,aoml/4903279/profiles/D4903279_324.nc|2024-11-20T05:45:26Z|27.02065|-88.07631,aoml/4903279/profiles/D4903279_324.nc,4903279,4903279,27.02065,-88.07631,2024-11-20T05:45:26Z,20241120,2024,813,0.52,99.96,14.5372,True,True,True,https://noaa-nws-rtofs-pds.s3.amazonaws.com/rtofs.20241120/rtofs_glo_3dz_f006_6hrly_hvr_US_east.nc
ARGO_GDAC,pfl,aoml/4903279/profiles/D4903279_325.nc|2024-11-25T05:13:20Z|26.81417|-87.70982,aoml/4903279/profiles/D4903279_325.nc,4903279,4903279,26.81417,-87.70982,2024-11-25T05:13:20Z,20241125,2024,1012,1.0,2014.64,151.2872,True,False,True,https://noaa-nws-rtofs-pds.s3.amazonaws.com/rtofs.20241125/rtofs_glo_3dz_f006_6hrly_hvr_US_east.nc
ARGO_GDAC,pfl,aoml/4903279/profiles/D4903279_325.nc|2024-11-25T05:13:20Z|26.81417|-87.70982,aoml/4903279/profiles/D4903279_325.nc,4903279,4903279,26.81417,-87.70982,2024-11-25T05:13:20Z,20241125,2024,826,0.6,99.96,,False,False,True,https://noaa-nws-rtofs-pds.s3.amazonaws.com/rtofs.20241125/rtofs_glo_3dz_f006_6hrly_hvr_US_east.nc
ARGO_GDAC,pfl,aoml/4903279/profiles/D4903279_326.nc|2024-11-30T04:41:42Z|26.60274|-87.54365,aoml/4903279/profiles/D4903279_326.nc,4903279,4903279,26.60274,-87.54365,2024-11-30T04:41:42Z,20241130,2024,1008,1.08,2006.72,153.3691,True,False,True,https://noaa-nws-rtofs-pds.s3.amazonaws.com/rtofs.20241130/rtofs_glo_3dz_f006_6hrly_hvr_US_east.nc
ARGO_GDAC,pfl,aoml/4903279/profiles/D4903279_326.nc|2024-11-30T04:41:42Z|26.60274|-87.54365,aoml/4903279/profiles/D4903279_326.nc,4903279,4903279,26.60274,-87.54365,2024-11-30T04:41:42Z,20241130,2024,774,0.68,99.96,,False,False,True,https://noaa-nws-rtofs-pds.s3.amazonaws.com/rtofs.20241130/rtofs_glo_3dz_f006_6hrly_hvr_US_east.nc
ARGO_GDAC,pfl,aoml/4903279/profiles/D4903279_327.nc|2024-12-05T04:01:21Z|26.31900|-87.39272,aoml/4903279/profiles/D4903279_327.nc,4903279,4903279,26.319,-87.39272,2024-12-05T04:01:21Z,20241205,2024,1009,0.92,2009.08,145.6882,True,False,True,https://noaa-nws-rtofs-pds.s3.amazonaws.com/rtofs.20241205/rtofs_glo_3dz_f006_6hrly_hvr_US_east.nc
ARGO_GDAC,pfl,aoml/4903279/profiles/D4903279_327.nc|2024-12-05T04:01:21Z|26.31900|-87.39272,aoml/4903279/profiles/D4903279_327.nc,4903279,4903279,26.319,-87.39272,2024-12-05T04:01:21Z,20241205,2024,679,0.52,99.92,,False,False,True,https://noaa-nws-rtofs-pds.s3.amazonaws.com/rtofs.20241205/rtofs_glo_3dz_f006_6hrly_hvr_US_east.nc
ARGO_GDAC,pfl,aoml/4903279/profiles/D4903279_328.nc|2024-12-10T03:25:08Z|26.48639|-87.80253,aoml/4903279/profiles/D4903279_328.nc,4903279,4903279,26.48639,-87.80253,2024-12-10T03:25:08Z,20241210,2024,1011,1.04,2011.96,165.0522,True,False,True,https://noaa-nws-rtofs-pds.s3.amazonaws.com/rtofs.20241210/rtofs_glo_3dz_f006_6hrly_hvr_US_east.nc
ARGO_GDAC,pfl,aoml/4903279/profiles/D4903279_328.nc|2024-12-10T03:25:08Z|26.48639|-87.80253,aoml/4903279/profiles/D4903279_328.nc,4903279,4903279,26.48639,-87.80253,2024-12-10T03:25:08Z,20241210,2024,670,0.64,99.92,,False,False,True,https://noaa-nws-rtofs-pds.s3.amazonaws.com/rtofs.20241210/rtofs_glo_3dz_f006_6hrly_hvr_US_east.nc
ARGO_GDAC,pfl,aoml/4903279/profiles/D4903279_329.nc|2024-12-15T02:50:15Z|26.69037|-87.78680,aoml/4903279/profiles/D4903279_329.nc,4903279,4903279,26.69037,-87.7868,2024-12-15T02:50:15Z,20241215,2024,1009,1.08,2007.84,154.7312,True,False,True,https://noaa-nws-rtofs-pds.s3.amazonaws.com/rtofs.20241215/rtofs_glo_3dz_f006_6hrly_hvr_US_east.nc
ARGO_GDAC,pfl,aoml/4903279/profiles/D4903279_329.nc|2024-12-15T02:50:15Z|26.69037|-87.78680,aoml/4903279/profiles/D4903279_329.nc,4903279,4903279,26.69037,-87.7868,2024-12-15T02:50:15Z,20241215,2024,687,0.72,99.88,,False,False,True,https://noaa-nws-rtofs-pds.s3.amazonaws.com/rtofs.20241215/rtofs_glo_3dz_f006_6hrly_hvr_US_east.nc
ARGO_GDAC,pfl,aoml/4903279/profiles/D4903279_330.nc|2024-12-20T02:21:44Z|26.83861|-87.37622,aoml/4903279/profiles/D4903279_330.nc,4903279,4903279,26.83861,-87.37622,2024-12-20T02:21:44Z,20241220,2024,1013,0.96,2017.0,103.6527,True,False,True,https://noaa-nws-rtofs-pds.s3.amazonaws.com/rtofs.20241220/rtofs_glo_3dz_f006_6hrly_hvr_US_east.nc
ARGO_GDAC,pfl,aoml/4903279/profiles/D4903279_330.nc|2024-12-20T02:21:44Z|26.83861|-87.37622,aoml/4903279/profiles/D4903279_330.nc,4903279,4903279,26.83861,-87.37622,2024-12-20T02:21:44Z,20241220,2024,721,0.56,99.96,,False,False,True,https://noaa-nws-rtofs-pds.s3.amazonaws.com/rtofs.20241220/rtofs_glo_3dz_f006_6hrly_hvr_US_east.nc
ARGO_GDAC,pfl,aoml/4903279/profiles/D4903279_331.nc|2024-12-25T01:51:06Z|26.75424|-86.89735,aoml/4903279/profiles/D4903279_331.nc,4903279,4903279,26.75424,-86.89735,2024-12-25T01:51:06Z,20241225,2024,1011,0.96,2012.96,96.6435,True,True,True,https://noaa-nws-rtofs-pds.s3.amazonaws.com/rtofs.20241225/rtofs_glo_3dz_f006_6hrly_hvr_US_east.nc
ARGO_GDAC,pfl,aoml/4903279/profiles/D4903279_331.nc|2024-12-25T01:51:06Z|26.75424|-86.89735,aoml/4903279/profiles/D4903279_331.nc,4903279,4903279,26.75424,-86.89735,2024-12-25T01:51:06Z,20241225,2024,856,0.6,99.88,97.1599,True,True,True,https://noaa-nws-rtofs-pds.s3.amazonaws.com/rtofs.20241225/rtofs_glo_3dz_f006_6hrly_hvr_US_east.nc
ARGO_GDAC,pfl,aoml/4903279/profiles/D4903279_332.nc|2024-12-30T01:20:55Z|27.00772|-86.74049,aoml/4903279/profiles/D4903279_332.nc,4903279,4903279,27.00772,-86.74049,2024-12-30T01:20:55Z,20241230,2024,1014,1.04,2018.0,42.8632,True,True,True,https://noaa-nws-rtofs-pds.s3.amazonaws.com/rtofs.20241230/rtofs_glo_3dz_f006_6hrly_hvr_US_east.nc
ARGO_GDAC,pfl,aoml/4903279/profiles/D4903279_332.nc|2024-12-30T01:20:55Z|27.00772|-86.74049,aoml/4903279/profiles/D4903279_332.nc,4903279,4903279,27.00772,-86.74049,2024-12-30T01:20:55Z,20241230,2024,878,0.6,99.92,42.2799,True,True,True,https://noaa-nws-rtofs-pds.s3.amazonaws.com/rtofs.20241230/rtofs_glo_3dz_f006_6hrly_hvr_US_east.nc
ARGO_GDAC,pfl,aoml/4903279/profiles/D4903279_333.nc|2025-01-04T00:50:33Z|27.31379|-87.06710,aoml/4903279/profiles/D4903279_333.nc,4903279,4903279,27.31379,-87.0671,2025-01-04T00:50:33Z,20250104,2025,1012,0.48,2011.48,92.6835,True,True,True,https://noaa-nws-rtofs-pds.s3.amazonaws.com/rtofs.20250104/rtofs_glo_3dz_f006_6hrly_hvr_US_east.nc
ARGO_GDAC,pfl,aoml/4903279/profiles/D4903279_333.nc|2025-01-04T00:50:33Z|27.31379|-87.06710,aoml/4903279/profiles/D4903279_333.nc,4903279,4903279,27.31379,-87.0671,2025-01-04T00:50:33Z,20250104,2025,772,0.48,99.88,93.168,True,True,True,https://noaa-nws-rtofs-pds.s3.amazonaws.com/rtofs.20250104/rtofs_glo_3dz_f006_6hrly_hvr_US_east.nc
ARGO_GDAC,pfl,aoml/4903279/profiles/D4903279_334.nc|2025-01-09T00:19:02Z|27.26160|-87.22276,aoml/4903279/profiles/D4903279_334.nc,4903279,4903279,27.2616,-87.22276,2025-01-09T00:19:02Z,20250109,2025,1011,1.0,2012.8,88.0763,True,True,True,https://noaa-nws-rtofs-pds.s3.amazonaws.com/rtofs.20250109/rtofs_glo_3dz_f006_6hrly_hvr_US_east.nc
ARGO_GDAC,pfl,aoml/4903279/profiles/D4903279_334.nc|2025-01-09T00:19:02Z|27.26160|-87.22276,aoml/4903279/profiles/D4903279_334.nc,4903279,4903279,27.2616,-87.22276,2025-01-09T00:19:02Z,20250109,2025,866,0.52,99.96,88.43,True,True,True,https://noaa-nws-rtofs-pds.s3.amazonaws.com/rtofs.20250109/rtofs_glo_3dz_f006_6hrly_hvr_US_east.nc
ARGO_GDAC,pfl,aoml/4903279/profiles/D4903279_335.nc|2025-01-13T23:43:38Z|27.30672|-87.14309,aoml/4903279/profiles/D4903279_335.nc,4903279,4903279,27.30672,-87.14309,2025-01-13T23:43:38Z,20250113,2025,1014,0.44,2015.32,79.0309,True,True,True,https://noaa-nws-rtofs-pds.s3.amazonaws.com/rtofs.20250113/rtofs_glo_3dz_f006_6hrly_hvr_US_east.nc
ARGO_GDAC,pfl,aoml/4903279/profiles/D4903279_335.nc|2025-01-13T23:43:38Z|27.30672|-87.14309,aoml/4903279/profiles/D4903279_335.nc,4903279,4903279,27.30672,-87.14309,2025-01-13T23:43:38Z,20250113,2025,821,0.44,99.96,79.4723,True,True,True,https://noaa-nws-rtofs-pds.s3.amazonaws.com/rtofs.20250113/rtofs_glo_3dz_f006_6hrly_hvr_US_east.nc
ARGO_GDAC,pfl,aoml/4903279/profiles/D4903279_336.nc|2025-01-18T23:02:50Z|27.37348|-86.93434,aoml/4903279/profiles/D4903279_336.nc,4903279,4903279,27.37348,-86.93434,2025-01-18T23:02:50Z,20250118,2025,1010,0.44,2008.76,96.8383,True,True,True,https://noaa-nws-rtofs-pds.s3.amazonaws.com/rtofs.20250118/rtofs_glo_3dz_f006_6hrly_hvr_US_east.nc
ARGO_GDAC,pfl,aoml/4903279/profiles/D4903279_336.nc|2025-01-18T23:02:50Z|27.37348|-86.93434,aoml/4903279/profiles/D4903279_336.nc,4903279,4903279,27.37348,-86.93434,2025-01-18T23:02:50Z,20250118,2025,776,0.44,99.92,97.6287,True,True,True,https://noaa-nws-rtofs-pds.s3.amazonaws.com/rtofs.20250118/rtofs_glo_3dz_f006_6hrly_hvr_US_east.nc
ARGO_GDAC,pfl,aoml/4903279/profiles/D4903279_337.nc|2025-01-23T22:26:27Z|27.48752|-86.75503,aoml/4903279/profiles/D4903279_337.nc,4903279,4903279,27.48752,-86.75503,2025-01-23T22:26:27Z,20250123,2025,1010,0.36,2007.32,92.7984,True,True,True,https://noaa-nws-rtofs-pds.s3.amazonaws.com/rtofs.20250123/rtofs_glo_3dz_f006_6hrly_hvr_US_east.nc
ARGO_GDAC,pfl,aoml/4903279/profiles/D4903279_337.nc|2025-01-23T22:26:27Z|27.48752|-86.75503,aoml/4903279/profiles/D4903279_337.nc,4903279,4903279,27.48752,-86.75503,2025-01-23T22:26:27Z,20250123,2025,821,0.36,99.92,93.4921,True,True,True,https://noaa-nws-rtofs-pds.s3.amazonaws.com/rtofs.20250123/rtofs_glo_3dz_f006_6hrly_hvr_US_east.nc
ARGO_GDAC,pfl,aoml/4903279/profiles/D4903279_338.nc|2025-01-28T21:52:31Z|27.55425|-86.80156,aoml/4903279/profiles/D4903279_338.nc,4903279,4903279,27.55425,-86.80156,2025-01-28T21:52:31Z,20250128,2025,1008,1.0,2006.52,69.0723,True,True,True,https://noaa-nws-rtofs-pds.s3.amazonaws.com/rtofs.20250128/rtofs_glo_3dz_f006_6hrly_hvr_US_east.nc
ARGO_GDAC,pfl,aoml/4903279/profiles/D4903279_338.nc|2025-01-28T21:52:31Z|27.55425|-86.80156,aoml/4903279/profiles/D4903279_338.nc,4903279,4903279,27.55425,-86.80156,2025-01-28T21:52:31Z,20250128,2025,701,0.6,99.84,69.3067,True,True,True,https://noaa-nws-rtofs-pds.s3.amazonaws.com/rtofs.20250128/rtofs_glo_3dz_f006_6hrly_hvr_US_east.nc
ARGO_GDAC,pfl,aoml/4903279/profiles/D4903279_339.nc|2025-02-02T21:11:42Z|27.50709|-86.95652,aoml/4903279/profiles/D4903279_339.nc,4903279,4903279,27.50709,-86.95652,2025-02-02T21:11:42Z,20250202,2025,1011,1.0,2012.88,28.7757,True,True,True,https://noaa-nws-rtofs-pds.s3.amazonaws.com/rtofs.20250202/rtofs_glo_3dz_f006_6hrly_hvr_US_east.nc
ARGO_GDAC,pfl,aoml/4903279/profiles/D4903279_339.nc|2025-02-02T21:11:42Z|27.50709|-86.95652,aoml/4903279/profiles/D4903279_339.nc,4903279,4903279,27.50709,-86.95652,2025-02-02T21:11:42Z,20250202,2025,779,0.6,99.84,28.8052,True,True,True,https://noaa-nws-rtofs-pds.s3.amazonaws.com/rtofs.20250202/rtofs_glo_3dz_f006_6hrly_hvr_US_east.nc
ARGO_GDAC,pfl,aoml/4903279/profiles/D4903279_340.nc|2025-02-07T20:34:41Z|27.33307|-87.05320,aoml/4903279/profiles/D4903279_340.nc,4903279,4903279,27.33307,-87.0532,2025-02-07T20:34:41Z,20250207,2025,1011,0.96,2012.32,20.2769,True,True,True,https://noaa-nws-rtofs-pds.s3.amazonaws.com/rtofs.20250207/rtofs_glo_3dz_f006_6hrly_hvr_US_east.nc
ARGO_GDAC,pfl,aoml/4903279/profiles/D4903279_340.nc|2025-02-07T20:34:41Z|27.33307|-87.05320,aoml/4903279/profiles/D4903279_340.nc,4903279,4903279,27.33307,-87.0532,2025-02-07T20:34:41Z,20250207,2025,828,0.52,100.0,19.7279,True,True,True,https://noaa-nws-rtofs-pds.s3.amazonaws.com/rtofs.20250207/rtofs_glo_3dz_f006_6hrly_hvr_US_east.nc
ARGO_GDAC,pfl,aoml/4903279/profiles/D4903279_341.nc|2025-02-12T20:04:56Z|27.40219|-87.02303,aoml/4903279/profiles/D4903279_341.nc,4903279,4903279,27.40219,-87.02303,2025-02-12T20:04:56Z,20250212,2025,1010,0.96,2009.36,28.0384,True,True,True,https://noaa-nws-rtofs-pds.s3.amazonaws.com/rtofs.20250212/rtofs_glo_3dz_f006_6hrly_hvr_US_east.nc
ARGO_GDAC,pfl,aoml/4903279/profiles/D4903279_341.nc|2025-02-12T20:04:56Z|27.40219|-87.02303,aoml/4903279/profiles/D4903279_341.nc,4903279,4903279,27.40219,-87.02303,2025-02-12T20:04:56Z,20250212,2025,855,0.6,99.96,27.7257,True,True,True,https://noaa-nws-rtofs-pds.s3.amazonaws.com/rtofs.20250212/rtofs_glo_3dz_f006_6hrly_hvr_US_east.nc
ARGO_GDAC,pfl,aoml/4903279/profiles/D4903279_342.nc|2025-02-17T19:37:27Z|27.65391|-86.98770,aoml/4903279/profiles/D4903279_342.nc,4903279,4903279,27.65391,-86.9877,2025-02-17T19:37:27Z,20250217,2025,1014,1.0,2018.4,28.4645,True,True,True,https://noaa-nws-rtofs-pds.s3.amazonaws.com/rtofs.20250217/rtofs_glo_3dz_f006_6hrly_hvr_US_east.nc
ARGO_GDAC,pfl,aoml/4903279/profiles/D4903279_342.nc|2025-02-17T19:37:27Z|27.65391|-86.98770,aoml/4903279/profiles/D4903279_342.nc,4903279,4903279,27.65391,-86.9877,2025-02-17T19:37:27Z,20250217,2025,851,0.52,99.92,28.583,True,True,True,https://noaa-nws-rtofs-pds.s3.amazonaws.com/rtofs.20250217/rtofs_glo_3dz_f006_6hrly_hvr_US_east.nc
ARGO_GDAC,pfl,aoml/4903279/profiles/D4903279_343.nc|2025-02-22T19:10:32Z|27.68162|-87.09615,aoml/4903279/profiles/D4903279_343.nc,4903279,4903279,27.68162,-87.09615,2025-02-22T19:10:32Z,20250222,2025,1013,0.48,2015.28,37.6122,True,True,True,https://noaa-nws-rtofs-pds.s3.amazonaws.com/rtofs.20250222/rtofs_glo_3dz_f006_6hrly_hvr_US_east.nc
ARGO_GDAC,pfl,aoml/4903279/profiles/D4903279_343.nc|2025-02-22T19:10:32Z|27.68162|-87.09615,aoml/4903279/profiles/D4903279_343.nc,4903279,4903279,27.68162,-87.09615,2025-02-22T19:10:32Z,20250222,2025,841,0.48,99.92,37.4571,True,True,True,https://noaa-nws-rtofs-pds.s3.amazonaws.com/rtofs.20250222/rtofs_glo_3dz_f006_6hrly_hvr_US_east.nc
ARGO_GDAC,pfl,aoml/4903279/profiles/D4903279_344.nc|2025-02-27T18:37:51Z|27.53461|-87.16824,aoml/4903279/profiles/D4903279_344.nc,4903279,4903279,27.53461,-87.16824,2025-02-27T18:37:51Z,20250227,2025,1014,1.0,2017.88,48.954,True,True,True,https://noaa-nws-rtofs-pds.s3.amazonaws.com/rtofs.20250227/rtofs_glo_3dz_f006_6hrly_hvr_US_east.nc
ARGO_GDAC,pfl,aoml/4903279/profiles/D4903279_344.nc|2025-02-27T18:37:51Z|27.53461|-87.16824,aoml/4903279/profiles/D4903279_344.nc,4903279,4903279,27.53461,-87.16824,2025-02-27T18:37:51Z,20250227,2025,829,0.56,99.96,48.3401,True,True,True,https://noaa-nws-rtofs-pds.s3.amazonaws.com/rtofs.20250227/rtofs_glo_3dz_f006_6hrly_hvr_US_east.nc
ARGO_GDAC,pfl,aoml/4903279/profiles/D4903279_345.nc|2025-03-04T18:07:49Z|27.39512|-87.03950,aoml/4903279/profiles/D4903279_345.nc,4903279,4903279,27.39512,-87.0395,2025-03-04T18:07:49Z,20250304,2025,1008,0.88,2006.36,66.8297,True,True,True,https://noaa-nws-rtofs-pds.s3.amazonaws.com/rtofs.20250304/rtofs_glo_3dz_f006_6hrly_hvr_US_east.nc
ARGO_GDAC,pfl,aoml/4903279/profiles/D4903279_345.nc|2025-03-04T18:07:49Z|27.39512|-87.03950,aoml/4903279/profiles/D4903279_345.nc,4903279,4903279,27.39512,-87.0395,2025-03-04T18:07:49Z,20250304,2025,838,0.52,99.88,67.415,True,True,True,https://noaa-nws-rtofs-pds.s3.amazonaws.com/rtofs.20250304/rtofs_glo_3dz_f006_6hrly_hvr_US_east.nc
ARGO_GDAC,pfl,aoml/4903279/profiles/D4903279_346.nc|2025-03-09T17:41:46Z|27.32341|-86.95632,aoml/4903279/profiles/D4903279_346.nc,4903279,4903279,27.32341,-86.95632,2025-03-09T17:41:46Z,20250309,2025,1015,0.48,2018.6,11.661,True,True,True,https://noaa-nws-rtofs-pds.s3.amazonaws.com/rtofs.20250309/rtofs_glo_3dz_f006_6hrly_hvr_US_east.nc
ARGO_GDAC,pfl,aoml/4903279/profiles/D4903279_346.nc|2025-03-09T17:41:46Z|27.32341|-86.95632,aoml/4903279/profiles/D4903279_346.nc,4903279,4903279,27.32341,-86.95632,2025-03-09T17:41:46Z,20250309,2025,862,0.48,99.96,11.3782,True,True,True,https://noaa-nws-rtofs-pds.s3.amazonaws.com/rtofs.20250309/rtofs_glo_3dz_f006_6hrly_hvr_US_east.nc
ARGO_GDAC,pfl,aoml/4903279/profiles/D4903279_347.nc|2025-03-14T17:12:23Z|27.30246|-86.97875,aoml/4903279/profiles/D4903279_347.nc,4903279,4903279,27.30246,-86.97875,2025-03-14T17:12:23Z,20250314,2025,1014,0.44,2015.56,51.1093,True,True,True,https://noaa-nws-rtofs-pds.s3.amazonaws.com/rtofs.20250314/rtofs_glo_3dz_f006_6hrly_hvr_US_east.nc
ARGO_GDAC,pfl,aoml/4903279/profiles/D4903279_347.nc|2025-03-14T17:12:23Z|27.30246|-86.97875,aoml/4903279/profiles/D4903279_347.nc,4903279,4903279,27.30246,-86.97875,2025-03-14T17:12:23Z,20250314,2025,795,0.44,99.88,50.5182,True,True,True,https://noaa-nws-rtofs-pds.s3.amazonaws.com/rtofs.20250314/rtofs_glo_3dz_f006_6hrly_hvr_US_east.nc
ARGO_GDAC,pfl,aoml/4903279/profiles/D4903279_348.nc|2025-03-19T16:41:03Z|27.35156|-87.00192,aoml/4903279/profiles/D4903279_348.nc,4903279,4903279,27.35156,-87.00192,2025-03-19T16:41:03Z,20250319,2025,1012,0.44,2013.16,71.6254,True,True,True,https://noaa-nws-rtofs-pds.s3.amazonaws.com/rtofs.20250319/rtofs_glo_3dz_f006_6hrly_hvr_US_east.nc
ARGO_GDAC,pfl,aoml/4903279/profiles/D4903279_348.nc|2025-03-19T16:41:03Z|27.35156|-87.00192,aoml/4903279/profiles/D4903279_348.nc,4903279,4903279,27.35156,-87.00192,2025-03-19T16:41:03Z,20250319,2025,678,0.44,100.0,71.96,True,True,True,https://noaa-nws-rtofs-pds.s3.amazonaws.com/rtofs.20250319/rtofs_glo_3dz_f006_6hrly_hvr_US_east.nc
ARGO_GDAC,pfl,aoml/4903279/profiles/D4903279_349.nc|2025-03-24T16:09:44Z|27.38565|-87.07857,aoml/4903279/profiles/D4903279_349.nc,4903279,4903279,27.38565,-87.07857,2025-03-24T16:09:44Z,20250324,2025,1014,1.04,2017.84,42.2661,True,True,True,https://noaa-nws-rtofs-pds.s3.amazonaws.com/rtofs.20250324/rtofs_glo_3dz_f006_6hrly_hvr_US_east.nc
ARGO_GDAC,pfl,aoml/4903279/profiles/D4903279_349.nc|2025-03-24T16:09:44Z|27.38565|-87.07857,aoml/4903279/profiles/D4903279_349.nc,4903279,4903279,27.38565,-87.07857,2025-03-24T16:09:44Z,20250324,2025,853,0.64,99.92,42.4396,True,True,True,https://noaa-nws-rtofs-pds.s3.amazonaws.com/rtofs.20250324/rtofs_glo_3dz_f006_6hrly_hvr_US_east.nc
ARGO_GDAC,pfl,aoml/4903279/profiles/D4903279_350.nc|2025-03-29T15:38:00Z|27.41361|-87.21493,aoml/4903279/profiles/D4903279_350.nc,4903279,4903279,27.41361,-87.21493,2025-03-29T15:38:00Z,20250329,2025,1011,1.08,2012.32,24.283,True,True,True,https://noaa-nws-rtofs-pds.s3.amazonaws.com/rtofs.20250329/rtofs_glo_3dz_f006_6hrly_hvr_US_east.nc
ARGO_GDAC,pfl,aoml/4903279/profiles/D4903279_350.nc|2025-03-29T15:38:00Z|27.41361|-87.21493,aoml/4903279/profiles/D4903279_350.nc,4903279,4903279,27.41361,-87.21493,2025-03-29T15:38:00Z,20250329,2025,837,0.68,100.0,25.2636,True,True,True,https://noaa-nws-rtofs-pds.s3.amazonaws.com/rtofs.20250329/rtofs_glo_3dz_f006_6hrly_hvr_US_east.nc
ARGO_GDAC,pfl,aoml/4903279/profiles/D4903279_351.nc|2025-04-03T15:07:05Z|27.38621|-87.42803,aoml/4903279/profiles/D4903279_351.nc,4903279,4903279,27.38621,-87.42803,2025-04-03T15:07:05Z,20250403,2025,1010,1.0,2010.72,16.1154,True,True,True,https://noaa-nws-rtofs-pds.s3.amazonaws.com/rtofs.20250403/rtofs_glo_3dz_f006_6hrly_hvr_US_east.nc
ARGO_GDAC,pfl,aoml/4903279/profiles/D4903279_351.nc|2025-04-03T15:07:05Z|27.38621|-87.42803,aoml/4903279/profiles/D4903279_351.nc,4903279,4903279,27.38621,-87.42803,2025-04-03T15:07:05Z,20250403,2025,875,0.6,100.0,16.442,True,True,True,https://noaa-nws-rtofs-pds.s3.amazonaws.com/rtofs.20250403/rtofs_glo_3dz_f006_6hrly_hvr_US_east.nc
ARGO_GDAC,pfl,aoml/4903279/profiles/D4903279_352.nc|2025-04-08T14:36:42Z|27.34802|-87.54338,aoml/4903279/profiles/D4903279_352.nc,4903279,4903279,27.34802,-87.54338,2025-04-08T14:36:42Z,20250408,2025,1013,0.96,2016.16,38.917,True,True,True,https://noaa-nws-rtofs-pds.s3.amazonaws.com/rtofs.20250408/rtofs_glo_3dz_f006_6hrly_hvr_US_east.nc
ARGO_GDAC,pfl,aoml/4903279/profiles/D4903279_352.nc|2025-04-08T14:36:42Z|27.34802|-87.54338,aoml/4903279/profiles/D4903279_352.nc,4903279,4903279,27.34802,-87.54338,2025-04-08T14:36:42Z,20250408,2025,875,0.52,99.96,38.9138,True,True,True,https://noaa-nws-rtofs-pds.s3.amazonaws.com/rtofs.20250408/rtofs_glo_3dz_f006_6hrly_hvr_US_east.nc
ARGO_GDAC,pfl,aoml/4903279/profiles/D4903279_353.nc|2025-04-13T14:12:57Z|27.12946|-87.75800,aoml/4903279/profiles/D4903279_353.nc,4903279,4903279,27.12946,-87.758,2025-04-13T14:12:57Z,20250413,2025,1013,1.0,2016.88,44.5925,True,True,True,https://noaa-nws-rtofs-pds.s3.amazonaws.com/rtofs.20250413/rtofs_glo_3dz_f006_6hrly_hvr_US_east.nc
ARGO_GDAC,pfl,aoml/4903279/profiles/D4903279_353.nc|2025-04-13T14:12:57Z|27.12946|-87.75800,aoml/4903279/profiles/D4903279_353.nc,4903279,4903279,27.12946,-87.758,2025-04-13T14:12:57Z,20250413,2025,818,0.6,99.88,44.5645,True,True,True,https://noaa-nws-rtofs-pds.s3.amazonaws.com/rtofs.20250413/rtofs_glo_3dz_f006_6hrly_hvr_US_east.nc
ARGO_GDAC,pfl,aoml/4903279/profiles/D4903279_354.nc|2025-04-18T13:28:29Z|26.75662|-87.85975,aoml/4903279/profiles/D4903279_354.nc,4903279,4903279,26.75662,-87.85975,2025-04-18T13:28:29Z,20250418,2025,1010,0.96,2010.48,44.7299,True,True,True,https://noaa-nws-rtofs-pds.s3.amazonaws.com/rtofs.20250418/rtofs_glo_3dz_f006_6hrly_hvr_US_east.nc
ARGO_GDAC,pfl,aoml/4903279/profiles/D4903279_354.nc|2025-04-18T13:28:29Z|26.75662|-87.85975,aoml/4903279/profiles/D4903279_354.nc,4903279,4903279,26.75662,-87.85975,2025-04-18T13:28:29Z,20250418,2025,903,0.52,99.92,44.5133,True,True,True,https://noaa-nws-rtofs-pds.s3.amazonaws.com/rtofs.20250418/rtofs_glo_3dz_f006_6hrly_hvr_US_east.nc
ARGO_GDAC,pfl,aoml/4903279/profiles/D4903279_355.nc|2025-04-23T12:56:04Z|26.32368|-88.17747,aoml/4903279/profiles/D4903279_355.nc,4903279,4903279,26.32368,-88.17747,2025-04-23T12:56:04Z,20250423,2025,1011,1.08,2013.2,20.3449,True,True,True,https://noaa-nws-rtofs-pds.s3.amazonaws.com/rtofs.20250423/rtofs_glo_3dz_f006_6hrly_hvr_US_east.nc
ARGO_GDAC,pfl,aoml/4903279/profiles/D4903279_355.nc|2025-04-23T12:56:04Z|26.32368|-88.17747,aoml/4903279/profiles/D4903279_355.nc,4903279,4903279,26.32368,-88.17747,2025-04-23T12:56:04Z,20250423,2025,918,0.68,99.96,20.6142,True,True,True,https://noaa-nws-rtofs-pds.s3.amazonaws.com/rtofs.20250423/rtofs_glo_3dz_f006_6hrly_hvr_US_east.nc
ARGO_GDAC,pfl,aoml/4903279/profiles/D4903279_356.nc|2025-04-28T12:20:27Z|26.61532|-88.80051,aoml/4903279/profiles/D4903279_356.nc,4903279,4903279,26.61532,-88.80051,2025-04-28T12:20:27Z,20250428,2025,1011,0.96,2011.96,21.2648,True,True,True,https://noaa-nws-rtofs-pds.s3.amazonaws.com/rtofs.20250428/rtofs_glo_3dz_f006_6hrly_hvr_US_east.nc
ARGO_GDAC,pfl,aoml/4903279/profiles/D4903279_356.nc|2025-04-28T12:20:27Z|26.61532|-88.80051,aoml/4903279/profiles/D4903279_356.nc,4903279,4903279,26.61532,-88.80051,2025-04-28T12:20:27Z,20250428,2025,869,0.6,99.92,21.3273,True,True,True,https://noaa-nws-rtofs-pds.s3.amazonaws.com/rtofs.20250428/rtofs_glo_3dz_f006_6hrly_hvr_US_east.nc
ARGO_GDAC,pfl,aoml/4903279/profiles/D4903279_357.nc|2025-05-03T11:43:59Z|26.65671|-88.33722,aoml/4903279/profiles/D4903279_357.nc,4903279,4903279,26.65671,-88.33722,2025-05-03T11:43:59Z,20250503,2025,1014,0.96,2018.44,23.0412,True,True,True,https://noaa-nws-rtofs-pds.s3.amazonaws.com/rtofs.20250503/rtofs_glo_3dz_f006_6hrly_hvr_US_east.nc
ARGO_GDAC,pfl,aoml/4903279/profiles/D4903279_357.nc|2025-05-03T11:43:59Z|26.65671|-88.33722,aoml/4903279/profiles/D4903279_357.nc,4903279,4903279,26.65671,-88.33722,2025-05-03T11:43:59Z,20250503,2025,875,0.56,99.92,23.1325,True,True,True,https://noaa-nws-rtofs-pds.s3.amazonaws.com/rtofs.20250503/rtofs_glo_3dz_f006_6hrly_hvr_US_east.nc
ARGO_GDAC,pfl,aoml/4903279/profiles/D4903279_358.nc|2025-05-08T11:07:18Z|27.18885|-88.32140,aoml/4903279/profiles/D4903279_358.nc,4903279,4903279,27.18885,-88.3214,2025-05-08T11:07:18Z,20250508,2025,1009,1.04,2007.64,17.6636,True,True,True,https://noaa-nws-rtofs-pds.s3.amazonaws.com/rtofs.20250508/rtofs_glo_3dz_f006_6hrly_hvr_US_east.nc
ARGO_GDAC,pfl,aoml/4903279/profiles/D4903279_358.nc|2025-05-08T11:07:18Z|27.18885|-88.32140,aoml/4903279/profiles/D4903279_358.nc,4903279,4903279,27.18885,-88.3214,2025-05-08T11:07:18Z,20250508,2025,841,0.6,99.92,17.7892,True,True,True,https://noaa-nws-rtofs-pds.s3.amazonaws.com/rtofs.20250508/rtofs_glo_3dz_f006_6hrly_hvr_US_east.nc
ARGO_GDAC,pfl,aoml/4903279/profiles/D4903279_359.nc|2025-05-13T10:19:01Z|26.99007|-89.11349,aoml/4903279/profiles/D4903279_359.nc,4903279,4903279,26.99007,-89.11349,2025-05-13T10:19:01Z,20250513,2025,1010,1.0,2010.76,27.3614,True,True,True,https://noaa-nws-rtofs-pds.s3.amazonaws.com/rtofs.20250513/rtofs_glo_3dz_f006_6hrly_hvr_US_east.nc
ARGO_GDAC,pfl,aoml/4903279/profiles/D4903279_359.nc|2025-05-13T10:19:01Z|26.99007|-89.11349,aoml/4903279/profiles/D4903279_359.nc,4903279,4903279,26.99007,-89.11349,2025-05-13T10:19:01Z,20250513,2025,875,0.64,99.88,28.3426,True,True,True,https://noaa-nws-rtofs-pds.s3.amazonaws.com/rtofs.20250513/rtofs_glo_3dz_f006_6hrly_hvr_US_east.nc
ARGO_GDAC,pfl,aoml/4903279/profiles/D4903279_360.nc|2025-05-18T09:48:53Z|27.26171|-89.35959,aoml/4903279/profiles/D4903279_360.nc,4903279,4903279,27.26171,-89.35959,2025-05-18T09:48:53Z,20250518,2025,1012,1.04,2014.04,19.6139,True,True,True,https://noaa-nws-rtofs-pds.s3.amazonaws.com/rtofs.20250518/rtofs_glo_3dz_f006_6hrly_hvr_US_east.nc
ARGO_GDAC,pfl,aoml/4903279/profiles/D4903279_360.nc|2025-05-18T09:48:53Z|27.26171|-89.35959,aoml/4903279/profiles/D4903279_360.nc,4903279,4903279,27.26171,-89.35959,2025-05-18T09:48:53Z,20250518,2025,913,0.72,99.88,19.4134,True,True,True,https://noaa-nws-rtofs-pds.s3.amazonaws.com/rtofs.20250518/rtofs_glo_3dz_f006_6hrly_hvr_US_east.nc
ARGO_GDAC,pfl,aoml/4903279/profiles/D4903279_361.nc|2025-05-23T09:22:04Z|27.04660|-89.09418,aoml/4903279/profiles/D4903279_361.nc,4903279,4903279,27.0466,-89.09418,2025-05-23T09:22:04Z,20250523,2025,1011,1.04,2012.0,12.2285,True,True,True,https://noaa-nws-rtofs-pds.s3.amazonaws.com/rtofs.20250523/rtofs_glo_3dz_f006_6hrly_hvr_US_east.nc
ARGO_GDAC,pfl,aoml/4903279/profiles/D4903279_361.nc|2025-05-23T09:22:04Z|27.04660|-89.09418,aoml/4903279/profiles/D4903279_361.nc,4903279,4903279,27.0466,-89.09418,2025-05-23T09:22:04Z,20250523,2025,914,0.64,99.92,12.1169,True,True,True,https://noaa-nws-rtofs-pds.s3.amazonaws.com/rtofs.20250523/rtofs_glo_3dz_f006_6hrly_hvr_US_east.nc
ARGO_GDAC,pfl,aoml/4903279/profiles/D4903279_362.nc|2025-05-28T08:43:08Z|26.70662|-88.55312,aoml/4903279/profiles/D4903279_362.nc,4903279,4903279,26.70662,-88.55312,2025-05-28T08:43:08Z,20250528,2025,1009,1.04,2007.84,12.9264,True,True,True,https://noaa-nws-rtofs-pds.s3.amazonaws.com/rtofs.20250528/rtofs_glo_3dz_f006_6hrly_hvr_US_east.nc
ARGO_GDAC,pfl,aoml/4903279/profiles/D4903279_362.nc|2025-05-28T08:43:08Z|26.70662|-88.55312,aoml/4903279/profiles/D4903279_362.nc,4903279,4903279,26.70662,-88.55312,2025-05-28T08:43:08Z,20250528,2025,939,0.64,99.96,13.5829,True,True,True,https://noaa-nws-rtofs-pds.s3.amazonaws.com/rtofs.20250528/rtofs_glo_3dz_f006_6hrly_hvr_US_east.nc
ARGO_GDAC,pfl,aoml/4903279/profiles/D4903279_363.nc|2025-06-02T08:08:40Z|26.64555|-88.83808,aoml/4903279/profiles/D4903279_363.nc,4903279,4903279,26.64555,-88.83808,2025-06-02T08:08:40Z,20250602,2025,1012,1.04,2014.56,11.3923,True,True,True,https://noaa-nws-rtofs-pds.s3.amazonaws.com/rtofs.20250602/rtofs_glo_3dz_f006_6hrly_hvr_US_east.nc
ARGO_GDAC,pfl,aoml/4903279/profiles/D4903279_363.nc|2025-06-02T08:08:40Z|26.64555|-88.83808,aoml/4903279/profiles/D4903279_363.nc,4903279,4903279,26.64555,-88.83808,2025-06-02T08:08:40Z,20250602,2025,925,0.6,99.96,11.458,True,True,True,https://noaa-nws-rtofs-pds.s3.amazonaws.com/rtofs.20250602/rtofs_glo_3dz_f006_6hrly_hvr_US_east.nc
ARGO_GDAC,pfl,aoml/4903279/profiles/D4903279_364.nc|2025-06-07T07:41:11Z|26.77116|-89.11870,aoml/4903279/profiles/D4903279_364.nc,4903279,4903279,26.77116,-89.1187,2025-06-07T07:41:11Z,20250607,2025,1015,1.04,2019.52,12.3678,True,True,True,https://noaa-nws-rtofs-pds.s3.amazonaws.com/rtofs.20250607/rtofs_glo_3dz_f006_6hrly_hvr_US_east.nc
ARGO_GDAC,pfl,aoml/4903279/profiles/D4903279_364.nc|2025-06-07T07:41:11Z|26.77116|-89.11870,aoml/4903279/profiles/D4903279_364.nc,4903279,4903279,26.77116,-89.1187,2025-06-07T07:41:11Z,20250607,2025,896,0.64,99.96,12.0669,True,True,True,https://noaa-nws-rtofs-pds.s3.amazonaws.com/rtofs.20250607/rtofs_glo_3dz_f006_6hrly_hvr_US_east.nc
ARGO_GDAC,pfl,aoml/4903279/profiles/D4903279_365.nc|2025-06-12T07:11:43Z|26.90884|-89.54385,aoml/4903279/profiles/D4903279_365.nc,4903279,4903279,26.90884,-89.54385,2025-06-12T07:11:43Z,20250612,2025,1008,1.0,2006.64,14.6806,True,True,True,https://noaa-nws-rtofs-pds.s3.amazonaws.com/rtofs.20250612/rtofs_glo_3dz_f006_6hrly_hvr_US_east.nc
ARGO_GDAC,pfl,aoml/4903279/profiles/D4903279_365.nc|2025-06-12T07:11:43Z|26.90884|-89.54385,aoml/4903279/profiles/D4903279_365.nc,4903279,4903279,26.90884,-89.54385,2025-06-12T07:11:43Z,20250612,2025,916,0.6,99.88,15.1506,True,True,True,https://noaa-nws-rtofs-pds.s3.amazonaws.com/rtofs.20250612/rtofs_glo_3dz_f006_6hrly_hvr_US_east.nc
ARGO_GDAC,pfl,aoml/4903279/profiles/D4903279_366.nc|2025-06-17T06:43:28Z|26.67529|-90.10177,aoml/4903279/profiles/D4903279_366.nc,4903279,4903279,26.67529,-90.10177,2025-06-17T06:43:28Z,20250617,2025,1013,0.96,2015.6,13.7465,True,True,True,https://noaa-nws-rtofs-pds.s3.amazonaws.com/rtofs.20250617/rtofs_glo_3dz_f006_6hrly_hvr_US_east.nc
ARGO_GDAC,pfl,aoml/4903279/profiles/D4903279_366.nc|2025-06-17T06:43:28Z|26.67529|-90.10177,aoml/4903279/profiles/D4903279_366.nc,4903279,4903279,26.67529,-90.10177,2025-06-17T06:43:28Z,20250617,2025,900,0.6,99.92,14.0117,True,True,True,https://noaa-nws-rtofs-pds.s3.amazonaws.com/rtofs.20250617/rtofs_glo_3dz_f006_6hrly_hvr_US_east.nc
ARGO_GDAC,pfl,aoml/4903279/profiles/D4903279_367.nc|2025-06-22T06:11:50Z|26.77904|-89.79554,aoml/4903279/profiles/D4903279_367.nc,4903279,4903279,26.77904,-89.79554,2025-06-22T06:11:50Z,20250622,2025,1011,1.12,2012.96,12.9406,True,True,True,https://noaa-nws-rtofs-pds.s3.amazonaws.com/rtofs.20250622/rtofs_glo_3dz_f006_6hrly_hvr_US_east.nc
ARGO_GDAC,pfl,aoml/4903279/profiles/D4903279_367.nc|2025-06-22T06:11:50Z|26.77904|-89.79554,aoml/4903279/profiles/D4903279_367.nc,4903279,4903279,26.77904,-89.79554,2025-06-22T06:11:50Z,20250622,2025,957,0.84,100.0,13.4185,True,True,True,https://noaa-nws-rtofs-pds.s3.amazonaws.com/rtofs.20250622/rtofs_glo_3dz_f006_6hrly_hvr_US_east.nc
ARGO_GDAC,pfl,aoml/4903279/profiles/D4903279_368.nc|2025-06-27T05:33:00Z|27.01587|-89.67929,aoml/4903279/profiles/D4903279_368.nc,4903279,4903279,27.01587,-89.67929,2025-06-27T05:33:00Z,20250627,2025,1009,0.48,2007.2,24.8848,True,True,True,https://noaa-nws-rtofs-pds.s3.amazonaws.com/rtofs.20250627/rtofs_glo_3dz_f006_6hrly_hvr_US_east.nc
ARGO_GDAC,pfl,aoml/4903279/profiles/D4903279_368.nc|2025-06-27T05:33:00Z|27.01587|-89.67929,aoml/4903279/profiles/D4903279_368.nc,4903279,4903279,27.01587,-89.67929,2025-06-27T05:33:00Z,20250627,2025,889,0.48,99.92,25.6892,True,True,True,https://noaa-nws-rtofs-pds.s3.amazonaws.com/rtofs.20250627/rtofs_glo_3dz_f006_6hrly_hvr_US_east.nc
ARGO_GDAC,pfl,aoml/4903279/profiles/D4903279_369.nc|2025-07-02T05:06:20Z|26.75164|-89.65030,aoml/4903279/profiles/D4903279_369.nc,4903279,4903279,26.75164,-89.6503,2025-07-02T05:06:20Z,20250702,2025,1011,1.0,2011.44,22.3929,True,True,True,https://noaa-nws-rtofs-pds.s3.amazonaws.com/rtofs.20250702/rtofs_glo_3dz_f006_6hrly_hvr_US_east.nc
ARGO_GDAC,pfl,aoml/4903279/profiles/D4903279_369.nc|2025-07-02T05:06:20Z|26.75164|-89.65030,aoml/4903279/profiles/D4903279_369.nc,4903279,4903279,26.75164,-89.6503,2025-07-02T05:06:20Z,20250702,2025,931,0.56,99.96,23.145,True,True,True,https://noaa-nws-rtofs-pds.s3.amazonaws.com/rtofs.20250702/rtofs_glo_3dz_f006_6hrly_hvr_US_east.nc
ARGO_GDAC,pfl,aoml/4903279/profiles/D4903279_370.nc|2025-07-07T04:52:45Z|26.75928|-89.34711,aoml/4903279/profiles/D4903279_370.nc,4903279,4903279,26.75928,-89.34711,2025-07-07T04:52:45Z,20250707,2025,1015,1.08,2019.28,19.398,True,True,True,https://noaa-nws-rtofs-pds.s3.amazonaws.com/rtofs.20250707/rtofs_glo_3dz_f006_6hrly_hvr_US_east.nc
ARGO_GDAC,pfl,aoml/4903279/profiles/D4903279_370.nc|2025-07-07T04:52:45Z|26.75928|-89.34711,aoml/4903279/profiles/D4903279_370.nc,4903279,4903279,26.75928,-89.34711,2025-07-07T04:52:45Z,20250707,2025,957,0.72,100.0,19.8075,True,True,True,https://noaa-nws-rtofs-pds.s3.amazonaws.com/rtofs.20250707/rtofs_glo_3dz_f006_6hrly_hvr_US_east.nc
ARGO_GDAC,pfl,aoml/4903279/profiles/D4903279_371.nc|2025-07-12T04:20:22Z|27.01526|-89.84529,aoml/4903279/profiles/D4903279_371.nc,4903279,4903279,27.01526,-89.84529,2025-07-12T04:20:22Z,20250712,2025,1007,2.32,2007.16,19.6631,True,True,True,https://noaa-nws-rtofs-pds.s3.amazonaws.com/rtofs.20250712/rtofs_glo_3dz_f006_6hrly_hvr_US_east.nc
ARGO_GDAC,pfl,aoml/4903279/profiles/D4903279_371.nc|2025-07-12T04:20:22Z|27.01526|-89.84529,aoml/4903279/profiles/D4903279_371.nc,4903279,4903279,27.01526,-89.84529,2025-07-12T04:20:22Z,20250712,2025,1020,2.08,99.88,20.1055,True,True,True,https://noaa-nws-rtofs-pds.s3.amazonaws.com/rtofs.20250712/rtofs_glo_3dz_f006_6hrly_hvr_US_east.nc
ARGO_GDAC,pfl,aoml/4903279/profiles/D4903279_372.nc|2025-07-17T03:47:02Z|27.09871|-89.82476,aoml/4903279/profiles/D4903279_372.nc,4903279,4903279,27.09871,-89.82476,2025-07-17T03:47:02Z,20250717,2025,1009,1.24,2007.56,13.1871,True,True,True,https://noaa-nws-rtofs-pds.s3.amazonaws.com/rtofs.20250717/rtofs_glo_3dz_f006_6hrly_hvr_US_east.nc
ARGO_GDAC,pfl,aoml/4903279/profiles/D4903279_372.nc|2025-07-17T03:47:02Z|27.09871|-89.82476,aoml/4903279/profiles/D4903279_372.nc,4903279,4903279,27.09871,-89.82476,2025-07-17T03:47:02Z,20250717,2025,1005,1.04,99.88,13.4188,True,True,True,https://noaa-nws-rtofs-pds.s3.amazonaws.com/rtofs.20250717/rtofs_glo_3dz_f006_6hrly_hvr_US_east.nc
ARGO_GDAC,pfl,aoml/4903279/profiles/D4903279_373.nc|2025-07-22T03:15:35Z|26.91213|-89.98154,aoml/4903279/profiles/D4903279_373.nc,4903279,4903279,26.91213,-89.98154,2025-07-22T03:15:35Z,20250722,2025,1009,1.04,2009.04,20.0073,True,True,True,https://noaa-nws-rtofs-pds.s3.amazonaws.com/rtofs.20250722/rtofs_glo_3dz_f006_6hrly_hvr_US_east.nc
ARGO_GDAC,pfl,aoml/4903279/profiles/D4903279_373.nc|2025-07-22T03:15:35Z|26.91213|-89.98154,aoml/4903279/profiles/D4903279_373.nc,4903279,4903279,26.91213,-89.98154,2025-07-22T03:15:35Z,20250722,2025,944,0.72,99.96,20.1089,True,True,True,https://noaa-nws-rtofs-pds.s3.amazonaws.com/rtofs.20250722/rtofs_glo_3dz_f006_6hrly_hvr_US_east.nc
ARGO_GDAC,pfl,aoml/4903279/profiles/D4903279_374.nc|2025-07-27T02:53:49Z|26.77429|-90.36548,aoml/4903279/profiles/D4903279_374.nc,4903279,4903279,26.77429,-90.36548,2025-07-27T02:53:49Z,20250727,2025,1014,1.08,2019.12,15.3195,True,True,True,https://noaa-nws-rtofs-pds.s3.amazonaws.com/rtofs.20250727/rtofs_glo_3dz_f006_6hrly_hvr_US_east.nc
ARGO_GDAC,pfl,aoml/4903279/profiles/D4903279_374.nc|2025-07-27T02:53:49Z|26.77429|-90.36548,aoml/4903279/profiles/D4903279_374.nc,4903279,4903279,26.77429,-90.36548,2025-07-27T02:53:49Z,20250727,2025,936,0.72,100.0,15.595,True,True,True,https://noaa-nws-rtofs-pds.s3.amazonaws.com/rtofs.20250727/rtofs_glo_3dz_f006_6hrly_hvr_US_east.nc
ARGO_GDAC,pfl,aoml/4903279/profiles/D4903279_375.nc|2025-08-01T02:25:33Z|26.89652|-90.25953,aoml/4903279/profiles/D4903279_375.nc,4903279,4903279,26.89652,-90.25953,2025-08-01T02:25:33Z,20250801,2025,1013,1.08,2016.16,13.6912,True,True,True,https://noaa-nws-rtofs-pds.s3.amazonaws.com/rtofs.20250801/rtofs_glo_3dz_f006_6hrly_hvr_US_east.nc
ARGO_GDAC,pfl,aoml/4903279/profiles/D4903279_375.nc|2025-08-01T02:25:33Z|26.89652|-90.25953,aoml/4903279/profiles/D4903279_375.nc,4903279,4903279,26.89652,-90.25953,2025-08-01T02:25:33Z,20250801,2025,914,0.76,99.96,13.9733,True,True,True,https://noaa-nws-rtofs-pds.s3.amazonaws.com/rtofs.20250801/rtofs_glo_3dz_f006_6hrly_hvr_US_east.nc
ARGO_GDAC,pfl,aoml/4903279/profiles/D4903279_376.nc|2025-08-06T02:02:42Z|26.85300|-89.99965,aoml/4903279/profiles/D4903279_376.nc,4903279,4903279,26.853,-89.99965,2025-08-06T02:02:42Z,20250806,2025,1010,1.16,2009.92,10.5531,True,True,True,https://noaa-nws-rtofs-pds.s3.amazonaws.com/rtofs.20250806/rtofs_glo_3dz_f006_6hrly_hvr_US_east.nc
ARGO_GDAC,pfl,aoml/4903279/profiles/D4903279_376.nc|2025-08-06T02:02:42Z|26.85300|-89.99965,aoml/4903279/profiles/D4903279_376.nc,4903279,4903279,26.853,-89.99965,2025-08-06T02:02:42Z,20250806,2025,1020,3.12,99.88,10.4706,True,True,True,https://noaa-nws-rtofs-pds.s3.amazonaws.com/rtofs.20250806/rtofs_glo_3dz_f006_6hrly_hvr_US_east.nc
ARGO_GDAC,pfl,aoml/4903279/profiles/D4903279_377.nc|2025-08-11T01:30:33Z|26.64496|-89.80166,aoml/4903279/profiles/D4903279_377.nc,4903279,4903279,26.64496,-89.80166,2025-08-11T01:30:33Z,20250811,2025,1004,7.24,2011.12,10.8072,True,True,True,https://noaa-nws-rtofs-pds.s3.amazonaws.com/rtofs.20250811/rtofs_glo_3dz_f006_6hrly_hvr_US_east.nc
ARGO_GDAC,pfl,aoml/4903279/profiles/D4903279_377.nc|2025-08-11T01:30:33Z|26.64496|-89.80166,aoml/4903279/profiles/D4903279_377.nc,4903279,4903279,26.64496,-89.80166,2025-08-11T01:30:33Z,20250811,2025,997,7.12,99.92,10.7494,True,True,True,https://noaa-nws-rtofs-pds.s3.amazonaws.com/rtofs.20250811/rtofs_glo_3dz_f006_6hrly_hvr_US_east.nc
ARGO_GDAC,pfl,aoml/4903279/profiles/D4903279_378.nc|2025-08-16T00:56:45Z|26.62868|-89.23694,aoml/4903279/profiles/D4903279_378.nc,4903279,4903279,26.62868,-89.23694,2025-08-16T00:56:45Z,20250816,2025,1011,1.2,2012.0,22.8821,True,True,True,https://noaa-nws-rtofs-pds.s3.amazonaws.com/rtofs.20250816/rtofs_glo_3dz_f006_6hrly_hvr_US_east.nc
ARGO_GDAC,pfl,aoml/4903279/profiles/D4903279_378.nc|2025-08-16T00:56:45Z|26.62868|-89.23694,aoml/4903279/profiles/D4903279_378.nc,4903279,4903279,26.62868,-89.23694,2025-08-16T00:56:45Z,20250816,2025,914,1.04,99.92,23.2,True,True,True,https://noaa-nws-rtofs-pds.s3.amazonaws.com/rtofs.20250816/rtofs_glo_3dz_f006_6hrly_hvr_US_east.nc
ARGO_GDAC,pfl,aoml/4903279/profiles/D4903279_379.nc|2025-08-21T00:23:42Z|26.46814|-88.78662,aoml/4903279/profiles/D4903279_379.nc,4903279,4903279,26.46814,-88.78662,2025-08-21T00:23:42Z,20250821,2025,1013,1.08,2016.28,15.4649,True,True,True,https://noaa-nws-rtofs-pds.s3.amazonaws.com/rtofs.20250821/rtofs_glo_3dz_f006_6hrly_hvr_US_east.nc
ARGO_GDAC,pfl,aoml/4903279/profiles/D4903279_379.nc|2025-08-21T00:23:42Z|26.46814|-88.78662,aoml/4903279/profiles/D4903279_379.nc,4903279,4903279,26.46814,-88.78662,2025-08-21T00:23:42Z,20250821,2025,871,0.64,99.92,14.76,True,True,True,https://noaa-nws-rtofs-pds.s3.amazonaws.com/rtofs.20250821/rtofs_glo_3dz_f006_6hrly_hvr_US_east.nc
ARGO_GDAC,pfl,aoml/4903279/profiles/D4903279_380.nc|2025-08-26T00:13:30Z|26.33213|-88.20172,aoml/4903279/profiles/D4903279_380.nc,4903279,4903279,26.33213,-88.20172,2025-08-26T00:13:30Z,20250826,2025,1013,1.0,2017.24,46.1934,True,True,True,https://noaa-nws-rtofs-pds.s3.amazonaws.com/rtofs.20250826/rtofs_glo_3dz_f006_6hrly_hvr_US_east.nc
ARGO_GDAC,pfl,aoml/4903279/profiles/D4903279_380.nc|2025-08-26T00:13:30Z|26.33213|-88.20172,aoml/4903279/profiles/D4903279_380.nc,4903279,4903279,26.33213,-88.20172,2025-08-26T00:13:30Z,20250826,2025,849,0.52,100.0,46.6849,True,True,True,https://noaa-nws-rtofs-pds.s3.amazonaws.com/rtofs.20250826/rtofs_glo_3dz_f006_6hrly_hvr_US_east.nc
ARGO_GDAC,pfl,aoml/4903279/profiles/D4903279_381.nc|2025-08-30T23:36:47Z|26.45945|-86.79406,aoml/4903279/profiles/D4903279_381.nc,4903279,4903279,26.45945,-86.79406,2025-08-30T23:36:47Z,20250830,2025,1009,0.96,2007.44,44.3398,True,True,True,https://noaa-nws-rtofs-pds.s3.amazonaws.com/rtofs.20250830/rtofs_glo_3dz_f006_6hrly_hvr_US_east.nc
ARGO_GDAC,pfl,aoml/4903279/profiles/D4903279_381.nc|2025-08-30T23:36:47Z|26.45945|-86.79406,aoml/4903279/profiles/D4903279_381.nc,4903279,4903279,26.45945,-86.79406,2025-08-30T23:36:47Z,20250830,2025,846,0.56,99.96,44.7714,True,True,True,https://noaa-nws-rtofs-pds.s3.amazonaws.com/rtofs.20250830/rtofs_glo_3dz_f006_6hrly_hvr_US_east.nc
ARGO_GDAC,pfl,aoml/4903279/profiles/D4903279_382.nc|2025-09-04T23:11:28Z|27.07851|-86.36016,aoml/4903279/profiles/D4903279_382.nc,4903279,4903279,27.07851,-86.36016,2025-09-04T23:11:28Z,20250904,2025,1008,1.04,2006.32,30.2578,True,True,True,https://noaa-nws-rtofs-pds.s3.amazonaws.com/rtofs.20250904/rtofs_glo_3dz_f006_6hrly_hvr_US_east.nc
ARGO_GDAC,pfl,aoml/4903279/profiles/D4903279_382.nc|2025-09-04T23:11:28Z|27.07851|-86.36016,aoml/4903279/profiles/D4903279_382.nc,4903279,4903279,27.07851,-86.36016,2025-09-04T23:11:28Z,20250904,2025,847,0.64,99.88,30.04,True,True,True,https://noaa-nws-rtofs-pds.s3.amazonaws.com/rtofs.20250904/rtofs_glo_3dz_f006_6hrly_hvr_US_east.nc
ARGO_GDAC,pfl,aoml/4903279/profiles/D4903279_383.nc|2025-09-09T22:31:37Z|26.46234|-87.32054,aoml/4903279/profiles/D4903279_383.nc,4903279,4903279,26.46234,-87.32054,2025-09-09T22:31:37Z,20250909,2025,1012,0.48,2013.04,50.2686,True,True,True,https://noaa-nws-rtofs-pds.s3.amazonaws.com/rtofs.20250909/rtofs_glo_3dz_f006_6hrly_hvr_US_east.nc
ARGO_GDAC,pfl,aoml/4903279/profiles/D4903279_383.nc|2025-09-09T22:31:37Z|26.46234|-87.32054,aoml/4903279/profiles/D4903279_383.nc,4903279,4903279,26.46234,-87.32054,2025-09-09T22:31:37Z,20250909,2025,816,0.48,100.0,50.2541,True,True,True,https://noaa-nws-rtofs-pds.s3.amazonaws.com/rtofs.20250909/rtofs_glo_3dz_f006_6hrly_hvr_US_east.nc
ARGO_GDAC,pfl,aoml/4903279/profiles/D4903279_384.nc|2025-09-14T22:07:29Z|25.84991|-88.07336,aoml/4903279/profiles/D4903279_384.nc,4903279,4903279,25.84991,-88.07336,2025-09-14T22:07:29Z,20250914,2025,1015,0.96,2020.04,42.5768,True,True,True,https://noaa-nws-rtofs-pds.s3.amazonaws.com/rtofs.20250914/rtofs_glo_3dz_f006_6hrly_hvr_US_east.nc
ARGO_GDAC,pfl,aoml/4903279/profiles/D4903279_384.nc|2025-09-14T22:07:29Z|25.84991|-88.07336,aoml/4903279/profiles/D4903279_384.nc,4903279,4903279,25.84991,-88.07336,2025-09-14T22:07:29Z,20250914,2025,864,0.52,99.92,43.412,True,True,True,https://noaa-nws-rtofs-pds.s3.amazonaws.com/rtofs.20250914/rtofs_glo_3dz_f006_6hrly_hvr_US_east.nc
ARGO_GDAC,pfl,aoml/4903279/profiles/D4903279_385.nc|2025-09-19T21:39:54Z|25.59324|-88.21863,aoml/4903279/profiles/D4903279_385.nc,4903279,4903279,25.59324,-88.21863,2025-09-19T21:39:54Z,20250919,2025,1012,1.04,2013.4,62.0251,True,True,True,https://noaa-nws-rtofs-pds.s3.amazonaws.com/rtofs.20250919/rtofs_glo_3dz_f006_6hrly_hvr_US_east.nc
ARGO_GDAC,pfl,aoml/4903279/profiles/D4903279_385.nc|2025-09-19T21:39:54Z|25.59324|-88.21863,aoml/4903279/profiles/D4903279_385.nc,4903279,4903279,25.59324,-88.21863,2025-09-19T21:39:54Z,20250919,2025,887,0.64,100.0,62.6416,True,True,True,https://noaa-nws-rtofs-pds.s3.amazonaws.com/rtofs.20250919/rtofs_glo_3dz_f006_6hrly_hvr_US_east.nc
ARGO_GDAC,pfl,aoml/4903279/profiles/D4903279_386.nc|2025-09-24T21:13:20Z|25.92044|-88.31198,aoml/4903279/profiles/D4903279_386.nc,4903279,4903279,25.92044,-88.31198,2025-09-24T21:13:20Z,20250924,2025,1015,0.48,2018.24,56.1939,True,True,True,https://noaa-nws-rtofs-pds.s3.amazonaws.com/rtofs.20250924/rtofs_glo_3dz_f006_6hrly_hvr_US_east.nc
ARGO_GDAC,pfl,aoml/4903279/profiles/D4903279_386.nc|2025-09-24T21:13:20Z|25.92044|-88.31198,aoml/4903279/profiles/D4903279_386.nc,4903279,4903279,25.92044,-88.31198,2025-09-24T21:13:20Z,20250924,2025,828,0.48,99.96,56.6141,True,True,True,https://noaa-nws-rtofs-pds.s3.amazonaws.com/rtofs.20250924/rtofs_glo_3dz_f006_6hrly_hvr_US_east.nc
ARGO_GDAC,pfl,aoml/4903279/profiles/D4903279_387.nc|2025-09-29T20:49:20Z|25.90718|-88.09600,aoml/4903279/profiles/D4903279_387.nc,4903279,4903279,25.90718,-88.096,2025-09-29T20:49:20Z,20250929,2025,1011,1.08,2011.44,64.0735,True,True,True,https://noaa-nws-rtofs-pds.s3.amazonaws.com/rtofs.20250929/rtofs_glo_3dz_f006_6hrly_hvr_US_east.nc
ARGO_GDAC,pfl,aoml/4903279/profiles/D4903279_387.nc|2025-09-29T20:49:20Z|25.90718|-88.09600,aoml/4903279/profiles/D4903279_387.nc,4903279,4903279,25.90718,-88.096,2025-09-29T20:49:20Z,20250929,2025,880,0.68,99.88,64.3556,True,True,True,https://noaa-nws-rtofs-pds.s3.amazonaws.com/rtofs.20250929/rtofs_glo_3dz_f006_6hrly_hvr_US_east.nc
ARGO_GDAC,pfl,aoml/4903279/profiles/D4903279_388.nc|2025-10-04T20:20:08Z|25.66544|-87.87991,aoml/4903279/profiles/D4903279_388.nc,4903279,4903279,25.66544,-87.87991,2025-10-04T20:20:08Z,20251004,2025,1014,1.04,2018.32,61.1669,True,True,True,https://noaa-nws-rtofs-pds.s3.amazonaws.com/rtofs.20251004/rtofs_glo_3dz_f006_6hrly_hvr_US_east.nc
ARGO_GDAC,pfl,aoml/4903279/profiles/D4903279_388.nc|2025-10-04T20:20:08Z|25.66544|-87.87991,aoml/4903279/profiles/D4903279_388.nc,4903279,4903279,25.66544,-87.87991,2025-10-04T20:20:08Z,20251004,2025,891,0.6,99.92,61.5133,True,True,True,https://noaa-nws-rtofs-pds.s3.amazonaws.com/rtofs.20251004/rtofs_glo_3dz_f006_6hrly_hvr_US_east.nc
ARGO_GDAC,pfl,aoml/4903279/profiles/D4903279_389.nc|2025-10-09T19:48:47Z|25.68335|-87.78043,aoml/4903279/profiles/D4903279_389.nc,4903279,4903279,25.68335,-87.78043,2025-10-09T19:48:47Z,20251009,2025,1009,1.0,2007.52,65.3645,True,True,True,https://noaa-nws-rtofs-pds.s3.amazonaws.com/rtofs.20251009/rtofs_glo_3dz_f006_6hrly_hvr_US_east.nc
ARGO_GDAC,pfl,aoml/4903279/profiles/D4903279_389.nc|2025-10-09T19:48:47Z|25.68335|-87.78043,aoml/4903279/profiles/D4903279_389.nc,4903279,4903279,25.68335,-87.78043,2025-10-09T19:48:47Z,20251009,2025,847,0.6,99.96,65.9189,True,True,True,https://noaa-nws-rtofs-pds.s3.amazonaws.com/rtofs.20251009/rtofs_glo_3dz_f006_6hrly_hvr_US_east.nc
ARGO_GDAC,pfl,aoml/4903279/profiles/D4903279_390.nc|2025-10-14T19:28:31Z|25.62536|-87.82327,aoml/4903279/profiles/D4903279_390.nc,4903279,4903279,25.62536,-87.82327,2025-10-14T19:28:31Z,20251014,2025,1014,1.0,2019.32,78.3578,True,True,True,https://noaa-nws-rtofs-pds.s3.amazonaws.com/rtofs.20251014/rtofs_glo_3dz_f006_6hrly_hvr_US_east.nc
ARGO_GDAC,pfl,aoml/4903279/profiles/D4903279_390.nc|2025-10-14T19:28:31Z|25.62536|-87.82327,aoml/4903279/profiles/D4903279_390.nc,4903279,4903279,25.62536,-87.82327,2025-10-14T19:28:31Z,20251014,2025,862,0.6,99.84,78.6656,True,True,True,https://noaa-nws-rtofs-pds.s3.amazonaws.com/rtofs.20251014/rtofs_glo_3dz_f006_6hrly_hvr_US_east.nc
ARGO_GDAC,pfl,aoml/4903279/profiles/D4903279_391.nc|2025-10-19T18:57:26Z|25.55340|-87.83940,aoml/4903279/profiles/D4903279_391.nc,4903279,4903279,25.5534,-87.8394,2025-10-19T18:57:26Z,20251019,2025,1012,1.04,2015.0,81.8433,True,True,True,https://noaa-nws-rtofs-pds.s3.amazonaws.com/rtofs.20251019/rtofs_glo_3dz_f006_6hrly_hvr_US_east.nc
ARGO_GDAC,pfl,aoml/4903279/profiles/D4903279_391.nc|2025-10-19T18:57:26Z|25.55340|-87.83940,aoml/4903279/profiles/D4903279_391.nc,4903279,4903279,25.5534,-87.8394,2025-10-19T18:57:26Z,20251019,2025,854,0.68,99.88,82.196,True,True,True,https://noaa-nws-rtofs-pds.s3.amazonaws.com/rtofs.20251019/rtofs_glo_3dz_f006_6hrly_hvr_US_east.nc
ARGO_GDAC,pfl,aoml/4903279/profiles/D4903279_392.nc|2025-10-24T18:31:36Z|25.65266|-87.57310,aoml/4903279/profiles/D4903279_392.nc,4903279,4903279,25.65266,-87.5731,2025-10-24T18:31:36Z,20251024,2025,1012,1.08,2013.36,82.5315,True,True,True,https://noaa-nws-rtofs-pds.s3.amazonaws.com/rtofs.20251024/rtofs_glo_3dz_f006_6hrly_hvr_US_east.nc
ARGO_GDAC,pfl,aoml/4903279/profiles/D4903279_392.nc|2025-10-24T18:31:36Z|25.65266|-87.57310,aoml/4903279/profiles/D4903279_392.nc,4903279,4903279,25.65266,-87.5731,2025-10-24T18:31:36Z,20251024,2025,896,0.68,99.96,83.2221,True,True,True,https://noaa-nws-rtofs-pds.s3.amazonaws.com/rtofs.20251024/rtofs_glo_3dz_f006_6hrly_hvr_US_east.nc
ARGO_GDAC,pfl,aoml/4903279/profiles/D4903279_393.nc|2025-10-29T17:49:34Z|25.96968|-87.45461,aoml/4903279/profiles/D4903279_393.nc,4903279,4903279,25.96968,-87.45461,2025-10-29T17:49:34Z,20251029,2025,1011,0.44,2010.32,62.0717,True,True,True,https://noaa-nws-rtofs-pds.s3.amazonaws.com/rtofs.20251029/rtofs_glo_3dz_f006_6hrly_hvr_US_east.nc
ARGO_GDAC,pfl,aoml/4903279/profiles/D4903279_393.nc|2025-10-29T17:49:34Z|25.96968|-87.45461,aoml/4903279/profiles/D4903279_393.nc,4903279,4903279,25.96968,-87.45461,2025-10-29T17:49:34Z,20251029,2025,896,0.44,99.92,62.4613,True,True,True,https://noaa-nws-rtofs-pds.s3.amazonaws.com/rtofs.20251029/rtofs_glo_3dz_f006_6hrly_hvr_US_east.nc
ARGO_GDAC,pfl,aoml/4903279/profiles/D4903279_394.nc|2025-11-03T17:21:27Z|26.21651|-87.19245,aoml/4903279/profiles/D4903279_394.nc,4903279,4903279,26.21651,-87.19245,2025-11-03T17:21:27Z,20251103,2025,1008,1.12,2006.32,60.448,True,True,True,https://noaa-nws-rtofs-pds.s3.amazonaws.com/rtofs.20251103/rtofs_glo_3dz_f006_6hrly_hvr_US_east.nc
ARGO_GDAC,pfl,aoml/4903279/profiles/D4903279_394.nc|2025-11-03T17:21:27Z|26.21651|-87.19245,aoml/4903279/profiles/D4903279_394.nc,4903279,4903279,26.21651,-87.19245,2025-11-03T17:21:27Z,20251103,2025,963,0.84,99.96,60.516,True,True,True,https://noaa-nws-rtofs-pds.s3.amazonaws.com/rtofs.20251103/rtofs_glo_3dz_f006_6hrly_hvr_US_east.nc
ARGO_GDAC,pfl,aoml/4903279/profiles/D4903279_395.nc|2025-11-08T16:49:39Z|26.07309|-86.45690,aoml/4903279/profiles/D4903279_395.nc,4903279,4903279,26.07309,-86.4569,2025-11-08T16:49:39Z,20251108,2025,1011,0.96,2011.52,18.0419,True,True,True,https://noaa-nws-rtofs-pds.s3.amazonaws.com/rtofs.20251108/rtofs_glo_3dz_f006_6hrly_hvr_US_east.nc
ARGO_GDAC,pfl,aoml/4903279/profiles/D4903279_395.nc|2025-11-08T16:49:39Z|26.07309|-86.45690,aoml/4903279/profiles/D4903279_395.nc,4903279,4903279,26.07309,-86.4569,2025-11-08T16:49:39Z,20251108,2025,916,0.52,99.96,17.89,True,True,True,https://noaa-nws-rtofs-pds.s3.amazonaws.com/rtofs.20251108/rtofs_glo_3dz_f006_6hrly_hvr_US_east.nc
ARGO_GDAC,pfl,aoml/4903279/profiles/R4903279_396.nc|2025-11-13T16:20:23Z|26.01259|-85.81058,aoml/4903279/profiles/R4903279_396.nc,4903279,4903279,26.01259,-85.81058,2025-11-13T16:20:23Z,20251113,2025,1010,0.48,2008.04,45.3793,True,True,True,https://noaa-nws-rtofs-pds.s3.amazonaws.com/rtofs.20251113/rtofs_glo_3dz_f006_6hrly_hvr_US_east.nc
ARGO_GDAC,pfl,aoml/4903279/profiles/R4903279_396.nc|2025-11-13T16:20:23Z|26.01259|-85.81058,aoml/4903279/profiles/R4903279_396.nc,4903279,4903279,26.01259,-85.81058,2025-11-13T16:20:23Z,20251113,2025,919,0.48,99.96,45.2857,True,True,True,https://noaa-nws-rtofs-pds.s3.amazonaws.com/rtofs.20251113/rtofs_glo_3dz_f006_6hrly_hvr_US_east.nc
ARGO_GDAC,pfl,aoml/4903279/profiles/R4903279_397.nc|2025-11-18T15:49:00Z|25.83422|-85.51767,aoml/4903279/profiles/R4903279_397.nc,4903279,4903279,25.83422,-85.51767,2025-11-18T15:49:00Z,20251118,2025,1012,0.96,2014.64,76.8075,True,True,True,https://noaa-nws-rtofs-pds.s3.amazonaws.com/rtofs.20251118/rtofs_glo_3dz_f006_6hrly_hvr_US_east.nc
ARGO_GDAC,pfl,aoml/4903279/profiles/R4903279_397.nc|2025-11-18T15:49:00Z|25.83422|-85.51767,aoml/4903279/profiles/R4903279_397.nc,4903279,4903279,25.83422,-85.51767,2025-11-18T15:49:00Z,20251118,2025,886,0.52,99.96,77.0667,True,True,True,https://noaa-nws-rtofs-pds.s3.amazonaws.com/rtofs.20251118/rtofs_glo_3dz_f006_6hrly_hvr_US_east.nc
ARGO_GDAC,pfl,aoml/4903279/profiles/R4903279_398.nc|2025-11-23T15:21:38Z|25.54886|-85.32542,aoml/4903279/profiles/R4903279_398.nc,4903279,4903279,25.54886,-85.32542,2025-11-23T15:21:38Z,20251123,2025,1013,1.0,2016.8,26.5678,True,True,True,https://noaa-nws-rtofs-pds.s3.amazonaws.com/rtofs.20251123/rtofs_glo_3dz_f006_6hrly_hvr_US_east.nc
ARGO_GDAC,pfl,aoml/4903279/profiles/R4903279_398.nc|2025-11-23T15:21:38Z|25.54886|-85.32542,aoml/4903279/profiles/R4903279_398.nc,4903279,4903279,25.54886,-85.32542,2025-11-23T15:21:38Z,20251123,2025,787,0.6,99.96,26.628,True,True,True,https://noaa-nws-rtofs-pds.s3.amazonaws.com/rtofs.20251123/rtofs_glo_3dz_f006_6hrly_hvr_US_east.nc
ARGO_GDAC,pfl,aoml/4903279/profiles/R4903279_399.nc|2025-11-28T14:47:05Z|25.23980|-85.24693,aoml/4903279/profiles/R4903279_399.nc,4903279,4903279,25.2398,-85.24693,2025-11-28T14:47:05Z,20251128,2025,1013,1.12,2016.32,80.6706,True,True,True,https://noaa-nws-rtofs-pds.s3.amazonaws.com/rtofs.20251128/rtofs_glo_3dz_f006_6hrly_hvr_US_east.nc
ARGO_GDAC,pfl,aoml/4903279/profiles/R4903279_399.nc|2025-11-28T14:47:05Z|25.23980|-85.24693,aoml/4903279/profiles/R4903279_399.nc,4903279,4903279,25.2398,-85.24693,2025-11-28T14:47:05Z,20251128,2025,828,0.8,99.92,81.0229,True,True,True,https://noaa-nws-rtofs-pds.s3.amazonaws.com/rtofs.20251128/rtofs_glo_3dz_f006_6hrly_hvr_US_east.nc
ARGO_GDAC,pfl,aoml/4903279/profiles/R4903279_400.nc|2025-12-03T14:12:32Z|25.05332|-85.05108,aoml/4903279/profiles/R4903279_400.nc,4903279,4903279,25.05332,-85.05108,2025-12-03T14:12:32Z,20251203,2025,1013,1.04,2015.8,20.026,True,True,True,https://noaa-nws-rtofs-pds.s3.amazonaws.com/rtofs.20251203/rtofs_glo_3dz_f006_6hrly_hvr_US_east.nc
ARGO_GDAC,pfl,aoml/4903279/profiles/R4903279_400.nc|2025-12-03T14:12:32Z|25.05332|-85.05108,aoml/4903279/profiles/R4903279_400.nc,4903279,4903279,25.05332,-85.05108,2025-12-03T14:12:32Z,20251203,2025,799,0.64,99.96,20.295,True,True,True,https://noaa-nws-rtofs-pds.s3.amazonaws.com/rtofs.20251203/rtofs_glo_3dz_f006_6hrly_hvr_US_east.nc
ARGO_GDAC,pfl,aoml/4903279/profiles/R4903279_401.nc|2025-12-08T13:44:58Z|25.40175|-84.99602,aoml/4903279/profiles/R4903279_401.nc,4903279,4903279,25.40175,-84.99602,2025-12-08T13:44:58Z,20251208,2025,1010,1.0,2010.56,13.1957,True,True,True,https://noaa-nws-rtofs-pds.s3.amazonaws.com/rtofs.20251208/rtofs_glo_3dz_f006_6hrly_hvr_US_east.nc
ARGO_GDAC,pfl,aoml/4903279/profiles/R4903279_401.nc|2025-12-08T13:44:58Z|25.40175|-84.99602,aoml/4903279/profiles/R4903279_401.nc,4903279,4903279,25.40175,-84.99602,2025-12-08T13:44:58Z,20251208,2025,869,0.56,99.96,13.3909,True,True,True,https://noaa-nws-rtofs-pds.s3.amazonaws.com/rtofs.20251208/rtofs_glo_3dz_f006_6hrly_hvr_US_east.nc
ARGO_GDAC,pfl,aoml/4903279/profiles/R4903279_402.nc|2025-12-13T13:25:36Z|25.72988|-85.28620,aoml/4903279/profiles/R4903279_402.nc,4903279,4903279,25.72988,-85.2862,2025-12-13T13:25:36Z,20251213,2025,1010,1.04,2010.24,48.5884,True,True,True,https://noaa-nws-rtofs-pds.s3.amazonaws.com/rtofs.20251213/rtofs_glo_3dz_f006_6hrly_hvr_US_east.nc
ARGO_GDAC,pfl,aoml/4903279/profiles/R4903279_402.nc|2025-12-13T13:25:36Z|25.72988|-85.28620,aoml/4903279/profiles/R4903279_402.nc,4903279,4903279,25.72988,-85.2862,2025-12-13T13:25:36Z,20251213,2025,801,0.56,99.96,47.72,True,True,True,https://noaa-nws-rtofs-pds.s3.amazonaws.com/rtofs.20251213/rtofs_glo_3dz_f006_6hrly_hvr_US_east.nc
ARGO_GDAC,pfl,aoml/4903279/profiles/R4903279_403.nc|2025-12-18T12:53:33Z|25.74434|-85.50590,aoml/4903279/profiles/R4903279_403.nc,4903279,4903279,25.74434,-85.5059,2025-12-18T12:53:33Z,20251218,2025,1011,1.08,2012.68,51.4999,True,True,True,https://noaa-nws-rtofs-pds.s3.amazonaws.com/rtofs.20251218/rtofs_glo_3dz_f006_6hrly_hvr_US_east.nc
ARGO_GDAC,pfl,aoml/4903279/profiles/R4903279_403.nc|2025-12-18T12:53:33Z|25.74434|-85.50590,aoml/4903279/profiles/R4903279_403.nc,4903279,4903279,25.74434,-85.5059,2025-12-18T12:53:33Z,20251218,2025,873,0.68,99.92,50.8299,True,True,True,https://noaa-nws-rtofs-pds.s3.amazonaws.com/rtofs.20251218/rtofs_glo_3dz_f006_6hrly_hvr_US_east.nc
ARGO_GDAC,pfl,aoml/4903279/profiles/R4903279_404.nc|2025-12-23T12:22:49Z|25.62347|-85.36015,aoml/4903279/profiles/R4903279_404.nc,4903279,4903279,25.62347,-85.36015,2025-12-23T12:22:49Z,20251223,2025,1009,1.0,2007.32,38.7758,True,True,True,https://noaa-nws-rtofs-pds.s3.amazonaws.com/rtofs.20251223/rtofs_glo_3dz_f006_6hrly_hvr_US_east.nc
ARGO_GDAC,pfl,aoml/4903279/profiles/R4903279_404.nc|2025-12-23T12:22:49Z|25.62347|-85.36015,aoml/4903279/profiles/R4903279_404.nc,4903279,4903279,25.62347,-85.36015,2025-12-23T12:22:49Z,20251223,2025,858,0.6,100.0,38.825,True,True,True,https://noaa-nws-rtofs-pds.s3.amazonaws.com/rtofs.20251223/rtofs_glo_3dz_f006_6hrly_hvr_US_east.nc
ARGO_GDAC,pfl,aoml/4903279/profiles/R4903279_405.nc|2025-12-28T11:47:00Z|25.43322|-85.27989,aoml/4903279/profiles/R4903279_405.nc,4903279,4903279,25.43322,-85.27989,2025-12-28T11:47:00Z,20251228,2025,1012,1.0,2014.8,67.6731,True,True,True,https://noaa-nws-rtofs-pds.s3.amazonaws.com/rtofs.20251228/rtofs_glo_3dz_f006_6hrly_hvr_US_east.nc
ARGO_GDAC,pfl,aoml/4903279/profiles/R4903279_405.nc|2025-12-28T11:47:00Z|25.43322|-85.27989,aoml/4903279/profiles/R4903279_405.nc,4903279,4903279,25.43322,-85.27989,2025-12-28T11:47:00Z,20251228,2025,807,0.6,99.92,67.48,True,True,True,https://noaa-nws-rtofs-pds.s3.amazonaws.com/rtofs.20251228/rtofs_glo_3dz_f006_6hrly_hvr_US_east.nc
ARGO_GDAC,pfl,aoml/4903353/profiles/D4903353_207.nc|2024-01-04T02:44:59Z|28.50328|-87.42532,aoml/4903353/profiles/D4903353_207.nc,4903353,4903353,28.50328,-87.42532,2024-01-04T02:44:59Z,20240104,2024,803,1.0,1595.6,93.9555,True,True,False,
ARGO_GDAC,pfl,aoml/4903353/profiles/D4903353_207.nc|2024-01-04T02:44:59Z|28.50328|-87.42532,aoml/4903353/profiles/D4903353_207.nc,4903353,4903353,28.50328,-87.42532,2024-01-04T02:44:59Z,20240104,2024,763,0.52,99.88,93.8916,True,True,False,
ARGO_GDAC,pfl,aoml/4903353/profiles/D4903353_208.nc|2024-01-09T01:19:58Z|28.51444|-87.40262,aoml/4903353/profiles/D4903353_208.nc,4903353,4903353,28.51444,-87.40262,2024-01-09T01:19:58Z,20240109,2024,761,0.96,1511.44,91.7219,True,True,False,
ARGO_GDAC,pfl,aoml/4903353/profiles/D4903353_208.nc|2024-01-09T01:19:58Z|28.51444|-87.40262,aoml/4903353/profiles/D4903353_208.nc,4903353,4903353,28.51444,-87.40262,2024-01-09T01:19:58Z,20240109,2024,804,0.56,99.92,91.7405,True,True,False,
ARGO_GDAC,pfl,aoml/4903353/profiles/D4903353_209.nc|2024-01-13T23:52:52Z|28.54678|-87.41218,aoml/4903353/profiles/D4903353_209.nc,4903353,4903353,28.54678,-87.41218,2024-01-13T23:52:52Z,20240113,2024,754,0.48,1495.12,99.6497,True,True,False,
ARGO_GDAC,pfl,aoml/4903353/profiles/D4903353_209.nc|2024-01-13T23:52:52Z|28.54678|-87.41218,aoml/4903353/profiles/D4903353_209.nc,4903353,4903353,28.54678,-87.41218,2024-01-13T23:52:52Z,20240113,2024,867,0.48,99.92,99.6889,True,True,False,
ARGO_GDAC,pfl,aoml/4903353/profiles/D4903353_210.nc|2024-01-18T22:23:51Z|28.57488|-87.40097,aoml/4903353/profiles/D4903353_210.nc,4903353,4903353,28.57488,-87.40097,2024-01-18T22:23:51Z,20240118,2024,730,1.0,1449.76,146.6074,True,False,False,
ARGO_GDAC,pfl,aoml/4903353/profiles/D4903353_210.nc|2024-01-18T22:23:51Z|28.57488|-87.40097,aoml/4903353/profiles/D4903353_210.nc,4903353,4903353,28.57488,-87.40097,2024-01-18T22:23:51Z,20240118,2024,754,0.64,100.0,,False,False,False,
ARGO_GDAC,pfl,aoml/4903353/profiles/D4903353_211.nc|2024-01-23T20:49:21Z|28.57054|-87.39708,aoml/4903353/profiles/D4903353_211.nc,4903353,4903353,28.57054,-87.39708,2024-01-23T20:49:21Z,20240123,2024,722,1.04,1433.24,104.008,True,False,False,
ARGO_GDAC,pfl,aoml/4903353/profiles/D4903353_211.nc|2024-01-23T20:49:21Z|28.57054|-87.39708,aoml/4903353/profiles/D4903353_211.nc,4903353,4903353,28.57054,-87.39708,2024-01-23T20:49:21Z,20240123,2024,719,0.6,99.92,,False,False,False,
ARGO_GDAC,pfl,aoml/4903353/profiles/D4903353_212.nc|2024-01-28T19:02:25Z|28.56638|-87.38799,aoml/4903353/profiles/D4903353_212.nc,4903353,4903353,28.56638,-87.38799,2024-01-28T19:02:25Z,20240128,2024,711,1.0,1411.68,61.3721,True,True,True,https://noaa-nws-rtofs-pds.s3.amazonaws.com/rtofs.20240128/rtofs_glo_3dz_f006_6hrly_hvr_US_east.nc
ARGO_GDAC,pfl,aoml/4903353/profiles/D4903353_212.nc|2024-01-28T19:02:25Z|28.56638|-87.38799,aoml/4903353/profiles/D4903353_212.nc,4903353,4903353,28.56638,-87.38799,2024-01-28T19:02:25Z,20240128,2024,825,0.6,99.96,61.5543,True,True,True,https://noaa-nws-rtofs-pds.s3.amazonaws.com/rtofs.20240128/rtofs_glo_3dz_f006_6hrly_hvr_US_east.nc
ARGO_GDAC,pfl,aoml/4903353/profiles/D4903353_213.nc|2024-02-02T17:23:22Z|28.55524|-87.38084,aoml/4903353/profiles/D4903353_213.nc,4903353,4903353,28.55524,-87.38084,2024-02-02T17:23:22Z,20240202,2024,710,1.0,1409.44,82.0298,True,True,True,https://noaa-nws-rtofs-pds.s3.amazonaws.com/rtofs.20240202/rtofs_glo_3dz_f006_6hrly_hvr_US_east.nc
ARGO_GDAC,pfl,aoml/4903353/profiles/D4903353_213.nc|2024-02-02T17:23:22Z|28.55524|-87.38084,aoml/4903353/profiles/D4903353_213.nc,4903353,4903353,28.55524,-87.38084,2024-02-02T17:23:22Z,20240202,2024,742,0.52,99.88,82.1,True,True,True,https://noaa-nws-rtofs-pds.s3.amazonaws.com/rtofs.20240202/rtofs_glo_3dz_f006_6hrly_hvr_US_east.nc
ARGO_GDAC,pfl,aoml/4903353/profiles/D4903353_214.nc|2024-02-07T15:43:41Z|28.53947|-87.37661,aoml/4903353/profiles/D4903353_214.nc,4903353,4903353,28.53947,-87.37661,2024-02-07T15:43:41Z,20240207,2024,721,0.96,1431.24,61.99,True,True,True,https://noaa-nws-rtofs-pds.s3.amazonaws.com/rtofs.20240207/rtofs_glo_3dz_f006_6hrly_hvr_US_east.nc
ARGO_GDAC,pfl,aoml/4903353/profiles/D4903353_214.nc|2024-02-07T15:43:41Z|28.53947|-87.37661,aoml/4903353/profiles/D4903353_214.nc,4903353,4903353,28.53947,-87.37661,2024-02-07T15:43:41Z,20240207,2024,758,0.52,99.96,61.6801,True,True,True,https://noaa-nws-rtofs-pds.s3.amazonaws.com/rtofs.20240207/rtofs_glo_3dz_f006_6hrly_hvr_US_east.nc
ARGO_GDAC,pfl,aoml/4903353/profiles/D4903353_215.nc|2024-02-12T14:04:03Z|28.54097|-87.35355,aoml/4903353/profiles/D4903353_215.nc,4903353,4903353,28.54097,-87.35355,2024-02-12T14:04:03Z,20240212,2024,704,0.36,1395.48,45.2589,True,True,True,https://noaa-nws-rtofs-pds.s3.amazonaws.com/rtofs.20240212/rtofs_glo_3dz_f006_6hrly_hvr_US_east.nc
ARGO_GDAC,pfl,aoml/4903353/profiles/D4903353_215.nc|2024-02-12T14:04:03Z|28.54097|-87.35355,aoml/4903353/profiles/D4903353_215.nc,4903353,4903353,28.54097,-87.35355,2024-02-12T14:04:03Z,20240212,2024,790,0.36,99.96,45.4444,True,True,True,https://noaa-nws-rtofs-pds.s3.amazonaws.com/rtofs.20240212/rtofs_glo_3dz_f006_6hrly_hvr_US_east.nc
ARGO_GDAC,pfl,aoml/4903353/profiles/D4903353_216.nc|2024-02-17T12:09:07Z|28.55022|-87.32035,aoml/4903353/profiles/D4903353_216.nc,4903353,4903353,28.55022,-87.32035,2024-02-17T12:09:07Z,20240217,2024,657,0.48,1301.6,24.9416,True,True,True,https://noaa-nws-rtofs-pds.s3.amazonaws.com/rtofs.20240217/rtofs_glo_3dz_f006_6hrly_hvr_US_east.nc
ARGO_GDAC,pfl,aoml/4903353/profiles/D4903353_216.nc|2024-02-17T12:09:07Z|28.55022|-87.32035,aoml/4903353/profiles/D4903353_216.nc,4903353,4903353,28.55022,-87.32035,2024-02-17T12:09:07Z,20240217,2024,853,0.48,99.92,25.08,True,True,True,https://noaa-nws-rtofs-pds.s3.amazonaws.com/rtofs.20240217/rtofs_glo_3dz_f006_6hrly_hvr_US_east.nc
ARGO_GDAC,pfl,aoml/4903353/profiles/D4903353_217.nc|2024-02-22T10:12:33Z|28.56255|-87.30756,aoml/4903353/profiles/D4903353_217.nc,4903353,4903353,28.56255,-87.30756,2024-02-22T10:12:33Z,20240222,2024,627,1.04,1243.28,27.3236,True,True,True,https://noaa-nws-rtofs-pds.s3.amazonaws.com/rtofs.20240222/rtofs_glo_3dz_f006_6hrly_hvr_US_east.nc
ARGO_GDAC,pfl,aoml/4903353/profiles/D4903353_217.nc|2024-02-22T10:12:33Z|28.56255|-87.30756,aoml/4903353/profiles/D4903353_217.nc,4903353,4903353,28.56255,-87.30756,2024-02-22T10:12:33Z,20240222,2024,825,0.6,99.96,28.0057,True,True,True,https://noaa-nws-rtofs-pds.s3.amazonaws.com/rtofs.20240222/rtofs_glo_3dz_f006_6hrly_hvr_US_east.nc
ARGO_GDAC,pfl,aoml/4903353/profiles/D4903353_218.nc|2024-02-27T08:10:17Z|28.58177|-87.32433,aoml/4903353/profiles/D4903353_218.nc,4903353,4903353,28.58177,-87.32433,2024-02-27T08:10:17Z,20240227,2024,630,1.0,1249.6,48.1941,True,True,True,https://noaa-nws-rtofs-pds.s3.amazonaws.com/rtofs.20240227/rtofs_glo_3dz_f006_6hrly_hvr_US_east.nc
ARGO_GDAC,pfl,aoml/4903353/profiles/D4903353_218.nc|2024-02-27T08:10:17Z|28.58177|-87.32433,aoml/4903353/profiles/D4903353_218.nc,4903353,4903353,28.58177,-87.32433,2024-02-27T08:10:17Z,20240227,2024,770,0.52,99.96,48.2282,True,True,True,https://noaa-nws-rtofs-pds.s3.amazonaws.com/rtofs.20240227/rtofs_glo_3dz_f006_6hrly_hvr_US_east.nc
ARGO_GDAC,pfl,aoml/4903353/profiles/D4903353_219.nc|2024-03-03T06:07:27Z|28.59337|-87.34190,aoml/4903353/profiles/D4903353_219.nc,4903353,4903353,28.59337,-87.3419,2024-03-03T06:07:27Z,20240303,2024,644,1.04,1277.2,21.3144,True,True,True,https://noaa-nws-rtofs-pds.s3.amazonaws.com/rtofs.20240303/rtofs_glo_3dz_f006_6hrly_hvr_US_east.nc
ARGO_GDAC,pfl,aoml/4903353/profiles/D4903353_219.nc|2024-03-03T06:07:27Z|28.59337|-87.34190,aoml/4903353/profiles/D4903353_219.nc,4903353,4903353,28.59337,-87.3419,2024-03-03T06:07:27Z,20240303,2024,773,0.72,99.88,21.2983,True,True,True,https://noaa-nws-rtofs-pds.s3.amazonaws.com/rtofs.20240303/rtofs_glo_3dz_f006_6hrly_hvr_US_east.nc
ARGO_GDAC,pfl,aoml/4903353/profiles/D4903353_220.nc|2024-03-08T04:14:37Z|28.59999|-87.36537,aoml/4903353/profiles/D4903353_220.nc,4903353,4903353,28.59999,-87.36537,2024-03-08T04:14:37Z,20240308,2024,659,1.0,1307.44,30.8947,True,True,True,https://noaa-nws-rtofs-pds.s3.amazonaws.com/rtofs.20240308/rtofs_glo_3dz_f006_6hrly_hvr_US_east.nc
ARGO_GDAC,pfl,aoml/4903353/profiles/D4903353_220.nc|2024-03-08T04:14:37Z|28.59999|-87.36537,aoml/4903353/profiles/D4903353_220.nc,4903353,4903353,28.59999,-87.36537,2024-03-08T04:14:37Z,20240308,2024,795,0.56,99.96,10.4257,True,True,True,https://noaa-nws-rtofs-pds.s3.amazonaws.com/rtofs.20240308/rtofs_glo_3dz_f006_6hrly_hvr_US_east.nc
ARGO_GDAC,pfl,aoml/4903353/profiles/D4903353_221.nc|2024-03-13T02:29:23Z|28.60634|-87.39402,aoml/4903353/profiles/D4903353_221.nc,4903353,4903353,28.60634,-87.39402,2024-03-13T02:29:23Z,20240313,2024,684,1.0,1357.08,30.2202,True,True,True,https://noaa-nws-rtofs-pds.s3.amazonaws.com/rtofs.20240313/rtofs_glo_3dz_f006_6hrly_hvr_US_east.nc
ARGO_GDAC,pfl,aoml/4903353/profiles/D4903353_221.nc|2024-03-13T02:29:23Z|28.60634|-87.39402,aoml/4903353/profiles/D4903353_221.nc,4903353,4903353,28.60634,-87.39402,2024-03-13T02:29:23Z,20240313,2024,747,0.6,99.96,30.155,True,True,True,https://noaa-nws-rtofs-pds.s3.amazonaws.com/rtofs.20240313/rtofs_glo_3dz_f006_6hrly_hvr_US_east.nc
ARGO_GDAC,pfl,aoml/4903353/profiles/D4903353_222.nc|2024-03-18T00:48:28Z|28.60669|-87.42497,aoml/4903353/profiles/D4903353_222.nc,4903353,4903353,28.60669,-87.42497,2024-03-18T00:48:28Z,20240318,2024,721,0.96,1431.76,15.6569,True,True,True,https://noaa-nws-rtofs-pds.s3.amazonaws.com/rtofs.20240318/rtofs_glo_3dz_f006_6hrly_hvr_US_east.nc
ARGO_GDAC,pfl,aoml/4903353/profiles/D4903353_222.nc|2024-03-18T00:48:28Z|28.60669|-87.42497,aoml/4903353/profiles/D4903353_222.nc,4903353,4903353,28.60669,-87.42497,2024-03-18T00:48:28Z,20240318,2024,809,0.6,99.92,15.78,True,True,True,https://noaa-nws-rtofs-pds.s3.amazonaws.com/rtofs.20240318/rtofs_glo_3dz_f006_6hrly_hvr_US_east.nc
ARGO_GDAC,pfl,aoml/4903353/profiles/D4903353_223.nc|2024-03-22T23:20:57Z|28.61409|-87.45517,aoml/4903353/profiles/D4903353_223.nc,4903353,4903353,28.61409,-87.45517,2024-03-22T23:20:57Z,20240322,2024,762,1.04,1513.48,41.0711,True,True,True,https://noaa-nws-rtofs-pds.s3.amazonaws.com/rtofs.20240322/rtofs_glo_3dz_f006_6hrly_hvr_US_east.nc
ARGO_GDAC,pfl,aoml/4903353/profiles/D4903353_223.nc|2024-03-22T23:20:57Z|28.61409|-87.45517,aoml/4903353/profiles/D4903353_223.nc,4903353,4903353,28.61409,-87.45517,2024-03-22T23:20:57Z,20240322,2024,793,0.56,99.92,41.2195,True,True,True,https://noaa-nws-rtofs-pds.s3.amazonaws.com/rtofs.20240322/rtofs_glo_3dz_f006_6hrly_hvr_US_east.nc
ARGO_GDAC,pfl,aoml/4903353/profiles/D4903353_224.nc|2024-03-27T22:08:53Z|28.74135|-87.49134,aoml/4903353/profiles/D4903353_224.nc,4903353,4903353,28.74135,-87.49134,2024-03-27T22:08:53Z,20240327,2024,812,1.04,1613.24,40.2275,True,True,True,https://noaa-nws-rtofs-pds.s3.amazonaws.com/rtofs.20240327/rtofs_glo_3dz_f006_6hrly_hvr_US_east.nc
ARGO_GDAC,pfl,aoml/4903353/profiles/D4903353_224.nc|2024-03-27T22:08:53Z|28.74135|-87.49134,aoml/4903353/profiles/D4903353_224.nc,4903353,4903353,28.74135,-87.49134,2024-03-27T22:08:53Z,20240327,2024,840,0.72,99.92,40.41,True,True,True,https://noaa-nws-rtofs-pds.s3.amazonaws.com/rtofs.20240327/rtofs_glo_3dz_f006_6hrly_hvr_US_east.nc
ARGO_GDAC,pfl,aoml/4903353/profiles/D4903353_225.nc|2024-04-01T21:26:26Z|28.83465|-87.55811,aoml/4903353/profiles/D4903353_225.nc,4903353,4903353,28.83465,-87.55811,2024-04-01T21:26:26Z,20240401,2024,1008,1.04,2005.56,52.162,True,True,True,https://noaa-nws-rtofs-pds.s3.amazonaws.com/rtofs.20240401/rtofs_glo_3dz_f006_6hrly_hvr_US_east.nc
ARGO_GDAC,pfl,aoml/4903353/profiles/D4903353_225.nc|2024-04-01T21:26:26Z|28.83465|-87.55811,aoml/4903353/profiles/D4903353_225.nc,4903353,4903353,28.83465,-87.55811,2024-04-01T21:26:26Z,20240401,2024,818,0.64,99.92,52.5,True,True,True,https://noaa-nws-rtofs-pds.s3.amazonaws.com/rtofs.20240401/rtofs_glo_3dz_f006_6hrly_hvr_US_east.nc
ARGO_GDAC,pfl,aoml/4903353/profiles/D4903353_226.nc|2024-04-06T20:53:19Z|28.83721|-87.62885,aoml/4903353/profiles/D4903353_226.nc,4903353,4903353,28.83721,-87.62885,2024-04-06T20:53:19Z,20240406,2024,1015,1.04,2019.68,56.1542,True,True,True,https://noaa-nws-rtofs-pds.s3.amazonaws.com/rtofs.20240406/rtofs_glo_3dz_f006_6hrly_hvr_US_east.nc
ARGO_GDAC,pfl,aoml/4903353/profiles/D4903353_226.nc|2024-04-06T20:53:19Z|28.83721|-87.62885,aoml/4903353/profiles/D4903353_226.nc,4903353,4903353,28.83721,-87.62885,2024-04-06T20:53:19Z,20240406,2024,850,0.56,99.92,56.5337,True,True,True,https://noaa-nws-rtofs-pds.s3.amazonaws.com/rtofs.20240406/rtofs_glo_3dz_f006_6hrly_hvr_US_east.nc
ARGO_GDAC,pfl,aoml/4903353/profiles/D4903353_227.nc|2024-04-11T20:14:22Z|28.77273|-87.73396,aoml/4903353/profiles/D4903353_227.nc,4903353,4903353,28.77273,-87.73396,2024-04-11T20:14:22Z,20240411,2024,1007,0.96,2003.52,46.2178,True,True,True,https://noaa-nws-rtofs-pds.s3.amazonaws.com/rtofs.20240411/rtofs_glo_3dz_f006_6hrly_hvr_US_east.nc
ARGO_GDAC,pfl,aoml/4903353/profiles/D4903353_227.nc|2024-04-11T20:14:22Z|28.77273|-87.73396,aoml/4903353/profiles/D4903353_227.nc,4903353,4903353,28.77273,-87.73396,2024-04-11T20:14:22Z,20240411,2024,828,0.52,99.88,46.0608,True,True,True,https://noaa-nws-rtofs-pds.s3.amazonaws.com/rtofs.20240411/rtofs_glo_3dz_f006_6hrly_hvr_US_east.nc
ARGO_GDAC,pfl,aoml/4903353/profiles/D4903353_228.nc|2024-04-16T19:42:57Z|28.72891|-87.68548,aoml/4903353/profiles/D4903353_228.nc,4903353,4903353,28.72891,-87.68548,2024-04-16T19:42:57Z,20240416,2024,1014,1.0,2018.2,41.2947,True,True,True,https://noaa-nws-rtofs-pds.s3.amazonaws.com/rtofs.20240416/rtofs_glo_3dz_f006_6hrly_hvr_US_east.nc
ARGO_GDAC,pfl,aoml/4903353/profiles/D4903353_228.nc|2024-04-16T19:42:57Z|28.72891|-87.68548,aoml/4903353/profiles/D4903353_228.nc,4903353,4903353,28.72891,-87.68548,2024-04-16T19:42:57Z,20240416,2024,873,0.6,99.88,40.72,True,True,True,https://noaa-nws-rtofs-pds.s3.amazonaws.com/rtofs.20240416/rtofs_glo_3dz_f006_6hrly_hvr_US_east.nc
ARGO_GDAC,pfl,aoml/4903353/profiles/D4903353_229.nc|2024-04-21T19:10:21Z|28.75174|-87.66551,aoml/4903353/profiles/D4903353_229.nc,4903353,4903353,28.75174,-87.66551,2024-04-21T19:10:21Z,20240421,2024,1014,0.48,2015.64,16.2225,True,True,True,https://noaa-nws-rtofs-pds.s3.amazonaws.com/rtofs.20240421/rtofs_glo_3dz_f006_6hrly_hvr_US_east.nc
ARGO_GDAC,pfl,aoml/4903353/profiles/D4903353_229.nc|2024-04-21T19:10:21Z|28.75174|-87.66551,aoml/4903353/profiles/D4903353_229.nc,4903353,4903353,28.75174,-87.66551,2024-04-21T19:10:21Z,20240421,2024,866,0.48,99.88,16.08,True,True,True,https://noaa-nws-rtofs-pds.s3.amazonaws.com/rtofs.20240421/rtofs_glo_3dz_f006_6hrly_hvr_US_east.nc
ARGO_GDAC,pfl,aoml/4903353/profiles/D4903353_230.nc|2024-04-26T18:36:00Z|28.74368|-87.71919,aoml/4903353/profiles/D4903353_230.nc,4903353,4903353,28.74368,-87.71919,2024-04-26T18:36:00Z,20240426,2024,1012,1.0,2013.08,22.0231,True,True,True,https://noaa-nws-rtofs-pds.s3.amazonaws.com/rtofs.20240426/rtofs_glo_3dz_f006_6hrly_hvr_US_east.nc
ARGO_GDAC,pfl,aoml/4903353/profiles/D4903353_230.nc|2024-04-26T18:36:00Z|28.74368|-87.71919,aoml/4903353/profiles/D4903353_230.nc,4903353,4903353,28.74368,-87.71919,2024-04-26T18:36:00Z,20240426,2024,843,0.6,99.92,22.464,True,True,True,https://noaa-nws-rtofs-pds.s3.amazonaws.com/rtofs.20240426/rtofs_glo_3dz_f006_6hrly_hvr_US_east.nc
ARGO_GDAC,pfl,aoml/4903353/profiles/D4903353_231.nc|2024-05-01T18:01:37Z|28.79400|-87.77155,aoml/4903353/profiles/D4903353_231.nc,4903353,4903353,28.794,-87.77155,2024-05-01T18:01:37Z,20240501,2024,1011,1.04,2011.56,18.3617,True,True,True,https://noaa-nws-rtofs-pds.s3.amazonaws.com/rtofs.20240501/rtofs_glo_3dz_f006_6hrly_hvr_US_east.nc
ARGO_GDAC,pfl,aoml/4903353/profiles/D4903353_231.nc|2024-05-01T18:01:37Z|28.79400|-87.77155,aoml/4903353/profiles/D4903353_231.nc,4903353,4903353,28.794,-87.77155,2024-05-01T18:01:37Z,20240501,2024,901,0.64,99.88,18.12,True,True,True,https://noaa-nws-rtofs-pds.s3.amazonaws.com/rtofs.20240501/rtofs_glo_3dz_f006_6hrly_hvr_US_east.nc
ARGO_GDAC,pfl,aoml/4903353/profiles/D4903353_232.nc|2024-05-06T17:28:28Z|28.83912|-87.76190,aoml/4903353/profiles/D4903353_232.nc,4903353,4903353,28.83912,-87.7619,2024-05-06T17:28:28Z,20240506,2024,1010,1.0,2009.8,18.4046,True,True,True,https://noaa-nws-rtofs-pds.s3.amazonaws.com/rtofs.20240506/rtofs_glo_3dz_f006_6hrly_hvr_US_east.nc
ARGO_GDAC,pfl,aoml/4903353/profiles/D4903353_232.nc|2024-05-06T17:28:28Z|28.83912|-87.76190,aoml/4903353/profiles/D4903353_232.nc,4903353,4903353,28.83912,-87.7619,2024-05-06T17:28:28Z,20240506,2024,844,0.56,99.96,19.22,True,True,True,https://noaa-nws-rtofs-pds.s3.amazonaws.com/rtofs.20240506/rtofs_glo_3dz_f006_6hrly_hvr_US_east.nc
ARGO_GDAC,pfl,aoml/4903353/profiles/D4903353_233.nc|2024-05-11T17:07:35Z|28.84720|-87.77537,aoml/4903353/profiles/D4903353_233.nc,4903353,4903353,28.8472,-87.77537,2024-05-11T17:07:35Z,20240511,2024,977,1.04,1943.48,15.4224,True,True,True,https://noaa-nws-rtofs-pds.s3.amazonaws.com/rtofs.20240511/rtofs_glo_3dz_f006_6hrly_hvr_US_east.nc
ARGO_GDAC,pfl,aoml/4903353/profiles/D4903353_233.nc|2024-05-11T17:07:35Z|28.84720|-87.77537,aoml/4903353/profiles/D4903353_233.nc,4903353,4903353,28.8472,-87.77537,2024-05-11T17:07:35Z,20240511,2024,877,0.56,99.92,15.78,True,True,True,https://noaa-nws-rtofs-pds.s3.amazonaws.com/rtofs.20240511/rtofs_glo_3dz_f006_6hrly_hvr_US_east.nc
ARGO_GDAC,pfl,aoml/4903353/profiles/D4903353_234.nc|2024-05-16T16:28:26Z|28.88615|-87.75033,aoml/4903353/profiles/D4903353_234.nc,4903353,4903353,28.88615,-87.75033,2024-05-16T16:28:26Z,20240516,2024,938,0.96,1865.04,18.9104,True,True,True,https://noaa-nws-rtofs-pds.s3.amazonaws.com/rtofs.20240516/rtofs_glo_3dz_f006_6hrly_hvr_US_east.nc
ARGO_GDAC,pfl,aoml/4903353/profiles/D4903353_234.nc|2024-05-16T16:28:26Z|28.88615|-87.75033,aoml/4903353/profiles/D4903353_234.nc,4903353,4903353,28.88615,-87.75033,2024-05-16T16:28:26Z,20240516,2024,877,0.52,99.92,19.4867,True,True,True,https://noaa-nws-rtofs-pds.s3.amazonaws.com/rtofs.20240516/rtofs_glo_3dz_f006_6hrly_hvr_US_east.nc
ARGO_GDAC,pfl,aoml/4903353/profiles/D4903353_235.nc|2024-05-21T15:37:44Z|28.94625|-87.76131,aoml/4903353/profiles/D4903353_235.nc,4903353,4903353,28.94625,-87.76131,2024-05-21T15:37:44Z,20240521,2024,888,1.0,1765.08,22.5739,True,True,True,https://noaa-nws-rtofs-pds.s3.amazonaws.com/rtofs.20240521/rtofs_glo_3dz_f006_6hrly_hvr_US_east.nc
ARGO_GDAC,pfl,aoml/4903353/profiles/D4903353_235.nc|2024-05-21T15:37:44Z|28.94625|-87.76131,aoml/4903353/profiles/D4903353_235.nc,4903353,4903353,28.94625,-87.76131,2024-05-21T15:37:44Z,20240521,2024,872,0.56,100.0,23.0856,True,True,True,https://noaa-nws-rtofs-pds.s3.amazonaws.com/rtofs.20240521/rtofs_glo_3dz_f006_6hrly_hvr_US_east.nc
ARGO_GDAC,pfl,aoml/4903353/profiles/D4903353_236.nc|2024-05-26T14:49:12Z|28.95937|-87.72386,aoml/4903353/profiles/D4903353_236.nc,4903353,4903353,28.95937,-87.72386,2024-05-26T14:49:12Z,20240526,2024,893,0.96,1775.52,13.7127,True,True,True,https://noaa-nws-rtofs-pds.s3.amazonaws.com/rtofs.20240526/rtofs_glo_3dz_f006_6hrly_hvr_US_east.nc
ARGO_GDAC,pfl,aoml/4903353/profiles/D4903353_236.nc|2024-05-26T14:49:12Z|28.95937|-87.72386,aoml/4903353/profiles/D4903353_236.nc,4903353,4903353,28.95937,-87.72386,2024-05-26T14:49:12Z,20240526,2024,828,0.56,100.0,13.78,True,True,True,https://noaa-nws-rtofs-pds.s3.amazonaws.com/rtofs.20240526/rtofs_glo_3dz_f006_6hrly_hvr_US_east.nc
ARGO_GDAC,pfl,aoml/4903353/profiles/D4903353_237.nc|2024-05-31T13:37:54Z|28.97043|-87.82068,aoml/4903353/profiles/D4903353_237.nc,4903353,4903353,28.97043,-87.82068,2024-05-31T13:37:54Z,20240531,2024,800,0.44,1587.12,20.2558,True,True,True,https://noaa-nws-rtofs-pds.s3.amazonaws.com/rtofs.20240531/rtofs_glo_3dz_f006_6hrly_hvr_US_east.nc
ARGO_GDAC,pfl,aoml/4903353/profiles/D4903353_237.nc|2024-05-31T13:37:54Z|28.97043|-87.82068,aoml/4903353/profiles/D4903353_237.nc,4903353,4903353,28.97043,-87.82068,2024-05-31T13:37:54Z,20240531,2024,877,0.44,99.88,20.4765,True,True,True,https://noaa-nws-rtofs-pds.s3.amazonaws.com/rtofs.20240531/rtofs_glo_3dz_f006_6hrly_hvr_US_east.nc
ARGO_GDAC,pfl,aoml/4903353/profiles/D4903353_238.nc|2024-06-05T12:32:07Z|28.94641|-87.80446,aoml/4903353/profiles/D4903353_238.nc,4903353,4903353,28.94641,-87.80446,2024-06-05T12:32:07Z,20240605,2024,830,1.0,1649.0,20.5494,True,True,True,https://noaa-nws-rtofs-pds.s3.amazonaws.com/rtofs.20240605/rtofs_glo_3dz_f006_6hrly_hvr_US_east.nc
ARGO_GDAC,pfl,aoml/4903353/profiles/D4903353_238.nc|2024-06-05T12:32:07Z|28.94641|-87.80446,aoml/4903353/profiles/D4903353_238.nc,4903353,4903353,28.94641,-87.80446,2024-06-05T12:32:07Z,20240605,2024,890,0.56,99.96,20.5397,True,True,True,https://noaa-nws-rtofs-pds.s3.amazonaws.com/rtofs.20240605/rtofs_glo_3dz_f006_6hrly_hvr_US_east.nc
ARGO_GDAC,pfl,aoml/4903353/profiles/D4903353_239.nc|2024-06-10T11:17:42Z|28.96070|-87.85428,aoml/4903353/profiles/D4903353_239.nc,4903353,4903353,28.9607,-87.85428,2024-06-10T11:17:42Z,20240610,2024,795,1.0,1579.64,16.9482,True,True,True,https://noaa-nws-rtofs-pds.s3.amazonaws.com/rtofs.20240610/rtofs_glo_3dz_f006_6hrly_hvr_US_east.nc
ARGO_GDAC,pfl,aoml/4903353/profiles/D4903353_239.nc|2024-06-10T11:17:42Z|28.96070|-87.85428,aoml/4903353/profiles/D4903353_239.nc,4903353,4903353,28.9607,-87.85428,2024-06-10T11:17:42Z,20240610,2024,904,0.52,99.88,17.32,True,True,True,https://noaa-nws-rtofs-pds.s3.amazonaws.com/rtofs.20240610/rtofs_glo_3dz_f006_6hrly_hvr_US_east.nc
ARGO_GDAC,pfl,aoml/4903353/profiles/D4903353_240.nc|2024-06-15T10:11:58Z|28.93999|-87.92463,aoml/4903353/profiles/D4903353_240.nc,4903353,4903353,28.93999,-87.92463,2024-06-15T10:11:58Z,20240615,2024,828,0.96,1645.56,11.0586,True,True,True,https://noaa-nws-rtofs-pds.s3.amazonaws.com/rtofs.20240615/rtofs_glo_3dz_f006_6hrly_hvr_US_east.nc
ARGO_GDAC,pfl,aoml/4903353/profiles/D4903353_240.nc|2024-06-15T10:11:58Z|28.93999|-87.92463,aoml/4903353/profiles/D4903353_240.nc,4903353,4903353,28.93999,-87.92463,2024-06-15T10:11:58Z,20240615,2024,872,0.56,99.88,11.7261,True,True,True,https://noaa-nws-rtofs-pds.s3.amazonaws.com/rtofs.20240615/rtofs_glo_3dz_f006_6hrly_hvr_US_east.nc
ARGO_GDAC,pfl,aoml/4903353/profiles/D4903353_241.nc|2024-06-20T09:03:28Z|28.89396|-88.05621,aoml/4903353/profiles/D4903353_241.nc,4903353,4903353,28.89396,-88.05621,2024-06-20T09:03:28Z,20240620,2024,818,1.04,1625.88,23.2469,True,True,True,https://noaa-nws-rtofs-pds.s3.amazonaws.com/rtofs.20240620/rtofs_glo_3dz_f006_6hrly_hvr_US_east.nc
ARGO_GDAC,pfl,aoml/4903353/profiles/D4903353_241.nc|2024-06-20T09:03:28Z|28.89396|-88.05621,aoml/4903353/profiles/D4903353_241.nc,4903353,4903353,28.89396,-88.05621,2024-06-20T09:03:28Z,20240620,2024,854,0.64,99.96,23.8997,True,True,True,https://noaa-nws-rtofs-pds.s3.amazonaws.com/rtofs.20240620/rtofs_glo_3dz_f006_6hrly_hvr_US_east.nc
ARGO_GDAC,pfl,aoml/4903353/profiles/D4903353_242.nc|2024-06-25T07:44:07Z|28.69990|-88.34862,aoml/4903353/profiles/D4903353_242.nc,4903353,4903353,28.6999,-88.34862,2024-06-25T07:44:07Z,20240625,2024,767,1.0,1523.92,33.2629,True,True,True,https://noaa-nws-rtofs-pds.s3.amazonaws.com/rtofs.20240625/rtofs_glo_3dz_f006_6hrly_hvr_US_east.nc
ARGO_GDAC,pfl,aoml/4903353/profiles/D4903353_242.nc|2024-06-25T07:44:07Z|28.69990|-88.34862,aoml/4903353/profiles/D4903353_242.nc,4903353,4903353,28.6999,-88.34862,2024-06-25T07:44:07Z,20240625,2024,845,0.68,99.96,33.6833,True,True,True,https://noaa-nws-rtofs-pds.s3.amazonaws.com/rtofs.20240625/rtofs_glo_3dz_f006_6hrly_hvr_US_east.nc
ARGO_GDAC,pfl,aoml/4903353/profiles/D4903353_243.nc|2024-06-30T06:30:27Z|28.62392|-88.44818,aoml/4903353/profiles/D4903353_243.nc,4903353,4903353,28.62392,-88.44818,2024-06-30T06:30:27Z,20240630,2024,781,1.24,1551.92,26.9827,True,True,True,https://noaa-nws-rtofs-pds.s3.amazonaws.com/rtofs.20240630/rtofs_glo_3dz_f006_6hrly_hvr_US_east.nc
ARGO_GDAC,pfl,aoml/4903353/profiles/D4903353_243.nc|2024-06-30T06:30:27Z|28.62392|-88.44818,aoml/4903353/profiles/D4903353_243.nc,4903353,4903353,28.62392,-88.44818,2024-06-30T06:30:27Z,20240630,2024,921,0.96,99.92,26.9467,True,True,True,https://noaa-nws-rtofs-pds.s3.amazonaws.com/rtofs.20240630/rtofs_glo_3dz_f006_6hrly_hvr_US_east.nc
ARGO_GDAC,pfl,aoml/4903353/profiles/D4903353_244.nc|2024-07-05T05:44:01Z|28.61665|-88.38668,aoml/4903353/profiles/D4903353_244.nc,4903353,4903353,28.61665,-88.38668,2024-07-05T05:44:01Z,20240705,2024,905,1.0,1799.16,13.0903,True,True,True,https://noaa-nws-rtofs-pds.s3.amazonaws.com/rtofs.20240705/rtofs_glo_3dz_f006_6hrly_hvr_US_east.nc
ARGO_GDAC,pfl,aoml/4903353/profiles/D4903353_244.nc|2024-07-05T05:44:01Z|28.61665|-88.38668,aoml/4903353/profiles/D4903353_244.nc,4903353,4903353,28.61665,-88.38668,2024-07-05T05:44:01Z,20240705,2024,911,0.64,99.92,13.0461,True,True,True,https://noaa-nws-rtofs-pds.s3.amazonaws.com/rtofs.20240705/rtofs_glo_3dz_f006_6hrly_hvr_US_east.nc
ARGO_GDAC,pfl,aoml/4903353/profiles/D4903353_245.nc|2024-07-10T04:55:28Z|28.58464|-88.43846,aoml/4903353/profiles/D4903353_245.nc,4903353,4903353,28.58464,-88.43846,2024-07-10T04:55:28Z,20240710,2024,899,2.32,1789.6,18.011,True,True,True,https://noaa-nws-rtofs-pds.s3.amazonaws.com/rtofs.20240710/rtofs_glo_3dz_f006_6hrly_hvr_US_east.nc
ARGO_GDAC,pfl,aoml/4903353/profiles/D4903353_245.nc|2024-07-10T04:55:28Z|28.58464|-88.43846,aoml/4903353/profiles/D4903353_245.nc,4903353,4903353,28.58464,-88.43846,2024-07-10T04:55:28Z,20240710,2024,1020,2.12,100.0,17.96,True,True,True,https://noaa-nws-rtofs-pds.s3.amazonaws.com/rtofs.20240710/rtofs_glo_3dz_f006_6hrly_hvr_US_east.nc
ARGO_GDAC,pfl,aoml/4903353/profiles/D4903353_246.nc|2024-07-15T04:05:03Z|28.53179|-88.48069,aoml/4903353/profiles/D4903353_246.nc,4903353,4903353,28.53179,-88.48069,2024-07-15T04:05:03Z,20240715,2024,878,1.0,1745.28,15.3382,True,True,True,https://noaa-nws-rtofs-pds.s3.amazonaws.com/rtofs.20240715/rtofs_glo_3dz_f006_6hrly_hvr_US_east.nc
ARGO_GDAC,pfl,aoml/4903353/profiles/D4903353_246.nc|2024-07-15T04:05:03Z|28.53179|-88.48069,aoml/4903353/profiles/D4903353_246.nc,4903353,4903353,28.53179,-88.48069,2024-07-15T04:05:03Z,20240715,2024,927,0.64,99.96,15.2246,True,True,True,https://noaa-nws-rtofs-pds.s3.amazonaws.com/rtofs.20240715/rtofs_glo_3dz_f006_6hrly_hvr_US_east.nc
ARGO_GDAC,pfl,aoml/4903353/profiles/D4903353_247.nc|2024-07-20T03:14:32Z|28.54787|-88.50366,aoml/4903353/profiles/D4903353_247.nc,4903353,4903353,28.54787,-88.50366,2024-07-20T03:14:32Z,20240720,2024,868,0.48,1723.48,24.1082,True,True,True,https://noaa-nws-rtofs-pds.s3.amazonaws.com/rtofs.20240720/rtofs_glo_3dz_f006_6hrly_hvr_US_east.nc
ARGO_GDAC,pfl,aoml/4903353/profiles/D4903353_247.nc|2024-07-20T03:14:32Z|28.54787|-88.50366,aoml/4903353/profiles/D4903353_247.nc,4903353,4903353,28.54787,-88.50366,2024-07-20T03:14:32Z,20240720,2024,878,0.48,99.92,24.2364,True,True,True,https://noaa-nws-rtofs-pds.s3.amazonaws.com/rtofs.20240720/rtofs_glo_3dz_f006_6hrly_hvr_US_east.nc
ARGO_GDAC,pfl,aoml/4903353/profiles/D4903353_248.nc|2024-07-25T02:03:49Z|28.45629|-88.51990,aoml/4903353/profiles/D4903353_248.nc,4903353,4903353,28.45629,-88.5199,2024-07-25T02:03:49Z,20240725,2024,804,1.04,1597.44,13.1233,True,True,True,https://noaa-nws-rtofs-pds.s3.amazonaws.com/rtofs.20240725/rtofs_glo_3dz_f006_6hrly_hvr_US_east.nc
ARGO_GDAC,pfl,aoml/4903353/profiles/D4903353_248.nc|2024-07-25T02:03:49Z|28.45629|-88.51990,aoml/4903353/profiles/D4903353_248.nc,4903353,4903353,28.45629,-88.5199,2024-07-25T02:03:49Z,20240725,2024,969,0.64,99.88,11.42,True,True,True,https://noaa-nws-rtofs-pds.s3.amazonaws.com/rtofs.20240725/rtofs_glo_3dz_f006_6hrly_hvr_US_east.nc
ARGO_GDAC,pfl,aoml/4903353/profiles/D4903353_249.nc|2024-07-30T00:51:04Z|28.37246|-88.55207,aoml/4903353/profiles/D4903353_249.nc,4903353,4903353,28.37246,-88.55207,2024-07-30T00:51:04Z,20240730,2024,806,1.04,1601.4,14.502,True,True,True,https://noaa-nws-rtofs-pds.s3.amazonaws.com/rtofs.20240730/rtofs_glo_3dz_f006_6hrly_hvr_US_east.nc
ARGO_GDAC,pfl,aoml/4903353/profiles/D4903353_249.nc|2024-07-30T00:51:04Z|28.37246|-88.55207,aoml/4903353/profiles/D4903353_249.nc,4903353,4903353,28.37246,-88.55207,2024-07-30T00:51:04Z,20240730,2024,936,0.64,99.88,14.504,True,True,True,https://noaa-nws-rtofs-pds.s3.amazonaws.com/rtofs.20240730/rtofs_glo_3dz_f006_6hrly_hvr_US_east.nc
ARGO_GDAC,pfl,aoml/4903353/profiles/D4903353_250.nc|2024-08-03T23:54:30Z|28.34311|-88.46288,aoml/4903353/profiles/D4903353_250.nc,4903353,4903353,28.34311,-88.46288,2024-08-03T23:54:30Z,20240803,2024,859,1.08,1707.4,19.2554,True,True,True,https://noaa-nws-rtofs-pds.s3.amazonaws.com/rtofs.20240803/rtofs_glo_3dz_f006_6hrly_hvr_US_east.nc
ARGO_GDAC,pfl,aoml/4903353/profiles/D4903353_250.nc|2024-08-03T23:54:30Z|28.34311|-88.46288,aoml/4903353/profiles/D4903353_250.nc,4903353,4903353,28.34311,-88.46288,2024-08-03T23:54:30Z,20240803,2024,868,0.68,99.92,19.79,True,True,True,https://noaa-nws-rtofs-pds.s3.amazonaws.com/rtofs.20240803/rtofs_glo_3dz_f006_6hrly_hvr_US_east.nc
ARGO_GDAC,pfl,aoml/4903353/profiles/D4903353_251.nc|2024-08-08T22:38:31Z|28.33362|-88.63988,aoml/4903353/profiles/D4903353_251.nc,4903353,4903353,28.33362,-88.63988,2024-08-08T22:38:31Z,20240808,2024,797,0.96,1583.04,15.3838,True,True,True,https://noaa-nws-rtofs-pds.s3.amazonaws.com/rtofs.20240808/rtofs_glo_3dz_f006_6hrly_hvr_US_east.nc
ARGO_GDAC,pfl,aoml/4903353/profiles/D4903353_251.nc|2024-08-08T22:38:31Z|28.33362|-88.63988,aoml/4903353/profiles/D4903353_251.nc,4903353,4903353,28.33362,-88.63988,2024-08-08T22:38:31Z,20240808,2024,916,0.6,99.96,15.7524,True,True,True,https://noaa-nws-rtofs-pds.s3.amazonaws.com/rtofs.20240808/rtofs_glo_3dz_f006_6hrly_hvr_US_east.nc
ARGO_GDAC,pfl,aoml/4903353/profiles/D4903353_252.nc|2024-08-13T21:17:56Z|28.37063|-88.75176,aoml/4903353/profiles/D4903353_252.nc,4903353,4903353,28.37063,-88.75176,2024-08-13T21:17:56Z,20240813,2024,752,1.08,1493.68,13.0005,True,True,True,https://noaa-nws-rtofs-pds.s3.amazonaws.com/rtofs.20240813/rtofs_glo_3dz_f006_6hrly_hvr_US_east.nc
ARGO_GDAC,pfl,aoml/4903353/profiles/D4903353_252.nc|2024-08-13T21:17:56Z|28.37063|-88.75176,aoml/4903353/profiles/D4903353_252.nc,4903353,4903353,28.37063,-88.75176,2024-08-13T21:17:56Z,20240813,2024,903,0.72,99.96,13.545,True,True,True,https://noaa-nws-rtofs-pds.s3.amazonaws.com/rtofs.20240813/rtofs_glo_3dz_f006_6hrly_hvr_US_east.nc
ARGO_GDAC,pfl,aoml/4903353/profiles/D4903353_253.nc|2024-08-18T19:47:06Z|28.39108|-88.78514,aoml/4903353/profiles/D4903353_253.nc,4903353,4903353,28.39108,-88.78514,2024-08-18T19:47:06Z,20240818,2024,722,1.12,1433.36,15.4532,True,True,True,https://noaa-nws-rtofs-pds.s3.amazonaws.com/rtofs.20240818/rtofs_glo_3dz_f006_6hrly_hvr_US_east.nc
ARGO_GDAC,pfl,aoml/4903353/profiles/D4903353_253.nc|2024-08-18T19:47:06Z|28.39108|-88.78514,aoml/4903353/profiles/D4903353_253.nc,4903353,4903353,28.39108,-88.78514,2024-08-18T19:47:06Z,20240818,2024,1020,1.04,100.0,15.552,True,True,True,https://noaa-nws-rtofs-pds.s3.amazonaws.com/rtofs.20240818/rtofs_glo_3dz_f006_6hrly_hvr_US_east.nc
ARGO_GDAC,pfl,aoml/4903353/profiles/D4903353_254.nc|2024-08-23T17:55:52Z|28.39401|-88.81480,aoml/4903353/profiles/D4903353_254.nc,4903353,4903353,28.39401,-88.8148,2024-08-23T17:55:52Z,20240823,2024,647,4.4,1289.4,14.6744,True,True,True,https://noaa-nws-rtofs-pds.s3.amazonaws.com/rtofs.20240823/rtofs_glo_3dz_f006_6hrly_hvr_US_east.nc
ARGO_GDAC,pfl,aoml/4903353/profiles/D4903353_254.nc|2024-08-23T17:55:52Z|28.39401|-88.81480,aoml/4903353/profiles/D4903353_254.nc,4903353,4903353,28.39401,-88.8148,2024-08-23T17:55:52Z,20240823,2024,1002,4.32,99.96,13.5662,True,True,True,https://noaa-nws-rtofs-pds.s3.amazonaws.com/rtofs.20240823/rtofs_glo_3dz_f006_6hrly_hvr_US_east.nc
ARGO_GDAC,pfl,aoml/4903353/profiles/D4903353_255.nc|2024-08-28T16:18:39Z|28.37726|-88.85291,aoml/4903353/profiles/D4903353_255.nc,4903353,4903353,28.37726,-88.85291,2024-08-28T16:18:39Z,20240828,2024,692,1.24,1373.48,17.4478,True,True,True,https://noaa-nws-rtofs-pds.s3.amazonaws.com/rtofs.20240828/rtofs_glo_3dz_f006_6hrly_hvr_US_east.nc
ARGO_GDAC,pfl,aoml/4903353/profiles/D4903353_255.nc|2024-08-28T16:18:39Z|28.37726|-88.85291,aoml/4903353/profiles/D4903353_255.nc,4903353,4903353,28.37726,-88.85291,2024-08-28T16:18:39Z,20240828,2024,1020,2.04,100.0,11.7893,True,True,True,https://noaa-nws-rtofs-pds.s3.amazonaws.com/rtofs.20240828/rtofs_glo_3dz_f006_6hrly_hvr_US_east.nc
ARGO_GDAC,pfl,aoml/4903353/profiles/D4903353_256.nc|2024-09-02T14:33:24Z|28.35603|-88.88064,aoml/4903353/profiles/D4903353_256.nc,4903353,4903353,28.35603,-88.88064,2024-09-02T14:33:24Z,20240902,2024,686,1.12,1361.48,13.9745,True,True,True,https://noaa-nws-rtofs-pds.s3.amazonaws.com/rtofs.20240902/rtofs_glo_3dz_f006_6hrly_hvr_US_east.nc
ARGO_GDAC,pfl,aoml/4903353/profiles/D4903353_256.nc|2024-09-02T14:33:24Z|28.35603|-88.88064,aoml/4903353/profiles/D4903353_256.nc,4903353,4903353,28.35603,-88.88064,2024-09-02T14:33:24Z,20240902,2024,1003,0.76,99.92,14.4231,True,True,True,https://noaa-nws-rtofs-pds.s3.amazonaws.com/rtofs.20240902/rtofs_glo_3dz_f006_6hrly_hvr_US_east.nc
ARGO_GDAC,pfl,aoml/4903353/profiles/D4903353_257.nc|2024-09-07T12:39:03Z|28.33796|-88.88838,aoml/4903353/profiles/D4903353_257.nc,4903353,4903353,28.33796,-88.88838,2024-09-07T12:39:03Z,20240907,2024,637,1.12,1263.96,10.8568,True,True,True,https://noaa-nws-rtofs-pds.s3.amazonaws.com/rtofs.20240907/rtofs_glo_3dz_f006_6hrly_hvr_US_east.nc
ARGO_GDAC,pfl,aoml/4903353/profiles/D4903353_257.nc|2024-09-07T12:39:03Z|28.33796|-88.88838,aoml/4903353/profiles/D4903353_257.nc,4903353,4903353,28.33796,-88.88838,2024-09-07T12:39:03Z,20240907,2024,931,0.72,99.92,10.7624,True,True,True,https://noaa-nws-rtofs-pds.s3.amazonaws.com/rtofs.20240907/rtofs_glo_3dz_f006_6hrly_hvr_US_east.nc
ARGO_GDAC,pfl,aoml/4903353/profiles/D4903353_258.nc|2024-09-12T10:50:17Z|28.32481|-88.89225,aoml/4903353/profiles/D4903353_258.nc,4903353,4903353,28.32481,-88.89225,2024-09-12T10:50:17Z,20240912,2024,653,1.08,1295.24,25.8002,True,True,True,https://noaa-nws-rtofs-pds.s3.amazonaws.com/rtofs.20240912/rtofs_glo_3dz_f006_6hrly_hvr_US_east.nc
ARGO_GDAC,pfl,aoml/4903353/profiles/D4903353_258.nc|2024-09-12T10:50:17Z|28.32481|-88.89225,aoml/4903353/profiles/D4903353_258.nc,4903353,4903353,28.32481,-88.89225,2024-09-12T10:50:17Z,20240912,2024,908,0.76,99.92,25.87,True,True,True,https://noaa-nws-rtofs-pds.s3.amazonaws.com/rtofs.20240912/rtofs_glo_3dz_f006_6hrly_hvr_US_east.nc
ARGO_GDAC,pfl,aoml/4903353/profiles/D4903353_259.nc|2024-09-17T09:08:01Z|28.30900|-88.90125,aoml/4903353/profiles/D4903353_259.nc,4903353,4903353,28.309,-88.90125,2024-09-17T09:08:01Z,20240917,2024,664,1.04,1317.04,25.2727,True,True,True,https://noaa-nws-rtofs-pds.s3.amazonaws.com/rtofs.20240917/rtofs_glo_3dz_f006_6hrly_hvr_US_east.nc
ARGO_GDAC,pfl,aoml/4903353/profiles/D4903353_259.nc|2024-09-17T09:08:01Z|28.30900|-88.90125,aoml/4903353/profiles/D4903353_259.nc,4903353,4903353,28.309,-88.90125,2024-09-17T09:08:01Z,20240917,2024,896,0.64,99.84,25.0539,True,True,True,https://noaa-nws-rtofs-pds.s3.amazonaws.com/rtofs.20240917/rtofs_glo_3dz_f006_6hrly_hvr_US_east.nc
ARGO_GDAC,pfl,aoml/4903353/profiles/D4903353_260.nc|2024-09-22T07:21:16Z|28.28972|-88.91298,aoml/4903353/profiles/D4903353_260.nc,4903353,4903353,28.28972,-88.91298,2024-09-22T07:21:16Z,20240922,2024,661,1.12,1311.52,26.645,True,True,True,https://noaa-nws-rtofs-pds.s3.amazonaws.com/rtofs.20240922/rtofs_glo_3dz_f006_6hrly_hvr_US_east.nc
ARGO_GDAC,pfl,aoml/4903353/profiles/D4903353_260.nc|2024-09-22T07:21:16Z|28.28972|-88.91298,aoml/4903353/profiles/D4903353_260.nc,4903353,4903353,28.28972,-88.91298,2024-09-22T07:21:16Z,20240922,2024,931,0.76,99.96,27.0801,True,True,True,https://noaa-nws-rtofs-pds.s3.amazonaws.com/rtofs.20240922/rtofs_glo_3dz_f006_6hrly_hvr_US_east.nc
ARGO_GDAC,pfl,aoml/4903353/profiles/D4903353_261.nc|2024-09-27T05:36:41Z|28.26784|-88.93015,aoml/4903353/profiles/D4903353_261.nc,4903353,4903353,28.26784,-88.93015,2024-09-27T05:36:41Z,20240927,2024,666,1.12,1321.6,20.3737,True,True,True,https://noaa-nws-rtofs-pds.s3.amazonaws.com/rtofs.20240927/rtofs_glo_3dz_f006_6hrly_hvr_US_east.nc
ARGO_GDAC,pfl,aoml/4903353/profiles/D4903353_261.nc|2024-09-27T05:36:41Z|28.26784|-88.93015,aoml/4903353/profiles/D4903353_261.nc,4903353,4903353,28.26784,-88.93015,2024-09-27T05:36:41Z,20240927,2024,863,0.8,99.88,20.7589,True,True,True,https://noaa-nws-rtofs-pds.s3.amazonaws.com/rtofs.20240927/rtofs_glo_3dz_f006_6hrly_hvr_US_east.nc
ARGO_GDAC,pfl,aoml/4903353/profiles/D4903353_262.nc|2024-10-02T03:40:02Z|28.23610|-88.95306,aoml/4903353/profiles/D4903353_262.nc,4903353,4903353,28.2361,-88.95306,2024-10-02T03:40:02Z,20241002,2024,633,1.04,1255.08,38.1604,True,True,True,https://noaa-nws-rtofs-pds.s3.amazonaws.com/rtofs.20241002/rtofs_glo_3dz_f006_6hrly_hvr_US_east.nc
ARGO_GDAC,pfl,aoml/4903353/profiles/D4903353_262.nc|2024-10-02T03:40:02Z|28.23610|-88.95306,aoml/4903353/profiles/D4903353_262.nc,4903353,4903353,28.2361,-88.95306,2024-10-02T03:40:02Z,20241002,2024,897,0.68,99.92,38.5382,True,True,True,https://noaa-nws-rtofs-pds.s3.amazonaws.com/rtofs.20241002/rtofs_glo_3dz_f006_6hrly_hvr_US_east.nc
ARGO_GDAC,pfl,aoml/4903353/profiles/D4903353_263.nc|2024-10-07T01:58:47Z|28.19249|-88.98731,aoml/4903353/profiles/D4903353_263.nc,4903353,4903353,28.19249,-88.98731,2024-10-07T01:58:47Z,20241007,2024,689,1.08,1367.0,24.4047,True,True,True,https://noaa-nws-rtofs-pds.s3.amazonaws.com/rtofs.20241007/rtofs_glo_3dz_f006_6hrly_hvr_US_east.nc
ARGO_GDAC,pfl,aoml/4903353/profiles/D4903353_263.nc|2024-10-07T01:58:47Z|28.19249|-88.98731,aoml/4903353/profiles/D4903353_263.nc,4903353,4903353,28.19249,-88.98731,2024-10-07T01:58:47Z,20241007,2024,917,0.68,100.0,24.3513,True,True,True,https://noaa-nws-rtofs-pds.s3.amazonaws.com/rtofs.20241007/rtofs_glo_3dz_f006_6hrly_hvr_US_east.nc
ARGO_GDAC,pfl,aoml/4903353/profiles/D4903353_264.nc|2024-10-12T00:13:12Z|28.18580|-89.02814,aoml/4903353/profiles/D4903353_264.nc,4903353,4903353,28.1858,-89.02814,2024-10-12T00:13:12Z,20241012,2024,645,1.24,1279.04,31.4251,True,True,True,https://noaa-nws-rtofs-pds.s3.amazonaws.com/rtofs.20241012/rtofs_glo_3dz_f006_6hrly_hvr_US_east.nc
ARGO_GDAC,pfl,aoml/4903353/profiles/D4903353_264.nc|2024-10-12T00:13:12Z|28.18580|-89.02814,aoml/4903353/profiles/D4903353_264.nc,4903353,4903353,28.1858,-89.02814,2024-10-12T00:13:12Z,20241012,2024,855,1.08,100.0,31.7422,True,True,True,https://noaa-nws-rtofs-pds.s3.amazonaws.com/rtofs.20241012/rtofs_glo_3dz_f006_6hrly_hvr_US_east.nc
ARGO_GDAC,pfl,aoml/4903353/profiles/D4903353_265.nc|2024-10-16T22:13:28Z|28.17638|-89.05060,aoml/4903353/profiles/D4903353_265.nc,4903353,4903353,28.17638,-89.0506,2024-10-16T22:13:28Z,20241016,2024,620,0.44,1227.48,47.1384,True,True,True,https://noaa-nws-rtofs-pds.s3.amazonaws.com/rtofs.20241016/rtofs_glo_3dz_f006_6hrly_hvr_US_east.nc
ARGO_GDAC,pfl,aoml/4903353/profiles/D4903353_265.nc|2024-10-16T22:13:28Z|28.17638|-89.05060,aoml/4903353/profiles/D4903353_265.nc,4903353,4903353,28.17638,-89.0506,2024-10-16T22:13:28Z,20241016,2024,853,0.44,99.96,47.6777,True,True,True,https://noaa-nws-rtofs-pds.s3.amazonaws.com/rtofs.20241016/rtofs_glo_3dz_f006_6hrly_hvr_US_east.nc
ARGO_GDAC,pfl,aoml/4903353/profiles/D4903353_266.nc|2024-10-21T20:10:38Z|28.16868|-89.07315,aoml/4903353/profiles/D4903353_266.nc,4903353,4903353,28.16868,-89.07315,2024-10-21T20:10:38Z,20241021,2024,611,0.44,1209.24,45.2325,True,True,True,https://noaa-nws-rtofs-pds.s3.amazonaws.com/rtofs.20241021/rtofs_glo_3dz_f006_6hrly_hvr_US_east.nc
ARGO_GDAC,pfl,aoml/4903353/profiles/D4903353_266.nc|2024-10-21T20:10:38Z|28.16868|-89.07315,aoml/4903353/profiles/D4903353_266.nc,4903353,4903353,28.16868,-89.07315,2024-10-21T20:10:38Z,20241021,2024,787,0.44,99.96,45.28,True,True,True,https://noaa-nws-rtofs-pds.s3.amazonaws.com/rtofs.20241021/rtofs_glo_3dz_f006_6hrly_hvr_US_east.nc
ARGO_GDAC,pfl,aoml/4903353/profiles/D4903353_267.nc|2024-10-26T18:05:01Z|28.16218|-89.09132,aoml/4903353/profiles/D4903353_267.nc,4903353,4903353,28.16218,-89.09132,2024-10-26T18:05:01Z,20241026,2024,600,0.44,1187.24,48.5249,True,True,True,https://noaa-nws-rtofs-pds.s3.amazonaws.com/rtofs.20241026/rtofs_glo_3dz_f006_6hrly_hvr_US_east.nc
ARGO_GDAC,pfl,aoml/4903353/profiles/D4903353_267.nc|2024-10-26T18:05:01Z|28.16218|-89.09132,aoml/4903353/profiles/D4903353_267.nc,4903353,4903353,28.16218,-89.09132,2024-10-26T18:05:01Z,20241026,2024,879,0.44,99.84,48.7733,True,True,True,https://noaa-nws-rtofs-pds.s3.amazonaws.com/rtofs.20241026/rtofs_glo_3dz_f006_6hrly_hvr_US_east.nc
ARGO_GDAC,pfl,aoml/4903353/profiles/D4903353_268.nc|2024-10-31T16:00:02Z|28.15525|-89.11216,aoml/4903353/profiles/D4903353_268.nc,4903353,4903353,28.15525,-89.11216,2024-10-31T16:00:02Z,20241031,2024,591,0.96,1171.04,48.1407,True,True,True,https://noaa-nws-rtofs-pds.s3.amazonaws.com/rtofs.20241031/rtofs_glo_3dz_f006_6hrly_hvr_US_east.nc
ARGO_GDAC,pfl,aoml/4903353/profiles/D4903353_268.nc|2024-10-31T16:00:02Z|28.15525|-89.11216,aoml/4903353/profiles/D4903353_268.nc,4903353,4903353,28.15525,-89.11216,2024-10-31T16:00:02Z,20241031,2024,947,0.52,99.92,48.4106,True,True,True,https://noaa-nws-rtofs-pds.s3.amazonaws.com/rtofs.20241031/rtofs_glo_3dz_f006_6hrly_hvr_US_east.nc
ARGO_GDAC,pfl,aoml/4903353/profiles/D4903353_269.nc|2024-11-05T13:46:40Z|28.14805|-89.13781,aoml/4903353/profiles/D4903353_269.nc,4903353,4903353,28.14805,-89.13781,2024-11-05T13:46:40Z,20241105,2024,566,1.0,1122.16,56.4343,True,True,True,https://noaa-nws-rtofs-pds.s3.amazonaws.com/rtofs.20241105/rtofs_glo_3dz_f006_6hrly_hvr_US_east.nc
ARGO_GDAC,pfl,aoml/4903353/profiles/D4903353_269.nc|2024-11-05T13:46:40Z|28.14805|-89.13781,aoml/4903353/profiles/D4903353_269.nc,4903353,4903353,28.14805,-89.13781,2024-11-05T13:46:40Z,20241105,2024,843,0.52,99.96,56.5253,True,True,True,https://noaa-nws-rtofs-pds.s3.amazonaws.com/rtofs.20241105/rtofs_glo_3dz_f006_6hrly_hvr_US_east.nc
ARGO_GDAC,pfl,aoml/4903353/profiles/D4903353_270.nc|2024-11-10T11:33:17Z|28.14604|-89.16306,aoml/4903353/profiles/D4903353_270.nc,4903353,4903353,28.14604,-89.16306,2024-11-10T11:33:17Z,20241110,2024,551,1.08,1091.92,48.6135,True,True,True,https://noaa-nws-rtofs-pds.s3.amazonaws.com/rtofs.20241110/rtofs_glo_3dz_f006_6hrly_hvr_US_east.nc
ARGO_GDAC,pfl,aoml/4903353/profiles/D4903353_270.nc|2024-11-10T11:33:17Z|28.14604|-89.16306,aoml/4903353/profiles/D4903353_270.nc,4903353,4903353,28.14604,-89.16306,2024-11-10T11:33:17Z,20241110,2024,961,0.68,99.88,49.0822,True,True,True,https://noaa-nws-rtofs-pds.s3.amazonaws.com/rtofs.20241110/rtofs_glo_3dz_f006_6hrly_hvr_US_east.nc
ARGO_GDAC,pfl,aoml/4903353/profiles/D4903353_271.nc|2024-11-15T09:06:27Z|28.14844|-89.18494,aoml/4903353/profiles/D4903353_271.nc,4903353,4903353,28.14844,-89.18494,2024-11-15T09:06:27Z,20241115,2024,519,0.4,1025.2,59.0576,True,True,True,https://noaa-nws-rtofs-pds.s3.amazonaws.com/rtofs.20241115/rtofs_glo_3dz_f006_6hrly_hvr_US_east.nc
ARGO_GDAC,pfl,aoml/4903353/profiles/D4903353_271.nc|2024-11-15T09:06:27Z|28.14844|-89.18494,aoml/4903353/profiles/D4903353_271.nc,4903353,4903353,28.14844,-89.18494,2024-11-15T09:06:27Z,20241115,2024,783,0.4,99.92,59.5042,True,True,True,https://noaa-nws-rtofs-pds.s3.amazonaws.com/rtofs.20241115/rtofs_glo_3dz_f006_6hrly_hvr_US_east.nc
ARGO_GDAC,pfl,aoml/4903353/profiles/D4903353_272.nc|2024-11-20T06:41:12Z|28.14414|-89.20721,aoml/4903353/profiles/D4903353_272.nc,4903353,4903353,28.14414,-89.20721,2024-11-20T06:41:12Z,20241120,2024,510,1.0,1009.44,25.8159,True,True,True,https://noaa-nws-rtofs-pds.s3.amazonaws.com/rtofs.20241120/rtofs_glo_3dz_f006_6hrly_hvr_US_east.nc
ARGO_GDAC,pfl,aoml/4903353/profiles/D4903353_272.nc|2024-11-20T06:41:12Z|28.14414|-89.20721,aoml/4903353/profiles/D4903353_272.nc,4903353,4903353,28.14414,-89.20721,2024-11-20T06:41:12Z,20241120,2024,892,0.56,99.96,25.0528,True,True,True,https://noaa-nws-rtofs-pds.s3.amazonaws.com/rtofs.20241120/rtofs_glo_3dz_f006_6hrly_hvr_US_east.nc
ARGO_GDAC,pfl,aoml/4903353/profiles/D4903353_273.nc|2024-11-25T04:08:08Z|28.13306|-89.23721,aoml/4903353/profiles/D4903353_273.nc,4903353,4903353,28.13306,-89.23721,2024-11-25T04:08:08Z,20241125,2024,485,0.44,957.84,65.4598,True,True,True,https://noaa-nws-rtofs-pds.s3.amazonaws.com/rtofs.20241125/rtofs_glo_3dz_f006_6hrly_hvr_US_east.nc
ARGO_GDAC,pfl,aoml/4903353/profiles/D4903353_273.nc|2024-11-25T04:08:08Z|28.13306|-89.23721,aoml/4903353/profiles/D4903353_273.nc,4903353,4903353,28.13306,-89.23721,2024-11-25T04:08:08Z,20241125,2024,943,0.44,99.96,65.2533,True,True,True,https://noaa-nws-rtofs-pds.s3.amazonaws.com/rtofs.20241125/rtofs_glo_3dz_f006_6hrly_hvr_US_east.nc
ARGO_GDAC,pfl,aoml/4903353/profiles/D4903353_274.nc|2024-11-30T01:41:36Z|28.12215|-89.25793,aoml/4903353/profiles/D4903353_274.nc,4903353,4903353,28.12215,-89.25793,2024-11-30T01:41:36Z,20241130,2024,517,1.08,1023.12,56.4824,True,True,True,https://noaa-nws-rtofs-pds.s3.amazonaws.com/rtofs.20241130/rtofs_glo_3dz_f006_6hrly_hvr_US_east.nc
ARGO_GDAC,pfl,aoml/4903353/profiles/D4903353_274.nc|2024-11-30T01:41:36Z|28.12215|-89.25793,aoml/4903353/profiles/D4903353_274.nc,4903353,4903353,28.12215,-89.25793,2024-11-30T01:41:36Z,20241130,2024,936,0.76,99.92,56.7724,True,True,True,https://noaa-nws-rtofs-pds.s3.amazonaws.com/rtofs.20241130/rtofs_glo_3dz_f006_6hrly_hvr_US_east.nc
ARGO_GDAC,pfl,aoml/4903353/profiles/D4903353_275.nc|2024-12-04T23:18:41Z|28.11136|-89.26534,aoml/4903353/profiles/D4903353_275.nc,4903353,4903353,28.11136,-89.26534,2024-12-04T23:18:41Z,20241204,2024,526,1.04,1041.6,62.2205,True,True,True,https://noaa-nws-rtofs-pds.s3.amazonaws.com/rtofs.20241204/rtofs_glo_3dz_f006_6hrly_hvr_US_east.nc
ARGO_GDAC,pfl,aoml/4903353/profiles/D4903353_275.nc|2024-12-04T23:18:41Z|28.11136|-89.26534,aoml/4903353/profiles/D4903353_275.nc,4903353,4903353,28.11136,-89.26534,2024-12-04T23:18:41Z,20241204,2024,843,0.6,99.88,62.58,True,True,True,https://noaa-nws-rtofs-pds.s3.amazonaws.com/rtofs.20241204/rtofs_glo_3dz_f006_6hrly_hvr_US_east.nc
ARGO_GDAC,pfl,aoml/4903353/profiles/D4903353_276.nc|2024-12-09T20:54:04Z|28.10807|-89.25723,aoml/4903353/profiles/D4903353_276.nc,4903353,4903353,28.10807,-89.25723,2024-12-09T20:54:04Z,20241209,2024,533,1.0,1055.24,41.4298,True,True,True,https://noaa-nws-rtofs-pds.s3.amazonaws.com/rtofs.20241209/rtofs_glo_3dz_f006_6hrly_hvr_US_east.nc
ARGO_GDAC,pfl,aoml/4903353/profiles/D4903353_276.nc|2024-12-09T20:54:04Z|28.10807|-89.25723,aoml/4903353/profiles/D4903353_276.nc,4903353,4903353,28.10807,-89.25723,2024-12-09T20:54:04Z,20241209,2024,857,0.6,99.92,40.3554,True,True,True,https://noaa-nws-rtofs-pds.s3.amazonaws.com/rtofs.20241209/rtofs_glo_3dz_f006_6hrly_hvr_US_east.nc
ARGO_GDAC,pfl,aoml/4903353/profiles/D4903353_277.nc|2024-12-14T18:31:58Z|28.10907|-89.24683,aoml/4903353/profiles/D4903353_277.nc,4903353,4903353,28.10907,-89.24683,2024-12-14T18:31:58Z,20241214,2024,541,1.08,1071.24,77.5,True,True,True,https://noaa-nws-rtofs-pds.s3.amazonaws.com/rtofs.20241214/rtofs_glo_3dz_f006_6hrly_hvr_US_east.nc
ARGO_GDAC,pfl,aoml/4903353/profiles/D4903353_277.nc|2024-12-14T18:31:58Z|28.10907|-89.24683,aoml/4903353/profiles/D4903353_277.nc,4903353,4903353,28.10907,-89.24683,2024-12-14T18:31:58Z,20241214,2024,881,0.76,99.96,77.72,True,True,True,https://noaa-nws-rtofs-pds.s3.amazonaws.com/rtofs.20241214/rtofs_glo_3dz_f006_6hrly_hvr_US_east.nc
ARGO_GDAC,pfl,aoml/4903353/profiles/D4903353_278.nc|2024-12-19T16:10:22Z|28.11128|-89.24387,aoml/4903353/profiles/D4903353_278.nc,4903353,4903353,28.11128,-89.24387,2024-12-19T16:10:22Z,20241219,2024,546,1.04,1081.76,78.5705,True,True,True,https://noaa-nws-rtofs-pds.s3.amazonaws.com/rtofs.20241219/rtofs_glo_3dz_f006_6hrly_hvr_US_east.nc
ARGO_GDAC,pfl,aoml/4903353/profiles/D4903353_278.nc|2024-12-19T16:10:22Z|28.11128|-89.24387,aoml/4903353/profiles/D4903353_278.nc,4903353,4903353,28.11128,-89.24387,2024-12-19T16:10:22Z,20241219,2024,810,0.56,99.84,78.7415,True,True,True,https://noaa-nws-rtofs-pds.s3.amazonaws.com/rtofs.20241219/rtofs_glo_3dz_f006_6hrly_hvr_US_east.nc
ARGO_GDAC,pfl,aoml/4903353/profiles/D4903353_279.nc|2024-12-24T13:55:05Z|28.11018|-89.24403,aoml/4903353/profiles/D4903353_279.nc,4903353,4903353,28.11018,-89.24403,2024-12-24T13:55:05Z,20241224,2024,545,0.92,1079.36,62.3818,True,True,True,https://noaa-nws-rtofs-pds.s3.amazonaws.com/rtofs.20241224/rtofs_glo_3dz_f006_6hrly_hvr_US_east.nc
ARGO_GDAC,pfl,aoml/4903353/profiles/D4903353_279.nc|2024-12-24T13:55:05Z|28.11018|-89.24403,aoml/4903353/profiles/D4903353_279.nc,4903353,4903353,28.11018,-89.24403,2024-12-24T13:55:05Z,20241224,2024,793,0.52,99.96,62.45,True,True,True,https://noaa-nws-rtofs-pds.s3.amazonaws.com/rtofs.20241224/rtofs_glo_3dz_f006_6hrly_hvr_US_east.nc
ARGO_GDAC,pfl,aoml/4903353/profiles/D4903353_280.nc|2024-12-29T11:34:50Z|28.10649|-89.23752,aoml/4903353/profiles/D4903353_280.nc,4903353,4903353,28.10649,-89.23752,2024-12-29T11:34:50Z,20241229,2024,545,1.04,1079.44,62.1461,True,True,True,https://noaa-nws-rtofs-pds.s3.amazonaws.com/rtofs.20241229/rtofs_glo_3dz_f006_6hrly_hvr_US_east.nc
ARGO_GDAC,pfl,aoml/4903353/profiles/D4903353_280.nc|2024-12-29T11:34:50Z|28.10649|-89.23752,aoml/4903353/profiles/D4903353_280.nc,4903353,4903353,28.10649,-89.23752,2024-12-29T11:34:50Z,20241229,2024,827,0.6,99.8,62.56,True,True,True,https://noaa-nws-rtofs-pds.s3.amazonaws.com/rtofs.20241229/rtofs_glo_3dz_f006_6hrly_hvr_US_east.nc
ARGO_GDAC,pfl,aoml/4903353/profiles/D4903353_281.nc|2025-01-03T09:12:13Z|28.10423|-89.23029,aoml/4903353/profiles/D4903353_281.nc,4903353,4903353,28.10423,-89.23029,2025-01-03T09:12:13Z,20250103,2025,541,1.0,1071.12,87.6023,True,True,True,https://noaa-nws-rtofs-pds.s3.amazonaws.com/rtofs.20250103/rtofs_glo_3dz_f006_6hrly_hvr_US_east.nc
ARGO_GDAC,pfl,aoml/4903353/profiles/D4903353_281.nc|2025-01-03T09:12:13Z|28.10423|-89.23029,aoml/4903353/profiles/D4903353_281.nc,4903353,4903353,28.10423,-89.23029,2025-01-03T09:12:13Z,20250103,2025,768,0.56,99.96,80.2402,True,True,True,https://noaa-nws-rtofs-pds.s3.amazonaws.com/rtofs.20250103/rtofs_glo_3dz_f006_6hrly_hvr_US_east.nc
ARGO_GDAC,pfl,aoml/4903353/profiles/D4903353_282.nc|2025-01-08T06:44:42Z|28.10804|-89.23748,aoml/4903353/profiles/D4903353_282.nc,4903353,4903353,28.10804,-89.23748,2025-01-08T06:44:42Z,20250108,2025,537,1.0,1063.68,89.5553,True,True,True,https://noaa-nws-rtofs-pds.s3.amazonaws.com/rtofs.20250108/rtofs_glo_3dz_f006_6hrly_hvr_US_east.nc
ARGO_GDAC,pfl,aoml/4903353/profiles/D4903353_282.nc|2025-01-08T06:44:42Z|28.10804|-89.23748,aoml/4903353/profiles/D4903353_282.nc,4903353,4903353,28.10804,-89.23748,2025-01-08T06:44:42Z,20250108,2025,747,0.52,99.96,90.0442,True,True,True,https://noaa-nws-rtofs-pds.s3.amazonaws.com/rtofs.20250108/rtofs_glo_3dz_f006_6hrly_hvr_US_east.nc
ARGO_GDAC,pfl,aoml/4903353/profiles/D4903353_283.nc|2025-01-13T04:22:06Z|28.11099|-89.25254,aoml/4903353/profiles/D4903353_283.nc,4903353,4903353,28.11099,-89.25254,2025-01-13T04:22:06Z,20250113,2025,543,0.96,1075.4,91.736,True,True,True,https://noaa-nws-rtofs-pds.s3.amazonaws.com/rtofs.20250113/rtofs_glo_3dz_f006_6hrly_hvr_US_east.nc
ARGO_GDAC,pfl,aoml/4903353/profiles/D4903353_283.nc|2025-01-13T04:22:06Z|28.11099|-89.25254,aoml/4903353/profiles/D4903353_283.nc,4903353,4903353,28.11099,-89.25254,2025-01-13T04:22:06Z,20250113,2025,765,0.56,99.96,91.4495,True,True,True,https://noaa-nws-rtofs-pds.s3.amazonaws.com/rtofs.20250113/rtofs_glo_3dz_f006_6hrly_hvr_US_east.nc
ARGO_GDAC,pfl,aoml/4903353/profiles/D4903353_284.nc|2025-01-18T01:57:35Z|28.10962|-89.25810,aoml/4903353/profiles/D4903353_284.nc,4903353,4903353,28.10962,-89.2581,2025-01-18T01:57:35Z,20250118,2025,530,1.04,1049.6,98.6327,True,True,True,https://noaa-nws-rtofs-pds.s3.amazonaws.com/rtofs.20250118/rtofs_glo_3dz_f006_6hrly_hvr_US_east.nc
ARGO_GDAC,pfl,aoml/4903353/profiles/D4903353_284.nc|2025-01-18T01:57:35Z|28.10962|-89.25810,aoml/4903353/profiles/D4903353_284.nc,4903353,4903353,28.10962,-89.2581,2025-01-18T01:57:35Z,20250118,2025,768,0.68,100.0,99.49,True,True,True,https://noaa-nws-rtofs-pds.s3.amazonaws.com/rtofs.20250118/rtofs_glo_3dz_f006_6hrly_hvr_US_east.nc
ARGO_GDAC,pfl,aoml/4903353/profiles/D4903353_285.nc|2025-01-22T23:33:37Z|28.11367|-89.25320,aoml/4903353/profiles/D4903353_285.nc,4903353,4903353,28.11367,-89.2532,2025-01-22T23:33:37Z,20250122,2025,530,1.04,1050.0,37.9841,True,True,True,https://noaa-nws-rtofs-pds.s3.amazonaws.com/rtofs.20250122/rtofs_glo_3dz_f006_6hrly_hvr_US_east.nc
ARGO_GDAC,pfl,aoml/4903353/profiles/D4903353_285.nc|2025-01-22T23:33:37Z|28.11367|-89.25320,aoml/4903353/profiles/D4903353_285.nc,4903353,4903353,28.11367,-89.2532,2025-01-22T23:33:37Z,20250122,2025,818,0.52,99.84,37.6324,True,True,True,https://noaa-nws-rtofs-pds.s3.amazonaws.com/rtofs.20250122/rtofs_glo_3dz_f006_6hrly_hvr_US_east.nc
ARGO_GDAC,pfl,aoml/4903353/profiles/D4903353_286.nc|2025-01-27T21:08:23Z|28.11910|-89.25161,aoml/4903353/profiles/D4903353_286.nc,4903353,4903353,28.1191,-89.25161,2025-01-27T21:08:23Z,20250127,2025,526,0.96,1042.24,68.7144,True,True,True,https://noaa-nws-rtofs-pds.s3.amazonaws.com/rtofs.20250127/rtofs_glo_3dz_f006_6hrly_hvr_US_east.nc
ARGO_GDAC,pfl,aoml/4903353/profiles/D4903353_286.nc|2025-01-27T21:08:23Z|28.11910|-89.25161,aoml/4903353/profiles/D4903353_286.nc,4903353,4903353,28.1191,-89.25161,2025-01-27T21:08:23Z,20250127,2025,787,0.56,100.0,67.6943,True,True,True,https://noaa-nws-rtofs-pds.s3.amazonaws.com/rtofs.20250127/rtofs_glo_3dz_f006_6hrly_hvr_US_east.nc
ARGO_GDAC,pfl,aoml/4903353/profiles/D4903353_287.nc|2025-02-01T18:40:26Z|28.11806|-89.25357,aoml/4903353/profiles/D4903353_287.nc,4903353,4903353,28.11806,-89.25357,2025-02-01T18:40:26Z,20250201,2025,537,1.0,1063.04,67.9044,True,True,True,https://noaa-nws-rtofs-pds.s3.amazonaws.com/rtofs.20250201/rtofs_glo_3dz_f006_6hrly_hvr_US_east.nc
ARGO_GDAC,pfl,aoml/4903353/profiles/D4903353_287.nc|2025-02-01T18:40:26Z|28.11806|-89.25357,aoml/4903353/profiles/D4903353_287.nc,4903353,4903353,28.11806,-89.25357,2025-02-01T18:40:26Z,20250201,2025,754,0.52,99.84,68.1564,True,True,True,https://noaa-nws-rtofs-pds.s3.amazonaws.com/rtofs.20250201/rtofs_glo_3dz_f006_6hrly_hvr_US_east.nc
ARGO_GDAC,pfl,aoml/4903353/profiles/D4903353_288.nc|2025-02-06T16:11:17Z|28.12528|-89.27153,aoml/4903353/profiles/D4903353_288.nc,4903353,4903353,28.12528,-89.27153,2025-02-06T16:11:17Z,20250206,2025,523,1.0,1035.04,14.6601,True,True,True,https://noaa-nws-rtofs-pds.s3.amazonaws.com/rtofs.20250206/rtofs_glo_3dz_f006_6hrly_hvr_US_east.nc
ARGO_GDAC,pfl,aoml/4903353/profiles/D4903353_288.nc|2025-02-06T16:11:17Z|28.12528|-89.27153,aoml/4903353/profiles/D4903353_288.nc,4903353,4903353,28.12528,-89.27153,2025-02-06T16:11:17Z,20250206,2025,812,0.52,99.88,14.8262,True,True,True,https://noaa-nws-rtofs-pds.s3.amazonaws.com/rtofs.20250206/rtofs_glo_3dz_f006_6hrly_hvr_US_east.nc
ARGO_GDAC,pfl,aoml/4903353/profiles/D4903353_289.nc|2025-02-11T13:41:09Z|28.13257|-89.28561,aoml/4903353/profiles/D4903353_289.nc,4903353,4903353,28.13257,-89.28561,2025-02-11T13:41:09Z,20250211,2025,537,0.96,1063.2,13.6172,True,True,True,https://noaa-nws-rtofs-pds.s3.amazonaws.com/rtofs.20250211/rtofs_glo_3dz_f006_6hrly_hvr_US_east.nc
ARGO_GDAC,pfl,aoml/4903353/profiles/D4903353_289.nc|2025-02-11T13:41:09Z|28.13257|-89.28561,aoml/4903353/profiles/D4903353_289.nc,4903353,4903353,28.13257,-89.28561,2025-02-11T13:41:09Z,20250211,2025,774,0.52,99.96,13.7371,True,True,True,https://noaa-nws-rtofs-pds.s3.amazonaws.com/rtofs.20250211/rtofs_glo_3dz_f006_6hrly_hvr_US_east.nc
ARGO_GDAC,pfl,aoml/4903353/profiles/D4903353_290.nc|2025-02-16T11:10:16Z|28.13698|-89.28885,aoml/4903353/profiles/D4903353_290.nc,4903353,4903353,28.13698,-89.28885,2025-02-16T11:10:16Z,20250216,2025,515,1.04,1019.2,28.5489,True,True,True,https://noaa-nws-rtofs-pds.s3.amazonaws.com/rtofs.20250216/rtofs_glo_3dz_f006_6hrly_hvr_US_east.nc
ARGO_GDAC,pfl,aoml/4903353/profiles/D4903353_290.nc|2025-02-16T11:10:16Z|28.13698|-89.28885,aoml/4903353/profiles/D4903353_290.nc,4903353,4903353,28.13698,-89.28885,2025-02-16T11:10:16Z,20250216,2025,816,0.68,99.96,28.9687,True,True,True,https://noaa-nws-rtofs-pds.s3.amazonaws.com/rtofs.20250216/rtofs_glo_3dz_f006_6hrly_hvr_US_east.nc
ARGO_GDAC,pfl,aoml/4903353/profiles/D4903353_291.nc|2025-02-21T08:38:27Z|28.13376|-89.29214,aoml/4903353/profiles/D4903353_291.nc,4903353,4903353,28.13376,-89.29214,2025-02-21T08:38:27Z,20250221,2025,517,1.12,1024.2,75.2873,True,True,True,https://noaa-nws-rtofs-pds.s3.amazonaws.com/rtofs.20250221/rtofs_glo_3dz_f006_6hrly_hvr_US_east.nc
ARGO_GDAC,pfl,aoml/4903353/profiles/D4903353_291.nc|2025-02-21T08:38:27Z|28.13376|-89.29214,aoml/4903353/profiles/D4903353_291.nc,4903353,4903353,28.13376,-89.29214,2025-02-21T08:38:27Z,20250221,2025,836,0.88,99.88,75.4011,True,True,True,https://noaa-nws-rtofs-pds.s3.amazonaws.com/rtofs.20250221/rtofs_glo_3dz_f006_6hrly_hvr_US_east.nc
ARGO_GDAC,pfl,aoml/4903353/profiles/D4903353_292.nc|2025-02-26T06:09:34Z|28.12945|-89.30439,aoml/4903353/profiles/D4903353_292.nc,4903353,4903353,28.12945,-89.30439,2025-02-26T06:09:34Z,20250226,2025,527,0.4,1042.0,33.2665,True,True,True,https://noaa-nws-rtofs-pds.s3.amazonaws.com/rtofs.20250226/rtofs_glo_3dz_f006_6hrly_hvr_US_east.nc
ARGO_GDAC,pfl,aoml/4903353/profiles/D4903353_292.nc|2025-02-26T06:09:34Z|28.12945|-89.30439,aoml/4903353/profiles/D4903353_292.nc,4903353,4903353,28.12945,-89.30439,2025-02-26T06:09:34Z,20250226,2025,775,0.4,99.92,33.29,True,True,True,https://noaa-nws-rtofs-pds.s3.amazonaws.com/rtofs.20250226/rtofs_glo_3dz_f006_6hrly_hvr_US_east.nc
ARGO_GDAC,pfl,aoml/4903353/profiles/D4903353_293.nc|2025-03-03T03:42:37Z|28.12447|-89.31340,aoml/4903353/profiles/D4903353_293.nc,4903353,4903353,28.12447,-89.3134,2025-03-03T03:42:37Z,20250303,2025,537,1.0,1063.04,70.7168,True,True,True,https://noaa-nws-rtofs-pds.s3.amazonaws.com/rtofs.20250303/rtofs_glo_3dz_f006_6hrly_hvr_US_east.nc
ARGO_GDAC,pfl,aoml/4903353/profiles/D4903353_293.nc|2025-03-03T03:42:37Z|28.12447|-89.31340,aoml/4903353/profiles/D4903353_293.nc,4903353,4903353,28.12447,-89.3134,2025-03-03T03:42:37Z,20250303,2025,739,0.64,99.96,71.1334,True,True,True,https://noaa-nws-rtofs-pds.s3.amazonaws.com/rtofs.20250303/rtofs_glo_3dz_f006_6hrly_hvr_US_east.nc
ARGO_GDAC,pfl,aoml/4903353/profiles/D4903353_294.nc|2025-03-08T01:18:54Z|28.12492|-89.32240,aoml/4903353/profiles/D4903353_294.nc,4903353,4903353,28.12492,-89.3224,2025-03-08T01:18:54Z,20250308,2025,547,0.96,1083.32,30.3769,True,True,True,https://noaa-nws-rtofs-pds.s3.amazonaws.com/rtofs.20250308/rtofs_glo_3dz_f006_6hrly_hvr_US_east.nc
ARGO_GDAC,pfl,aoml/4903353/profiles/D4903353_294.nc|2025-03-08T01:18:54Z|28.12492|-89.32240,aoml/4903353/profiles/D4903353_294.nc,4903353,4903353,28.12492,-89.3224,2025-03-08T01:18:54Z,20250308,2025,734,0.64,99.96,30.4399,True,True,True,https://noaa-nws-rtofs-pds.s3.amazonaws.com/rtofs.20250308/rtofs_glo_3dz_f006_6hrly_hvr_US_east.nc
ARGO_GDAC,pfl,aoml/4903353/profiles/D4903353_295.nc|2025-03-12T22:55:34Z|28.12917|-89.32791,aoml/4903353/profiles/D4903353_295.nc,4903353,4903353,28.12917,-89.32791,2025-03-12T22:55:34Z,20250312,2025,565,1.0,1119.04,17.0265,True,True,True,https://noaa-nws-rtofs-pds.s3.amazonaws.com/rtofs.20250312/rtofs_glo_3dz_f006_6hrly_hvr_US_east.nc
ARGO_GDAC,pfl,aoml/4903353/profiles/D4903353_295.nc|2025-03-12T22:55:34Z|28.12917|-89.32791,aoml/4903353/profiles/D4903353_295.nc,4903353,4903353,28.12917,-89.32791,2025-03-12T22:55:34Z,20250312,2025,729,0.6,99.8,17.3267,True,True,True,https://noaa-nws-rtofs-pds.s3.amazonaws.com/rtofs.20250312/rtofs_glo_3dz_f006_6hrly_hvr_US_east.nc
ARGO_GDAC,pfl,aoml/4903353/profiles/D4903353_296.nc|2025-03-17T20:39:26Z|28.12712|-89.33291,aoml/4903353/profiles/D4903353_296.nc,4903353,4903353,28.12712,-89.33291,2025-03-17T20:39:26Z,20250317,2025,571,1.2,1131.2,63.9711,True,True,True,https://noaa-nws-rtofs-pds.s3.amazonaws.com/rtofs.20250317/rtofs_glo_3dz_f006_6hrly_hvr_US_east.nc
ARGO_GDAC,pfl,aoml/4903353/profiles/D4903353_296.nc|2025-03-17T20:39:26Z|28.12712|-89.33291,aoml/4903353/profiles/D4903353_296.nc,4903353,4903353,28.12712,-89.33291,2025-03-17T20:39:26Z,20250317,2025,767,1.0,99.92,64.0764,True,True,True,https://noaa-nws-rtofs-pds.s3.amazonaws.com/rtofs.20250317/rtofs_glo_3dz_f006_6hrly_hvr_US_east.nc
ARGO_GDAC,pfl,aoml/4903353/profiles/D4903353_297.nc|2025-03-22T18:18:11Z|28.12452|-89.34174,aoml/4903353/profiles/D4903353_297.nc,4903353,4903353,28.12452,-89.34174,2025-03-22T18:18:11Z,20250322,2025,569,0.96,1127.76,75.2742,True,True,True,https://noaa-nws-rtofs-pds.s3.amazonaws.com/rtofs.20250322/rtofs_glo_3dz_f006_6hrly_hvr_US_east.nc
ARGO_GDAC,pfl,aoml/4903353/profiles/D4903353_297.nc|2025-03-22T18:18:11Z|28.12452|-89.34174,aoml/4903353/profiles/D4903353_297.nc,4903353,4903353,28.12452,-89.34174,2025-03-22T18:18:11Z,20250322,2025,759,0.56,99.88,75.3365,True,True,True,https://noaa-nws-rtofs-pds.s3.amazonaws.com/rtofs.20250322/rtofs_glo_3dz_f006_6hrly_hvr_US_east.nc
ARGO_GDAC,pfl,aoml/4903353/profiles/D4903353_298.nc|2025-03-27T16:07:46Z|28.12112|-89.35342,aoml/4903353/profiles/D4903353_298.nc,4903353,4903353,28.12112,-89.35342,2025-03-27T16:07:46Z,20250327,2025,578,1.0,1145.12,40.1899,True,True,True,https://noaa-nws-rtofs-pds.s3.amazonaws.com/rtofs.20250327/rtofs_glo_3dz_f006_6hrly_hvr_US_east.nc
ARGO_GDAC,pfl,aoml/4903353/profiles/D4903353_298.nc|2025-03-27T16:07:46Z|28.12112|-89.35342,aoml/4903353/profiles/D4903353_298.nc,4903353,4903353,28.12112,-89.35342,2025-03-27T16:07:46Z,20250327,2025,795,0.64,99.88,40.3998,True,True,True,https://noaa-nws-rtofs-pds.s3.amazonaws.com/rtofs.20250327/rtofs_glo_3dz_f006_6hrly_hvr_US_east.nc
ARGO_GDAC,pfl,aoml/4903353/profiles/D4903353_299.nc|2025-04-01T14:01:42Z|28.12062|-89.36217,aoml/4903353/profiles/D4903353_299.nc,4903353,4903353,28.12062,-89.36217,2025-04-01T14:01:42Z,20250401,2025,580,1.0,1149.56,22.7314,True,True,True,https://noaa-nws-rtofs-pds.s3.amazonaws.com/rtofs.20250401/rtofs_glo_3dz_f006_6hrly_hvr_US_east.nc
ARGO_GDAC,pfl,aoml/4903353/profiles/D4903353_299.nc|2025-04-01T14:01:42Z|28.12062|-89.36217,aoml/4903353/profiles/D4903353_299.nc,4903353,4903353,28.12062,-89.36217,2025-04-01T14:01:42Z,20250401,2025,770,0.56,99.92,22.5567,True,True,True,https://noaa-nws-rtofs-pds.s3.amazonaws.com/rtofs.20250401/rtofs_glo_3dz_f006_6hrly_hvr_US_east.nc
ARGO_GDAC,pfl,aoml/4903353/profiles/D4903353_300.nc|2025-04-06T11:49:14Z|28.13098|-89.36160,aoml/4903353/profiles/D4903353_300.nc,4903353,4903353,28.13098,-89.3616,2025-04-06T11:49:14Z,20250406,2025,580,1.04,1150.16,26.2955,True,True,True,https://noaa-nws-rtofs-pds.s3.amazonaws.com/rtofs.20250406/rtofs_glo_3dz_f006_6hrly_hvr_US_east.nc
ARGO_GDAC,pfl,aoml/4903353/profiles/D4903353_300.nc|2025-04-06T11:49:14Z|28.13098|-89.36160,aoml/4903353/profiles/D4903353_300.nc,4903353,4903353,28.13098,-89.3616,2025-04-06T11:49:14Z,20250406,2025,792,0.68,99.92,26.8441,True,True,True,https://noaa-nws-rtofs-pds.s3.amazonaws.com/rtofs.20250406/rtofs_glo_3dz_f006_6hrly_hvr_US_east.nc
ARGO_GDAC,pfl,aoml/4903353/profiles/D4903353_301.nc|2025-04-11T09:36:04Z|28.14461|-89.35693,aoml/4903353/profiles/D4903353_301.nc,4903353,4903353,28.14461,-89.35693,2025-04-11T09:36:04Z,20250411,2025,563,0.48,1114.12,35.3532,True,True,True,https://noaa-nws-rtofs-pds.s3.amazonaws.com/rtofs.20250411/rtofs_glo_3dz_f006_6hrly_hvr_US_east.nc
ARGO_GDAC,pfl,aoml/4903353/profiles/D4903353_301.nc|2025-04-11T09:36:04Z|28.14461|-89.35693,aoml/4903353/profiles/D4903353_301.nc,4903353,4903353,28.14461,-89.35693,2025-04-11T09:36:04Z,20250411,2025,741,0.48,99.8,35.6461,True,True,True,https://noaa-nws-rtofs-pds.s3.amazonaws.com/rtofs.20250411/rtofs_glo_3dz_f006_6hrly_hvr_US_east.nc
ARGO_GDAC,pfl,aoml/4903353/profiles/D4903353_302.nc|2025-04-16T07:20:24Z|28.14821|-89.35238,aoml/4903353/profiles/D4903353_302.nc,4903353,4903353,28.14821,-89.35238,2025-04-16T07:20:24Z,20250416,2025,549,0.44,1085.84,28.496,True,True,True,https://noaa-nws-rtofs-pds.s3.amazonaws.com/rtofs.20250416/rtofs_glo_3dz_f006_6hrly_hvr_US_east.nc
ARGO_GDAC,pfl,aoml/4903353/profiles/D4903353_302.nc|2025-04-16T07:20:24Z|28.14821|-89.35238,aoml/4903353/profiles/D4903353_302.nc,4903353,4903353,28.14821,-89.35238,2025-04-16T07:20:24Z,20250416,2025,754,0.44,100.0,28.5169,True,True,True,https://noaa-nws-rtofs-pds.s3.amazonaws.com/rtofs.20250416/rtofs_glo_3dz_f006_6hrly_hvr_US_east.nc
ARGO_GDAC,pfl,aoml/4903353/profiles/D4903353_303.nc|2025-04-21T05:00:11Z|28.14565|-89.35405,aoml/4903353/profiles/D4903353_303.nc,4903353,4903353,28.14565,-89.35405,2025-04-21T05:00:11Z,20250421,2025,547,1.04,1083.44,36.0317,True,True,True,https://noaa-nws-rtofs-pds.s3.amazonaws.com/rtofs.20250421/rtofs_glo_3dz_f006_6hrly_hvr_US_east.nc
ARGO_GDAC,pfl,aoml/4903353/profiles/D4903353_303.nc|2025-04-21T05:00:11Z|28.14565|-89.35405,aoml/4903353/profiles/D4903353_303.nc,4903353,4903353,28.14565,-89.35405,2025-04-21T05:00:11Z,20250421,2025,798,0.52,100.0,36.0177,True,True,True,https://noaa-nws-rtofs-pds.s3.amazonaws.com/rtofs.20250421/rtofs_glo_3dz_f006_6hrly_hvr_US_east.nc
ARGO_GDAC,pfl,aoml/4903353/profiles/D4903353_304.nc|2025-04-26T02:39:13Z|28.14336|-89.35530,aoml/4903353/profiles/D4903353_304.nc,4903353,4903353,28.14336,-89.3553,2025-04-26T02:39:13Z,20250426,2025,557,1.04,1103.32,18.5858,True,True,True,https://noaa-nws-rtofs-pds.s3.amazonaws.com/rtofs.20250426/rtofs_glo_3dz_f006_6hrly_hvr_US_east.nc
ARGO_GDAC,pfl,aoml/4903353/profiles/D4903353_304.nc|2025-04-26T02:39:13Z|28.14336|-89.35530,aoml/4903353/profiles/D4903353_304.nc,4903353,4903353,28.14336,-89.3553,2025-04-26T02:39:13Z,20250426,2025,800,0.52,99.96,18.3444,True,True,True,https://noaa-nws-rtofs-pds.s3.amazonaws.com/rtofs.20250426/rtofs_glo_3dz_f006_6hrly_hvr_US_east.nc
ARGO_GDAC,pfl,aoml/4903353/profiles/D4903353_305.nc|2025-05-01T00:19:23Z|28.14599|-89.35007,aoml/4903353/profiles/D4903353_305.nc,4903353,4903353,28.14599,-89.35007,2025-05-01T00:19:23Z,20250501,2025,558,0.96,1105.64,16.7119,True,True,True,https://noaa-nws-rtofs-pds.s3.amazonaws.com/rtofs.20250501/rtofs_glo_3dz_f006_6hrly_hvr_US_east.nc
ARGO_GDAC,pfl,aoml/4903353/profiles/D4903353_305.nc|2025-05-01T00:19:23Z|28.14599|-89.35007,aoml/4903353/profiles/D4903353_305.nc,4903353,4903353,28.14599,-89.35007,2025-05-01T00:19:23Z,20250501,2025,796,0.56,99.92,17.0687,True,True,True,https://noaa-nws-rtofs-pds.s3.amazonaws.com/rtofs.20250501/rtofs_glo_3dz_f006_6hrly_hvr_US_east.nc
ARGO_GDAC,pfl,aoml/4903353/profiles/D4903353_306.nc|2025-05-05T21:59:47Z|28.15476|-89.34352,aoml/4903353/profiles/D4903353_306.nc,4903353,4903353,28.15476,-89.34352,2025-05-05T21:59:47Z,20250505,2025,555,1.12,1099.84,23.6092,True,True,True,https://noaa-nws-rtofs-pds.s3.amazonaws.com/rtofs.20250505/rtofs_glo_3dz_f006_6hrly_hvr_US_east.nc
ARGO_GDAC,pfl,aoml/4903353/profiles/D4903353_306.nc|2025-05-05T21:59:47Z|28.15476|-89.34352,aoml/4903353/profiles/D4903353_306.nc,4903353,4903353,28.15476,-89.34352,2025-05-05T21:59:47Z,20250505,2025,826,0.72,99.96,23.7782,True,True,True,https://noaa-nws-rtofs-pds.s3.amazonaws.com/rtofs.20250505/rtofs_glo_3dz_f006_6hrly_hvr_US_east.nc
ARGO_GDAC,pfl,aoml/4903353/profiles/D4903353_307.nc|2025-05-10T19:36:14Z|28.15972|-89.33869,aoml/4903353/profiles/D4903353_307.nc,4903353,4903353,28.15972,-89.33869,2025-05-10T19:36:14Z,20250510,2025,543,1.04,1075.72,19.7992,True,True,True,https://noaa-nws-rtofs-pds.s3.amazonaws.com/rtofs.20250510/rtofs_glo_3dz_f006_6hrly_hvr_US_east.nc
ARGO_GDAC,pfl,aoml/4903353/profiles/D4903353_307.nc|2025-05-10T19:36:14Z|28.15972|-89.33869,aoml/4903353/profiles/D4903353_307.nc,4903353,4903353,28.15972,-89.33869,2025-05-10T19:36:14Z,20250510,2025,796,0.68,100.0,19.915,True,True,True,https://noaa-nws-rtofs-pds.s3.amazonaws.com/rtofs.20250510/rtofs_glo_3dz_f006_6hrly_hvr_US_east.nc
ARGO_GDAC,pfl,aoml/4903353/profiles/D4903353_308.nc|2025-05-15T17:15:05Z|28.15714|-89.33368,aoml/4903353/profiles/D4903353_308.nc,4903353,4903353,28.15714,-89.33368,2025-05-15T17:15:05Z,20250515,2025,543,0.44,1073.72,22.0688,True,True,True,https://noaa-nws-rtofs-pds.s3.amazonaws.com/rtofs.20250515/rtofs_glo_3dz_f006_6hrly_hvr_US_east.nc
ARGO_GDAC,pfl,aoml/4903353/profiles/D4903353_308.nc|2025-05-15T17:15:05Z|28.15714|-89.33368,aoml/4903353/profiles/D4903353_308.nc,4903353,4903353,28.15714,-89.33368,2025-05-15T17:15:05Z,20250515,2025,765,0.44,99.96,22.5494,True,True,True,https://noaa-nws-rtofs-pds.s3.amazonaws.com/rtofs.20250515/rtofs_glo_3dz_f006_6hrly_hvr_US_east.nc
ARGO_GDAC,pfl,aoml/4903353/profiles/D4903353_309.nc|2025-05-20T14:54:35Z|28.15786|-89.33428,aoml/4903353/profiles/D4903353_309.nc,4903353,4903353,28.15786,-89.33428,2025-05-20T14:54:35Z,20250520,2025,541,0.92,1071.24,16.2677,True,True,True,https://noaa-nws-rtofs-pds.s3.amazonaws.com/rtofs.20250520/rtofs_glo_3dz_f006_6hrly_hvr_US_east.nc
ARGO_GDAC,pfl,aoml/4903353/profiles/D4903353_309.nc|2025-05-20T14:54:35Z|28.15786|-89.33428,aoml/4903353/profiles/D4903353_309.nc,4903353,4903353,28.15786,-89.33428,2025-05-20T14:54:35Z,20250520,2025,792,0.52,100.0,16.3926,True,True,True,https://noaa-nws-rtofs-pds.s3.amazonaws.com/rtofs.20250520/rtofs_glo_3dz_f006_6hrly_hvr_US_east.nc
ARGO_GDAC,pfl,aoml/4903353/profiles/D4903353_310.nc|2025-05-25T12:35:42Z|28.15651|-89.33610,aoml/4903353/profiles/D4903353_310.nc,4903353,4903353,28.15651,-89.3361,2025-05-25T12:35:42Z,20250525,2025,542,1.08,1074.2,11.0087,True,True,True,https://noaa-nws-rtofs-pds.s3.amazonaws.com/rtofs.20250525/rtofs_glo_3dz_f006_6hrly_hvr_US_east.nc
ARGO_GDAC,pfl,aoml/4903353/profiles/D4903353_310.nc|2025-05-25T12:35:42Z|28.15651|-89.33610,aoml/4903353/profiles/D4903353_310.nc,4903353,4903353,28.15651,-89.3361,2025-05-25T12:35:42Z,20250525,2025,822,0.68,99.96,11.2779,True,True,True,https://noaa-nws-rtofs-pds.s3.amazonaws.com/rtofs.20250525/rtofs_glo_3dz_f006_6hrly_hvr_US_east.nc
ARGO_GDAC,pfl,aoml/4903353/profiles/D4903353_311.nc|2025-05-30T10:17:41Z|28.15151|-89.34419,aoml/4903353/profiles/D4903353_311.nc,4903353,4903353,28.15151,-89.34419,2025-05-30T10:17:41Z,20250530,2025,547,0.44,1081.96,16.4781,True,True,True,https://noaa-nws-rtofs-pds.s3.amazonaws.com/rtofs.20250530/rtofs_glo_3dz_f006_6hrly_hvr_US_east.nc
ARGO_GDAC,pfl,aoml/4903353/profiles/D4903353_311.nc|2025-05-30T10:17:41Z|28.15151|-89.34419,aoml/4903353/profiles/D4903353_311.nc,4903353,4903353,28.15151,-89.34419,2025-05-30T10:17:41Z,20250530,2025,797,0.4,99.96,16.6975,True,True,True,https://noaa-nws-rtofs-pds.s3.amazonaws.com/rtofs.20250530/rtofs_glo_3dz_f006_6hrly_hvr_US_east.nc
ARGO_GDAC,pfl,aoml/4903353/profiles/D4903353_312.nc|2025-06-04T08:02:36Z|28.14563|-89.36119,aoml/4903353/profiles/D4903353_312.nc,4903353,4903353,28.14563,-89.36119,2025-06-04T08:02:36Z,20250604,2025,550,0.44,1087.4,24.3564,True,True,True,https://noaa-nws-rtofs-pds.s3.amazonaws.com/rtofs.20250604/rtofs_glo_3dz_f006_6hrly_hvr_US_east.nc
ARGO_GDAC,pfl,aoml/4903353/profiles/D4903353_312.nc|2025-06-04T08:02:36Z|28.14563|-89.36119,aoml/4903353/profiles/D4903353_312.nc,4903353,4903353,28.14563,-89.36119,2025-06-04T08:02:36Z,20250604,2025,816,0.44,99.84,24.8059,True,True,True,https://noaa-nws-rtofs-pds.s3.amazonaws.com/rtofs.20250604/rtofs_glo_3dz_f006_6hrly_hvr_US_east.nc
ARGO_GDAC,pfl,aoml/4903353/profiles/D4903353_313.nc|2025-06-09T05:44:56Z|28.14555|-89.37290,aoml/4903353/profiles/D4903353_313.nc,4903353,4903353,28.14555,-89.3729,2025-06-09T05:44:56Z,20250609,2025,557,0.92,1103.12,14.7533,True,True,True,https://noaa-nws-rtofs-pds.s3.amazonaws.com/rtofs.20250609/rtofs_glo_3dz_f006_6hrly_hvr_US_east.nc
ARGO_GDAC,pfl,aoml/4903353/profiles/D4903353_313.nc|2025-06-09T05:44:56Z|28.14555|-89.37290,aoml/4903353/profiles/D4903353_313.nc,4903353,4903353,28.14555,-89.3729,2025-06-09T05:44:56Z,20250609,2025,946,0.52,99.96,15.3333,True,True,True,https://noaa-nws-rtofs-pds.s3.amazonaws.com/rtofs.20250609/rtofs_glo_3dz_f006_6hrly_hvr_US_east.nc
ARGO_GDAC,pfl,aoml/4903353/profiles/D4903353_314.nc|2025-06-14T03:22:36Z|28.15193|-89.37604,aoml/4903353/profiles/D4903353_314.nc,4903353,4903353,28.15193,-89.37604,2025-06-14T03:22:36Z,20250614,2025,541,1.0,1071.12,17.0146,True,True,True,https://noaa-nws-rtofs-pds.s3.amazonaws.com/rtofs.20250614/rtofs_glo_3dz_f006_6hrly_hvr_US_east.nc
ARGO_GDAC,pfl,aoml/4903353/profiles/D4903353_314.nc|2025-06-14T03:22:36Z|28.15193|-89.37604,aoml/4903353/profiles/D4903353_314.nc,4903353,4903353,28.15193,-89.37604,2025-06-14T03:22:36Z,20250614,2025,866,0.6,99.92,17.1985,True,True,True,https://noaa-nws-rtofs-pds.s3.amazonaws.com/rtofs.20250614/rtofs_glo_3dz_f006_6hrly_hvr_US_east.nc
ARGO_GDAC,pfl,aoml/4903353/profiles/R4903353_315.nc|2025-06-19T01:04:51Z|28.15896|-89.36984,aoml/4903353/profiles/R4903353_315.nc,4903353,4903353,28.15896,-89.36984,2025-06-19T01:04:51Z,20250619,2025,552,0.96,1093.4,13.6313,True,True,True,https://noaa-nws-rtofs-pds.s3.amazonaws.com/rtofs.20250619/rtofs_glo_3dz_f006_6hrly_hvr_US_east.nc
ARGO_GDAC,pfl,aoml/4903353/profiles/R4903353_315.nc|2025-06-19T01:04:51Z|28.15896|-89.36984,aoml/4903353/profiles/R4903353_315.nc,4903353,4903353,28.15896,-89.36984,2025-06-19T01:04:51Z,20250619,2025,838,0.52,99.92,13.2133,True,True,True,https://noaa-nws-rtofs-pds.s3.amazonaws.com/rtofs.20250619/rtofs_glo_3dz_f006_6hrly_hvr_US_east.nc
ARGO_GDAC,pfl,aoml/4903353/profiles/R4903353_316.nc|2025-06-23T22:47:31Z|28.16410|-89.34725,aoml/4903353/profiles/R4903353_316.nc,4903353,4903353,28.1641,-89.34725,2025-06-23T22:47:31Z,20250623,2025,543,0.48,1073.52,17.1845,True,True,True,https://noaa-nws-rtofs-pds.s3.amazonaws.com/rtofs.20250623/rtofs_glo_3dz_f006_6hrly_hvr_US_east.nc
ARGO_GDAC,pfl,aoml/4903353/profiles/R4903353_316.nc|2025-06-23T22:47:31Z|28.16410|-89.34725,aoml/4903353/profiles/R4903353_316.nc,4903353,4903353,28.1641,-89.34725,2025-06-23T22:47:31Z,20250623,2025,836,0.48,99.92,17.58,True,True,True,https://noaa-nws-rtofs-pds.s3.amazonaws.com/rtofs.20250623/rtofs_glo_3dz_f006_6hrly_hvr_US_east.nc
ARGO_GDAC,pfl,aoml/4903353/profiles/R4903353_317.nc|2025-06-28T20:26:03Z|28.16956|-89.32312,aoml/4903353/profiles/R4903353_317.nc,4903353,4903353,28.16956,-89.32312,2025-06-28T20:26:03Z,20250628,2025,539,1.04,1067.8,22.2222,True,True,True,https://noaa-nws-rtofs-pds.s3.amazonaws.com/rtofs.20250628/rtofs_glo_3dz_f006_6hrly_hvr_US_east.nc
ARGO_GDAC,pfl,aoml/4903353/profiles/R4903353_317.nc|2025-06-28T20:26:03Z|28.16956|-89.32312,aoml/4903353/profiles/R4903353_317.nc,4903353,4903353,28.16956,-89.32312,2025-06-28T20:26:03Z,20250628,2025,841,0.64,99.92,22.494,True,True,True,https://noaa-nws-rtofs-pds.s3.amazonaws.com/rtofs.20250628/rtofs_glo_3dz_f006_6hrly_hvr_US_east.nc
ARGO_GDAC,pfl,aoml/4903353/profiles/R4903353_318.nc|2025-07-03T17:52:50Z|28.17533|-89.29509,aoml/4903353/profiles/R4903353_318.nc,4903353,4903353,28.17533,-89.29509,2025-07-03T17:52:50Z,20250703,2025,515,1.0,1020.16,16.4852,True,True,True,https://noaa-nws-rtofs-pds.s3.amazonaws.com/rtofs.20250703/rtofs_glo_3dz_f006_6hrly_hvr_US_east.nc
ARGO_GDAC,pfl,aoml/4903353/profiles/R4903353_318.nc|2025-07-03T17:52:50Z|28.17533|-89.29509,aoml/4903353/profiles/R4903353_318.nc,4903353,4903353,28.17533,-89.29509,2025-07-03T17:52:50Z,20250703,2025,786,0.56,99.88,17.2094,True,True,True,https://noaa-nws-rtofs-pds.s3.amazonaws.com/rtofs.20250703/rtofs_glo_3dz_f006_6hrly_hvr_US_east.nc
ARGO_GDAC,pfl,aoml/4903353/profiles/R4903353_319.nc|2025-07-08T15:22:33Z|28.17419|-89.26416,aoml/4903353/profiles/R4903353_319.nc,4903353,4903353,28.17419,-89.26416,2025-07-08T15:22:33Z,20250708,2025,498,1.12,985.16,13.5403,True,True,True,https://noaa-nws-rtofs-pds.s3.amazonaws.com/rtofs.20250708/rtofs_glo_3dz_f006_6hrly_hvr_US_east.nc
ARGO_GDAC,pfl,aoml/4903353/profiles/R4903353_319.nc|2025-07-08T15:22:33Z|28.17419|-89.26416,aoml/4903353/profiles/R4903353_319.nc,4903353,4903353,28.17419,-89.26416,2025-07-08T15:22:33Z,20250708,2025,926,0.96,99.96,12.5906,True,True,True,https://noaa-nws-rtofs-pds.s3.amazonaws.com/rtofs.20250708/rtofs_glo_3dz_f006_6hrly_hvr_US_east.nc
ARGO_GDAC,pfl,aoml/4903353/profiles/R4903353_320.nc|2025-07-13T12:39:34Z|28.16615|-89.25144,aoml/4903353/profiles/R4903353_320.nc,4903353,4903353,28.16615,-89.25144,2025-07-13T12:39:34Z,20250713,2025,474,1.04,937.76,12.9609,True,True,True,https://noaa-nws-rtofs-pds.s3.amazonaws.com/rtofs.20250713/rtofs_glo_3dz_f006_6hrly_hvr_US_east.nc
ARGO_GDAC,pfl,aoml/4903353/profiles/R4903353_320.nc|2025-07-13T12:39:34Z|28.16615|-89.25144,aoml/4903353/profiles/R4903353_320.nc,4903353,4903353,28.16615,-89.25144,2025-07-13T12:39:34Z,20250713,2025,852,0.72,99.88,12.72,True,True,True,https://noaa-nws-rtofs-pds.s3.amazonaws.com/rtofs.20250713/rtofs_glo_3dz_f006_6hrly_hvr_US_east.nc
ARGO_GDAC,pfl,aoml/4903353/profiles/R4903353_321.nc|2025-07-18T10:05:28Z|28.15749|-89.25109,aoml/4903353/profiles/R4903353_321.nc,4903353,4903353,28.15749,-89.25109,2025-07-18T10:05:28Z,20250718,2025,482,4.8,961.08,16.6144,True,True,True,https://noaa-nws-rtofs-pds.s3.amazonaws.com/rtofs.20250718/rtofs_glo_3dz_f006_6hrly_hvr_US_east.nc
ARGO_GDAC,pfl,aoml/4903353/profiles/R4903353_321.nc|2025-07-18T10:05:28Z|28.15749|-89.25109,aoml/4903353/profiles/R4903353_321.nc,4903353,4903353,28.15749,-89.25109,2025-07-18T10:05:28Z,20250718,2025,907,4.52,99.92,11.8954,True,True,True,https://noaa-nws-rtofs-pds.s3.amazonaws.com/rtofs.20250718/rtofs_glo_3dz_f006_6hrly_hvr_US_east.nc
ARGO_GDAC,pfl,aoml/4903353/profiles/R4903353_322.nc|2025-07-23T07:31:49Z|28.15084|-89.25184,aoml/4903353/profiles/R4903353_322.nc,4903353,4903353,28.15084,-89.25184,2025-07-23T07:31:49Z,20250723,2025,482,5.4,961.28,11.2499,True,True,True,https://noaa-nws-rtofs-pds.s3.amazonaws.com/rtofs.20250723/rtofs_glo_3dz_f006_6hrly_hvr_US_east.nc
ARGO_GDAC,pfl,aoml/4903353/profiles/R4903353_322.nc|2025-07-23T07:31:49Z|28.15084|-89.25184,aoml/4903353/profiles/R4903353_322.nc,4903353,4903353,28.15084,-89.25184,2025-07-23T07:31:49Z,20250723,2025,879,5.36,100.0,10.732,True,True,True,https://noaa-nws-rtofs-pds.s3.amazonaws.com/rtofs.20250723/rtofs_glo_3dz_f006_6hrly_hvr_US_east.nc
ARGO_GDAC,pfl,aoml/4903353/profiles/R4903353_324.nc|2025-08-02T02:17:55Z|28.15216|-89.28065,aoml/4903353/profiles/R4903353_324.nc,4903353,4903353,28.15216,-89.28065,2025-08-02T02:17:55Z,20250802,2025,484,4.4,963.68,13.7964,True,True,True,https://noaa-nws-rtofs-pds.s3.amazonaws.com/rtofs.20250802/rtofs_glo_3dz_f006_6hrly_hvr_US_east.nc
ARGO_GDAC,pfl,aoml/4903353/profiles/R4903353_324.nc|2025-08-02T02:17:55Z|28.15216|-89.28065,aoml/4903353/profiles/R4903353_324.nc,4903353,4903353,28.15216,-89.28065,2025-08-02T02:17:55Z,20250802,2025,889,4.32,99.96,11.0089,True,True,True,https://noaa-nws-rtofs-pds.s3.amazonaws.com/rtofs.20250802/rtofs_glo_3dz_f006_6hrly_hvr_US_east.nc
ARGO_GDAC,pfl,aoml/4903353/profiles/R4903353_325.nc|2025-08-07T00:00:57Z|28.14377|-89.30162,aoml/4903353/profiles/R4903353_325.nc,4903353,4903353,28.14377,-89.30162,2025-08-07T00:00:57Z,20250807,2025,529,3.36,1051.56,14.9552,True,True,True,https://noaa-nws-rtofs-pds.s3.amazonaws.com/rtofs.20250807/rtofs_glo_3dz_f006_6hrly_hvr_US_east.nc
ARGO_GDAC,pfl,aoml/4903353/profiles/R4903353_325.nc|2025-08-07T00:00:57Z|28.14377|-89.30162,aoml/4903353/profiles/R4903353_325.nc,4903353,4903353,28.14377,-89.30162,2025-08-07T00:00:57Z,20250807,2025,876,3.32,99.88,15.224,True,True,True,https://noaa-nws-rtofs-pds.s3.amazonaws.com/rtofs.20250807/rtofs_glo_3dz_f006_6hrly_hvr_US_east.nc
ARGO_GDAC,pfl,aoml/4903353/profiles/R4903353_326.nc|2025-08-11T21:38:31Z|28.12605|-89.31476,aoml/4903353/profiles/R4903353_326.nc,4903353,4903353,28.12605,-89.31476,2025-08-11T21:38:31Z,20250811,2025,544,1.04,1077.16,26.1977,True,True,True,https://noaa-nws-rtofs-pds.s3.amazonaws.com/rtofs.20250811/rtofs_glo_3dz_f006_6hrly_hvr_US_east.nc
ARGO_GDAC,pfl,aoml/4903353/profiles/R4903353_326.nc|2025-08-11T21:38:31Z|28.12605|-89.31476,aoml/4903353/profiles/R4903353_326.nc,4903353,4903353,28.12605,-89.31476,2025-08-11T21:38:31Z,20250811,2025,879,0.6,99.96,26.509,True,True,True,https://noaa-nws-rtofs-pds.s3.amazonaws.com/rtofs.20250811/rtofs_glo_3dz_f006_6hrly_hvr_US_east.nc
ARGO_GDAC,pfl,aoml/4903353/profiles/R4903353_327.nc|2025-08-16T19:27:20Z|28.11326|-89.32423,aoml/4903353/profiles/R4903353_327.nc,4903353,4903353,28.11326,-89.32423,2025-08-16T19:27:20Z,20250816,2025,553,1.12,1095.36,13.9228,True,True,True,https://noaa-nws-rtofs-pds.s3.amazonaws.com/rtofs.20250816/rtofs_glo_3dz_f006_6hrly_hvr_US_east.nc
ARGO_GDAC,pfl,aoml/4903353/profiles/R4903353_327.nc|2025-08-16T19:27:20Z|28.11326|-89.32423,aoml/4903353/profiles/R4903353_327.nc,4903353,4903353,28.11326,-89.32423,2025-08-16T19:27:20Z,20250816,2025,997,0.8,99.92,12.9723,True,True,True,https://noaa-nws-rtofs-pds.s3.amazonaws.com/rtofs.20250816/rtofs_glo_3dz_f006_6hrly_hvr_US_east.nc
ARGO_GDAC,pfl,aoml/4903353/profiles/R4903353_328.nc|2025-08-21T17:17:08Z|28.10885|-89.34086,aoml/4903353/profiles/R4903353_328.nc,4903353,4903353,28.10885,-89.34086,2025-08-21T17:17:08Z,20250821,2025,561,1.2,1111.2,19.6987,True,True,True,https://noaa-nws-rtofs-pds.s3.amazonaws.com/rtofs.20250821/rtofs_glo_3dz_f006_6hrly_hvr_US_east.nc
ARGO_GDAC,pfl,aoml/4903353/profiles/R4903353_328.nc|2025-08-21T17:17:08Z|28.10885|-89.34086,aoml/4903353/profiles/R4903353_328.nc,4903353,4903353,28.10885,-89.34086,2025-08-21T17:17:08Z,20250821,2025,922,0.88,99.84,19.72,True,True,True,https://noaa-nws-rtofs-pds.s3.amazonaws.com/rtofs.20250821/rtofs_glo_3dz_f006_6hrly_hvr_US_east.nc
ARGO_GDAC,pfl,aoml/4903353/profiles/R4903353_329.nc|2025-08-26T15:08:38Z|28.10399|-89.36443,aoml/4903353/profiles/R4903353_329.nc,4903353,4903353,28.10399,-89.36443,2025-08-26T15:08:38Z,20250826,2025,582,1.12,1153.36,13.1246,True,True,True,https://noaa-nws-rtofs-pds.s3.amazonaws.com/rtofs.20250826/rtofs_glo_3dz_f006_6hrly_hvr_US_east.nc
ARGO_GDAC,pfl,aoml/4903353/profiles/R4903353_329.nc|2025-08-26T15:08:38Z|28.10399|-89.36443,aoml/4903353/profiles/R4903353_329.nc,4903353,4903353,28.10399,-89.36443,2025-08-26T15:08:38Z,20250826,2025,873,0.8,99.88,13.62,True,True,True,https://noaa-nws-rtofs-pds.s3.amazonaws.com/rtofs.20250826/rtofs_glo_3dz_f006_6hrly_hvr_US_east.nc
ARGO_GDAC,pfl,aoml/4903353/profiles/R4903353_330.nc|2025-08-31T13:03:22Z|28.09959|-89.38813,aoml/4903353/profiles/R4903353_330.nc,4903353,4903353,28.09959,-89.38813,2025-08-31T13:03:22Z,20250831,2025,585,1.04,1159.56,12.5504,True,True,True,https://noaa-nws-rtofs-pds.s3.amazonaws.com/rtofs.20250831/rtofs_glo_3dz_f006_6hrly_hvr_US_east.nc
ARGO_GDAC,pfl,aoml/4903353/profiles/R4903353_330.nc|2025-08-31T13:03:22Z|28.09959|-89.38813,aoml/4903353/profiles/R4903353_330.nc,4903353,4903353,28.09959,-89.38813,2025-08-31T13:03:22Z,20250831,2025,936,0.72,100.0,11.1891,True,True,True,https://noaa-nws-rtofs-pds.s3.amazonaws.com/rtofs.20250831/rtofs_glo_3dz_f006_6hrly_hvr_US_east.nc
ARGO_GDAC,pfl,aoml/4903353/profiles/R4903353_331.nc|2025-09-05T10:52:44Z|28.09633|-89.40158,aoml/4903353/profiles/R4903353_331.nc,4903353,4903353,28.09633,-89.40158,2025-09-05T10:52:44Z,20250905,2025,580,1.04,1149.96,13.5371,True,True,True,https://noaa-nws-rtofs-pds.s3.amazonaws.com/rtofs.20250905/rtofs_glo_3dz_f006_6hrly_hvr_US_east.nc
ARGO_GDAC,pfl,aoml/4903353/profiles/R4903353_331.nc|2025-09-05T10:52:44Z|28.09633|-89.40158,aoml/4903353/profiles/R4903353_331.nc,4903353,4903353,28.09633,-89.40158,2025-09-05T10:52:44Z,20250905,2025,986,0.64,100.0,13.6191,True,True,True,https://noaa-nws-rtofs-pds.s3.amazonaws.com/rtofs.20250905/rtofs_glo_3dz_f006_6hrly_hvr_US_east.nc
ARGO_GDAC,pfl,aoml/4903353/profiles/R4903353_332.nc|2025-09-10T08:46:25Z|28.09533|-89.41471,aoml/4903353/profiles/R4903353_332.nc,4903353,4903353,28.09533,-89.41471,2025-09-10T08:46:25Z,20250910,2025,579,1.04,1147.68,17.4711,True,True,True,https://noaa-nws-rtofs-pds.s3.amazonaws.com/rtofs.20250910/rtofs_glo_3dz_f006_6hrly_hvr_US_east.nc
ARGO_GDAC,pfl,aoml/4903353/profiles/R4903353_332.nc|2025-09-10T08:46:25Z|28.09533|-89.41471,aoml/4903353/profiles/R4903353_332.nc,4903353,4903353,28.09533,-89.41471,2025-09-10T08:46:25Z,20250910,2025,891,0.64,99.96,17.4724,True,True,True,https://noaa-nws-rtofs-pds.s3.amazonaws.com/rtofs.20250910/rtofs_glo_3dz_f006_6hrly_hvr_US_east.nc
ARGO_GDAC,pfl,aoml/4903353/profiles/R4903353_333.nc|2025-09-15T06:39:16Z|28.10001|-89.42500,aoml/4903353/profiles/R4903353_333.nc,4903353,4903353,28.10001,-89.425,2025-09-15T06:39:16Z,20250915,2025,575,1.08,1139.44,20.5647,True,True,True,https://noaa-nws-rtofs-pds.s3.amazonaws.com/rtofs.20250915/rtofs_glo_3dz_f006_6hrly_hvr_US_east.nc
ARGO_GDAC,pfl,aoml/4903353/profiles/R4903353_333.nc|2025-09-15T06:39:16Z|28.10001|-89.42500,aoml/4903353/profiles/R4903353_333.nc,4903353,4903353,28.10001,-89.425,2025-09-15T06:39:16Z,20250915,2025,864,0.72,99.92,20.8749,True,True,True,https://noaa-nws-rtofs-pds.s3.amazonaws.com/rtofs.20250915/rtofs_glo_3dz_f006_6hrly_hvr_US_east.nc
ARGO_GDAC,pfl,aoml/4903353/profiles/R4903353_334.nc|2025-09-20T04:25:33Z|28.10373|-89.43767,aoml/4903353/profiles/R4903353_334.nc,4903353,4903353,28.10373,-89.43767,2025-09-20T04:25:33Z,20250920,2025,569,1.04,1127.64,21.073,True,True,True,https://noaa-nws-rtofs-pds.s3.amazonaws.com/rtofs.20250920/rtofs_glo_3dz_f006_6hrly_hvr_US_east.nc
ARGO_GDAC,pfl,aoml/4903353/profiles/R4903353_334.nc|2025-09-20T04:25:33Z|28.10373|-89.43767,aoml/4903353/profiles/R4903353_334.nc,4903353,4903353,28.10373,-89.43767,2025-09-20T04:25:33Z,20250920,2025,887,0.64,99.88,21.046,True,True,True,https://noaa-nws-rtofs-pds.s3.amazonaws.com/rtofs.20250920/rtofs_glo_3dz_f006_6hrly_hvr_US_east.nc
ARGO_GDAC,pfl,aoml/4903353/profiles/R4903353_335.nc|2025-09-25T02:13:26Z|28.10509|-89.44804,aoml/4903353/profiles/R4903353_335.nc,4903353,4903353,28.10509,-89.44804,2025-09-25T02:13:26Z,20250925,2025,566,1.12,1122.0,28.271,True,True,True,https://noaa-nws-rtofs-pds.s3.amazonaws.com/rtofs.20250925/rtofs_glo_3dz_f006_6hrly_hvr_US_east.nc
ARGO_GDAC,pfl,aoml/4903353/profiles/R4903353_335.nc|2025-09-25T02:13:26Z|28.10509|-89.44804,aoml/4903353/profiles/R4903353_335.nc,4903353,4903353,28.10509,-89.44804,2025-09-25T02:13:26Z,20250925,2025,912,0.76,99.96,29.1103,True,True,True,https://noaa-nws-rtofs-pds.s3.amazonaws.com/rtofs.20250925/rtofs_glo_3dz_f006_6hrly_hvr_US_east.nc
ARGO_GDAC,pfl,aoml/4903353/profiles/R4903353_336.nc|2025-09-29T23:57:35Z|28.10487|-89.45521,aoml/4903353/profiles/R4903353_336.nc,4903353,4903353,28.10487,-89.45521,2025-09-29T23:57:35Z,20250929,2025,564,1.04,1117.32,20.5375,True,True,True,https://noaa-nws-rtofs-pds.s3.amazonaws.com/rtofs.20250929/rtofs_glo_3dz_f006_6hrly_hvr_US_east.nc
ARGO_GDAC,pfl,aoml/4903353/profiles/R4903353_336.nc|2025-09-29T23:57:35Z|28.10487|-89.45521,aoml/4903353/profiles/R4903353_336.nc,4903353,4903353,28.10487,-89.45521,2025-09-29T23:57:35Z,20250929,2025,969,0.6,99.92,17.22,True,True,True,https://noaa-nws-rtofs-pds.s3.amazonaws.com/rtofs.20250929/rtofs_glo_3dz_f006_6hrly_hvr_US_east.nc
ARGO_GDAC,pfl,aoml/4903353/profiles/R4903353_337.nc|2025-10-04T21:43:08Z|28.10678|-89.46787,aoml/4903353/profiles/R4903353_337.nc,4903353,4903353,28.10678,-89.46787,2025-10-04T21:43:08Z,20251004,2025,562,0.96,1113.6,34.505,True,True,True,https://noaa-nws-rtofs-pds.s3.amazonaws.com/rtofs.20251004/rtofs_glo_3dz_f006_6hrly_hvr_US_east.nc
ARGO_GDAC,pfl,aoml/4903353/profiles/R4903353_337.nc|2025-10-04T21:43:08Z|28.10678|-89.46787,aoml/4903353/profiles/R4903353_337.nc,4903353,4903353,28.10678,-89.46787,2025-10-04T21:43:08Z,20251004,2025,913,0.56,99.92,34.955,True,True,True,https://noaa-nws-rtofs-pds.s3.amazonaws.com/rtofs.20251004/rtofs_glo_3dz_f006_6hrly_hvr_US_east.nc
ARGO_GDAC,pfl,aoml/4903353/profiles/R4903353_338.nc|2025-10-09T19:30:17Z|28.10091|-89.48728,aoml/4903353/profiles/R4903353_338.nc,4903353,4903353,28.10091,-89.48728,2025-10-09T19:30:17Z,20251009,2025,563,0.96,1116.24,38.4088,True,True,True,https://noaa-nws-rtofs-pds.s3.amazonaws.com/rtofs.20251009/rtofs_glo_3dz_f006_6hrly_hvr_US_east.nc
ARGO_GDAC,pfl,aoml/4903353/profiles/R4903353_338.nc|2025-10-09T19:30:17Z|28.10091|-89.48728,aoml/4903353/profiles/R4903353_338.nc,4903353,4903353,28.10091,-89.48728,2025-10-09T19:30:17Z,20251009,2025,859,0.56,99.96,38.3197,True,True,True,https://noaa-nws-rtofs-pds.s3.amazonaws.com/rtofs.20251009/rtofs_glo_3dz_f006_6hrly_hvr_US_east.nc
ARGO_GDAC,pfl,aoml/4903353/profiles/R4903353_339.nc|2025-10-14T17:14:06Z|28.08288|-89.50277,aoml/4903353/profiles/R4903353_339.nc,4903353,4903353,28.08288,-89.50277,2025-10-14T17:14:06Z,20251014,2025,552,1.04,1093.2,12.0472,True,True,True,https://noaa-nws-rtofs-pds.s3.amazonaws.com/rtofs.20251014/rtofs_glo_3dz_f006_6hrly_hvr_US_east.nc
ARGO_GDAC,pfl,aoml/4903353/profiles/R4903353_339.nc|2025-10-14T17:14:06Z|28.08288|-89.50277,aoml/4903353/profiles/R4903353_339.nc,4903353,4903353,28.08288,-89.50277,2025-10-14T17:14:06Z,20251014,2025,875,0.56,99.96,12.2747,True,True,True,https://noaa-nws-rtofs-pds.s3.amazonaws.com/rtofs.20251014/rtofs_glo_3dz_f006_6hrly_hvr_US_east.nc
ARGO_GDAC,pfl,aoml/4903353/profiles/R4903353_340.nc|2025-10-19T15:03:01Z|28.06130|-89.50930,aoml/4903353/profiles/R4903353_340.nc,4903353,4903353,28.0613,-89.5093,2025-10-19T15:03:01Z,20251019,2025,571,1.04,1132.08,15.8474,True,True,True,https://noaa-nws-rtofs-pds.s3.amazonaws.com/rtofs.20251019/rtofs_glo_3dz_f006_6hrly_hvr_US_east.nc
ARGO_GDAC,pfl,aoml/4903353/profiles/R4903353_340.nc|2025-10-19T15:03:01Z|28.06130|-89.50930,aoml/4903353/profiles/R4903353_340.nc,4903353,4903353,28.0613,-89.5093,2025-10-19T15:03:01Z,20251019,2025,881,0.6,99.84,15.3199,True,True,True,https://noaa-nws-rtofs-pds.s3.amazonaws.com/rtofs.20251019/rtofs_glo_3dz_f006_6hrly_hvr_US_east.nc
ARGO_GDAC,pfl,aoml/4903353/profiles/R4903353_341.nc|2025-10-24T12:42:59Z|28.04616|-89.51307,aoml/4903353/profiles/R4903353_341.nc,4903353,4903353,28.04616,-89.51307,2025-10-24T12:42:59Z,20251024,2025,557,0.48,1102.12,27.5692,True,True,True,https://noaa-nws-rtofs-pds.s3.amazonaws.com/rtofs.20251024/rtofs_glo_3dz_f006_6hrly_hvr_US_east.nc
ARGO_GDAC,pfl,aoml/4903353/profiles/R4903353_341.nc|2025-10-24T12:42:59Z|28.04616|-89.51307,aoml/4903353/profiles/R4903353_341.nc,4903353,4903353,28.04616,-89.51307,2025-10-24T12:42:59Z,20251024,2025,924,0.48,99.96,28.0779,True,True,True,https://noaa-nws-rtofs-pds.s3.amazonaws.com/rtofs.20251024/rtofs_glo_3dz_f006_6hrly_hvr_US_east.nc
ARGO_GDAC,pfl,aoml/4903353/profiles/R4903353_342.nc|2025-10-29T10:23:48Z|28.04293|-89.51856,aoml/4903353/profiles/R4903353_342.nc,4903353,4903353,28.04293,-89.51856,2025-10-29T10:23:48Z,20251029,2025,534,1.04,1057.44,51.3786,True,True,True,https://noaa-nws-rtofs-pds.s3.amazonaws.com/rtofs.20251029/rtofs_glo_3dz_f006_6hrly_hvr_US_east.nc
ARGO_GDAC,pfl,aoml/4903353/profiles/R4903353_342.nc|2025-10-29T10:23:48Z|28.04293|-89.51856,aoml/4903353/profiles/R4903353_342.nc,4903353,4903353,28.04293,-89.51856,2025-10-29T10:23:48Z,20251029,2025,901,0.56,99.96,50.8938,True,True,True,https://noaa-nws-rtofs-pds.s3.amazonaws.com/rtofs.20251029/rtofs_glo_3dz_f006_6hrly_hvr_US_east.nc
ARGO_GDAC,pfl,aoml/4903353/profiles/R4903353_343.nc|2025-11-03T08:04:55Z|28.04257|-89.52522,aoml/4903353/profiles/R4903353_343.nc,4903353,4903353,28.04257,-89.52522,2025-11-03T08:04:55Z,20251103,2025,516,0.48,1020.2,50.5364,True,True,True,https://noaa-nws-rtofs-pds.s3.amazonaws.com/rtofs.20251103/rtofs_glo_3dz_f006_6hrly_hvr_US_east.nc
ARGO_GDAC,pfl,aoml/4903353/profiles/R4903353_343.nc|2025-11-03T08:04:55Z|28.04257|-89.52522,aoml/4903353/profiles/R4903353_343.nc,4903353,4903353,28.04257,-89.52522,2025-11-03T08:04:55Z,20251103,2025,963,0.48,99.88,52.0008,True,True,True,https://noaa-nws-rtofs-pds.s3.amazonaws.com/rtofs.20251103/rtofs_glo_3dz_f006_6hrly_hvr_US_east.nc
ARGO_GDAC,pfl,aoml/4903353/profiles/R4903353_344.nc|2025-11-08T05:23:11Z|28.04259|-89.52771,aoml/4903353/profiles/R4903353_344.nc,4903353,4903353,28.04259,-89.52771,2025-11-08T05:23:11Z,20251108,2025,470,0.96,929.12,51.8338,True,True,True,https://noaa-nws-rtofs-pds.s3.amazonaws.com/rtofs.20251108/rtofs_glo_3dz_f006_6hrly_hvr_US_east.nc
ARGO_GDAC,pfl,aoml/4903353/profiles/R4903353_344.nc|2025-11-08T05:23:11Z|28.04259|-89.52771,aoml/4903353/profiles/R4903353_344.nc,4903353,4903353,28.04259,-89.52771,2025-11-08T05:23:11Z,20251108,2025,865,0.52,99.96,51.64,True,True,True,https://noaa-nws-rtofs-pds.s3.amazonaws.com/rtofs.20251108/rtofs_glo_3dz_f006_6hrly_hvr_US_east.nc
ARGO_GDAC,pfl,aoml/4903353/profiles/R4903353_345.nc|2025-11-13T02:51:50Z|28.05015|-89.51963,aoml/4903353/profiles/R4903353_345.nc,4903353,4903353,28.05015,-89.51963,2025-11-13T02:51:50Z,20251113,2025,510,1.0,1010.28,26.02,True,True,True,https://noaa-nws-rtofs-pds.s3.amazonaws.com/rtofs.20251113/rtofs_glo_3dz_f006_6hrly_hvr_US_east.nc
ARGO_GDAC,pfl,aoml/4903353/profiles/R4903353_345.nc|2025-11-13T02:51:50Z|28.05015|-89.51963,aoml/4903353/profiles/R4903353_345.nc,4903353,4903353,28.05015,-89.51963,2025-11-13T02:51:50Z,20251113,2025,811,0.56,100.0,26.1067,True,True,True,https://noaa-nws-rtofs-pds.s3.amazonaws.com/rtofs.20251113/rtofs_glo_3dz_f006_6hrly_hvr_US_east.nc
ARGO_GDAC,pfl,aoml/4903353/profiles/R4903353_346.nc|2025-11-18T00:31:14Z|28.05235|-89.50914,aoml/4903353/profiles/R4903353_346.nc,4903353,4903353,28.05235,-89.50914,2025-11-18T00:31:14Z,20251118,2025,564,1.0,1117.72,14.9807,True,True,True,https://noaa-nws-rtofs-pds.s3.amazonaws.com/rtofs.20251118/rtofs_glo_3dz_f006_6hrly_hvr_US_east.nc
ARGO_GDAC,pfl,aoml/4903353/profiles/R4903353_346.nc|2025-11-18T00:31:14Z|28.05235|-89.50914,aoml/4903353/profiles/R4903353_346.nc,4903353,4903353,28.05235,-89.50914,2025-11-18T00:31:14Z,20251118,2025,804,0.6,99.96,14.8711,True,True,True,https://noaa-nws-rtofs-pds.s3.amazonaws.com/rtofs.20251118/rtofs_glo_3dz_f006_6hrly_hvr_US_east.nc
ARGO_GDAC,pfl,aoml/4903353/profiles/R4903353_347.nc|2025-11-22T22:25:14Z|28.04999|-89.50349,aoml/4903353/profiles/R4903353_347.nc,4903353,4903353,28.04999,-89.50349,2025-11-22T22:25:14Z,20251122,2025,564,1.04,1117.56,23.7668,True,True,True,https://noaa-nws-rtofs-pds.s3.amazonaws.com/rtofs.20251122/rtofs_glo_3dz_f006_6hrly_hvr_US_east.nc
ARGO_GDAC,pfl,aoml/4903353/profiles/R4903353_347.nc|2025-11-22T22:25:14Z|28.04999|-89.50349,aoml/4903353/profiles/R4903353_347.nc,4903353,4903353,28.04999,-89.50349,2025-11-22T22:25:14Z,20251122,2025,879,0.64,99.96,23.7164,True,True,True,https://noaa-nws-rtofs-pds.s3.amazonaws.com/rtofs.20251122/rtofs_glo_3dz_f006_6hrly_hvr_US_east.nc
ARGO_GDAC,pfl,aoml/4903353/profiles/R4903353_348.nc|2025-11-27T20:12:43Z|28.04481|-89.49710,aoml/4903353/profiles/R4903353_348.nc,4903353,4903353,28.04481,-89.4971,2025-11-27T20:12:43Z,20251127,2025,574,1.08,1137.8,70.9049,True,True,True,https://noaa-nws-rtofs-pds.s3.amazonaws.com/rtofs.20251127/rtofs_glo_3dz_f006_6hrly_hvr_US_east.nc
ARGO_GDAC,pfl,aoml/4903353/profiles/R4903353_348.nc|2025-11-27T20:12:43Z|28.04481|-89.49710,aoml/4903353/profiles/R4903353_348.nc,4903353,4903353,28.04481,-89.4971,2025-11-27T20:12:43Z,20251127,2025,808,0.76,99.96,70.8106,True,True,True,https://noaa-nws-rtofs-pds.s3.amazonaws.com/rtofs.20251127/rtofs_glo_3dz_f006_6hrly_hvr_US_east.nc
ARGO_GDAC,pfl,aoml/4903353/profiles/R4903353_349.nc|2025-12-02T18:02:17Z|28.03203|-89.49752,aoml/4903353/profiles/R4903353_349.nc,4903353,4903353,28.03203,-89.49752,2025-12-02T18:02:17Z,20251202,2025,569,0.96,1127.88,68.0126,True,True,True,https://noaa-nws-rtofs-pds.s3.amazonaws.com/rtofs.20251202/rtofs_glo_3dz_f006_6hrly_hvr_US_east.nc
ARGO_GDAC,pfl,aoml/4903353/profiles/R4903353_349.nc|2025-12-02T18:02:17Z|28.03203|-89.49752,aoml/4903353/profiles/R4903353_349.nc,4903353,4903353,28.03203,-89.49752,2025-12-02T18:02:17Z,20251202,2025,822,0.52,99.96,68.3631,True,True,True,https://noaa-nws-rtofs-pds.s3.amazonaws.com/rtofs.20251202/rtofs_glo_3dz_f006_6hrly_hvr_US_east.nc
ARGO_GDAC,pfl,aoml/4903353/profiles/R4903353_350.nc|2025-12-07T15:37:40Z|28.01969|-89.49279,aoml/4903353/profiles/R4903353_350.nc,4903353,4903353,28.01969,-89.49279,2025-12-07T15:37:40Z,20251207,2025,531,1.24,1051.56,12.7292,True,True,True,https://noaa-nws-rtofs-pds.s3.amazonaws.com/rtofs.20251207/rtofs_glo_3dz_f006_6hrly_hvr_US_east.nc
ARGO_GDAC,pfl,aoml/4903353/profiles/R4903353_350.nc|2025-12-07T15:37:40Z|28.01969|-89.49279,aoml/4903353/profiles/R4903353_350.nc,4903353,4903353,28.01969,-89.49279,2025-12-07T15:37:40Z,20251207,2025,842,1.04,100.0,11.7825,True,True,True,https://noaa-nws-rtofs-pds.s3.amazonaws.com/rtofs.20251207/rtofs_glo_3dz_f006_6hrly_hvr_US_east.nc
ARGO_GDAC,pfl,aoml/4903353/profiles/R4903353_351.nc|2025-12-12T13:07:44Z|28.01159|-89.49187,aoml/4903353/profiles/R4903353_351.nc,4903353,4903353,28.01159,-89.49187,2025-12-12T13:07:44Z,20251212,2025,513,1.04,1015.68,49.5741,True,True,True,https://noaa-nws-rtofs-pds.s3.amazonaws.com/rtofs.20251212/rtofs_glo_3dz_f006_6hrly_hvr_US_east.nc
ARGO_GDAC,pfl,aoml/4903353/profiles/R4903353_351.nc|2025-12-12T13:07:44Z|28.01159|-89.49187,aoml/4903353/profiles/R4903353_351.nc,4903353,4903353,28.01159,-89.49187,2025-12-12T13:07:44Z,20251212,2025,803,0.68,99.96,49.56,True,True,True,https://noaa-nws-rtofs-pds.s3.amazonaws.com/rtofs.20251212/rtofs_glo_3dz_f006_6hrly_hvr_US_east.nc
ARGO_GDAC,pfl,aoml/4903353/profiles/R4903353_352.nc|2025-12-17T10:38:41Z|28.00975|-89.49257,aoml/4903353/profiles/R4903353_352.nc,4903353,4903353,28.00975,-89.49257,2025-12-17T10:38:41Z,20251217,2025,509,1.04,1007.16,18.4365,True,True,True,https://noaa-nws-rtofs-pds.s3.amazonaws.com/rtofs.20251217/rtofs_glo_3dz_f006_6hrly_hvr_US_east.nc
ARGO_GDAC,pfl,aoml/4903353/profiles/R4903353_352.nc|2025-12-17T10:38:41Z|28.00975|-89.49257,aoml/4903353/profiles/R4903353_352.nc,4903353,4903353,28.00975,-89.49257,2025-12-17T10:38:41Z,20251217,2025,860,0.52,99.96,18.5173,True,True,True,https://noaa-nws-rtofs-pds.s3.amazonaws.com/rtofs.20251217/rtofs_glo_3dz_f006_6hrly_hvr_US_east.nc
ARGO_GDAC,pfl,aoml/4903353/profiles/R4903353_353.nc|2025-12-22T08:10:43Z|28.01223|-89.49464,aoml/4903353/profiles/R4903353_353.nc,4903353,4903353,28.01223,-89.49464,2025-12-22T08:10:43Z,20251222,2025,510,0.48,1007.32,51.9709,True,True,True,https://noaa-nws-rtofs-pds.s3.amazonaws.com/rtofs.20251222/rtofs_glo_3dz_f006_6hrly_hvr_US_east.nc
ARGO_GDAC,pfl,aoml/4903353/profiles/R4903353_353.nc|2025-12-22T08:10:43Z|28.01223|-89.49464,aoml/4903353/profiles/R4903353_353.nc,4903353,4903353,28.01223,-89.49464,2025-12-22T08:10:43Z,20251222,2025,844,0.48,99.88,51.4399,True,True,True,https://noaa-nws-rtofs-pds.s3.amazonaws.com/rtofs.20251222/rtofs_glo_3dz_f006_6hrly_hvr_US_east.nc
ARGO_GDAC,pfl,aoml/4903353/profiles/R4903353_354.nc|2025-12-27T05:42:57Z|28.01174|-89.49475,aoml/4903353/profiles/R4903353_354.nc,4903353,4903353,28.01174,-89.49475,2025-12-27T05:42:57Z,20251227,2025,511,0.48,1009.12,70.5083,True,True,True,https://noaa-nws-rtofs-pds.s3.amazonaws.com/rtofs.20251227/rtofs_glo_3dz_f006_6hrly_hvr_US_east.nc
ARGO_GDAC,pfl,aoml/4903353/profiles/R4903353_354.nc|2025-12-27T05:42:57Z|28.01174|-89.49475,aoml/4903353/profiles/R4903353_354.nc,4903353,4903353,28.01174,-89.49475,2025-12-27T05:42:57Z,20251227,2025,873,0.48,99.96,70.7086,True,True,True,https://noaa-nws-rtofs-pds.s3.amazonaws.com/rtofs.20251227/rtofs_glo_3dz_f006_6hrly_hvr_US_east.nc
ARGO_GDAC,pfl,aoml/4903354/profiles/D4903354_193.nc|2024-01-03T10:42:27Z|25.57175|-87.63129,aoml/4903354/profiles/D4903354_193.nc,4903354,4903354,25.57175,-87.63129,2024-01-03T10:42:27Z,20240103,2024,1012,1.0,2013.12,70.7242,True,True,False,
ARGO_GDAC,pfl,aoml/4903354/profiles/D4903354_193.nc|2024-01-03T10:42:27Z|25.57175|-87.63129,aoml/4903354/profiles/D4903354_193.nc,4903354,4903354,25.57175,-87.63129,2024-01-03T10:42:27Z,20240103,2024,757,0.64,99.88,71.0471,True,True,False,
ARGO_GDAC,pfl,aoml/4903354/profiles/D4903354_194.nc|2024-01-08T11:53:06Z|25.73893|-87.98400,aoml/4903354/profiles/D4903354_194.nc,4903354,4903354,25.73893,-87.984,2024-01-08T11:53:06Z,20240108,2024,1008,0.96,2005.36,68.8837,True,True,False,
ARGO_GDAC,pfl,aoml/4903354/profiles/D4903354_194.nc|2024-01-08T11:53:06Z|25.73893|-87.98400,aoml/4903354/profiles/D4903354_194.nc,4903354,4903354,25.73893,-87.984,2024-01-08T11:53:06Z,20240108,2024,810,0.52,99.88,69.5913,True,True,False,
ARGO_GDAC,pfl,aoml/4903354/profiles/D4903354_195.nc|2024-01-13T13:08:14Z|25.86111|-88.03876,aoml/4903354/profiles/D4903354_195.nc,4903354,4903354,25.86111,-88.03876,2024-01-13T13:08:14Z,20240113,2024,1014,1.08,2017.16,63.4458,True,True,False,
ARGO_GDAC,pfl,aoml/4903354/profiles/D4903354_195.nc|2024-01-13T13:08:14Z|25.86111|-88.03876,aoml/4903354/profiles/D4903354_195.nc,4903354,4903354,25.86111,-88.03876,2024-01-13T13:08:14Z,20240113,2024,855,0.72,99.92,63.4933,True,True,False,
ARGO_GDAC,pfl,aoml/4903354/profiles/D4903354_196.nc|2024-01-18T14:10:55Z|26.00830|-87.63233,aoml/4903354/profiles/D4903354_196.nc,4903354,4903354,26.0083,-87.63233,2024-01-18T14:10:55Z,20240118,2024,1008,1.08,2005.08,81.0509,True,True,False,
ARGO_GDAC,pfl,aoml/4903354/profiles/D4903354_196.nc|2024-01-18T14:10:55Z|26.00830|-87.63233,aoml/4903354/profiles/D4903354_196.nc,4903354,4903354,26.0083,-87.63233,2024-01-18T14:10:55Z,20240118,2024,857,0.72,99.96,80.64,True,True,False,
ARGO_GDAC,pfl,aoml/4903354/profiles/D4903354_197.nc|2024-01-23T15:04:26Z|25.74276|-87.43401,aoml/4903354/profiles/D4903354_197.nc,4903354,4903354,25.74276,-87.43401,2024-01-23T15:04:26Z,20240123,2024,1009,1.12,2007.28,120.7787,True,False,False,
ARGO_GDAC,pfl,aoml/4903354/profiles/D4903354_197.nc|2024-01-23T15:04:26Z|25.74276|-87.43401,aoml/4903354/profiles/D4903354_197.nc,4903354,4903354,25.74276,-87.43401,2024-01-23T15:04:26Z,20240123,2024,731,0.64,99.88,,False,False,False,
ARGO_GDAC,pfl,aoml/4903354/profiles/D4903354_198.nc|2024-01-28T16:08:10Z|25.68544|-87.29289,aoml/4903354/profiles/D4903354_198.nc,4903354,4903354,25.68544,-87.29289,2024-01-28T16:08:10Z,20240128,2024,1012,1.08,2013.16,153.1291,True,False,True,https://noaa-nws-rtofs-pds.s3.amazonaws.com/rtofs.20240128/rtofs_glo_3dz_f006_6hrly_hvr_US_east.nc
ARGO_GDAC,pfl,aoml/4903354/profiles/D4903354_198.nc|2024-01-28T16:08:10Z|25.68544|-87.29289,aoml/4903354/profiles/D4903354_198.nc,4903354,4903354,25.68544,-87.29289,2024-01-28T16:08:10Z,20240128,2024,682,0.64,99.92,,False,False,True,https://noaa-nws-rtofs-pds.s3.amazonaws.com/rtofs.20240128/rtofs_glo_3dz_f006_6hrly_hvr_US_east.nc
ARGO_GDAC,pfl,aoml/4903354/profiles/D4903354_199.nc|2024-02-02T17:18:20Z|25.82701|-87.43139,aoml/4903354/profiles/D4903354_199.nc,4903354,4903354,25.82701,-87.43139,2024-02-02T17:18:20Z,20240202,2024,1012,1.04,2013.44,121.4916,True,False,True,https://noaa-nws-rtofs-pds.s3.amazonaws.com/rtofs.20240202/rtofs_glo_3dz_f006_6hrly_hvr_US_east.nc
ARGO_GDAC,pfl,aoml/4903354/profiles/D4903354_199.nc|2024-02-02T17:18:20Z|25.82701|-87.43139,aoml/4903354/profiles/D4903354_199.nc,4903354,4903354,25.82701,-87.43139,2024-02-02T17:18:20Z,20240202,2024,704,0.72,99.96,,False,False,True,https://noaa-nws-rtofs-pds.s3.amazonaws.com/rtofs.20240202/rtofs_glo_3dz_f006_6hrly_hvr_US_east.nc
ARGO_GDAC,pfl,aoml/4903354/profiles/D4903354_200.nc|2024-02-07T18:23:12Z|25.67135|-87.71914,aoml/4903354/profiles/D4903354_200.nc,4903354,4903354,25.67135,-87.71914,2024-02-07T18:23:12Z,20240207,2024,1013,1.04,2015.04,134.881,True,False,True,https://noaa-nws-rtofs-pds.s3.amazonaws.com/rtofs.20240207/rtofs_glo_3dz_f006_6hrly_hvr_US_east.nc
ARGO_GDAC,pfl,aoml/4903354/profiles/D4903354_200.nc|2024-02-07T18:23:12Z|25.67135|-87.71914,aoml/4903354/profiles/D4903354_200.nc,4903354,4903354,25.67135,-87.71914,2024-02-07T18:23:12Z,20240207,2024,894,0.64,99.96,,False,False,True,https://noaa-nws-rtofs-pds.s3.amazonaws.com/rtofs.20240207/rtofs_glo_3dz_f006_6hrly_hvr_US_east.nc
ARGO_GDAC,pfl,aoml/4903354/profiles/D4903354_201.nc|2024-02-12T19:36:58Z|25.47702|-87.83623,aoml/4903354/profiles/D4903354_201.nc,4903354,4903354,25.47702,-87.83623,2024-02-12T19:36:58Z,20240212,2024,1013,1.0,2015.6,53.3415,True,True,True,https://noaa-nws-rtofs-pds.s3.amazonaws.com/rtofs.20240212/rtofs_glo_3dz_f006_6hrly_hvr_US_east.nc
ARGO_GDAC,pfl,aoml/4903354/profiles/D4903354_201.nc|2024-02-12T19:36:58Z|25.47702|-87.83623,aoml/4903354/profiles/D4903354_201.nc,4903354,4903354,25.47702,-87.83623,2024-02-12T19:36:58Z,20240212,2024,721,0.56,99.92,53.424,True,True,True,https://noaa-nws-rtofs-pds.s3.amazonaws.com/rtofs.20240212/rtofs_glo_3dz_f006_6hrly_hvr_US_east.nc
ARGO_GDAC,pfl,aoml/4903354/profiles/D4903354_202.nc|2024-02-17T20:49:14Z|25.38030|-87.65658,aoml/4903354/profiles/D4903354_202.nc,4903354,4903354,25.3803,-87.65658,2024-02-17T20:49:14Z,20240217,2024,1014,0.44,2015.12,89.1037,True,True,True,https://noaa-nws-rtofs-pds.s3.amazonaws.com/rtofs.20240217/rtofs_glo_3dz_f006_6hrly_hvr_US_east.nc
ARGO_GDAC,pfl,aoml/4903354/profiles/D4903354_202.nc|2024-02-17T20:49:14Z|25.38030|-87.65658,aoml/4903354/profiles/D4903354_202.nc,4903354,4903354,25.3803,-87.65658,2024-02-17T20:49:14Z,20240217,2024,677,0.44,99.96,89.4934,True,True,True,https://noaa-nws-rtofs-pds.s3.amazonaws.com/rtofs.20240217/rtofs_glo_3dz_f006_6hrly_hvr_US_east.nc
ARGO_GDAC,pfl,aoml/4903354/profiles/D4903354_203.nc|2024-02-22T21:52:23Z|25.22923|-87.33882,aoml/4903354/profiles/D4903354_203.nc,4903354,4903354,25.22923,-87.33882,2024-02-22T21:52:23Z,20240222,2024,1008,1.08,2005.76,131.8126,True,False,True,https://noaa-nws-rtofs-pds.s3.amazonaws.com/rtofs.20240222/rtofs_glo_3dz_f006_6hrly_hvr_US_east.nc
ARGO_GDAC,pfl,aoml/4903354/profiles/D4903354_203.nc|2024-02-22T21:52:23Z|25.22923|-87.33882,aoml/4903354/profiles/D4903354_203.nc,4903354,4903354,25.22923,-87.33882,2024-02-22T21:52:23Z,20240222,2024,697,0.72,99.92,,False,False,True,https://noaa-nws-rtofs-pds.s3.amazonaws.com/rtofs.20240222/rtofs_glo_3dz_f006_6hrly_hvr_US_east.nc
ARGO_GDAC,pfl,aoml/4903354/profiles/D4903354_204.nc|2024-02-27T23:00:40Z|25.13714|-86.63668,aoml/4903354/profiles/D4903354_204.nc,4903354,4903354,25.13714,-86.63668,2024-02-27T23:00:40Z,20240227,2024,1013,1.0,2015.8,19.3696,True,True,True,https://noaa-nws-rtofs-pds.s3.amazonaws.com/rtofs.20240227/rtofs_glo_3dz_f006_6hrly_hvr_US_east.nc
ARGO_GDAC,pfl,aoml/4903354/profiles/D4903354_204.nc|2024-02-27T23:00:40Z|25.13714|-86.63668,aoml/4903354/profiles/D4903354_204.nc,4903354,4903354,25.13714,-86.63668,2024-02-27T23:00:40Z,20240227,2024,820,0.56,99.96,19.1772,True,True,True,https://noaa-nws-rtofs-pds.s3.amazonaws.com/rtofs.20240227/rtofs_glo_3dz_f006_6hrly_hvr_US_east.nc
ARGO_GDAC,pfl,aoml/4903354/profiles/D4903354_205.nc|2024-03-03T23:42:14Z|25.67873|-86.64706,aoml/4903354/profiles/D4903354_205.nc,4903354,4903354,25.67873,-86.64706,2024-03-03T23:42:14Z,20240303,2024,1009,1.0,2007.6,18.1387,True,True,True,https://noaa-nws-rtofs-pds.s3.amazonaws.com/rtofs.20240303/rtofs_glo_3dz_f006_6hrly_hvr_US_east.nc
ARGO_GDAC,pfl,aoml/4903354/profiles/D4903354_205.nc|2024-03-03T23:42:14Z|25.67873|-86.64706,aoml/4903354/profiles/D4903354_205.nc,4903354,4903354,25.67873,-86.64706,2024-03-03T23:42:14Z,20240303,2024,800,0.68,99.88,18.992,True,True,True,https://noaa-nws-rtofs-pds.s3.amazonaws.com/rtofs.20240303/rtofs_glo_3dz_f006_6hrly_hvr_US_east.nc
ARGO_GDAC,pfl,aoml/4903354/profiles/D4903354_206.nc|2024-03-09T00:37:41Z|26.02786|-87.26242,aoml/4903354/profiles/D4903354_206.nc,4903354,4903354,26.02786,-87.26242,2024-03-09T00:37:41Z,20240309,2024,1013,1.04,2015.96,117.4054,True,False,True,https://noaa-nws-rtofs-pds.s3.amazonaws.com/rtofs.20240309/rtofs_glo_3dz_f006_6hrly_hvr_US_east.nc
ARGO_GDAC,pfl,aoml/4903354/profiles/D4903354_206.nc|2024-03-09T00:37:41Z|26.02786|-87.26242,aoml/4903354/profiles/D4903354_206.nc,4903354,4903354,26.02786,-87.26242,2024-03-09T00:37:41Z,20240309,2024,718,0.6,99.92,,False,False,True,https://noaa-nws-rtofs-pds.s3.amazonaws.com/rtofs.20240309/rtofs_glo_3dz_f006_6hrly_hvr_US_east.nc
ARGO_GDAC,pfl,aoml/4903354/profiles/D4903354_207.nc|2024-03-14T01:49:09Z|26.08154|-87.66185,aoml/4903354/profiles/D4903354_207.nc,4903354,4903354,26.08154,-87.66185,2024-03-14T01:49:09Z,20240314,2024,1013,1.04,2015.52,140.476,True,False,True,https://noaa-nws-rtofs-pds.s3.amazonaws.com/rtofs.20240314/rtofs_glo_3dz_f006_6hrly_hvr_US_east.nc
ARGO_GDAC,pfl,aoml/4903354/profiles/D4903354_207.nc|2024-03-14T01:49:09Z|26.08154|-87.66185,aoml/4903354/profiles/D4903354_207.nc,4903354,4903354,26.08154,-87.66185,2024-03-14T01:49:09Z,20240314,2024,687,0.64,99.92,,False,False,True,https://noaa-nws-rtofs-pds.s3.amazonaws.com/rtofs.20240314/rtofs_glo_3dz_f006_6hrly_hvr_US_east.nc
ARGO_GDAC,pfl,aoml/4903354/profiles/D4903354_208.nc|2024-03-19T02:47:34Z|26.05864|-87.78914,aoml/4903354/profiles/D4903354_208.nc,4903354,4903354,26.05864,-87.78914,2024-03-19T02:47:34Z,20240319,2024,1008,1.04,2006.12,98.2342,True,True,True,https://noaa-nws-rtofs-pds.s3.amazonaws.com/rtofs.20240319/rtofs_glo_3dz_f006_6hrly_hvr_US_east.nc
ARGO_GDAC,pfl,aoml/4903354/profiles/D4903354_208.nc|2024-03-19T02:47:34Z|26.05864|-87.78914,aoml/4903354/profiles/D4903354_208.nc,4903354,4903354,26.05864,-87.78914,2024-03-19T02:47:34Z,20240319,2024,776,0.56,99.96,97.92,True,True,True,https://noaa-nws-rtofs-pds.s3.amazonaws.com/rtofs.20240319/rtofs_glo_3dz_f006_6hrly_hvr_US_east.nc
ARGO_GDAC,pfl,aoml/4903354/profiles/D4903354_209.nc|2024-03-24T03:57:10Z|25.79206|-87.73073,aoml/4903354/profiles/D4903354_209.nc,4903354,4903354,25.79206,-87.73073,2024-03-24T03:57:10Z,20240324,2024,1014,1.12,2017.68,108.9683,True,False,True,https://noaa-nws-rtofs-pds.s3.amazonaws.com/rtofs.20240324/rtofs_glo_3dz_f006_6hrly_hvr_US_east.nc
ARGO_GDAC,pfl,aoml/4903354/profiles/D4903354_209.nc|2024-03-24T03:57:10Z|25.79206|-87.73073,aoml/4903354/profiles/D4903354_209.nc,4903354,4903354,25.79206,-87.73073,2024-03-24T03:57:10Z,20240324,2024,813,0.8,99.88,,False,False,True,https://noaa-nws-rtofs-pds.s3.amazonaws.com/rtofs.20240324/rtofs_glo_3dz_f006_6hrly_hvr_US_east.nc
ARGO_GDAC,pfl,aoml/4903354/profiles/D4903354_210.nc|2024-03-29T05:02:34Z|25.55794|-87.89094,aoml/4903354/profiles/D4903354_210.nc,4903354,4903354,25.55794,-87.89094,2024-03-29T05:02:34Z,20240329,2024,1012,0.96,2013.8,88.7126,True,True,True,https://noaa-nws-rtofs-pds.s3.amazonaws.com/rtofs.20240329/rtofs_glo_3dz_f006_6hrly_hvr_US_east.nc
ARGO_GDAC,pfl,aoml/4903354/profiles/D4903354_210.nc|2024-03-29T05:02:34Z|25.55794|-87.89094,aoml/4903354/profiles/D4903354_210.nc,4903354,4903354,25.55794,-87.89094,2024-03-29T05:02:34Z,20240329,2024,707,0.56,99.96,88.4452,True,True,True,https://noaa-nws-rtofs-pds.s3.amazonaws.com/rtofs.20240329/rtofs_glo_3dz_f006_6hrly_hvr_US_east.nc
ARGO_GDAC,pfl,aoml/4903354/profiles/D4903354_211.nc|2024-04-03T06:01:41Z|25.49332|-87.92346,aoml/4903354/profiles/D4903354_211.nc,4903354,4903354,25.49332,-87.92346,2024-04-03T06:01:41Z,20240403,2024,1009,0.48,2006.04,78.3602,True,True,True,https://noaa-nws-rtofs-pds.s3.amazonaws.com/rtofs.20240403/rtofs_glo_3dz_f006_6hrly_hvr_US_east.nc
ARGO_GDAC,pfl,aoml/4903354/profiles/D4903354_211.nc|2024-04-03T06:01:41Z|25.49332|-87.92346,aoml/4903354/profiles/D4903354_211.nc,4903354,4903354,25.49332,-87.92346,2024-04-03T06:01:41Z,20240403,2024,835,0.48,99.96,78.3201,True,True,True,https://noaa-nws-rtofs-pds.s3.amazonaws.com/rtofs.20240403/rtofs_glo_3dz_f006_6hrly_hvr_US_east.nc
ARGO_GDAC,pfl,aoml/4903354/profiles/D4903354_212.nc|2024-04-08T06:59:46Z|25.71184|-87.92398,aoml/4903354/profiles/D4903354_212.nc,4903354,4903354,25.71184,-87.92398,2024-04-08T06:59:46Z,20240408,2024,1008,0.96,2006.04,113.0319,True,False,True,https://noaa-nws-rtofs-pds.s3.amazonaws.com/rtofs.20240408/rtofs_glo_3dz_f006_6hrly_hvr_US_east.nc
ARGO_GDAC,pfl,aoml/4903354/profiles/D4903354_212.nc|2024-04-08T06:59:46Z|25.71184|-87.92398,aoml/4903354/profiles/D4903354_212.nc,4903354,4903354,25.71184,-87.92398,2024-04-08T06:59:46Z,20240408,2024,783,0.52,99.92,,False,False,True,https://noaa-nws-rtofs-pds.s3.amazonaws.com/rtofs.20240408/rtofs_glo_3dz_f006_6hrly_hvr_US_east.nc
ARGO_GDAC,pfl,aoml/4903354/profiles/D4903354_213.nc|2024-04-13T08:03:00Z|26.00385|-88.26007,aoml/4903354/profiles/D4903354_213.nc,4903354,4903354,26.00385,-88.26007,2024-04-13T08:03:00Z,20240413,2024,1009,0.96,2007.28,39.4785,True,True,True,https://noaa-nws-rtofs-pds.s3.amazonaws.com/rtofs.20240413/rtofs_glo_3dz_f006_6hrly_hvr_US_east.nc
ARGO_GDAC,pfl,aoml/4903354/profiles/D4903354_213.nc|2024-04-13T08:03:00Z|26.00385|-88.26007,aoml/4903354/profiles/D4903354_213.nc,4903354,4903354,26.00385,-88.26007,2024-04-13T08:03:00Z,20240413,2024,842,0.6,100.0,39.88,True,True,True,https://noaa-nws-rtofs-pds.s3.amazonaws.com/rtofs.20240413/rtofs_glo_3dz_f006_6hrly_hvr_US_east.nc
ARGO_GDAC,pfl,aoml/4903354/profiles/D4903354_214.nc|2024-04-18T09:04:30Z|25.93610|-88.75137,aoml/4903354/profiles/D4903354_214.nc,4903354,4903354,25.9361,-88.75137,2024-04-18T09:04:30Z,20240418,2024,1010,0.48,2007.12,94.2557,True,True,True,https://noaa-nws-rtofs-pds.s3.amazonaws.com/rtofs.20240418/rtofs_glo_3dz_f006_6hrly_hvr_US_east.nc
ARGO_GDAC,pfl,aoml/4903354/profiles/D4903354_214.nc|2024-04-18T09:04:30Z|25.93610|-88.75137,aoml/4903354/profiles/D4903354_214.nc,4903354,4903354,25.9361,-88.75137,2024-04-18T09:04:30Z,20240418,2024,832,0.48,99.88,94.6089,True,True,True,https://noaa-nws-rtofs-pds.s3.amazonaws.com/rtofs.20240418/rtofs_glo_3dz_f006_6hrly_hvr_US_east.nc
ARGO_GDAC,pfl,aoml/4903354/profiles/D4903354_215.nc|2024-04-23T10:04:06Z|25.43467|-88.61603,aoml/4903354/profiles/D4903354_215.nc,4903354,4903354,25.43467,-88.61603,2024-04-23T10:04:06Z,20240423,2024,1008,1.04,2006.0,26.5779,True,True,True,https://noaa-nws-rtofs-pds.s3.amazonaws.com/rtofs.20240423/rtofs_glo_3dz_f006_6hrly_hvr_US_east.nc
ARGO_GDAC,pfl,aoml/4903354/profiles/D4903354_215.nc|2024-04-23T10:04:06Z|25.43467|-88.61603,aoml/4903354/profiles/D4903354_215.nc,4903354,4903354,25.43467,-88.61603,2024-04-23T10:04:06Z,20240423,2024,849,0.72,99.96,27.2937,True,True,True,https://noaa-nws-rtofs-pds.s3.amazonaws.com/rtofs.20240423/rtofs_glo_3dz_f006_6hrly_hvr_US_east.nc
ARGO_GDAC,pfl,aoml/4903354/profiles/D4903354_216.nc|2024-04-28T11:11:12Z|25.67072|-88.44515,aoml/4903354/profiles/D4903354_216.nc,4903354,4903354,25.67072,-88.44515,2024-04-28T11:11:12Z,20240428,2024,1012,1.12,2013.08,51.7727,True,True,True,https://noaa-nws-rtofs-pds.s3.amazonaws.com/rtofs.20240428/rtofs_glo_3dz_f006_6hrly_hvr_US_east.nc
ARGO_GDAC,pfl,aoml/4903354/profiles/D4903354_216.nc|2024-04-28T11:11:12Z|25.67072|-88.44515,aoml/4903354/profiles/D4903354_216.nc,4903354,4903354,25.67072,-88.44515,2024-04-28T11:11:12Z,20240428,2024,880,0.8,100.0,51.5877,True,True,True,https://noaa-nws-rtofs-pds.s3.amazonaws.com/rtofs.20240428/rtofs_glo_3dz_f006_6hrly_hvr_US_east.nc
ARGO_GDAC,pfl,aoml/4903354/profiles/D4903354_217.nc|2024-05-03T12:26:11Z|26.15972|-88.85679,aoml/4903354/profiles/D4903354_217.nc,4903354,4903354,26.15972,-88.85679,2024-05-03T12:26:11Z,20240503,2024,1014,0.48,2015.36,38.98,True,True,True,https://noaa-nws-rtofs-pds.s3.amazonaws.com/rtofs.20240503/rtofs_glo_3dz_f006_6hrly_hvr_US_east.nc
ARGO_GDAC,pfl,aoml/4903354/profiles/D4903354_217.nc|2024-05-03T12:26:11Z|26.15972|-88.85679,aoml/4903354/profiles/D4903354_217.nc,4903354,4903354,26.15972,-88.85679,2024-05-03T12:26:11Z,20240503,2024,679,0.48,99.84,38.2,True,True,True,https://noaa-nws-rtofs-pds.s3.amazonaws.com/rtofs.20240503/rtofs_glo_3dz_f006_6hrly_hvr_US_east.nc
ARGO_GDAC,pfl,aoml/4903354/profiles/D4903354_218.nc|2024-05-08T13:23:01Z|25.91122|-88.76586,aoml/4903354/profiles/D4903354_218.nc,4903354,4903354,25.91122,-88.76586,2024-05-08T13:23:01Z,20240508,2024,1012,1.0,2013.56,28.4173,True,True,True,https://noaa-nws-rtofs-pds.s3.amazonaws.com/rtofs.20240508/rtofs_glo_3dz_f006_6hrly_hvr_US_east.nc
ARGO_GDAC,pfl,aoml/4903354/profiles/D4903354_218.nc|2024-05-08T13:23:01Z|25.91122|-88.76586,aoml/4903354/profiles/D4903354_218.nc,4903354,4903354,25.91122,-88.76586,2024-05-08T13:23:01Z,20240508,2024,856,0.72,100.0,28.5,True,True,True,https://noaa-nws-rtofs-pds.s3.amazonaws.com/rtofs.20240508/rtofs_glo_3dz_f006_6hrly_hvr_US_east.nc
ARGO_GDAC,pfl,aoml/4903354/profiles/D4903354_219.nc|2024-05-13T14:28:43Z|26.08276|-88.57671,aoml/4903354/profiles/D4903354_219.nc,4903354,4903354,26.08276,-88.57671,2024-05-13T14:28:43Z,20240513,2024,1010,1.0,2009.24,13.6836,True,True,True,https://noaa-nws-rtofs-pds.s3.amazonaws.com/rtofs.20240513/rtofs_glo_3dz_f006_6hrly_hvr_US_east.nc
ARGO_GDAC,pfl,aoml/4903354/profiles/D4903354_219.nc|2024-05-13T14:28:43Z|26.08276|-88.57671,aoml/4903354/profiles/D4903354_219.nc,4903354,4903354,26.08276,-88.57671,2024-05-13T14:28:43Z,20240513,2024,845,0.6,99.92,13.7178,True,True,True,https://noaa-nws-rtofs-pds.s3.amazonaws.com/rtofs.20240513/rtofs_glo_3dz_f006_6hrly_hvr_US_east.nc
ARGO_GDAC,pfl,aoml/4903354/profiles/D4903354_220.nc|2024-05-18T15:44:38Z|26.35462|-88.59674,aoml/4903354/profiles/D4903354_220.nc,4903354,4903354,26.35462,-88.59674,2024-05-18T15:44:38Z,20240518,2024,1013,0.4,2013.32,17.308,True,True,True,https://noaa-nws-rtofs-pds.s3.amazonaws.com/rtofs.20240518/rtofs_glo_3dz_f006_6hrly_hvr_US_east.nc
ARGO_GDAC,pfl,aoml/4903354/profiles/D4903354_220.nc|2024-05-18T15:44:38Z|26.35462|-88.59674,aoml/4903354/profiles/D4903354_220.nc,4903354,4903354,26.35462,-88.59674,2024-05-18T15:44:38Z,20240518,2024,848,0.4,99.96,17.4,True,True,True,https://noaa-nws-rtofs-pds.s3.amazonaws.com/rtofs.20240518/rtofs_glo_3dz_f006_6hrly_hvr_US_east.nc
ARGO_GDAC,pfl,aoml/4903354/profiles/D4903354_221.nc|2024-05-23T16:46:39Z|26.04460|-88.18055,aoml/4903354/profiles/D4903354_221.nc,4903354,4903354,26.0446,-88.18055,2024-05-23T16:46:39Z,20240523,2024,1008,1.08,2005.72,14.4388,True,True,True,https://noaa-nws-rtofs-pds.s3.amazonaws.com/rtofs.20240523/rtofs_glo_3dz_f006_6hrly_hvr_US_east.nc
ARGO_GDAC,pfl,aoml/4903354/profiles/D4903354_221.nc|2024-05-23T16:46:39Z|26.04460|-88.18055,aoml/4903354/profiles/D4903354_221.nc,4903354,4903354,26.0446,-88.18055,2024-05-23T16:46:39Z,20240523,2024,840,0.72,99.96,14.564,True,True,True,https://noaa-nws-rtofs-pds.s3.amazonaws.com/rtofs.20240523/rtofs_glo_3dz_f006_6hrly_hvr_US_east.nc
ARGO_GDAC,pfl,aoml/4903354/profiles/D4903354_222.nc|2024-05-28T17:58:18Z|26.71557|-87.54033,aoml/4903354/profiles/D4903354_222.nc,4903354,4903354,26.71557,-87.54033,2024-05-28T17:58:18Z,20240528,2024,1012,0.96,2013.96,19.9515,True,True,True,https://noaa-nws-rtofs-pds.s3.amazonaws.com/rtofs.20240528/rtofs_glo_3dz_f006_6hrly_hvr_US_east.nc
ARGO_GDAC,pfl,aoml/4903354/profiles/D4903354_222.nc|2024-05-28T17:58:18Z|26.71557|-87.54033,aoml/4903354/profiles/D4903354_222.nc,4903354,4903354,26.71557,-87.54033,2024-05-28T17:58:18Z,20240528,2024,872,0.56,99.92,20.624,True,True,True,https://noaa-nws-rtofs-pds.s3.amazonaws.com/rtofs.20240528/rtofs_glo_3dz_f006_6hrly_hvr_US_east.nc
ARGO_GDAC,pfl,aoml/4903354/profiles/D4903354_223.nc|2024-06-02T19:03:30Z|27.53858|-87.10411,aoml/4903354/profiles/D4903354_223.nc,4903354,4903354,27.53858,-87.10411,2024-06-02T19:03:30Z,20240602,2024,1008,1.0,2005.16,16.7598,True,True,True,https://noaa-nws-rtofs-pds.s3.amazonaws.com/rtofs.20240602/rtofs_glo_3dz_f006_6hrly_hvr_US_east.nc
ARGO_GDAC,pfl,aoml/4903354/profiles/D4903354_223.nc|2024-06-02T19:03:30Z|27.53858|-87.10411,aoml/4903354/profiles/D4903354_223.nc,4903354,4903354,27.53858,-87.10411,2024-06-02T19:03:30Z,20240602,2024,852,0.6,99.88,17.4578,True,True,True,https://noaa-nws-rtofs-pds.s3.amazonaws.com/rtofs.20240602/rtofs_glo_3dz_f006_6hrly_hvr_US_east.nc
ARGO_GDAC,pfl,aoml/4903354/profiles/D4903354_224.nc|2024-06-07T20:03:59Z|26.79508|-87.22507,aoml/4903354/profiles/D4903354_224.nc,4903354,4903354,26.79508,-87.22507,2024-06-07T20:03:59Z,20240607,2024,1012,1.04,2013.28,16.1064,True,True,True,https://noaa-nws-rtofs-pds.s3.amazonaws.com/rtofs.20240607/rtofs_glo_3dz_f006_6hrly_hvr_US_east.nc
ARGO_GDAC,pfl,aoml/4903354/profiles/D4903354_224.nc|2024-06-07T20:03:59Z|26.79508|-87.22507,aoml/4903354/profiles/D4903354_224.nc,4903354,4903354,26.79508,-87.22507,2024-06-07T20:03:59Z,20240607,2024,846,0.64,99.84,16.12,True,True,True,https://noaa-nws-rtofs-pds.s3.amazonaws.com/rtofs.20240607/rtofs_glo_3dz_f006_6hrly_hvr_US_east.nc
ARGO_GDAC,pfl,aoml/4903354/profiles/D4903354_225.nc|2024-06-12T21:13:49Z|27.00191|-86.57095,aoml/4903354/profiles/D4903354_225.nc,4903354,4903354,27.00191,-86.57095,2024-06-12T21:13:49Z,20240612,2024,1012,1.0,2013.76,12.1869,True,True,True,https://noaa-nws-rtofs-pds.s3.amazonaws.com/rtofs.20240612/rtofs_glo_3dz_f006_6hrly_hvr_US_east.nc
ARGO_GDAC,pfl,aoml/4903354/profiles/D4903354_225.nc|2024-06-12T21:13:49Z|27.00191|-86.57095,aoml/4903354/profiles/D4903354_225.nc,4903354,4903354,27.00191,-86.57095,2024-06-12T21:13:49Z,20240612,2024,897,0.64,99.92,12.55,True,True,True,https://noaa-nws-rtofs-pds.s3.amazonaws.com/rtofs.20240612/rtofs_glo_3dz_f006_6hrly_hvr_US_east.nc
ARGO_GDAC,pfl,aoml/4903354/profiles/D4903354_226.nc|2024-06-17T22:21:11Z|26.91234|-87.50713,aoml/4903354/profiles/D4903354_226.nc,4903354,4903354,26.91234,-87.50713,2024-06-17T22:21:11Z,20240617,2024,1009,1.12,2007.24,17.5984,True,True,True,https://noaa-nws-rtofs-pds.s3.amazonaws.com/rtofs.20240617/rtofs_glo_3dz_f006_6hrly_hvr_US_east.nc
ARGO_GDAC,pfl,aoml/4903354/profiles/D4903354_226.nc|2024-06-17T22:21:11Z|26.91234|-87.50713,aoml/4903354/profiles/D4903354_226.nc,4903354,4903354,26.91234,-87.50713,2024-06-17T22:21:11Z,20240617,2024,841,0.8,99.92,17.8739,True,True,True,https://noaa-nws-rtofs-pds.s3.amazonaws.com/rtofs.20240617/rtofs_glo_3dz_f006_6hrly_hvr_US_east.nc
ARGO_GDAC,pfl,aoml/4903354/profiles/D4903354_227.nc|2024-06-22T23:26:04Z|27.41212|-87.48727,aoml/4903354/profiles/D4903354_227.nc,4903354,4903354,27.41212,-87.48727,2024-06-22T23:26:04Z,20240622,2024,1008,1.04,2005.08,15.5205,True,True,True,https://noaa-nws-rtofs-pds.s3.amazonaws.com/rtofs.20240622/rtofs_glo_3dz_f006_6hrly_hvr_US_east.nc
ARGO_GDAC,pfl,aoml/4903354/profiles/D4903354_227.nc|2024-06-22T23:26:04Z|27.41212|-87.48727,aoml/4903354/profiles/D4903354_227.nc,4903354,4903354,27.41212,-87.48727,2024-06-22T23:26:04Z,20240622,2024,846,0.56,99.88,15.0471,True,True,True,https://noaa-nws-rtofs-pds.s3.amazonaws.com/rtofs.20240622/rtofs_glo_3dz_f006_6hrly_hvr_US_east.nc
ARGO_GDAC,pfl,aoml/4903354/profiles/D4903354_228.nc|2024-06-28T00:31:50Z|27.56150|-86.80553,aoml/4903354/profiles/D4903354_228.nc,4903354,4903354,27.5615,-86.80553,2024-06-28T00:31:50Z,20240628,2024,1014,1.2,2017.2,13.9146,True,True,True,https://noaa-nws-rtofs-pds.s3.amazonaws.com/rtofs.20240628/rtofs_glo_3dz_f006_6hrly_hvr_US_east.nc
ARGO_GDAC,pfl,aoml/4903354/profiles/D4903354_228.nc|2024-06-28T00:31:50Z|27.56150|-86.80553,aoml/4903354/profiles/D4903354_228.nc,4903354,4903354,27.5615,-86.80553,2024-06-28T00:31:50Z,20240628,2024,861,1.08,99.96,13.7199,True,True,True,https://noaa-nws-rtofs-pds.s3.amazonaws.com/rtofs.20240628/rtofs_glo_3dz_f006_6hrly_hvr_US_east.nc
ARGO_GDAC,pfl,aoml/4903354/profiles/D4903354_229.nc|2024-07-03T01:44:52Z|26.96500|-86.28643,aoml/4903354/profiles/D4903354_229.nc,4903354,4903354,26.965,-86.28643,2024-07-03T01:44:52Z,20240703,2024,1014,1.04,2017.36,30.2853,True,True,True,https://noaa-nws-rtofs-pds.s3.amazonaws.com/rtofs.20240703/rtofs_glo_3dz_f006_6hrly_hvr_US_east.nc
ARGO_GDAC,pfl,aoml/4903354/profiles/D4903354_229.nc|2024-07-03T01:44:52Z|26.96500|-86.28643,aoml/4903354/profiles/D4903354_229.nc,4903354,4903354,26.965,-86.28643,2024-07-03T01:44:52Z,20240703,2024,844,0.6,100.0,30.496,True,True,True,https://noaa-nws-rtofs-pds.s3.amazonaws.com/rtofs.20240703/rtofs_glo_3dz_f006_6hrly_hvr_US_east.nc
ARGO_GDAC,pfl,aoml/4903354/profiles/D4903354_230.nc|2024-07-08T02:48:59Z|26.40097|-86.01569,aoml/4903354/profiles/D4903354_230.nc,4903354,4903354,26.40097,-86.01569,2024-07-08T02:48:59Z,20240708,2024,1012,1.04,2014.12,15.2014,True,True,True,https://noaa-nws-rtofs-pds.s3.amazonaws.com/rtofs.20240708/rtofs_glo_3dz_f006_6hrly_hvr_US_east.nc
ARGO_GDAC,pfl,aoml/4903354/profiles/D4903354_230.nc|2024-07-08T02:48:59Z|26.40097|-86.01569,aoml/4903354/profiles/D4903354_230.nc,4903354,4903354,26.40097,-86.01569,2024-07-08T02:48:59Z,20240708,2024,808,0.56,99.84,15.9262,True,True,True,https://noaa-nws-rtofs-pds.s3.amazonaws.com/rtofs.20240708/rtofs_glo_3dz_f006_6hrly_hvr_US_east.nc
ARGO_GDAC,pfl,aoml/4903354/profiles/D4903354_231.nc|2024-07-13T03:56:30Z|26.16227|-85.94198,aoml/4903354/profiles/D4903354_231.nc,4903354,4903354,26.16227,-85.94198,2024-07-13T03:56:30Z,20240713,2024,1008,0.96,2005.8,20.0912,True,True,True,https://noaa-nws-rtofs-pds.s3.amazonaws.com/rtofs.20240713/rtofs_glo_3dz_f006_6hrly_hvr_US_east.nc
ARGO_GDAC,pfl,aoml/4903354/profiles/D4903354_231.nc|2024-07-13T03:56:30Z|26.16227|-85.94198,aoml/4903354/profiles/D4903354_231.nc,4903354,4903354,26.16227,-85.94198,2024-07-13T03:56:30Z,20240713,2024,807,0.56,99.88,19.5201,True,True,True,https://noaa-nws-rtofs-pds.s3.amazonaws.com/rtofs.20240713/rtofs_glo_3dz_f006_6hrly_hvr_US_east.nc
ARGO_GDAC,pfl,aoml/4903354/profiles/D4903354_232.nc|2024-07-18T05:07:24Z|26.21148|-85.61272,aoml/4903354/profiles/D4903354_232.nc,4903354,4903354,26.21148,-85.61272,2024-07-18T05:07:24Z,20240718,2024,1013,1.0,2016.0,22.5613,True,True,True,https://noaa-nws-rtofs-pds.s3.amazonaws.com/rtofs.20240718/rtofs_glo_3dz_f006_6hrly_hvr_US_east.nc
ARGO_GDAC,pfl,aoml/4903354/profiles/D4903354_232.nc|2024-07-18T05:07:24Z|26.21148|-85.61272,aoml/4903354/profiles/D4903354_232.nc,4903354,4903354,26.21148,-85.61272,2024-07-18T05:07:24Z,20240718,2024,772,0.52,99.92,22.0656,True,True,True,https://noaa-nws-rtofs-pds.s3.amazonaws.com/rtofs.20240718/rtofs_glo_3dz_f006_6hrly_hvr_US_east.nc
ARGO_GDAC,pfl,aoml/4903354/profiles/D4903354_233.nc|2024-07-23T06:15:41Z|26.48787|-85.23586,aoml/4903354/profiles/D4903354_233.nc,4903354,4903354,26.48787,-85.23586,2024-07-23T06:15:41Z,20240723,2024,1009,0.96,2007.0,13.6887,True,True,True,https://noaa-nws-rtofs-pds.s3.amazonaws.com/rtofs.20240723/rtofs_glo_3dz_f006_6hrly_hvr_US_east.nc
ARGO_GDAC,pfl,aoml/4903354/profiles/D4903354_233.nc|2024-07-23T06:15:41Z|26.48787|-85.23586,aoml/4903354/profiles/D4903354_233.nc,4903354,4903354,26.48787,-85.23586,2024-07-23T06:15:41Z,20240723,2024,919,0.56,100.0,13.9379,True,True,True,https://noaa-nws-rtofs-pds.s3.amazonaws.com/rtofs.20240723/rtofs_glo_3dz_f006_6hrly_hvr_US_east.nc
ARGO_GDAC,pfl,aoml/4903354/profiles/D4903354_234.nc|2024-07-28T07:14:57Z|27.14250|-85.52879,aoml/4903354/profiles/D4903354_234.nc,4903354,4903354,27.1425,-85.52879,2024-07-28T07:14:57Z,20240728,2024,1012,1.04,2013.68,11.3866,True,True,True,https://noaa-nws-rtofs-pds.s3.amazonaws.com/rtofs.20240728/rtofs_glo_3dz_f006_6hrly_hvr_US_east.nc
ARGO_GDAC,pfl,aoml/4903354/profiles/D4903354_234.nc|2024-07-28T07:14:57Z|27.14250|-85.52879,aoml/4903354/profiles/D4903354_234.nc,4903354,4903354,27.1425,-85.52879,2024-07-28T07:14:57Z,20240728,2024,912,0.6,100.0,11.5118,True,True,True,https://noaa-nws-rtofs-pds.s3.amazonaws.com/rtofs.20240728/rtofs_glo_3dz_f006_6hrly_hvr_US_east.nc
ARGO_GDAC,pfl,aoml/4903354/profiles/D4903354_235.nc|2024-08-02T08:16:32Z|27.49078|-85.99597,aoml/4903354/profiles/D4903354_235.nc,4903354,4903354,27.49078,-85.99597,2024-08-02T08:16:32Z,20240802,2024,1008,1.08,2006.2,15.1135,True,True,True,https://noaa-nws-rtofs-pds.s3.amazonaws.com/rtofs.20240802/rtofs_glo_3dz_f006_6hrly_hvr_US_east.nc
ARGO_GDAC,pfl,aoml/4903354/profiles/D4903354_235.nc|2024-08-02T08:16:32Z|27.49078|-85.99597,aoml/4903354/profiles/D4903354_235.nc,4903354,4903354,27.49078,-85.99597,2024-08-02T08:16:32Z,20240802,2024,980,0.68,99.92,15.3843,True,True,True,https://noaa-nws-rtofs-pds.s3.amazonaws.com/rtofs.20240802/rtofs_glo_3dz_f006_6hrly_hvr_US_east.nc
ARGO_GDAC,pfl,aoml/4903354/profiles/D4903354_236.nc|2024-08-07T09:28:36Z|27.48876|-85.77038,aoml/4903354/profiles/D4903354_236.nc,4903354,4903354,27.48876,-85.77038,2024-08-07T09:28:36Z,20240807,2024,1011,1.0,2011.76,21.0558,True,True,True,https://noaa-nws-rtofs-pds.s3.amazonaws.com/rtofs.20240807/rtofs_glo_3dz_f006_6hrly_hvr_US_east.nc
ARGO_GDAC,pfl,aoml/4903354/profiles/D4903354_236.nc|2024-08-07T09:28:36Z|27.48876|-85.77038,aoml/4903354/profiles/D4903354_236.nc,4903354,4903354,27.48876,-85.77038,2024-08-07T09:28:36Z,20240807,2024,867,0.6,99.88,21.2787,True,True,True,https://noaa-nws-rtofs-pds.s3.amazonaws.com/rtofs.20240807/rtofs_glo_3dz_f006_6hrly_hvr_US_east.nc
ARGO_GDAC,pfl,aoml/4903354/profiles/D4903354_237.nc|2024-08-12T10:37:25Z|27.06070|-85.51029,aoml/4903354/profiles/D4903354_237.nc,4903354,4903354,27.0607,-85.51029,2024-08-12T10:37:25Z,20240812,2024,1012,1.16,2013.16,17.2303,True,True,True,https://noaa-nws-rtofs-pds.s3.amazonaws.com/rtofs.20240812/rtofs_glo_3dz_f006_6hrly_hvr_US_east.nc
ARGO_GDAC,pfl,aoml/4903354/profiles/D4903354_237.nc|2024-08-12T10:37:25Z|27.06070|-85.51029,aoml/4903354/profiles/D4903354_237.nc,4903354,4903354,27.0607,-85.51029,2024-08-12T10:37:25Z,20240812,2024,937,0.84,99.92,17.38,True,True,True,https://noaa-nws-rtofs-pds.s3.amazonaws.com/rtofs.20240812/rtofs_glo_3dz_f006_6hrly_hvr_US_east.nc
ARGO_GDAC,pfl,aoml/4903354/profiles/D4903354_238.nc|2024-08-17T11:46:36Z|26.59094|-85.21368,aoml/4903354/profiles/D4903354_238.nc,4903354,4903354,26.59094,-85.21368,2024-08-17T11:46:36Z,20240817,2024,1009,1.04,2007.44,21.1069,True,True,True,https://noaa-nws-rtofs-pds.s3.amazonaws.com/rtofs.20240817/rtofs_glo_3dz_f006_6hrly_hvr_US_east.nc
ARGO_GDAC,pfl,aoml/4903354/profiles/D4903354_238.nc|2024-08-17T11:46:36Z|26.59094|-85.21368,aoml/4903354/profiles/D4903354_238.nc,4903354,4903354,26.59094,-85.21368,2024-08-17T11:46:36Z,20240817,2024,1000,0.6,99.92,12.12,True,True,True,https://noaa-nws-rtofs-pds.s3.amazonaws.com/rtofs.20240817/rtofs_glo_3dz_f006_6hrly_hvr_US_east.nc
ARGO_GDAC,pfl,aoml/4903354/profiles/D4903354_239.nc|2024-08-22T12:51:29Z|26.27226|-85.13713,aoml/4903354/profiles/D4903354_239.nc,4903354,4903354,26.27226,-85.13713,2024-08-22T12:51:29Z,20240822,2024,1011,1.08,2011.08,20.1039,True,True,True,https://noaa-nws-rtofs-pds.s3.amazonaws.com/rtofs.20240822/rtofs_glo_3dz_f006_6hrly_hvr_US_east.nc
ARGO_GDAC,pfl,aoml/4903354/profiles/D4903354_239.nc|2024-08-22T12:51:29Z|26.27226|-85.13713,aoml/4903354/profiles/D4903354_239.nc,4903354,4903354,26.27226,-85.13713,2024-08-22T12:51:29Z,20240822,2024,975,0.72,99.84,15.875,True,True,True,https://noaa-nws-rtofs-pds.s3.amazonaws.com/rtofs.20240822/rtofs_glo_3dz_f006_6hrly_hvr_US_east.nc
ARGO_GDAC,pfl,aoml/4903354/profiles/D4903354_240.nc|2024-08-27T14:06:02Z|25.65877|-85.19559,aoml/4903354/profiles/D4903354_240.nc,4903354,4903354,25.65877,-85.19559,2024-08-27T14:06:02Z,20240827,2024,1011,1.04,2012.04,27.5632,True,True,True,https://noaa-nws-rtofs-pds.s3.amazonaws.com/rtofs.20240827/rtofs_glo_3dz_f006_6hrly_hvr_US_east.nc
ARGO_GDAC,pfl,aoml/4903354/profiles/D4903354_240.nc|2024-08-27T14:06:02Z|25.65877|-85.19559,aoml/4903354/profiles/D4903354_240.nc,4903354,4903354,25.65877,-85.19559,2024-08-27T14:06:02Z,20240827,2024,962,0.56,99.92,27.0718,True,True,True,https://noaa-nws-rtofs-pds.s3.amazonaws.com/rtofs.20240827/rtofs_glo_3dz_f006_6hrly_hvr_US_east.nc
ARGO_GDAC,pfl,aoml/4903354/profiles/D4903354_241.nc|2024-09-01T15:18:55Z|25.05120|-85.27951,aoml/4903354/profiles/D4903354_241.nc,4903354,4903354,25.0512,-85.27951,2024-09-01T15:18:55Z,20240901,2024,1012,1.08,2013.92,38.8834,True,True,True,https://noaa-nws-rtofs-pds.s3.amazonaws.com/rtofs.20240901/rtofs_glo_3dz_f006_6hrly_hvr_US_east.nc
ARGO_GDAC,pfl,aoml/4903354/profiles/D4903354_241.nc|2024-09-01T15:18:55Z|25.05120|-85.27951,aoml/4903354/profiles/D4903354_241.nc,4903354,4903354,25.0512,-85.27951,2024-09-01T15:18:55Z,20240901,2024,842,0.64,100.0,39.2918,True,True,True,https://noaa-nws-rtofs-pds.s3.amazonaws.com/rtofs.20240901/rtofs_glo_3dz_f006_6hrly_hvr_US_east.nc
ARGO_GDAC,pfl,aoml/4903354/profiles/D4903354_242.nc|2024-09-06T16:18:18Z|24.70031|-85.41575,aoml/4903354/profiles/D4903354_242.nc,4903354,4903354,24.70031,-85.41575,2024-09-06T16:18:18Z,20240906,2024,1008,1.0,2005.88,40.8519,True,True,True,https://noaa-nws-rtofs-pds.s3.amazonaws.com/rtofs.20240906/rtofs_glo_3dz_f006_6hrly_hvr_US_east.nc
ARGO_GDAC,pfl,aoml/4903354/profiles/D4903354_242.nc|2024-09-06T16:18:18Z|24.70031|-85.41575,aoml/4903354/profiles/D4903354_242.nc,4903354,4903354,24.70031,-85.41575,2024-09-06T16:18:18Z,20240906,2024,827,0.6,99.92,41.3243,True,True,True,https://noaa-nws-rtofs-pds.s3.amazonaws.com/rtofs.20240906/rtofs_glo_3dz_f006_6hrly_hvr_US_east.nc
ARGO_GDAC,pfl,aoml/4903354/profiles/D4903354_243.nc|2024-09-11T17:18:01Z|24.41206|-85.55559,aoml/4903354/profiles/D4903354_243.nc,4903354,4903354,24.41206,-85.55559,2024-09-11T17:18:01Z,20240911,2024,1012,1.0,2013.56,36.2739,True,True,True,https://noaa-nws-rtofs-pds.s3.amazonaws.com/rtofs.20240911/rtofs_glo_3dz_f006_6hrly_hvr_US_east.nc
ARGO_GDAC,pfl,aoml/4903354/profiles/D4903354_243.nc|2024-09-11T17:18:01Z|24.41206|-85.55559,aoml/4903354/profiles/D4903354_243.nc,4903354,4903354,24.41206,-85.55559,2024-09-11T17:18:01Z,20240911,2024,864,0.6,99.88,35.74,True,True,True,https://noaa-nws-rtofs-pds.s3.amazonaws.com/rtofs.20240911/rtofs_glo_3dz_f006_6hrly_hvr_US_east.nc
ARGO_GDAC,pfl,aoml/4903354/profiles/D4903354_244.nc|2024-09-16T18:18:05Z|24.19344|-85.64312,aoml/4903354/profiles/D4903354_244.nc,4903354,4903354,24.19344,-85.64312,2024-09-16T18:18:05Z,20240916,2024,1012,1.0,2013.36,34.8803,True,True,True,https://noaa-nws-rtofs-pds.s3.amazonaws.com/rtofs.20240916/rtofs_glo_3dz_f006_6hrly_hvr_US_east.nc
ARGO_GDAC,pfl,aoml/4903354/profiles/D4903354_244.nc|2024-09-16T18:18:05Z|24.19344|-85.64312,aoml/4903354/profiles/D4903354_244.nc,4903354,4903354,24.19344,-85.64312,2024-09-16T18:18:05Z,20240916,2024,834,0.6,99.88,35.711,True,True,True,https://noaa-nws-rtofs-pds.s3.amazonaws.com/rtofs.20240916/rtofs_glo_3dz_f006_6hrly_hvr_US_east.nc
ARGO_GDAC,pfl,aoml/4903354/profiles/D4903354_245.nc|2024-09-21T19:29:56Z|24.06874|-85.41490,aoml/4903354/profiles/D4903354_245.nc,4903354,4903354,24.06874,-85.4149,2024-09-21T19:29:56Z,20240921,2024,1008,1.04,2006.12,40.0789,True,True,True,https://noaa-nws-rtofs-pds.s3.amazonaws.com/rtofs.20240921/rtofs_glo_3dz_f006_6hrly_hvr_US_east.nc
ARGO_GDAC,pfl,aoml/4903354/profiles/D4903354_245.nc|2024-09-21T19:29:56Z|24.06874|-85.41490,aoml/4903354/profiles/D4903354_245.nc,4903354,4903354,24.06874,-85.4149,2024-09-21T19:29:56Z,20240921,2024,844,0.6,99.84,40.2133,True,True,True,https://noaa-nws-rtofs-pds.s3.amazonaws.com/rtofs.20240921/rtofs_glo_3dz_f006_6hrly_hvr_US_east.nc
ARGO_GDAC,pfl,aoml/4903354/profiles/D4903354_246.nc|2024-09-26T20:45:05Z|24.07007|-84.94599,aoml/4903354/profiles/D4903354_246.nc,4903354,4903354,24.07007,-84.94599,2024-09-26T20:45:05Z,20240926,2024,1011,1.04,2011.72,74.5244,True,True,True,https://noaa-nws-rtofs-pds.s3.amazonaws.com/rtofs.20240926/rtofs_glo_3dz_f006_6hrly_hvr_US_east.nc
ARGO_GDAC,pfl,aoml/4903354/profiles/D4903354_246.nc|2024-09-26T20:45:05Z|24.07007|-84.94599,aoml/4903354/profiles/D4903354_246.nc,4903354,4903354,24.07007,-84.94599,2024-09-26T20:45:05Z,20240926,2024,886,0.72,99.96,74.2311,True,True,True,https://noaa-nws-rtofs-pds.s3.amazonaws.com/rtofs.20240926/rtofs_glo_3dz_f006_6hrly_hvr_US_east.nc
ARGO_GDAC,pfl,aoml/4903354/profiles/D4903354_247.nc|2024-10-01T22:04:59Z|24.36716|-84.37839,aoml/4903354/profiles/D4903354_247.nc,4903354,4903354,24.36716,-84.37839,2024-10-01T22:04:59Z,20241001,2024,1014,1.0,2017.88,21.8934,True,True,True,https://noaa-nws-rtofs-pds.s3.amazonaws.com/rtofs.20241001/rtofs_glo_3dz_f006_6hrly_hvr_US_east.nc
ARGO_GDAC,pfl,aoml/4903354/profiles/D4903354_247.nc|2024-10-01T22:04:59Z|24.36716|-84.37839,aoml/4903354/profiles/D4903354_247.nc,4903354,4903354,24.36716,-84.37839,2024-10-01T22:04:59Z,20241001,2024,931,0.6,100.0,22.04,True,True,True,https://noaa-nws-rtofs-pds.s3.amazonaws.com/rtofs.20241001/rtofs_glo_3dz_f006_6hrly_hvr_US_east.nc
ARGO_GDAC,pfl,aoml/4903354/profiles/D4903354_248.nc|2024-10-06T23:13:03Z|24.61674|-84.39660,aoml/4903354/profiles/D4903354_248.nc,4903354,4903354,24.61674,-84.3966,2024-10-06T23:13:03Z,20241006,2024,1014,1.04,2017.32,16.3497,True,True,True,https://noaa-nws-rtofs-pds.s3.amazonaws.com/rtofs.20241006/rtofs_glo_3dz_f006_6hrly_hvr_US_east.nc
ARGO_GDAC,pfl,aoml/4903354/profiles/D4903354_248.nc|2024-10-06T23:13:03Z|24.61674|-84.39660,aoml/4903354/profiles/D4903354_248.nc,4903354,4903354,24.61674,-84.3966,2024-10-06T23:13:03Z,20241006,2024,967,0.64,99.92,16.4208,True,True,True,https://noaa-nws-rtofs-pds.s3.amazonaws.com/rtofs.20241006/rtofs_glo_3dz_f006_6hrly_hvr_US_east.nc
ARGO_GDAC,pfl,aoml/4903354/profiles/D4903354_249.nc|2024-10-12T00:07:49Z|24.80911|-84.69573,aoml/4903354/profiles/D4903354_249.nc,4903354,4903354,24.80911,-84.69573,2024-10-12T00:07:49Z,20241012,2024,1008,1.04,2005.88,35.3647,True,True,True,https://noaa-nws-rtofs-pds.s3.amazonaws.com/rtofs.20241012/rtofs_glo_3dz_f006_6hrly_hvr_US_east.nc
ARGO_GDAC,pfl,aoml/4903354/profiles/D4903354_249.nc|2024-10-12T00:07:49Z|24.80911|-84.69573,aoml/4903354/profiles/D4903354_249.nc,4903354,4903354,24.80911,-84.69573,2024-10-12T00:07:49Z,20241012,2024,897,0.64,100.0,35.6237,True,True,True,https://noaa-nws-rtofs-pds.s3.amazonaws.com/rtofs.20241012/rtofs_glo_3dz_f006_6hrly_hvr_US_east.nc
ARGO_GDAC,pfl,aoml/4903354/profiles/D4903354_250.nc|2024-10-17T01:10:05Z|24.71203|-85.23636,aoml/4903354/profiles/D4903354_250.nc,4903354,4903354,24.71203,-85.23636,2024-10-17T01:10:05Z,20241017,2024,1012,1.12,2014.08,30.0239,True,True,True,https://noaa-nws-rtofs-pds.s3.amazonaws.com/rtofs.20241017/rtofs_glo_3dz_f006_6hrly_hvr_US_east.nc
ARGO_GDAC,pfl,aoml/4903354/profiles/D4903354_250.nc|2024-10-17T01:10:05Z|24.71203|-85.23636,aoml/4903354/profiles/D4903354_250.nc,4903354,4903354,24.71203,-85.23636,2024-10-17T01:10:05Z,20241017,2024,896,0.72,100.0,30.3848,True,True,True,https://noaa-nws-rtofs-pds.s3.amazonaws.com/rtofs.20241017/rtofs_glo_3dz_f006_6hrly_hvr_US_east.nc
ARGO_GDAC,pfl,aoml/4903354/profiles/D4903354_251.nc|2024-10-22T02:20:10Z|24.25633|-85.64058,aoml/4903354/profiles/D4903354_251.nc,4903354,4903354,24.25633,-85.64058,2024-10-22T02:20:10Z,20241022,2024,1012,1.04,2013.36,56.3303,True,True,True,https://noaa-nws-rtofs-pds.s3.amazonaws.com/rtofs.20241022/rtofs_glo_3dz_f006_6hrly_hvr_US_east.nc
ARGO_GDAC,pfl,aoml/4903354/profiles/D4903354_251.nc|2024-10-22T02:20:10Z|24.25633|-85.64058,aoml/4903354/profiles/D4903354_251.nc,4903354,4903354,24.25633,-85.64058,2024-10-22T02:20:10Z,20241022,2024,873,0.64,100.0,56.412,True,True,True,https://noaa-nws-rtofs-pds.s3.amazonaws.com/rtofs.20241022/rtofs_glo_3dz_f006_6hrly_hvr_US_east.nc
ARGO_GDAC,pfl,aoml/4903354/profiles/D4903354_252.nc|2024-10-27T03:28:32Z|24.01198|-85.13505,aoml/4903354/profiles/D4903354_252.nc,4903354,4903354,24.01198,-85.13505,2024-10-27T03:28:32Z,20241027,2024,1008,1.0,2005.84,31.9304,True,True,True,https://noaa-nws-rtofs-pds.s3.amazonaws.com/rtofs.20241027/rtofs_glo_3dz_f006_6hrly_hvr_US_east.nc
ARGO_GDAC,pfl,aoml/4903354/profiles/D4903354_252.nc|2024-10-27T03:28:32Z|24.01198|-85.13505,aoml/4903354/profiles/D4903354_252.nc,4903354,4903354,24.01198,-85.13505,2024-10-27T03:28:32Z,20241027,2024,873,0.56,99.96,31.9262,True,True,True,https://noaa-nws-rtofs-pds.s3.amazonaws.com/rtofs.20241027/rtofs_glo_3dz_f006_6hrly_hvr_US_east.nc
ARGO_GDAC,pfl,aoml/4903354/profiles/D4903354_253.nc|2024-11-01T04:27:36Z|24.17064|-84.59424,aoml/4903354/profiles/D4903354_253.nc,4903354,4903354,24.17064,-84.59424,2024-11-01T04:27:36Z,20241101,2024,1015,0.48,2018.04,31.7181,True,True,True,https://noaa-nws-rtofs-pds.s3.amazonaws.com/rtofs.20241101/rtofs_glo_3dz_f006_6hrly_hvr_US_east.nc
ARGO_GDAC,pfl,aoml/4903354/profiles/D4903354_253.nc|2024-11-01T04:27:36Z|24.17064|-84.59424,aoml/4903354/profiles/D4903354_253.nc,4903354,4903354,24.17064,-84.59424,2024-11-01T04:27:36Z,20241101,2024,870,0.48,99.92,31.76,True,True,True,https://noaa-nws-rtofs-pds.s3.amazonaws.com/rtofs.20241101/rtofs_glo_3dz_f006_6hrly_hvr_US_east.nc
ARGO_GDAC,pfl,aoml/4903354/profiles/D4903354_254.nc|2024-11-06T05:27:41Z|24.24543|-84.39628,aoml/4903354/profiles/D4903354_254.nc,4903354,4903354,24.24543,-84.39628,2024-11-06T05:27:41Z,20241106,2024,1010,1.08,2009.72,32.363,True,True,True,https://noaa-nws-rtofs-pds.s3.amazonaws.com/rtofs.20241106/rtofs_glo_3dz_f006_6hrly_hvr_US_east.nc
ARGO_GDAC,pfl,aoml/4903354/profiles/D4903354_254.nc|2024-11-06T05:27:41Z|24.24543|-84.39628,aoml/4903354/profiles/D4903354_254.nc,4903354,4903354,24.24543,-84.39628,2024-11-06T05:27:41Z,20241106,2024,884,0.68,99.92,32.832,True,True,True,https://noaa-nws-rtofs-pds.s3.amazonaws.com/rtofs.20241106/rtofs_glo_3dz_f006_6hrly_hvr_US_east.nc
ARGO_GDAC,pfl,aoml/4903354/profiles/D4903354_255.nc|2024-11-11T06:24:08Z|24.23154|-84.21385,aoml/4903354/profiles/D4903354_255.nc,4903354,4903354,24.23154,-84.21385,2024-11-11T06:24:08Z,20241111,2024,1009,1.08,2007.16,18.145,True,True,True,https://noaa-nws-rtofs-pds.s3.amazonaws.com/rtofs.20241111/rtofs_glo_3dz_f006_6hrly_hvr_US_east.nc
ARGO_GDAC,pfl,aoml/4903354/profiles/D4903354_255.nc|2024-11-11T06:24:08Z|24.23154|-84.21385,aoml/4903354/profiles/D4903354_255.nc,4903354,4903354,24.23154,-84.21385,2024-11-11T06:24:08Z,20241111,2024,871,0.64,100.0,18.312,True,True,True,https://noaa-nws-rtofs-pds.s3.amazonaws.com/rtofs.20241111/rtofs_glo_3dz_f006_6hrly_hvr_US_east.nc
ARGO_GDAC,pfl,aoml/4903354/profiles/D4903354_256.nc|2024-11-16T07:27:17Z|23.99098|-84.01321,aoml/4903354/profiles/D4903354_256.nc,4903354,4903354,23.99098,-84.01321,2024-11-16T07:27:17Z,20241116,2024,1014,0.96,2017.84,43.228,True,True,True,https://noaa-nws-rtofs-pds.s3.amazonaws.com/rtofs.20241116/rtofs_glo_3dz_f006_6hrly_hvr_US_east.nc
ARGO_GDAC,pfl,aoml/4903354/profiles/D4903354_256.nc|2024-11-16T07:27:17Z|23.99098|-84.01321,aoml/4903354/profiles/D4903354_256.nc,4903354,4903354,23.99098,-84.01321,2024-11-16T07:27:17Z,20241116,2024,832,0.56,99.92,43.4055,True,True,True,https://noaa-nws-rtofs-pds.s3.amazonaws.com/rtofs.20241116/rtofs_glo_3dz_f006_6hrly_hvr_US_east.nc
ARGO_GDAC,pfl,aoml/4903354/profiles/D4903354_257.nc|2024-11-21T08:37:17Z|23.68522|-83.60780,aoml/4903354/profiles/D4903354_257.nc,4903354,4903354,23.68522,-83.6078,2024-11-21T08:37:17Z,20241121,2024,1011,1.04,2011.48,67.238,True,True,True,https://noaa-nws-rtofs-pds.s3.amazonaws.com/rtofs.20241121/rtofs_glo_3dz_f006_6hrly_hvr_US_east.nc
ARGO_GDAC,pfl,aoml/4903354/profiles/D4903354_257.nc|2024-11-21T08:37:17Z|23.68522|-83.60780,aoml/4903354/profiles/D4903354_257.nc,4903354,4903354,23.68522,-83.6078,2024-11-21T08:37:17Z,20241121,2024,771,0.6,99.88,67.4027,True,True,True,https://noaa-nws-rtofs-pds.s3.amazonaws.com/rtofs.20241121/rtofs_glo_3dz_f006_6hrly_hvr_US_east.nc
ARGO_GDAC,pfl,aoml/4903354/profiles/D4903354_258.nc|2024-11-26T09:43:19Z|23.44976|-83.52350,aoml/4903354/profiles/D4903354_258.nc,4903354,4903354,23.44976,-83.5235,2024-11-26T09:43:19Z,20241126,2024,1010,1.0,2009.96,100.7594,True,False,True,https://noaa-nws-rtofs-pds.s3.amazonaws.com/rtofs.20241126/rtofs_glo_3dz_f006_6hrly_hvr_US_east.nc
ARGO_GDAC,pfl,aoml/4903354/profiles/D4903354_258.nc|2024-11-26T09:43:19Z|23.44976|-83.52350,aoml/4903354/profiles/D4903354_258.nc,4903354,4903354,23.44976,-83.5235,2024-11-26T09:43:19Z,20241126,2024,764,0.6,99.88,,False,False,True,https://noaa-nws-rtofs-pds.s3.amazonaws.com/rtofs.20241126/rtofs_glo_3dz_f006_6hrly_hvr_US_east.nc
ARGO_GDAC,pfl,aoml/4903354/profiles/D4903354_259.nc|2024-12-01T10:48:16Z|23.52259|-83.56934,aoml/4903354/profiles/D4903354_259.nc,4903354,4903354,23.52259,-83.56934,2024-12-01T10:48:16Z,20241201,2024,1012,0.96,2013.04,103.7459,True,False,True,https://noaa-nws-rtofs-pds.s3.amazonaws.com/rtofs.20241201/rtofs_glo_3dz_f006_6hrly_hvr_US_east.nc
ARGO_GDAC,pfl,aoml/4903354/profiles/D4903354_259.nc|2024-12-01T10:48:16Z|23.52259|-83.56934,aoml/4903354/profiles/D4903354_259.nc,4903354,4903354,23.52259,-83.56934,2024-12-01T10:48:16Z,20241201,2024,738,0.56,99.96,,False,False,True,https://noaa-nws-rtofs-pds.s3.amazonaws.com/rtofs.20241201/rtofs_glo_3dz_f006_6hrly_hvr_US_east.nc
ARGO_GDAC,pfl,aoml/4903354/profiles/D4903354_260.nc|2024-12-06T11:53:28Z|23.38917|-83.60420,aoml/4903354/profiles/D4903354_260.nc,4903354,4903354,23.38917,-83.6042,2024-12-06T11:53:28Z,20241206,2024,1012,1.12,2013.16,110.5794,True,False,True,https://noaa-nws-rtofs-pds.s3.amazonaws.com/rtofs.20241206/rtofs_glo_3dz_f006_6hrly_hvr_US_east.nc
ARGO_GDAC,pfl,aoml/4903354/profiles/D4903354_260.nc|2024-12-06T11:53:28Z|23.38917|-83.60420,aoml/4903354/profiles/D4903354_260.nc,4903354,4903354,23.38917,-83.6042,2024-12-06T11:53:28Z,20241206,2024,702,0.72,99.96,,False,False,True,https://noaa-nws-rtofs-pds.s3.amazonaws.com/rtofs.20241206/rtofs_glo_3dz_f006_6hrly_hvr_US_east.nc
ARGO_GDAC,pfl,aoml/4903354/profiles/D4903354_261.nc|2024-12-11T13:03:18Z|23.35552|-83.36539,aoml/4903354/profiles/D4903354_261.nc,4903354,4903354,23.35552,-83.36539,2024-12-11T13:03:18Z,20241211,2024,1014,0.92,2017.92,90.1777,True,True,True,https://noaa-nws-rtofs-pds.s3.amazonaws.com/rtofs.20241211/rtofs_glo_3dz_f006_6hrly_hvr_US_east.nc
ARGO_GDAC,pfl,aoml/4903354/profiles/D4903354_261.nc|2024-12-11T13:03:18Z|23.35552|-83.36539,aoml/4903354/profiles/D4903354_261.nc,4903354,4903354,23.35552,-83.36539,2024-12-11T13:03:18Z,20241211,2024,789,0.52,99.96,90.216,True,True,True,https://noaa-nws-rtofs-pds.s3.amazonaws.com/rtofs.20241211/rtofs_glo_3dz_f006_6hrly_hvr_US_east.nc
ARGO_GDAC,pfl,aoml/4903354/profiles/D4903354_262.nc|2024-12-16T14:05:38Z|23.39820|-83.30279,aoml/4903354/profiles/D4903354_262.nc,4903354,4903354,23.3982,-83.30279,2024-12-16T14:05:38Z,20241216,2024,1014,1.16,2017.36,98.5119,True,True,True,https://noaa-nws-rtofs-pds.s3.amazonaws.com/rtofs.20241216/rtofs_glo_3dz_f006_6hrly_hvr_US_east.nc
ARGO_GDAC,pfl,aoml/4903354/profiles/D4903354_262.nc|2024-12-16T14:05:38Z|23.39820|-83.30279,aoml/4903354/profiles/D4903354_262.nc,4903354,4903354,23.3982,-83.30279,2024-12-16T14:05:38Z,20241216,2024,703,0.72,99.88,98.7566,True,True,True,https://noaa-nws-rtofs-pds.s3.amazonaws.com/rtofs.20241216/rtofs_glo_3dz_f006_6hrly_hvr_US_east.nc
ARGO_GDAC,pfl,aoml/4903354/profiles/D4903354_263.nc|2024-12-21T15:14:30Z|23.42275|-82.99394,aoml/4903354/profiles/D4903354_263.nc,4903354,4903354,23.42275,-82.99394,2024-12-21T15:14:30Z,20241221,2024,1014,1.0,2017.28,93.6738,True,True,True,https://noaa-nws-rtofs-pds.s3.amazonaws.com/rtofs.20241221/rtofs_glo_3dz_f006_6hrly_hvr_US_east.nc
ARGO_GDAC,pfl,aoml/4903354/profiles/D4903354_263.nc|2024-12-21T15:14:30Z|23.42275|-82.99394,aoml/4903354/profiles/D4903354_263.nc,4903354,4903354,23.42275,-82.99394,2024-12-21T15:14:30Z,20241221,2024,833,0.64,100.0,94.08,True,True,True,https://noaa-nws-rtofs-pds.s3.amazonaws.com/rtofs.20241221/rtofs_glo_3dz_f006_6hrly_hvr_US_east.nc
ARGO_GDAC,pfl,aoml/4903354/profiles/D4903354_264.nc|2024-12-26T16:26:39Z|23.27942|-82.88227,aoml/4903354/profiles/D4903354_264.nc,4903354,4903354,23.27942,-82.88227,2024-12-26T16:26:39Z,20241226,2024,1011,0.96,2011.52,97.0131,True,True,True,https://noaa-nws-rtofs-pds.s3.amazonaws.com/rtofs.20241226/rtofs_glo_3dz_f006_6hrly_hvr_US_east.nc
ARGO_GDAC,pfl,aoml/4903354/profiles/D4903354_264.nc|2024-12-26T16:26:39Z|23.27942|-82.88227,aoml/4903354/profiles/D4903354_264.nc,4903354,4903354,23.27942,-82.88227,2024-12-26T16:26:39Z,20241226,2024,783,0.52,99.92,96.5111,True,True,True,https://noaa-nws-rtofs-pds.s3.amazonaws.com/rtofs.20241226/rtofs_glo_3dz_f006_6hrly_hvr_US_east.nc
ARGO_GDAC,pfl,aoml/4903354/profiles/D4903354_265.nc|2024-12-31T17:30:54Z|23.25123|-82.91831,aoml/4903354/profiles/D4903354_265.nc,4903354,4903354,23.25123,-82.91831,2024-12-31T17:30:54Z,20241231,2024,1014,1.0,2017.48,97.4447,True,True,True,https://noaa-nws-rtofs-pds.s3.amazonaws.com/rtofs.20241231/rtofs_glo_3dz_f006_6hrly_hvr_US_east.nc
ARGO_GDAC,pfl,aoml/4903354/profiles/D4903354_265.nc|2024-12-31T17:30:54Z|23.25123|-82.91831,aoml/4903354/profiles/D4903354_265.nc,4903354,4903354,23.25123,-82.91831,2024-12-31T17:30:54Z,20241231,2024,788,0.56,99.92,97.7714,True,True,True,https://noaa-nws-rtofs-pds.s3.amazonaws.com/rtofs.20241231/rtofs_glo_3dz_f006_6hrly_hvr_US_east.nc
ARGO_GDAC,pfl,aoml/4903354/profiles/D4903354_266.nc|2025-01-05T18:39:08Z|23.24609|-82.88944,aoml/4903354/profiles/D4903354_266.nc,4903354,4903354,23.24609,-82.88944,2025-01-05T18:39:08Z,20250105,2025,1013,1.16,2015.2,74.0243,True,True,True,https://noaa-nws-rtofs-pds.s3.amazonaws.com/rtofs.20250105/rtofs_glo_3dz_f006_6hrly_hvr_US_east.nc
ARGO_GDAC,pfl,aoml/4903354/profiles/D4903354_266.nc|2025-01-05T18:39:08Z|23.24609|-82.88944,aoml/4903354/profiles/D4903354_266.nc,4903354,4903354,23.24609,-82.88944,2025-01-05T18:39:08Z,20250105,2025,830,0.84,99.96,74.06,True,True,True,https://noaa-nws-rtofs-pds.s3.amazonaws.com/rtofs.20250105/rtofs_glo_3dz_f006_6hrly_hvr_US_east.nc
ARGO_GDAC,pfl,aoml/4903354/profiles/D4903354_267.nc|2025-01-10T19:42:15Z|23.24940|-82.91799,aoml/4903354/profiles/D4903354_267.nc,4903354,4903354,23.2494,-82.91799,2025-01-10T19:42:15Z,20250110,2025,1014,0.96,2017.12,42.6418,True,True,True,https://noaa-nws-rtofs-pds.s3.amazonaws.com/rtofs.20250110/rtofs_glo_3dz_f006_6hrly_hvr_US_east.nc
ARGO_GDAC,pfl,aoml/4903354/profiles/D4903354_267.nc|2025-01-10T19:42:15Z|23.24940|-82.91799,aoml/4903354/profiles/D4903354_267.nc,4903354,4903354,23.2494,-82.91799,2025-01-10T19:42:15Z,20250110,2025,791,0.6,100.0,42.2951,True,True,True,https://noaa-nws-rtofs-pds.s3.amazonaws.com/rtofs.20250110/rtofs_glo_3dz_f006_6hrly_hvr_US_east.nc
ARGO_GDAC,pfl,aoml/4903354/profiles/D4903354_268.nc|2025-01-15T20:52:03Z|23.22806|-82.89483,aoml/4903354/profiles/D4903354_268.nc,4903354,4903354,23.22806,-82.89483,2025-01-15T20:52:03Z,20250115,2025,1009,1.04,2007.24,103.7784,True,False,True,https://noaa-nws-rtofs-pds.s3.amazonaws.com/rtofs.20250115/rtofs_glo_3dz_f006_6hrly_hvr_US_east.nc
ARGO_GDAC,pfl,aoml/4903354/profiles/D4903354_268.nc|2025-01-15T20:52:03Z|23.22806|-82.89483,aoml/4903354/profiles/D4903354_268.nc,4903354,4903354,23.22806,-82.89483,2025-01-15T20:52:03Z,20250115,2025,805,0.6,100.0,,False,False,True,https://noaa-nws-rtofs-pds.s3.amazonaws.com/rtofs.20250115/rtofs_glo_3dz_f006_6hrly_hvr_US_east.nc
ARGO_GDAC,pfl,aoml/4903354/profiles/D4903354_269.nc|2025-01-20T22:26:20Z|23.27266|-82.62680,aoml/4903354/profiles/D4903354_269.nc,4903354,4903354,23.27266,-82.6268,2025-01-20T22:26:20Z,20250120,2025,918,1.08,1825.08,133.6736,True,False,True,https://noaa-nws-rtofs-pds.s3.amazonaws.com/rtofs.20250120/rtofs_glo_3dz_f006_6hrly_hvr_US_east.nc
ARGO_GDAC,pfl,aoml/4903354/profiles/D4903354_269.nc|2025-01-20T22:26:20Z|23.27266|-82.62680,aoml/4903354/profiles/D4903354_269.nc,4903354,4903354,23.27266,-82.6268,2025-01-20T22:26:20Z,20250120,2025,800,0.76,99.96,,False,False,True,https://noaa-nws-rtofs-pds.s3.amazonaws.com/rtofs.20250120/rtofs_glo_3dz_f006_6hrly_hvr_US_east.nc
ARGO_GDAC,pfl,aoml/4903354/profiles/D4903354_270.nc|2025-01-25T23:48:33Z|23.23465|-82.61579,aoml/4903354/profiles/D4903354_270.nc,4903354,4903354,23.23465,-82.61579,2025-01-25T23:48:33Z,20250125,2025,878,1.08,1745.88,151.0244,True,False,True,https://noaa-nws-rtofs-pds.s3.amazonaws.com/rtofs.20250125/rtofs_glo_3dz_f006_6hrly_hvr_US_east.nc
ARGO_GDAC,pfl,aoml/4903354/profiles/D4903354_270.nc|2025-01-25T23:48:33Z|23.23465|-82.61579,aoml/4903354/profiles/D4903354_270.nc,4903354,4903354,23.23465,-82.61579,2025-01-25T23:48:33Z,20250125,2025,850,0.72,99.88,,False,False,True,https://noaa-nws-rtofs-pds.s3.amazonaws.com/rtofs.20250125/rtofs_glo_3dz_f006_6hrly_hvr_US_east.nc
ARGO_GDAC,pfl,aoml/4903354/profiles/D4903354_271.nc|2025-01-31T01:00:17Z|23.25169|-82.50741,aoml/4903354/profiles/D4903354_271.nc,4903354,4903354,23.25169,-82.50741,2025-01-31T01:00:17Z,20250131,2025,834,0.4,1656.04,59.68,True,True,True,https://noaa-nws-rtofs-pds.s3.amazonaws.com/rtofs.20250131/rtofs_glo_3dz_f006_6hrly_hvr_US_east.nc
ARGO_GDAC,pfl,aoml/4903354/profiles/D4903354_271.nc|2025-01-31T01:00:17Z|23.25169|-82.50741,aoml/4903354/profiles/D4903354_271.nc,4903354,4903354,23.25169,-82.50741,2025-01-31T01:00:17Z,20250131,2025,837,0.36,99.88,59.26,True,True,True,https://noaa-nws-rtofs-pds.s3.amazonaws.com/rtofs.20250131/rtofs_glo_3dz_f006_6hrly_hvr_US_east.nc
ARGO_GDAC,pfl,aoml/4903354/profiles/D4903354_272.nc|2025-02-05T02:14:08Z|23.26757|-82.41313,aoml/4903354/profiles/D4903354_272.nc,4903354,4903354,23.26757,-82.41313,2025-02-05T02:14:08Z,20250205,2025,849,1.08,1687.4,40.68,True,True,True,https://noaa-nws-rtofs-pds.s3.amazonaws.com/rtofs.20250205/rtofs_glo_3dz_f006_6hrly_hvr_US_east.nc
ARGO_GDAC,pfl,aoml/4903354/profiles/D4903354_272.nc|2025-02-05T02:14:08Z|23.26757|-82.41313,aoml/4903354/profiles/D4903354_272.nc,4903354,4903354,23.26757,-82.41313,2025-02-05T02:14:08Z,20250205,2025,856,0.72,100.0,40.7654,True,True,True,https://noaa-nws-rtofs-pds.s3.amazonaws.com/rtofs.20250205/rtofs_glo_3dz_f006_6hrly_hvr_US_east.nc
ARGO_GDAC,pfl,aoml/4903354/profiles/D4903354_273.nc|2025-02-10T03:04:43Z|23.31984|-82.15659,aoml/4903354/profiles/D4903354_273.nc,4903354,4903354,23.31984,-82.15659,2025-02-10T03:04:43Z,20250210,2025,798,1.04,1585.04,42.9104,True,True,True,https://noaa-nws-rtofs-pds.s3.amazonaws.com/rtofs.20250210/rtofs_glo_3dz_f006_6hrly_hvr_US_east.nc
ARGO_GDAC,pfl,aoml/4903354/profiles/D4903354_273.nc|2025-02-10T03:04:43Z|23.31984|-82.15659,aoml/4903354/profiles/D4903354_273.nc,4903354,4903354,23.31984,-82.15659,2025-02-10T03:04:43Z,20250210,2025,854,0.64,100.0,43.2163,True,True,True,https://noaa-nws-rtofs-pds.s3.amazonaws.com/rtofs.20250210/rtofs_glo_3dz_f006_6hrly_hvr_US_east.nc
ARGO_GDAC,pfl,aoml/4903354/profiles/D4903354_274.nc|2025-02-15T03:41:18Z|23.29226|-82.00067,aoml/4903354/profiles/D4903354_274.nc,4903354,4903354,23.29226,-82.00067,2025-02-15T03:41:18Z,20250215,2025,735,1.0,1459.2,46.843,True,True,True,https://noaa-nws-rtofs-pds.s3.amazonaws.com/rtofs.20250215/rtofs_glo_3dz_f006_6hrly_hvr_US_east.nc
ARGO_GDAC,pfl,aoml/4903354/profiles/D4903354_274.nc|2025-02-15T03:41:18Z|23.29226|-82.00067,aoml/4903354/profiles/D4903354_274.nc,4903354,4903354,23.29226,-82.00067,2025-02-15T03:41:18Z,20250215,2025,832,0.6,99.96,47.3601,True,True,True,https://noaa-nws-rtofs-pds.s3.amazonaws.com/rtofs.20250215/rtofs_glo_3dz_f006_6hrly_hvr_US_east.nc
ARGO_GDAC,pfl,aoml/4903354/profiles/D4903354_275.nc|2025-02-20T04:28:41Z|23.31839|-82.00080,aoml/4903354/profiles/D4903354_275.nc,4903354,4903354,23.31839,-82.0008,2025-02-20T04:28:41Z,20250220,2025,785,0.96,1559.6,35.529,True,True,True,https://noaa-nws-rtofs-pds.s3.amazonaws.com/rtofs.20250220/rtofs_glo_3dz_f006_6hrly_hvr_US_east.nc
ARGO_GDAC,pfl,aoml/4903354/profiles/D4903354_275.nc|2025-02-20T04:28:41Z|23.31839|-82.00080,aoml/4903354/profiles/D4903354_275.nc,4903354,4903354,23.31839,-82.0008,2025-02-20T04:28:41Z,20250220,2025,845,0.52,99.96,35.8686,True,True,True,https://noaa-nws-rtofs-pds.s3.amazonaws.com/rtofs.20250220/rtofs_glo_3dz_f006_6hrly_hvr_US_east.nc
ARGO_GDAC,pfl,aoml/4903354/profiles/D4903354_276.nc|2025-02-25T05:29:28Z|23.33291|-81.92856,aoml/4903354/profiles/D4903354_276.nc,4903354,4903354,23.33291,-81.92856,2025-02-25T05:29:28Z,20250225,2025,811,1.04,1611.6,75.0526,True,True,True,https://noaa-nws-rtofs-pds.s3.amazonaws.com/rtofs.20250225/rtofs_glo_3dz_f006_6hrly_hvr_US_east.nc
ARGO_GDAC,pfl,aoml/4903354/profiles/D4903354_276.nc|2025-02-25T05:29:28Z|23.33291|-81.92856,aoml/4903354/profiles/D4903354_276.nc,4903354,4903354,23.33291,-81.92856,2025-02-25T05:29:28Z,20250225,2025,888,0.68,99.92,74.8401,True,True,True,https://noaa-nws-rtofs-pds.s3.amazonaws.com/rtofs.20250225/rtofs_glo_3dz_f006_6hrly_hvr_US_east.nc
ARGO_GDAC,pfl,aoml/4903354/profiles/D4903354_277.nc|2025-03-02T06:24:49Z|23.35918|-81.87277,aoml/4903354/profiles/D4903354_277.nc,4903354,4903354,23.35918,-81.87277,2025-03-02T06:24:49Z,20250302,2025,812,0.96,1613.4,69.4565,True,True,True,https://noaa-nws-rtofs-pds.s3.amazonaws.com/rtofs.20250302/rtofs_glo_3dz_f006_6hrly_hvr_US_east.nc
ARGO_GDAC,pfl,aoml/4903354/profiles/D4903354_277.nc|2025-03-02T06:24:49Z|23.35918|-81.87277,aoml/4903354/profiles/D4903354_277.nc,4903354,4903354,23.35918,-81.87277,2025-03-02T06:24:49Z,20250302,2025,693,0.56,100.0,69.2975,True,True,True,https://noaa-nws-rtofs-pds.s3.amazonaws.com/rtofs.20250302/rtofs_glo_3dz_f006_6hrly_hvr_US_east.nc
ARGO_GDAC,pfl,aoml/4903354/profiles/D4903354_278.nc|2025-03-07T07:04:03Z|23.36262|-81.74577,aoml/4903354/profiles/D4903354_278.nc,4903354,4903354,23.36262,-81.74577,2025-03-07T07:04:03Z,20250307,2025,751,0.92,1491.68,57.6191,True,True,True,https://noaa-nws-rtofs-pds.s3.amazonaws.com/rtofs.20250307/rtofs_glo_3dz_f006_6hrly_hvr_US_east.nc
ARGO_GDAC,pfl,aoml/4903354/profiles/D4903354_278.nc|2025-03-07T07:04:03Z|23.36262|-81.74577,aoml/4903354/profiles/D4903354_278.nc,4903354,4903354,23.36262,-81.74577,2025-03-07T07:04:03Z,20250307,2025,792,0.56,100.0,57.515,True,True,True,https://noaa-nws-rtofs-pds.s3.amazonaws.com/rtofs.20250307/rtofs_glo_3dz_f006_6hrly_hvr_US_east.nc
ARGO_GDAC,pfl,aoml/4903354/profiles/D4903354_279.nc|2025-03-12T07:41:09Z|23.35493|-81.72356,aoml/4903354/profiles/D4903354_279.nc,4903354,4903354,23.35493,-81.72356,2025-03-12T07:41:09Z,20250312,2025,751,1.04,1492.2,91.809,True,True,True,https://noaa-nws-rtofs-pds.s3.amazonaws.com/rtofs.20250312/rtofs_glo_3dz_f006_6hrly_hvr_US_east.nc
ARGO_GDAC,pfl,aoml/4903354/profiles/D4903354_279.nc|2025-03-12T07:41:09Z|23.35493|-81.72356,aoml/4903354/profiles/D4903354_279.nc,4903354,4903354,23.35493,-81.72356,2025-03-12T07:41:09Z,20250312,2025,882,0.6,99.92,91.45,True,True,True,https://noaa-nws-rtofs-pds.s3.amazonaws.com/rtofs.20250312/rtofs_glo_3dz_f006_6hrly_hvr_US_east.nc
ARGO_GDAC,pfl,aoml/4903354/profiles/D4903354_280.nc|2025-03-17T08:17:47Z|23.36769|-81.70144,aoml/4903354/profiles/D4903354_280.nc,4903354,4903354,23.36769,-81.70144,2025-03-17T08:17:47Z,20250317,2025,753,1.04,1495.84,49.1426,True,True,True,https://noaa-nws-rtofs-pds.s3.amazonaws.com/rtofs.20250317/rtofs_glo_3dz_f006_6hrly_hvr_US_east.nc
ARGO_GDAC,pfl,aoml/4903354/profiles/D4903354_280.nc|2025-03-17T08:17:47Z|23.36769|-81.70144,aoml/4903354/profiles/D4903354_280.nc,4903354,4903354,23.36769,-81.70144,2025-03-17T08:17:47Z,20250317,2025,863,0.72,99.96,48.5093,True,True,True,https://noaa-nws-rtofs-pds.s3.amazonaws.com/rtofs.20250317/rtofs_glo_3dz_f006_6hrly_hvr_US_east.nc
ARGO_GDAC,pfl,aoml/4903354/profiles/D4903354_281.nc|2025-03-22T09:06:27Z|23.37786|-81.68753,aoml/4903354/profiles/D4903354_281.nc,4903354,4903354,23.37786,-81.68753,2025-03-22T09:06:27Z,20250322,2025,764,0.96,1517.4,114.2488,True,False,True,https://noaa-nws-rtofs-pds.s3.amazonaws.com/rtofs.20250322/rtofs_glo_3dz_f006_6hrly_hvr_US_east.nc
ARGO_GDAC,pfl,aoml/4903354/profiles/D4903354_281.nc|2025-03-22T09:06:27Z|23.37786|-81.68753,aoml/4903354/profiles/D4903354_281.nc,4903354,4903354,23.37786,-81.68753,2025-03-22T09:06:27Z,20250322,2025,870,0.56,99.96,,False,False,True,https://noaa-nws-rtofs-pds.s3.amazonaws.com/rtofs.20250322/rtofs_glo_3dz_f006_6hrly_hvr_US_east.nc
ARGO_GDAC,pfl,aoml/4903354/profiles/D4903354_282.nc|2025-03-27T09:51:56Z|23.40053|-81.63958,aoml/4903354/profiles/D4903354_282.nc,4903354,4903354,23.40053,-81.63958,2025-03-27T09:51:56Z,20250327,2025,749,1.0,1487.92,81.9872,True,True,True,https://noaa-nws-rtofs-pds.s3.amazonaws.com/rtofs.20250327/rtofs_glo_3dz_f006_6hrly_hvr_US_east.nc
ARGO_GDAC,pfl,aoml/4903354/profiles/D4903354_282.nc|2025-03-27T09:51:56Z|23.40053|-81.63958,aoml/4903354/profiles/D4903354_282.nc,4903354,4903354,23.40053,-81.63958,2025-03-27T09:51:56Z,20250327,2025,796,0.56,99.96,82.0,True,True,True,https://noaa-nws-rtofs-pds.s3.amazonaws.com/rtofs.20250327/rtofs_glo_3dz_f006_6hrly_hvr_US_east.nc
ARGO_GDAC,pfl,aoml/4903354/profiles/D4903354_284.nc|2025-04-06T17:34:03Z|23.39123|-81.62559,aoml/4903354/profiles/D4903354_284.nc,4903354,4903354,23.39123,-81.62559,2025-04-06T17:34:03Z,20250406,2025,739,1.0,1468.08,48.7659,True,True,True,https://noaa-nws-rtofs-pds.s3.amazonaws.com/rtofs.20250406/rtofs_glo_3dz_f006_6hrly_hvr_US_east.nc
ARGO_GDAC,pfl,aoml/4903354/profiles/D4903354_284.nc|2025-04-06T17:34:03Z|23.39123|-81.62559,aoml/4903354/profiles/D4903354_284.nc,4903354,4903354,23.39123,-81.62559,2025-04-06T17:34:03Z,20250406,2025,842,0.52,99.88,48.3182,True,True,True,https://noaa-nws-rtofs-pds.s3.amazonaws.com/rtofs.20250406/rtofs_glo_3dz_f006_6hrly_hvr_US_east.nc
ARGO_GDAC,pfl,aoml/4903354/profiles/D4903354_285.nc|2025-04-11T18:12:31Z|23.39737|-81.60460,aoml/4903354/profiles/D4903354_285.nc,4903354,4903354,23.39737,-81.6046,2025-04-11T18:12:31Z,20250411,2025,730,1.0,1449.32,61.0992,True,True,True,https://noaa-nws-rtofs-pds.s3.amazonaws.com/rtofs.20250411/rtofs_glo_3dz_f006_6hrly_hvr_US_east.nc
ARGO_GDAC,pfl,aoml/4903354/profiles/D4903354_285.nc|2025-04-11T18:12:31Z|23.39737|-81.60460,aoml/4903354/profiles/D4903354_285.nc,4903354,4903354,23.39737,-81.6046,2025-04-11T18:12:31Z,20250411,2025,835,0.6,99.96,61.288,True,True,True,https://noaa-nws-rtofs-pds.s3.amazonaws.com/rtofs.20250411/rtofs_glo_3dz_f006_6hrly_hvr_US_east.nc
ARGO_GDAC,pfl,aoml/4903354/profiles/D4903354_286.nc|2025-04-16T18:48:26Z|23.39901|-81.61363,aoml/4903354/profiles/D4903354_286.nc,4903354,4903354,23.39901,-81.61363,2025-04-16T18:48:26Z,20250416,2025,733,1.0,1455.08,76.5769,True,True,True,https://noaa-nws-rtofs-pds.s3.amazonaws.com/rtofs.20250416/rtofs_glo_3dz_f006_6hrly_hvr_US_east.nc
ARGO_GDAC,pfl,aoml/4903354/profiles/D4903354_286.nc|2025-04-16T18:48:26Z|23.39901|-81.61363,aoml/4903354/profiles/D4903354_286.nc,4903354,4903354,23.39901,-81.61363,2025-04-16T18:48:26Z,20250416,2025,906,0.6,99.92,76.9333,True,True,True,https://noaa-nws-rtofs-pds.s3.amazonaws.com/rtofs.20250416/rtofs_glo_3dz_f006_6hrly_hvr_US_east.nc
ARGO_GDAC,pfl,aoml/4903354/profiles/D4903354_287.nc|2025-04-21T19:24:14Z|23.38465|-81.61959,aoml/4903354/profiles/D4903354_287.nc,4903354,4903354,23.38465,-81.61959,2025-04-21T19:24:14Z,20250421,2025,727,1.04,1444.08,65.8338,True,True,True,https://noaa-nws-rtofs-pds.s3.amazonaws.com/rtofs.20250421/rtofs_glo_3dz_f006_6hrly_hvr_US_east.nc
ARGO_GDAC,pfl,aoml/4903354/profiles/D4903354_287.nc|2025-04-21T19:24:14Z|23.38465|-81.61959,aoml/4903354/profiles/D4903354_287.nc,4903354,4903354,23.38465,-81.61959,2025-04-21T19:24:14Z,20250421,2025,868,0.6,99.96,65.8293,True,True,True,https://noaa-nws-rtofs-pds.s3.amazonaws.com/rtofs.20250421/rtofs_glo_3dz_f006_6hrly_hvr_US_east.nc
ARGO_GDAC,pfl,aoml/4903354/profiles/D4903354_288.nc|2025-04-26T20:01:30Z|23.36749|-81.63060,aoml/4903354/profiles/D4903354_288.nc,4903354,4903354,23.36749,-81.6306,2025-04-26T20:01:30Z,20250426,2025,733,0.96,1455.04,86.9456,True,True,True,https://noaa-nws-rtofs-pds.s3.amazonaws.com/rtofs.20250426/rtofs_glo_3dz_f006_6hrly_hvr_US_east.nc
ARGO_GDAC,pfl,aoml/4903354/profiles/D4903354_288.nc|2025-04-26T20:01:30Z|23.36749|-81.63060,aoml/4903354/profiles/D4903354_288.nc,4903354,4903354,23.36749,-81.6306,2025-04-26T20:01:30Z,20250426,2025,769,0.56,99.96,87.04,True,True,True,https://noaa-nws-rtofs-pds.s3.amazonaws.com/rtofs.20250426/rtofs_glo_3dz_f006_6hrly_hvr_US_east.nc
ARGO_GDAC,pfl,aoml/4903354/profiles/D4903354_289.nc|2025-05-01T20:36:39Z|23.37655|-81.63266,aoml/4903354/profiles/D4903354_289.nc,4903354,4903354,23.37655,-81.63266,2025-05-01T20:36:39Z,20250501,2025,731,0.92,1451.36,56.0916,True,True,True,https://noaa-nws-rtofs-pds.s3.amazonaws.com/rtofs.20250501/rtofs_glo_3dz_f006_6hrly_hvr_US_east.nc
ARGO_GDAC,pfl,aoml/4903354/profiles/D4903354_289.nc|2025-05-01T20:36:39Z|23.37655|-81.63266,aoml/4903354/profiles/D4903354_289.nc,4903354,4903354,23.37655,-81.63266,2025-05-01T20:36:39Z,20250501,2025,781,0.52,99.96,53.6798,True,True,True,https://noaa-nws-rtofs-pds.s3.amazonaws.com/rtofs.20250501/rtofs_glo_3dz_f006_6hrly_hvr_US_east.nc
ARGO_GDAC,pfl,aoml/4903354/profiles/D4903354_290.nc|2025-05-06T21:05:58Z|23.38131|-81.65718,aoml/4903354/profiles/D4903354_290.nc,4903354,4903354,23.38131,-81.65718,2025-05-06T21:05:58Z,20250506,2025,741,1.0,1471.72,14.9954,True,True,True,https://noaa-nws-rtofs-pds.s3.amazonaws.com/rtofs.20250506/rtofs_glo_3dz_f006_6hrly_hvr_US_east.nc
ARGO_GDAC,pfl,aoml/4903354/profiles/D4903354_290.nc|2025-05-06T21:05:58Z|23.38131|-81.65718,aoml/4903354/profiles/D4903354_290.nc,4903354,4903354,23.38131,-81.65718,2025-05-06T21:05:58Z,20250506,2025,882,0.64,99.96,16.1401,True,True,True,https://noaa-nws-rtofs-pds.s3.amazonaws.com/rtofs.20250506/rtofs_glo_3dz_f006_6hrly_hvr_US_east.nc
ARGO_GDAC,pfl,aoml/4903354/profiles/D4903354_291.nc|2025-05-11T21:44:03Z|23.38164|-81.67260,aoml/4903354/profiles/D4903354_291.nc,4903354,4903354,23.38164,-81.6726,2025-05-11T21:44:03Z,20250511,2025,739,1.0,1467.88,14.909,True,True,True,https://noaa-nws-rtofs-pds.s3.amazonaws.com/rtofs.20250511/rtofs_glo_3dz_f006_6hrly_hvr_US_east.nc
ARGO_GDAC,pfl,aoml/4903354/profiles/D4903354_291.nc|2025-05-11T21:44:03Z|23.38164|-81.67260,aoml/4903354/profiles/D4903354_291.nc,4903354,4903354,23.38164,-81.6726,2025-05-11T21:44:03Z,20250511,2025,885,0.56,99.92,14.9184,True,True,True,https://noaa-nws-rtofs-pds.s3.amazonaws.com/rtofs.20250511/rtofs_glo_3dz_f006_6hrly_hvr_US_east.nc
ARGO_GDAC,pfl,aoml/4903354/profiles/D4903354_292.nc|2025-05-16T22:27:11Z|23.37728|-81.69683,aoml/4903354/profiles/D4903354_292.nc,4903354,4903354,23.37728,-81.69683,2025-05-16T22:27:11Z,20250516,2025,758,0.92,1505.6,32.3138,True,True,True,https://noaa-nws-rtofs-pds.s3.amazonaws.com/rtofs.20250516/rtofs_glo_3dz_f006_6hrly_hvr_US_east.nc
ARGO_GDAC,pfl,aoml/4903354/profiles/D4903354_292.nc|2025-05-16T22:27:11Z|23.37728|-81.69683,aoml/4903354/profiles/D4903354_292.nc,4903354,4903354,23.37728,-81.69683,2025-05-16T22:27:11Z,20250516,2025,858,0.52,99.84,35.96,True,True,True,https://noaa-nws-rtofs-pds.s3.amazonaws.com/rtofs.20250516/rtofs_glo_3dz_f006_6hrly_hvr_US_east.nc
ARGO_GDAC,pfl,aoml/4903354/profiles/D4903354_293.nc|2025-05-21T23:08:59Z|23.37607|-81.71621,aoml/4903354/profiles/D4903354_293.nc,4903354,4903354,23.37607,-81.71621,2025-05-21T23:08:59Z,20250521,2025,767,1.04,1523.6,23.5827,True,True,True,https://noaa-nws-rtofs-pds.s3.amazonaws.com/rtofs.20250521/rtofs_glo_3dz_f006_6hrly_hvr_US_east.nc
ARGO_GDAC,pfl,aoml/4903354/profiles/D4903354_293.nc|2025-05-21T23:08:59Z|23.37607|-81.71621,aoml/4903354/profiles/D4903354_293.nc,4903354,4903354,23.37607,-81.71621,2025-05-21T23:08:59Z,20250521,2025,798,0.6,99.88,22.8934,True,True,True,https://noaa-nws-rtofs-pds.s3.amazonaws.com/rtofs.20250521/rtofs_glo_3dz_f006_6hrly_hvr_US_east.nc
ARGO_GDAC,pfl,aoml/4903354/profiles/D4903354_294.nc|2025-05-26T23:54:47Z|23.48778|-81.66687,aoml/4903354/profiles/D4903354_294.nc,4903354,4903354,23.48778,-81.66687,2025-05-26T23:54:47Z,20250526,2025,789,1.04,1567.88,43.9422,True,True,True,https://noaa-nws-rtofs-pds.s3.amazonaws.com/rtofs.20250526/rtofs_glo_3dz_f006_6hrly_hvr_US_east.nc
ARGO_GDAC,pfl,aoml/4903354/profiles/D4903354_294.nc|2025-05-26T23:54:47Z|23.48778|-81.66687,aoml/4903354/profiles/D4903354_294.nc,4903354,4903354,23.48778,-81.66687,2025-05-26T23:54:47Z,20250526,2025,752,0.56,99.88,43.4134,True,True,True,https://noaa-nws-rtofs-pds.s3.amazonaws.com/rtofs.20250526/rtofs_glo_3dz_f006_6hrly_hvr_US_east.nc
ARGO_GDAC,pfl,aoml/4903354/profiles/D4903354_295.nc|2025-06-01T00:37:11Z|23.55965|-81.55859,aoml/4903354/profiles/D4903354_295.nc,4903354,4903354,23.55965,-81.55859,2025-06-01T00:37:11Z,20250601,2025,774,1.04,1537.12,14.9346,True,True,True,https://noaa-nws-rtofs-pds.s3.amazonaws.com/rtofs.20250601/rtofs_glo_3dz_f006_6hrly_hvr_US_east.nc
ARGO_GDAC,pfl,aoml/4903354/profiles/D4903354_295.nc|2025-06-01T00:37:11Z|23.55965|-81.55859,aoml/4903354/profiles/D4903354_295.nc,4903354,4903354,23.55965,-81.55859,2025-06-01T00:37:11Z,20250601,2025,866,0.68,99.96,15.9867,True,True,True,https://noaa-nws-rtofs-pds.s3.amazonaws.com/rtofs.20250601/rtofs_glo_3dz_f006_6hrly_hvr_US_east.nc
ARGO_GDAC,pfl,aoml/4903354/profiles/D4903354_296.nc|2025-06-06T01:13:40Z|23.54734|-81.49353,aoml/4903354/profiles/D4903354_296.nc,4903354,4903354,23.54734,-81.49353,2025-06-06T01:13:40Z,20250606,2025,743,1.0,1475.96,28.0992,True,True,True,https://noaa-nws-rtofs-pds.s3.amazonaws.com/rtofs.20250606/rtofs_glo_3dz_f006_6hrly_hvr_US_east.nc
ARGO_GDAC,pfl,aoml/4903354/profiles/D4903354_296.nc|2025-06-06T01:13:40Z|23.54734|-81.49353,aoml/4903354/profiles/D4903354_296.nc,4903354,4903354,23.54734,-81.49353,2025-06-06T01:13:40Z,20250606,2025,833,0.6,99.92,27.9947,True,True,True,https://noaa-nws-rtofs-pds.s3.amazonaws.com/rtofs.20250606/rtofs_glo_3dz_f006_6hrly_hvr_US_east.nc
ARGO_GDAC,pfl,aoml/4903354/profiles/D4903354_297.nc|2025-06-11T01:48:04Z|23.64385|-81.19857,aoml/4903354/profiles/D4903354_297.nc,4903354,4903354,23.64385,-81.19857,2025-06-11T01:48:04Z,20250611,2025,704,1.0,1398.52,32.145,True,True,True,https://noaa-nws-rtofs-pds.s3.amazonaws.com/rtofs.20250611/rtofs_glo_3dz_f006_6hrly_hvr_US_east.nc
ARGO_GDAC,pfl,aoml/4903354/profiles/D4903354_297.nc|2025-06-11T01:48:04Z|23.64385|-81.19857,aoml/4903354/profiles/D4903354_297.nc,4903354,4903354,23.64385,-81.19857,2025-06-11T01:48:04Z,20250611,2025,865,0.64,99.92,32.2435,True,True,True,https://noaa-nws-rtofs-pds.s3.amazonaws.com/rtofs.20250611/rtofs_glo_3dz_f006_6hrly_hvr_US_east.nc
ARGO_GDAC,pfl,aoml/4903354/profiles/D4903354_298.nc|2025-06-16T02:13:52Z|23.64934|-81.16511,aoml/4903354/profiles/D4903354_298.nc,4903354,4903354,23.64934,-81.16511,2025-06-16T02:13:52Z,20250616,2025,697,1.04,1383.6,38.3459,True,True,True,https://noaa-nws-rtofs-pds.s3.amazonaws.com/rtofs.20250616/rtofs_glo_3dz_f006_6hrly_hvr_US_east.nc
ARGO_GDAC,pfl,aoml/4903354/profiles/D4903354_298.nc|2025-06-16T02:13:52Z|23.64934|-81.16511,aoml/4903354/profiles/D4903354_298.nc,4903354,4903354,23.64934,-81.16511,2025-06-16T02:13:52Z,20250616,2025,779,0.64,99.92,38.5235,True,True,True,https://noaa-nws-rtofs-pds.s3.amazonaws.com/rtofs.20250616/rtofs_glo_3dz_f006_6hrly_hvr_US_east.nc
ARGO_GDAC,pfl,aoml/4903354/profiles/D4903354_299.nc|2025-06-21T02:36:29Z|23.66020|-81.10757,aoml/4903354/profiles/D4903354_299.nc,4903354,4903354,23.6602,-81.10757,2025-06-21T02:36:29Z,20250621,2025,681,0.92,1351.84,34.0378,True,True,True,https://noaa-nws-rtofs-pds.s3.amazonaws.com/rtofs.20250621/rtofs_glo_3dz_f006_6hrly_hvr_US_east.nc
ARGO_GDAC,pfl,aoml/4903354/profiles/D4903354_299.nc|2025-06-21T02:36:29Z|23.66020|-81.10757,aoml/4903354/profiles/D4903354_299.nc,4903354,4903354,23.6602,-81.10757,2025-06-21T02:36:29Z,20250621,2025,856,0.52,99.96,33.7934,True,True,True,https://noaa-nws-rtofs-pds.s3.amazonaws.com/rtofs.20250621/rtofs_glo_3dz_f006_6hrly_hvr_US_east.nc
ARGO_GDAC,pfl,aoml/4903354/profiles/D4903354_300.nc|2025-06-26T02:58:46Z|23.64498|-81.11917,aoml/4903354/profiles/D4903354_300.nc,4903354,4903354,23.64498,-81.11917,2025-06-26T02:58:46Z,20250626,2025,682,1.0,1353.44,58.046,True,True,True,https://noaa-nws-rtofs-pds.s3.amazonaws.com/rtofs.20250626/rtofs_glo_3dz_f006_6hrly_hvr_US_east.nc
ARGO_GDAC,pfl,aoml/4903354/profiles/D4903354_300.nc|2025-06-26T02:58:46Z|23.64498|-81.11917,aoml/4903354/profiles/D4903354_300.nc,4903354,4903354,23.64498,-81.11917,2025-06-26T02:58:46Z,20250626,2025,783,0.64,99.84,58.2965,True,True,True,https://noaa-nws-rtofs-pds.s3.amazonaws.com/rtofs.20250626/rtofs_glo_3dz_f006_6hrly_hvr_US_east.nc
ARGO_GDAC,pfl,aoml/4903354/profiles/D4903354_301.nc|2025-07-01T03:14:40Z|23.80833|-80.93663,aoml/4903354/profiles/D4903354_301.nc,4903354,4903354,23.80833,-80.93663,2025-07-01T03:14:40Z,20250701,2025,644,1.0,1277.52,22.8587,True,True,True,https://noaa-nws-rtofs-pds.s3.amazonaws.com/rtofs.20250701/rtofs_glo_3dz_f006_6hrly_hvr_US_east.nc
ARGO_GDAC,pfl,aoml/4903354/profiles/D4903354_301.nc|2025-07-01T03:14:40Z|23.80833|-80.93663,aoml/4903354/profiles/D4903354_301.nc,4903354,4903354,23.80833,-80.93663,2025-07-01T03:14:40Z,20250701,2025,770,0.56,99.96,23.346,True,True,True,https://noaa-nws-rtofs-pds.s3.amazonaws.com/rtofs.20250701/rtofs_glo_3dz_f006_6hrly_hvr_US_east.nc
ARGO_GDAC,pfl,aoml/4903354/profiles/D4903354_302.nc|2025-07-06T03:26:09Z|23.83072|-80.89719,aoml/4903354/profiles/D4903354_302.nc,4903354,4903354,23.83072,-80.89719,2025-07-06T03:26:09Z,20250706,2025,631,1.0,1251.96,28.0702,True,True,True,https://noaa-nws-rtofs-pds.s3.amazonaws.com/rtofs.20250706/rtofs_glo_3dz_f006_6hrly_hvr_US_east.nc
ARGO_GDAC,pfl,aoml/4903354/profiles/D4903354_302.nc|2025-07-06T03:26:09Z|23.83072|-80.89719,aoml/4903354/profiles/D4903354_302.nc,4903354,4903354,23.83072,-80.89719,2025-07-06T03:26:09Z,20250706,2025,803,0.64,99.96,28.116,True,True,True,https://noaa-nws-rtofs-pds.s3.amazonaws.com/rtofs.20250706/rtofs_glo_3dz_f006_6hrly_hvr_US_east.nc
ARGO_GDAC,pfl,aoml/4903354/profiles/D4903354_303.nc|2025-07-11T03:33:40Z|23.84606|-80.85642,aoml/4903354/profiles/D4903354_303.nc,4903354,4903354,23.84606,-80.85642,2025-07-11T03:33:40Z,20250711,2025,626,1.0,1241.44,18.7605,True,True,True,https://noaa-nws-rtofs-pds.s3.amazonaws.com/rtofs.20250711/rtofs_glo_3dz_f006_6hrly_hvr_US_east.nc
ARGO_GDAC,pfl,aoml/4903354/profiles/D4903354_303.nc|2025-07-11T03:33:40Z|23.84606|-80.85642,aoml/4903354/profiles/D4903354_303.nc,4903354,4903354,23.84606,-80.85642,2025-07-11T03:33:40Z,20250711,2025,833,0.52,99.92,19.2844,True,True,True,https://noaa-nws-rtofs-pds.s3.amazonaws.com/rtofs.20250711/rtofs_glo_3dz_f006_6hrly_hvr_US_east.nc
ARGO_GDAC,pfl,aoml/4903354/profiles/D4903354_304.nc|2025-07-16T03:41:54Z|23.85293|-80.82008,aoml/4903354/profiles/D4903354_304.nc,4903354,4903354,23.85293,-80.82008,2025-07-16T03:41:54Z,20250716,2025,619,0.48,1226.2,28.0748,True,True,True,https://noaa-nws-rtofs-pds.s3.amazonaws.com/rtofs.20250716/rtofs_glo_3dz_f006_6hrly_hvr_US_east.nc
ARGO_GDAC,pfl,aoml/4903354/profiles/D4903354_304.nc|2025-07-16T03:41:54Z|23.85293|-80.82008,aoml/4903354/profiles/D4903354_304.nc,4903354,4903354,23.85293,-80.82008,2025-07-16T03:41:54Z,20250716,2025,804,0.48,99.92,28.24,True,True,True,https://noaa-nws-rtofs-pds.s3.amazonaws.com/rtofs.20250716/rtofs_glo_3dz_f006_6hrly_hvr_US_east.nc
ARGO_GDAC,pfl,aoml/4903354/profiles/D4903354_305.nc|2025-07-21T03:44:19Z|23.85412|-80.79552,aoml/4903354/profiles/D4903354_305.nc,4903354,4903354,23.85412,-80.79552,2025-07-21T03:44:19Z,20250721,2025,607,1.0,1203.52,35.4439,True,True,True,https://noaa-nws-rtofs-pds.s3.amazonaws.com/rtofs.20250721/rtofs_glo_3dz_f006_6hrly_hvr_US_east.nc
ARGO_GDAC,pfl,aoml/4903354/profiles/D4903354_305.nc|2025-07-21T03:44:19Z|23.85412|-80.79552,aoml/4903354/profiles/D4903354_305.nc,4903354,4903354,23.85412,-80.79552,2025-07-21T03:44:19Z,20250721,2025,819,0.6,100.0,35.9165,True,True,True,https://noaa-nws-rtofs-pds.s3.amazonaws.com/rtofs.20250721/rtofs_glo_3dz_f006_6hrly_hvr_US_east.nc
ARGO_GDAC,pfl,aoml/4903354/profiles/D4903354_306.nc|2025-07-26T03:44:00Z|23.84355|-80.76969,aoml/4903354/profiles/D4903354_306.nc,4903354,4903354,23.84355,-80.76969,2025-07-26T03:44:00Z,20250726,2025,604,1.0,1197.52,35.3917,True,True,True,https://noaa-nws-rtofs-pds.s3.amazonaws.com/rtofs.20250726/rtofs_glo_3dz_f006_6hrly_hvr_US_east.nc
ARGO_GDAC,pfl,aoml/4903354/profiles/D4903354_306.nc|2025-07-26T03:44:00Z|23.84355|-80.76969,aoml/4903354/profiles/D4903354_306.nc,4903354,4903354,23.84355,-80.76969,2025-07-26T03:44:00Z,20250726,2025,878,0.72,99.92,35.848,True,True,True,https://noaa-nws-rtofs-pds.s3.amazonaws.com/rtofs.20250726/rtofs_glo_3dz_f006_6hrly_hvr_US_east.nc
ARGO_GDAC,pfl,aoml/4903354/profiles/D4903354_307.nc|2025-07-31T03:48:04Z|23.83644|-80.74349,aoml/4903354/profiles/D4903354_307.nc,4903354,4903354,23.83644,-80.74349,2025-07-31T03:48:04Z,20250731,2025,607,0.96,1203.12,35.5201,True,True,True,https://noaa-nws-rtofs-pds.s3.amazonaws.com/rtofs.20250731/rtofs_glo_3dz_f006_6hrly_hvr_US_east.nc
ARGO_GDAC,pfl,aoml/4903354/profiles/D4903354_307.nc|2025-07-31T03:48:04Z|23.83644|-80.74349,aoml/4903354/profiles/D4903354_307.nc,4903354,4903354,23.83644,-80.74349,2025-07-31T03:48:04Z,20250731,2025,764,0.52,99.92,35.2802,True,True,True,https://noaa-nws-rtofs-pds.s3.amazonaws.com/rtofs.20250731/rtofs_glo_3dz_f006_6hrly_hvr_US_east.nc
ARGO_GDAC,pfl,aoml/4903354/profiles/D4903354_308.nc|2025-08-05T03:46:25Z|23.83833|-80.72030,aoml/4903354/profiles/D4903354_308.nc,4903354,4903354,23.83833,-80.7203,2025-08-05T03:46:25Z,20250805,2025,600,1.08,1189.08,22.5928,True,True,True,https://noaa-nws-rtofs-pds.s3.amazonaws.com/rtofs.20250805/rtofs_glo_3dz_f006_6hrly_hvr_US_east.nc
ARGO_GDAC,pfl,aoml/4903354/profiles/D4903354_308.nc|2025-08-05T03:46:25Z|23.83833|-80.72030,aoml/4903354/profiles/D4903354_308.nc,4903354,4903354,23.83833,-80.7203,2025-08-05T03:46:25Z,20250805,2025,880,0.64,99.84,23.72,True,True,True,https://noaa-nws-rtofs-pds.s3.amazonaws.com/rtofs.20250805/rtofs_glo_3dz_f006_6hrly_hvr_US_east.nc
ARGO_GDAC,pfl,aoml/4903354/profiles/D4903354_309.nc|2025-08-10T03:47:38Z|23.84196|-80.70224,aoml/4903354/profiles/D4903354_309.nc,4903354,4903354,23.84196,-80.70224,2025-08-10T03:47:38Z,20250810,2025,594,0.96,1177.52,30.3073,True,True,True,https://noaa-nws-rtofs-pds.s3.amazonaws.com/rtofs.20250810/rtofs_glo_3dz_f006_6hrly_hvr_US_east.nc
ARGO_GDAC,pfl,aoml/4903354/profiles/D4903354_309.nc|2025-08-10T03:47:38Z|23.84196|-80.70224,aoml/4903354/profiles/D4903354_309.nc,4903354,4903354,23.84196,-80.70224,2025-08-10T03:47:38Z,20250810,2025,827,0.52,99.92,30.1059,True,True,True,https://noaa-nws-rtofs-pds.s3.amazonaws.com/rtofs.20250810/rtofs_glo_3dz_f006_6hrly_hvr_US_east.nc
ARGO_GDAC,pfl,aoml/4903354/profiles/D4903354_310.nc|2025-08-15T03:44:07Z|23.85542|-80.67769,aoml/4903354/profiles/D4903354_310.nc,4903354,4903354,23.85542,-80.67769,2025-08-15T03:44:07Z,20250815,2025,590,0.48,1168.2,20.9818,True,True,True,https://noaa-nws-rtofs-pds.s3.amazonaws.com/rtofs.20250815/rtofs_glo_3dz_f006_6hrly_hvr_US_east.nc
ARGO_GDAC,pfl,aoml/4903354/profiles/D4903354_310.nc|2025-08-15T03:44:07Z|23.85542|-80.67769,aoml/4903354/profiles/D4903354_310.nc,4903354,4903354,23.85542,-80.67769,2025-08-15T03:44:07Z,20250815,2025,827,0.48,99.96,20.5199,True,True,True,https://noaa-nws-rtofs-pds.s3.amazonaws.com/rtofs.20250815/rtofs_glo_3dz_f006_6hrly_hvr_US_east.nc
ARGO_GDAC,pfl,aoml/4903354/profiles/D4903354_311.nc|2025-08-20T03:37:05Z|23.87012|-80.65061,aoml/4903354/profiles/D4903354_311.nc,4903354,4903354,23.87012,-80.65061,2025-08-20T03:37:05Z,20250820,2025,578,1.0,1145.04,29.9025,True,True,True,https://noaa-nws-rtofs-pds.s3.amazonaws.com/rtofs.20250820/rtofs_glo_3dz_f006_6hrly_hvr_US_east.nc
ARGO_GDAC,pfl,aoml/4903354/profiles/D4903354_311.nc|2025-08-20T03:37:05Z|23.87012|-80.65061,aoml/4903354/profiles/D4903354_311.nc,4903354,4903354,23.87012,-80.65061,2025-08-20T03:37:05Z,20250820,2025,868,0.6,100.0,29.6686,True,True,True,https://noaa-nws-rtofs-pds.s3.amazonaws.com/rtofs.20250820/rtofs_glo_3dz_f006_6hrly_hvr_US_east.nc
ARGO_GDAC,pfl,aoml/4903354/profiles/D4903354_312.nc|2025-08-25T03:28:45Z|23.87839|-80.62708,aoml/4903354/profiles/D4903354_312.nc,4903354,4903354,23.87839,-80.62708,2025-08-25T03:28:45Z,20250825,2025,569,1.04,1128.28,14.642,True,True,True,https://noaa-nws-rtofs-pds.s3.amazonaws.com/rtofs.20250825/rtofs_glo_3dz_f006_6hrly_hvr_US_east.nc
ARGO_GDAC,pfl,aoml/4903354/profiles/D4903354_312.nc|2025-08-25T03:28:45Z|23.87839|-80.62708,aoml/4903354/profiles/D4903354_312.nc,4903354,4903354,23.87839,-80.62708,2025-08-25T03:28:45Z,20250825,2025,769,0.72,99.96,14.5538,True,True,True,https://noaa-nws-rtofs-pds.s3.amazonaws.com/rtofs.20250825/rtofs_glo_3dz_f006_6hrly_hvr_US_east.nc
ARGO_GDAC,pfl,aoml/4903354/profiles/D4903354_313.nc|2025-08-30T03:21:16Z|23.88329|-80.60722,aoml/4903354/profiles/D4903354_313.nc,4903354,4903354,23.88329,-80.60722,2025-08-30T03:21:16Z,20250830,2025,567,0.44,1121.04,36.0803,True,True,True,https://noaa-nws-rtofs-pds.s3.amazonaws.com/rtofs.20250830/rtofs_glo_3dz_f006_6hrly_hvr_US_east.nc
ARGO_GDAC,pfl,aoml/4903354/profiles/D4903354_313.nc|2025-08-30T03:21:16Z|23.88329|-80.60722,aoml/4903354/profiles/D4903354_313.nc,4903354,4903354,23.88329,-80.60722,2025-08-30T03:21:16Z,20250830,2025,853,0.44,100.0,36.091,True,True,True,https://noaa-nws-rtofs-pds.s3.amazonaws.com/rtofs.20250830/rtofs_glo_3dz_f006_6hrly_hvr_US_east.nc
ARGO_GDAC,pfl,aoml/4903354/profiles/D4903354_314.nc|2025-09-04T03:09:28Z|23.89042|-80.59156,aoml/4903354/profiles/D4903354_314.nc,4903354,4903354,23.89042,-80.59156,2025-09-04T03:09:28Z,20250904,2025,559,0.44,1105.0,30.5841,True,True,True,https://noaa-nws-rtofs-pds.s3.amazonaws.com/rtofs.20250904/rtofs_glo_3dz_f006_6hrly_hvr_US_east.nc
ARGO_GDAC,pfl,aoml/4903354/profiles/D4903354_314.nc|2025-09-04T03:09:28Z|23.89042|-80.59156,aoml/4903354/profiles/D4903354_314.nc,4903354,4903354,23.89042,-80.59156,2025-09-04T03:09:28Z,20250904,2025,825,0.44,99.96,30.6543,True,True,True,https://noaa-nws-rtofs-pds.s3.amazonaws.com/rtofs.20250904/rtofs_glo_3dz_f006_6hrly_hvr_US_east.nc
ARGO_GDAC,pfl,aoml/4903354/profiles/D4903354_315.nc|2025-09-09T02:59:18Z|23.89531|-80.57666,aoml/4903354/profiles/D4903354_315.nc,4903354,4903354,23.89531,-80.57666,2025-09-09T02:59:18Z,20250909,2025,550,0.96,1090.2,35.0439,True,True,True,https://noaa-nws-rtofs-pds.s3.amazonaws.com/rtofs.20250909/rtofs_glo_3dz_f006_6hrly_hvr_US_east.nc
ARGO_GDAC,pfl,aoml/4903354/profiles/D4903354_315.nc|2025-09-09T02:59:18Z|23.89531|-80.57666,aoml/4903354/profiles/D4903354_315.nc,4903354,4903354,23.89531,-80.57666,2025-09-09T02:59:18Z,20250909,2025,812,0.52,99.96,35.3735,True,True,True,https://noaa-nws-rtofs-pds.s3.amazonaws.com/rtofs.20250909/rtofs_glo_3dz_f006_6hrly_hvr_US_east.nc
ARGO_GDAC,pfl,aoml/4903354/profiles/D4903354_316.nc|2025-09-14T02:45:29Z|23.89510|-80.56693,aoml/4903354/profiles/D4903354_316.nc,4903354,4903354,23.8951,-80.56693,2025-09-14T02:45:29Z,20250914,2025,545,0.48,1077.44,30.0668,True,True,True,https://noaa-nws-rtofs-pds.s3.amazonaws.com/rtofs.20250914/rtofs_glo_3dz_f006_6hrly_hvr_US_east.nc
ARGO_GDAC,pfl,aoml/4903354/profiles/D4903354_316.nc|2025-09-14T02:45:29Z|23.89510|-80.56693,aoml/4903354/profiles/D4903354_316.nc,4903354,4903354,23.8951,-80.56693,2025-09-14T02:45:29Z,20250914,2025,806,0.48,100.0,29.9111,True,True,True,https://noaa-nws-rtofs-pds.s3.amazonaws.com/rtofs.20250914/rtofs_glo_3dz_f006_6hrly_hvr_US_east.nc
ARGO_GDAC,pfl,aoml/4903354/profiles/D4903354_317.nc|2025-09-19T02:28:13Z|23.90528|-80.55366,aoml/4903354/profiles/D4903354_317.nc,4903354,4903354,23.90528,-80.55366,2025-09-19T02:28:13Z,20250919,2025,550,0.96,1089.04,38.4905,True,True,True,https://noaa-nws-rtofs-pds.s3.amazonaws.com/rtofs.20250919/rtofs_glo_3dz_f006_6hrly_hvr_US_east.nc
ARGO_GDAC,pfl,aoml/4903354/profiles/D4903354_317.nc|2025-09-19T02:28:13Z|23.90528|-80.55366,aoml/4903354/profiles/D4903354_317.nc,4903354,4903354,23.90528,-80.55366,2025-09-19T02:28:13Z,20250919,2025,886,0.56,99.88,31.788,True,True,True,https://noaa-nws-rtofs-pds.s3.amazonaws.com/rtofs.20250919/rtofs_glo_3dz_f006_6hrly_hvr_US_east.nc
ARGO_GDAC,pfl,aoml/4903354/profiles/D4903354_318.nc|2025-09-24T02:00:56Z|23.92667|-80.53186,aoml/4903354/profiles/D4903354_318.nc,4903354,4903354,23.92667,-80.53186,2025-09-24T02:00:56Z,20250924,2025,477,1.0,943.72,36.8038,True,True,True,https://noaa-nws-rtofs-pds.s3.amazonaws.com/rtofs.20250924/rtofs_glo_3dz_f006_6hrly_hvr_US_east.nc
ARGO_GDAC,pfl,aoml/4903354/profiles/D4903354_318.nc|2025-09-24T02:00:56Z|23.92667|-80.53186,aoml/4903354/profiles/D4903354_318.nc,4903354,4903354,23.92667,-80.53186,2025-09-24T02:00:56Z,20250924,2025,823,0.6,99.96,37.08,True,True,True,https://noaa-nws-rtofs-pds.s3.amazonaws.com/rtofs.20250924/rtofs_glo_3dz_f006_6hrly_hvr_US_east.nc
ARGO_GDAC,pfl,aoml/4903354/profiles/D4903354_319.nc|2025-09-29T01:14:44Z|23.95932|-80.50653,aoml/4903354/profiles/D4903354_319.nc,4903354,4903354,23.95932,-80.50653,2025-09-29T01:14:44Z,20250929,2025,416,1.0,821.64,57.85,True,True,True,https://noaa-nws-rtofs-pds.s3.amazonaws.com/rtofs.20250929/rtofs_glo_3dz_f006_6hrly_hvr_US_east.nc
ARGO_GDAC,pfl,aoml/4903354/profiles/D4903354_319.nc|2025-09-29T01:14:44Z|23.95932|-80.50653,aoml/4903354/profiles/D4903354_319.nc,4903354,4903354,23.95932,-80.50653,2025-09-29T01:14:44Z,20250929,2025,867,0.56,99.88,57.5829,True,True,True,https://noaa-nws-rtofs-pds.s3.amazonaws.com/rtofs.20250929/rtofs_glo_3dz_f006_6hrly_hvr_US_east.nc
ARGO_GDAC,pfl,aoml/4903354/profiles/D4903354_320.nc|2025-10-04T00:20:18Z|23.99610|-80.47647,aoml/4903354/profiles/D4903354_320.nc,4903354,4903354,23.9961,-80.47647,2025-10-04T00:20:18Z,20251004,2025,385,1.04,759.24,41.1614,True,True,True,https://noaa-nws-rtofs-pds.s3.amazonaws.com/rtofs.20251004/rtofs_glo_3dz_f006_6hrly_hvr_US_east.nc
ARGO_GDAC,pfl,aoml/4903354/profiles/D4903354_320.nc|2025-10-04T00:20:18Z|23.99610|-80.47647,aoml/4903354/profiles/D4903354_320.nc,4903354,4903354,23.9961,-80.47647,2025-10-04T00:20:18Z,20251004,2025,854,0.68,99.96,41.25,True,True,True,https://noaa-nws-rtofs-pds.s3.amazonaws.com/rtofs.20251004/rtofs_glo_3dz_f006_6hrly_hvr_US_east.nc
ARGO_GDAC,pfl,aoml/4903354/profiles/D4903354_321.nc|2025-10-08T23:29:03Z|24.08201|-80.41484,aoml/4903354/profiles/D4903354_321.nc,4903354,4903354,24.08201,-80.41484,2025-10-08T23:29:03Z,20251008,2025,393,1.08,775.16,30.2149,True,True,True,https://noaa-nws-rtofs-pds.s3.amazonaws.com/rtofs.20251008/rtofs_glo_3dz_f006_6hrly_hvr_US_east.nc
ARGO_GDAC,pfl,aoml/4903354/profiles/D4903354_321.nc|2025-10-08T23:29:03Z|24.08201|-80.41484,aoml/4903354/profiles/D4903354_321.nc,4903354,4903354,24.08201,-80.41484,2025-10-08T23:29:03Z,20251008,2025,884,0.72,100.0,30.51,True,True,True,https://noaa-nws-rtofs-pds.s3.amazonaws.com/rtofs.20251008/rtofs_glo_3dz_f006_6hrly_hvr_US_east.nc
ARGO_GDAC,pfl,aoml/4903354/profiles/D4903354_322.nc|2025-10-13T22:45:32Z|24.16513|-80.33197,aoml/4903354/profiles/D4903354_322.nc,4903354,4903354,24.16513,-80.33197,2025-10-13T22:45:32Z,20251013,2025,414,1.0,817.2,48.4473,True,True,True,https://noaa-nws-rtofs-pds.s3.amazonaws.com/rtofs.20251013/rtofs_glo_3dz_f006_6hrly_hvr_US_east.nc
ARGO_GDAC,pfl,aoml/4903354/profiles/D4903354_322.nc|2025-10-13T22:45:32Z|24.16513|-80.33197,aoml/4903354/profiles/D4903354_322.nc,4903354,4903354,24.16513,-80.33197,2025-10-13T22:45:32Z,20251013,2025,875,0.56,99.96,48.44,True,True,True,https://noaa-nws-rtofs-pds.s3.amazonaws.com/rtofs.20251013/rtofs_glo_3dz_f006_6hrly_hvr_US_east.nc
ARGO_GDAC,pfl,aoml/4903354/profiles/D4903354_323.nc|2025-10-18T21:55:58Z|24.20424|-80.26494,aoml/4903354/profiles/D4903354_323.nc,4903354,4903354,24.20424,-80.26494,2025-10-18T21:55:58Z,20251018,2025,411,0.44,809.0,69.6165,True,True,True,https://noaa-nws-rtofs-pds.s3.amazonaws.com/rtofs.20251018/rtofs_glo_3dz_f006_6hrly_hvr_US_east.nc
ARGO_GDAC,pfl,aoml/4903354/profiles/D4903354_323.nc|2025-10-18T21:55:58Z|24.20424|-80.26494,aoml/4903354/profiles/D4903354_323.nc,4903354,4903354,24.20424,-80.26494,2025-10-18T21:55:58Z,20251018,2025,704,0.44,99.88,70.2167,True,True,True,https://noaa-nws-rtofs-pds.s3.amazonaws.com/rtofs.20251018/rtofs_glo_3dz_f006_6hrly_hvr_US_east.nc
ARGO_GDAC,pfl,aoml/4903354/profiles/D4903354_324.nc|2025-10-23T21:01:21Z|24.22578|-80.22075,aoml/4903354/profiles/D4903354_324.nc,4903354,4903354,24.22578,-80.22075,2025-10-23T21:01:21Z,20251023,2025,401,1.0,791.08,72.51,True,True,True,https://noaa-nws-rtofs-pds.s3.amazonaws.com/rtofs.20251023/rtofs_glo_3dz_f006_6hrly_hvr_US_east.nc
ARGO_GDAC,pfl,aoml/4903354/profiles/D4903354_324.nc|2025-10-23T21:01:21Z|24.22578|-80.22075,aoml/4903354/profiles/D4903354_324.nc,4903354,4903354,24.22578,-80.22075,2025-10-23T21:01:21Z,20251023,2025,847,0.6,99.96,72.448,True,True,True,https://noaa-nws-rtofs-pds.s3.amazonaws.com/rtofs.20251023/rtofs_glo_3dz_f006_6hrly_hvr_US_east.nc
ARGO_GDAC,pfl,aoml/4903354/profiles/D4903354_325.nc|2025-10-28T20:14:20Z|24.24563|-80.18429,aoml/4903354/profiles/D4903354_325.nc,4903354,4903354,24.24563,-80.18429,2025-10-28T20:14:20Z,20251028,2025,399,1.04,787.36,92.2033,True,True,True,https://noaa-nws-rtofs-pds.s3.amazonaws.com/rtofs.20251028/rtofs_glo_3dz_f006_6hrly_hvr_US_east.nc
ARGO_GDAC,pfl,aoml/4903354/profiles/D4903354_325.nc|2025-10-28T20:14:20Z|24.24563|-80.18429,aoml/4903354/profiles/D4903354_325.nc,4903354,4903354,24.24563,-80.18429,2025-10-28T20:14:20Z,20251028,2025,842,0.64,99.96,92.4802,True,True,True,https://noaa-nws-rtofs-pds.s3.amazonaws.com/rtofs.20251028/rtofs_glo_3dz_f006_6hrly_hvr_US_east.nc
ARGO_GDAC,pfl,aoml/4903354/profiles/D4903354_326.nc|2025-11-02T19:19:02Z|24.26749|-80.14692,aoml/4903354/profiles/D4903354_326.nc,4903354,4903354,24.26749,-80.14692,2025-11-02T19:19:02Z,20251102,2025,394,0.96,777.04,78.1163,True,True,True,https://noaa-nws-rtofs-pds.s3.amazonaws.com/rtofs.20251102/rtofs_glo_3dz_f006_6hrly_hvr_US_east.nc
ARGO_GDAC,pfl,aoml/4903354/profiles/D4903354_326.nc|2025-11-02T19:19:02Z|24.26749|-80.14692,aoml/4903354/profiles/D4903354_326.nc,4903354,4903354,24.26749,-80.14692,2025-11-02T19:19:02Z,20251102,2025,868,0.56,99.96,78.5214,True,True,True,https://noaa-nws-rtofs-pds.s3.amazonaws.com/rtofs.20251102/rtofs_glo_3dz_f006_6hrly_hvr_US_east.nc
ARGO_GDAC,pfl,aoml/4903354/profiles/D4903354_327.nc|2025-11-07T18:23:16Z|24.33039|-80.07085,aoml/4903354/profiles/D4903354_327.nc,4903354,4903354,24.33039,-80.07085,2025-11-07T18:23:16Z,20251107,2025,391,1.0,772.56,58.0055,True,True,True,https://noaa-nws-rtofs-pds.s3.amazonaws.com/rtofs.20251107/rtofs_glo_3dz_f006_6hrly_hvr_US_east.nc
ARGO_GDAC,pfl,aoml/4903354/profiles/D4903354_327.nc|2025-11-07T18:23:16Z|24.33039|-80.07085,aoml/4903354/profiles/D4903354_327.nc,4903354,4903354,24.33039,-80.07085,2025-11-07T18:23:16Z,20251107,2025,788,0.52,99.88,57.9467,True,True,True,https://noaa-nws-rtofs-pds.s3.amazonaws.com/rtofs.20251107/rtofs_glo_3dz_f006_6hrly_hvr_US_east.nc
ARGO_GDAC,pfl,aoml/4903354/profiles/D4903354_328.nc|2025-11-12T17:33:59Z|24.37058|-80.02742,aoml/4903354/profiles/D4903354_328.nc,4903354,4903354,24.37058,-80.02742,2025-11-12T17:33:59Z,20251112,2025,401,1.04,791.64,90.507,True,True,True,https://noaa-nws-rtofs-pds.s3.amazonaws.com/rtofs.20251112/rtofs_glo_3dz_f006_6hrly_hvr_US_east.nc
ARGO_GDAC,pfl,aoml/4903354/profiles/D4903354_328.nc|2025-11-12T17:33:59Z|24.37058|-80.02742,aoml/4903354/profiles/D4903354_328.nc,4903354,4903354,24.37058,-80.02742,2025-11-12T17:33:59Z,20251112,2025,854,0.68,99.88,90.6,True,True,True,https://noaa-nws-rtofs-pds.s3.amazonaws.com/rtofs.20251112/rtofs_glo_3dz_f006_6hrly_hvr_US_east.nc
ARGO_GDAC,pfl,aoml/4903356/profiles/D4903356_200.nc|2024-01-03T07:51:38Z|28.31964|-88.90036,aoml/4903356/profiles/D4903356_200.nc,4903356,4903356,28.31964,-88.90036,2024-01-03T07:51:38Z,20240103,2024,662,1.04,1313.48,103.1421,True,False,False,
ARGO_GDAC,pfl,aoml/4903356/profiles/D4903356_200.nc|2024-01-03T07:51:38Z|28.31964|-88.90036,aoml/4903356/profiles/D4903356_200.nc,4903356,4903356,28.31964,-88.90036,2024-01-03T07:51:38Z,20240103,2024,716,0.64,99.92,,False,False,False,
ARGO_GDAC,pfl,aoml/4903356/profiles/D4903356_201.nc|2024-01-08T05:57:34Z|28.32565|-88.90326,aoml/4903356/profiles/D4903356_201.nc,4903356,4903356,28.32565,-88.90326,2024-01-08T05:57:34Z,20240108,2024,652,1.04,1293.52,106.3923,True,False,False,
ARGO_GDAC,pfl,aoml/4903356/profiles/D4903356_201.nc|2024-01-08T05:57:34Z|28.32565|-88.90326,aoml/4903356/profiles/D4903356_201.nc,4903356,4903356,28.32565,-88.90326,2024-01-08T05:57:34Z,20240108,2024,726,0.52,100.0,,False,False,False,
ARGO_GDAC,pfl,aoml/4903356/profiles/D4903356_202.nc|2024-01-13T03:56:46Z|28.33063|-88.90051,aoml/4903356/profiles/D4903356_202.nc,4903356,4903356,28.33063,-88.90051,2024-01-13T03:56:46Z,20240113,2024,650,0.44,1287.48,96.0426,True,True,False,
ARGO_GDAC,pfl,aoml/4903356/profiles/D4903356_202.nc|2024-01-13T03:56:46Z|28.33063|-88.90051,aoml/4903356/profiles/D4903356_202.nc,4903356,4903356,28.33063,-88.90051,2024-01-13T03:56:46Z,20240113,2024,775,0.44,99.96,95.8914,True,True,False,
ARGO_GDAC,pfl,aoml/4903356/profiles/D4903356_203.nc|2024-01-18T02:04:32Z|28.32770|-88.89606,aoml/4903356/profiles/D4903356_203.nc,4903356,4903356,28.3277,-88.89606,2024-01-18T02:04:32Z,20240118,2024,652,0.96,1294.08,107.7122,True,False,False,
ARGO_GDAC,pfl,aoml/4903356/profiles/D4903356_203.nc|2024-01-18T02:04:32Z|28.32770|-88.89606,aoml/4903356/profiles/D4903356_203.nc,4903356,4903356,28.3277,-88.89606,2024-01-18T02:04:32Z,20240118,2024,733,0.52,99.96,,False,False,False,
ARGO_GDAC,pfl,aoml/4903356/profiles/D4903356_204.nc|2024-01-23T00:07:04Z|28.32283|-88.89385,aoml/4903356/profiles/D4903356_204.nc,4903356,4903356,28.32283,-88.89385,2024-01-23T00:07:04Z,20240123,2024,658,1.04,1305.4,96.4814,True,True,False,
ARGO_GDAC,pfl,aoml/4903356/profiles/D4903356_204.nc|2024-01-23T00:07:04Z|28.32283|-88.89385,aoml/4903356/profiles/D4903356_204.nc,4903356,4903356,28.32283,-88.89385,2024-01-23T00:07:04Z,20240123,2024,749,0.6,99.88,96.2789,True,True,False,
ARGO_GDAC,pfl,aoml/4903356/profiles/D4903356_205.nc|2024-01-27T22:08:46Z|28.32211|-88.88633,aoml/4903356/profiles/D4903356_205.nc,4903356,4903356,28.32211,-88.88633,2024-01-27T22:08:46Z,20240127,2024,661,1.08,1311.92,46.9799,True,True,True,https://noaa-nws-rtofs-pds.s3.amazonaws.com/rtofs.20240127/rtofs_glo_3dz_f006_6hrly_hvr_US_east.nc
ARGO_GDAC,pfl,aoml/4903356/profiles/D4903356_205.nc|2024-01-27T22:08:46Z|28.32211|-88.88633,aoml/4903356/profiles/D4903356_205.nc,4903356,4903356,28.32211,-88.88633,2024-01-27T22:08:46Z,20240127,2024,755,0.6,99.92,46.62,True,True,True,https://noaa-nws-rtofs-pds.s3.amazonaws.com/rtofs.20240127/rtofs_glo_3dz_f006_6hrly_hvr_US_east.nc
ARGO_GDAC,pfl,aoml/4903356/profiles/D4903356_206.nc|2024-02-01T20:16:37Z|28.32581|-88.87420,aoml/4903356/profiles/D4903356_206.nc,4903356,4903356,28.32581,-88.8742,2024-02-01T20:16:37Z,20240201,2024,671,1.0,1331.28,121.9614,True,False,True,https://noaa-nws-rtofs-pds.s3.amazonaws.com/rtofs.20240201/rtofs_glo_3dz_f006_6hrly_hvr_US_east.nc
ARGO_GDAC,pfl,aoml/4903356/profiles/D4903356_206.nc|2024-02-01T20:16:37Z|28.32581|-88.87420,aoml/4903356/profiles/D4903356_206.nc,4903356,4903356,28.32581,-88.8742,2024-02-01T20:16:37Z,20240201,2024,710,0.6,99.88,,False,False,True,https://noaa-nws-rtofs-pds.s3.amazonaws.com/rtofs.20240201/rtofs_glo_3dz_f006_6hrly_hvr_US_east.nc
ARGO_GDAC,pfl,aoml/4903356/profiles/D4903356_207.nc|2024-02-06T18:24:09Z|28.32893|-88.87867,aoml/4903356/profiles/D4903356_207.nc,4903356,4903356,28.32893,-88.87867,2024-02-06T18:24:09Z,20240206,2024,659,0.96,1307.08,106.7898,True,False,True,https://noaa-nws-rtofs-pds.s3.amazonaws.com/rtofs.20240206/rtofs_glo_3dz_f006_6hrly_hvr_US_east.nc
ARGO_GDAC,pfl,aoml/4903356/profiles/D4903356_207.nc|2024-02-06T18:24:09Z|28.32893|-88.87867,aoml/4903356/profiles/D4903356_207.nc,4903356,4903356,28.32893,-88.87867,2024-02-06T18:24:09Z,20240206,2024,737,0.52,100.0,,False,False,True,https://noaa-nws-rtofs-pds.s3.amazonaws.com/rtofs.20240206/rtofs_glo_3dz_f006_6hrly_hvr_US_east.nc
ARGO_GDAC,pfl,aoml/4903356/profiles/D4903356_208.nc|2024-02-11T16:35:17Z|28.32399|-88.89446,aoml/4903356/profiles/D4903356_208.nc,4903356,4903356,28.32399,-88.89446,2024-02-11T16:35:17Z,20240211,2024,665,1.12,1320.16,17.84,True,True,True,https://noaa-nws-rtofs-pds.s3.amazonaws.com/rtofs.20240211/rtofs_glo_3dz_f006_6hrly_hvr_US_east.nc
ARGO_GDAC,pfl,aoml/4903356/profiles/D4903356_208.nc|2024-02-11T16:35:17Z|28.32399|-88.89446,aoml/4903356/profiles/D4903356_208.nc,4903356,4903356,28.32399,-88.89446,2024-02-11T16:35:17Z,20240211,2024,829,0.8,99.92,17.6737,True,True,True,https://noaa-nws-rtofs-pds.s3.amazonaws.com/rtofs.20240211/rtofs_glo_3dz_f006_6hrly_hvr_US_east.nc
ARGO_GDAC,pfl,aoml/4903356/profiles/D4903356_209.nc|2024-02-16T14:39:11Z|28.31183|-88.91876,aoml/4903356/profiles/D4903356_209.nc,4903356,4903356,28.31183,-88.91876,2024-02-16T14:39:11Z,20240216,2024,652,1.04,1293.68,26.1707,True,True,True,https://noaa-nws-rtofs-pds.s3.amazonaws.com/rtofs.20240216/rtofs_glo_3dz_f006_6hrly_hvr_US_east.nc
ARGO_GDAC,pfl,aoml/4903356/profiles/D4903356_209.nc|2024-02-16T14:39:11Z|28.31183|-88.91876,aoml/4903356/profiles/D4903356_209.nc,4903356,4903356,28.31183,-88.91876,2024-02-16T14:39:11Z,20240216,2024,841,0.64,99.88,26.6013,True,True,True,https://noaa-nws-rtofs-pds.s3.amazonaws.com/rtofs.20240216/rtofs_glo_3dz_f006_6hrly_hvr_US_east.nc
ARGO_GDAC,pfl,aoml/4903356/profiles/D4903356_210.nc|2024-02-21T12:40:40Z|28.28823|-88.94676,aoml/4903356/profiles/D4903356_210.nc,4903356,4903356,28.28823,-88.94676,2024-02-21T12:40:40Z,20240221,2024,622,1.0,1234.48,42.7995,True,True,True,https://noaa-nws-rtofs-pds.s3.amazonaws.com/rtofs.20240221/rtofs_glo_3dz_f006_6hrly_hvr_US_east.nc
ARGO_GDAC,pfl,aoml/4903356/profiles/D4903356_210.nc|2024-02-21T12:40:40Z|28.28823|-88.94676,aoml/4903356/profiles/D4903356_210.nc,4903356,4903356,28.28823,-88.94676,2024-02-21T12:40:40Z,20240221,2024,827,0.56,100.0,43.7646,True,True,True,https://noaa-nws-rtofs-pds.s3.amazonaws.com/rtofs.20240221/rtofs_glo_3dz_f006_6hrly_hvr_US_east.nc
ARGO_GDAC,pfl,aoml/4903356/profiles/D4903356_211.nc|2024-02-26T10:32:23Z|28.26507|-88.96411,aoml/4903356/profiles/D4903356_211.nc,4903356,4903356,28.26507,-88.96411,2024-02-26T10:32:23Z,20240226,2024,608,1.08,1206.2,10.8857,True,True,True,https://noaa-nws-rtofs-pds.s3.amazonaws.com/rtofs.20240226/rtofs_glo_3dz_f006_6hrly_hvr_US_east.nc
ARGO_GDAC,pfl,aoml/4903356/profiles/D4903356_211.nc|2024-02-26T10:32:23Z|28.26507|-88.96411,aoml/4903356/profiles/D4903356_211.nc,4903356,4903356,28.26507,-88.96411,2024-02-26T10:32:23Z,20240226,2024,795,0.76,99.96,10.7787,True,True,True,https://noaa-nws-rtofs-pds.s3.amazonaws.com/rtofs.20240226/rtofs_glo_3dz_f006_6hrly_hvr_US_east.nc
ARGO_GDAC,pfl,aoml/4903356/profiles/D4903356_212.nc|2024-03-02T08:28:14Z|28.24659|-88.96184,aoml/4903356/profiles/D4903356_212.nc,4903356,4903356,28.24659,-88.96184,2024-03-02T08:28:14Z,20240302,2024,619,1.08,1227.84,13.1932,True,True,True,https://noaa-nws-rtofs-pds.s3.amazonaws.com/rtofs.20240302/rtofs_glo_3dz_f006_6hrly_hvr_US_east.nc
ARGO_GDAC,pfl,aoml/4903356/profiles/D4903356_212.nc|2024-03-02T08:28:14Z|28.24659|-88.96184,aoml/4903356/profiles/D4903356_212.nc,4903356,4903356,28.24659,-88.96184,2024-03-02T08:28:14Z,20240302,2024,812,0.68,99.92,11.7385,True,True,True,https://noaa-nws-rtofs-pds.s3.amazonaws.com/rtofs.20240302/rtofs_glo_3dz_f006_6hrly_hvr_US_east.nc
ARGO_GDAC,pfl,aoml/4903356/profiles/D4903356_213.nc|2024-03-07T06:21:00Z|28.23836|-88.95195,aoml/4903356/profiles/D4903356_213.nc,4903356,4903356,28.23836,-88.95195,2024-03-07T06:21:00Z,20240307,2024,627,1.04,1243.04,25.7778,True,True,True,https://noaa-nws-rtofs-pds.s3.amazonaws.com/rtofs.20240307/rtofs_glo_3dz_f006_6hrly_hvr_US_east.nc
ARGO_GDAC,pfl,aoml/4903356/profiles/D4903356_213.nc|2024-03-07T06:21:00Z|28.23836|-88.95195,aoml/4903356/profiles/D4903356_213.nc,4903356,4903356,28.23836,-88.95195,2024-03-07T06:21:00Z,20240307,2024,757,0.64,99.96,25.82,True,True,True,https://noaa-nws-rtofs-pds.s3.amazonaws.com/rtofs.20240307/rtofs_glo_3dz_f006_6hrly_hvr_US_east.nc
ARGO_GDAC,pfl,aoml/4903356/profiles/D4903356_214.nc|2024-03-12T04:15:10Z|28.23495|-88.94161,aoml/4903356/profiles/D4903356_214.nc,4903356,4903356,28.23495,-88.94161,2024-03-12T04:15:10Z,20240312,2024,640,1.04,1269.16,37.5686,True,True,True,https://noaa-nws-rtofs-pds.s3.amazonaws.com/rtofs.20240312/rtofs_glo_3dz_f006_6hrly_hvr_US_east.nc
ARGO_GDAC,pfl,aoml/4903356/profiles/D4903356_214.nc|2024-03-12T04:15:10Z|28.23495|-88.94161,aoml/4903356/profiles/D4903356_214.nc,4903356,4903356,28.23495,-88.94161,2024-03-12T04:15:10Z,20240312,2024,739,0.64,99.96,25.826,True,True,True,https://noaa-nws-rtofs-pds.s3.amazonaws.com/rtofs.20240312/rtofs_glo_3dz_f006_6hrly_hvr_US_east.nc
ARGO_GDAC,pfl,aoml/4903356/profiles/D4903356_215.nc|2024-03-17T02:17:43Z|28.23189|-88.94307,aoml/4903356/profiles/D4903356_215.nc,4903356,4903356,28.23189,-88.94307,2024-03-17T02:17:43Z,20240317,2024,639,1.04,1267.24,15.3614,True,True,True,https://noaa-nws-rtofs-pds.s3.amazonaws.com/rtofs.20240317/rtofs_glo_3dz_f006_6hrly_hvr_US_east.nc
ARGO_GDAC,pfl,aoml/4903356/profiles/D4903356_215.nc|2024-03-17T02:17:43Z|28.23189|-88.94307,aoml/4903356/profiles/D4903356_215.nc,4903356,4903356,28.23189,-88.94307,2024-03-17T02:17:43Z,20240317,2024,777,0.64,99.84,15.8399,True,True,True,https://noaa-nws-rtofs-pds.s3.amazonaws.com/rtofs.20240317/rtofs_glo_3dz_f006_6hrly_hvr_US_east.nc
ARGO_GDAC,pfl,aoml/4903356/profiles/D4903356_216.nc|2024-03-22T00:15:12Z|28.22572|-88.94534,aoml/4903356/profiles/D4903356_216.nc,4903356,4903356,28.22572,-88.94534,2024-03-22T00:15:12Z,20240322,2024,638,1.04,1265.48,35.2628,True,True,True,https://noaa-nws-rtofs-pds.s3.amazonaws.com/rtofs.20240322/rtofs_glo_3dz_f006_6hrly_hvr_US_east.nc
ARGO_GDAC,pfl,aoml/4903356/profiles/D4903356_216.nc|2024-03-22T00:15:12Z|28.22572|-88.94534,aoml/4903356/profiles/D4903356_216.nc,4903356,4903356,28.22572,-88.94534,2024-03-22T00:15:12Z,20240322,2024,773,0.6,99.92,35.52,True,True,True,https://noaa-nws-rtofs-pds.s3.amazonaws.com/rtofs.20240322/rtofs_glo_3dz_f006_6hrly_hvr_US_east.nc
ARGO_GDAC,pfl,aoml/4903356/profiles/D4903356_217.nc|2024-03-26T22:19:17Z|28.21809|-88.95637,aoml/4903356/profiles/D4903356_217.nc,4903356,4903356,28.21809,-88.95637,2024-03-26T22:19:17Z,20240326,2024,644,1.04,1277.04,44.3962,True,True,True,https://noaa-nws-rtofs-pds.s3.amazonaws.com/rtofs.20240326/rtofs_glo_3dz_f006_6hrly_hvr_US_east.nc
ARGO_GDAC,pfl,aoml/4903356/profiles/D4903356_217.nc|2024-03-26T22:19:17Z|28.21809|-88.95637,aoml/4903356/profiles/D4903356_217.nc,4903356,4903356,28.21809,-88.95637,2024-03-26T22:19:17Z,20240326,2024,740,0.72,100.0,45.0,True,True,True,https://noaa-nws-rtofs-pds.s3.amazonaws.com/rtofs.20240326/rtofs_glo_3dz_f006_6hrly_hvr_US_east.nc
ARGO_GDAC,pfl,aoml/4903356/profiles/D4903356_218.nc|2024-03-31T20:18:30Z|28.21092|-88.96948,aoml/4903356/profiles/D4903356_218.nc,4903356,4903356,28.21092,-88.96948,2024-03-31T20:18:30Z,20240331,2024,642,1.24,1273.24,50.0996,True,True,True,https://noaa-nws-rtofs-pds.s3.amazonaws.com/rtofs.20240331/rtofs_glo_3dz_f006_6hrly_hvr_US_east.nc
ARGO_GDAC,pfl,aoml/4903356/profiles/D4903356_218.nc|2024-03-31T20:18:30Z|28.21092|-88.96948,aoml/4903356/profiles/D4903356_218.nc,4903356,4903356,28.21092,-88.96948,2024-03-31T20:18:30Z,20240331,2024,796,1.0,99.92,50.3969,True,True,True,https://noaa-nws-rtofs-pds.s3.amazonaws.com/rtofs.20240331/rtofs_glo_3dz_f006_6hrly_hvr_US_east.nc
ARGO_GDAC,pfl,aoml/4903356/profiles/D4903356_219.nc|2024-04-05T18:19:13Z|28.20210|-88.96815,aoml/4903356/profiles/D4903356_219.nc,4903356,4903356,28.2021,-88.96815,2024-04-05T18:19:13Z,20240405,2024,642,1.04,1273.96,61.2457,True,True,True,https://noaa-nws-rtofs-pds.s3.amazonaws.com/rtofs.20240405/rtofs_glo_3dz_f006_6hrly_hvr_US_east.nc
ARGO_GDAC,pfl,aoml/4903356/profiles/D4903356_219.nc|2024-04-05T18:19:13Z|28.20210|-88.96815,aoml/4903356/profiles/D4903356_219.nc,4903356,4903356,28.2021,-88.96815,2024-04-05T18:19:13Z,20240405,2024,799,0.64,99.92,61.3709,True,True,True,https://noaa-nws-rtofs-pds.s3.amazonaws.com/rtofs.20240405/rtofs_glo_3dz_f006_6hrly_hvr_US_east.nc
ARGO_GDAC,pfl,aoml/4903356/profiles/D4903356_220.nc|2024-04-10T16:30:24Z|28.19615|-88.94953,aoml/4903356/profiles/D4903356_220.nc,4903356,4903356,28.19615,-88.94953,2024-04-10T16:30:24Z,20240410,2024,683,1.04,1355.68,25.8069,True,True,True,https://noaa-nws-rtofs-pds.s3.amazonaws.com/rtofs.20240410/rtofs_glo_3dz_f006_6hrly_hvr_US_east.nc
ARGO_GDAC,pfl,aoml/4903356/profiles/D4903356_220.nc|2024-04-10T16:30:24Z|28.19615|-88.94953,aoml/4903356/profiles/D4903356_220.nc,4903356,4903356,28.19615,-88.94953,2024-04-10T16:30:24Z,20240410,2024,808,0.72,99.96,24.9956,True,True,True,https://noaa-nws-rtofs-pds.s3.amazonaws.com/rtofs.20240410/rtofs_glo_3dz_f006_6hrly_hvr_US_east.nc
ARGO_GDAC,pfl,aoml/4903356/profiles/D4903356_221.nc|2024-04-15T14:41:03Z|28.19932|-88.92918,aoml/4903356/profiles/D4903356_221.nc,4903356,4903356,28.19932,-88.92918,2024-04-15T14:41:03Z,20240415,2024,669,0.96,1328.12,26.2901,True,True,True,https://noaa-nws-rtofs-pds.s3.amazonaws.com/rtofs.20240415/rtofs_glo_3dz_f006_6hrly_hvr_US_east.nc
ARGO_GDAC,pfl,aoml/4903356/profiles/D4903356_221.nc|2024-04-15T14:41:03Z|28.19932|-88.92918,aoml/4903356/profiles/D4903356_221.nc,4903356,4903356,28.19932,-88.92918,2024-04-15T14:41:03Z,20240415,2024,762,0.6,99.96,25.42,True,True,True,https://noaa-nws-rtofs-pds.s3.amazonaws.com/rtofs.20240415/rtofs_glo_3dz_f006_6hrly_hvr_US_east.nc
ARGO_GDAC,pfl,aoml/4903356/profiles/D4903356_222.nc|2024-04-20T12:50:16Z|28.20503|-88.92611,aoml/4903356/profiles/D4903356_222.nc,4903356,4903356,28.20503,-88.92611,2024-04-20T12:50:16Z,20240420,2024,662,1.04,1313.4,14.0328,True,True,True,https://noaa-nws-rtofs-pds.s3.amazonaws.com/rtofs.20240420/rtofs_glo_3dz_f006_6hrly_hvr_US_east.nc
ARGO_GDAC,pfl,aoml/4903356/profiles/D4903356_222.nc|2024-04-20T12:50:16Z|28.20503|-88.92611,aoml/4903356/profiles/D4903356_222.nc,4903356,4903356,28.20503,-88.92611,2024-04-20T12:50:16Z,20240420,2024,760,0.56,99.88,13.5023,True,True,True,https://noaa-nws-rtofs-pds.s3.amazonaws.com/rtofs.20240420/rtofs_glo_3dz_f006_6hrly_hvr_US_east.nc
ARGO_GDAC,pfl,aoml/4903356/profiles/D4903356_223.nc|2024-04-25T10:56:27Z|28.20786|-88.93059,aoml/4903356/profiles/D4903356_223.nc,4903356,4903356,28.20786,-88.93059,2024-04-25T10:56:27Z,20240425,2024,655,1.0,1299.12,19.5635,True,True,True,https://noaa-nws-rtofs-pds.s3.amazonaws.com/rtofs.20240425/rtofs_glo_3dz_f006_6hrly_hvr_US_east.nc
ARGO_GDAC,pfl,aoml/4903356/profiles/D4903356_223.nc|2024-04-25T10:56:27Z|28.20786|-88.93059,aoml/4903356/profiles/D4903356_223.nc,4903356,4903356,28.20786,-88.93059,2024-04-25T10:56:27Z,20240425,2024,827,0.56,99.96,19.2712,True,True,True,https://noaa-nws-rtofs-pds.s3.amazonaws.com/rtofs.20240425/rtofs_glo_3dz_f006_6hrly_hvr_US_east.nc
ARGO_GDAC,pfl,aoml/4903356/profiles/D4903356_224.nc|2024-04-30T09:02:48Z|28.20134|-88.93805,aoml/4903356/profiles/D4903356_224.nc,4903356,4903356,28.20134,-88.93805,2024-04-30T09:02:48Z,20240430,2024,653,1.0,1295.12,37.5883,True,True,True,https://noaa-nws-rtofs-pds.s3.amazonaws.com/rtofs.20240430/rtofs_glo_3dz_f006_6hrly_hvr_US_east.nc
ARGO_GDAC,pfl,aoml/4903356/profiles/D4903356_224.nc|2024-04-30T09:02:48Z|28.20134|-88.93805,aoml/4903356/profiles/D4903356_224.nc,4903356,4903356,28.20134,-88.93805,2024-04-30T09:02:48Z,20240430,2024,821,0.64,99.96,37.8693,True,True,True,https://noaa-nws-rtofs-pds.s3.amazonaws.com/rtofs.20240430/rtofs_glo_3dz_f006_6hrly_hvr_US_east.nc
ARGO_GDAC,pfl,aoml/4903356/profiles/D4903356_225.nc|2024-05-05T07:15:10Z|28.18713|-88.95023,aoml/4903356/profiles/D4903356_225.nc,4903356,4903356,28.18713,-88.95023,2024-05-05T07:15:10Z,20240505,2024,690,0.48,1367.4,17.5047,True,True,True,https://noaa-nws-rtofs-pds.s3.amazonaws.com/rtofs.20240505/rtofs_glo_3dz_f006_6hrly_hvr_US_east.nc
ARGO_GDAC,pfl,aoml/4903356/profiles/D4903356_225.nc|2024-05-05T07:15:10Z|28.18713|-88.95023,aoml/4903356/profiles/D4903356_225.nc,4903356,4903356,28.18713,-88.95023,2024-05-05T07:15:10Z,20240505,2024,778,0.48,99.96,17.71,True,True,True,https://noaa-nws-rtofs-pds.s3.amazonaws.com/rtofs.20240505/rtofs_glo_3dz_f006_6hrly_hvr_US_east.nc
ARGO_GDAC,pfl,aoml/4903356/profiles/D4903356_226.nc|2024-05-10T05:37:27Z|28.16990|-88.96008,aoml/4903356/profiles/D4903356_226.nc,4903356,4903356,28.1699,-88.96008,2024-05-10T05:37:27Z,20240510,2024,697,1.08,1384.28,23.3565,True,True,True,https://noaa-nws-rtofs-pds.s3.amazonaws.com/rtofs.20240510/rtofs_glo_3dz_f006_6hrly_hvr_US_east.nc
ARGO_GDAC,pfl,aoml/4903356/profiles/D4903356_226.nc|2024-05-10T05:37:27Z|28.16990|-88.96008,aoml/4903356/profiles/D4903356_226.nc,4903356,4903356,28.1699,-88.96008,2024-05-10T05:37:27Z,20240510,2024,860,0.72,100.0,23.0676,True,True,True,https://noaa-nws-rtofs-pds.s3.amazonaws.com/rtofs.20240510/rtofs_glo_3dz_f006_6hrly_hvr_US_east.nc
ARGO_GDAC,pfl,aoml/4903356/profiles/D4903356_227.nc|2024-05-15T03:54:24Z|28.14961|-88.96816,aoml/4903356/profiles/D4903356_227.nc,4903356,4903356,28.14961,-88.96816,2024-05-15T03:54:24Z,20240515,2024,699,0.48,1385.48,17.8819,True,True,True,https://noaa-nws-rtofs-pds.s3.amazonaws.com/rtofs.20240515/rtofs_glo_3dz_f006_6hrly_hvr_US_east.nc
ARGO_GDAC,pfl,aoml/4903356/profiles/D4903356_227.nc|2024-05-15T03:54:24Z|28.14961|-88.96816,aoml/4903356/profiles/D4903356_227.nc,4903356,4903356,28.14961,-88.96816,2024-05-15T03:54:24Z,20240515,2024,825,0.48,99.96,18.1833,True,True,True,https://noaa-nws-rtofs-pds.s3.amazonaws.com/rtofs.20240515/rtofs_glo_3dz_f006_6hrly_hvr_US_east.nc
ARGO_GDAC,pfl,aoml/4903356/profiles/D4903356_228.nc|2024-05-20T02:12:25Z|28.13045|-88.97086,aoml/4903356/profiles/D4903356_228.nc,4903356,4903356,28.13045,-88.97086,2024-05-20T02:12:25Z,20240520,2024,708,1.0,1405.76,15.2501,True,True,True,https://noaa-nws-rtofs-pds.s3.amazonaws.com/rtofs.20240520/rtofs_glo_3dz_f006_6hrly_hvr_US_east.nc
ARGO_GDAC,pfl,aoml/4903356/profiles/D4903356_228.nc|2024-05-20T02:12:25Z|28.13045|-88.97086,aoml/4903356/profiles/D4903356_228.nc,4903356,4903356,28.13045,-88.97086,2024-05-20T02:12:25Z,20240520,2024,846,0.52,99.96,15.792,True,True,True,https://noaa-nws-rtofs-pds.s3.amazonaws.com/rtofs.20240520/rtofs_glo_3dz_f006_6hrly_hvr_US_east.nc
ARGO_GDAC,pfl,aoml/4903356/profiles/D4903356_229.nc|2024-05-25T00:28:46Z|28.11614|-88.97310,aoml/4903356/profiles/D4903356_229.nc,4903356,4903356,28.11614,-88.9731,2024-05-25T00:28:46Z,20240525,2024,704,1.16,1397.28,18.1874,True,True,True,https://noaa-nws-rtofs-pds.s3.amazonaws.com/rtofs.20240525/rtofs_glo_3dz_f006_6hrly_hvr_US_east.nc
ARGO_GDAC,pfl,aoml/4903356/profiles/D4903356_229.nc|2024-05-25T00:28:46Z|28.11614|-88.97310,aoml/4903356/profiles/D4903356_229.nc,4903356,4903356,28.11614,-88.9731,2024-05-25T00:28:46Z,20240525,2024,953,0.92,99.96,18.03,True,True,True,https://noaa-nws-rtofs-pds.s3.amazonaws.com/rtofs.20240525/rtofs_glo_3dz_f006_6hrly_hvr_US_east.nc
ARGO_GDAC,pfl,aoml/4903356/profiles/D4903356_230.nc|2024-05-29T22:53:54Z|28.09390|-88.96709,aoml/4903356/profiles/D4903356_230.nc,4903356,4903356,28.0939,-88.96709,2024-05-29T22:53:54Z,20240529,2024,718,1.2,1425.12,11.4451,True,True,True,https://noaa-nws-rtofs-pds.s3.amazonaws.com/rtofs.20240529/rtofs_glo_3dz_f006_6hrly_hvr_US_east.nc
ARGO_GDAC,pfl,aoml/4903356/profiles/D4903356_230.nc|2024-05-29T22:53:54Z|28.09390|-88.96709,aoml/4903356/profiles/D4903356_230.nc,4903356,4903356,28.0939,-88.96709,2024-05-29T22:53:54Z,20240529,2024,1007,0.92,99.96,12.0319,True,True,True,https://noaa-nws-rtofs-pds.s3.amazonaws.com/rtofs.20240529/rtofs_glo_3dz_f006_6hrly_hvr_US_east.nc
ARGO_GDAC,pfl,aoml/4903356/profiles/D4903356_231.nc|2024-06-03T21:14:08Z|28.08421|-88.95648,aoml/4903356/profiles/D4903356_231.nc,4903356,4903356,28.08421,-88.95648,2024-06-03T21:14:08Z,20240603,2024,733,1.12,1455.64,10.8495,True,True,True,https://noaa-nws-rtofs-pds.s3.amazonaws.com/rtofs.20240603/rtofs_glo_3dz_f006_6hrly_hvr_US_east.nc
ARGO_GDAC,pfl,aoml/4903356/profiles/D4903356_231.nc|2024-06-03T21:14:08Z|28.08421|-88.95648,aoml/4903356/profiles/D4903356_231.nc,4903356,4903356,28.08421,-88.95648,2024-06-03T21:14:08Z,20240603,2024,925,0.76,99.92,11.4016,True,True,True,https://noaa-nws-rtofs-pds.s3.amazonaws.com/rtofs.20240603/rtofs_glo_3dz_f006_6hrly_hvr_US_east.nc
ARGO_GDAC,pfl,aoml/4903356/profiles/D4903356_232.nc|2024-06-08T19:44:18Z|28.09447|-88.95709,aoml/4903356/profiles/D4903356_232.nc,4903356,4903356,28.09447,-88.95709,2024-06-08T19:44:18Z,20240608,2024,738,1.04,1465.08,13.1138,True,True,True,https://noaa-nws-rtofs-pds.s3.amazonaws.com/rtofs.20240608/rtofs_glo_3dz_f006_6hrly_hvr_US_east.nc
ARGO_GDAC,pfl,aoml/4903356/profiles/D4903356_232.nc|2024-06-08T19:44:18Z|28.09447|-88.95709,aoml/4903356/profiles/D4903356_232.nc,4903356,4903356,28.09447,-88.95709,2024-06-08T19:44:18Z,20240608,2024,872,0.64,99.88,12.9556,True,True,True,https://noaa-nws-rtofs-pds.s3.amazonaws.com/rtofs.20240608/rtofs_glo_3dz_f006_6hrly_hvr_US_east.nc
ARGO_GDAC,pfl,aoml/4903356/profiles/D4903356_233.nc|2024-06-13T18:08:32Z|28.10452|-88.97339,aoml/4903356/profiles/D4903356_233.nc,4903356,4903356,28.10452,-88.97339,2024-06-13T18:08:32Z,20240613,2024,731,1.16,1451.08,11.3017,True,True,True,https://noaa-nws-rtofs-pds.s3.amazonaws.com/rtofs.20240613/rtofs_glo_3dz_f006_6hrly_hvr_US_east.nc
ARGO_GDAC,pfl,aoml/4903356/profiles/D4903356_233.nc|2024-06-13T18:08:32Z|28.10452|-88.97339,aoml/4903356/profiles/D4903356_233.nc,4903356,4903356,28.10452,-88.97339,2024-06-13T18:08:32Z,20240613,2024,846,0.84,99.96,11.28,True,True,True,https://noaa-nws-rtofs-pds.s3.amazonaws.com/rtofs.20240613/rtofs_glo_3dz_f006_6hrly_hvr_US_east.nc
ARGO_GDAC,pfl,aoml/4903356/profiles/D4903356_234.nc|2024-06-18T16:24:46Z|28.10714|-88.99284,aoml/4903356/profiles/D4903356_234.nc,4903356,4903356,28.10714,-88.99284,2024-06-18T16:24:46Z,20240618,2024,701,1.04,1391.44,20.4824,True,True,True,https://noaa-nws-rtofs-pds.s3.amazonaws.com/rtofs.20240618/rtofs_glo_3dz_f006_6hrly_hvr_US_east.nc
ARGO_GDAC,pfl,aoml/4903356/profiles/D4903356_234.nc|2024-06-18T16:24:46Z|28.10714|-88.99284,aoml/4903356/profiles/D4903356_234.nc,4903356,4903356,28.10714,-88.99284,2024-06-18T16:24:46Z,20240618,2024,866,0.68,100.0,20.726,True,True,True,https://noaa-nws-rtofs-pds.s3.amazonaws.com/rtofs.20240618/rtofs_glo_3dz_f006_6hrly_hvr_US_east.nc
ARGO_GDAC,pfl,aoml/4903356/profiles/D4903356_235.nc|2024-06-23T14:40:34Z|28.10569|-89.00971,aoml/4903356/profiles/D4903356_235.nc,4903356,4903356,28.10569,-89.00971,2024-06-23T14:40:34Z,20240623,2024,667,1.12,1323.84,26.6409,True,True,True,https://noaa-nws-rtofs-pds.s3.amazonaws.com/rtofs.20240623/rtofs_glo_3dz_f006_6hrly_hvr_US_east.nc
ARGO_GDAC,pfl,aoml/4903356/profiles/D4903356_235.nc|2024-06-23T14:40:34Z|28.10569|-89.00971,aoml/4903356/profiles/D4903356_235.nc,4903356,4903356,28.10569,-89.00971,2024-06-23T14:40:34Z,20240623,2024,850,0.8,99.88,27.4353,True,True,True,https://noaa-nws-rtofs-pds.s3.amazonaws.com/rtofs.20240623/rtofs_glo_3dz_f006_6hrly_hvr_US_east.nc
ARGO_GDAC,pfl,aoml/4903356/profiles/D4903356_236.nc|2024-06-28T12:53:04Z|28.09985|-89.02245,aoml/4903356/profiles/D4903356_236.nc,4903356,4903356,28.09985,-89.02245,2024-06-28T12:53:04Z,20240628,2024,668,1.0,1326.48,15.7296,True,True,True,https://noaa-nws-rtofs-pds.s3.amazonaws.com/rtofs.20240628/rtofs_glo_3dz_f006_6hrly_hvr_US_east.nc
ARGO_GDAC,pfl,aoml/4903356/profiles/D4903356_236.nc|2024-06-28T12:53:04Z|28.09985|-89.02245,aoml/4903356/profiles/D4903356_236.nc,4903356,4903356,28.09985,-89.02245,2024-06-28T12:53:04Z,20240628,2024,888,0.56,99.88,14.0,True,True,True,https://noaa-nws-rtofs-pds.s3.amazonaws.com/rtofs.20240628/rtofs_glo_3dz_f006_6hrly_hvr_US_east.nc
ARGO_GDAC,pfl,aoml/4903356/profiles/D4903356_237.nc|2024-07-03T11:07:54Z|28.10070|-89.02825,aoml/4903356/profiles/D4903356_237.nc,4903356,4903356,28.1007,-89.02825,2024-07-03T11:07:54Z,20240703,2024,671,1.0,1331.68,11.8504,True,True,True,https://noaa-nws-rtofs-pds.s3.amazonaws.com/rtofs.20240703/rtofs_glo_3dz_f006_6hrly_hvr_US_east.nc
ARGO_GDAC,pfl,aoml/4903356/profiles/D4903356_237.nc|2024-07-03T11:07:54Z|28.10070|-89.02825,aoml/4903356/profiles/D4903356_237.nc,4903356,4903356,28.1007,-89.02825,2024-07-03T11:07:54Z,20240703,2024,841,0.52,99.96,11.5486,True,True,True,https://noaa-nws-rtofs-pds.s3.amazonaws.com/rtofs.20240703/rtofs_glo_3dz_f006_6hrly_hvr_US_east.nc
ARGO_GDAC,pfl,aoml/4903356/profiles/D4903356_238.nc|2024-07-08T09:22:15Z|28.10548|-89.03571,aoml/4903356/profiles/D4903356_238.nc,4903356,4903356,28.10548,-89.03571,2024-07-08T09:22:15Z,20240708,2024,666,1.12,1322.28,11.018,True,True,True,https://noaa-nws-rtofs-pds.s3.amazonaws.com/rtofs.20240708/rtofs_glo_3dz_f006_6hrly_hvr_US_east.nc
ARGO_GDAC,pfl,aoml/4903356/profiles/D4903356_238.nc|2024-07-08T09:22:15Z|28.10548|-89.03571,aoml/4903356/profiles/D4903356_238.nc,4903356,4903356,28.10548,-89.03571,2024-07-08T09:22:15Z,20240708,2024,868,0.72,99.96,10.37,True,True,True,https://noaa-nws-rtofs-pds.s3.amazonaws.com/rtofs.20240708/rtofs_glo_3dz_f006_6hrly_hvr_US_east.nc
ARGO_GDAC,pfl,aoml/4903356/profiles/D4903356_239.nc|2024-07-13T07:32:51Z|28.11353|-89.04770,aoml/4903356/profiles/D4903356_239.nc,4903356,4903356,28.11353,-89.0477,2024-07-13T07:32:51Z,20240713,2024,660,0.96,1309.48,14.9878,True,True,True,https://noaa-nws-rtofs-pds.s3.amazonaws.com/rtofs.20240713/rtofs_glo_3dz_f006_6hrly_hvr_US_east.nc
ARGO_GDAC,pfl,aoml/4903356/profiles/D4903356_239.nc|2024-07-13T07:32:51Z|28.11353|-89.04770,aoml/4903356/profiles/D4903356_239.nc,4903356,4903356,28.11353,-89.0477,2024-07-13T07:32:51Z,20240713,2024,846,0.64,99.88,13.5999,True,True,True,https://noaa-nws-rtofs-pds.s3.amazonaws.com/rtofs.20240713/rtofs_glo_3dz_f006_6hrly_hvr_US_east.nc
ARGO_GDAC,pfl,aoml/4903356/profiles/D4903356_240.nc|2024-07-18T05:33:59Z|28.12511|-89.06919,aoml/4903356/profiles/D4903356_240.nc,4903356,4903356,28.12511,-89.06919,2024-07-18T05:33:59Z,20240718,2024,648,1.08,1285.36,11.8727,True,True,True,https://noaa-nws-rtofs-pds.s3.amazonaws.com/rtofs.20240718/rtofs_glo_3dz_f006_6hrly_hvr_US_east.nc
ARGO_GDAC,pfl,aoml/4903356/profiles/D4903356_240.nc|2024-07-18T05:33:59Z|28.12511|-89.06919,aoml/4903356/profiles/D4903356_240.nc,4903356,4903356,28.12511,-89.06919,2024-07-18T05:33:59Z,20240718,2024,845,0.68,99.88,11.743,True,True,True,https://noaa-nws-rtofs-pds.s3.amazonaws.com/rtofs.20240718/rtofs_glo_3dz_f006_6hrly_hvr_US_east.nc
ARGO_GDAC,pfl,aoml/4903356/profiles/D4903356_241.nc|2024-07-23T03:34:38Z|28.13147|-89.09940,aoml/4903356/profiles/D4903356_241.nc,4903356,4903356,28.13147,-89.0994,2024-07-23T03:34:38Z,20240723,2024,623,1.04,1235.32,21.654,True,True,True,https://noaa-nws-rtofs-pds.s3.amazonaws.com/rtofs.20240723/rtofs_glo_3dz_f006_6hrly_hvr_US_east.nc
ARGO_GDAC,pfl,aoml/4903356/profiles/D4903356_241.nc|2024-07-23T03:34:38Z|28.13147|-89.09940,aoml/4903356/profiles/D4903356_241.nc,4903356,4903356,28.13147,-89.0994,2024-07-23T03:34:38Z,20240723,2024,932,0.56,99.96,22.04,True,True,True,https://noaa-nws-rtofs-pds.s3.amazonaws.com/rtofs.20240723/rtofs_glo_3dz_f006_6hrly_hvr_US_east.nc
ARGO_GDAC,pfl,aoml/4903356/profiles/D4903356_242.nc|2024-07-28T01:26:49Z|28.13020|-89.12743,aoml/4903356/profiles/D4903356_242.nc,4903356,4903356,28.1302,-89.12743,2024-07-28T01:26:49Z,20240728,2024,587,1.04,1163.44,20.9652,True,True,True,https://noaa-nws-rtofs-pds.s3.amazonaws.com/rtofs.20240728/rtofs_glo_3dz_f006_6hrly_hvr_US_east.nc
ARGO_GDAC,pfl,aoml/4903356/profiles/D4903356_242.nc|2024-07-28T01:26:49Z|28.13020|-89.12743,aoml/4903356/profiles/D4903356_242.nc,4903356,4903356,28.1302,-89.12743,2024-07-28T01:26:49Z,20240728,2024,867,0.64,99.96,20.7576,True,True,True,https://noaa-nws-rtofs-pds.s3.amazonaws.com/rtofs.20240728/rtofs_glo_3dz_f006_6hrly_hvr_US_east.nc
ARGO_GDAC,pfl,aoml/4903356/profiles/D4903356_243.nc|2024-08-01T23:16:08Z|28.14359|-89.13271,aoml/4903356/profiles/D4903356_243.nc,4903356,4903356,28.14359,-89.13271,2024-08-01T23:16:08Z,20240801,2024,566,1.04,1121.72,14.1058,True,True,True,https://noaa-nws-rtofs-pds.s3.amazonaws.com/rtofs.20240801/rtofs_glo_3dz_f006_6hrly_hvr_US_east.nc
ARGO_GDAC,pfl,aoml/4903356/profiles/D4903356_243.nc|2024-08-01T23:16:08Z|28.14359|-89.13271,aoml/4903356/profiles/D4903356_243.nc,4903356,4903356,28.14359,-89.13271,2024-08-01T23:16:08Z,20240801,2024,903,0.6,99.92,14.1645,True,True,True,https://noaa-nws-rtofs-pds.s3.amazonaws.com/rtofs.20240801/rtofs_glo_3dz_f006_6hrly_hvr_US_east.nc
ARGO_GDAC,pfl,aoml/4903356/profiles/D4903356_244.nc|2024-08-06T21:00:49Z|28.15346|-89.15497,aoml/4903356/profiles/D4903356_244.nc,4903356,4903356,28.15346,-89.15497,2024-08-06T21:00:49Z,20240806,2024,562,1.04,1113.04,14.4234,True,True,True,https://noaa-nws-rtofs-pds.s3.amazonaws.com/rtofs.20240806/rtofs_glo_3dz_f006_6hrly_hvr_US_east.nc
ARGO_GDAC,pfl,aoml/4903356/profiles/D4903356_244.nc|2024-08-06T21:00:49Z|28.15346|-89.15497,aoml/4903356/profiles/D4903356_244.nc,4903356,4903356,28.15346,-89.15497,2024-08-06T21:00:49Z,20240806,2024,986,0.68,99.92,14.392,True,True,True,https://noaa-nws-rtofs-pds.s3.amazonaws.com/rtofs.20240806/rtofs_glo_3dz_f006_6hrly_hvr_US_east.nc
ARGO_GDAC,pfl,aoml/4903356/profiles/D4903356_245.nc|2024-08-11T18:33:31Z|28.13778|-89.18269,aoml/4903356/profiles/D4903356_245.nc,4903356,4903356,28.13778,-89.18269,2024-08-11T18:33:31Z,20240811,2024,523,0.48,1033.12,18.6771,True,True,True,https://noaa-nws-rtofs-pds.s3.amazonaws.com/rtofs.20240811/rtofs_glo_3dz_f006_6hrly_hvr_US_east.nc
ARGO_GDAC,pfl,aoml/4903356/profiles/D4903356_245.nc|2024-08-11T18:33:31Z|28.13778|-89.18269,aoml/4903356/profiles/D4903356_245.nc,4903356,4903356,28.13778,-89.18269,2024-08-11T18:33:31Z,20240811,2024,821,0.48,99.92,19.08,True,True,True,https://noaa-nws-rtofs-pds.s3.amazonaws.com/rtofs.20240811/rtofs_glo_3dz_f006_6hrly_hvr_US_east.nc
ARGO_GDAC,pfl,aoml/4903356/profiles/D4903356_246.nc|2024-08-16T15:47:24Z|28.10995|-89.18387,aoml/4903356/profiles/D4903356_246.nc,4903356,4903356,28.10995,-89.18387,2024-08-16T15:47:24Z,20240816,2024,507,1.08,1005.0,13.2703,True,True,True,https://noaa-nws-rtofs-pds.s3.amazonaws.com/rtofs.20240816/rtofs_glo_3dz_f006_6hrly_hvr_US_east.nc
ARGO_GDAC,pfl,aoml/4903356/profiles/D4903356_246.nc|2024-08-16T15:47:24Z|28.10995|-89.18387,aoml/4903356/profiles/D4903356_246.nc,4903356,4903356,28.10995,-89.18387,2024-08-16T15:47:24Z,20240816,2024,863,0.68,99.88,12.84,True,True,True,https://noaa-nws-rtofs-pds.s3.amazonaws.com/rtofs.20240816/rtofs_glo_3dz_f006_6hrly_hvr_US_east.nc
ARGO_GDAC,pfl,aoml/4903356/profiles/D4903356_247.nc|2024-08-21T13:22:09Z|28.08465|-89.17942,aoml/4903356/profiles/D4903356_247.nc,4903356,4903356,28.08465,-89.17942,2024-08-21T13:22:09Z,20240821,2024,521,1.0,1032.6,15.2078,True,True,True,https://noaa-nws-rtofs-pds.s3.amazonaws.com/rtofs.20240821/rtofs_glo_3dz_f006_6hrly_hvr_US_east.nc
ARGO_GDAC,pfl,aoml/4903356/profiles/D4903356_247.nc|2024-08-21T13:22:09Z|28.08465|-89.17942,aoml/4903356/profiles/D4903356_247.nc,4903356,4903356,28.08465,-89.17942,2024-08-21T13:22:09Z,20240821,2024,1014,0.64,99.92,15.4638,True,True,True,https://noaa-nws-rtofs-pds.s3.amazonaws.com/rtofs.20240821/rtofs_glo_3dz_f006_6hrly_hvr_US_east.nc
ARGO_GDAC,pfl,aoml/4903356/profiles/D4903356_248.nc|2024-08-26T10:53:40Z|28.06764|-89.19748,aoml/4903356/profiles/D4903356_248.nc,4903356,4903356,28.06764,-89.19748,2024-08-26T10:53:40Z,20240826,2024,541,1.12,1071.24,13.3778,True,True,True,https://noaa-nws-rtofs-pds.s3.amazonaws.com/rtofs.20240826/rtofs_glo_3dz_f006_6hrly_hvr_US_east.nc
ARGO_GDAC,pfl,aoml/4903356/profiles/D4903356_248.nc|2024-08-26T10:53:40Z|28.06764|-89.19748,aoml/4903356/profiles/D4903356_248.nc,4903356,4903356,28.06764,-89.19748,2024-08-26T10:53:40Z,20240826,2024,930,0.72,100.0,13.5877,True,True,True,https://noaa-nws-rtofs-pds.s3.amazonaws.com/rtofs.20240826/rtofs_glo_3dz_f006_6hrly_hvr_US_east.nc
ARGO_GDAC,pfl,aoml/4903356/profiles/D4903356_249.nc|2024-08-31T08:50:48Z|28.05066|-89.21103,aoml/4903356/profiles/D4903356_249.nc,4903356,4903356,28.05066,-89.21103,2024-08-31T08:50:48Z,20240831,2024,605,1.2,1199.24,13.3768,True,True,True,https://noaa-nws-rtofs-pds.s3.amazonaws.com/rtofs.20240831/rtofs_glo_3dz_f006_6hrly_hvr_US_east.nc
ARGO_GDAC,pfl,aoml/4903356/profiles/D4903356_249.nc|2024-08-31T08:50:48Z|28.05066|-89.21103,aoml/4903356/profiles/D4903356_249.nc,4903356,4903356,28.05066,-89.21103,2024-08-31T08:50:48Z,20240831,2024,1006,0.88,99.96,13.8,True,True,True,https://noaa-nws-rtofs-pds.s3.amazonaws.com/rtofs.20240831/rtofs_glo_3dz_f006_6hrly_hvr_US_east.nc
ARGO_GDAC,pfl,aoml/4903356/profiles/D4903356_250.nc|2024-09-05T06:54:07Z|28.03778|-89.19517,aoml/4903356/profiles/D4903356_250.nc,4903356,4903356,28.03778,-89.19517,2024-09-05T06:54:07Z,20240905,2024,620,1.04,1230.04,17.5738,True,True,True,https://noaa-nws-rtofs-pds.s3.amazonaws.com/rtofs.20240905/rtofs_glo_3dz_f006_6hrly_hvr_US_east.nc
ARGO_GDAC,pfl,aoml/4903356/profiles/D4903356_250.nc|2024-09-05T06:54:07Z|28.03778|-89.19517,aoml/4903356/profiles/D4903356_250.nc,4903356,4903356,28.03778,-89.19517,2024-09-05T06:54:07Z,20240905,2024,944,0.68,100.0,17.6001,True,True,True,https://noaa-nws-rtofs-pds.s3.amazonaws.com/rtofs.20240905/rtofs_glo_3dz_f006_6hrly_hvr_US_east.nc
ARGO_GDAC,pfl,aoml/4903356/profiles/D4903356_251.nc|2024-09-10T04:49:46Z|28.02499|-89.18233,aoml/4903356/profiles/D4903356_251.nc,4903356,4903356,28.02499,-89.18233,2024-09-10T04:49:46Z,20240910,2024,614,1.0,1217.6,21.0842,True,True,True,https://noaa-nws-rtofs-pds.s3.amazonaws.com/rtofs.20240910/rtofs_glo_3dz_f006_6hrly_hvr_US_east.nc
ARGO_GDAC,pfl,aoml/4903356/profiles/D4903356_251.nc|2024-09-10T04:49:46Z|28.02499|-89.18233,aoml/4903356/profiles/D4903356_251.nc,4903356,4903356,28.02499,-89.18233,2024-09-10T04:49:46Z,20240910,2024,941,0.68,99.92,22.2933,True,True,True,https://noaa-nws-rtofs-pds.s3.amazonaws.com/rtofs.20240910/rtofs_glo_3dz_f006_6hrly_hvr_US_east.nc
ARGO_GDAC,pfl,aoml/4903356/profiles/D4903356_252.nc|2024-09-15T02:50:41Z|28.00920|-89.19067,aoml/4903356/profiles/D4903356_252.nc,4903356,4903356,28.0092,-89.19067,2024-09-15T02:50:41Z,20240915,2024,626,1.08,1241.64,16.6793,True,True,True,https://noaa-nws-rtofs-pds.s3.amazonaws.com/rtofs.20240915/rtofs_glo_3dz_f006_6hrly_hvr_US_east.nc
ARGO_GDAC,pfl,aoml/4903356/profiles/D4903356_252.nc|2024-09-15T02:50:41Z|28.00920|-89.19067,aoml/4903356/profiles/D4903356_252.nc,4903356,4903356,28.0092,-89.19067,2024-09-15T02:50:41Z,20240915,2024,948,0.68,99.96,16.4606,True,True,True,https://noaa-nws-rtofs-pds.s3.amazonaws.com/rtofs.20240915/rtofs_glo_3dz_f006_6hrly_hvr_US_east.nc
ARGO_GDAC,pfl,aoml/4903356/profiles/D4903356_253.nc|2024-09-20T00:59:47Z|27.99574|-89.20412,aoml/4903356/profiles/D4903356_253.nc,4903356,4903356,27.99574,-89.20412,2024-09-20T00:59:47Z,20240920,2024,659,1.12,1308.16,26.6435,True,True,True,https://noaa-nws-rtofs-pds.s3.amazonaws.com/rtofs.20240920/rtofs_glo_3dz_f006_6hrly_hvr_US_east.nc
ARGO_GDAC,pfl,aoml/4903356/profiles/D4903356_253.nc|2024-09-20T00:59:47Z|27.99574|-89.20412,aoml/4903356/profiles/D4903356_253.nc,4903356,4903356,27.99574,-89.20412,2024-09-20T00:59:47Z,20240920,2024,955,0.68,99.92,27.2007,True,True,True,https://noaa-nws-rtofs-pds.s3.amazonaws.com/rtofs.20240920/rtofs_glo_3dz_f006_6hrly_hvr_US_east.nc
ARGO_GDAC,pfl,aoml/4903356/profiles/D4903356_254.nc|2024-09-24T23:09:16Z|27.97716|-89.21807,aoml/4903356/profiles/D4903356_254.nc,4903356,4903356,27.97716,-89.21807,2024-09-24T23:09:16Z,20240924,2024,671,1.16,1331.04,23.3808,True,True,True,https://noaa-nws-rtofs-pds.s3.amazonaws.com/rtofs.20240924/rtofs_glo_3dz_f006_6hrly_hvr_US_east.nc
ARGO_GDAC,pfl,aoml/4903356/profiles/D4903356_254.nc|2024-09-24T23:09:16Z|27.97716|-89.21807,aoml/4903356/profiles/D4903356_254.nc,4903356,4903356,27.97716,-89.21807,2024-09-24T23:09:16Z,20240924,2024,993,0.88,99.96,20.5,True,True,True,https://noaa-nws-rtofs-pds.s3.amazonaws.com/rtofs.20240924/rtofs_glo_3dz_f006_6hrly_hvr_US_east.nc
ARGO_GDAC,pfl,aoml/4903356/profiles/D4903356_255.nc|2024-09-29T21:21:13Z|27.96041|-89.24142,aoml/4903356/profiles/D4903356_255.nc,4903356,4903356,27.96041,-89.24142,2024-09-29T21:21:13Z,20240929,2024,681,1.12,1352.44,27.0549,True,True,True,https://noaa-nws-rtofs-pds.s3.amazonaws.com/rtofs.20240929/rtofs_glo_3dz_f006_6hrly_hvr_US_east.nc
ARGO_GDAC,pfl,aoml/4903356/profiles/D4903356_255.nc|2024-09-29T21:21:13Z|27.96041|-89.24142,aoml/4903356/profiles/D4903356_255.nc,4903356,4903356,27.96041,-89.24142,2024-09-29T21:21:13Z,20240929,2024,879,0.76,99.96,26.8964,True,True,True,https://noaa-nws-rtofs-pds.s3.amazonaws.com/rtofs.20240929/rtofs_glo_3dz_f006_6hrly_hvr_US_east.nc
ARGO_GDAC,pfl,aoml/4903356/profiles/D4903356_256.nc|2024-10-04T19:35:44Z|27.93977|-89.26053,aoml/4903356/profiles/D4903356_256.nc,4903356,4903356,27.93977,-89.26053,2024-10-04T19:35:44Z,20241004,2024,677,1.04,1343.2,29.3695,True,True,True,https://noaa-nws-rtofs-pds.s3.amazonaws.com/rtofs.20241004/rtofs_glo_3dz_f006_6hrly_hvr_US_east.nc
ARGO_GDAC,pfl,aoml/4903356/profiles/D4903356_256.nc|2024-10-04T19:35:44Z|27.93977|-89.26053,aoml/4903356/profiles/D4903356_256.nc,4903356,4903356,27.93977,-89.26053,2024-10-04T19:35:44Z,20241004,2024,849,0.6,99.96,29.3815,True,True,True,https://noaa-nws-rtofs-pds.s3.amazonaws.com/rtofs.20241004/rtofs_glo_3dz_f006_6hrly_hvr_US_east.nc
ARGO_GDAC,pfl,aoml/4903356/profiles/D4903356_257.nc|2024-10-09T17:53:49Z|27.92303|-89.28081,aoml/4903356/profiles/D4903356_257.nc,4903356,4903356,27.92303,-89.28081,2024-10-09T17:53:49Z,20241009,2024,670,1.08,1329.76,44.5185,True,True,True,https://noaa-nws-rtofs-pds.s3.amazonaws.com/rtofs.20241009/rtofs_glo_3dz_f006_6hrly_hvr_US_east.nc
ARGO_GDAC,pfl,aoml/4903356/profiles/D4903356_257.nc|2024-10-09T17:53:49Z|27.92303|-89.28081,aoml/4903356/profiles/D4903356_257.nc,4903356,4903356,27.92303,-89.28081,2024-10-09T17:53:49Z,20241009,2024,934,0.72,99.96,44.2788,True,True,True,https://noaa-nws-rtofs-pds.s3.amazonaws.com/rtofs.20241009/rtofs_glo_3dz_f006_6hrly_hvr_US_east.nc
ARGO_GDAC,pfl,aoml/4903356/profiles/D4903356_258.nc|2024-10-14T16:05:49Z|27.91362|-89.30725,aoml/4903356/profiles/D4903356_258.nc,4903356,4903356,27.91362,-89.30725,2024-10-14T16:05:49Z,20241014,2024,667,1.04,1323.64,24.8044,True,True,True,https://noaa-nws-rtofs-pds.s3.amazonaws.com/rtofs.20241014/rtofs_glo_3dz_f006_6hrly_hvr_US_east.nc
ARGO_GDAC,pfl,aoml/4903356/profiles/D4903356_258.nc|2024-10-14T16:05:49Z|27.91362|-89.30725,aoml/4903356/profiles/D4903356_258.nc,4903356,4903356,27.91362,-89.30725,2024-10-14T16:05:49Z,20241014,2024,893,0.64,99.88,24.4,True,True,True,https://noaa-nws-rtofs-pds.s3.amazonaws.com/rtofs.20241014/rtofs_glo_3dz_f006_6hrly_hvr_US_east.nc
ARGO_GDAC,pfl,aoml/4903356/profiles/D4903356_259.nc|2024-10-19T14:22:31Z|27.90353|-89.32107,aoml/4903356/profiles/D4903356_259.nc,4903356,4903356,27.90353,-89.32107,2024-10-19T14:22:31Z,20241019,2024,671,1.08,1331.28,52.7567,True,True,True,https://noaa-nws-rtofs-pds.s3.amazonaws.com/rtofs.20241019/rtofs_glo_3dz_f006_6hrly_hvr_US_east.nc
ARGO_GDAC,pfl,aoml/4903356/profiles/D4903356_259.nc|2024-10-19T14:22:31Z|27.90353|-89.32107,aoml/4903356/profiles/D4903356_259.nc,4903356,4903356,27.90353,-89.32107,2024-10-19T14:22:31Z,20241019,2024,867,0.72,99.88,43.552,True,True,True,https://noaa-nws-rtofs-pds.s3.amazonaws.com/rtofs.20241019/rtofs_glo_3dz_f006_6hrly_hvr_US_east.nc
ARGO_GDAC,pfl,aoml/4903356/profiles/D4903356_260.nc|2024-10-24T12:29:27Z|27.89910|-89.33122,aoml/4903356/profiles/D4903356_260.nc,4903356,4903356,27.8991,-89.33122,2024-10-24T12:29:27Z,20241024,2024,669,0.96,1327.36,33.428,True,True,True,https://noaa-nws-rtofs-pds.s3.amazonaws.com/rtofs.20241024/rtofs_glo_3dz_f006_6hrly_hvr_US_east.nc
ARGO_GDAC,pfl,aoml/4903356/profiles/D4903356_260.nc|2024-10-24T12:29:27Z|27.89910|-89.33122,aoml/4903356/profiles/D4903356_260.nc,4903356,4903356,27.8991,-89.33122,2024-10-24T12:29:27Z,20241024,2024,804,0.56,99.84,32.88,True,True,True,https://noaa-nws-rtofs-pds.s3.amazonaws.com/rtofs.20241024/rtofs_glo_3dz_f006_6hrly_hvr_US_east.nc
ARGO_GDAC,pfl,aoml/4903356/profiles/D4903356_261.nc|2024-10-29T10:43:51Z|27.89484|-89.33923,aoml/4903356/profiles/D4903356_261.nc,4903356,4903356,27.89484,-89.33923,2024-10-29T10:43:51Z,20241029,2024,672,0.48,1332.36,51.2552,True,True,True,https://noaa-nws-rtofs-pds.s3.amazonaws.com/rtofs.20241029/rtofs_glo_3dz_f006_6hrly_hvr_US_east.nc
ARGO_GDAC,pfl,aoml/4903356/profiles/D4903356_261.nc|2024-10-29T10:43:51Z|27.89484|-89.33923,aoml/4903356/profiles/D4903356_261.nc,4903356,4903356,27.89484,-89.33923,2024-10-29T10:43:51Z,20241029,2024,889,0.48,100.0,51.3296,True,True,True,https://noaa-nws-rtofs-pds.s3.amazonaws.com/rtofs.20241029/rtofs_glo_3dz_f006_6hrly_hvr_US_east.nc
ARGO_GDAC,pfl,aoml/4903356/profiles/D4903356_262.nc|2024-11-03T08:53:15Z|27.87721|-89.35327,aoml/4903356/profiles/D4903356_262.nc,4903356,4903356,27.87721,-89.35327,2024-11-03T08:53:15Z,20241103,2024,675,1.08,1339.04,42.6944,True,True,True,https://noaa-nws-rtofs-pds.s3.amazonaws.com/rtofs.20241103/rtofs_glo_3dz_f006_6hrly_hvr_US_east.nc
ARGO_GDAC,pfl,aoml/4903356/profiles/D4903356_262.nc|2024-11-03T08:53:15Z|27.87721|-89.35327,aoml/4903356/profiles/D4903356_262.nc,4903356,4903356,27.87721,-89.35327,2024-11-03T08:53:15Z,20241103,2024,821,0.68,99.96,43.2471,True,True,True,https://noaa-nws-rtofs-pds.s3.amazonaws.com/rtofs.20241103/rtofs_glo_3dz_f006_6hrly_hvr_US_east.nc
ARGO_GDAC,pfl,aoml/4903356/profiles/D4903356_263.nc|2024-11-08T07:01:55Z|27.85663|-89.37670,aoml/4903356/profiles/D4903356_263.nc,4903356,4903356,27.85663,-89.3767,2024-11-08T07:01:55Z,20241108,2024,669,1.12,1327.16,30.7432,True,True,True,https://noaa-nws-rtofs-pds.s3.amazonaws.com/rtofs.20241108/rtofs_glo_3dz_f006_6hrly_hvr_US_east.nc
ARGO_GDAC,pfl,aoml/4903356/profiles/D4903356_263.nc|2024-11-08T07:01:55Z|27.85663|-89.37670,aoml/4903356/profiles/D4903356_263.nc,4903356,4903356,27.85663,-89.3767,2024-11-08T07:01:55Z,20241108,2024,846,0.8,99.88,31.516,True,True,True,https://noaa-nws-rtofs-pds.s3.amazonaws.com/rtofs.20241108/rtofs_glo_3dz_f006_6hrly_hvr_US_east.nc
ARGO_GDAC,pfl,aoml/4903356/profiles/D4903356_264.nc|2024-11-13T05:16:21Z|27.85386|-89.40380,aoml/4903356/profiles/D4903356_264.nc,4903356,4903356,27.85386,-89.4038,2024-11-13T05:16:21Z,20241113,2024,651,1.0,1291.08,37.51,True,True,True,https://noaa-nws-rtofs-pds.s3.amazonaws.com/rtofs.20241113/rtofs_glo_3dz_f006_6hrly_hvr_US_east.nc
ARGO_GDAC,pfl,aoml/4903356/profiles/D4903356_264.nc|2024-11-13T05:16:21Z|27.85386|-89.40380,aoml/4903356/profiles/D4903356_264.nc,4903356,4903356,27.85386,-89.4038,2024-11-13T05:16:21Z,20241113,2024,842,0.56,99.96,36.8866,True,True,True,https://noaa-nws-rtofs-pds.s3.amazonaws.com/rtofs.20241113/rtofs_glo_3dz_f006_6hrly_hvr_US_east.nc
ARGO_GDAC,pfl,aoml/4903356/profiles/D4903356_265.nc|2024-11-18T03:17:48Z|27.85604|-89.42812,aoml/4903356/profiles/D4903356_265.nc,4903356,4903356,27.85604,-89.42812,2024-11-18T03:17:48Z,20241118,2024,631,0.48,1249.72,54.9979,True,True,True,https://noaa-nws-rtofs-pds.s3.amazonaws.com/rtofs.20241118/rtofs_glo_3dz_f006_6hrly_hvr_US_east.nc
ARGO_GDAC,pfl,aoml/4903356/profiles/D4903356_265.nc|2024-11-18T03:17:48Z|27.85604|-89.42812,aoml/4903356/profiles/D4903356_265.nc,4903356,4903356,27.85604,-89.42812,2024-11-18T03:17:48Z,20241118,2024,789,0.48,99.96,55.502,True,True,True,https://noaa-nws-rtofs-pds.s3.amazonaws.com/rtofs.20241118/rtofs_glo_3dz_f006_6hrly_hvr_US_east.nc
ARGO_GDAC,pfl,aoml/4903356/profiles/D4903356_266.nc|2024-11-23T01:10:09Z|27.83880|-89.45615,aoml/4903356/profiles/D4903356_266.nc,4903356,4903356,27.8388,-89.45615,2024-11-23T01:10:09Z,20241123,2024,587,0.44,1161.88,62.1567,True,True,True,https://noaa-nws-rtofs-pds.s3.amazonaws.com/rtofs.20241123/rtofs_glo_3dz_f006_6hrly_hvr_US_east.nc
ARGO_GDAC,pfl,aoml/4903356/profiles/D4903356_266.nc|2024-11-23T01:10:09Z|27.83880|-89.45615,aoml/4903356/profiles/D4903356_266.nc,4903356,4903356,27.8388,-89.45615,2024-11-23T01:10:09Z,20241123,2024,960,0.44,99.96,62.6664,True,True,True,https://noaa-nws-rtofs-pds.s3.amazonaws.com/rtofs.20241123/rtofs_glo_3dz_f006_6hrly_hvr_US_east.nc
ARGO_GDAC,pfl,aoml/4903356/profiles/D4903356_267.nc|2024-11-27T22:51:05Z|27.82131|-89.47410,aoml/4903356/profiles/D4903356_267.nc,4903356,4903356,27.82131,-89.4741,2024-11-27T22:51:05Z,20241127,2024,586,1.04,1161.32,58.5789,True,True,True,https://noaa-nws-rtofs-pds.s3.amazonaws.com/rtofs.20241127/rtofs_glo_3dz_f006_6hrly_hvr_US_east.nc
ARGO_GDAC,pfl,aoml/4903356/profiles/D4903356_267.nc|2024-11-27T22:51:05Z|27.82131|-89.47410,aoml/4903356/profiles/D4903356_267.nc,4903356,4903356,27.82131,-89.4741,2024-11-27T22:51:05Z,20241127,2024,848,0.56,99.96,59.4606,True,True,True,https://noaa-nws-rtofs-pds.s3.amazonaws.com/rtofs.20241127/rtofs_glo_3dz_f006_6hrly_hvr_US_east.nc
ARGO_GDAC,pfl,aoml/4903356/profiles/D4903356_268.nc|2024-12-02T20:47:46Z|27.81254|-89.48429,aoml/4903356/profiles/D4903356_268.nc,4903356,4903356,27.81254,-89.48429,2024-12-02T20:47:46Z,20241202,2024,607,1.0,1203.24,68.7786,True,True,True,https://noaa-nws-rtofs-pds.s3.amazonaws.com/rtofs.20241202/rtofs_glo_3dz_f006_6hrly_hvr_US_east.nc
ARGO_GDAC,pfl,aoml/4903356/profiles/D4903356_268.nc|2024-12-02T20:47:46Z|27.81254|-89.48429,aoml/4903356/profiles/D4903356_268.nc,4903356,4903356,27.81254,-89.48429,2024-12-02T20:47:46Z,20241202,2024,906,0.52,100.0,69.9944,True,True,True,https://noaa-nws-rtofs-pds.s3.amazonaws.com/rtofs.20241202/rtofs_glo_3dz_f006_6hrly_hvr_US_east.nc
ARGO_GDAC,pfl,aoml/4903356/profiles/D4903356_269.nc|2024-12-07T18:42:53Z|27.81942|-89.48060,aoml/4903356/profiles/D4903356_269.nc,4903356,4903356,27.81942,-89.4806,2024-12-07T18:42:53Z,20241207,2024,607,1.08,1204.08,47.7941,True,True,True,https://noaa-nws-rtofs-pds.s3.amazonaws.com/rtofs.20241207/rtofs_glo_3dz_f006_6hrly_hvr_US_east.nc
ARGO_GDAC,pfl,aoml/4903356/profiles/D4903356_269.nc|2024-12-07T18:42:53Z|27.81942|-89.48060,aoml/4903356/profiles/D4903356_269.nc,4903356,4903356,27.81942,-89.4806,2024-12-07T18:42:53Z,20241207,2024,878,0.68,100.0,47.77,True,True,True,https://noaa-nws-rtofs-pds.s3.amazonaws.com/rtofs.20241207/rtofs_glo_3dz_f006_6hrly_hvr_US_east.nc
ARGO_GDAC,pfl,aoml/4903356/profiles/D4903356_270.nc|2024-12-12T16:34:23Z|27.83346|-89.47801,aoml/4903356/profiles/D4903356_270.nc,4903356,4903356,27.83346,-89.47801,2024-12-12T16:34:23Z,20241212,2024,587,1.0,1164.0,63.6078,True,True,True,https://noaa-nws-rtofs-pds.s3.amazonaws.com/rtofs.20241212/rtofs_glo_3dz_f006_6hrly_hvr_US_east.nc
ARGO_GDAC,pfl,aoml/4903356/profiles/D4903356_270.nc|2024-12-12T16:34:23Z|27.83346|-89.47801,aoml/4903356/profiles/D4903356_270.nc,4903356,4903356,27.83346,-89.47801,2024-12-12T16:34:23Z,20241212,2024,844,0.68,99.96,63.7752,True,True,True,https://noaa-nws-rtofs-pds.s3.amazonaws.com/rtofs.20241212/rtofs_glo_3dz_f006_6hrly_hvr_US_east.nc
ARGO_GDAC,pfl,aoml/4903356/profiles/D4903356_271.nc|2024-12-17T14:21:59Z|27.84102|-89.47894,aoml/4903356/profiles/D4903356_271.nc,4903356,4903356,27.84102,-89.47894,2024-12-17T14:21:59Z,20241217,2024,568,1.0,1125.04,57.2444,True,True,True,https://noaa-nws-rtofs-pds.s3.amazonaws.com/rtofs.20241217/rtofs_glo_3dz_f006_6hrly_hvr_US_east.nc
ARGO_GDAC,pfl,aoml/4903356/profiles/D4903356_271.nc|2024-12-17T14:21:59Z|27.84102|-89.47894,aoml/4903356/profiles/D4903356_271.nc,4903356,4903356,27.84102,-89.47894,2024-12-17T14:21:59Z,20241217,2024,786,0.56,100.0,57.5078,True,True,True,https://noaa-nws-rtofs-pds.s3.amazonaws.com/rtofs.20241217/rtofs_glo_3dz_f006_6hrly_hvr_US_east.nc
ARGO_GDAC,pfl,aoml/4903356/profiles/D4903356_272.nc|2024-12-22T12:04:46Z|27.84348|-89.48491,aoml/4903356/profiles/D4903356_272.nc,4903356,4903356,27.84348,-89.48491,2024-12-22T12:04:46Z,20241222,2024,561,0.96,1111.52,82.8306,True,True,True,https://noaa-nws-rtofs-pds.s3.amazonaws.com/rtofs.20241222/rtofs_glo_3dz_f006_6hrly_hvr_US_east.nc
ARGO_GDAC,pfl,aoml/4903356/profiles/D4903356_272.nc|2024-12-22T12:04:46Z|27.84348|-89.48491,aoml/4903356/profiles/D4903356_272.nc,4903356,4903356,27.84348,-89.48491,2024-12-22T12:04:46Z,20241222,2024,817,0.52,99.96,84.0804,True,True,True,https://noaa-nws-rtofs-pds.s3.amazonaws.com/rtofs.20241222/rtofs_glo_3dz_f006_6hrly_hvr_US_east.nc
ARGO_GDAC,pfl,aoml/4903356/profiles/D4903356_273.nc|2024-12-27T09:43:39Z|27.84575|-89.48624,aoml/4903356/profiles/D4903356_273.nc,4903356,4903356,27.84575,-89.48624,2024-12-27T09:43:39Z,20241227,2024,554,1.0,1097.08,95.3284,True,True,True,https://noaa-nws-rtofs-pds.s3.amazonaws.com/rtofs.20241227/rtofs_glo_3dz_f006_6hrly_hvr_US_east.nc
ARGO_GDAC,pfl,aoml/4903356/profiles/D4903356_273.nc|2024-12-27T09:43:39Z|27.84575|-89.48624,aoml/4903356/profiles/D4903356_273.nc,4903356,4903356,27.84575,-89.48624,2024-12-27T09:43:39Z,20241227,2024,783,0.6,99.84,95.4768,True,True,True,https://noaa-nws-rtofs-pds.s3.amazonaws.com/rtofs.20241227/rtofs_glo_3dz_f006_6hrly_hvr_US_east.nc
ARGO_GDAC,pfl,aoml/4903356/profiles/D4903356_274.nc|2025-01-01T07:21:10Z|27.85576|-89.48603,aoml/4903356/profiles/D4903356_274.nc,4903356,4903356,27.85576,-89.48603,2025-01-01T07:21:10Z,20250101,2025,553,1.0,1096.24,77.0431,True,True,True,https://noaa-nws-rtofs-pds.s3.amazonaws.com/rtofs.20250101/rtofs_glo_3dz_f006_6hrly_hvr_US_east.nc
ARGO_GDAC,pfl,aoml/4903356/profiles/D4903356_274.nc|2025-01-01T07:21:10Z|27.85576|-89.48603,aoml/4903356/profiles/D4903356_274.nc,4903356,4903356,27.85576,-89.48603,2025-01-01T07:21:10Z,20250101,2025,825,0.6,99.96,76.7953,True,True,True,https://noaa-nws-rtofs-pds.s3.amazonaws.com/rtofs.20250101/rtofs_glo_3dz_f006_6hrly_hvr_US_east.nc
ARGO_GDAC,pfl,aoml/4903356/profiles/D4903356_275.nc|2025-01-06T04:54:50Z|27.86358|-89.50113,aoml/4903356/profiles/D4903356_275.nc,4903356,4903356,27.86358,-89.50113,2025-01-06T04:54:50Z,20250106,2025,533,1.0,1055.12,75.4488,True,True,True,https://noaa-nws-rtofs-pds.s3.amazonaws.com/rtofs.20250106/rtofs_glo_3dz_f006_6hrly_hvr_US_east.nc
ARGO_GDAC,pfl,aoml/4903356/profiles/D4903356_275.nc|2025-01-06T04:54:50Z|27.86358|-89.50113,aoml/4903356/profiles/D4903356_275.nc,4903356,4903356,27.86358,-89.50113,2025-01-06T04:54:50Z,20250106,2025,779,0.6,99.88,75.4277,True,True,True,https://noaa-nws-rtofs-pds.s3.amazonaws.com/rtofs.20250106/rtofs_glo_3dz_f006_6hrly_hvr_US_east.nc
ARGO_GDAC,pfl,aoml/4903356/profiles/D4903356_276.nc|2025-01-11T02:32:46Z|27.85525|-89.51188,aoml/4903356/profiles/D4903356_276.nc,4903356,4903356,27.85525,-89.51188,2025-01-11T02:32:46Z,20250111,2025,551,0.48,1089.28,85.755,True,True,True,https://noaa-nws-rtofs-pds.s3.amazonaws.com/rtofs.20250111/rtofs_glo_3dz_f006_6hrly_hvr_US_east.nc
ARGO_GDAC,pfl,aoml/4903356/profiles/D4903356_276.nc|2025-01-11T02:32:46Z|27.85525|-89.51188,aoml/4903356/profiles/D4903356_276.nc,4903356,4903356,27.85525,-89.51188,2025-01-11T02:32:46Z,20250111,2025,699,0.48,99.88,86.2836,True,True,True,https://noaa-nws-rtofs-pds.s3.amazonaws.com/rtofs.20250111/rtofs_glo_3dz_f006_6hrly_hvr_US_east.nc
ARGO_GDAC,pfl,aoml/4903356/profiles/D4903356_277.nc|2025-01-16T00:17:08Z|27.84497|-89.50774,aoml/4903356/profiles/D4903356_277.nc,4903356,4903356,27.84497,-89.50774,2025-01-16T00:17:08Z,20250116,2025,562,0.96,1113.12,90.2531,True,True,True,https://noaa-nws-rtofs-pds.s3.amazonaws.com/rtofs.20250116/rtofs_glo_3dz_f006_6hrly_hvr_US_east.nc
ARGO_GDAC,pfl,aoml/4903356/profiles/D4903356_277.nc|2025-01-16T00:17:08Z|27.84497|-89.50774,aoml/4903356/profiles/D4903356_277.nc,4903356,4903356,27.84497,-89.50774,2025-01-16T00:17:08Z,20250116,2025,723,0.56,99.92,90.4606,True,True,True,https://noaa-nws-rtofs-pds.s3.amazonaws.com/rtofs.20250116/rtofs_glo_3dz_f006_6hrly_hvr_US_east.nc
ARGO_GDAC,pfl,aoml/4903356/profiles/D4903356_278.nc|2025-01-20T21:53:47Z|27.84538|-89.49535,aoml/4903356/profiles/D4903356_278.nc,4903356,4903356,27.84538,-89.49535,2025-01-20T21:53:47Z,20250120,2025,556,1.0,1101.64,23.878,True,True,True,https://noaa-nws-rtofs-pds.s3.amazonaws.com/rtofs.20250120/rtofs_glo_3dz_f006_6hrly_hvr_US_east.nc
ARGO_GDAC,pfl,aoml/4903356/profiles/D4903356_278.nc|2025-01-20T21:53:47Z|27.84538|-89.49535,aoml/4903356/profiles/D4903356_278.nc,4903356,4903356,27.84538,-89.49535,2025-01-20T21:53:47Z,20250120,2025,764,0.64,99.96,23.0207,True,True,True,https://noaa-nws-rtofs-pds.s3.amazonaws.com/rtofs.20250120/rtofs_glo_3dz_f006_6hrly_hvr_US_east.nc
ARGO_GDAC,pfl,aoml/4903356/profiles/D4903356_279.nc|2025-01-25T19:36:59Z|27.84388|-89.48894,aoml/4903356/profiles/D4903356_279.nc,4903356,4903356,27.84388,-89.48894,2025-01-25T19:36:59Z,20250125,2025,548,1.0,1085.92,92.2775,True,True,True,https://noaa-nws-rtofs-pds.s3.amazonaws.com/rtofs.20250125/rtofs_glo_3dz_f006_6hrly_hvr_US_east.nc
ARGO_GDAC,pfl,aoml/4903356/profiles/D4903356_279.nc|2025-01-25T19:36:59Z|27.84388|-89.48894,aoml/4903356/profiles/D4903356_279.nc,4903356,4903356,27.84388,-89.48894,2025-01-25T19:36:59Z,20250125,2025,825,0.64,99.96,91.9782,True,True,True,https://noaa-nws-rtofs-pds.s3.amazonaws.com/rtofs.20250125/rtofs_glo_3dz_f006_6hrly_hvr_US_east.nc
ARGO_GDAC,pfl,aoml/4903356/profiles/D4903356_280.nc|2025-01-30T17:22:03Z|27.83522|-89.47186,aoml/4903356/profiles/D4903356_280.nc,4903356,4903356,27.83522,-89.47186,2025-01-30T17:22:03Z,20250130,2025,577,0.96,1144.52,12.1645,True,True,True,https://noaa-nws-rtofs-pds.s3.amazonaws.com/rtofs.20250130/rtofs_glo_3dz_f006_6hrly_hvr_US_east.nc
ARGO_GDAC,pfl,aoml/4903356/profiles/D4903356_280.nc|2025-01-30T17:22:03Z|27.83522|-89.47186,aoml/4903356/profiles/D4903356_280.nc,4903356,4903356,27.83522,-89.47186,2025-01-30T17:22:03Z,20250130,2025,761,0.56,99.8,11.752,True,True,True,https://noaa-nws-rtofs-pds.s3.amazonaws.com/rtofs.20250130/rtofs_glo_3dz_f006_6hrly_hvr_US_east.nc
ARGO_GDAC,pfl,aoml/4903356/profiles/D4903356_281.nc|2025-02-04T15:07:05Z|27.83754|-89.45854,aoml/4903356/profiles/D4903356_281.nc,4903356,4903356,27.83754,-89.45854,2025-02-04T15:07:05Z,20250204,2025,582,0.96,1154.04,11.3361,True,True,True,https://noaa-nws-rtofs-pds.s3.amazonaws.com/rtofs.20250204/rtofs_glo_3dz_f006_6hrly_hvr_US_east.nc
ARGO_GDAC,pfl,aoml/4903356/profiles/D4903356_281.nc|2025-02-04T15:07:05Z|27.83754|-89.45854,aoml/4903356/profiles/D4903356_281.nc,4903356,4903356,27.83754,-89.45854,2025-02-04T15:07:05Z,20250204,2025,760,0.6,100.0,11.075,True,True,True,https://noaa-nws-rtofs-pds.s3.amazonaws.com/rtofs.20250204/rtofs_glo_3dz_f006_6hrly_hvr_US_east.nc
ARGO_GDAC,pfl,aoml/4903356/profiles/D4903356_282.nc|2025-02-09T13:00:21Z|27.80785|-89.47106,aoml/4903356/profiles/D4903356_282.nc,4903356,4903356,27.80785,-89.47106,2025-02-09T13:00:21Z,20250209,2025,596,1.12,1182.52,21.2583,True,True,True,https://noaa-nws-rtofs-pds.s3.amazonaws.com/rtofs.20250209/rtofs_glo_3dz_f006_6hrly_hvr_US_east.nc
ARGO_GDAC,pfl,aoml/4903356/profiles/D4903356_282.nc|2025-02-09T13:00:21Z|27.80785|-89.47106,aoml/4903356/profiles/D4903356_282.nc,4903356,4903356,27.80785,-89.47106,2025-02-09T13:00:21Z,20250209,2025,816,0.64,100.0,21.5388,True,True,True,https://noaa-nws-rtofs-pds.s3.amazonaws.com/rtofs.20250209/rtofs_glo_3dz_f006_6hrly_hvr_US_east.nc
ARGO_GDAC,pfl,aoml/4903356/profiles/D4903356_283.nc|2025-02-14T11:02:19Z|27.77484|-89.41795,aoml/4903356/profiles/D4903356_283.nc,4903356,4903356,27.77484,-89.41795,2025-02-14T11:02:19Z,20250214,2025,632,1.04,1253.84,45.3475,True,True,True,https://noaa-nws-rtofs-pds.s3.amazonaws.com/rtofs.20250214/rtofs_glo_3dz_f006_6hrly_hvr_US_east.nc
ARGO_GDAC,pfl,aoml/4903356/profiles/D4903356_283.nc|2025-02-14T11:02:19Z|27.77484|-89.41795,aoml/4903356/profiles/D4903356_283.nc,4903356,4903356,27.77484,-89.41795,2025-02-14T11:02:19Z,20250214,2025,826,0.52,99.96,45.5601,True,True,True,https://noaa-nws-rtofs-pds.s3.amazonaws.com/rtofs.20250214/rtofs_glo_3dz_f006_6hrly_hvr_US_east.nc
ARGO_GDAC,pfl,aoml/4903356/profiles/D4903356_284.nc|2025-02-19T09:02:02Z|27.76519|-89.37866,aoml/4903356/profiles/D4903356_284.nc,4903356,4903356,27.76519,-89.37866,2025-02-19T09:02:02Z,20250219,2025,622,1.16,1233.64,38.8,True,True,True,https://noaa-nws-rtofs-pds.s3.amazonaws.com/rtofs.20250219/rtofs_glo_3dz_f006_6hrly_hvr_US_east.nc
ARGO_GDAC,pfl,aoml/4903356/profiles/D4903356_284.nc|2025-02-19T09:02:02Z|27.76519|-89.37866,aoml/4903356/profiles/D4903356_284.nc,4903356,4903356,27.76519,-89.37866,2025-02-19T09:02:02Z,20250219,2025,824,0.92,100.0,39.19,True,True,True,https://noaa-nws-rtofs-pds.s3.amazonaws.com/rtofs.20250219/rtofs_glo_3dz_f006_6hrly_hvr_US_east.nc
ARGO_GDAC,pfl,aoml/4903356/profiles/D4903356_285.nc|2025-02-24T07:01:56Z|27.76354|-89.35470,aoml/4903356/profiles/D4903356_285.nc,4903356,4903356,27.76354,-89.3547,2025-02-24T07:01:56Z,20250224,2025,637,1.04,1264.04,32.7966,True,True,True,https://noaa-nws-rtofs-pds.s3.amazonaws.com/rtofs.20250224/rtofs_glo_3dz_f006_6hrly_hvr_US_east.nc
ARGO_GDAC,pfl,aoml/4903356/profiles/D4903356_285.nc|2025-02-24T07:01:56Z|27.76354|-89.35470,aoml/4903356/profiles/D4903356_285.nc,4903356,4903356,27.76354,-89.3547,2025-02-24T07:01:56Z,20250224,2025,799,0.6,99.92,32.5856,True,True,True,https://noaa-nws-rtofs-pds.s3.amazonaws.com/rtofs.20250224/rtofs_glo_3dz_f006_6hrly_hvr_US_east.nc
ARGO_GDAC,pfl,aoml/4903356/profiles/D4903356_286.nc|2025-03-01T05:04:51Z|27.75031|-89.34209,aoml/4903356/profiles/D4903356_286.nc,4903356,4903356,27.75031,-89.34209,2025-03-01T05:04:51Z,20250301,2025,653,1.0,1295.08,31.1075,True,True,True,https://noaa-nws-rtofs-pds.s3.amazonaws.com/rtofs.20250301/rtofs_glo_3dz_f006_6hrly_hvr_US_east.nc
ARGO_GDAC,pfl,aoml/4903356/profiles/D4903356_286.nc|2025-03-01T05:04:51Z|27.75031|-89.34209,aoml/4903356/profiles/D4903356_286.nc,4903356,4903356,27.75031,-89.34209,2025-03-01T05:04:51Z,20250301,2025,800,0.64,99.96,31.1867,True,True,True,https://noaa-nws-rtofs-pds.s3.amazonaws.com/rtofs.20250301/rtofs_glo_3dz_f006_6hrly_hvr_US_east.nc
ARGO_GDAC,pfl,aoml/4903356/profiles/D4903356_287.nc|2025-03-06T03:09:13Z|27.73485|-89.35174,aoml/4903356/profiles/D4903356_287.nc,4903356,4903356,27.73485,-89.35174,2025-03-06T03:09:13Z,20250306,2025,653,1.04,1296.48,78.2172,True,True,True,https://noaa-nws-rtofs-pds.s3.amazonaws.com/rtofs.20250306/rtofs_glo_3dz_f006_6hrly_hvr_US_east.nc
ARGO_GDAC,pfl,aoml/4903356/profiles/D4903356_287.nc|2025-03-06T03:09:13Z|27.73485|-89.35174,aoml/4903356/profiles/D4903356_287.nc,4903356,4903356,27.73485,-89.35174,2025-03-06T03:09:13Z,20250306,2025,883,0.64,99.88,78.4104,True,True,True,https://noaa-nws-rtofs-pds.s3.amazonaws.com/rtofs.20250306/rtofs_glo_3dz_f006_6hrly_hvr_US_east.nc
ARGO_GDAC,pfl,aoml/4903356/profiles/D4903356_288.nc|2025-03-11T01:15:56Z|27.72077|-89.37184,aoml/4903356/profiles/D4903356_288.nc,4903356,4903356,27.72077,-89.37184,2025-03-11T01:15:56Z,20250311,2025,651,1.0,1291.68,59.9898,True,True,True,https://noaa-nws-rtofs-pds.s3.amazonaws.com/rtofs.20250311/rtofs_glo_3dz_f006_6hrly_hvr_US_east.nc
ARGO_GDAC,pfl,aoml/4903356/profiles/D4903356_288.nc|2025-03-11T01:15:56Z|27.72077|-89.37184,aoml/4903356/profiles/D4903356_288.nc,4903356,4903356,27.72077,-89.37184,2025-03-11T01:15:56Z,20250311,2025,766,0.68,99.92,60.0,True,True,True,https://noaa-nws-rtofs-pds.s3.amazonaws.com/rtofs.20250311/rtofs_glo_3dz_f006_6hrly_hvr_US_east.nc
ARGO_GDAC,pfl,aoml/4903356/profiles/D4903356_289.nc|2025-03-15T23:10:08Z|27.71145|-89.38731,aoml/4903356/profiles/D4903356_289.nc,4903356,4903356,27.71145,-89.38731,2025-03-15T23:10:08Z,20250315,2025,651,0.96,1291.04,32.1301,True,True,True,https://noaa-nws-rtofs-pds.s3.amazonaws.com/rtofs.20250315/rtofs_glo_3dz_f006_6hrly_hvr_US_east.nc
ARGO_GDAC,pfl,aoml/4903356/profiles/D4903356_289.nc|2025-03-15T23:10:08Z|27.71145|-89.38731,aoml/4903356/profiles/D4903356_289.nc,4903356,4903356,27.71145,-89.38731,2025-03-15T23:10:08Z,20250315,2025,748,0.52,99.96,32.4,True,True,True,https://noaa-nws-rtofs-pds.s3.amazonaws.com/rtofs.20250315/rtofs_glo_3dz_f006_6hrly_hvr_US_east.nc
ARGO_GDAC,pfl,aoml/4903356/profiles/D4903356_290.nc|2025-03-20T21:17:42Z|27.69821|-89.39733,aoml/4903356/profiles/D4903356_290.nc,4903356,4903356,27.69821,-89.39733,2025-03-20T21:17:42Z,20250320,2025,665,0.96,1319.52,60.0533,True,True,True,https://noaa-nws-rtofs-pds.s3.amazonaws.com/rtofs.20250320/rtofs_glo_3dz_f006_6hrly_hvr_US_east.nc
ARGO_GDAC,pfl,aoml/4903356/profiles/D4903356_290.nc|2025-03-20T21:17:42Z|27.69821|-89.39733,aoml/4903356/profiles/D4903356_290.nc,4903356,4903356,27.69821,-89.39733,2025-03-20T21:17:42Z,20250320,2025,795,0.52,99.88,59.96,True,True,True,https://noaa-nws-rtofs-pds.s3.amazonaws.com/rtofs.20250320/rtofs_glo_3dz_f006_6hrly_hvr_US_east.nc
ARGO_GDAC,pfl,aoml/4903356/profiles/D4903356_291.nc|2025-03-25T19:29:51Z|27.68254|-89.40683,aoml/4903356/profiles/D4903356_291.nc,4903356,4903356,27.68254,-89.40683,2025-03-25T19:29:51Z,20250325,2025,674,0.96,1337.04,72.5816,True,True,True,https://noaa-nws-rtofs-pds.s3.amazonaws.com/rtofs.20250325/rtofs_glo_3dz_f006_6hrly_hvr_US_east.nc
ARGO_GDAC,pfl,aoml/4903356/profiles/D4903356_291.nc|2025-03-25T19:29:51Z|27.68254|-89.40683,aoml/4903356/profiles/D4903356_291.nc,4903356,4903356,27.68254,-89.40683,2025-03-25T19:29:51Z,20250325,2025,748,0.52,99.92,73.1086,True,True,True,https://noaa-nws-rtofs-pds.s3.amazonaws.com/rtofs.20250325/rtofs_glo_3dz_f006_6hrly_hvr_US_east.nc
ARGO_GDAC,pfl,aoml/4903356/profiles/D4903356_292.nc|2025-03-30T17:36:33Z|27.67443|-89.41789,aoml/4903356/profiles/D4903356_292.nc,4903356,4903356,27.67443,-89.41789,2025-03-30T17:36:33Z,20250330,2025,667,1.04,1323.88,58.0203,True,True,True,https://noaa-nws-rtofs-pds.s3.amazonaws.com/rtofs.20250330/rtofs_glo_3dz_f006_6hrly_hvr_US_east.nc
ARGO_GDAC,pfl,aoml/4903356/profiles/D4903356_292.nc|2025-03-30T17:36:33Z|27.67443|-89.41789,aoml/4903356/profiles/D4903356_292.nc,4903356,4903356,27.67443,-89.41789,2025-03-30T17:36:33Z,20250330,2025,770,0.68,99.92,58.584,True,True,True,https://noaa-nws-rtofs-pds.s3.amazonaws.com/rtofs.20250330/rtofs_glo_3dz_f006_6hrly_hvr_US_east.nc
ARGO_GDAC,pfl,aoml/4903356/profiles/D4903356_293.nc|2025-04-04T15:39:26Z|27.67860|-89.42877,aoml/4903356/profiles/D4903356_293.nc,4903356,4903356,27.6786,-89.42877,2025-04-04T15:39:26Z,20250404,2025,658,1.08,1305.08,36.5753,True,True,True,https://noaa-nws-rtofs-pds.s3.amazonaws.com/rtofs.20250404/rtofs_glo_3dz_f006_6hrly_hvr_US_east.nc
ARGO_GDAC,pfl,aoml/4903356/profiles/D4903356_293.nc|2025-04-04T15:39:26Z|27.67860|-89.42877,aoml/4903356/profiles/D4903356_293.nc,4903356,4903356,27.6786,-89.42877,2025-04-04T15:39:26Z,20250404,2025,802,0.68,99.88,36.4514,True,True,True,https://noaa-nws-rtofs-pds.s3.amazonaws.com/rtofs.20250404/rtofs_glo_3dz_f006_6hrly_hvr_US_east.nc
ARGO_GDAC,pfl,aoml/4903356/profiles/D4903356_294.nc|2025-04-09T13:50:46Z|27.69188|-89.43437,aoml/4903356/profiles/D4903356_294.nc,4903356,4903356,27.69188,-89.43437,2025-04-09T13:50:46Z,20250409,2025,669,1.04,1327.2,30.2494,True,True,True,https://noaa-nws-rtofs-pds.s3.amazonaws.com/rtofs.20250409/rtofs_glo_3dz_f006_6hrly_hvr_US_east.nc
ARGO_GDAC,pfl,aoml/4903356/profiles/D4903356_294.nc|2025-04-09T13:50:46Z|27.69188|-89.43437,aoml/4903356/profiles/D4903356_294.nc,4903356,4903356,27.69188,-89.43437,2025-04-09T13:50:46Z,20250409,2025,764,0.6,99.92,30.3752,True,True,True,https://noaa-nws-rtofs-pds.s3.amazonaws.com/rtofs.20250409/rtofs_glo_3dz_f006_6hrly_hvr_US_east.nc
ARGO_GDAC,pfl,aoml/4903356/profiles/D4903356_295.nc|2025-04-14T12:00:22Z|27.70010|-89.44228,aoml/4903356/profiles/D4903356_295.nc,4903356,4903356,27.7001,-89.44228,2025-04-14T12:00:22Z,20250414,2025,664,1.0,1317.04,34.9237,True,True,True,https://noaa-nws-rtofs-pds.s3.amazonaws.com/rtofs.20250414/rtofs_glo_3dz_f006_6hrly_hvr_US_east.nc
ARGO_GDAC,pfl,aoml/4903356/profiles/D4903356_295.nc|2025-04-14T12:00:22Z|27.70010|-89.44228,aoml/4903356/profiles/D4903356_295.nc,4903356,4903356,27.7001,-89.44228,2025-04-14T12:00:22Z,20250414,2025,778,0.52,99.92,35.5067,True,True,True,https://noaa-nws-rtofs-pds.s3.amazonaws.com/rtofs.20250414/rtofs_glo_3dz_f006_6hrly_hvr_US_east.nc
ARGO_GDAC,pfl,aoml/4903356/profiles/D4903356_296.nc|2025-04-19T10:07:25Z|27.70114|-89.44596,aoml/4903356/profiles/D4903356_296.nc,4903356,4903356,27.70114,-89.44596,2025-04-19T10:07:25Z,20250419,2025,664,0.4,1315.68,23.7553,True,True,True,https://noaa-nws-rtofs-pds.s3.amazonaws.com/rtofs.20250419/rtofs_glo_3dz_f006_6hrly_hvr_US_east.nc
ARGO_GDAC,pfl,aoml/4903356/profiles/D4903356_296.nc|2025-04-19T10:07:25Z|27.70114|-89.44596,aoml/4903356/profiles/D4903356_296.nc,4903356,4903356,27.70114,-89.44596,2025-04-19T10:07:25Z,20250419,2025,776,0.4,99.92,23.6934,True,True,True,https://noaa-nws-rtofs-pds.s3.amazonaws.com/rtofs.20250419/rtofs_glo_3dz_f006_6hrly_hvr_US_east.nc
ARGO_GDAC,pfl,aoml/4903356/profiles/D4903356_297.nc|2025-04-24T08:14:23Z|27.70505|-89.44821,aoml/4903356/profiles/D4903356_297.nc,4903356,4903356,27.70505,-89.44821,2025-04-24T08:14:23Z,20250424,2025,661,1.0,1312.04,15.0082,True,True,True,https://noaa-nws-rtofs-pds.s3.amazonaws.com/rtofs.20250424/rtofs_glo_3dz_f006_6hrly_hvr_US_east.nc
ARGO_GDAC,pfl,aoml/4903356/profiles/D4903356_297.nc|2025-04-24T08:14:23Z|27.70505|-89.44821,aoml/4903356/profiles/D4903356_297.nc,4903356,4903356,27.70505,-89.44821,2025-04-24T08:14:23Z,20250424,2025,800,0.6,99.92,15.6754,True,True,True,https://noaa-nws-rtofs-pds.s3.amazonaws.com/rtofs.20250424/rtofs_glo_3dz_f006_6hrly_hvr_US_east.nc
ARGO_GDAC,pfl,aoml/4903356/profiles/D4903356_298.nc|2025-04-29T06:22:40Z|27.71019|-89.45552,aoml/4903356/profiles/D4903356_298.nc,4903356,4903356,27.71019,-89.45552,2025-04-29T06:22:40Z,20250429,2025,656,1.08,1301.4,20.9192,True,True,True,https://noaa-nws-rtofs-pds.s3.amazonaws.com/rtofs.20250429/rtofs_glo_3dz_f006_6hrly_hvr_US_east.nc
ARGO_GDAC,pfl,aoml/4903356/profiles/D4903356_298.nc|2025-04-29T06:22:40Z|27.71019|-89.45552,aoml/4903356/profiles/D4903356_298.nc,4903356,4903356,27.71019,-89.45552,2025-04-29T06:22:40Z,20250429,2025,827,0.8,99.96,20.4297,True,True,True,https://noaa-nws-rtofs-pds.s3.amazonaws.com/rtofs.20250429/rtofs_glo_3dz_f006_6hrly_hvr_US_east.nc
ARGO_GDAC,pfl,aoml/4903356/profiles/D4903356_299.nc|2025-05-04T04:26:25Z|27.71412|-89.46180,aoml/4903356/profiles/D4903356_299.nc,4903356,4903356,27.71412,-89.4618,2025-05-04T04:26:25Z,20250504,2025,645,1.08,1279.8,19.0087,True,True,True,https://noaa-nws-rtofs-pds.s3.amazonaws.com/rtofs.20250504/rtofs_glo_3dz_f006_6hrly_hvr_US_east.nc
ARGO_GDAC,pfl,aoml/4903356/profiles/D4903356_299.nc|2025-05-04T04:26:25Z|27.71412|-89.46180,aoml/4903356/profiles/D4903356_299.nc,4903356,4903356,27.71412,-89.4618,2025-05-04T04:26:25Z,20250504,2025,807,0.76,99.96,18.68,True,True,True,https://noaa-nws-rtofs-pds.s3.amazonaws.com/rtofs.20250504/rtofs_glo_3dz_f006_6hrly_hvr_US_east.nc
ARGO_GDAC,pfl,aoml/4903356/profiles/D4903356_300.nc|2025-05-09T02:30:10Z|27.71579|-89.46777,aoml/4903356/profiles/D4903356_300.nc,4903356,4903356,27.71579,-89.46777,2025-05-09T02:30:10Z,20250509,2025,644,1.04,1277.04,21.3625,True,True,True,https://noaa-nws-rtofs-pds.s3.amazonaws.com/rtofs.20250509/rtofs_glo_3dz_f006_6hrly_hvr_US_east.nc
ARGO_GDAC,pfl,aoml/4903356/profiles/D4903356_300.nc|2025-05-09T02:30:10Z|27.71579|-89.46777,aoml/4903356/profiles/D4903356_300.nc,4903356,4903356,27.71579,-89.46777,2025-05-09T02:30:10Z,20250509,2025,812,0.68,99.96,22.72,True,True,True,https://noaa-nws-rtofs-pds.s3.amazonaws.com/rtofs.20250509/rtofs_glo_3dz_f006_6hrly_hvr_US_east.nc
ARGO_GDAC,pfl,aoml/4903356/profiles/D4903356_301.nc|2025-05-14T00:34:19Z|27.71411|-89.48091,aoml/4903356/profiles/D4903356_301.nc,4903356,4903356,27.71411,-89.48091,2025-05-14T00:34:19Z,20250514,2025,646,1.04,1282.08,26.0167,True,True,True,https://noaa-nws-rtofs-pds.s3.amazonaws.com/rtofs.20250514/rtofs_glo_3dz_f006_6hrly_hvr_US_east.nc
ARGO_GDAC,pfl,aoml/4903356/profiles/D4903356_301.nc|2025-05-14T00:34:19Z|27.71411|-89.48091,aoml/4903356/profiles/D4903356_301.nc,4903356,4903356,27.71411,-89.48091,2025-05-14T00:34:19Z,20250514,2025,804,0.6,99.96,26.0024,True,True,True,https://noaa-nws-rtofs-pds.s3.amazonaws.com/rtofs.20250514/rtofs_glo_3dz_f006_6hrly_hvr_US_east.nc
ARGO_GDAC,pfl,aoml/4903356/profiles/D4903356_302.nc|2025-05-18T22:43:06Z|27.70914|-89.49057,aoml/4903356/profiles/D4903356_302.nc,4903356,4903356,27.70914,-89.49057,2025-05-18T22:43:06Z,20250518,2025,648,1.08,1286.4,13.3339,True,True,True,https://noaa-nws-rtofs-pds.s3.amazonaws.com/rtofs.20250518/rtofs_glo_3dz_f006_6hrly_hvr_US_east.nc
ARGO_GDAC,pfl,aoml/4903356/profiles/D4903356_302.nc|2025-05-18T22:43:06Z|27.70914|-89.49057,aoml/4903356/profiles/D4903356_302.nc,4903356,4903356,27.70914,-89.49057,2025-05-18T22:43:06Z,20250518,2025,862,0.72,99.88,13.2667,True,True,True,https://noaa-nws-rtofs-pds.s3.amazonaws.com/rtofs.20250518/rtofs_glo_3dz_f006_6hrly_hvr_US_east.nc
ARGO_GDAC,pfl,aoml/4903356/profiles/D4903356_303.nc|2025-05-23T20:45:29Z|27.70605|-89.49578,aoml/4903356/profiles/D4903356_303.nc,4903356,4903356,27.70605,-89.49578,2025-05-23T20:45:29Z,20250523,2025,646,1.0,1281.84,15.6558,True,True,True,https://noaa-nws-rtofs-pds.s3.amazonaws.com/rtofs.20250523/rtofs_glo_3dz_f006_6hrly_hvr_US_east.nc
ARGO_GDAC,pfl,aoml/4903356/profiles/D4903356_303.nc|2025-05-23T20:45:29Z|27.70605|-89.49578,aoml/4903356/profiles/D4903356_303.nc,4903356,4903356,27.70605,-89.49578,2025-05-23T20:45:29Z,20250523,2025,871,0.6,99.96,15.7067,True,True,True,https://noaa-nws-rtofs-pds.s3.amazonaws.com/rtofs.20250523/rtofs_glo_3dz_f006_6hrly_hvr_US_east.nc
ARGO_GDAC,pfl,aoml/4903356/profiles/D4903356_304.nc|2025-05-28T18:49:40Z|27.70238|-89.49836,aoml/4903356/profiles/D4903356_304.nc,4903356,4903356,27.70238,-89.49836,2025-05-28T18:49:40Z,20250528,2025,646,1.0,1281.48,14.7913,True,True,True,https://noaa-nws-rtofs-pds.s3.amazonaws.com/rtofs.20250528/rtofs_glo_3dz_f006_6hrly_hvr_US_east.nc
ARGO_GDAC,pfl,aoml/4903356/profiles/D4903356_304.nc|2025-05-28T18:49:40Z|27.70238|-89.49836,aoml/4903356/profiles/D4903356_304.nc,4903356,4903356,27.70238,-89.49836,2025-05-28T18:49:40Z,20250528,2025,824,0.6,99.96,15.4426,True,True,True,https://noaa-nws-rtofs-pds.s3.amazonaws.com/rtofs.20250528/rtofs_glo_3dz_f006_6hrly_hvr_US_east.nc
ARGO_GDAC,pfl,aoml/4903356/profiles/D4903356_305.nc|2025-06-02T17:00:16Z|27.70320|-89.50014,aoml/4903356/profiles/D4903356_305.nc,4903356,4903356,27.7032,-89.50014,2025-06-02T17:00:16Z,20250602,2025,646,1.0,1281.6,20.5312,True,True,True,https://noaa-nws-rtofs-pds.s3.amazonaws.com/rtofs.20250602/rtofs_glo_3dz_f006_6hrly_hvr_US_east.nc
ARGO_GDAC,pfl,aoml/4903356/profiles/D4903356_305.nc|2025-06-02T17:00:16Z|27.70320|-89.50014,aoml/4903356/profiles/D4903356_305.nc,4903356,4903356,27.7032,-89.50014,2025-06-02T17:00:16Z,20250602,2025,812,0.56,99.84,21.0231,True,True,True,https://noaa-nws-rtofs-pds.s3.amazonaws.com/rtofs.20250602/rtofs_glo_3dz_f006_6hrly_hvr_US_east.nc
ARGO_GDAC,pfl,aoml/4903356/profiles/D4903356_306.nc|2025-06-07T15:08:30Z|27.70847|-89.50105,aoml/4903356/profiles/D4903356_306.nc,4903356,4903356,27.70847,-89.50105,2025-06-07T15:08:30Z,20250607,2025,649,0.48,1285.36,15.1715,True,True,True,https://noaa-nws-rtofs-pds.s3.amazonaws.com/rtofs.20250607/rtofs_glo_3dz_f006_6hrly_hvr_US_east.nc
ARGO_GDAC,pfl,aoml/4903356/profiles/D4903356_306.nc|2025-06-07T15:08:30Z|27.70847|-89.50105,aoml/4903356/profiles/D4903356_306.nc,4903356,4903356,27.70847,-89.50105,2025-06-07T15:08:30Z,20250607,2025,886,0.48,99.88,15.0554,True,True,True,https://noaa-nws-rtofs-pds.s3.amazonaws.com/rtofs.20250607/rtofs_glo_3dz_f006_6hrly_hvr_US_east.nc
ARGO_GDAC,pfl,aoml/4903356/profiles/D4903356_307.nc|2025-06-12T13:17:20Z|27.72195|-89.49671,aoml/4903356/profiles/D4903356_307.nc,4903356,4903356,27.72195,-89.49671,2025-06-12T13:17:20Z,20250612,2025,649,1.0,1287.2,14.2677,True,True,True,https://noaa-nws-rtofs-pds.s3.amazonaws.com/rtofs.20250612/rtofs_glo_3dz_f006_6hrly_hvr_US_east.nc
ARGO_GDAC,pfl,aoml/4903356/profiles/D4903356_307.nc|2025-06-12T13:17:20Z|27.72195|-89.49671,aoml/4903356/profiles/D4903356_307.nc,4903356,4903356,27.72195,-89.49671,2025-06-12T13:17:20Z,20250612,2025,823,0.6,99.92,14.1651,True,True,True,https://noaa-nws-rtofs-pds.s3.amazonaws.com/rtofs.20250612/rtofs_glo_3dz_f006_6hrly_hvr_US_east.nc
ARGO_GDAC,pfl,aoml/4903356/profiles/D4903356_308.nc|2025-06-17T11:25:02Z|27.73513|-89.49323,aoml/4903356/profiles/D4903356_308.nc,4903356,4903356,27.73513,-89.49323,2025-06-17T11:25:02Z,20250617,2025,641,0.48,1269.32,11.9343,True,True,True,https://noaa-nws-rtofs-pds.s3.amazonaws.com/rtofs.20250617/rtofs_glo_3dz_f006_6hrly_hvr_US_east.nc
ARGO_GDAC,pfl,aoml/4903356/profiles/D4903356_308.nc|2025-06-17T11:25:02Z|27.73513|-89.49323,aoml/4903356/profiles/D4903356_308.nc,4903356,4903356,27.73513,-89.49323,2025-06-17T11:25:02Z,20250617,2025,827,0.48,99.92,12.1217,True,True,True,https://noaa-nws-rtofs-pds.s3.amazonaws.com/rtofs.20250617/rtofs_glo_3dz_f006_6hrly_hvr_US_east.nc
ARGO_GDAC,pfl,aoml/4903356/profiles/R4903356_309.nc|2025-06-22T09:24:36Z|27.74661|-89.49808,aoml/4903356/profiles/R4903356_309.nc,4903356,4903356,27.74661,-89.49808,2025-06-22T09:24:36Z,20250622,2025,631,1.0,1251.76,11.2117,True,True,True,https://noaa-nws-rtofs-pds.s3.amazonaws.com/rtofs.20250622/rtofs_glo_3dz_f006_6hrly_hvr_US_east.nc
ARGO_GDAC,pfl,aoml/4903356/profiles/R4903356_309.nc|2025-06-22T09:24:36Z|27.74661|-89.49808,aoml/4903356/profiles/R4903356_309.nc,4903356,4903356,27.74661,-89.49808,2025-06-22T09:24:36Z,20250622,2025,865,0.64,99.96,11.512,True,True,True,https://noaa-nws-rtofs-pds.s3.amazonaws.com/rtofs.20250622/rtofs_glo_3dz_f006_6hrly_hvr_US_east.nc
ARGO_GDAC,pfl,aoml/4903356/profiles/R4903356_310.nc|2025-06-27T07:32:00Z|27.76090|-89.50748,aoml/4903356/profiles/R4903356_310.nc,4903356,4903356,27.7609,-89.50748,2025-06-27T07:32:00Z,20250627,2025,649,1.0,1287.04,11.752,True,True,True,https://noaa-nws-rtofs-pds.s3.amazonaws.com/rtofs.20250627/rtofs_glo_3dz_f006_6hrly_hvr_US_east.nc
ARGO_GDAC,pfl,aoml/4903356/profiles/R4903356_310.nc|2025-06-27T07:32:00Z|27.76090|-89.50748,aoml/4903356/profiles/R4903356_310.nc,4903356,4903356,27.7609,-89.50748,2025-06-27T07:32:00Z,20250627,2025,854,0.68,100.0,12.0926,True,True,True,https://noaa-nws-rtofs-pds.s3.amazonaws.com/rtofs.20250627/rtofs_glo_3dz_f006_6hrly_hvr_US_east.nc
ARGO_GDAC,pfl,aoml/4903356/profiles/R4903356_311.nc|2025-07-02T05:42:04Z|27.77196|-89.51832,aoml/4903356/profiles/R4903356_311.nc,4903356,4903356,27.77196,-89.51832,2025-07-02T05:42:04Z,20250702,2025,650,1.08,1290.16,15.6729,True,True,True,https://noaa-nws-rtofs-pds.s3.amazonaws.com/rtofs.20250702/rtofs_glo_3dz_f006_6hrly_hvr_US_east.nc
ARGO_GDAC,pfl,aoml/4903356/profiles/R4903356_311.nc|2025-07-02T05:42:04Z|27.77196|-89.51832,aoml/4903356/profiles/R4903356_311.nc,4903356,4903356,27.77196,-89.51832,2025-07-02T05:42:04Z,20250702,2025,838,0.72,99.96,16.2118,True,True,True,https://noaa-nws-rtofs-pds.s3.amazonaws.com/rtofs.20250702/rtofs_glo_3dz_f006_6hrly_hvr_US_east.nc
ARGO_GDAC,pfl,aoml/4903356/profiles/R4903356_312.nc|2025-07-07T03:50:27Z|27.77996|-89.52402,aoml/4903356/profiles/R4903356_312.nc,4903356,4903356,27.77996,-89.52402,2025-07-07T03:50:27Z,20250707,2025,647,1.0,1284.4,22.7859,True,True,True,https://noaa-nws-rtofs-pds.s3.amazonaws.com/rtofs.20250707/rtofs_glo_3dz_f006_6hrly_hvr_US_east.nc
ARGO_GDAC,pfl,aoml/4903356/profiles/R4903356_312.nc|2025-07-07T03:50:27Z|27.77996|-89.52402,aoml/4903356/profiles/R4903356_312.nc,4903356,4903356,27.77996,-89.52402,2025-07-07T03:50:27Z,20250707,2025,859,0.64,99.92,23.4613,True,True,True,https://noaa-nws-rtofs-pds.s3.amazonaws.com/rtofs.20250707/rtofs_glo_3dz_f006_6hrly_hvr_US_east.nc
ARGO_GDAC,pfl,aoml/4903356/profiles/R4903356_313.nc|2025-07-12T01:51:30Z|27.78060|-89.51732,aoml/4903356/profiles/R4903356_313.nc,4903356,4903356,27.7806,-89.51732,2025-07-12T01:51:30Z,20250712,2025,645,1.04,1279.32,14.4114,True,True,True,https://noaa-nws-rtofs-pds.s3.amazonaws.com/rtofs.20250712/rtofs_glo_3dz_f006_6hrly_hvr_US_east.nc
ARGO_GDAC,pfl,aoml/4903356/profiles/R4903356_313.nc|2025-07-12T01:51:30Z|27.78060|-89.51732,aoml/4903356/profiles/R4903356_313.nc,4903356,4903356,27.7806,-89.51732,2025-07-12T01:51:30Z,20250712,2025,836,0.6,99.96,14.684,True,True,True,https://noaa-nws-rtofs-pds.s3.amazonaws.com/rtofs.20250712/rtofs_glo_3dz_f006_6hrly_hvr_US_east.nc
ARGO_GDAC,pfl,aoml/4903356/profiles/R4903356_314.nc|2025-07-16T23:52:07Z|27.77053|-89.51038,aoml/4903356/profiles/R4903356_314.nc,4903356,4903356,27.77053,-89.51038,2025-07-16T23:52:07Z,20250716,2025,646,1.12,1281.84,13.0111,True,True,True,https://noaa-nws-rtofs-pds.s3.amazonaws.com/rtofs.20250716/rtofs_glo_3dz_f006_6hrly_hvr_US_east.nc
ARGO_GDAC,pfl,aoml/4903356/profiles/R4903356_314.nc|2025-07-16T23:52:07Z|27.77053|-89.51038,aoml/4903356/profiles/R4903356_314.nc,4903356,4903356,27.77053,-89.51038,2025-07-16T23:52:07Z,20250716,2025,847,0.76,100.0,13.09,True,True,True,https://noaa-nws-rtofs-pds.s3.amazonaws.com/rtofs.20250716/rtofs_glo_3dz_f006_6hrly_hvr_US_east.nc
ARGO_GDAC,pfl,aoml/4903356/profiles/R4903356_315.nc|2025-07-21T21:59:48Z|27.75441|-89.49873,aoml/4903356/profiles/R4903356_315.nc,4903356,4903356,27.75441,-89.49873,2025-07-21T21:59:48Z,20250721,2025,651,1.04,1291.24,15.4388,True,True,True,https://noaa-nws-rtofs-pds.s3.amazonaws.com/rtofs.20250721/rtofs_glo_3dz_f006_6hrly_hvr_US_east.nc
ARGO_GDAC,pfl,aoml/4903356/profiles/R4903356_315.nc|2025-07-21T21:59:48Z|27.75441|-89.49873,aoml/4903356/profiles/R4903356_315.nc,4903356,4903356,27.75441,-89.49873,2025-07-21T21:59:48Z,20250721,2025,870,0.68,99.92,15.6095,True,True,True,https://noaa-nws-rtofs-pds.s3.amazonaws.com/rtofs.20250721/rtofs_glo_3dz_f006_6hrly_hvr_US_east.nc
ARGO_GDAC,pfl,aoml/4903356/profiles/R4903356_316.nc|2025-07-26T20:03:24Z|27.73804|-89.49319,aoml/4903356/profiles/R4903356_316.nc,4903356,4903356,27.73804,-89.49319,2025-07-26T20:03:24Z,20250726,2025,634,1.0,1258.44,25.2494,True,True,True,https://noaa-nws-rtofs-pds.s3.amazonaws.com/rtofs.20250726/rtofs_glo_3dz_f006_6hrly_hvr_US_east.nc
ARGO_GDAC,pfl,aoml/4903356/profiles/R4903356_316.nc|2025-07-26T20:03:24Z|27.73804|-89.49319,aoml/4903356/profiles/R4903356_316.nc,4903356,4903356,27.73804,-89.49319,2025-07-26T20:03:24Z,20250726,2025,893,0.56,99.92,25.5711,True,True,True,https://noaa-nws-rtofs-pds.s3.amazonaws.com/rtofs.20250726/rtofs_glo_3dz_f006_6hrly_hvr_US_east.nc
ARGO_GDAC,pfl,aoml/4903356/profiles/R4903356_317.nc|2025-07-31T18:14:58Z|27.71354|-89.49737,aoml/4903356/profiles/R4903356_317.nc,4903356,4903356,27.71354,-89.49737,2025-07-31T18:14:58Z,20250731,2025,632,7.4,1266.48,11.0127,True,True,True,https://noaa-nws-rtofs-pds.s3.amazonaws.com/rtofs.20250731/rtofs_glo_3dz_f006_6hrly_hvr_US_east.nc
ARGO_GDAC,pfl,aoml/4903356/profiles/R4903356_317.nc|2025-07-31T18:14:58Z|27.71354|-89.49737,aoml/4903356/profiles/R4903356_317.nc,4903356,4903356,27.71354,-89.49737,2025-07-31T18:14:58Z,20250731,2025,892,7.28,99.92,11.3502,True,True,True,https://noaa-nws-rtofs-pds.s3.amazonaws.com/rtofs.20250731/rtofs_glo_3dz_f006_6hrly_hvr_US_east.nc
ARGO_GDAC,pfl,aoml/4903356/profiles/R4903356_318.nc|2025-08-05T16:24:15Z|27.67841|-89.51526,aoml/4903356/profiles/R4903356_318.nc,4903356,4903356,27.67841,-89.51526,2025-08-05T16:24:15Z,20250805,2025,646,1.4,1281.28,17.1733,True,True,True,https://noaa-nws-rtofs-pds.s3.amazonaws.com/rtofs.20250805/rtofs_glo_3dz_f006_6hrly_hvr_US_east.nc
ARGO_GDAC,pfl,aoml/4903356/profiles/R4903356_318.nc|2025-08-05T16:24:15Z|27.67841|-89.51526,aoml/4903356/profiles/R4903356_318.nc,4903356,4903356,27.67841,-89.51526,2025-08-05T16:24:15Z,20250805,2025,959,1.32,99.88,17.5757,True,True,True,https://noaa-nws-rtofs-pds.s3.amazonaws.com/rtofs.20250805/rtofs_glo_3dz_f006_6hrly_hvr_US_east.nc
ARGO_GDAC,pfl,aoml/4903356/profiles/R4903356_319.nc|2025-08-10T14:41:16Z|27.65989|-89.53417,aoml/4903356/profiles/R4903356_319.nc,4903356,4903356,27.65989,-89.53417,2025-08-10T14:41:16Z,20250810,2025,670,1.04,1329.32,24.2152,True,True,True,https://noaa-nws-rtofs-pds.s3.amazonaws.com/rtofs.20250810/rtofs_glo_3dz_f006_6hrly_hvr_US_east.nc
ARGO_GDAC,pfl,aoml/4903356/profiles/R4903356_319.nc|2025-08-10T14:41:16Z|27.65989|-89.53417,aoml/4903356/profiles/R4903356_319.nc,4903356,4903356,27.65989,-89.53417,2025-08-10T14:41:16Z,20250810,2025,879,0.64,99.92,24.5091,True,True,True,https://noaa-nws-rtofs-pds.s3.amazonaws.com/rtofs.20250810/rtofs_glo_3dz_f006_6hrly_hvr_US_east.nc
ARGO_GDAC,pfl,aoml/4903356/profiles/R4903356_320.nc|2025-08-15T13:14:04Z|27.61603|-89.56077,aoml/4903356/profiles/R4903356_320.nc,4903356,4903356,27.61603,-89.56077,2025-08-15T13:14:04Z,20250815,2025,736,1.2,1462.0,15.5388,True,True,True,https://noaa-nws-rtofs-pds.s3.amazonaws.com/rtofs.20250815/rtofs_glo_3dz_f006_6hrly_hvr_US_east.nc
ARGO_GDAC,pfl,aoml/4903356/profiles/R4903356_320.nc|2025-08-15T13:14:04Z|27.61603|-89.56077,aoml/4903356/profiles/R4903356_320.nc,4903356,4903356,27.61603,-89.56077,2025-08-15T13:14:04Z,20250815,2025,947,0.88,99.96,15.7911,True,True,True,https://noaa-nws-rtofs-pds.s3.amazonaws.com/rtofs.20250815/rtofs_glo_3dz_f006_6hrly_hvr_US_east.nc
ARGO_GDAC,pfl,aoml/4903356/profiles/R4903356_321.nc|2025-08-20T11:48:39Z|27.59071|-89.57513,aoml/4903356/profiles/R4903356_321.nc,4903356,4903356,27.59071,-89.57513,2025-08-20T11:48:39Z,20250820,2025,736,1.16,1462.12,17.1801,True,True,True,https://noaa-nws-rtofs-pds.s3.amazonaws.com/rtofs.20250820/rtofs_glo_3dz_f006_6hrly_hvr_US_east.nc
ARGO_GDAC,pfl,aoml/4903356/profiles/R4903356_321.nc|2025-08-20T11:48:39Z|27.59071|-89.57513,aoml/4903356/profiles/R4903356_321.nc,4903356,4903356,27.59071,-89.57513,2025-08-20T11:48:39Z,20250820,2025,917,0.84,99.92,16.9867,True,True,True,https://noaa-nws-rtofs-pds.s3.amazonaws.com/rtofs.20250820/rtofs_glo_3dz_f006_6hrly_hvr_US_east.nc
ARGO_GDAC,pfl,aoml/4903356/profiles/R4903356_322.nc|2025-08-25T11:08:59Z|27.43548|-89.64382,aoml/4903356/profiles/R4903356_322.nc,4903356,4903356,27.43548,-89.64382,2025-08-25T11:08:59Z,20250825,2025,913,1.16,1815.4,14.6443,True,True,True,https://noaa-nws-rtofs-pds.s3.amazonaws.com/rtofs.20250825/rtofs_glo_3dz_f006_6hrly_hvr_US_east.nc
ARGO_GDAC,pfl,aoml/4903356/profiles/R4903356_322.nc|2025-08-25T11:08:59Z|27.43548|-89.64382,aoml/4903356/profiles/R4903356_322.nc,4903356,4903356,27.43548,-89.64382,2025-08-25T11:08:59Z,20250825,2025,979,1.36,99.92,14.8035,True,True,True,https://noaa-nws-rtofs-pds.s3.amazonaws.com/rtofs.20250825/rtofs_glo_3dz_f006_6hrly_hvr_US_east.nc
ARGO_GDAC,pfl,aoml/4903356/profiles/R4903356_323.nc|2025-08-30T10:22:53Z|27.18444|-89.98700,aoml/4903356/profiles/R4903356_323.nc,4903356,4903356,27.18444,-89.987,2025-08-30T10:22:53Z,20250830,2025,1013,1.08,2015.68,11.0801,True,True,True,https://noaa-nws-rtofs-pds.s3.amazonaws.com/rtofs.20250830/rtofs_glo_3dz_f006_6hrly_hvr_US_east.nc
ARGO_GDAC,pfl,aoml/4903356/profiles/R4903356_323.nc|2025-08-30T10:22:53Z|27.18444|-89.98700,aoml/4903356/profiles/R4903356_323.nc,4903356,4903356,27.18444,-89.987,2025-08-30T10:22:53Z,20250830,2025,965,0.64,99.96,11.3158,True,True,True,https://noaa-nws-rtofs-pds.s3.amazonaws.com/rtofs.20250830/rtofs_glo_3dz_f006_6hrly_hvr_US_east.nc
ARGO_GDAC,pfl,aoml/4903356/profiles/R4903356_324.nc|2025-09-04T09:39:14Z|27.03929|-90.24404,aoml/4903356/profiles/R4903356_324.nc,4903356,4903356,27.03929,-90.24404,2025-09-04T09:39:14Z,20250904,2025,1013,0.96,2015.08,10.297,True,True,True,https://noaa-nws-rtofs-pds.s3.amazonaws.com/rtofs.20250904/rtofs_glo_3dz_f006_6hrly_hvr_US_east.nc
ARGO_GDAC,pfl,aoml/4903356/profiles/R4903356_324.nc|2025-09-04T09:39:14Z|27.03929|-90.24404,aoml/4903356/profiles/R4903356_324.nc,4903356,4903356,27.03929,-90.24404,2025-09-04T09:39:14Z,20250904,2025,977,0.64,99.88,10.36,True,True,True,https://noaa-nws-rtofs-pds.s3.amazonaws.com/rtofs.20250904/rtofs_glo_3dz_f006_6hrly_hvr_US_east.nc
ARGO_GDAC,pfl,aoml/4903356/profiles/R4903356_325.nc|2025-09-09T09:07:42Z|26.77781|-90.69765,aoml/4903356/profiles/R4903356_325.nc,4903356,4903356,26.77781,-90.69765,2025-09-09T09:07:42Z,20250909,2025,916,1.0,1821.68,18.3814,True,True,True,https://noaa-nws-rtofs-pds.s3.amazonaws.com/rtofs.20250909/rtofs_glo_3dz_f006_6hrly_hvr_US_east.nc
ARGO_GDAC,pfl,aoml/4903356/profiles/R4903356_325.nc|2025-09-09T09:07:42Z|26.77781|-90.69765,aoml/4903356/profiles/R4903356_325.nc,4903356,4903356,26.77781,-90.69765,2025-09-09T09:07:42Z,20250909,2025,922,0.6,99.92,18.7954,True,True,True,https://noaa-nws-rtofs-pds.s3.amazonaws.com/rtofs.20250909/rtofs_glo_3dz_f006_6hrly_hvr_US_east.nc
ARGO_GDAC,pfl,aoml/4903356/profiles/R4903356_326.nc|2025-09-14T08:41:01Z|26.76853|-90.82660,aoml/4903356/profiles/R4903356_326.nc,4903356,4903356,26.76853,-90.8266,2025-09-14T08:41:01Z,20250914,2025,968,1.0,1925.32,26.6529,True,True,True,https://noaa-nws-rtofs-pds.s3.amazonaws.com/rtofs.20250914/rtofs_glo_3dz_f006_6hrly_hvr_US_east.nc
ARGO_GDAC,pfl,aoml/4903356/profiles/R4903356_326.nc|2025-09-14T08:41:01Z|26.76853|-90.82660,aoml/4903356/profiles/R4903356_326.nc,4903356,4903356,26.76853,-90.8266,2025-09-14T08:41:01Z,20250914,2025,895,0.6,99.88,27.2495,True,True,True,https://noaa-nws-rtofs-pds.s3.amazonaws.com/rtofs.20250914/rtofs_glo_3dz_f006_6hrly_hvr_US_east.nc
ARGO_GDAC,pfl,aoml/4903356/profiles/R4903356_327.nc|2025-09-19T08:14:50Z|26.72458|-90.78864,aoml/4903356/profiles/R4903356_327.nc,4903356,4903356,26.72458,-90.78864,2025-09-19T08:14:50Z,20250919,2025,1011,1.04,2011.28,26.0608,True,True,True,https://noaa-nws-rtofs-pds.s3.amazonaws.com/rtofs.20250919/rtofs_glo_3dz_f006_6hrly_hvr_US_east.nc
ARGO_GDAC,pfl,aoml/4903356/profiles/R4903356_327.nc|2025-09-19T08:14:50Z|26.72458|-90.78864,aoml/4903356/profiles/R4903356_327.nc,4903356,4903356,26.72458,-90.78864,2025-09-19T08:14:50Z,20250919,2025,933,0.64,99.96,26.4978,True,True,True,https://noaa-nws-rtofs-pds.s3.amazonaws.com/rtofs.20250919/rtofs_glo_3dz_f006_6hrly_hvr_US_east.nc
ARGO_GDAC,pfl,aoml/4903356/profiles/R4903356_328.nc|2025-09-24T07:45:44Z|26.75943|-90.81868,aoml/4903356/profiles/R4903356_328.nc,4903356,4903356,26.75943,-90.81868,2025-09-24T07:45:44Z,20250924,2025,957,1.0,1903.52,24.3026,True,True,True,https://noaa-nws-rtofs-pds.s3.amazonaws.com/rtofs.20250924/rtofs_glo_3dz_f006_6hrly_hvr_US_east.nc
ARGO_GDAC,pfl,aoml/4903356/profiles/R4903356_328.nc|2025-09-24T07:45:44Z|26.75943|-90.81868,aoml/4903356/profiles/R4903356_328.nc,4903356,4903356,26.75943,-90.81868,2025-09-24T07:45:44Z,20250924,2025,878,0.56,99.88,25.64,True,True,True,https://noaa-nws-rtofs-pds.s3.amazonaws.com/rtofs.20250924/rtofs_glo_3dz_f006_6hrly_hvr_US_east.nc
ARGO_GDAC,pfl,aoml/4903356/profiles/R4903356_329.nc|2025-09-29T07:12:57Z|26.68623|-90.87596,aoml/4903356/profiles/R4903356_329.nc,4903356,4903356,26.68623,-90.87596,2025-09-29T07:12:57Z,20250929,2025,961,1.0,1911.96,32.184,True,True,True,https://noaa-nws-rtofs-pds.s3.amazonaws.com/rtofs.20250929/rtofs_glo_3dz_f006_6hrly_hvr_US_east.nc
ARGO_GDAC,pfl,aoml/4903356/profiles/R4903356_329.nc|2025-09-29T07:12:57Z|26.68623|-90.87596,aoml/4903356/profiles/R4903356_329.nc,4903356,4903356,26.68623,-90.87596,2025-09-29T07:12:57Z,20250929,2025,891,0.56,99.92,32.3662,True,True,True,https://noaa-nws-rtofs-pds.s3.amazonaws.com/rtofs.20250929/rtofs_glo_3dz_f006_6hrly_hvr_US_east.nc
ARGO_GDAC,pfl,aoml/4903356/profiles/R4903356_330.nc|2025-10-04T06:39:42Z|26.68130|-90.85872,aoml/4903356/profiles/R4903356_330.nc,4903356,4903356,26.6813,-90.85872,2025-10-04T06:39:42Z,20251004,2025,1012,1.0,2013.2,46.6195,True,True,True,https://noaa-nws-rtofs-pds.s3.amazonaws.com/rtofs.20251004/rtofs_glo_3dz_f006_6hrly_hvr_US_east.nc
ARGO_GDAC,pfl,aoml/4903356/profiles/R4903356_330.nc|2025-10-04T06:39:42Z|26.68130|-90.85872,aoml/4903356/profiles/R4903356_330.nc,4903356,4903356,26.6813,-90.85872,2025-10-04T06:39:42Z,20251004,2025,941,0.64,100.0,47.4565,True,True,True,https://noaa-nws-rtofs-pds.s3.amazonaws.com/rtofs.20251004/rtofs_glo_3dz_f006_6hrly_hvr_US_east.nc
ARGO_GDAC,pfl,aoml/4903356/profiles/R4903356_331.nc|2025-10-09T06:20:01Z|26.74260|-90.88906,aoml/4903356/profiles/R4903356_331.nc,4903356,4903356,26.7426,-90.88906,2025-10-09T06:20:01Z,20251009,2025,981,1.04,1951.56,26.1532,True,True,True,https://noaa-nws-rtofs-pds.s3.amazonaws.com/rtofs.20251009/rtofs_glo_3dz_f006_6hrly_hvr_US_east.nc
ARGO_GDAC,pfl,aoml/4903356/profiles/R4903356_331.nc|2025-10-09T06:20:01Z|26.74260|-90.88906,aoml/4903356/profiles/R4903356_331.nc,4903356,4903356,26.7426,-90.88906,2025-10-09T06:20:01Z,20251009,2025,848,0.76,99.92,25.9533,True,True,True,https://noaa-nws-rtofs-pds.s3.amazonaws.com/rtofs.20251009/rtofs_glo_3dz_f006_6hrly_hvr_US_east.nc
ARGO_GDAC,pfl,aoml/4903356/profiles/R4903356_332.nc|2025-10-14T06:17:40Z|26.83320|-90.90489,aoml/4903356/profiles/R4903356_332.nc,4903356,4903356,26.8332,-90.90489,2025-10-14T06:17:40Z,20251014,2025,1003,1.04,1995.36,62.4438,True,True,True,https://noaa-nws-rtofs-pds.s3.amazonaws.com/rtofs.20251014/rtofs_glo_3dz_f006_6hrly_hvr_US_east.nc
ARGO_GDAC,pfl,aoml/4903356/profiles/R4903356_332.nc|2025-10-14T06:17:40Z|26.83320|-90.90489,aoml/4903356/profiles/R4903356_332.nc,4903356,4903356,26.8332,-90.90489,2025-10-14T06:17:40Z,20251014,2025,863,0.68,99.92,63.294,True,True,True,https://noaa-nws-rtofs-pds.s3.amazonaws.com/rtofs.20251014/rtofs_glo_3dz_f006_6hrly_hvr_US_east.nc
ARGO_GDAC,pfl,aoml/4903356/profiles/R4903356_333.nc|2025-10-19T05:38:38Z|26.72040|-91.02923,aoml/4903356/profiles/R4903356_333.nc,4903356,4903356,26.7204,-91.02923,2025-10-19T05:38:38Z,20251019,2025,1009,0.48,2005.36,46.0696,True,True,True,https://noaa-nws-rtofs-pds.s3.amazonaws.com/rtofs.20251019/rtofs_glo_3dz_f006_6hrly_hvr_US_east.nc
ARGO_GDAC,pfl,aoml/4903356/profiles/R4903356_333.nc|2025-10-19T05:38:38Z|26.72040|-91.02923,aoml/4903356/profiles/R4903356_333.nc,4903356,4903356,26.7204,-91.02923,2025-10-19T05:38:38Z,20251019,2025,906,0.48,100.0,46.64,True,True,True,https://noaa-nws-rtofs-pds.s3.amazonaws.com/rtofs.20251019/rtofs_glo_3dz_f006_6hrly_hvr_US_east.nc
ARGO_GDAC,pfl,aoml/4903356/profiles/R4903356_334.nc|2025-10-24T05:00:12Z|26.86573|-91.22534,aoml/4903356/profiles/R4903356_334.nc,4903356,4903356,26.86573,-91.22534,2025-10-24T05:00:12Z,20251024,2025,1008,1.04,2005.16,58.1535,True,True,True,https://noaa-nws-rtofs-pds.s3.amazonaws.com/rtofs.20251024/rtofs_glo_3dz_f006_6hrly_hvr_US_east.nc
ARGO_GDAC,pfl,aoml/4903356/profiles/R4903356_334.nc|2025-10-24T05:00:12Z|26.86573|-91.22534,aoml/4903356/profiles/R4903356_334.nc,4903356,4903356,26.86573,-91.22534,2025-10-24T05:00:12Z,20251024,2025,868,0.8,99.96,58.9204,True,True,True,https://noaa-nws-rtofs-pds.s3.amazonaws.com/rtofs.20251024/rtofs_glo_3dz_f006_6hrly_hvr_US_east.nc
ARGO_GDAC,pfl,aoml/4903356/profiles/R4903356_335.nc|2025-10-29T04:16:05Z|26.99189|-91.20537,aoml/4903356/profiles/R4903356_335.nc,4903356,4903356,26.99189,-91.20537,2025-10-29T04:16:05Z,20251029,2025,923,1.0,1835.16,56.1827,True,True,True,https://noaa-nws-rtofs-pds.s3.amazonaws.com/rtofs.20251029/rtofs_glo_3dz_f006_6hrly_hvr_US_east.nc
ARGO_GDAC,pfl,aoml/4903356/profiles/R4903356_335.nc|2025-10-29T04:16:05Z|26.99189|-91.20537,aoml/4903356/profiles/R4903356_335.nc,4903356,4903356,26.99189,-91.20537,2025-10-29T04:16:05Z,20251029,2025,867,0.52,99.96,56.945,True,True,True,https://noaa-nws-rtofs-pds.s3.amazonaws.com/rtofs.20251029/rtofs_glo_3dz_f006_6hrly_hvr_US_east.nc
ARGO_GDAC,pfl,aoml/4903356/profiles/R4903356_336.nc|2025-11-03T03:43:35Z|26.87837|-91.07061,aoml/4903356/profiles/R4903356_336.nc,4903356,4903356,26.87837,-91.07061,2025-11-03T03:43:35Z,20251103,2025,930,0.36,1847.52,62.1211,True,True,True,https://noaa-nws-rtofs-pds.s3.amazonaws.com/rtofs.20251103/rtofs_glo_3dz_f006_6hrly_hvr_US_east.nc
ARGO_GDAC,pfl,aoml/4903356/profiles/R4903356_336.nc|2025-11-03T03:43:35Z|26.87837|-91.07061,aoml/4903356/profiles/R4903356_336.nc,4903356,4903356,26.87837,-91.07061,2025-11-03T03:43:35Z,20251103,2025,805,0.36,99.88,62.6645,True,True,True,https://noaa-nws-rtofs-pds.s3.amazonaws.com/rtofs.20251103/rtofs_glo_3dz_f006_6hrly_hvr_US_east.nc
ARGO_GDAC,pfl,aoml/4903356/profiles/R4903356_337.nc|2025-11-08T03:04:03Z|26.74680|-91.12565,aoml/4903356/profiles/R4903356_337.nc,4903356,4903356,26.7468,-91.12565,2025-11-08T03:04:03Z,20251108,2025,943,1.0,1876.04,56.5836,True,True,True,https://noaa-nws-rtofs-pds.s3.amazonaws.com/rtofs.20251108/rtofs_glo_3dz_f006_6hrly_hvr_US_east.nc
ARGO_GDAC,pfl,aoml/4903356/profiles/R4903356_337.nc|2025-11-08T03:04:03Z|26.74680|-91.12565,aoml/4903356/profiles/R4903356_337.nc,4903356,4903356,26.7468,-91.12565,2025-11-08T03:04:03Z,20251108,2025,884,0.56,99.92,58.0794,True,True,True,https://noaa-nws-rtofs-pds.s3.amazonaws.com/rtofs.20251108/rtofs_glo_3dz_f006_6hrly_hvr_US_east.nc
ARGO_GDAC,pfl,aoml/4903356/profiles/R4903356_338.nc|2025-11-13T02:25:26Z|26.73733|-91.12038,aoml/4903356/profiles/R4903356_338.nc,4903356,4903356,26.73733,-91.12038,2025-11-13T02:25:26Z,20251113,2025,944,1.0,1877.92,53.2635,True,True,True,https://noaa-nws-rtofs-pds.s3.amazonaws.com/rtofs.20251113/rtofs_glo_3dz_f006_6hrly_hvr_US_east.nc
ARGO_GDAC,pfl,aoml/4903356/profiles/R4903356_338.nc|2025-11-13T02:25:26Z|26.73733|-91.12038,aoml/4903356/profiles/R4903356_338.nc,4903356,4903356,26.73733,-91.12038,2025-11-13T02:25:26Z,20251113,2025,839,0.6,99.96,53.4328,True,True,True,https://noaa-nws-rtofs-pds.s3.amazonaws.com/rtofs.20251113/rtofs_glo_3dz_f006_6hrly_hvr_US_east.nc
ARGO_GDAC,pfl,aoml/4903356/profiles/R4903356_339.nc|2025-11-18T01:54:17Z|26.80602|-91.15246,aoml/4903356/profiles/R4903356_339.nc,4903356,4903356,26.80602,-91.15246,2025-11-18T01:54:17Z,20251118,2025,944,0.48,1875.4,23.04,True,True,True,https://noaa-nws-rtofs-pds.s3.amazonaws.com/rtofs.20251118/rtofs_glo_3dz_f006_6hrly_hvr_US_east.nc
ARGO_GDAC,pfl,aoml/4903356/profiles/R4903356_339.nc|2025-11-18T01:54:17Z|26.80602|-91.15246,aoml/4903356/profiles/R4903356_339.nc,4903356,4903356,26.80602,-91.15246,2025-11-18T01:54:17Z,20251118,2025,864,0.48,99.88,22.8743,True,True,True,https://noaa-nws-rtofs-pds.s3.amazonaws.com/rtofs.20251118/rtofs_glo_3dz_f006_6hrly_hvr_US_east.nc
ARGO_GDAC,pfl,aoml/4903356/profiles/R4903356_340.nc|2025-11-23T01:01:27Z|26.94265|-91.09389,aoml/4903356/profiles/R4903356_340.nc,4903356,4903356,26.94265,-91.09389,2025-11-23T01:01:27Z,20251123,2025,903,0.96,1800.04,42.1904,True,True,True,https://noaa-nws-rtofs-pds.s3.amazonaws.com/rtofs.20251123/rtofs_glo_3dz_f006_6hrly_hvr_US_east.nc
ARGO_GDAC,pfl,aoml/4903356/profiles/R4903356_340.nc|2025-11-23T01:01:27Z|26.94265|-91.09389,aoml/4903356/profiles/R4903356_340.nc,4903356,4903356,26.94265,-91.09389,2025-11-23T01:01:27Z,20251123,2025,877,0.56,99.96,42.765,True,True,True,https://noaa-nws-rtofs-pds.s3.amazonaws.com/rtofs.20251123/rtofs_glo_3dz_f006_6hrly_hvr_US_east.nc
ARGO_GDAC,pfl,aoml/4903356/profiles/R4903356_341.nc|2025-11-28T00:31:43Z|26.78998|-90.97467,aoml/4903356/profiles/R4903356_341.nc,4903356,4903356,26.78998,-90.97467,2025-11-28T00:31:43Z,20251128,2025,961,1.04,1911.44,63.7996,True,True,True,https://noaa-nws-rtofs-pds.s3.amazonaws.com/rtofs.20251128/rtofs_glo_3dz_f006_6hrly_hvr_US_east.nc
ARGO_GDAC,pfl,aoml/4903356/profiles/R4903356_341.nc|2025-11-28T00:31:43Z|26.78998|-90.97467,aoml/4903356/profiles/R4903356_341.nc,4903356,4903356,26.78998,-90.97467,2025-11-28T00:31:43Z,20251128,2025,755,0.68,99.96,63.1403,True,True,True,https://noaa-nws-rtofs-pds.s3.amazonaws.com/rtofs.20251128/rtofs_glo_3dz_f006_6hrly_hvr_US_east.nc
ARGO_GDAC,pfl,aoml/4903356/profiles/R4903356_342.nc|2025-12-03T00:08:29Z|26.72391|-90.84757,aoml/4903356/profiles/R4903356_342.nc,4903356,4903356,26.72391,-90.84757,2025-12-03T00:08:29Z,20251203,2025,988,0.48,1963.48,88.6165,True,True,True,https://noaa-nws-rtofs-pds.s3.amazonaws.com/rtofs.20251203/rtofs_glo_3dz_f006_6hrly_hvr_US_east.nc
ARGO_GDAC,pfl,aoml/4903356/profiles/R4903356_342.nc|2025-12-03T00:08:29Z|26.72391|-90.84757,aoml/4903356/profiles/R4903356_342.nc,4903356,4903356,26.72391,-90.84757,2025-12-03T00:08:29Z,20251203,2025,821,0.48,99.96,88.94,True,True,True,https://noaa-nws-rtofs-pds.s3.amazonaws.com/rtofs.20251203/rtofs_glo_3dz_f006_6hrly_hvr_US_east.nc
ARGO_GDAC,pfl,aoml/4903356/profiles/R4903356_343.nc|2025-12-07T23:42:16Z|26.84692|-90.69927,aoml/4903356/profiles/R4903356_343.nc,4903356,4903356,26.84692,-90.69927,2025-12-07T23:42:16Z,20251207,2025,992,1.0,1973.24,82.4944,True,True,True,https://noaa-nws-rtofs-pds.s3.amazonaws.com/rtofs.20251207/rtofs_glo_3dz_f006_6hrly_hvr_US_east.nc
ARGO_GDAC,pfl,aoml/4903356/profiles/R4903356_343.nc|2025-12-07T23:42:16Z|26.84692|-90.69927,aoml/4903356/profiles/R4903356_343.nc,4903356,4903356,26.84692,-90.69927,2025-12-07T23:42:16Z,20251207,2025,784,0.52,99.88,82.9956,True,True,True,https://noaa-nws-rtofs-pds.s3.amazonaws.com/rtofs.20251207/rtofs_glo_3dz_f006_6hrly_hvr_US_east.nc
ARGO_GDAC,pfl,aoml/4903356/profiles/R4903356_344.nc|2025-12-12T22:52:54Z|26.88972|-90.87072,aoml/4903356/profiles/R4903356_344.nc,4903356,4903356,26.88972,-90.87072,2025-12-12T22:52:54Z,20251212,2025,895,1.04,1779.16,26.0908,True,True,True,https://noaa-nws-rtofs-pds.s3.amazonaws.com/rtofs.20251212/rtofs_glo_3dz_f006_6hrly_hvr_US_east.nc
ARGO_GDAC,pfl,aoml/4903356/profiles/R4903356_344.nc|2025-12-12T22:52:54Z|26.88972|-90.87072,aoml/4903356/profiles/R4903356_344.nc,4903356,4903356,26.88972,-90.87072,2025-12-12T22:52:54Z,20251212,2025,806,0.52,100.0,26.74,True,True,True,https://noaa-nws-rtofs-pds.s3.amazonaws.com/rtofs.20251212/rtofs_glo_3dz_f006_6hrly_hvr_US_east.nc
ARGO_GDAC,pfl,aoml/4903356/profiles/R4903356_345.nc|2025-12-17T22:01:24Z|26.87306|-90.84977,aoml/4903356/profiles/R4903356_345.nc,4903356,4903356,26.87306,-90.84977,2025-12-17T22:01:24Z,20251217,2025,894,0.48,1775.44,95.988,True,True,True,https://noaa-nws-rtofs-pds.s3.amazonaws.com/rtofs.20251217/rtofs_glo_3dz_f006_6hrly_hvr_US_east.nc
ARGO_GDAC,pfl,aoml/4903356/profiles/R4903356_345.nc|2025-12-17T22:01:24Z|26.87306|-90.84977,aoml/4903356/profiles/R4903356_345.nc,4903356,4903356,26.87306,-90.84977,2025-12-17T22:01:24Z,20251217,2025,798,0.48,99.96,96.1124,True,True,True,https://noaa-nws-rtofs-pds.s3.amazonaws.com/rtofs.20251217/rtofs_glo_3dz_f006_6hrly_hvr_US_east.nc
ARGO_GDAC,pfl,aoml/4903356/profiles/R4903356_346.nc|2025-12-22T21:22:20Z|26.80445|-90.78217,aoml/4903356/profiles/R4903356_346.nc,4903356,4903356,26.80445,-90.78217,2025-12-22T21:22:20Z,20251222,2025,1012,1.0,2013.36,74.215,True,True,True,https://noaa-nws-rtofs-pds.s3.amazonaws.com/rtofs.20251222/rtofs_glo_3dz_f006_6hrly_hvr_US_east.nc
ARGO_GDAC,pfl,aoml/4903356/profiles/R4903356_346.nc|2025-12-22T21:22:20Z|26.80445|-90.78217,aoml/4903356/profiles/R4903356_346.nc,4903356,4903356,26.80445,-90.78217,2025-12-22T21:22:20Z,20251222,2025,817,0.64,99.92,74.24,True,True,True,https://noaa-nws-rtofs-pds.s3.amazonaws.com/rtofs.20251222/rtofs_glo_3dz_f006_6hrly_hvr_US_east.nc
ARGO_GDAC,pfl,aoml/4903356/profiles/R4903356_347.nc|2025-12-27T20:58:34Z|26.74793|-90.60433,aoml/4903356/profiles/R4903356_347.nc,4903356,4903356,26.74793,-90.60433,2025-12-27T20:58:34Z,20251227,2025,944,1.0,1878.04,60.7999,True,True,True,https://noaa-nws-rtofs-pds.s3.amazonaws.com/rtofs.20251227/rtofs_glo_3dz_f006_6hrly_hvr_US_east.nc
ARGO_GDAC,pfl,aoml/4903356/profiles/R4903356_347.nc|2025-12-27T20:58:34Z|26.74793|-90.60433,aoml/4903356/profiles/R4903356_347.nc,4903356,4903356,26.74793,-90.60433,2025-12-27T20:58:34Z,20251227,2025,799,0.52,99.96,60.48,True,True,True,https://noaa-nws-rtofs-pds.s3.amazonaws.com/rtofs.20251227/rtofs_glo_3dz_f006_6hrly_hvr_US_east.nc
ARGO_GDAC,pfl,aoml/4903464/profiles/D4903464_090.nc|2024-01-05T22:21:06Z|28.44556|-88.63304,aoml/4903464/profiles/D4903464_090.nc,4903464,4903464,28.44556,-88.63304,2024-01-05T22:21:06Z,20240105,2024,736,1.12,1461.2,43.5544,True,True,False,
ARGO_GDAC,pfl,aoml/4903464/profiles/D4903464_090.nc|2024-01-05T22:21:06Z|28.44556|-88.63304,aoml/4903464/profiles/D4903464_090.nc,4903464,4903464,28.44556,-88.63304,2024-01-05T22:21:06Z,20240105,2024,878,0.68,99.96,43.295,True,True,False,
ARGO_GDAC,pfl,aoml/4903464/profiles/D4903464_091.nc|2024-01-10T22:57:15Z|28.45298|-88.64201,aoml/4903464/profiles/D4903464_091.nc,4903464,4903464,28.45298,-88.64201,2024-01-10T22:57:15Z,20240110,2024,723,1.04,1435.72,23.0779,True,True,False,
ARGO_GDAC,pfl,aoml/4903464/profiles/D4903464_091.nc|2024-01-10T22:57:15Z|28.45298|-88.64201,aoml/4903464/profiles/D4903464_091.nc,4903464,4903464,28.45298,-88.64201,2024-01-10T22:57:15Z,20240110,2024,710,0.64,99.92,23.282,True,True,False,
ARGO_GDAC,pfl,aoml/4903464/profiles/D4903464_092.nc|2024-01-15T23:30:36Z|28.46273|-88.64199,aoml/4903464/profiles/D4903464_092.nc,4903464,4903464,28.46273,-88.64199,2024-01-15T23:30:36Z,20240115,2024,723,1.0,1435.72,87.7487,True,True,False,
ARGO_GDAC,pfl,aoml/4903464/profiles/D4903464_092.nc|2024-01-15T23:30:36Z|28.46273|-88.64199,aoml/4903464/profiles/D4903464_092.nc,4903464,4903464,28.46273,-88.64199,2024-01-15T23:30:36Z,20240115,2024,880,0.56,100.0,87.2933,True,True,False,
ARGO_GDAC,pfl,aoml/4903464/profiles/D4903464_093.nc|2024-01-21T00:10:28Z|28.47630|-88.64250,aoml/4903464/profiles/D4903464_093.nc,4903464,4903464,28.4763,-88.6425,2024-01-21T00:10:28Z,20240121,2024,725,1.0,1439.2,75.0364,True,True,False,
ARGO_GDAC,pfl,aoml/4903464/profiles/D4903464_093.nc|2024-01-21T00:10:28Z|28.47630|-88.64250,aoml/4903464/profiles/D4903464_093.nc,4903464,4903464,28.4763,-88.6425,2024-01-21T00:10:28Z,20240121,2024,803,0.6,99.92,75.0703,True,True,False,
ARGO_GDAC,pfl,aoml/4903464/profiles/D4903464_094.nc|2024-01-26T00:45:04Z|28.48775|-88.64956,aoml/4903464/profiles/D4903464_094.nc,4903464,4903464,28.48775,-88.64956,2024-01-26T00:45:04Z,20240126,2024,722,1.12,1433.2,47.5021,True,True,False,
ARGO_GDAC,pfl,aoml/4903464/profiles/D4903464_094.nc|2024-01-26T00:45:04Z|28.48775|-88.64956,aoml/4903464/profiles/D4903464_094.nc,4903464,4903464,28.48775,-88.64956,2024-01-26T00:45:04Z,20240126,2024,858,0.76,99.92,47.1733,True,True,False,
ARGO_GDAC,pfl,aoml/4903464/profiles/D4903464_095.nc|2024-01-31T01:24:52Z|28.49439|-88.64684,aoml/4903464/profiles/D4903464_095.nc,4903464,4903464,28.49439,-88.64684,2024-01-31T01:24:52Z,20240131,2024,715,1.0,1419.56,88.2103,True,True,True,https://noaa-nws-rtofs-pds.s3.amazonaws.com/rtofs.20240131/rtofs_glo_3dz_f006_6hrly_hvr_US_east.nc
ARGO_GDAC,pfl,aoml/4903464/profiles/D4903464_095.nc|2024-01-31T01:24:52Z|28.49439|-88.64684,aoml/4903464/profiles/D4903464_095.nc,4903464,4903464,28.49439,-88.64684,2024-01-31T01:24:52Z,20240131,2024,844,0.56,99.88,88.6736,True,True,True,https://noaa-nws-rtofs-pds.s3.amazonaws.com/rtofs.20240131/rtofs_glo_3dz_f006_6hrly_hvr_US_east.nc
ARGO_GDAC,pfl,aoml/4903464/profiles/D4903464_096.nc|2024-02-05T02:01:32Z|28.49912|-88.63625,aoml/4903464/profiles/D4903464_096.nc,4903464,4903464,28.49912,-88.63625,2024-02-05T02:01:32Z,20240205,2024,731,0.44,1449.48,52.6894,True,True,True,https://noaa-nws-rtofs-pds.s3.amazonaws.com/rtofs.20240205/rtofs_glo_3dz_f006_6hrly_hvr_US_east.nc
ARGO_GDAC,pfl,aoml/4903464/profiles/D4903464_096.nc|2024-02-05T02:01:32Z|28.49912|-88.63625,aoml/4903464/profiles/D4903464_096.nc,4903464,4903464,28.49912,-88.63625,2024-02-05T02:01:32Z,20240205,2024,836,0.44,99.92,52.4489,True,True,True,https://noaa-nws-rtofs-pds.s3.amazonaws.com/rtofs.20240205/rtofs_glo_3dz_f006_6hrly_hvr_US_east.nc
ARGO_GDAC,pfl,aoml/4903464/profiles/D4903464_097.nc|2024-02-10T02:43:38Z|28.49623|-88.63159,aoml/4903464/profiles/D4903464_097.nc,4903464,4903464,28.49623,-88.63159,2024-02-10T02:43:38Z,20240210,2024,730,1.0,1449.04,14.3943,True,True,True,https://noaa-nws-rtofs-pds.s3.amazonaws.com/rtofs.20240210/rtofs_glo_3dz_f006_6hrly_hvr_US_east.nc
ARGO_GDAC,pfl,aoml/4903464/profiles/D4903464_097.nc|2024-02-10T02:43:38Z|28.49623|-88.63159,aoml/4903464/profiles/D4903464_097.nc,4903464,4903464,28.49623,-88.63159,2024-02-10T02:43:38Z,20240210,2024,742,0.56,99.88,14.575,True,True,True,https://noaa-nws-rtofs-pds.s3.amazonaws.com/rtofs.20240210/rtofs_glo_3dz_f006_6hrly_hvr_US_east.nc
ARGO_GDAC,pfl,aoml/4903464/profiles/D4903464_098.nc|2024-02-15T03:20:44Z|28.49026|-88.63821,aoml/4903464/profiles/D4903464_098.nc,4903464,4903464,28.49026,-88.63821,2024-02-15T03:20:44Z,20240215,2024,727,1.08,1443.8,36.2194,True,True,True,https://noaa-nws-rtofs-pds.s3.amazonaws.com/rtofs.20240215/rtofs_glo_3dz_f006_6hrly_hvr_US_east.nc
ARGO_GDAC,pfl,aoml/4903464/profiles/D4903464_098.nc|2024-02-15T03:20:44Z|28.49026|-88.63821,aoml/4903464/profiles/D4903464_098.nc,4903464,4903464,28.49026,-88.63821,2024-02-15T03:20:44Z,20240215,2024,842,0.68,99.92,36.2931,True,True,True,https://noaa-nws-rtofs-pds.s3.amazonaws.com/rtofs.20240215/rtofs_glo_3dz_f006_6hrly_hvr_US_east.nc
ARGO_GDAC,pfl,aoml/4903464/profiles/D4903464_099.nc|2024-02-20T03:57:20Z|28.48093|-88.65782,aoml/4903464/profiles/D4903464_099.nc,4903464,4903464,28.48093,-88.65782,2024-02-20T03:57:20Z,20240220,2024,722,0.96,1433.32,40.1737,True,True,True,https://noaa-nws-rtofs-pds.s3.amazonaws.com/rtofs.20240220/rtofs_glo_3dz_f006_6hrly_hvr_US_east.nc
ARGO_GDAC,pfl,aoml/4903464/profiles/D4903464_099.nc|2024-02-20T03:57:20Z|28.48093|-88.65782,aoml/4903464/profiles/D4903464_099.nc,4903464,4903464,28.48093,-88.65782,2024-02-20T03:57:20Z,20240220,2024,865,0.52,99.92,40.4538,True,True,True,https://noaa-nws-rtofs-pds.s3.amazonaws.com/rtofs.20240220/rtofs_glo_3dz_f006_6hrly_hvr_US_east.nc
ARGO_GDAC,pfl,aoml/4903464/profiles/D4903464_100.nc|2024-02-25T04:28:03Z|28.46872|-88.68341,aoml/4903464/profiles/D4903464_100.nc,4903464,4903464,28.46872,-88.68341,2024-02-25T04:28:03Z,20240225,2024,705,0.96,1399.52,40.4628,True,True,True,https://noaa-nws-rtofs-pds.s3.amazonaws.com/rtofs.20240225/rtofs_glo_3dz_f006_6hrly_hvr_US_east.nc
ARGO_GDAC,pfl,aoml/4903464/profiles/D4903464_100.nc|2024-02-25T04:28:03Z|28.46872|-88.68341,aoml/4903464/profiles/D4903464_100.nc,4903464,4903464,28.46872,-88.68341,2024-02-25T04:28:03Z,20240225,2024,874,0.56,99.92,41.0168,True,True,True,https://noaa-nws-rtofs-pds.s3.amazonaws.com/rtofs.20240225/rtofs_glo_3dz_f006_6hrly_hvr_US_east.nc
ARGO_GDAC,pfl,aoml/4903464/profiles/D4903464_101.nc|2024-03-01T04:53:27Z|28.45883|-88.69823,aoml/4903464/profiles/D4903464_101.nc,4903464,4903464,28.45883,-88.69823,2024-03-01T04:53:27Z,20240301,2024,693,0.96,1375.16,36.16,True,True,True,https://noaa-nws-rtofs-pds.s3.amazonaws.com/rtofs.20240301/rtofs_glo_3dz_f006_6hrly_hvr_US_east.nc
ARGO_GDAC,pfl,aoml/4903464/profiles/D4903464_101.nc|2024-03-01T04:53:27Z|28.45883|-88.69823,aoml/4903464/profiles/D4903464_101.nc,4903464,4903464,28.45883,-88.69823,2024-03-01T04:53:27Z,20240301,2024,867,0.6,99.96,36.688,True,True,True,https://noaa-nws-rtofs-pds.s3.amazonaws.com/rtofs.20240301/rtofs_glo_3dz_f006_6hrly_hvr_US_east.nc
ARGO_GDAC,pfl,aoml/4903464/profiles/D4903464_102.nc|2024-03-06T05:17:22Z|28.44681|-88.70114,aoml/4903464/profiles/D4903464_102.nc,4903464,4903464,28.44681,-88.70114,2024-03-06T05:17:22Z,20240306,2024,691,1.0,1371.24,23.5613,True,True,True,https://noaa-nws-rtofs-pds.s3.amazonaws.com/rtofs.20240306/rtofs_glo_3dz_f006_6hrly_hvr_US_east.nc
ARGO_GDAC,pfl,aoml/4903464/profiles/D4903464_102.nc|2024-03-06T05:17:22Z|28.44681|-88.70114,aoml/4903464/profiles/D4903464_102.nc,4903464,4903464,28.44681,-88.70114,2024-03-06T05:17:22Z,20240306,2024,858,0.68,99.92,23.4094,True,True,True,https://noaa-nws-rtofs-pds.s3.amazonaws.com/rtofs.20240306/rtofs_glo_3dz_f006_6hrly_hvr_US_east.nc
ARGO_GDAC,pfl,aoml/4903464/profiles/D4903464_103.nc|2024-03-11T05:43:32Z|28.44183|-88.70294,aoml/4903464/profiles/D4903464_103.nc,4903464,4903464,28.44183,-88.70294,2024-03-11T05:43:32Z,20240311,2024,692,1.08,1373.36,27.3497,True,True,True,https://noaa-nws-rtofs-pds.s3.amazonaws.com/rtofs.20240311/rtofs_glo_3dz_f006_6hrly_hvr_US_east.nc
ARGO_GDAC,pfl,aoml/4903464/profiles/D4903464_103.nc|2024-03-11T05:43:32Z|28.44183|-88.70294,aoml/4903464/profiles/D4903464_103.nc,4903464,4903464,28.44183,-88.70294,2024-03-11T05:43:32Z,20240311,2024,842,0.64,99.96,27.722,True,True,True,https://noaa-nws-rtofs-pds.s3.amazonaws.com/rtofs.20240311/rtofs_glo_3dz_f006_6hrly_hvr_US_east.nc
ARGO_GDAC,pfl,aoml/4903464/profiles/D4903464_104.nc|2024-03-16T06:04:43Z|28.43939|-88.71702,aoml/4903464/profiles/D4903464_104.nc,4903464,4903464,28.43939,-88.71702,2024-03-16T06:04:43Z,20240316,2024,683,1.0,1355.32,27.3414,True,True,True,https://noaa-nws-rtofs-pds.s3.amazonaws.com/rtofs.20240316/rtofs_glo_3dz_f006_6hrly_hvr_US_east.nc
ARGO_GDAC,pfl,aoml/4903464/profiles/D4903464_104.nc|2024-03-16T06:04:43Z|28.43939|-88.71702,aoml/4903464/profiles/D4903464_104.nc,4903464,4903464,28.43939,-88.71702,2024-03-16T06:04:43Z,20240316,2024,838,0.56,99.96,27.52,True,True,True,https://noaa-nws-rtofs-pds.s3.amazonaws.com/rtofs.20240316/rtofs_glo_3dz_f006_6hrly_hvr_US_east.nc
ARGO_GDAC,pfl,aoml/4903464/profiles/D4903464_105.nc|2024-03-21T06:24:25Z|28.43432|-88.73492,aoml/4903464/profiles/D4903464_105.nc,4903464,4903464,28.43432,-88.73492,2024-03-21T06:24:25Z,20240321,2024,678,0.48,1343.4,31.397,True,True,True,https://noaa-nws-rtofs-pds.s3.amazonaws.com/rtofs.20240321/rtofs_glo_3dz_f006_6hrly_hvr_US_east.nc
ARGO_GDAC,pfl,aoml/4903464/profiles/D4903464_105.nc|2024-03-21T06:24:25Z|28.43432|-88.73492,aoml/4903464/profiles/D4903464_105.nc,4903464,4903464,28.43432,-88.73492,2024-03-21T06:24:25Z,20240321,2024,860,0.48,99.96,31.4457,True,True,True,https://noaa-nws-rtofs-pds.s3.amazonaws.com/rtofs.20240321/rtofs_glo_3dz_f006_6hrly_hvr_US_east.nc
ARGO_GDAC,pfl,aoml/4903464/profiles/D4903464_106.nc|2024-03-26T06:44:02Z|28.43202|-88.74850,aoml/4903464/profiles/D4903464_106.nc,4903464,4903464,28.43202,-88.7485,2024-03-26T06:44:02Z,20240326,2024,674,0.48,1335.76,49.4535,True,True,True,https://noaa-nws-rtofs-pds.s3.amazonaws.com/rtofs.20240326/rtofs_glo_3dz_f006_6hrly_hvr_US_east.nc
ARGO_GDAC,pfl,aoml/4903464/profiles/D4903464_106.nc|2024-03-26T06:44:02Z|28.43202|-88.74850,aoml/4903464/profiles/D4903464_106.nc,4903464,4903464,28.43202,-88.7485,2024-03-26T06:44:02Z,20240326,2024,772,0.48,99.96,49.2555,True,True,True,https://noaa-nws-rtofs-pds.s3.amazonaws.com/rtofs.20240326/rtofs_glo_3dz_f006_6hrly_hvr_US_east.nc
ARGO_GDAC,pfl,aoml/4903464/profiles/D4903464_107.nc|2024-03-31T07:08:03Z|28.42756|-88.75843,aoml/4903464/profiles/D4903464_107.nc,4903464,4903464,28.42756,-88.75843,2024-03-31T07:08:03Z,20240331,2024,670,0.96,1329.68,54.4315,True,True,True,https://noaa-nws-rtofs-pds.s3.amazonaws.com/rtofs.20240331/rtofs_glo_3dz_f006_6hrly_hvr_US_east.nc
ARGO_GDAC,pfl,aoml/4903464/profiles/D4903464_107.nc|2024-03-31T07:08:03Z|28.42756|-88.75843,aoml/4903464/profiles/D4903464_107.nc,4903464,4903464,28.42756,-88.75843,2024-03-31T07:08:03Z,20240331,2024,913,0.52,100.0,54.88,True,True,True,https://noaa-nws-rtofs-pds.s3.amazonaws.com/rtofs.20240331/rtofs_glo_3dz_f006_6hrly_hvr_US_east.nc
ARGO_GDAC,pfl,aoml/4903464/profiles/D4903464_108.nc|2024-04-05T07:22:15Z|28.41913|-88.76363,aoml/4903464/profiles/D4903464_108.nc,4903464,4903464,28.41913,-88.76363,2024-04-05T07:22:15Z,20240405,2024,674,1.24,1337.28,55.2242,True,True,True,https://noaa-nws-rtofs-pds.s3.amazonaws.com/rtofs.20240405/rtofs_glo_3dz_f006_6hrly_hvr_US_east.nc
ARGO_GDAC,pfl,aoml/4903464/profiles/D4903464_108.nc|2024-04-05T07:22:15Z|28.41913|-88.76363,aoml/4903464/profiles/D4903464_108.nc,4903464,4903464,28.41913,-88.76363,2024-04-05T07:22:15Z,20240405,2024,810,1.04,100.0,55.8923,True,True,True,https://noaa-nws-rtofs-pds.s3.amazonaws.com/rtofs.20240405/rtofs_glo_3dz_f006_6hrly_hvr_US_east.nc
ARGO_GDAC,pfl,aoml/4903464/profiles/D4903464_109.nc|2024-04-10T07:41:39Z|28.40846|-88.76180,aoml/4903464/profiles/D4903464_109.nc,4903464,4903464,28.40846,-88.7618,2024-04-10T07:41:39Z,20240410,2024,683,1.0,1355.24,22.2836,True,True,True,https://noaa-nws-rtofs-pds.s3.amazonaws.com/rtofs.20240410/rtofs_glo_3dz_f006_6hrly_hvr_US_east.nc
ARGO_GDAC,pfl,aoml/4903464/profiles/D4903464_109.nc|2024-04-10T07:41:39Z|28.40846|-88.76180,aoml/4903464/profiles/D4903464_109.nc,4903464,4903464,28.40846,-88.7618,2024-04-10T07:41:39Z,20240410,2024,756,0.56,99.92,21.6314,True,True,True,https://noaa-nws-rtofs-pds.s3.amazonaws.com/rtofs.20240410/rtofs_glo_3dz_f006_6hrly_hvr_US_east.nc
ARGO_GDAC,pfl,aoml/4903464/profiles/D4903464_110.nc|2024-04-15T08:13:17Z|28.40381|-88.75308,aoml/4903464/profiles/D4903464_110.nc,4903464,4903464,28.40381,-88.75308,2024-04-15T08:13:17Z,20240415,2024,697,1.0,1383.44,41.2677,True,True,True,https://noaa-nws-rtofs-pds.s3.amazonaws.com/rtofs.20240415/rtofs_glo_3dz_f006_6hrly_hvr_US_east.nc
ARGO_GDAC,pfl,aoml/4903464/profiles/D4903464_110.nc|2024-04-15T08:13:17Z|28.40381|-88.75308,aoml/4903464/profiles/D4903464_110.nc,4903464,4903464,28.40381,-88.75308,2024-04-15T08:13:17Z,20240415,2024,865,0.56,99.88,41.4939,True,True,True,https://noaa-nws-rtofs-pds.s3.amazonaws.com/rtofs.20240415/rtofs_glo_3dz_f006_6hrly_hvr_US_east.nc
ARGO_GDAC,pfl,aoml/4903464/profiles/D4903464_111.nc|2024-04-20T08:42:06Z|28.40495|-88.74755,aoml/4903464/profiles/D4903464_111.nc,4903464,4903464,28.40495,-88.74755,2024-04-20T08:42:06Z,20240420,2024,704,1.0,1397.24,22.421,True,True,True,https://noaa-nws-rtofs-pds.s3.amazonaws.com/rtofs.20240420/rtofs_glo_3dz_f006_6hrly_hvr_US_east.nc
ARGO_GDAC,pfl,aoml/4903464/profiles/D4903464_111.nc|2024-04-20T08:42:06Z|28.40495|-88.74755,aoml/4903464/profiles/D4903464_111.nc,4903464,4903464,28.40495,-88.74755,2024-04-20T08:42:06Z,20240420,2024,833,0.52,99.96,22.568,True,True,True,https://noaa-nws-rtofs-pds.s3.amazonaws.com/rtofs.20240420/rtofs_glo_3dz_f006_6hrly_hvr_US_east.nc
ARGO_GDAC,pfl,aoml/4903464/profiles/D4903464_112.nc|2024-04-25T09:10:07Z|28.40477|-88.74854,aoml/4903464/profiles/D4903464_112.nc,4903464,4903464,28.40477,-88.74854,2024-04-25T09:10:07Z,20240425,2024,699,0.48,1385.44,41.0489,True,True,True,https://noaa-nws-rtofs-pds.s3.amazonaws.com/rtofs.20240425/rtofs_glo_3dz_f006_6hrly_hvr_US_east.nc
ARGO_GDAC,pfl,aoml/4903464/profiles/D4903464_112.nc|2024-04-25T09:10:07Z|28.40477|-88.74854,aoml/4903464/profiles/D4903464_112.nc,4903464,4903464,28.40477,-88.74854,2024-04-25T09:10:07Z,20240425,2024,860,0.48,99.92,41.2113,True,True,True,https://noaa-nws-rtofs-pds.s3.amazonaws.com/rtofs.20240425/rtofs_glo_3dz_f006_6hrly_hvr_US_east.nc
ARGO_GDAC,pfl,aoml/4903464/profiles/D4903464_113.nc|2024-04-30T09:40:10Z|28.39176|-88.75725,aoml/4903464/profiles/D4903464_113.nc,4903464,4903464,28.39176,-88.75725,2024-04-30T09:40:10Z,20240430,2024,704,1.04,1397.64,42.7217,True,True,True,https://noaa-nws-rtofs-pds.s3.amazonaws.com/rtofs.20240430/rtofs_glo_3dz_f006_6hrly_hvr_US_east.nc
ARGO_GDAC,pfl,aoml/4903464/profiles/D4903464_113.nc|2024-04-30T09:40:10Z|28.39176|-88.75725,aoml/4903464/profiles/D4903464_113.nc,4903464,4903464,28.39176,-88.75725,2024-04-30T09:40:10Z,20240430,2024,871,0.6,99.96,43.3555,True,True,True,https://noaa-nws-rtofs-pds.s3.amazonaws.com/rtofs.20240430/rtofs_glo_3dz_f006_6hrly_hvr_US_east.nc
ARGO_GDAC,pfl,aoml/4903464/profiles/D4903464_114.nc|2024-05-05T10:14:41Z|28.37422|-88.77794,aoml/4903464/profiles/D4903464_114.nc,4903464,4903464,28.37422,-88.77794,2024-05-05T10:14:41Z,20240505,2024,724,1.04,1437.64,20.445,True,True,True,https://noaa-nws-rtofs-pds.s3.amazonaws.com/rtofs.20240505/rtofs_glo_3dz_f006_6hrly_hvr_US_east.nc
ARGO_GDAC,pfl,aoml/4903464/profiles/D4903464_114.nc|2024-05-05T10:14:41Z|28.37422|-88.77794,aoml/4903464/profiles/D4903464_114.nc,4903464,4903464,28.37422,-88.77794,2024-05-05T10:14:41Z,20240505,2024,817,0.6,99.96,20.656,True,True,True,https://noaa-nws-rtofs-pds.s3.amazonaws.com/rtofs.20240505/rtofs_glo_3dz_f006_6hrly_hvr_US_east.nc
ARGO_GDAC,pfl,aoml/4903464/profiles/D4903464_115.nc|2024-05-10T10:51:03Z|28.35055|-88.79515,aoml/4903464/profiles/D4903464_115.nc,4903464,4903464,28.35055,-88.79515,2024-05-10T10:51:03Z,20240510,2024,714,0.96,1417.6,12.5149,True,True,True,https://noaa-nws-rtofs-pds.s3.amazonaws.com/rtofs.20240510/rtofs_glo_3dz_f006_6hrly_hvr_US_east.nc
ARGO_GDAC,pfl,aoml/4903464/profiles/D4903464_115.nc|2024-05-10T10:51:03Z|28.35055|-88.79515,aoml/4903464/profiles/D4903464_115.nc,4903464,4903464,28.35055,-88.79515,2024-05-10T10:51:03Z,20240510,2024,936,0.6,99.88,12.772,True,True,True,https://noaa-nws-rtofs-pds.s3.amazonaws.com/rtofs.20240510/rtofs_glo_3dz_f006_6hrly_hvr_US_east.nc
ARGO_GDAC,pfl,aoml/4903464/profiles/D4903464_116.nc|2024-05-15T11:32:59Z|28.32478|-88.80223,aoml/4903464/profiles/D4903464_116.nc,4903464,4903464,28.32478,-88.80223,2024-05-15T11:32:59Z,20240515,2024,746,1.08,1481.32,18.4254,True,True,True,https://noaa-nws-rtofs-pds.s3.amazonaws.com/rtofs.20240515/rtofs_glo_3dz_f006_6hrly_hvr_US_east.nc
ARGO_GDAC,pfl,aoml/4903464/profiles/D4903464_116.nc|2024-05-15T11:32:59Z|28.32478|-88.80223,aoml/4903464/profiles/D4903464_116.nc,4903464,4903464,28.32478,-88.80223,2024-05-15T11:32:59Z,20240515,2024,947,0.72,99.92,18.5875,True,True,True,https://noaa-nws-rtofs-pds.s3.amazonaws.com/rtofs.20240515/rtofs_glo_3dz_f006_6hrly_hvr_US_east.nc
ARGO_GDAC,pfl,aoml/4903464/profiles/D4903464_117.nc|2024-05-20T12:13:12Z|28.29104|-88.80736,aoml/4903464/profiles/D4903464_117.nc,4903464,4903464,28.29104,-88.80736,2024-05-20T12:13:12Z,20240520,2024,742,1.04,1473.08,27.0071,True,True,True,https://noaa-nws-rtofs-pds.s3.amazonaws.com/rtofs.20240520/rtofs_glo_3dz_f006_6hrly_hvr_US_east.nc
ARGO_GDAC,pfl,aoml/4903464/profiles/D4903464_117.nc|2024-05-20T12:13:12Z|28.29104|-88.80736,aoml/4903464/profiles/D4903464_117.nc,4903464,4903464,28.29104,-88.80736,2024-05-20T12:13:12Z,20240520,2024,924,0.56,99.96,27.5723,True,True,True,https://noaa-nws-rtofs-pds.s3.amazonaws.com/rtofs.20240520/rtofs_glo_3dz_f006_6hrly_hvr_US_east.nc
ARGO_GDAC,pfl,aoml/4903464/profiles/D4903464_118.nc|2024-05-25T12:42:30Z|28.25915|-88.80286,aoml/4903464/profiles/D4903464_118.nc,4903464,4903464,28.25915,-88.80286,2024-05-25T12:42:30Z,20240525,2024,720,1.2,1429.44,14.4849,True,True,True,https://noaa-nws-rtofs-pds.s3.amazonaws.com/rtofs.20240525/rtofs_glo_3dz_f006_6hrly_hvr_US_east.nc
ARGO_GDAC,pfl,aoml/4903464/profiles/D4903464_118.nc|2024-05-25T12:42:30Z|28.25915|-88.80286,aoml/4903464/profiles/D4903464_118.nc,4903464,4903464,28.25915,-88.80286,2024-05-25T12:42:30Z,20240525,2024,893,0.92,99.92,14.6636,True,True,True,https://noaa-nws-rtofs-pds.s3.amazonaws.com/rtofs.20240525/rtofs_glo_3dz_f006_6hrly_hvr_US_east.nc
ARGO_GDAC,pfl,aoml/4903464/profiles/D4903464_119.nc|2024-05-30T13:38:22Z|28.27952|-88.76042,aoml/4903464/profiles/D4903464_119.nc,4903464,4903464,28.27952,-88.76042,2024-05-30T13:38:22Z,20240530,2024,798,1.36,1585.28,11.8251,True,True,True,https://noaa-nws-rtofs-pds.s3.amazonaws.com/rtofs.20240530/rtofs_glo_3dz_f006_6hrly_hvr_US_east.nc
ARGO_GDAC,pfl,aoml/4903464/profiles/D4903464_119.nc|2024-05-30T13:38:22Z|28.27952|-88.76042,aoml/4903464/profiles/D4903464_119.nc,4903464,4903464,28.27952,-88.76042,2024-05-30T13:38:22Z,20240530,2024,915,1.28,99.96,11.32,True,True,True,https://noaa-nws-rtofs-pds.s3.amazonaws.com/rtofs.20240530/rtofs_glo_3dz_f006_6hrly_hvr_US_east.nc
ARGO_GDAC,pfl,aoml/4903464/profiles/D4903464_120.nc|2024-06-04T14:38:38Z|28.24195|-88.80768,aoml/4903464/profiles/D4903464_120.nc,4903464,4903464,28.24195,-88.80768,2024-06-04T14:38:38Z,20240604,2024,807,1.12,1603.6,11.1286,True,True,True,https://noaa-nws-rtofs-pds.s3.amazonaws.com/rtofs.20240604/rtofs_glo_3dz_f006_6hrly_hvr_US_east.nc
ARGO_GDAC,pfl,aoml/4903464/profiles/D4903464_120.nc|2024-06-04T14:38:38Z|28.24195|-88.80768,aoml/4903464/profiles/D4903464_120.nc,4903464,4903464,28.24195,-88.80768,2024-06-04T14:38:38Z,20240604,2024,891,0.8,99.96,11.6684,True,True,True,https://noaa-nws-rtofs-pds.s3.amazonaws.com/rtofs.20240604/rtofs_glo_3dz_f006_6hrly_hvr_US_east.nc
ARGO_GDAC,pfl,aoml/4903464/profiles/D4903464_121.nc|2024-06-09T15:26:42Z|28.19122|-88.85233,aoml/4903464/profiles/D4903464_121.nc,4903464,4903464,28.19122,-88.85233,2024-06-09T15:26:42Z,20240609,2024,747,1.04,1483.52,11.7918,True,True,True,https://noaa-nws-rtofs-pds.s3.amazonaws.com/rtofs.20240609/rtofs_glo_3dz_f006_6hrly_hvr_US_east.nc
ARGO_GDAC,pfl,aoml/4903464/profiles/D4903464_121.nc|2024-06-09T15:26:42Z|28.19122|-88.85233,aoml/4903464/profiles/D4903464_121.nc,4903464,4903464,28.19122,-88.85233,2024-06-09T15:26:42Z,20240609,2024,1020,0.64,100.0,11.5,True,True,True,https://noaa-nws-rtofs-pds.s3.amazonaws.com/rtofs.20240609/rtofs_glo_3dz_f006_6hrly_hvr_US_east.nc
ARGO_GDAC,pfl,aoml/4903464/profiles/D4903464_122.nc|2024-06-14T16:31:10Z|28.13590|-88.83215,aoml/4903464/profiles/D4903464_122.nc,4903464,4903464,28.1359,-88.83215,2024-06-14T16:31:10Z,20240614,2024,810,1.04,1609.36,10.5928,True,True,True,https://noaa-nws-rtofs-pds.s3.amazonaws.com/rtofs.20240614/rtofs_glo_3dz_f006_6hrly_hvr_US_east.nc
ARGO_GDAC,pfl,aoml/4903464/profiles/D4903464_122.nc|2024-06-14T16:31:10Z|28.13590|-88.83215,aoml/4903464/profiles/D4903464_122.nc,4903464,4903464,28.1359,-88.83215,2024-06-14T16:31:10Z,20240614,2024,992,0.68,99.96,10.2791,True,True,True,https://noaa-nws-rtofs-pds.s3.amazonaws.com/rtofs.20240614/rtofs_glo_3dz_f006_6hrly_hvr_US_east.nc
ARGO_GDAC,pfl,aoml/4903464/profiles/D4903464_123.nc|2024-06-19T17:31:48Z|27.99984|-88.86796,aoml/4903464/profiles/D4903464_123.nc,4903464,4903464,27.99984,-88.86796,2024-06-19T17:31:48Z,20240619,2024,795,0.92,1579.16,19.9912,True,True,True,https://noaa-nws-rtofs-pds.s3.amazonaws.com/rtofs.20240619/rtofs_glo_3dz_f006_6hrly_hvr_US_east.nc
ARGO_GDAC,pfl,aoml/4903464/profiles/D4903464_123.nc|2024-06-19T17:31:48Z|27.99984|-88.86796,aoml/4903464/profiles/D4903464_123.nc,4903464,4903464,27.99984,-88.86796,2024-06-19T17:31:48Z,20240619,2024,966,0.6,99.96,20.4129,True,True,True,https://noaa-nws-rtofs-pds.s3.amazonaws.com/rtofs.20240619/rtofs_glo_3dz_f006_6hrly_hvr_US_east.nc
ARGO_GDAC,pfl,aoml/4903464/profiles/D4903464_124.nc|2024-06-24T18:20:44Z|27.93633|-88.86750,aoml/4903464/profiles/D4903464_124.nc,4903464,4903464,27.93633,-88.8675,2024-06-24T18:20:44Z,20240624,2024,771,1.0,1531.4,26.4974,True,True,True,https://noaa-nws-rtofs-pds.s3.amazonaws.com/rtofs.20240624/rtofs_glo_3dz_f006_6hrly_hvr_US_east.nc
ARGO_GDAC,pfl,aoml/4903464/profiles/D4903464_124.nc|2024-06-24T18:20:44Z|27.93633|-88.86750,aoml/4903464/profiles/D4903464_124.nc,4903464,4903464,27.93633,-88.8675,2024-06-24T18:20:44Z,20240624,2024,867,0.6,99.92,26.8784,True,True,True,https://noaa-nws-rtofs-pds.s3.amazonaws.com/rtofs.20240624/rtofs_glo_3dz_f006_6hrly_hvr_US_east.nc
ARGO_GDAC,pfl,aoml/4903464/profiles/D4903464_125.nc|2024-06-29T19:03:24Z|27.88054|-88.88208,aoml/4903464/profiles/D4903464_125.nc,4903464,4903464,27.88054,-88.88208,2024-06-29T19:03:24Z,20240629,2024,761,1.04,1511.32,11.5469,True,True,True,https://noaa-nws-rtofs-pds.s3.amazonaws.com/rtofs.20240629/rtofs_glo_3dz_f006_6hrly_hvr_US_east.nc
ARGO_GDAC,pfl,aoml/4903464/profiles/D4903464_125.nc|2024-06-29T19:03:24Z|27.88054|-88.88208,aoml/4903464/profiles/D4903464_125.nc,4903464,4903464,27.88054,-88.88208,2024-06-29T19:03:24Z,20240629,2024,903,0.64,99.88,11.72,True,True,True,https://noaa-nws-rtofs-pds.s3.amazonaws.com/rtofs.20240629/rtofs_glo_3dz_f006_6hrly_hvr_US_east.nc
ARGO_GDAC,pfl,aoml/4903464/profiles/D4903464_126.nc|2024-07-04T19:50:16Z|27.85888|-88.82521,aoml/4903464/profiles/D4903464_126.nc,4903464,4903464,27.85888,-88.82521,2024-07-04T19:50:16Z,20240704,2024,770,0.96,1529.24,12.4859,True,True,True,https://noaa-nws-rtofs-pds.s3.amazonaws.com/rtofs.20240704/rtofs_glo_3dz_f006_6hrly_hvr_US_east.nc
ARGO_GDAC,pfl,aoml/4903464/profiles/D4903464_126.nc|2024-07-04T19:50:16Z|27.85888|-88.82521,aoml/4903464/profiles/D4903464_126.nc,4903464,4903464,27.85888,-88.82521,2024-07-04T19:50:16Z,20240704,2024,927,0.56,99.88,12.2126,True,True,True,https://noaa-nws-rtofs-pds.s3.amazonaws.com/rtofs.20240704/rtofs_glo_3dz_f006_6hrly_hvr_US_east.nc
ARGO_GDAC,pfl,aoml/4903464/profiles/D4903464_127.nc|2024-07-09T20:36:08Z|27.91344|-88.90886,aoml/4903464/profiles/D4903464_127.nc,4903464,4903464,27.91344,-88.90886,2024-07-09T20:36:08Z,20240709,2024,757,0.96,1503.56,17.802,True,True,True,https://noaa-nws-rtofs-pds.s3.amazonaws.com/rtofs.20240709/rtofs_glo_3dz_f006_6hrly_hvr_US_east.nc
ARGO_GDAC,pfl,aoml/4903464/profiles/D4903464_127.nc|2024-07-09T20:36:08Z|27.91344|-88.90886,aoml/4903464/profiles/D4903464_127.nc,4903464,4903464,27.91344,-88.90886,2024-07-09T20:36:08Z,20240709,2024,853,0.52,99.88,17.9467,True,True,True,https://noaa-nws-rtofs-pds.s3.amazonaws.com/rtofs.20240709/rtofs_glo_3dz_f006_6hrly_hvr_US_east.nc
ARGO_GDAC,pfl,aoml/4903464/profiles/D4903464_128.nc|2024-07-14T21:23:46Z|27.91991|-88.91627,aoml/4903464/profiles/D4903464_128.nc,4903464,4903464,27.91991,-88.91627,2024-07-14T21:23:46Z,20240714,2024,757,1.04,1503.36,20.9324,True,True,True,https://noaa-nws-rtofs-pds.s3.amazonaws.com/rtofs.20240714/rtofs_glo_3dz_f006_6hrly_hvr_US_east.nc
ARGO_GDAC,pfl,aoml/4903464/profiles/D4903464_128.nc|2024-07-14T21:23:46Z|27.91991|-88.91627,aoml/4903464/profiles/D4903464_128.nc,4903464,4903464,27.91991,-88.91627,2024-07-14T21:23:46Z,20240714,2024,923,0.64,99.92,20.98,True,True,True,https://noaa-nws-rtofs-pds.s3.amazonaws.com/rtofs.20240714/rtofs_glo_3dz_f006_6hrly_hvr_US_east.nc
ARGO_GDAC,pfl,aoml/4903464/profiles/D4903464_129.nc|2024-07-19T22:12:02Z|27.92416|-88.94451,aoml/4903464/profiles/D4903464_129.nc,4903464,4903464,27.92416,-88.94451,2024-07-19T22:12:02Z,20240719,2024,750,1.04,1489.08,17.2331,True,True,True,https://noaa-nws-rtofs-pds.s3.amazonaws.com/rtofs.20240719/rtofs_glo_3dz_f006_6hrly_hvr_US_east.nc
ARGO_GDAC,pfl,aoml/4903464/profiles/D4903464_129.nc|2024-07-19T22:12:02Z|27.92416|-88.94451,aoml/4903464/profiles/D4903464_129.nc,4903464,4903464,27.92416,-88.94451,2024-07-19T22:12:02Z,20240719,2024,996,0.6,100.0,17.6477,True,True,True,https://noaa-nws-rtofs-pds.s3.amazonaws.com/rtofs.20240719/rtofs_glo_3dz_f006_6hrly_hvr_US_east.nc
ARGO_GDAC,pfl,aoml/4903464/profiles/D4903464_130.nc|2024-07-24T22:53:11Z|27.93462|-88.95590,aoml/4903464/profiles/D4903464_130.nc,4903464,4903464,27.93462,-88.9559,2024-07-24T22:53:11Z,20240724,2024,738,1.08,1465.8,26.7319,True,True,True,https://noaa-nws-rtofs-pds.s3.amazonaws.com/rtofs.20240724/rtofs_glo_3dz_f006_6hrly_hvr_US_east.nc
ARGO_GDAC,pfl,aoml/4903464/profiles/D4903464_130.nc|2024-07-24T22:53:11Z|27.93462|-88.95590,aoml/4903464/profiles/D4903464_130.nc,4903464,4903464,27.93462,-88.9559,2024-07-24T22:53:11Z,20240724,2024,947,0.72,99.92,26.77,True,True,True,https://noaa-nws-rtofs-pds.s3.amazonaws.com/rtofs.20240724/rtofs_glo_3dz_f006_6hrly_hvr_US_east.nc
ARGO_GDAC,pfl,aoml/4903464/profiles/D4903464_131.nc|2024-07-29T23:30:51Z|27.96455|-88.92970,aoml/4903464/profiles/D4903464_131.nc,4903464,4903464,27.96455,-88.9297,2024-07-29T23:30:51Z,20240729,2024,721,1.04,1431.24,16.3024,True,True,True,https://noaa-nws-rtofs-pds.s3.amazonaws.com/rtofs.20240729/rtofs_glo_3dz_f006_6hrly_hvr_US_east.nc
ARGO_GDAC,pfl,aoml/4903464/profiles/D4903464_131.nc|2024-07-29T23:30:51Z|27.96455|-88.92970,aoml/4903464/profiles/D4903464_131.nc,4903464,4903464,27.96455,-88.9297,2024-07-29T23:30:51Z,20240729,2024,868,0.64,99.96,16.4622,True,True,True,https://noaa-nws-rtofs-pds.s3.amazonaws.com/rtofs.20240729/rtofs_glo_3dz_f006_6hrly_hvr_US_east.nc
ARGO_GDAC,pfl,aoml/4903464/profiles/D4903464_132.nc|2024-08-04T00:24:39Z|28.01338|-88.91794,aoml/4903464/profiles/D4903464_132.nc,4903464,4903464,28.01338,-88.91794,2024-08-04T00:24:39Z,20240804,2024,767,1.08,1523.56,12.1505,True,True,True,https://noaa-nws-rtofs-pds.s3.amazonaws.com/rtofs.20240804/rtofs_glo_3dz_f006_6hrly_hvr_US_east.nc
ARGO_GDAC,pfl,aoml/4903464/profiles/D4903464_132.nc|2024-08-04T00:24:39Z|28.01338|-88.91794,aoml/4903464/profiles/D4903464_132.nc,4903464,4903464,28.01338,-88.91794,2024-08-04T00:24:39Z,20240804,2024,939,0.68,99.96,12.28,True,True,True,https://noaa-nws-rtofs-pds.s3.amazonaws.com/rtofs.20240804/rtofs_glo_3dz_f006_6hrly_hvr_US_east.nc
ARGO_GDAC,pfl,aoml/4903464/profiles/D4903464_133.nc|2024-08-09T01:03:10Z|28.06861|-88.94654,aoml/4903464/profiles/D4903464_133.nc,4903464,4903464,28.06861,-88.94654,2024-08-09T01:03:10Z,20240809,2024,733,1.08,1455.32,19.5767,True,True,True,https://noaa-nws-rtofs-pds.s3.amazonaws.com/rtofs.20240809/rtofs_glo_3dz_f006_6hrly_hvr_US_east.nc
ARGO_GDAC,pfl,aoml/4903464/profiles/D4903464_133.nc|2024-08-09T01:03:10Z|28.06861|-88.94654,aoml/4903464/profiles/D4903464_133.nc,4903464,4903464,28.06861,-88.94654,2024-08-09T01:03:10Z,20240809,2024,868,0.68,99.96,19.88,True,True,True,https://noaa-nws-rtofs-pds.s3.amazonaws.com/rtofs.20240809/rtofs_glo_3dz_f006_6hrly_hvr_US_east.nc
ARGO_GDAC,pfl,aoml/4903464/profiles/D4903464_134.nc|2024-08-14T01:41:38Z|28.08558|-88.94644,aoml/4903464/profiles/D4903464_134.nc,4903464,4903464,28.08558,-88.94644,2024-08-14T01:41:38Z,20240814,2024,733,1.24,1455.28,12.0873,True,True,True,https://noaa-nws-rtofs-pds.s3.amazonaws.com/rtofs.20240814/rtofs_glo_3dz_f006_6hrly_hvr_US_east.nc
ARGO_GDAC,pfl,aoml/4903464/profiles/D4903464_134.nc|2024-08-14T01:41:38Z|28.08558|-88.94644,aoml/4903464/profiles/D4903464_134.nc,4903464,4903464,28.08558,-88.94644,2024-08-14T01:41:38Z,20240814,2024,947,1.08,99.88,11.83,True,True,True,https://noaa-nws-rtofs-pds.s3.amazonaws.com/rtofs.20240814/rtofs_glo_3dz_f006_6hrly_hvr_US_east.nc
ARGO_GDAC,pfl,aoml/4903464/profiles/D4903464_135.nc|2024-08-19T02:28:08Z|28.10817|-88.92071,aoml/4903464/profiles/D4903464_135.nc,4903464,4903464,28.10817,-88.92071,2024-08-19T02:28:08Z,20240819,2024,757,3.4,1507.88,10.5922,True,True,True,https://noaa-nws-rtofs-pds.s3.amazonaws.com/rtofs.20240819/rtofs_glo_3dz_f006_6hrly_hvr_US_east.nc
ARGO_GDAC,pfl,aoml/4903464/profiles/D4903464_135.nc|2024-08-19T02:28:08Z|28.10817|-88.92071,aoml/4903464/profiles/D4903464_135.nc,4903464,4903464,28.10817,-88.92071,2024-08-19T02:28:08Z,20240819,2024,1001,3.32,99.96,10.4161,True,True,True,https://noaa-nws-rtofs-pds.s3.amazonaws.com/rtofs.20240819/rtofs_glo_3dz_f006_6hrly_hvr_US_east.nc
ARGO_GDAC,pfl,aoml/4903464/profiles/D4903464_136.nc|2024-08-24T03:07:18Z|28.13894|-88.92783,aoml/4903464/profiles/D4903464_136.nc,4903464,4903464,28.13894,-88.92783,2024-08-24T03:07:18Z,20240824,2024,741,2.24,1473.68,15.2287,True,True,True,https://noaa-nws-rtofs-pds.s3.amazonaws.com/rtofs.20240824/rtofs_glo_3dz_f006_6hrly_hvr_US_east.nc
ARGO_GDAC,pfl,aoml/4903464/profiles/D4903464_136.nc|2024-08-24T03:07:18Z|28.13894|-88.92783,aoml/4903464/profiles/D4903464_136.nc,4903464,4903464,28.13894,-88.92783,2024-08-24T03:07:18Z,20240824,2024,1007,2.8,99.92,15.0593,True,True,True,https://noaa-nws-rtofs-pds.s3.amazonaws.com/rtofs.20240824/rtofs_glo_3dz_f006_6hrly_hvr_US_east.nc
ARGO_GDAC,pfl,aoml/4903464/profiles/D4903464_137.nc|2024-08-29T03:47:54Z|28.13153|-88.96344,aoml/4903464/profiles/D4903464_137.nc,4903464,4903464,28.13153,-88.96344,2024-08-29T03:47:54Z,20240829,2024,725,1.16,1439.12,12.4729,True,True,True,https://noaa-nws-rtofs-pds.s3.amazonaws.com/rtofs.20240829/rtofs_glo_3dz_f006_6hrly_hvr_US_east.nc
ARGO_GDAC,pfl,aoml/4903464/profiles/D4903464_137.nc|2024-08-29T03:47:54Z|28.13153|-88.96344,aoml/4903464/profiles/D4903464_137.nc,4903464,4903464,28.13153,-88.96344,2024-08-29T03:47:54Z,20240829,2024,1020,0.96,99.92,12.4791,True,True,True,https://noaa-nws-rtofs-pds.s3.amazonaws.com/rtofs.20240829/rtofs_glo_3dz_f006_6hrly_hvr_US_east.nc
ARGO_GDAC,pfl,aoml/4903464/profiles/D4903464_138.nc|2024-09-03T04:21:05Z|28.10246|-88.97816,aoml/4903464/profiles/D4903464_138.nc,4903464,4903464,28.10246,-88.97816,2024-09-03T04:21:05Z,20240903,2024,704,1.08,1397.8,12.572,True,True,True,https://noaa-nws-rtofs-pds.s3.amazonaws.com/rtofs.20240903/rtofs_glo_3dz_f006_6hrly_hvr_US_east.nc
ARGO_GDAC,pfl,aoml/4903464/profiles/D4903464_138.nc|2024-09-03T04:21:05Z|28.10246|-88.97816,aoml/4903464/profiles/D4903464_138.nc,4903464,4903464,28.10246,-88.97816,2024-09-03T04:21:05Z,20240903,2024,1020,1.28,100.0,12.3714,True,True,True,https://noaa-nws-rtofs-pds.s3.amazonaws.com/rtofs.20240903/rtofs_glo_3dz_f006_6hrly_hvr_US_east.nc
ARGO_GDAC,pfl,aoml/4903464/profiles/D4903464_139.nc|2024-09-08T04:52:08Z|28.08963|-88.98103,aoml/4903464/profiles/D4903464_139.nc,4903464,4903464,28.08963,-88.98103,2024-09-08T04:52:08Z,20240908,2024,709,1.0,1407.6,13.6813,True,True,True,https://noaa-nws-rtofs-pds.s3.amazonaws.com/rtofs.20240908/rtofs_glo_3dz_f006_6hrly_hvr_US_east.nc
ARGO_GDAC,pfl,aoml/4903464/profiles/D4903464_139.nc|2024-09-08T04:52:08Z|28.08963|-88.98103,aoml/4903464/profiles/D4903464_139.nc,4903464,4903464,28.08963,-88.98103,2024-09-08T04:52:08Z,20240908,2024,959,0.56,99.92,12.472,True,True,True,https://noaa-nws-rtofs-pds.s3.amazonaws.com/rtofs.20240908/rtofs_glo_3dz_f006_6hrly_hvr_US_east.nc
ARGO_GDAC,pfl,aoml/4903464/profiles/D4903464_140.nc|2024-09-13T05:19:24Z|28.07604|-88.98349,aoml/4903464/profiles/D4903464_140.nc,4903464,4903464,28.07604,-88.98349,2024-09-13T05:19:24Z,20240913,2024,700,1.0,1389.8,17.39,True,True,True,https://noaa-nws-rtofs-pds.s3.amazonaws.com/rtofs.20240913/rtofs_glo_3dz_f006_6hrly_hvr_US_east.nc
ARGO_GDAC,pfl,aoml/4903464/profiles/D4903464_140.nc|2024-09-13T05:19:24Z|28.07604|-88.98349,aoml/4903464/profiles/D4903464_140.nc,4903464,4903464,28.07604,-88.98349,2024-09-13T05:19:24Z,20240913,2024,900,0.6,99.96,17.61,True,True,True,https://noaa-nws-rtofs-pds.s3.amazonaws.com/rtofs.20240913/rtofs_glo_3dz_f006_6hrly_hvr_US_east.nc
ARGO_GDAC,pfl,aoml/4903464/profiles/D4903464_141.nc|2024-09-18T05:47:45Z|28.06447|-88.99196,aoml/4903464/profiles/D4903464_141.nc,4903464,4903464,28.06447,-88.99196,2024-09-18T05:47:45Z,20240918,2024,699,1.08,1387.72,30.4577,True,True,True,https://noaa-nws-rtofs-pds.s3.amazonaws.com/rtofs.20240918/rtofs_glo_3dz_f006_6hrly_hvr_US_east.nc
ARGO_GDAC,pfl,aoml/4903464/profiles/D4903464_141.nc|2024-09-18T05:47:45Z|28.06447|-88.99196,aoml/4903464/profiles/D4903464_141.nc,4903464,4903464,28.06447,-88.99196,2024-09-18T05:47:45Z,20240918,2024,971,0.64,99.96,31.3291,True,True,True,https://noaa-nws-rtofs-pds.s3.amazonaws.com/rtofs.20240918/rtofs_glo_3dz_f006_6hrly_hvr_US_east.nc
ARGO_GDAC,pfl,aoml/4903464/profiles/D4903464_142.nc|2024-09-23T06:14:35Z|28.04888|-89.00171,aoml/4903464/profiles/D4903464_142.nc,4903464,4903464,28.04888,-89.00171,2024-09-23T06:14:35Z,20240923,2024,691,1.08,1371.28,28.498,True,True,True,https://noaa-nws-rtofs-pds.s3.amazonaws.com/rtofs.20240923/rtofs_glo_3dz_f006_6hrly_hvr_US_east.nc
ARGO_GDAC,pfl,aoml/4903464/profiles/D4903464_142.nc|2024-09-23T06:14:35Z|28.04888|-89.00171,aoml/4903464/profiles/D4903464_142.nc,4903464,4903464,28.04888,-89.00171,2024-09-23T06:14:35Z,20240923,2024,994,0.64,99.96,28.7349,True,True,True,https://noaa-nws-rtofs-pds.s3.amazonaws.com/rtofs.20240923/rtofs_glo_3dz_f006_6hrly_hvr_US_east.nc
ARGO_GDAC,pfl,aoml/4903464/profiles/D4903464_143.nc|2024-09-28T06:48:09Z|28.03658|-89.01035,aoml/4903464/profiles/D4903464_143.nc,4903464,4903464,28.03658,-89.01035,2024-09-28T06:48:09Z,20240928,2024,686,1.04,1361.12,30.6913,True,True,True,https://noaa-nws-rtofs-pds.s3.amazonaws.com/rtofs.20240928/rtofs_glo_3dz_f006_6hrly_hvr_US_east.nc
ARGO_GDAC,pfl,aoml/4903464/profiles/D4903464_143.nc|2024-09-28T06:48:09Z|28.03658|-89.01035,aoml/4903464/profiles/D4903464_143.nc,4903464,4903464,28.03658,-89.01035,2024-09-28T06:48:09Z,20240928,2024,961,0.68,99.92,30.8147,True,True,True,https://noaa-nws-rtofs-pds.s3.amazonaws.com/rtofs.20240928/rtofs_glo_3dz_f006_6hrly_hvr_US_east.nc
ARGO_GDAC,pfl,aoml/4903464/profiles/D4903464_144.nc|2024-10-03T07:15:41Z|28.00874|-89.00632,aoml/4903464/profiles/D4903464_144.nc,4903464,4903464,28.00874,-89.00632,2024-10-03T07:15:41Z,20241003,2024,668,1.04,1325.72,29.5515,True,True,True,https://noaa-nws-rtofs-pds.s3.amazonaws.com/rtofs.20241003/rtofs_glo_3dz_f006_6hrly_hvr_US_east.nc
ARGO_GDAC,pfl,aoml/4903464/profiles/D4903464_144.nc|2024-10-03T07:15:41Z|28.00874|-89.00632,aoml/4903464/profiles/D4903464_144.nc,4903464,4903464,28.00874,-89.00632,2024-10-03T07:15:41Z,20241003,2024,835,0.56,99.96,29.485,True,True,True,https://noaa-nws-rtofs-pds.s3.amazonaws.com/rtofs.20241003/rtofs_glo_3dz_f006_6hrly_hvr_US_east.nc
ARGO_GDAC,pfl,aoml/4903466/profiles/D4903466_090.nc|2024-01-02T05:18:56Z|24.83975|-86.03801,aoml/4903466/profiles/D4903466_090.nc,4903466,4903466,24.83975,-86.03801,2024-01-02T05:18:56Z,20240102,2024,1007,1.04,2003.36,89.6443,True,True,False,
ARGO_GDAC,pfl,aoml/4903466/profiles/D4903466_090.nc|2024-01-02T05:18:56Z|24.83975|-86.03801,aoml/4903466/profiles/D4903466_090.nc,4903466,4903466,24.83975,-86.03801,2024-01-02T05:18:56Z,20240102,2024,839,0.68,99.96,89.69,True,True,False,
ARGO_GDAC,pfl,aoml/4903466/profiles/D4903466_091.nc|2024-01-07T06:42:06Z|24.56679|-86.31781,aoml/4903466/profiles/D4903466_091.nc,4903466,4903466,24.56679,-86.31781,2024-01-07T06:42:06Z,20240107,2024,1011,0.48,2009.56,79.535,True,True,False,
ARGO_GDAC,pfl,aoml/4903466/profiles/D4903466_091.nc|2024-01-07T06:42:06Z|24.56679|-86.31781,aoml/4903466/profiles/D4903466_091.nc,4903466,4903466,24.56679,-86.31781,2024-01-07T06:42:06Z,20240107,2024,832,0.48,99.92,79.28,True,True,False,
ARGO_GDAC,pfl,aoml/4903466/profiles/D4903466_092.nc|2024-01-12T08:17:54Z|24.19566|-85.80773,aoml/4903466/profiles/D4903466_092.nc,4903466,4903466,24.19566,-85.80773,2024-01-12T08:17:54Z,20240112,2024,1011,0.92,2011.4,42.2579,True,True,False,
ARGO_GDAC,pfl,aoml/4903466/profiles/D4903466_092.nc|2024-01-12T08:17:54Z|24.19566|-85.80773,aoml/4903466/profiles/D4903466_092.nc,4903466,4903466,24.19566,-85.80773,2024-01-12T08:17:54Z,20240112,2024,843,0.52,99.88,41.7314,True,True,False,
ARGO_GDAC,pfl,aoml/4903466/profiles/D4903466_093.nc|2024-01-17T09:59:10Z|24.44278|-85.55718,aoml/4903466/profiles/D4903466_093.nc,4903466,4903466,24.44278,-85.55718,2024-01-17T09:59:10Z,20240117,2024,1009,1.04,2008.16,144.6228,True,False,False,
ARGO_GDAC,pfl,aoml/4903466/profiles/D4903466_093.nc|2024-01-17T09:59:10Z|24.44278|-85.55718,aoml/4903466/profiles/D4903466_093.nc,4903466,4903466,24.44278,-85.55718,2024-01-17T09:59:10Z,20240117,2024,848,0.6,99.96,,False,False,False,
ARGO_GDAC,pfl,aoml/4903466/profiles/D4903466_094.nc|2024-01-22T11:39:38Z|24.46511|-85.96451,aoml/4903466/profiles/D4903466_094.nc,4903466,4903466,24.46511,-85.96451,2024-01-22T11:39:38Z,20240122,2024,1010,0.96,2009.76,147.4725,True,False,False,
ARGO_GDAC,pfl,aoml/4903466/profiles/D4903466_094.nc|2024-01-22T11:39:38Z|24.46511|-85.96451,aoml/4903466/profiles/D4903466_094.nc,4903466,4903466,24.46511,-85.96451,2024-01-22T11:39:38Z,20240122,2024,910,0.52,99.96,,False,False,False,
ARGO_GDAC,pfl,aoml/4903466/profiles/D4903466_095.nc|2024-01-27T13:25:13Z|24.13871|-86.07907,aoml/4903466/profiles/D4903466_095.nc,4903466,4903466,24.13871,-86.07907,2024-01-27T13:25:13Z,20240127,2024,1009,1.0,2007.56,149.171,True,False,True,https://noaa-nws-rtofs-pds.s3.amazonaws.com/rtofs.20240127/rtofs_glo_3dz_f006_6hrly_hvr_US_east.nc
ARGO_GDAC,pfl,aoml/4903466/profiles/D4903466_095.nc|2024-01-27T13:25:13Z|24.13871|-86.07907,aoml/4903466/profiles/D4903466_095.nc,4903466,4903466,24.13871,-86.07907,2024-01-27T13:25:13Z,20240127,2024,803,0.6,99.88,,False,False,True,https://noaa-nws-rtofs-pds.s3.amazonaws.com/rtofs.20240127/rtofs_glo_3dz_f006_6hrly_hvr_US_east.nc
ARGO_GDAC,pfl,aoml/4903466/profiles/D4903466_096.nc|2024-02-01T14:59:40Z|23.82891|-85.75209,aoml/4903466/profiles/D4903466_096.nc,4903466,4903466,23.82891,-85.75209,2024-02-01T14:59:40Z,20240201,2024,1011,0.96,2011.8,143.0952,True,False,True,https://noaa-nws-rtofs-pds.s3.amazonaws.com/rtofs.20240201/rtofs_glo_3dz_f006_6hrly_hvr_US_east.nc
ARGO_GDAC,pfl,aoml/4903466/profiles/D4903466_096.nc|2024-02-01T14:59:40Z|23.82891|-85.75209,aoml/4903466/profiles/D4903466_096.nc,4903466,4903466,23.82891,-85.75209,2024-02-01T14:59:40Z,20240201,2024,770,0.56,99.96,,False,False,True,https://noaa-nws-rtofs-pds.s3.amazonaws.com/rtofs.20240201/rtofs_glo_3dz_f006_6hrly_hvr_US_east.nc
ARGO_GDAC,pfl,aoml/4903466/profiles/D4903466_097.nc|2024-02-06T16:28:07Z|23.78309|-85.31225,aoml/4903466/profiles/D4903466_097.nc,4903466,4903466,23.78309,-85.31225,2024-02-06T16:28:07Z,20240206,2024,1007,0.96,2003.68,78.1875,True,True,True,https://noaa-nws-rtofs-pds.s3.amazonaws.com/rtofs.20240206/rtofs_glo_3dz_f006_6hrly_hvr_US_east.nc
ARGO_GDAC,pfl,aoml/4903466/profiles/D4903466_097.nc|2024-02-06T16:28:07Z|23.78309|-85.31225,aoml/4903466/profiles/D4903466_097.nc,4903466,4903466,23.78309,-85.31225,2024-02-06T16:28:07Z,20240206,2024,842,0.6,100.0,78.164,True,True,True,https://noaa-nws-rtofs-pds.s3.amazonaws.com/rtofs.20240206/rtofs_glo_3dz_f006_6hrly_hvr_US_east.nc
ARGO_GDAC,pfl,aoml/4903466/profiles/D4903466_098.nc|2024-02-11T17:50:19Z|23.63569|-85.05520,aoml/4903466/profiles/D4903466_098.nc,4903466,4903466,23.63569,-85.0552,2024-02-11T17:50:19Z,20240211,2024,1010,1.04,2009.6,129.3232,True,False,True,https://noaa-nws-rtofs-pds.s3.amazonaws.com/rtofs.20240211/rtofs_glo_3dz_f006_6hrly_hvr_US_east.nc
ARGO_GDAC,pfl,aoml/4903466/profiles/D4903466_098.nc|2024-02-11T17:50:19Z|23.63569|-85.05520,aoml/4903466/profiles/D4903466_098.nc,4903466,4903466,23.63569,-85.0552,2024-02-11T17:50:19Z,20240211,2024,783,0.72,99.92,,False,False,True,https://noaa-nws-rtofs-pds.s3.amazonaws.com/rtofs.20240211/rtofs_glo_3dz_f006_6hrly_hvr_US_east.nc
ARGO_GDAC,pfl,aoml/4903466/profiles/D4903466_099.nc|2024-02-16T19:31:54Z|23.55233|-84.82935,aoml/4903466/profiles/D4903466_099.nc,4903466,4903466,23.55233,-84.82935,2024-02-16T19:31:54Z,20240216,2024,1009,1.08,2007.68,89.4133,True,True,True,https://noaa-nws-rtofs-pds.s3.amazonaws.com/rtofs.20240216/rtofs_glo_3dz_f006_6hrly_hvr_US_east.nc
ARGO_GDAC,pfl,aoml/4903466/profiles/D4903466_099.nc|2024-02-16T19:31:54Z|23.55233|-84.82935,aoml/4903466/profiles/D4903466_099.nc,4903466,4903466,23.55233,-84.82935,2024-02-16T19:31:54Z,20240216,2024,808,0.76,100.0,89.5486,True,True,True,https://noaa-nws-rtofs-pds.s3.amazonaws.com/rtofs.20240216/rtofs_glo_3dz_f006_6hrly_hvr_US_east.nc
ARGO_GDAC,pfl,aoml/4903466/profiles/D4903466_100.nc|2024-02-21T20:54:23Z|23.50052|-84.78229,aoml/4903466/profiles/D4903466_100.nc,4903466,4903466,23.50052,-84.78229,2024-02-21T20:54:23Z,20240221,2024,1008,1.12,2005.2,127.5674,True,False,True,https://noaa-nws-rtofs-pds.s3.amazonaws.com/rtofs.20240221/rtofs_glo_3dz_f006_6hrly_hvr_US_east.nc
ARGO_GDAC,pfl,aoml/4903466/profiles/D4903466_100.nc|2024-02-21T20:54:23Z|23.50052|-84.78229,aoml/4903466/profiles/D4903466_100.nc,4903466,4903466,23.50052,-84.78229,2024-02-21T20:54:23Z,20240221,2024,867,0.72,99.88,,False,False,True,https://noaa-nws-rtofs-pds.s3.amazonaws.com/rtofs.20240221/rtofs_glo_3dz_f006_6hrly_hvr_US_east.nc
ARGO_GDAC,pfl,aoml/4903466/profiles/D4903466_101.nc|2024-02-26T22:17:48Z|23.42838|-84.59919,aoml/4903466/profiles/D4903466_101.nc,4903466,4903466,23.42838,-84.59919,2024-02-26T22:17:48Z,20240226,2024,1009,0.96,2007.04,144.1056,True,False,True,https://noaa-nws-rtofs-pds.s3.amazonaws.com/rtofs.20240226/rtofs_glo_3dz_f006_6hrly_hvr_US_east.nc
ARGO_GDAC,pfl,aoml/4903466/profiles/D4903466_101.nc|2024-02-26T22:17:48Z|23.42838|-84.59919,aoml/4903466/profiles/D4903466_101.nc,4903466,4903466,23.42838,-84.59919,2024-02-26T22:17:48Z,20240226,2024,797,0.52,99.96,,False,False,True,https://noaa-nws-rtofs-pds.s3.amazonaws.com/rtofs.20240226/rtofs_glo_3dz_f006_6hrly_hvr_US_east.nc
ARGO_GDAC,pfl,aoml/4903466/profiles/D4903466_102.nc|2024-03-02T23:57:59Z|23.25852|-84.52501,aoml/4903466/profiles/D4903466_102.nc,4903466,4903466,23.25852,-84.52501,2024-03-02T23:57:59Z,20240302,2024,1010,1.04,2009.52,117.7035,True,False,True,https://noaa-nws-rtofs-pds.s3.amazonaws.com/rtofs.20240302/rtofs_glo_3dz_f006_6hrly_hvr_US_east.nc
ARGO_GDAC,pfl,aoml/4903466/profiles/D4903466_102.nc|2024-03-02T23:57:59Z|23.25852|-84.52501,aoml/4903466/profiles/D4903466_102.nc,4903466,4903466,23.25852,-84.52501,2024-03-02T23:57:59Z,20240302,2024,810,0.64,99.96,,False,False,True,https://noaa-nws-rtofs-pds.s3.amazonaws.com/rtofs.20240302/rtofs_glo_3dz_f006_6hrly_hvr_US_east.nc
ARGO_GDAC,pfl,aoml/4903466/profiles/D4903466_103.nc|2024-03-08T01:13:32Z|23.20664|-84.27577,aoml/4903466/profiles/D4903466_103.nc,4903466,4903466,23.20664,-84.27577,2024-03-08T01:13:32Z,20240308,2024,1007,1.04,2004.0,76.3035,True,True,True,https://noaa-nws-rtofs-pds.s3.amazonaws.com/rtofs.20240308/rtofs_glo_3dz_f006_6hrly_hvr_US_east.nc
ARGO_GDAC,pfl,aoml/4903466/profiles/D4903466_103.nc|2024-03-08T01:13:32Z|23.20664|-84.27577,aoml/4903466/profiles/D4903466_103.nc,4903466,4903466,23.20664,-84.27577,2024-03-08T01:13:32Z,20240308,2024,848,0.64,99.96,76.77,True,True,True,https://noaa-nws-rtofs-pds.s3.amazonaws.com/rtofs.20240308/rtofs_glo_3dz_f006_6hrly_hvr_US_east.nc
ARGO_GDAC,pfl,aoml/4903466/profiles/D4903466_104.nc|2024-03-13T02:43:26Z|23.26925|-84.23992,aoml/4903466/profiles/D4903466_104.nc,4903466,4903466,23.26925,-84.23992,2024-03-13T02:43:26Z,20240313,2024,1009,1.0,2007.88,83.7163,True,True,True,https://noaa-nws-rtofs-pds.s3.amazonaws.com/rtofs.20240313/rtofs_glo_3dz_f006_6hrly_hvr_US_east.nc
ARGO_GDAC,pfl,aoml/4903466/profiles/D4903466_104.nc|2024-03-13T02:43:26Z|23.26925|-84.23992,aoml/4903466/profiles/D4903466_104.nc,4903466,4903466,23.26925,-84.23992,2024-03-13T02:43:26Z,20240313,2024,835,0.6,99.92,84.13,True,True,True,https://noaa-nws-rtofs-pds.s3.amazonaws.com/rtofs.20240313/rtofs_glo_3dz_f006_6hrly_hvr_US_east.nc
ARGO_GDAC,pfl,aoml/4903466/profiles/D4903466_105.nc|2024-03-18T04:06:15Z|23.30504|-84.22226,aoml/4903466/profiles/D4903466_105.nc,4903466,4903466,23.30504,-84.22226,2024-03-18T04:06:15Z,20240318,2024,1009,1.04,2007.8,48.4192,True,True,True,https://noaa-nws-rtofs-pds.s3.amazonaws.com/rtofs.20240318/rtofs_glo_3dz_f006_6hrly_hvr_US_east.nc
ARGO_GDAC,pfl,aoml/4903466/profiles/D4903466_105.nc|2024-03-18T04:06:15Z|23.30504|-84.22226,aoml/4903466/profiles/D4903466_105.nc,4903466,4903466,23.30504,-84.22226,2024-03-18T04:06:15Z,20240318,2024,826,0.68,99.96,48.86,True,True,True,https://noaa-nws-rtofs-pds.s3.amazonaws.com/rtofs.20240318/rtofs_glo_3dz_f006_6hrly_hvr_US_east.nc
ARGO_GDAC,pfl,aoml/4903466/profiles/D4903466_106.nc|2024-03-23T05:33:23Z|23.37681|-84.26115,aoml/4903466/profiles/D4903466_106.nc,4903466,4903466,23.37681,-84.26115,2024-03-23T05:33:23Z,20240323,2024,1009,0.44,2005.72,78.3178,True,True,True,https://noaa-nws-rtofs-pds.s3.amazonaws.com/rtofs.20240323/rtofs_glo_3dz_f006_6hrly_hvr_US_east.nc
ARGO_GDAC,pfl,aoml/4903466/profiles/D4903466_106.nc|2024-03-23T05:33:23Z|23.37681|-84.26115,aoml/4903466/profiles/D4903466_106.nc,4903466,4903466,23.37681,-84.26115,2024-03-23T05:33:23Z,20240323,2024,799,0.44,99.92,78.128,True,True,True,https://noaa-nws-rtofs-pds.s3.amazonaws.com/rtofs.20240323/rtofs_glo_3dz_f006_6hrly_hvr_US_east.nc
ARGO_GDAC,pfl,aoml/4903466/profiles/D4903466_107.nc|2024-03-28T07:20:27Z|23.53196|-84.24796,aoml/4903466/profiles/D4903466_107.nc,4903466,4903466,23.53196,-84.24796,2024-03-28T07:20:27Z,20240328,2024,1008,1.04,2005.12,104.6541,True,False,True,https://noaa-nws-rtofs-pds.s3.amazonaws.com/rtofs.20240328/rtofs_glo_3dz_f006_6hrly_hvr_US_east.nc
ARGO_GDAC,pfl,aoml/4903466/profiles/D4903466_107.nc|2024-03-28T07:20:27Z|23.53196|-84.24796,aoml/4903466/profiles/D4903466_107.nc,4903466,4903466,23.53196,-84.24796,2024-03-28T07:20:27Z,20240328,2024,810,0.72,100.0,,False,False,True,https://noaa-nws-rtofs-pds.s3.amazonaws.com/rtofs.20240328/rtofs_glo_3dz_f006_6hrly_hvr_US_east.nc
ARGO_GDAC,pfl,aoml/4903466/profiles/D4903466_108.nc|2024-04-02T08:51:09Z|23.58705|-84.18423,aoml/4903466/profiles/D4903466_108.nc,4903466,4903466,23.58705,-84.18423,2024-04-02T08:51:09Z,20240402,2024,1008,1.04,2006.08,27.3855,True,True,True,https://noaa-nws-rtofs-pds.s3.amazonaws.com/rtofs.20240402/rtofs_glo_3dz_f006_6hrly_hvr_US_east.nc
ARGO_GDAC,pfl,aoml/4903466/profiles/D4903466_108.nc|2024-04-02T08:51:09Z|23.58705|-84.18423,aoml/4903466/profiles/D4903466_108.nc,4903466,4903466,23.58705,-84.18423,2024-04-02T08:51:09Z,20240402,2024,803,0.56,99.92,26.5999,True,True,True,https://noaa-nws-rtofs-pds.s3.amazonaws.com/rtofs.20240402/rtofs_glo_3dz_f006_6hrly_hvr_US_east.nc
ARGO_GDAC,pfl,aoml/4903466/profiles/D4903466_109.nc|2024-04-07T10:17:42Z|23.63257|-84.07574,aoml/4903466/profiles/D4903466_109.nc,4903466,4903466,23.63257,-84.07574,2024-04-07T10:17:42Z,20240407,2024,1008,1.0,2005.24,21.5686,True,True,True,https://noaa-nws-rtofs-pds.s3.amazonaws.com/rtofs.20240407/rtofs_glo_3dz_f006_6hrly_hvr_US_east.nc
ARGO_GDAC,pfl,aoml/4903466/profiles/D4903466_109.nc|2024-04-07T10:17:42Z|23.63257|-84.07574,aoml/4903466/profiles/D4903466_109.nc,4903466,4903466,23.63257,-84.07574,2024-04-07T10:17:42Z,20240407,2024,825,0.56,99.96,21.3201,True,True,True,https://noaa-nws-rtofs-pds.s3.amazonaws.com/rtofs.20240407/rtofs_glo_3dz_f006_6hrly_hvr_US_east.nc
ARGO_GDAC,pfl,aoml/4903466/profiles/D4903466_110.nc|2024-04-12T11:40:03Z|23.59892|-83.99715,aoml/4903466/profiles/D4903466_110.nc,4903466,4903466,23.59892,-83.99715,2024-04-12T11:40:03Z,20240412,2024,1010,1.04,2009.36,45.7068,True,True,True,https://noaa-nws-rtofs-pds.s3.amazonaws.com/rtofs.20240412/rtofs_glo_3dz_f006_6hrly_hvr_US_east.nc
ARGO_GDAC,pfl,aoml/4903466/profiles/D4903466_110.nc|2024-04-12T11:40:03Z|23.59892|-83.99715,aoml/4903466/profiles/D4903466_110.nc,4903466,4903466,23.59892,-83.99715,2024-04-12T11:40:03Z,20240412,2024,793,0.6,100.0,46.0463,True,True,True,https://noaa-nws-rtofs-pds.s3.amazonaws.com/rtofs.20240412/rtofs_glo_3dz_f006_6hrly_hvr_US_east.nc
ARGO_GDAC,pfl,aoml/4903466/profiles/D4903466_111.nc|2024-04-17T13:15:08Z|23.62530|-83.95345,aoml/4903466/profiles/D4903466_111.nc,4903466,4903466,23.6253,-83.95345,2024-04-17T13:15:08Z,20240417,2024,1006,1.04,2002.08,72.8504,True,True,True,https://noaa-nws-rtofs-pds.s3.amazonaws.com/rtofs.20240417/rtofs_glo_3dz_f006_6hrly_hvr_US_east.nc
ARGO_GDAC,pfl,aoml/4903466/profiles/D4903466_111.nc|2024-04-17T13:15:08Z|23.62530|-83.95345,aoml/4903466/profiles/D4903466_111.nc,4903466,4903466,23.6253,-83.95345,2024-04-17T13:15:08Z,20240417,2024,787,0.64,99.96,72.701,True,True,True,https://noaa-nws-rtofs-pds.s3.amazonaws.com/rtofs.20240417/rtofs_glo_3dz_f006_6hrly_hvr_US_east.nc
ARGO_GDAC,pfl,aoml/4903466/profiles/D4903466_112.nc|2024-04-22T14:34:41Z|23.56991|-83.88340,aoml/4903466/profiles/D4903466_112.nc,4903466,4903466,23.56991,-83.8834,2024-04-22T14:34:41Z,20240422,2024,1009,0.44,2005.68,27.8303,True,True,True,https://noaa-nws-rtofs-pds.s3.amazonaws.com/rtofs.20240422/rtofs_glo_3dz_f006_6hrly_hvr_US_east.nc
ARGO_GDAC,pfl,aoml/4903466/profiles/D4903466_112.nc|2024-04-22T14:34:41Z|23.56991|-83.88340,aoml/4903466/profiles/D4903466_112.nc,4903466,4903466,23.56991,-83.8834,2024-04-22T14:34:41Z,20240422,2024,805,0.44,100.0,28.1525,True,True,True,https://noaa-nws-rtofs-pds.s3.amazonaws.com/rtofs.20240422/rtofs_glo_3dz_f006_6hrly_hvr_US_east.nc
ARGO_GDAC,pfl,aoml/4903466/profiles/D4903466_113.nc|2024-04-27T15:41:51Z|23.46382|-83.80787,aoml/4903466/profiles/D4903466_113.nc,4903466,4903466,23.46382,-83.80787,2024-04-27T15:41:51Z,20240427,2024,881,1.16,1751.92,14.0591,True,True,True,https://noaa-nws-rtofs-pds.s3.amazonaws.com/rtofs.20240427/rtofs_glo_3dz_f006_6hrly_hvr_US_east.nc
ARGO_GDAC,pfl,aoml/4903466/profiles/D4903466_113.nc|2024-04-27T15:41:51Z|23.46382|-83.80787,aoml/4903466/profiles/D4903466_113.nc,4903466,4903466,23.46382,-83.80787,2024-04-27T15:41:51Z,20240427,2024,747,0.96,99.96,13.8762,True,True,True,https://noaa-nws-rtofs-pds.s3.amazonaws.com/rtofs.20240427/rtofs_glo_3dz_f006_6hrly_hvr_US_east.nc
ARGO_GDAC,pfl,aoml/4903466/profiles/D4903466_114.nc|2024-05-02T17:04:30Z|23.45781|-83.72972,aoml/4903466/profiles/D4903466_114.nc,4903466,4903466,23.45781,-83.72972,2024-05-02T17:04:30Z,20240502,2024,903,1.08,1795.32,24.3675,True,True,True,https://noaa-nws-rtofs-pds.s3.amazonaws.com/rtofs.20240502/rtofs_glo_3dz_f006_6hrly_hvr_US_east.nc
ARGO_GDAC,pfl,aoml/4903466/profiles/D4903466_114.nc|2024-05-02T17:04:30Z|23.45781|-83.72972,aoml/4903466/profiles/D4903466_114.nc,4903466,4903466,23.45781,-83.72972,2024-05-02T17:04:30Z,20240502,2024,825,0.6,100.0,24.92,True,True,True,https://noaa-nws-rtofs-pds.s3.amazonaws.com/rtofs.20240502/rtofs_glo_3dz_f006_6hrly_hvr_US_east.nc
ARGO_GDAC,pfl,aoml/4903466/profiles/D4903466_115.nc|2024-05-07T18:33:49Z|23.56513|-83.75522,aoml/4903466/profiles/D4903466_115.nc,4903466,4903466,23.56513,-83.75522,2024-05-07T18:33:49Z,20240507,2024,1011,1.0,2011.6,36.1237,True,True,True,https://noaa-nws-rtofs-pds.s3.amazonaws.com/rtofs.20240507/rtofs_glo_3dz_f006_6hrly_hvr_US_east.nc
ARGO_GDAC,pfl,aoml/4903466/profiles/D4903466_115.nc|2024-05-07T18:33:49Z|23.56513|-83.75522,aoml/4903466/profiles/D4903466_115.nc,4903466,4903466,23.56513,-83.75522,2024-05-07T18:33:49Z,20240507,2024,894,0.68,99.88,36.4138,True,True,True,https://noaa-nws-rtofs-pds.s3.amazonaws.com/rtofs.20240507/rtofs_glo_3dz_f006_6hrly_hvr_US_east.nc
ARGO_GDAC,pfl,aoml/4903466/profiles/D4903466_116.nc|2024-05-12T20:06:45Z|23.61516|-83.77889,aoml/4903466/profiles/D4903466_116.nc,4903466,4903466,23.61516,-83.77889,2024-05-12T20:06:45Z,20240512,2024,1010,1.0,2009.32,17.4061,True,True,True,https://noaa-nws-rtofs-pds.s3.amazonaws.com/rtofs.20240512/rtofs_glo_3dz_f006_6hrly_hvr_US_east.nc
ARGO_GDAC,pfl,aoml/4903466/profiles/D4903466_116.nc|2024-05-12T20:06:45Z|23.61516|-83.77889,aoml/4903466/profiles/D4903466_116.nc,4903466,4903466,23.61516,-83.77889,2024-05-12T20:06:45Z,20240512,2024,828,0.56,99.88,16.4534,True,True,True,https://noaa-nws-rtofs-pds.s3.amazonaws.com/rtofs.20240512/rtofs_glo_3dz_f006_6hrly_hvr_US_east.nc
ARGO_GDAC,pfl,aoml/4903466/profiles/D4903466_117.nc|2024-05-17T21:36:53Z|23.60256|-83.78157,aoml/4903466/profiles/D4903466_117.nc,4903466,4903466,23.60256,-83.78157,2024-05-17T21:36:53Z,20240517,2024,1007,1.12,2003.6,26.599,True,True,True,https://noaa-nws-rtofs-pds.s3.amazonaws.com/rtofs.20240517/rtofs_glo_3dz_f006_6hrly_hvr_US_east.nc
ARGO_GDAC,pfl,aoml/4903466/profiles/D4903466_117.nc|2024-05-17T21:36:53Z|23.60256|-83.78157,aoml/4903466/profiles/D4903466_117.nc,4903466,4903466,23.60256,-83.78157,2024-05-17T21:36:53Z,20240517,2024,858,0.72,99.92,26.56,True,True,True,https://noaa-nws-rtofs-pds.s3.amazonaws.com/rtofs.20240517/rtofs_glo_3dz_f006_6hrly_hvr_US_east.nc
ARGO_GDAC,pfl,aoml/4903466/profiles/D4903466_118.nc|2024-05-22T23:08:16Z|23.45959|-83.69978,aoml/4903466/profiles/D4903466_118.nc,4903466,4903466,23.45959,-83.69978,2024-05-22T23:08:16Z,20240522,2024,1007,1.0,2003.96,13.3077,True,True,True,https://noaa-nws-rtofs-pds.s3.amazonaws.com/rtofs.20240522/rtofs_glo_3dz_f006_6hrly_hvr_US_east.nc
ARGO_GDAC,pfl,aoml/4903466/profiles/D4903466_118.nc|2024-05-22T23:08:16Z|23.45959|-83.69978,aoml/4903466/profiles/D4903466_118.nc,4903466,4903466,23.45959,-83.69978,2024-05-22T23:08:16Z,20240522,2024,847,0.56,99.88,12.6975,True,True,True,https://noaa-nws-rtofs-pds.s3.amazonaws.com/rtofs.20240522/rtofs_glo_3dz_f006_6hrly_hvr_US_east.nc
ARGO_GDAC,pfl,aoml/4903466/profiles/D4903466_119.nc|2024-05-28T00:32:37Z|23.33128|-83.52389,aoml/4903466/profiles/D4903466_119.nc,4903466,4903466,23.33128,-83.52389,2024-05-28T00:32:37Z,20240528,2024,1009,0.48,2005.84,31.7926,True,True,True,https://noaa-nws-rtofs-pds.s3.amazonaws.com/rtofs.20240528/rtofs_glo_3dz_f006_6hrly_hvr_US_east.nc
ARGO_GDAC,pfl,aoml/4903466/profiles/D4903466_119.nc|2024-05-28T00:32:37Z|23.33128|-83.52389,aoml/4903466/profiles/D4903466_119.nc,4903466,4903466,23.33128,-83.52389,2024-05-28T00:32:37Z,20240528,2024,766,0.48,100.0,32.18,True,True,True,https://noaa-nws-rtofs-pds.s3.amazonaws.com/rtofs.20240528/rtofs_glo_3dz_f006_6hrly_hvr_US_east.nc
ARGO_GDAC,pfl,aoml/4903466/profiles/D4903466_120.nc|2024-06-02T02:16:04Z|23.24039|-83.45336,aoml/4903466/profiles/D4903466_120.nc,4903466,4903466,23.24039,-83.45336,2024-06-02T02:16:04Z,20240602,2024,1010,1.04,2009.12,33.4867,True,True,True,https://noaa-nws-rtofs-pds.s3.amazonaws.com/rtofs.20240602/rtofs_glo_3dz_f006_6hrly_hvr_US_east.nc
ARGO_GDAC,pfl,aoml/4903466/profiles/D4903466_120.nc|2024-06-02T02:16:04Z|23.24039|-83.45336,aoml/4903466/profiles/D4903466_120.nc,4903466,4903466,23.24039,-83.45336,2024-06-02T02:16:04Z,20240602,2024,860,0.68,99.92,33.5,True,True,True,https://noaa-nws-rtofs-pds.s3.amazonaws.com/rtofs.20240602/rtofs_glo_3dz_f006_6hrly_hvr_US_east.nc
ARGO_GDAC,pfl,aoml/4903466/profiles/D4903466_121.nc|2024-06-07T03:55:13Z|23.32128|-83.24427,aoml/4903466/profiles/D4903466_121.nc,4903466,4903466,23.32128,-83.24427,2024-06-07T03:55:13Z,20240607,2024,1010,1.04,2009.88,19.9553,True,True,True,https://noaa-nws-rtofs-pds.s3.amazonaws.com/rtofs.20240607/rtofs_glo_3dz_f006_6hrly_hvr_US_east.nc
ARGO_GDAC,pfl,aoml/4903466/profiles/D4903466_121.nc|2024-06-07T03:55:13Z|23.32128|-83.24427,aoml/4903466/profiles/D4903466_121.nc,4903466,4903466,23.32128,-83.24427,2024-06-07T03:55:13Z,20240607,2024,823,0.56,99.88,19.84,True,True,True,https://noaa-nws-rtofs-pds.s3.amazonaws.com/rtofs.20240607/rtofs_glo_3dz_f006_6hrly_hvr_US_east.nc
ARGO_GDAC,pfl,aoml/4903466/profiles/D4903466_122.nc|2024-06-12T05:29:00Z|23.53207|-83.21974,aoml/4903466/profiles/D4903466_122.nc,4903466,4903466,23.53207,-83.21974,2024-06-12T05:29:00Z,20240612,2024,940,1.0,1869.8,21.6893,True,True,True,https://noaa-nws-rtofs-pds.s3.amazonaws.com/rtofs.20240612/rtofs_glo_3dz_f006_6hrly_hvr_US_east.nc
ARGO_GDAC,pfl,aoml/4903466/profiles/D4903466_122.nc|2024-06-12T05:29:00Z|23.53207|-83.21974,aoml/4903466/profiles/D4903466_122.nc,4903466,4903466,23.53207,-83.21974,2024-06-12T05:29:00Z,20240612,2024,859,0.52,99.96,21.8498,True,True,True,https://noaa-nws-rtofs-pds.s3.amazonaws.com/rtofs.20240612/rtofs_glo_3dz_f006_6hrly_hvr_US_east.nc
ARGO_GDAC,pfl,aoml/4903466/profiles/D4903466_123.nc|2024-06-17T06:55:58Z|23.58665|-83.29683,aoml/4903466/profiles/D4903466_123.nc,4903466,4903466,23.58665,-83.29683,2024-06-17T06:55:58Z,20240617,2024,920,0.96,1829.76,34.3236,True,True,True,https://noaa-nws-rtofs-pds.s3.amazonaws.com/rtofs.20240617/rtofs_glo_3dz_f006_6hrly_hvr_US_east.nc
ARGO_GDAC,pfl,aoml/4903466/profiles/D4903466_123.nc|2024-06-17T06:55:58Z|23.58665|-83.29683,aoml/4903466/profiles/D4903466_123.nc,4903466,4903466,23.58665,-83.29683,2024-06-17T06:55:58Z,20240617,2024,849,0.52,99.96,34.58,True,True,True,https://noaa-nws-rtofs-pds.s3.amazonaws.com/rtofs.20240617/rtofs_glo_3dz_f006_6hrly_hvr_US_east.nc
ARGO_GDAC,pfl,aoml/4903466/profiles/D4903466_124.nc|2024-06-22T08:35:39Z|23.57701|-83.40298,aoml/4903466/profiles/D4903466_124.nc,4903466,4903466,23.57701,-83.40298,2024-06-22T08:35:39Z,20240622,2024,980,1.08,1949.56,30.0767,True,True,True,https://noaa-nws-rtofs-pds.s3.amazonaws.com/rtofs.20240622/rtofs_glo_3dz_f006_6hrly_hvr_US_east.nc
ARGO_GDAC,pfl,aoml/4903466/profiles/D4903466_124.nc|2024-06-22T08:35:39Z|23.57701|-83.40298,aoml/4903466/profiles/D4903466_124.nc,4903466,4903466,23.57701,-83.40298,2024-06-22T08:35:39Z,20240622,2024,966,0.72,99.92,30.476,True,True,True,https://noaa-nws-rtofs-pds.s3.amazonaws.com/rtofs.20240622/rtofs_glo_3dz_f006_6hrly_hvr_US_east.nc
ARGO_GDAC,pfl,aoml/4903466/profiles/D4903466_125.nc|2024-06-27T10:03:13Z|23.52420|-83.24616,aoml/4903466/profiles/D4903466_125.nc,4903466,4903466,23.5242,-83.24616,2024-06-27T10:03:13Z,20240627,2024,924,1.0,1837.64,24.0519,True,True,True,https://noaa-nws-rtofs-pds.s3.amazonaws.com/rtofs.20240627/rtofs_glo_3dz_f006_6hrly_hvr_US_east.nc
ARGO_GDAC,pfl,aoml/4903466/profiles/D4903466_125.nc|2024-06-27T10:03:13Z|23.52420|-83.24616,aoml/4903466/profiles/D4903466_125.nc,4903466,4903466,23.5242,-83.24616,2024-06-27T10:03:13Z,20240627,2024,925,0.52,99.92,24.6399,True,True,True,https://noaa-nws-rtofs-pds.s3.amazonaws.com/rtofs.20240627/rtofs_glo_3dz_f006_6hrly_hvr_US_east.nc
ARGO_GDAC,pfl,aoml/4903466/profiles/D4903466_126.nc|2024-07-02T11:35:31Z|23.56973|-83.29491,aoml/4903466/profiles/D4903466_126.nc,4903466,4903466,23.56973,-83.29491,2024-07-02T11:35:31Z,20240702,2024,933,0.96,1856.0,23.013,True,True,True,https://noaa-nws-rtofs-pds.s3.amazonaws.com/rtofs.20240702/rtofs_glo_3dz_f006_6hrly_hvr_US_east.nc
ARGO_GDAC,pfl,aoml/4903466/profiles/D4903466_126.nc|2024-07-02T11:35:31Z|23.56973|-83.29491,aoml/4903466/profiles/D4903466_126.nc,4903466,4903466,23.56973,-83.29491,2024-07-02T11:35:31Z,20240702,2024,879,0.52,99.88,23.192,True,True,True,https://noaa-nws-rtofs-pds.s3.amazonaws.com/rtofs.20240702/rtofs_glo_3dz_f006_6hrly_hvr_US_east.nc
ARGO_GDAC,pfl,aoml/4903466/profiles/D4903466_127.nc|2024-07-07T13:23:19Z|23.64988|-83.53361,aoml/4903466/profiles/D4903466_127.nc,4903466,4903466,23.64988,-83.53361,2024-07-07T13:23:19Z,20240707,2024,1011,1.0,2011.04,18.6081,True,True,True,https://noaa-nws-rtofs-pds.s3.amazonaws.com/rtofs.20240707/rtofs_glo_3dz_f006_6hrly_hvr_US_east.nc
ARGO_GDAC,pfl,aoml/4903466/profiles/D4903466_127.nc|2024-07-07T13:23:19Z|23.64988|-83.53361,aoml/4903466/profiles/D4903466_127.nc,4903466,4903466,23.64988,-83.53361,2024-07-07T13:23:19Z,20240707,2024,829,0.52,99.96,18.3156,True,True,True,https://noaa-nws-rtofs-pds.s3.amazonaws.com/rtofs.20240707/rtofs_glo_3dz_f006_6hrly_hvr_US_east.nc
ARGO_GDAC,pfl,aoml/4903466/profiles/D4903466_128.nc|2024-07-12T14:44:51Z|23.45865|-83.45393,aoml/4903466/profiles/D4903466_128.nc,4903466,4903466,23.45865,-83.45393,2024-07-12T14:44:51Z,20240712,2024,1011,0.44,2009.24,25.4698,True,True,True,https://noaa-nws-rtofs-pds.s3.amazonaws.com/rtofs.20240712/rtofs_glo_3dz_f006_6hrly_hvr_US_east.nc
ARGO_GDAC,pfl,aoml/4903466/profiles/D4903466_128.nc|2024-07-12T14:44:51Z|23.45865|-83.45393,aoml/4903466/profiles/D4903466_128.nc,4903466,4903466,23.45865,-83.45393,2024-07-12T14:44:51Z,20240712,2024,835,0.44,99.96,26.3238,True,True,True,https://noaa-nws-rtofs-pds.s3.amazonaws.com/rtofs.20240712/rtofs_glo_3dz_f006_6hrly_hvr_US_east.nc
ARGO_GDAC,pfl,aoml/4903466/profiles/D4903466_129.nc|2024-07-17T16:19:07Z|23.35638|-83.37170,aoml/4903466/profiles/D4903466_129.nc,4903466,4903466,23.35638,-83.3717,2024-07-17T16:19:07Z,20240717,2024,1008,0.44,2003.72,29.2679,True,True,True,https://noaa-nws-rtofs-pds.s3.amazonaws.com/rtofs.20240717/rtofs_glo_3dz_f006_6hrly_hvr_US_east.nc
ARGO_GDAC,pfl,aoml/4903466/profiles/D4903466_129.nc|2024-07-17T16:19:07Z|23.35638|-83.37170,aoml/4903466/profiles/D4903466_129.nc,4903466,4903466,23.35638,-83.3717,2024-07-17T16:19:07Z,20240717,2024,809,0.44,99.96,28.9601,True,True,True,https://noaa-nws-rtofs-pds.s3.amazonaws.com/rtofs.20240717/rtofs_glo_3dz_f006_6hrly_hvr_US_east.nc
ARGO_GDAC,pfl,aoml/4903466/profiles/D4903466_130.nc|2024-07-22T17:55:53Z|23.29334|-83.63877,aoml/4903466/profiles/D4903466_130.nc,4903466,4903466,23.29334,-83.63877,2024-07-22T17:55:53Z,20240722,2024,1010,0.96,2009.6,16.4561,True,True,True,https://noaa-nws-rtofs-pds.s3.amazonaws.com/rtofs.20240722/rtofs_glo_3dz_f006_6hrly_hvr_US_east.nc
ARGO_GDAC,pfl,aoml/4903466/profiles/D4903466_130.nc|2024-07-22T17:55:53Z|23.29334|-83.63877,aoml/4903466/profiles/D4903466_130.nc,4903466,4903466,23.29334,-83.63877,2024-07-22T17:55:53Z,20240722,2024,839,0.52,99.92,16.3402,True,True,True,https://noaa-nws-rtofs-pds.s3.amazonaws.com/rtofs.20240722/rtofs_glo_3dz_f006_6hrly_hvr_US_east.nc
ARGO_GDAC,pfl,aoml/4903466/profiles/D4903466_131.nc|2024-07-27T19:10:51Z|23.33486|-83.77366,aoml/4903466/profiles/D4903466_131.nc,4903466,4903466,23.33486,-83.77366,2024-07-27T19:10:51Z,20240727,2024,876,1.0,1741.12,32.9253,True,True,True,https://noaa-nws-rtofs-pds.s3.amazonaws.com/rtofs.20240727/rtofs_glo_3dz_f006_6hrly_hvr_US_east.nc
ARGO_GDAC,pfl,aoml/4903466/profiles/D4903466_131.nc|2024-07-27T19:10:51Z|23.33486|-83.77366,aoml/4903466/profiles/D4903466_131.nc,4903466,4903466,23.33486,-83.77366,2024-07-27T19:10:51Z,20240727,2024,834,0.52,99.92,32.6343,True,True,True,https://noaa-nws-rtofs-pds.s3.amazonaws.com/rtofs.20240727/rtofs_glo_3dz_f006_6hrly_hvr_US_east.nc
ARGO_GDAC,pfl,aoml/4903466/profiles/D4903466_132.nc|2024-08-01T20:45:54Z|23.34916|-83.75375,aoml/4903466/profiles/D4903466_132.nc,4903466,4903466,23.34916,-83.75375,2024-08-01T20:45:54Z,20240801,2024,958,1.0,1905.52,31.1299,True,True,True,https://noaa-nws-rtofs-pds.s3.amazonaws.com/rtofs.20240801/rtofs_glo_3dz_f006_6hrly_hvr_US_east.nc
ARGO_GDAC,pfl,aoml/4903466/profiles/D4903466_132.nc|2024-08-01T20:45:54Z|23.34916|-83.75375,aoml/4903466/profiles/D4903466_132.nc,4903466,4903466,23.34916,-83.75375,2024-08-01T20:45:54Z,20240801,2024,886,0.52,99.92,31.6613,True,True,True,https://noaa-nws-rtofs-pds.s3.amazonaws.com/rtofs.20240801/rtofs_glo_3dz_f006_6hrly_hvr_US_east.nc
ARGO_GDAC,pfl,aoml/4903466/profiles/D4903466_133.nc|2024-08-06T22:17:34Z|23.46987|-83.73817,aoml/4903466/profiles/D4903466_133.nc,4903466,4903466,23.46987,-83.73817,2024-08-06T22:17:34Z,20240806,2024,923,1.0,1835.24,24.6744,True,True,True,https://noaa-nws-rtofs-pds.s3.amazonaws.com/rtofs.20240806/rtofs_glo_3dz_f006_6hrly_hvr_US_east.nc
ARGO_GDAC,pfl,aoml/4903466/profiles/D4903466_133.nc|2024-08-06T22:17:34Z|23.46987|-83.73817,aoml/4903466/profiles/D4903466_133.nc,4903466,4903466,23.46987,-83.73817,2024-08-06T22:17:34Z,20240806,2024,840,0.64,99.88,24.684,True,True,True,https://noaa-nws-rtofs-pds.s3.amazonaws.com/rtofs.20240806/rtofs_glo_3dz_f006_6hrly_hvr_US_east.nc
ARGO_GDAC,pfl,aoml/4903466/profiles/D4903466_134.nc|2024-08-11T23:55:54Z|23.63427|-83.71500,aoml/4903466/profiles/D4903466_134.nc,4903466,4903466,23.63427,-83.715,2024-08-11T23:55:54Z,20240811,2024,1011,0.96,2011.08,15.4803,True,True,True,https://noaa-nws-rtofs-pds.s3.amazonaws.com/rtofs.20240811/rtofs_glo_3dz_f006_6hrly_hvr_US_east.nc
ARGO_GDAC,pfl,aoml/4903466/profiles/D4903466_134.nc|2024-08-11T23:55:54Z|23.63427|-83.71500,aoml/4903466/profiles/D4903466_134.nc,4903466,4903466,23.63427,-83.715,2024-08-11T23:55:54Z,20240811,2024,872,0.52,99.92,15.6533,True,True,True,https://noaa-nws-rtofs-pds.s3.amazonaws.com/rtofs.20240811/rtofs_glo_3dz_f006_6hrly_hvr_US_east.nc
ARGO_GDAC,pfl,aoml/4903466/profiles/D4903466_135.nc|2024-08-17T01:30:36Z|23.60592|-83.56809,aoml/4903466/profiles/D4903466_135.nc,4903466,4903466,23.60592,-83.56809,2024-08-17T01:30:36Z,20240817,2024,1010,1.04,2010.12,21.1568,True,True,True,https://noaa-nws-rtofs-pds.s3.amazonaws.com/rtofs.20240817/rtofs_glo_3dz_f006_6hrly_hvr_US_east.nc
ARGO_GDAC,pfl,aoml/4903466/profiles/D4903466_135.nc|2024-08-17T01:30:36Z|23.60592|-83.56809,aoml/4903466/profiles/D4903466_135.nc,4903466,4903466,23.60592,-83.56809,2024-08-17T01:30:36Z,20240817,2024,846,0.6,99.92,20.9074,True,True,True,https://noaa-nws-rtofs-pds.s3.amazonaws.com/rtofs.20240817/rtofs_glo_3dz_f006_6hrly_hvr_US_east.nc
ARGO_GDAC,pfl,aoml/4903466/profiles/D4903466_136.nc|2024-08-22T02:31:44Z|23.63228|-83.26368,aoml/4903466/profiles/D4903466_136.nc,4903466,4903466,23.63228,-83.26368,2024-08-22T02:31:44Z,20240822,2024,834,0.96,1657.76,29.5953,True,True,True,https://noaa-nws-rtofs-pds.s3.amazonaws.com/rtofs.20240822/rtofs_glo_3dz_f006_6hrly_hvr_US_east.nc
ARGO_GDAC,pfl,aoml/4903466/profiles/D4903466_136.nc|2024-08-22T02:31:44Z|23.63228|-83.26368,aoml/4903466/profiles/D4903466_136.nc,4903466,4903466,23.63228,-83.26368,2024-08-22T02:31:44Z,20240822,2024,877,0.52,99.88,29.44,True,True,True,https://noaa-nws-rtofs-pds.s3.amazonaws.com/rtofs.20240822/rtofs_glo_3dz_f006_6hrly_hvr_US_east.nc
ARGO_GDAC,pfl,aoml/4903466/profiles/D4903466_137.nc|2024-08-27T03:33:19Z|23.65598|-83.37673,aoml/4903466/profiles/D4903466_137.nc,4903466,4903466,23.65598,-83.37673,2024-08-27T03:33:19Z,20240827,2024,834,1.0,1657.88,29.875,True,True,True,https://noaa-nws-rtofs-pds.s3.amazonaws.com/rtofs.20240827/rtofs_glo_3dz_f006_6hrly_hvr_US_east.nc
ARGO_GDAC,pfl,aoml/4903466/profiles/D4903466_137.nc|2024-08-27T03:33:19Z|23.65598|-83.37673,aoml/4903466/profiles/D4903466_137.nc,4903466,4903466,23.65598,-83.37673,2024-08-27T03:33:19Z,20240827,2024,951,0.6,99.92,29.8375,True,True,True,https://noaa-nws-rtofs-pds.s3.amazonaws.com/rtofs.20240827/rtofs_glo_3dz_f006_6hrly_hvr_US_east.nc
ARGO_GDAC,pfl,aoml/4903466/profiles/D4903466_138.nc|2024-09-01T05:07:19Z|23.50068|-83.19511,aoml/4903466/profiles/D4903466_138.nc,4903466,4903466,23.50068,-83.19511,2024-09-01T05:07:19Z,20240901,2024,974,1.28,1937.68,23.3643,True,True,True,https://noaa-nws-rtofs-pds.s3.amazonaws.com/rtofs.20240901/rtofs_glo_3dz_f006_6hrly_hvr_US_east.nc
ARGO_GDAC,pfl,aoml/4903466/profiles/D4903466_138.nc|2024-09-01T05:07:19Z|23.50068|-83.19511,aoml/4903466/profiles/D4903466_138.nc,4903466,4903466,23.50068,-83.19511,2024-09-01T05:07:19Z,20240901,2024,881,1.08,99.92,23.1,True,True,True,https://noaa-nws-rtofs-pds.s3.amazonaws.com/rtofs.20240901/rtofs_glo_3dz_f006_6hrly_hvr_US_east.nc
ARGO_GDAC,pfl,aoml/4903466/profiles/D4903466_139.nc|2024-09-06T06:35:28Z|23.54641|-82.96725,aoml/4903466/profiles/D4903466_139.nc,4903466,4903466,23.54641,-82.96725,2024-09-06T06:35:28Z,20240906,2024,909,1.0,1807.36,47.6901,True,True,True,https://noaa-nws-rtofs-pds.s3.amazonaws.com/rtofs.20240906/rtofs_glo_3dz_f006_6hrly_hvr_US_east.nc
ARGO_GDAC,pfl,aoml/4903466/profiles/D4903466_139.nc|2024-09-06T06:35:28Z|23.54641|-82.96725,aoml/4903466/profiles/D4903466_139.nc,4903466,4903466,23.54641,-82.96725,2024-09-06T06:35:28Z,20240906,2024,894,0.56,99.92,47.9088,True,True,True,https://noaa-nws-rtofs-pds.s3.amazonaws.com/rtofs.20240906/rtofs_glo_3dz_f006_6hrly_hvr_US_east.nc
ARGO_GDAC,pfl,aoml/4903466/profiles/D4903466_140.nc|2024-09-11T07:50:43Z|23.61108|-83.00952,aoml/4903466/profiles/D4903466_140.nc,4903466,4903466,23.61108,-83.00952,2024-09-11T07:50:43Z,20240911,2024,888,0.96,1765.32,38.4797,True,True,True,https://noaa-nws-rtofs-pds.s3.amazonaws.com/rtofs.20240911/rtofs_glo_3dz_f006_6hrly_hvr_US_east.nc
ARGO_GDAC,pfl,aoml/4903466/profiles/D4903466_140.nc|2024-09-11T07:50:43Z|23.61108|-83.00952,aoml/4903466/profiles/D4903466_140.nc,4903466,4903466,23.61108,-83.00952,2024-09-11T07:50:43Z,20240911,2024,939,0.52,99.92,38.4842,True,True,True,https://noaa-nws-rtofs-pds.s3.amazonaws.com/rtofs.20240911/rtofs_glo_3dz_f006_6hrly_hvr_US_east.nc
ARGO_GDAC,pfl,aoml/4903466/profiles/D4903466_141.nc|2024-09-16T09:01:26Z|23.61054|-83.19360,aoml/4903466/profiles/D4903466_141.nc,4903466,4903466,23.61054,-83.1936,2024-09-16T09:01:26Z,20240916,2024,870,0.96,1730.12,20.5297,True,True,True,https://noaa-nws-rtofs-pds.s3.amazonaws.com/rtofs.20240916/rtofs_glo_3dz_f006_6hrly_hvr_US_east.nc
ARGO_GDAC,pfl,aoml/4903466/profiles/D4903466_141.nc|2024-09-16T09:01:26Z|23.61054|-83.19360,aoml/4903466/profiles/D4903466_141.nc,4903466,4903466,23.61054,-83.1936,2024-09-16T09:01:26Z,20240916,2024,857,0.52,99.96,19.9771,True,True,True,https://noaa-nws-rtofs-pds.s3.amazonaws.com/rtofs.20240916/rtofs_glo_3dz_f006_6hrly_hvr_US_east.nc
ARGO_GDAC,pfl,aoml/4903466/profiles/D4903466_142.nc|2024-09-21T10:09:25Z|23.66227|-83.56096,aoml/4903466/profiles/D4903466_142.nc,4903466,4903466,23.66227,-83.56096,2024-09-21T10:09:25Z,20240921,2024,872,0.48,1731.8,37.6516,True,True,True,https://noaa-nws-rtofs-pds.s3.amazonaws.com/rtofs.20240921/rtofs_glo_3dz_f006_6hrly_hvr_US_east.nc
ARGO_GDAC,pfl,aoml/4903466/profiles/D4903466_142.nc|2024-09-21T10:09:25Z|23.66227|-83.56096,aoml/4903466/profiles/D4903466_142.nc,4903466,4903466,23.66227,-83.56096,2024-09-21T10:09:25Z,20240921,2024,872,0.48,99.92,37.0329,True,True,True,https://noaa-nws-rtofs-pds.s3.amazonaws.com/rtofs.20240921/rtofs_glo_3dz_f006_6hrly_hvr_US_east.nc
ARGO_GDAC,pfl,aoml/4903466/profiles/D4903466_143.nc|2024-09-26T11:43:11Z|23.51772|-83.53850,aoml/4903466/profiles/D4903466_143.nc,4903466,4903466,23.51772,-83.5385,2024-09-26T11:43:11Z,20240926,2024,1010,1.12,2010.0,68.5074,True,True,True,https://noaa-nws-rtofs-pds.s3.amazonaws.com/rtofs.20240926/rtofs_glo_3dz_f006_6hrly_hvr_US_east.nc
ARGO_GDAC,pfl,aoml/4903466/profiles/D4903466_143.nc|2024-09-26T11:43:11Z|23.51772|-83.53850,aoml/4903466/profiles/D4903466_143.nc,4903466,4903466,23.51772,-83.5385,2024-09-26T11:43:11Z,20240926,2024,908,0.8,100.0,68.38,True,True,True,https://noaa-nws-rtofs-pds.s3.amazonaws.com/rtofs.20240926/rtofs_glo_3dz_f006_6hrly_hvr_US_east.nc
ARGO_GDAC,pfl,aoml/4903466/profiles/D4903466_144.nc|2024-10-01T13:17:22Z|23.45704|-83.51806,aoml/4903466/profiles/D4903466_144.nc,4903466,4903466,23.45704,-83.51806,2024-10-01T13:17:22Z,20241001,2024,1010,1.0,2009.96,56.1819,True,True,True,https://noaa-nws-rtofs-pds.s3.amazonaws.com/rtofs.20241001/rtofs_glo_3dz_f006_6hrly_hvr_US_east.nc
ARGO_GDAC,pfl,aoml/4903466/profiles/D4903466_144.nc|2024-10-01T13:17:22Z|23.45704|-83.51806,aoml/4903466/profiles/D4903466_144.nc,4903466,4903466,23.45704,-83.51806,2024-10-01T13:17:22Z,20241001,2024,801,0.56,99.96,56.25,True,True,True,https://noaa-nws-rtofs-pds.s3.amazonaws.com/rtofs.20241001/rtofs_glo_3dz_f006_6hrly_hvr_US_east.nc
ARGO_GDAC,pfl,aoml/4903466/profiles/D4903466_145.nc|2024-10-06T14:47:20Z|23.42756|-83.49852,aoml/4903466/profiles/D4903466_145.nc,4903466,4903466,23.42756,-83.49852,2024-10-06T14:47:20Z,20241006,2024,1008,0.48,2003.6,45.3456,True,True,True,https://noaa-nws-rtofs-pds.s3.amazonaws.com/rtofs.20241006/rtofs_glo_3dz_f006_6hrly_hvr_US_east.nc
ARGO_GDAC,pfl,aoml/4903466/profiles/D4903466_145.nc|2024-10-06T14:47:20Z|23.42756|-83.49852,aoml/4903466/profiles/D4903466_145.nc,4903466,4903466,23.42756,-83.49852,2024-10-06T14:47:20Z,20241006,2024,791,0.48,99.96,45.8543,True,True,True,https://noaa-nws-rtofs-pds.s3.amazonaws.com/rtofs.20241006/rtofs_glo_3dz_f006_6hrly_hvr_US_east.nc
ARGO_GDAC,pfl,aoml/4903466/profiles/D4903466_146.nc|2024-10-11T16:26:08Z|23.51785|-83.62580,aoml/4903466/profiles/D4903466_146.nc,4903466,4903466,23.51785,-83.6258,2024-10-11T16:26:08Z,20241011,2024,1010,0.92,2010.12,67.4975,True,True,True,https://noaa-nws-rtofs-pds.s3.amazonaws.com/rtofs.20241011/rtofs_glo_3dz_f006_6hrly_hvr_US_east.nc
ARGO_GDAC,pfl,aoml/4903466/profiles/D4903466_146.nc|2024-10-11T16:26:08Z|23.51785|-83.62580,aoml/4903466/profiles/D4903466_146.nc,4903466,4903466,23.51785,-83.6258,2024-10-11T16:26:08Z,20241011,2024,827,0.52,99.88,67.5129,True,True,True,https://noaa-nws-rtofs-pds.s3.amazonaws.com/rtofs.20241011/rtofs_glo_3dz_f006_6hrly_hvr_US_east.nc
ARGO_GDAC,pfl,aoml/4903466/profiles/D4903466_147.nc|2024-10-16T17:54:43Z|23.60186|-83.58388,aoml/4903466/profiles/D4903466_147.nc,4903466,4903466,23.60186,-83.58388,2024-10-16T17:54:43Z,20241016,2024,1010,1.0,2009.08,86.1736,True,True,True,https://noaa-nws-rtofs-pds.s3.amazonaws.com/rtofs.20241016/rtofs_glo_3dz_f006_6hrly_hvr_US_east.nc
ARGO_GDAC,pfl,aoml/4903466/profiles/D4903466_147.nc|2024-10-16T17:54:43Z|23.60186|-83.58388,aoml/4903466/profiles/D4903466_147.nc,4903466,4903466,23.60186,-83.58388,2024-10-16T17:54:43Z,20241016,2024,784,0.64,99.96,86.1614,True,True,True,https://noaa-nws-rtofs-pds.s3.amazonaws.com/rtofs.20241016/rtofs_glo_3dz_f006_6hrly_hvr_US_east.nc
ARGO_GDAC,pfl,aoml/4903466/profiles/D4903466_148.nc|2024-10-21T19:20:05Z|23.66996|-83.67810,aoml/4903466/profiles/D4903466_148.nc,4903466,4903466,23.66996,-83.6781,2024-10-21T19:20:05Z,20241021,2024,1011,1.08,2011.52,89.5396,True,True,True,https://noaa-nws-rtofs-pds.s3.amazonaws.com/rtofs.20241021/rtofs_glo_3dz_f006_6hrly_hvr_US_east.nc
ARGO_GDAC,pfl,aoml/4903466/profiles/D4903466_148.nc|2024-10-21T19:20:05Z|23.66996|-83.67810,aoml/4903466/profiles/D4903466_148.nc,4903466,4903466,23.66996,-83.6781,2024-10-21T19:20:05Z,20241021,2024,777,0.72,99.88,89.9914,True,True,True,https://noaa-nws-rtofs-pds.s3.amazonaws.com/rtofs.20241021/rtofs_glo_3dz_f006_6hrly_hvr_US_east.nc
ARGO_GDAC,pfl,aoml/4903466/profiles/D4903466_149.nc|2024-10-26T20:49:32Z|23.84922|-83.73490,aoml/4903466/profiles/D4903466_149.nc,4903466,4903466,23.84922,-83.7349,2024-10-26T20:49:32Z,20241026,2024,1007,1.08,2003.76,62.4873,True,True,True,https://noaa-nws-rtofs-pds.s3.amazonaws.com/rtofs.20241026/rtofs_glo_3dz_f006_6hrly_hvr_US_east.nc
ARGO_GDAC,pfl,aoml/4903466/profiles/D4903466_149.nc|2024-10-26T20:49:32Z|23.84922|-83.73490,aoml/4903466/profiles/D4903466_149.nc,4903466,4903466,23.84922,-83.7349,2024-10-26T20:49:32Z,20241026,2024,800,0.64,99.96,63.1125,True,True,True,https://noaa-nws-rtofs-pds.s3.amazonaws.com/rtofs.20241026/rtofs_glo_3dz_f006_6hrly_hvr_US_east.nc
ARGO_GDAC,pfl,aoml/4903466/profiles/D4903466_150.nc|2024-10-31T22:15:40Z|23.89333|-83.77752,aoml/4903466/profiles/D4903466_150.nc,4903466,4903466,23.89333,-83.77752,2024-10-31T22:15:40Z,20241031,2024,1009,1.0,2007.64,37.6866,True,True,True,https://noaa-nws-rtofs-pds.s3.amazonaws.com/rtofs.20241031/rtofs_glo_3dz_f006_6hrly_hvr_US_east.nc
ARGO_GDAC,pfl,aoml/4903466/profiles/D4903466_150.nc|2024-10-31T22:15:40Z|23.89333|-83.77752,aoml/4903466/profiles/D4903466_150.nc,4903466,4903466,23.89333,-83.77752,2024-10-31T22:15:40Z,20241031,2024,763,0.6,99.84,37.873,True,True,True,https://noaa-nws-rtofs-pds.s3.amazonaws.com/rtofs.20241031/rtofs_glo_3dz_f006_6hrly_hvr_US_east.nc
ARGO_GDAC,pfl,aoml/4903466/profiles/D4903466_151.nc|2024-11-05T23:44:06Z|23.67382|-83.55212,aoml/4903466/profiles/D4903466_151.nc,4903466,4903466,23.67382,-83.55212,2024-11-05T23:44:06Z,20241105,2024,1012,0.44,2011.8,83.0459,True,True,True,https://noaa-nws-rtofs-pds.s3.amazonaws.com/rtofs.20241105/rtofs_glo_3dz_f006_6hrly_hvr_US_east.nc
ARGO_GDAC,pfl,aoml/4903466/profiles/D4903466_151.nc|2024-11-05T23:44:06Z|23.67382|-83.55212,aoml/4903466/profiles/D4903466_151.nc,4903466,4903466,23.67382,-83.55212,2024-11-05T23:44:06Z,20241105,2024,836,0.44,99.96,83.1626,True,True,True,https://noaa-nws-rtofs-pds.s3.amazonaws.com/rtofs.20241105/rtofs_glo_3dz_f006_6hrly_hvr_US_east.nc
ARGO_GDAC,pfl,aoml/4903466/profiles/D4903466_152.nc|2024-11-11T00:42:22Z|23.67309|-83.45583,aoml/4903466/profiles/D4903466_152.nc,4903466,4903466,23.67309,-83.45583,2024-11-11T00:42:22Z,20241111,2024,825,0.96,1639.92,74.1777,True,True,True,https://noaa-nws-rtofs-pds.s3.amazonaws.com/rtofs.20241111/rtofs_glo_3dz_f006_6hrly_hvr_US_east.nc
ARGO_GDAC,pfl,aoml/4903466/profiles/D4903466_152.nc|2024-11-11T00:42:22Z|23.67309|-83.45583,aoml/4903466/profiles/D4903466_152.nc,4903466,4903466,23.67309,-83.45583,2024-11-11T00:42:22Z,20241111,2024,744,0.52,99.88,74.0267,True,True,True,https://noaa-nws-rtofs-pds.s3.amazonaws.com/rtofs.20241111/rtofs_glo_3dz_f006_6hrly_hvr_US_east.nc
ARGO_GDAC,pfl,aoml/4903466/profiles/D4903466_153.nc|2024-11-16T02:15:38Z|23.67209|-83.50281,aoml/4903466/profiles/D4903466_153.nc,4903466,4903466,23.67209,-83.50281,2024-11-16T02:15:38Z,20241116,2024,1005,1.0,2000.0,52.9333,True,True,True,https://noaa-nws-rtofs-pds.s3.amazonaws.com/rtofs.20241116/rtofs_glo_3dz_f006_6hrly_hvr_US_east.nc
ARGO_GDAC,pfl,aoml/4903466/profiles/D4903466_153.nc|2024-11-16T02:15:38Z|23.67209|-83.50281,aoml/4903466/profiles/D4903466_153.nc,4903466,4903466,23.67209,-83.50281,2024-11-16T02:15:38Z,20241116,2024,837,0.6,99.96,52.69,True,True,True,https://noaa-nws-rtofs-pds.s3.amazonaws.com/rtofs.20241116/rtofs_glo_3dz_f006_6hrly_hvr_US_east.nc
ARGO_GDAC,pfl,aoml/4903466/profiles/D4903466_154.nc|2024-11-21T03:42:49Z|23.58572|-83.49161,aoml/4903466/profiles/D4903466_154.nc,4903466,4903466,23.58572,-83.49161,2024-11-21T03:42:49Z,20241121,2024,1012,0.44,2011.32,78.5402,True,True,True,https://noaa-nws-rtofs-pds.s3.amazonaws.com/rtofs.20241121/rtofs_glo_3dz_f006_6hrly_hvr_US_east.nc
ARGO_GDAC,pfl,aoml/4903466/profiles/D4903466_154.nc|2024-11-21T03:42:49Z|23.58572|-83.49161,aoml/4903466/profiles/D4903466_154.nc,4903466,4903466,23.58572,-83.49161,2024-11-21T03:42:49Z,20241121,2024,799,0.44,100.0,79.6253,True,True,True,https://noaa-nws-rtofs-pds.s3.amazonaws.com/rtofs.20241121/rtofs_glo_3dz_f006_6hrly_hvr_US_east.nc
ARGO_GDAC,pfl,aoml/4903466/profiles/D4903466_155.nc|2024-11-26T04:54:12Z|23.60613|-83.26703,aoml/4903466/profiles/D4903466_155.nc,4903466,4903466,23.60613,-83.26703,2024-11-26T04:54:12Z,20241126,2024,841,1.0,1671.12,100.1197,True,False,True,https://noaa-nws-rtofs-pds.s3.amazonaws.com/rtofs.20241126/rtofs_glo_3dz_f006_6hrly_hvr_US_east.nc
ARGO_GDAC,pfl,aoml/4903466/profiles/D4903466_155.nc|2024-11-26T04:54:12Z|23.60613|-83.26703,aoml/4903466/profiles/D4903466_155.nc,4903466,4903466,23.60613,-83.26703,2024-11-26T04:54:12Z,20241126,2024,852,0.56,99.88,,False,False,True,https://noaa-nws-rtofs-pds.s3.amazonaws.com/rtofs.20241126/rtofs_glo_3dz_f006_6hrly_hvr_US_east.nc
ARGO_GDAC,pfl,aoml/4903466/profiles/D4903466_156.nc|2024-12-01T05:44:31Z|23.64083|-83.23483,aoml/4903466/profiles/D4903466_156.nc,4903466,4903466,23.64083,-83.23483,2024-12-01T05:44:31Z,20241201,2024,760,1.04,1509.48,94.8503,True,True,True,https://noaa-nws-rtofs-pds.s3.amazonaws.com/rtofs.20241201/rtofs_glo_3dz_f006_6hrly_hvr_US_east.nc
ARGO_GDAC,pfl,aoml/4903466/profiles/D4903466_156.nc|2024-12-01T05:44:31Z|23.64083|-83.23483,aoml/4903466/profiles/D4903466_156.nc,4903466,4903466,23.64083,-83.23483,2024-12-01T05:44:31Z,20241201,2024,833,0.56,99.92,94.88,True,True,True,https://noaa-nws-rtofs-pds.s3.amazonaws.com/rtofs.20241201/rtofs_glo_3dz_f006_6hrly_hvr_US_east.nc
ARGO_GDAC,pfl,aoml/4903466/profiles/D4903466_157.nc|2024-12-06T06:58:15Z|23.73520|-83.61462,aoml/4903466/profiles/D4903466_157.nc,4903466,4903466,23.7352,-83.61462,2024-12-06T06:58:15Z,20241206,2024,907,1.0,1803.92,65.9589,True,True,True,https://noaa-nws-rtofs-pds.s3.amazonaws.com/rtofs.20241206/rtofs_glo_3dz_f006_6hrly_hvr_US_east.nc
ARGO_GDAC,pfl,aoml/4903466/profiles/D4903466_157.nc|2024-12-06T06:58:15Z|23.73520|-83.61462,aoml/4903466/profiles/D4903466_157.nc,4903466,4903466,23.7352,-83.61462,2024-12-06T06:58:15Z,20241206,2024,793,0.52,99.92,66.1201,True,True,True,https://noaa-nws-rtofs-pds.s3.amazonaws.com/rtofs.20241206/rtofs_glo_3dz_f006_6hrly_hvr_US_east.nc
ARGO_GDAC,pfl,aoml/4903466/profiles/D4903466_158.nc|2024-12-11T08:39:01Z|23.91778|-83.77316,aoml/4903466/profiles/D4903466_158.nc,4903466,4903466,23.91778,-83.77316,2024-12-11T08:39:01Z,20241211,2024,1008,1.04,2006.16,21.4143,True,True,True,https://noaa-nws-rtofs-pds.s3.amazonaws.com/rtofs.20241211/rtofs_glo_3dz_f006_6hrly_hvr_US_east.nc
ARGO_GDAC,pfl,aoml/4903466/profiles/D4903466_158.nc|2024-12-11T08:39:01Z|23.91778|-83.77316,aoml/4903466/profiles/D4903466_158.nc,4903466,4903466,23.91778,-83.77316,2024-12-11T08:39:01Z,20241211,2024,852,0.6,99.92,21.496,True,True,True,https://noaa-nws-rtofs-pds.s3.amazonaws.com/rtofs.20241211/rtofs_glo_3dz_f006_6hrly_hvr_US_east.nc
ARGO_GDAC,pfl,aoml/4903466/profiles/D4903466_159.nc|2024-12-16T10:23:59Z|23.94216|-83.80836,aoml/4903466/profiles/D4903466_159.nc,4903466,4903466,23.94216,-83.80836,2024-12-16T10:23:59Z,20241216,2024,967,1.12,1924.44,104.2972,True,False,True,https://noaa-nws-rtofs-pds.s3.amazonaws.com/rtofs.20241216/rtofs_glo_3dz_f006_6hrly_hvr_US_east.nc
ARGO_GDAC,pfl,aoml/4903466/profiles/D4903466_159.nc|2024-12-16T10:23:59Z|23.94216|-83.80836,aoml/4903466/profiles/D4903466_159.nc,4903466,4903466,23.94216,-83.80836,2024-12-16T10:23:59Z,20241216,2024,811,0.72,99.96,,False,False,True,https://noaa-nws-rtofs-pds.s3.amazonaws.com/rtofs.20241216/rtofs_glo_3dz_f006_6hrly_hvr_US_east.nc
ARGO_GDAC,pfl,aoml/4903466/profiles/D4903466_160.nc|2024-12-21T11:56:49Z|23.69584|-83.80722,aoml/4903466/profiles/D4903466_160.nc,4903466,4903466,23.69584,-83.80722,2024-12-21T11:56:49Z,20241221,2024,1010,1.04,2010.2,116.3073,True,False,True,https://noaa-nws-rtofs-pds.s3.amazonaws.com/rtofs.20241221/rtofs_glo_3dz_f006_6hrly_hvr_US_east.nc
ARGO_GDAC,pfl,aoml/4903466/profiles/D4903466_160.nc|2024-12-21T11:56:49Z|23.69584|-83.80722,aoml/4903466/profiles/D4903466_160.nc,4903466,4903466,23.69584,-83.80722,2024-12-21T11:56:49Z,20241221,2024,712,0.64,99.84,,False,False,True,https://noaa-nws-rtofs-pds.s3.amazonaws.com/rtofs.20241221/rtofs_glo_3dz_f006_6hrly_hvr_US_east.nc
ARGO_GDAC,pfl,aoml/4903466/profiles/D4903466_161.nc|2024-12-26T13:26:58Z|23.58421|-83.58381,aoml/4903466/profiles/D4903466_161.nc,4903466,4903466,23.58421,-83.58381,2024-12-26T13:26:58Z,20241226,2024,1010,1.0,2009.04,87.0325,True,True,True,https://noaa-nws-rtofs-pds.s3.amazonaws.com/rtofs.20241226/rtofs_glo_3dz_f006_6hrly_hvr_US_east.nc
ARGO_GDAC,pfl,aoml/4903466/profiles/D4903466_161.nc|2024-12-26T13:26:58Z|23.58421|-83.58381,aoml/4903466/profiles/D4903466_161.nc,4903466,4903466,23.58421,-83.58381,2024-12-26T13:26:58Z,20241226,2024,821,0.52,99.96,87.5482,True,True,True,https://noaa-nws-rtofs-pds.s3.amazonaws.com/rtofs.20241226/rtofs_glo_3dz_f006_6hrly_hvr_US_east.nc
ARGO_GDAC,pfl,aoml/4903466/profiles/D4903466_162.nc|2024-12-31T14:56:11Z|23.42839|-83.52402,aoml/4903466/profiles/D4903466_162.nc,4903466,4903466,23.42839,-83.52402,2024-12-31T14:56:11Z,20241231,2024,1011,1.04,2011.44,20.6938,True,True,True,https://noaa-nws-rtofs-pds.s3.amazonaws.com/rtofs.20241231/rtofs_glo_3dz_f006_6hrly_hvr_US_east.nc
ARGO_GDAC,pfl,aoml/4903466/profiles/D4903466_162.nc|2024-12-31T14:56:11Z|23.42839|-83.52402,aoml/4903466/profiles/D4903466_162.nc,4903466,4903466,23.42839,-83.52402,2024-12-31T14:56:11Z,20241231,2024,799,0.72,99.96,20.3053,True,True,True,https://noaa-nws-rtofs-pds.s3.amazonaws.com/rtofs.20241231/rtofs_glo_3dz_f006_6hrly_hvr_US_east.nc
ARGO_GDAC,pfl,aoml/4903466/profiles/D4903466_163.nc|2025-01-05T16:20:43Z|23.41037|-83.61737,aoml/4903466/profiles/D4903466_163.nc,4903466,4903466,23.41037,-83.61737,2025-01-05T16:20:43Z,20250105,2025,1009,1.04,2007.6,124.8748,True,False,True,https://noaa-nws-rtofs-pds.s3.amazonaws.com/rtofs.20250105/rtofs_glo_3dz_f006_6hrly_hvr_US_east.nc
ARGO_GDAC,pfl,aoml/4903466/profiles/D4903466_163.nc|2025-01-05T16:20:43Z|23.41037|-83.61737,aoml/4903466/profiles/D4903466_163.nc,4903466,4903466,23.41037,-83.61737,2025-01-05T16:20:43Z,20250105,2025,795,0.64,99.96,,False,False,True,https://noaa-nws-rtofs-pds.s3.amazonaws.com/rtofs.20250105/rtofs_glo_3dz_f006_6hrly_hvr_US_east.nc
ARGO_GDAC,pfl,aoml/4903466/profiles/D4903466_164.nc|2025-01-10T17:41:49Z|23.40417|-83.61368,aoml/4903466/profiles/D4903466_164.nc,4903466,4903466,23.40417,-83.61368,2025-01-10T17:41:49Z,20250110,2025,1007,1.08,2003.52,120.6669,True,False,True,https://noaa-nws-rtofs-pds.s3.amazonaws.com/rtofs.20250110/rtofs_glo_3dz_f006_6hrly_hvr_US_east.nc
ARGO_GDAC,pfl,aoml/4903466/profiles/D4903466_164.nc|2025-01-10T17:41:49Z|23.40417|-83.61368,aoml/4903466/profiles/D4903466_164.nc,4903466,4903466,23.40417,-83.61368,2025-01-10T17:41:49Z,20250110,2025,822,0.64,100.0,,False,False,True,https://noaa-nws-rtofs-pds.s3.amazonaws.com/rtofs.20250110/rtofs_glo_3dz_f006_6hrly_hvr_US_east.nc
ARGO_GDAC,pfl,aoml/4903466/profiles/D4903466_165.nc|2025-01-15T19:23:37Z|23.50977|-83.60854,aoml/4903466/profiles/D4903466_165.nc,4903466,4903466,23.50977,-83.60854,2025-01-15T19:23:37Z,20250115,2025,1009,0.48,2005.48,15.7473,True,True,True,https://noaa-nws-rtofs-pds.s3.amazonaws.com/rtofs.20250115/rtofs_glo_3dz_f006_6hrly_hvr_US_east.nc
ARGO_GDAC,pfl,aoml/4903466/profiles/D4903466_165.nc|2025-01-15T19:23:37Z|23.50977|-83.60854,aoml/4903466/profiles/D4903466_165.nc,4903466,4903466,23.50977,-83.60854,2025-01-15T19:23:37Z,20250115,2025,783,0.48,99.92,13.765,True,True,True,https://noaa-nws-rtofs-pds.s3.amazonaws.com/rtofs.20250115/rtofs_glo_3dz_f006_6hrly_hvr_US_east.nc
ARGO_GDAC,pfl,aoml/4903466/profiles/D4903466_166.nc|2025-01-20T20:55:35Z|23.75196|-83.72702,aoml/4903466/profiles/D4903466_166.nc,4903466,4903466,23.75196,-83.72702,2025-01-20T20:55:35Z,20250120,2025,1007,1.04,2003.84,138.6489,True,False,True,https://noaa-nws-rtofs-pds.s3.amazonaws.com/rtofs.20250120/rtofs_glo_3dz_f006_6hrly_hvr_US_east.nc
ARGO_GDAC,pfl,aoml/4903466/profiles/D4903466_166.nc|2025-01-20T20:55:35Z|23.75196|-83.72702,aoml/4903466/profiles/D4903466_166.nc,4903466,4903466,23.75196,-83.72702,2025-01-20T20:55:35Z,20250120,2025,804,0.64,99.88,,False,False,True,https://noaa-nws-rtofs-pds.s3.amazonaws.com/rtofs.20250120/rtofs_glo_3dz_f006_6hrly_hvr_US_east.nc
ARGO_GDAC,pfl,aoml/4903466/profiles/D4903466_167.nc|2025-01-25T22:25:29Z|24.02457|-84.00759,aoml/4903466/profiles/D4903466_167.nc,4903466,4903466,24.02457,-84.00759,2025-01-25T22:25:29Z,20250125,2025,1009,0.48,2006.16,69.3738,True,True,True,https://noaa-nws-rtofs-pds.s3.amazonaws.com/rtofs.20250125/rtofs_glo_3dz_f006_6hrly_hvr_US_east.nc
ARGO_GDAC,pfl,aoml/4903466/profiles/D4903466_167.nc|2025-01-25T22:25:29Z|24.02457|-84.00759,aoml/4903466/profiles/D4903466_167.nc,4903466,4903466,24.02457,-84.00759,2025-01-25T22:25:29Z,20250125,2025,850,0.48,99.92,69.6399,True,True,True,https://noaa-nws-rtofs-pds.s3.amazonaws.com/rtofs.20250125/rtofs_glo_3dz_f006_6hrly_hvr_US_east.nc
ARGO_GDAC,pfl,aoml/4903466/profiles/D4903466_168.nc|2025-01-31T00:14:24Z|24.32692|-84.13462,aoml/4903466/profiles/D4903466_168.nc,4903466,4903466,24.32692,-84.13462,2025-01-31T00:14:24Z,20250131,2025,1004,1.0,1997.76,153.719,True,False,True,https://noaa-nws-rtofs-pds.s3.amazonaws.com/rtofs.20250131/rtofs_glo_3dz_f006_6hrly_hvr_US_east.nc
ARGO_GDAC,pfl,aoml/4903466/profiles/D4903466_168.nc|2025-01-31T00:14:24Z|24.32692|-84.13462,aoml/4903466/profiles/D4903466_168.nc,4903466,4903466,24.32692,-84.13462,2025-01-31T00:14:24Z,20250131,2025,714,0.52,100.0,,False,False,True,https://noaa-nws-rtofs-pds.s3.amazonaws.com/rtofs.20250131/rtofs_glo_3dz_f006_6hrly_hvr_US_east.nc
ARGO_GDAC,pfl,aoml/4903466/profiles/D4903466_169.nc|2025-02-05T01:59:42Z|24.46195|-84.14564,aoml/4903466/profiles/D4903466_169.nc,4903466,4903466,24.46195,-84.14564,2025-02-05T01:59:42Z,20250205,2025,1010,1.04,2009.52,13.1363,True,True,True,https://noaa-nws-rtofs-pds.s3.amazonaws.com/rtofs.20250205/rtofs_glo_3dz_f006_6hrly_hvr_US_east.nc
ARGO_GDAC,pfl,aoml/4903466/profiles/D4903466_169.nc|2025-02-05T01:59:42Z|24.46195|-84.14564,aoml/4903466/profiles/D4903466_169.nc,4903466,4903466,24.46195,-84.14564,2025-02-05T01:59:42Z,20250205,2025,706,0.6,100.0,12.824,True,True,True,https://noaa-nws-rtofs-pds.s3.amazonaws.com/rtofs.20250205/rtofs_glo_3dz_f006_6hrly_hvr_US_east.nc
ARGO_GDAC,pfl,aoml/4903466/profiles/D4903466_170.nc|2025-02-10T03:21:06Z|24.57047|-84.21529,aoml/4903466/profiles/D4903466_170.nc,4903466,4903466,24.57047,-84.21529,2025-02-10T03:21:06Z,20250210,2025,1010,1.04,2009.4,12.549,True,True,True,https://noaa-nws-rtofs-pds.s3.amazonaws.com/rtofs.20250210/rtofs_glo_3dz_f006_6hrly_hvr_US_east.nc
ARGO_GDAC,pfl,aoml/4903466/profiles/D4903466_170.nc|2025-02-10T03:21:06Z|24.57047|-84.21529,aoml/4903466/profiles/D4903466_170.nc,4903466,4903466,24.57047,-84.21529,2025-02-10T03:21:06Z,20250210,2025,688,0.64,99.92,12.35,True,True,True,https://noaa-nws-rtofs-pds.s3.amazonaws.com/rtofs.20250210/rtofs_glo_3dz_f006_6hrly_hvr_US_east.nc
ARGO_GDAC,pfl,aoml/4903466/profiles/D4903466_171.nc|2025-02-15T04:55:34Z|24.70441|-84.34275,aoml/4903466/profiles/D4903466_171.nc,4903466,4903466,24.70441,-84.34275,2025-02-15T04:55:34Z,20250215,2025,1008,0.92,2005.44,10.4211,True,True,True,https://noaa-nws-rtofs-pds.s3.amazonaws.com/rtofs.20250215/rtofs_glo_3dz_f006_6hrly_hvr_US_east.nc
ARGO_GDAC,pfl,aoml/4903466/profiles/D4903466_171.nc|2025-02-15T04:55:34Z|24.70441|-84.34275,aoml/4903466/profiles/D4903466_171.nc,4903466,4903466,24.70441,-84.34275,2025-02-15T04:55:34Z,20250215,2025,724,0.52,99.92,10.4,True,True,True,https://noaa-nws-rtofs-pds.s3.amazonaws.com/rtofs.20250215/rtofs_glo_3dz_f006_6hrly_hvr_US_east.nc
ARGO_GDAC,pfl,aoml/4903466/profiles/D4903466_172.nc|2025-02-20T06:19:36Z|24.84120|-84.44609,aoml/4903466/profiles/D4903466_172.nc,4903466,4903466,24.8412,-84.44609,2025-02-20T06:19:36Z,20250220,2025,1009,0.96,2008.12,28.798,True,True,True,https://noaa-nws-rtofs-pds.s3.amazonaws.com/rtofs.20250220/rtofs_glo_3dz_f006_6hrly_hvr_US_east.nc
ARGO_GDAC,pfl,aoml/4903466/profiles/D4903466_172.nc|2025-02-20T06:19:36Z|24.84120|-84.44609,aoml/4903466/profiles/D4903466_172.nc,4903466,4903466,24.8412,-84.44609,2025-02-20T06:19:36Z,20250220,2025,779,0.56,99.88,29.2089,True,True,True,https://noaa-nws-rtofs-pds.s3.amazonaws.com/rtofs.20250220/rtofs_glo_3dz_f006_6hrly_hvr_US_east.nc
ARGO_GDAC,pfl,aoml/4903466/profiles/D4903466_173.nc|2025-02-25T07:46:30Z|24.85622|-84.53998,aoml/4903466/profiles/D4903466_173.nc,4903466,4903466,24.85622,-84.53998,2025-02-25T07:46:30Z,20250225,2025,1009,0.44,2005.2,29.1324,True,True,True,https://noaa-nws-rtofs-pds.s3.amazonaws.com/rtofs.20250225/rtofs_glo_3dz_f006_6hrly_hvr_US_east.nc
ARGO_GDAC,pfl,aoml/4903466/profiles/D4903466_173.nc|2025-02-25T07:46:30Z|24.85622|-84.53998,aoml/4903466/profiles/D4903466_173.nc,4903466,4903466,24.85622,-84.53998,2025-02-25T07:46:30Z,20250225,2025,761,0.44,99.92,29.7547,True,True,True,https://noaa-nws-rtofs-pds.s3.amazonaws.com/rtofs.20250225/rtofs_glo_3dz_f006_6hrly_hvr_US_east.nc
ARGO_GDAC,pfl,aoml/4903466/profiles/D4903466_174.nc|2025-03-02T09:03:18Z|24.87825|-84.75091,aoml/4903466/profiles/D4903466_174.nc,4903466,4903466,24.87825,-84.75091,2025-03-02T09:03:18Z,20250302,2025,1007,1.08,2003.84,13.5365,True,True,True,https://noaa-nws-rtofs-pds.s3.amazonaws.com/rtofs.20250302/rtofs_glo_3dz_f006_6hrly_hvr_US_east.nc
ARGO_GDAC,pfl,aoml/4903466/profiles/D4903466_174.nc|2025-03-02T09:03:18Z|24.87825|-84.75091,aoml/4903466/profiles/D4903466_174.nc,4903466,4903466,24.87825,-84.75091,2025-03-02T09:03:18Z,20250302,2025,755,0.64,99.96,13.6075,True,True,True,https://noaa-nws-rtofs-pds.s3.amazonaws.com/rtofs.20250302/rtofs_glo_3dz_f006_6hrly_hvr_US_east.nc
ARGO_GDAC,pfl,aoml/4903466/profiles/D4903466_175.nc|2025-03-07T10:41:40Z|24.61994|-84.80814,aoml/4903466/profiles/D4903466_175.nc,4903466,4903466,24.61994,-84.80814,2025-03-07T10:41:40Z,20250307,2025,1009,1.0,2007.76,51.1246,True,True,True,https://noaa-nws-rtofs-pds.s3.amazonaws.com/rtofs.20250307/rtofs_glo_3dz_f006_6hrly_hvr_US_east.nc
ARGO_GDAC,pfl,aoml/4903466/profiles/D4903466_175.nc|2025-03-07T10:41:40Z|24.61994|-84.80814,aoml/4903466/profiles/D4903466_175.nc,4903466,4903466,24.61994,-84.80814,2025-03-07T10:41:40Z,20250307,2025,771,0.6,99.96,50.98,True,True,True,https://noaa-nws-rtofs-pds.s3.amazonaws.com/rtofs.20250307/rtofs_glo_3dz_f006_6hrly_hvr_US_east.nc
ARGO_GDAC,pfl,aoml/4903466/profiles/D4903466_176.nc|2025-03-12T12:25:31Z|24.39605|-85.03722,aoml/4903466/profiles/D4903466_176.nc,4903466,4903466,24.39605,-85.03722,2025-03-12T12:25:31Z,20250312,2025,1009,1.0,2007.6,90.1055,True,True,True,https://noaa-nws-rtofs-pds.s3.amazonaws.com/rtofs.20250312/rtofs_glo_3dz_f006_6hrly_hvr_US_east.nc
ARGO_GDAC,pfl,aoml/4903466/profiles/D4903466_176.nc|2025-03-12T12:25:31Z|24.39605|-85.03722,aoml/4903466/profiles/D4903466_176.nc,4903466,4903466,24.39605,-85.03722,2025-03-12T12:25:31Z,20250312,2025,872,0.52,99.88,89.7941,True,True,True,https://noaa-nws-rtofs-pds.s3.amazonaws.com/rtofs.20250312/rtofs_glo_3dz_f006_6hrly_hvr_US_east.nc
ARGO_GDAC,pfl,aoml/4903466/profiles/D4903466_177.nc|2025-03-17T13:48:01Z|24.09012|-85.06029,aoml/4903466/profiles/D4903466_177.nc,4903466,4903466,24.09012,-85.06029,2025-03-17T13:48:01Z,20250317,2025,1009,1.0,2007.52,97.7335,True,True,True,https://noaa-nws-rtofs-pds.s3.amazonaws.com/rtofs.20250317/rtofs_glo_3dz_f006_6hrly_hvr_US_east.nc
ARGO_GDAC,pfl,aoml/4903466/profiles/D4903466_177.nc|2025-03-17T13:48:01Z|24.09012|-85.06029,aoml/4903466/profiles/D4903466_177.nc,4903466,4903466,24.09012,-85.06029,2025-03-17T13:48:01Z,20250317,2025,811,0.64,99.92,97.6327,True,True,True,https://noaa-nws-rtofs-pds.s3.amazonaws.com/rtofs.20250317/rtofs_glo_3dz_f006_6hrly_hvr_US_east.nc
ARGO_GDAC,pfl,aoml/4903466/profiles/D4903466_178.nc|2025-03-22T15:18:09Z|23.74401|-84.74122,aoml/4903466/profiles/D4903466_178.nc,4903466,4903466,23.74401,-84.74122,2025-03-22T15:18:09Z,20250322,2025,1007,1.0,2004.0,106.7841,True,False,True,https://noaa-nws-rtofs-pds.s3.amazonaws.com/rtofs.20250322/rtofs_glo_3dz_f006_6hrly_hvr_US_east.nc
ARGO_GDAC,pfl,aoml/4903466/profiles/D4903466_178.nc|2025-03-22T15:18:09Z|23.74401|-84.74122,aoml/4903466/profiles/D4903466_178.nc,4903466,4903466,23.74401,-84.74122,2025-03-22T15:18:09Z,20250322,2025,807,0.52,100.0,,False,False,True,https://noaa-nws-rtofs-pds.s3.amazonaws.com/rtofs.20250322/rtofs_glo_3dz_f006_6hrly_hvr_US_east.nc
ARGO_GDAC,pfl,aoml/4903466/profiles/D4903466_179.nc|2025-03-27T16:56:53Z|23.87299|-84.40484,aoml/4903466/profiles/D4903466_179.nc,4903466,4903466,23.87299,-84.40484,2025-03-27T16:56:53Z,20250327,2025,1008,1.0,2006.12,13.8162,True,True,True,https://noaa-nws-rtofs-pds.s3.amazonaws.com/rtofs.20250327/rtofs_glo_3dz_f006_6hrly_hvr_US_east.nc
ARGO_GDAC,pfl,aoml/4903466/profiles/D4903466_179.nc|2025-03-27T16:56:53Z|23.87299|-84.40484,aoml/4903466/profiles/D4903466_179.nc,4903466,4903466,23.87299,-84.40484,2025-03-27T16:56:53Z,20250327,2025,818,0.64,100.0,13.8042,True,True,True,https://noaa-nws-rtofs-pds.s3.amazonaws.com/rtofs.20250327/rtofs_glo_3dz_f006_6hrly_hvr_US_east.nc
ARGO_GDAC,pfl,aoml/4903466/profiles/D4903466_180.nc|2025-04-01T18:29:30Z|23.86673|-84.49057,aoml/4903466/profiles/D4903466_180.nc,4903466,4903466,23.86673,-84.49057,2025-04-01T18:29:30Z,20250401,2025,1011,1.04,2011.12,14.2088,True,True,True,https://noaa-nws-rtofs-pds.s3.amazonaws.com/rtofs.20250401/rtofs_glo_3dz_f006_6hrly_hvr_US_east.nc
ARGO_GDAC,pfl,aoml/4903466/profiles/D4903466_180.nc|2025-04-01T18:29:30Z|23.86673|-84.49057,aoml/4903466/profiles/D4903466_180.nc,4903466,4903466,23.86673,-84.49057,2025-04-01T18:29:30Z,20250401,2025,728,0.68,99.88,14.4343,True,True,True,https://noaa-nws-rtofs-pds.s3.amazonaws.com/rtofs.20250401/rtofs_glo_3dz_f006_6hrly_hvr_US_east.nc
ARGO_GDAC,pfl,aoml/4903466/profiles/D4903466_181.nc|2025-04-06T20:07:27Z|24.06492|-84.28333,aoml/4903466/profiles/D4903466_181.nc,4903466,4903466,24.06492,-84.28333,2025-04-06T20:07:27Z,20250406,2025,1010,1.0,2009.8,20.3545,True,True,True,https://noaa-nws-rtofs-pds.s3.amazonaws.com/rtofs.20250406/rtofs_glo_3dz_f006_6hrly_hvr_US_east.nc
ARGO_GDAC,pfl,aoml/4903466/profiles/D4903466_181.nc|2025-04-06T20:07:27Z|24.06492|-84.28333,aoml/4903466/profiles/D4903466_181.nc,4903466,4903466,24.06492,-84.28333,2025-04-06T20:07:27Z,20250406,2025,827,0.56,100.0,20.8154,True,True,True,https://noaa-nws-rtofs-pds.s3.amazonaws.com/rtofs.20250406/rtofs_glo_3dz_f006_6hrly_hvr_US_east.nc
ARGO_GDAC,pfl,aoml/4903466/profiles/D4903466_182.nc|2025-04-11T21:49:03Z|24.00405|-84.23335,aoml/4903466/profiles/D4903466_182.nc,4903466,4903466,24.00405,-84.23335,2025-04-11T21:49:03Z,20250411,2025,1010,1.0,2009.8,30.5513,True,True,True,https://noaa-nws-rtofs-pds.s3.amazonaws.com/rtofs.20250411/rtofs_glo_3dz_f006_6hrly_hvr_US_east.nc
ARGO_GDAC,pfl,aoml/4903466/profiles/D4903466_182.nc|2025-04-11T21:49:03Z|24.00405|-84.23335,aoml/4903466/profiles/D4903466_182.nc,4903466,4903466,24.00405,-84.23335,2025-04-11T21:49:03Z,20250411,2025,884,0.6,99.92,31.1286,True,True,True,https://noaa-nws-rtofs-pds.s3.amazonaws.com/rtofs.20250411/rtofs_glo_3dz_f006_6hrly_hvr_US_east.nc
ARGO_GDAC,pfl,aoml/4903466/profiles/D4903466_183.nc|2025-04-16T23:07:50Z|23.79814|-84.28283,aoml/4903466/profiles/D4903466_183.nc,4903466,4903466,23.79814,-84.28283,2025-04-16T23:07:50Z,20250416,2025,1011,1.0,2011.76,21.3135,True,True,True,https://noaa-nws-rtofs-pds.s3.amazonaws.com/rtofs.20250416/rtofs_glo_3dz_f006_6hrly_hvr_US_east.nc
ARGO_GDAC,pfl,aoml/4903466/profiles/D4903466_183.nc|2025-04-16T23:07:50Z|23.79814|-84.28283,aoml/4903466/profiles/D4903466_183.nc,4903466,4903466,23.79814,-84.28283,2025-04-16T23:07:50Z,20250416,2025,919,0.6,99.92,22.2349,True,True,True,https://noaa-nws-rtofs-pds.s3.amazonaws.com/rtofs.20250416/rtofs_glo_3dz_f006_6hrly_hvr_US_east.nc
ARGO_GDAC,pfl,aoml/4903466/profiles/D4903466_184.nc|2025-04-22T00:50:18Z|23.73835|-84.17281,aoml/4903466/profiles/D4903466_184.nc,4903466,4903466,23.73835,-84.17281,2025-04-22T00:50:18Z,20250422,2025,1008,1.0,2005.36,21.4594,True,True,True,https://noaa-nws-rtofs-pds.s3.amazonaws.com/rtofs.20250422/rtofs_glo_3dz_f006_6hrly_hvr_US_east.nc
ARGO_GDAC,pfl,aoml/4903466/profiles/D4903466_184.nc|2025-04-22T00:50:18Z|23.73835|-84.17281,aoml/4903466/profiles/D4903466_184.nc,4903466,4903466,23.73835,-84.17281,2025-04-22T00:50:18Z,20250422,2025,776,0.6,99.96,20.8934,True,True,True,https://noaa-nws-rtofs-pds.s3.amazonaws.com/rtofs.20250422/rtofs_glo_3dz_f006_6hrly_hvr_US_east.nc
ARGO_GDAC,pfl,aoml/4903466/profiles/D4903466_185.nc|2025-04-27T02:22:45Z|23.69898|-83.99363,aoml/4903466/profiles/D4903466_185.nc,4903466,4903466,23.69898,-83.99363,2025-04-27T02:22:45Z,20250427,2025,1011,1.0,2011.0,24.3267,True,True,True,https://noaa-nws-rtofs-pds.s3.amazonaws.com/rtofs.20250427/rtofs_glo_3dz_f006_6hrly_hvr_US_east.nc
ARGO_GDAC,pfl,aoml/4903466/profiles/D4903466_185.nc|2025-04-27T02:22:45Z|23.69898|-83.99363,aoml/4903466/profiles/D4903466_185.nc,4903466,4903466,23.69898,-83.99363,2025-04-27T02:22:45Z,20250427,2025,786,0.56,99.88,24.4733,True,True,True,https://noaa-nws-rtofs-pds.s3.amazonaws.com/rtofs.20250427/rtofs_glo_3dz_f006_6hrly_hvr_US_east.nc
ARGO_GDAC,pfl,aoml/4903466/profiles/D4903466_186.nc|2025-05-02T03:59:12Z|23.70171|-83.97207,aoml/4903466/profiles/D4903466_186.nc,4903466,4903466,23.70171,-83.97207,2025-05-02T03:59:12Z,20250502,2025,1007,1.0,2003.36,30.5187,True,True,True,https://noaa-nws-rtofs-pds.s3.amazonaws.com/rtofs.20250502/rtofs_glo_3dz_f006_6hrly_hvr_US_east.nc
ARGO_GDAC,pfl,aoml/4903466/profiles/D4903466_186.nc|2025-05-02T03:59:12Z|23.70171|-83.97207,aoml/4903466/profiles/D4903466_186.nc,4903466,4903466,23.70171,-83.97207,2025-05-02T03:59:12Z,20250502,2025,897,0.64,99.88,30.5467,True,True,True,https://noaa-nws-rtofs-pds.s3.amazonaws.com/rtofs.20250502/rtofs_glo_3dz_f006_6hrly_hvr_US_east.nc
ARGO_GDAC,pfl,aoml/4903466/profiles/D4903466_187.nc|2025-05-07T05:40:35Z|23.80751|-84.19874,aoml/4903466/profiles/D4903466_187.nc,4903466,4903466,23.80751,-84.19874,2025-05-07T05:40:35Z,20250507,2025,1011,1.0,2011.96,15.778,True,True,True,https://noaa-nws-rtofs-pds.s3.amazonaws.com/rtofs.20250507/rtofs_glo_3dz_f006_6hrly_hvr_US_east.nc
ARGO_GDAC,pfl,aoml/4903466/profiles/D4903466_187.nc|2025-05-07T05:40:35Z|23.80751|-84.19874,aoml/4903466/profiles/D4903466_187.nc,4903466,4903466,23.80751,-84.19874,2025-05-07T05:40:35Z,20250507,2025,823,0.52,100.0,15.9527,True,True,True,https://noaa-nws-rtofs-pds.s3.amazonaws.com/rtofs.20250507/rtofs_glo_3dz_f006_6hrly_hvr_US_east.nc
ARGO_GDAC,pfl,aoml/4903466/profiles/D4903466_188.nc|2025-05-12T07:11:39Z|23.72188|-83.90567,aoml/4903466/profiles/D4903466_188.nc,4903466,4903466,23.72188,-83.90567,2025-05-12T07:11:39Z,20250512,2025,1010,1.08,2010.08,18.8707,True,True,True,https://noaa-nws-rtofs-pds.s3.amazonaws.com/rtofs.20250512/rtofs_glo_3dz_f006_6hrly_hvr_US_east.nc
ARGO_GDAC,pfl,aoml/4903466/profiles/D4903466_188.nc|2025-05-12T07:11:39Z|23.72188|-83.90567,aoml/4903466/profiles/D4903466_188.nc,4903466,4903466,23.72188,-83.90567,2025-05-12T07:11:39Z,20250512,2025,807,0.72,99.96,19.3541,True,True,True,https://noaa-nws-rtofs-pds.s3.amazonaws.com/rtofs.20250512/rtofs_glo_3dz_f006_6hrly_hvr_US_east.nc
ARGO_GDAC,pfl,aoml/4903466/profiles/D4903466_189.nc|2025-05-17T08:50:18Z|23.58902|-83.97439,aoml/4903466/profiles/D4903466_189.nc,4903466,4903466,23.58902,-83.97439,2025-05-17T08:50:18Z,20250517,2025,1011,1.0,2011.6,19.9204,True,True,True,https://noaa-nws-rtofs-pds.s3.amazonaws.com/rtofs.20250517/rtofs_glo_3dz_f006_6hrly_hvr_US_east.nc
ARGO_GDAC,pfl,aoml/4903466/profiles/D4903466_189.nc|2025-05-17T08:50:18Z|23.58902|-83.97439,aoml/4903466/profiles/D4903466_189.nc,4903466,4903466,23.58902,-83.97439,2025-05-17T08:50:18Z,20250517,2025,926,0.52,99.92,19.5,True,True,True,https://noaa-nws-rtofs-pds.s3.amazonaws.com/rtofs.20250517/rtofs_glo_3dz_f006_6hrly_hvr_US_east.nc
ARGO_GDAC,pfl,aoml/4903466/profiles/D4903466_190.nc|2025-05-22T10:26:29Z|23.58956|-84.07670,aoml/4903466/profiles/D4903466_190.nc,4903466,4903466,23.58956,-84.0767,2025-05-22T10:26:29Z,20250522,2025,1007,0.92,2004.04,14.2812,True,True,True,https://noaa-nws-rtofs-pds.s3.amazonaws.com/rtofs.20250522/rtofs_glo_3dz_f006_6hrly_hvr_US_east.nc
ARGO_GDAC,pfl,aoml/4903466/profiles/D4903466_190.nc|2025-05-22T10:26:29Z|23.58956|-84.07670,aoml/4903466/profiles/D4903466_190.nc,4903466,4903466,23.58956,-84.0767,2025-05-22T10:26:29Z,20250522,2025,748,0.52,99.96,14.78,True,True,True,https://noaa-nws-rtofs-pds.s3.amazonaws.com/rtofs.20250522/rtofs_glo_3dz_f006_6hrly_hvr_US_east.nc
ARGO_GDAC,pfl,aoml/4903466/profiles/D4903466_191.nc|2025-05-27T11:48:30Z|23.54917|-84.17332,aoml/4903466/profiles/D4903466_191.nc,4903466,4903466,23.54917,-84.17332,2025-05-27T11:48:30Z,20250527,2025,1010,1.12,2009.04,24.9798,True,True,True,https://noaa-nws-rtofs-pds.s3.amazonaws.com/rtofs.20250527/rtofs_glo_3dz_f006_6hrly_hvr_US_east.nc
ARGO_GDAC,pfl,aoml/4903466/profiles/D4903466_191.nc|2025-05-27T11:48:30Z|23.54917|-84.17332,aoml/4903466/profiles/D4903466_191.nc,4903466,4903466,23.54917,-84.17332,2025-05-27T11:48:30Z,20250527,2025,822,0.92,99.88,25.0,True,True,True,https://noaa-nws-rtofs-pds.s3.amazonaws.com/rtofs.20250527/rtofs_glo_3dz_f006_6hrly_hvr_US_east.nc
ARGO_GDAC,pfl,aoml/4903466/profiles/D4903466_192.nc|2025-06-01T13:19:23Z|23.66708|-84.21318,aoml/4903466/profiles/D4903466_192.nc,4903466,4903466,23.66708,-84.21318,2025-06-01T13:19:23Z,20250601,2025,1012,0.48,2011.2,12.5519,True,True,True,https://noaa-nws-rtofs-pds.s3.amazonaws.com/rtofs.20250601/rtofs_glo_3dz_f006_6hrly_hvr_US_east.nc
ARGO_GDAC,pfl,aoml/4903466/profiles/D4903466_192.nc|2025-06-01T13:19:23Z|23.66708|-84.21318,aoml/4903466/profiles/D4903466_192.nc,4903466,4903466,23.66708,-84.21318,2025-06-01T13:19:23Z,20250601,2025,838,0.48,99.88,13.14,True,True,True,https://noaa-nws-rtofs-pds.s3.amazonaws.com/rtofs.20250601/rtofs_glo_3dz_f006_6hrly_hvr_US_east.nc
ARGO_GDAC,pfl,aoml/4903466/profiles/D4903466_193.nc|2025-06-06T14:51:06Z|23.91316|-84.18625,aoml/4903466/profiles/D4903466_193.nc,4903466,4903466,23.91316,-84.18625,2025-06-06T14:51:06Z,20250606,2025,1007,0.96,2003.16,16.1249,True,True,True,https://noaa-nws-rtofs-pds.s3.amazonaws.com/rtofs.20250606/rtofs_glo_3dz_f006_6hrly_hvr_US_east.nc
ARGO_GDAC,pfl,aoml/4903466/profiles/D4903466_193.nc|2025-06-06T14:51:06Z|23.91316|-84.18625,aoml/4903466/profiles/D4903466_193.nc,4903466,4903466,23.91316,-84.18625,2025-06-06T14:51:06Z,20250606,2025,806,0.64,99.92,16.2291,True,True,True,https://noaa-nws-rtofs-pds.s3.amazonaws.com/rtofs.20250606/rtofs_glo_3dz_f006_6hrly_hvr_US_east.nc
ARGO_GDAC,pfl,aoml/4903466/profiles/D4903466_194.nc|2025-06-11T16:36:48Z|24.12635|-84.16896,aoml/4903466/profiles/D4903466_194.nc,4903466,4903466,24.12635,-84.16896,2025-06-11T16:36:48Z,20250611,2025,1009,0.96,2007.6,12.4229,True,True,True,https://noaa-nws-rtofs-pds.s3.amazonaws.com/rtofs.20250611/rtofs_glo_3dz_f006_6hrly_hvr_US_east.nc
ARGO_GDAC,pfl,aoml/4903466/profiles/D4903466_194.nc|2025-06-11T16:36:48Z|24.12635|-84.16896,aoml/4903466/profiles/D4903466_194.nc,4903466,4903466,24.12635,-84.16896,2025-06-11T16:36:48Z,20250611,2025,870,0.52,99.96,12.407,True,True,True,https://noaa-nws-rtofs-pds.s3.amazonaws.com/rtofs.20250611/rtofs_glo_3dz_f006_6hrly_hvr_US_east.nc
ARGO_GDAC,pfl,aoml/4903466/profiles/D4903466_195.nc|2025-06-16T17:54:00Z|24.26809|-84.12699,aoml/4903466/profiles/D4903466_195.nc,4903466,4903466,24.26809,-84.12699,2025-06-16T17:54:00Z,20250616,2025,869,0.96,1727.4,14.6255,True,True,True,https://noaa-nws-rtofs-pds.s3.amazonaws.com/rtofs.20250616/rtofs_glo_3dz_f006_6hrly_hvr_US_east.nc
ARGO_GDAC,pfl,aoml/4903466/profiles/D4903466_195.nc|2025-06-16T17:54:00Z|24.26809|-84.12699,aoml/4903466/profiles/D4903466_195.nc,4903466,4903466,24.26809,-84.12699,2025-06-16T17:54:00Z,20250616,2025,945,0.52,99.92,14.5439,True,True,True,https://noaa-nws-rtofs-pds.s3.amazonaws.com/rtofs.20250616/rtofs_glo_3dz_f006_6hrly_hvr_US_east.nc
ARGO_GDAC,pfl,aoml/4903466/profiles/D4903466_196.nc|2025-06-21T19:27:03Z|24.45804|-83.99438,aoml/4903466/profiles/D4903466_196.nc,4903466,4903466,24.45804,-83.99438,2025-06-21T19:27:03Z,20250621,2025,958,0.96,1905.36,21.0821,True,True,True,https://noaa-nws-rtofs-pds.s3.amazonaws.com/rtofs.20250621/rtofs_glo_3dz_f006_6hrly_hvr_US_east.nc
ARGO_GDAC,pfl,aoml/4903466/profiles/D4903466_196.nc|2025-06-21T19:27:03Z|24.45804|-83.99438,aoml/4903466/profiles/D4903466_196.nc,4903466,4903466,24.45804,-83.99438,2025-06-21T19:27:03Z,20250621,2025,945,0.52,99.92,21.1528,True,True,True,https://noaa-nws-rtofs-pds.s3.amazonaws.com/rtofs.20250621/rtofs_glo_3dz_f006_6hrly_hvr_US_east.nc
ARGO_GDAC,pfl,aoml/4903466/profiles/D4903466_197.nc|2025-06-26T20:54:57Z|24.40539|-84.10901,aoml/4903466/profiles/D4903466_197.nc,4903466,4903466,24.40539,-84.10901,2025-06-26T20:54:57Z,20250626,2025,1010,0.48,2008.12,42.2032,True,True,True,https://noaa-nws-rtofs-pds.s3.amazonaws.com/rtofs.20250626/rtofs_glo_3dz_f006_6hrly_hvr_US_east.nc
ARGO_GDAC,pfl,aoml/4903466/profiles/D4903466_197.nc|2025-06-26T20:54:57Z|24.40539|-84.10901,aoml/4903466/profiles/D4903466_197.nc,4903466,4903466,24.40539,-84.10901,2025-06-26T20:54:57Z,20250626,2025,899,0.48,99.92,43.1242,True,True,True,https://noaa-nws-rtofs-pds.s3.amazonaws.com/rtofs.20250626/rtofs_glo_3dz_f006_6hrly_hvr_US_east.nc
ARGO_GDAC,pfl,aoml/4903466/profiles/D4903466_198.nc|2025-07-01T22:01:57Z|24.61200|-84.18242,aoml/4903466/profiles/D4903466_198.nc,4903466,4903466,24.612,-84.18242,2025-07-01T22:01:57Z,20250701,2025,1009,1.16,2007.36,22.7617,True,True,True,https://noaa-nws-rtofs-pds.s3.amazonaws.com/rtofs.20250701/rtofs_glo_3dz_f006_6hrly_hvr_US_east.nc
ARGO_GDAC,pfl,aoml/4903466/profiles/D4903466_198.nc|2025-07-01T22:01:57Z|24.61200|-84.18242,aoml/4903466/profiles/D4903466_198.nc,4903466,4903466,24.612,-84.18242,2025-07-01T22:01:57Z,20250701,2025,834,0.88,99.92,23.3082,True,True,True,https://noaa-nws-rtofs-pds.s3.amazonaws.com/rtofs.20250701/rtofs_glo_3dz_f006_6hrly_hvr_US_east.nc
ARGO_GDAC,pfl,aoml/4903466/profiles/D4903466_199.nc|2025-07-06T23:30:24Z|24.95586|-84.49686,aoml/4903466/profiles/D4903466_199.nc,4903466,4903466,24.95586,-84.49686,2025-07-06T23:30:24Z,20250706,2025,1009,1.0,2007.16,17.3398,True,True,True,https://noaa-nws-rtofs-pds.s3.amazonaws.com/rtofs.20250706/rtofs_glo_3dz_f006_6hrly_hvr_US_east.nc
ARGO_GDAC,pfl,aoml/4903466/profiles/D4903466_199.nc|2025-07-06T23:30:24Z|24.95586|-84.49686,aoml/4903466/profiles/D4903466_199.nc,4903466,4903466,24.95586,-84.49686,2025-07-06T23:30:24Z,20250706,2025,906,0.6,99.92,17.36,True,True,True,https://noaa-nws-rtofs-pds.s3.amazonaws.com/rtofs.20250706/rtofs_glo_3dz_f006_6hrly_hvr_US_east.nc
ARGO_GDAC,pfl,aoml/4903466/profiles/D4903466_200.nc|2025-07-12T01:14:24Z|25.05434|-84.56181,aoml/4903466/profiles/D4903466_200.nc,4903466,4903466,25.05434,-84.56181,2025-07-12T01:14:24Z,20250712,2025,980,0.48,1947.04,18.3539,True,True,True,https://noaa-nws-rtofs-pds.s3.amazonaws.com/rtofs.20250712/rtofs_glo_3dz_f006_6hrly_hvr_US_east.nc
ARGO_GDAC,pfl,aoml/4903466/profiles/D4903466_200.nc|2025-07-12T01:14:24Z|25.05434|-84.56181,aoml/4903466/profiles/D4903466_200.nc,4903466,4903466,25.05434,-84.56181,2025-07-12T01:14:24Z,20250712,2025,837,0.48,99.96,18.9,True,True,True,https://noaa-nws-rtofs-pds.s3.amazonaws.com/rtofs.20250712/rtofs_glo_3dz_f006_6hrly_hvr_US_east.nc
ARGO_GDAC,pfl,aoml/4903466/profiles/D4903466_201.nc|2025-07-17T02:40:38Z|24.98762|-84.54830,aoml/4903466/profiles/D4903466_201.nc,4903466,4903466,24.98762,-84.5483,2025-07-17T02:40:38Z,20250717,2025,1009,0.48,2006.12,22.5632,True,True,True,https://noaa-nws-rtofs-pds.s3.amazonaws.com/rtofs.20250717/rtofs_glo_3dz_f006_6hrly_hvr_US_east.nc
ARGO_GDAC,pfl,aoml/4903466/profiles/D4903466_201.nc|2025-07-17T02:40:38Z|24.98762|-84.54830,aoml/4903466/profiles/D4903466_201.nc,4903466,4903466,24.98762,-84.5483,2025-07-17T02:40:38Z,20250717,2025,861,0.48,99.96,22.432,True,True,True,https://noaa-nws-rtofs-pds.s3.amazonaws.com/rtofs.20250717/rtofs_glo_3dz_f006_6hrly_hvr_US_east.nc
ARGO_GDAC,pfl,aoml/4903466/profiles/D4903466_202.nc|2025-07-22T04:12:18Z|24.94569|-84.51302,aoml/4903466/profiles/D4903466_202.nc,4903466,4903466,24.94569,-84.51302,2025-07-22T04:12:18Z,20250722,2025,1011,1.08,2011.48,15.4211,True,True,True,https://noaa-nws-rtofs-pds.s3.amazonaws.com/rtofs.20250722/rtofs_glo_3dz_f006_6hrly_hvr_US_east.nc
ARGO_GDAC,pfl,aoml/4903466/profiles/D4903466_202.nc|2025-07-22T04:12:18Z|24.94569|-84.51302,aoml/4903466/profiles/D4903466_202.nc,4903466,4903466,24.94569,-84.51302,2025-07-22T04:12:18Z,20250722,2025,925,0.72,99.92,15.4758,True,True,True,https://noaa-nws-rtofs-pds.s3.amazonaws.com/rtofs.20250722/rtofs_glo_3dz_f006_6hrly_hvr_US_east.nc
ARGO_GDAC,pfl,aoml/4903466/profiles/D4903466_203.nc|2025-07-27T05:50:01Z|25.04785|-84.51830,aoml/4903466/profiles/D4903466_203.nc,4903466,4903466,25.04785,-84.5183,2025-07-27T05:50:01Z,20250727,2025,1009,1.0,2008.04,12.6848,True,True,True,https://noaa-nws-rtofs-pds.s3.amazonaws.com/rtofs.20250727/rtofs_glo_3dz_f006_6hrly_hvr_US_east.nc
ARGO_GDAC,pfl,aoml/4903466/profiles/D4903466_203.nc|2025-07-27T05:50:01Z|25.04785|-84.51830,aoml/4903466/profiles/D4903466_203.nc,4903466,4903466,25.04785,-84.5183,2025-07-27T05:50:01Z,20250727,2025,885,0.68,99.88,11.7785,True,True,True,https://noaa-nws-rtofs-pds.s3.amazonaws.com/rtofs.20250727/rtofs_glo_3dz_f006_6hrly_hvr_US_east.nc
ARGO_GDAC,pfl,aoml/4903466/profiles/D4903466_204.nc|2025-08-01T07:31:34Z|24.94636|-84.45461,aoml/4903466/profiles/D4903466_204.nc,4903466,4903466,24.94636,-84.45461,2025-08-01T07:31:34Z,20250801,2025,990,0.96,1970.32,18.3835,True,True,True,https://noaa-nws-rtofs-pds.s3.amazonaws.com/rtofs.20250801/rtofs_glo_3dz_f006_6hrly_hvr_US_east.nc
ARGO_GDAC,pfl,aoml/4903466/profiles/D4903466_204.nc|2025-08-01T07:31:34Z|24.94636|-84.45461,aoml/4903466/profiles/D4903466_204.nc,4903466,4903466,24.94636,-84.45461,2025-08-01T07:31:34Z,20250801,2025,877,0.52,99.96,17.4133,True,True,True,https://noaa-nws-rtofs-pds.s3.amazonaws.com/rtofs.20250801/rtofs_glo_3dz_f006_6hrly_hvr_US_east.nc
ARGO_GDAC,pfl,aoml/4903466/profiles/D4903466_205.nc|2025-08-06T09:04:31Z|24.95633|-84.53247,aoml/4903466/profiles/D4903466_205.nc,4903466,4903466,24.95633,-84.53247,2025-08-06T09:04:31Z,20250806,2025,1008,1.0,2005.0,18.9141,True,True,True,https://noaa-nws-rtofs-pds.s3.amazonaws.com/rtofs.20250806/rtofs_glo_3dz_f006_6hrly_hvr_US_east.nc
ARGO_GDAC,pfl,aoml/4903466/profiles/D4903466_205.nc|2025-08-06T09:04:31Z|24.95633|-84.53247,aoml/4903466/profiles/D4903466_205.nc,4903466,4903466,24.95633,-84.53247,2025-08-06T09:04:31Z,20250806,2025,961,0.52,99.92,18.5714,True,True,True,https://noaa-nws-rtofs-pds.s3.amazonaws.com/rtofs.20250806/rtofs_glo_3dz_f006_6hrly_hvr_US_east.nc
ARGO_GDAC,pfl,aoml/4903466/profiles/D4903466_206.nc|2025-08-11T10:40:15Z|25.00517|-84.69254,aoml/4903466/profiles/D4903466_206.nc,4903466,4903466,25.00517,-84.69254,2025-08-11T10:40:15Z,20250811,2025,1007,1.04,2004.16,12.7004,True,True,True,https://noaa-nws-rtofs-pds.s3.amazonaws.com/rtofs.20250811/rtofs_glo_3dz_f006_6hrly_hvr_US_east.nc
ARGO_GDAC,pfl,aoml/4903466/profiles/D4903466_206.nc|2025-08-11T10:40:15Z|25.00517|-84.69254,aoml/4903466/profiles/D4903466_206.nc,4903466,4903466,25.00517,-84.69254,2025-08-11T10:40:15Z,20250811,2025,911,0.64,100.0,13.29,True,True,True,https://noaa-nws-rtofs-pds.s3.amazonaws.com/rtofs.20250811/rtofs_glo_3dz_f006_6hrly_hvr_US_east.nc
ARGO_GDAC,pfl,aoml/4903466/profiles/D4903466_207.nc|2025-08-16T12:14:55Z|25.09222|-84.92138,aoml/4903466/profiles/D4903466_207.nc,4903466,4903466,25.09222,-84.92138,2025-08-16T12:14:55Z,20250816,2025,1007,1.28,2003.32,18.2565,True,True,True,https://noaa-nws-rtofs-pds.s3.amazonaws.com/rtofs.20250816/rtofs_glo_3dz_f006_6hrly_hvr_US_east.nc
ARGO_GDAC,pfl,aoml/4903466/profiles/D4903466_207.nc|2025-08-16T12:14:55Z|25.09222|-84.92138,aoml/4903466/profiles/D4903466_207.nc,4903466,4903466,25.09222,-84.92138,2025-08-16T12:14:55Z,20250816,2025,958,1.04,99.92,19.0182,True,True,True,https://noaa-nws-rtofs-pds.s3.amazonaws.com/rtofs.20250816/rtofs_glo_3dz_f006_6hrly_hvr_US_east.nc
ARGO_GDAC,pfl,aoml/4903466/profiles/D4903466_208.nc|2025-08-21T13:47:43Z|25.22899|-85.30586,aoml/4903466/profiles/D4903466_208.nc,4903466,4903466,25.22899,-85.30586,2025-08-21T13:47:43Z,20250821,2025,1010,1.2,2009.68,13.3113,True,True,True,https://noaa-nws-rtofs-pds.s3.amazonaws.com/rtofs.20250821/rtofs_glo_3dz_f006_6hrly_hvr_US_east.nc
ARGO_GDAC,pfl,aoml/4903466/profiles/D4903466_208.nc|2025-08-21T13:47:43Z|25.22899|-85.30586,aoml/4903466/profiles/D4903466_208.nc,4903466,4903466,25.22899,-85.30586,2025-08-21T13:47:43Z,20250821,2025,1020,2.12,99.96,13.55,True,True,True,https://noaa-nws-rtofs-pds.s3.amazonaws.com/rtofs.20250821/rtofs_glo_3dz_f006_6hrly_hvr_US_east.nc
ARGO_GDAC,pfl,aoml/4903466/profiles/D4903466_209.nc|2025-08-26T15:25:35Z|25.41868|-85.56246,aoml/4903466/profiles/D4903466_209.nc,4903466,4903466,25.41868,-85.56246,2025-08-26T15:25:35Z,20250826,2025,1011,1.0,2011.12,20.0527,True,True,True,https://noaa-nws-rtofs-pds.s3.amazonaws.com/rtofs.20250826/rtofs_glo_3dz_f006_6hrly_hvr_US_east.nc
ARGO_GDAC,pfl,aoml/4903466/profiles/D4903466_209.nc|2025-08-26T15:25:35Z|25.41868|-85.56246,aoml/4903466/profiles/D4903466_209.nc,4903466,4903466,25.41868,-85.56246,2025-08-26T15:25:35Z,20250826,2025,910,0.64,99.92,20.5667,True,True,True,https://noaa-nws-rtofs-pds.s3.amazonaws.com/rtofs.20250826/rtofs_glo_3dz_f006_6hrly_hvr_US_east.nc
ARGO_GDAC,pfl,aoml/4903466/profiles/D4903466_210.nc|2025-08-29T05:00:55Z|25.45852|-85.60445,aoml/4903466/profiles/D4903466_210.nc,4903466,4903466,25.45852,-85.60445,2025-08-29T05:00:55Z,20250829,2025,1012,1.04,2013.24,15.4202,True,True,True,https://noaa-nws-rtofs-pds.s3.amazonaws.com/rtofs.20250829/rtofs_glo_3dz_f006_6hrly_hvr_US_east.nc
ARGO_GDAC,pfl,aoml/4903466/profiles/D4903466_210.nc|2025-08-29T05:00:55Z|25.45852|-85.60445,aoml/4903466/profiles/D4903466_210.nc,4903466,4903466,25.45852,-85.60445,2025-08-29T05:00:55Z,20250829,2025,918,0.6,100.0,15.7511,True,True,True,https://noaa-nws-rtofs-pds.s3.amazonaws.com/rtofs.20250829/rtofs_glo_3dz_f006_6hrly_hvr_US_east.nc
ARGO_GDAC,pfl,aoml/4903466/profiles/D4903466_211.nc|2025-08-31T18:27:01Z|25.45382|-85.62065,aoml/4903466/profiles/D4903466_211.nc,4903466,4903466,25.45382,-85.62065,2025-08-31T18:27:01Z,20250831,2025,1008,1.04,2005.84,15.0149,True,True,True,https://noaa-nws-rtofs-pds.s3.amazonaws.com/rtofs.20250831/rtofs_glo_3dz_f006_6hrly_hvr_US_east.nc
ARGO_GDAC,pfl,aoml/4903466/profiles/D4903466_211.nc|2025-08-31T18:27:01Z|25.45382|-85.62065,aoml/4903466/profiles/D4903466_211.nc,4903466,4903466,25.45382,-85.62065,2025-08-31T18:27:01Z,20250831,2025,965,0.76,99.92,14.6972,True,True,True,https://noaa-nws-rtofs-pds.s3.amazonaws.com/rtofs.20250831/rtofs_glo_3dz_f006_6hrly_hvr_US_east.nc
ARGO_GDAC,pfl,aoml/4903466/profiles/D4903466_212.nc|2025-09-03T08:02:00Z|25.45251|-85.68234,aoml/4903466/profiles/D4903466_212.nc,4903466,4903466,25.45251,-85.68234,2025-09-03T08:02:00Z,20250903,2025,1011,1.12,2011.88,11.6567,True,True,True,https://noaa-nws-rtofs-pds.s3.amazonaws.com/rtofs.20250903/rtofs_glo_3dz_f006_6hrly_hvr_US_east.nc
ARGO_GDAC,pfl,aoml/4903466/profiles/D4903466_212.nc|2025-09-03T08:02:00Z|25.45251|-85.68234,aoml/4903466/profiles/D4903466_212.nc,4903466,4903466,25.45251,-85.68234,2025-09-03T08:02:00Z,20250903,2025,945,0.76,99.92,11.519,True,True,True,https://noaa-nws-rtofs-pds.s3.amazonaws.com/rtofs.20250903/rtofs_glo_3dz_f006_6hrly_hvr_US_east.nc
ARGO_GDAC,pfl,aoml/4903466/profiles/D4903466_213.nc|2025-09-05T21:40:00Z|25.40049|-85.79931,aoml/4903466/profiles/D4903466_213.nc,4903466,4903466,25.40049,-85.79931,2025-09-05T21:40:00Z,20250905,2025,1007,1.36,2004.04,10.923,True,True,True,https://noaa-nws-rtofs-pds.s3.amazonaws.com/rtofs.20250905/rtofs_glo_3dz_f006_6hrly_hvr_US_east.nc
ARGO_GDAC,pfl,aoml/4903466/profiles/D4903466_213.nc|2025-09-05T21:40:00Z|25.40049|-85.79931,aoml/4903466/profiles/D4903466_213.nc,4903466,4903466,25.40049,-85.79931,2025-09-05T21:40:00Z,20250905,2025,914,1.16,99.88,10.6335,True,True,True,https://noaa-nws-rtofs-pds.s3.amazonaws.com/rtofs.20250905/rtofs_glo_3dz_f006_6hrly_hvr_US_east.nc
ARGO_GDAC,pfl,aoml/4903466/profiles/D4903466_214.nc|2025-09-08T11:17:11Z|25.31680|-85.99013,aoml/4903466/profiles/D4903466_214.nc,4903466,4903466,25.3168,-85.99013,2025-09-08T11:17:11Z,20250908,2025,1009,1.04,2007.04,11.1565,True,True,True,https://noaa-nws-rtofs-pds.s3.amazonaws.com/rtofs.20250908/rtofs_glo_3dz_f006_6hrly_hvr_US_east.nc
ARGO_GDAC,pfl,aoml/4903466/profiles/D4903466_214.nc|2025-09-08T11:17:11Z|25.31680|-85.99013,aoml/4903466/profiles/D4903466_214.nc,4903466,4903466,25.3168,-85.99013,2025-09-08T11:17:11Z,20250908,2025,919,0.64,99.96,11.428,True,True,True,https://noaa-nws-rtofs-pds.s3.amazonaws.com/rtofs.20250908/rtofs_glo_3dz_f006_6hrly_hvr_US_east.nc
ARGO_GDAC,pfl,aoml/4903466/profiles/D4903466_215.nc|2025-09-11T00:47:56Z|25.24448|-86.26118,aoml/4903466/profiles/D4903466_215.nc,4903466,4903466,25.24448,-86.26118,2025-09-11T00:47:56Z,20250911,2025,1010,1.0,2009.04,19.5911,True,True,True,https://noaa-nws-rtofs-pds.s3.amazonaws.com/rtofs.20250911/rtofs_glo_3dz_f006_6hrly_hvr_US_east.nc
ARGO_GDAC,pfl,aoml/4903466/profiles/D4903466_215.nc|2025-09-11T00:47:56Z|25.24448|-86.26118,aoml/4903466/profiles/D4903466_215.nc,4903466,4903466,25.24448,-86.26118,2025-09-11T00:47:56Z,20250911,2025,833,0.68,100.0,19.786,True,True,True,https://noaa-nws-rtofs-pds.s3.amazonaws.com/rtofs.20250911/rtofs_glo_3dz_f006_6hrly_hvr_US_east.nc
ARGO_GDAC,pfl,aoml/4903466/profiles/D4903466_216.nc|2025-09-13T14:22:06Z|25.24714|-86.52731,aoml/4903466/profiles/D4903466_216.nc,4903466,4903466,25.24714,-86.52731,2025-09-13T14:22:06Z,20250913,2025,1010,1.08,2009.56,15.7497,True,True,True,https://noaa-nws-rtofs-pds.s3.amazonaws.com/rtofs.20250913/rtofs_glo_3dz_f006_6hrly_hvr_US_east.nc
ARGO_GDAC,pfl,aoml/4903466/profiles/D4903466_216.nc|2025-09-13T14:22:06Z|25.24714|-86.52731,aoml/4903466/profiles/D4903466_216.nc,4903466,4903466,25.24714,-86.52731,2025-09-13T14:22:06Z,20250913,2025,930,0.72,100.0,15.7341,True,True,True,https://noaa-nws-rtofs-pds.s3.amazonaws.com/rtofs.20250913/rtofs_glo_3dz_f006_6hrly_hvr_US_east.nc
ARGO_GDAC,pfl,aoml/4903466/profiles/D4903466_217.nc|2025-09-16T04:10:03Z|25.26560|-86.73671,aoml/4903466/profiles/D4903466_217.nc,4903466,4903466,25.2656,-86.73671,2025-09-16T04:10:03Z,20250916,2025,1011,1.04,2011.32,13.5971,True,True,True,https://noaa-nws-rtofs-pds.s3.amazonaws.com/rtofs.20250916/rtofs_glo_3dz_f006_6hrly_hvr_US_east.nc
ARGO_GDAC,pfl,aoml/4903466/profiles/D4903466_217.nc|2025-09-16T04:10:03Z|25.26560|-86.73671,aoml/4903466/profiles/D4903466_217.nc,4903466,4903466,25.2656,-86.73671,2025-09-16T04:10:03Z,20250916,2025,925,0.56,99.96,12.3467,True,True,True,https://noaa-nws-rtofs-pds.s3.amazonaws.com/rtofs.20250916/rtofs_glo_3dz_f006_6hrly_hvr_US_east.nc
ARGO_GDAC,pfl,aoml/4903466/profiles/D4903466_218.nc|2025-09-18T17:46:15Z|25.27675|-86.92335,aoml/4903466/profiles/D4903466_218.nc,4903466,4903466,25.27675,-86.92335,2025-09-18T17:46:15Z,20250918,2025,1010,0.48,2007.32,11.3321,True,True,True,https://noaa-nws-rtofs-pds.s3.amazonaws.com/rtofs.20250918/rtofs_glo_3dz_f006_6hrly_hvr_US_east.nc
ARGO_GDAC,pfl,aoml/4903466/profiles/D4903466_218.nc|2025-09-18T17:46:15Z|25.27675|-86.92335,aoml/4903466/profiles/D4903466_218.nc,4903466,4903466,25.27675,-86.92335,2025-09-18T17:46:15Z,20250918,2025,946,0.48,99.92,10.4453,True,True,True,https://noaa-nws-rtofs-pds.s3.amazonaws.com/rtofs.20250918/rtofs_glo_3dz_f006_6hrly_hvr_US_east.nc
ARGO_GDAC,pfl,aoml/4903466/profiles/D4903466_219.nc|2025-09-21T07:14:55Z|25.23441|-87.12217,aoml/4903466/profiles/D4903466_219.nc,4903466,4903466,25.23441,-87.12217,2025-09-21T07:14:55Z,20250921,2025,1012,1.04,2013.04,14.0302,True,True,True,https://noaa-nws-rtofs-pds.s3.amazonaws.com/rtofs.20250921/rtofs_glo_3dz_f006_6hrly_hvr_US_east.nc
ARGO_GDAC,pfl,aoml/4903466/profiles/D4903466_219.nc|2025-09-21T07:14:55Z|25.23441|-87.12217,aoml/4903466/profiles/D4903466_219.nc,4903466,4903466,25.23441,-87.12217,2025-09-21T07:14:55Z,20250921,2025,958,0.64,99.96,15.2,True,True,True,https://noaa-nws-rtofs-pds.s3.amazonaws.com/rtofs.20250921/rtofs_glo_3dz_f006_6hrly_hvr_US_east.nc
ARGO_GDAC,pfl,aoml/4903466/profiles/D4903466_220.nc|2025-09-23T20:41:48Z|25.13114|-87.31345,aoml/4903466/profiles/D4903466_220.nc,4903466,4903466,25.13114,-87.31345,2025-09-23T20:41:48Z,20250923,2025,1011,1.0,2011.4,30.0345,True,True,True,https://noaa-nws-rtofs-pds.s3.amazonaws.com/rtofs.20250923/rtofs_glo_3dz_f006_6hrly_hvr_US_east.nc
ARGO_GDAC,pfl,aoml/4903466/profiles/D4903466_220.nc|2025-09-23T20:41:48Z|25.13114|-87.31345,aoml/4903466/profiles/D4903466_220.nc,4903466,4903466,25.13114,-87.31345,2025-09-23T20:41:48Z,20250923,2025,830,0.64,99.92,30.04,True,True,True,https://noaa-nws-rtofs-pds.s3.amazonaws.com/rtofs.20250923/rtofs_glo_3dz_f006_6hrly_hvr_US_east.nc
ARGO_GDAC,pfl,aoml/4903466/profiles/D4903466_221.nc|2025-09-26T10:22:51Z|25.02437|-87.45387,aoml/4903466/profiles/D4903466_221.nc,4903466,4903466,25.02437,-87.45387,2025-09-26T10:22:51Z,20250926,2025,1010,1.0,2009.72,26.1449,True,True,True,https://noaa-nws-rtofs-pds.s3.amazonaws.com/rtofs.20250926/rtofs_glo_3dz_f006_6hrly_hvr_US_east.nc
ARGO_GDAC,pfl,aoml/4903466/profiles/D4903466_221.nc|2025-09-26T10:22:51Z|25.02437|-87.45387,aoml/4903466/profiles/D4903466_221.nc,4903466,4903466,25.02437,-87.45387,2025-09-26T10:22:51Z,20250926,2025,925,0.52,99.96,14.0584,True,True,True,https://noaa-nws-rtofs-pds.s3.amazonaws.com/rtofs.20250926/rtofs_glo_3dz_f006_6hrly_hvr_US_east.nc
ARGO_GDAC,pfl,aoml/4903466/profiles/D4903466_222.nc|2025-09-28T23:56:49Z|24.93209|-87.51180,aoml/4903466/profiles/D4903466_222.nc,4903466,4903466,24.93209,-87.5118,2025-09-28T23:56:49Z,20250928,2025,1008,0.96,2006.04,27.0474,True,True,True,https://noaa-nws-rtofs-pds.s3.amazonaws.com/rtofs.20250928/rtofs_glo_3dz_f006_6hrly_hvr_US_east.nc
ARGO_GDAC,pfl,aoml/4903466/profiles/D4903466_222.nc|2025-09-28T23:56:49Z|24.93209|-87.51180,aoml/4903466/profiles/D4903466_222.nc,4903466,4903466,24.93209,-87.5118,2025-09-28T23:56:49Z,20250928,2025,846,0.56,100.0,26.96,True,True,True,https://noaa-nws-rtofs-pds.s3.amazonaws.com/rtofs.20250928/rtofs_glo_3dz_f006_6hrly_hvr_US_east.nc
ARGO_GDAC,pfl,aoml/4903466/profiles/D4903466_223.nc|2025-10-01T13:21:03Z|24.85278|-87.52954,aoml/4903466/profiles/D4903466_223.nc,4903466,4903466,24.85278,-87.52954,2025-10-01T13:21:03Z,20251001,2025,1008,1.04,2005.28,40.6335,True,True,True,https://noaa-nws-rtofs-pds.s3.amazonaws.com/rtofs.20251001/rtofs_glo_3dz_f006_6hrly_hvr_US_east.nc
ARGO_GDAC,pfl,aoml/4903466/profiles/D4903466_223.nc|2025-10-01T13:21:03Z|24.85278|-87.52954,aoml/4903466/profiles/D4903466_223.nc,4903466,4903466,24.85278,-87.52954,2025-10-01T13:21:03Z,20251001,2025,904,0.64,99.92,40.6354,True,True,True,https://noaa-nws-rtofs-pds.s3.amazonaws.com/rtofs.20251001/rtofs_glo_3dz_f006_6hrly_hvr_US_east.nc
ARGO_GDAC,pfl,aoml/4903466/profiles/D4903466_224.nc|2025-10-04T02:52:28Z|24.78621|-87.51626,aoml/4903466/profiles/D4903466_224.nc,4903466,4903466,24.78621,-87.51626,2025-10-04T02:52:28Z,20251004,2025,1011,0.44,2009.04,50.3532,True,True,True,https://noaa-nws-rtofs-pds.s3.amazonaws.com/rtofs.20251004/rtofs_glo_3dz_f006_6hrly_hvr_US_east.nc
ARGO_GDAC,pfl,aoml/4903466/profiles/D4903466_224.nc|2025-10-04T02:52:28Z|24.78621|-87.51626,aoml/4903466/profiles/D4903466_224.nc,4903466,4903466,24.78621,-87.51626,2025-10-04T02:52:28Z,20251004,2025,821,0.44,99.96,50.8607,True,True,True,https://noaa-nws-rtofs-pds.s3.amazonaws.com/rtofs.20251004/rtofs_glo_3dz_f006_6hrly_hvr_US_east.nc
ARGO_GDAC,pfl,aoml/4903466/profiles/D4903466_225.nc|2025-10-06T16:45:36Z|24.73133|-87.52348,aoml/4903466/profiles/D4903466_225.nc,4903466,4903466,24.73133,-87.52348,2025-10-06T16:45:36Z,20251006,2025,1004,1.0,1997.92,48.6939,True,True,True,https://noaa-nws-rtofs-pds.s3.amazonaws.com/rtofs.20251006/rtofs_glo_3dz_f006_6hrly_hvr_US_east.nc
ARGO_GDAC,pfl,aoml/4903466/profiles/D4903466_225.nc|2025-10-06T16:45:36Z|24.73133|-87.52348,aoml/4903466/profiles/D4903466_225.nc,4903466,4903466,24.73133,-87.52348,2025-10-06T16:45:36Z,20251006,2025,887,0.52,100.0,49.3819,True,True,True,https://noaa-nws-rtofs-pds.s3.amazonaws.com/rtofs.20251006/rtofs_glo_3dz_f006_6hrly_hvr_US_east.nc
ARGO_GDAC,pfl,aoml/4903466/profiles/D4903466_226.nc|2025-10-09T06:16:06Z|24.69843|-87.56253,aoml/4903466/profiles/D4903466_226.nc,4903466,4903466,24.69843,-87.56253,2025-10-09T06:16:06Z,20251009,2025,951,0.48,1889.4,52.3213,True,True,True,https://noaa-nws-rtofs-pds.s3.amazonaws.com/rtofs.20251009/rtofs_glo_3dz_f006_6hrly_hvr_US_east.nc
ARGO_GDAC,pfl,aoml/4903466/profiles/D4903466_226.nc|2025-10-09T06:16:06Z|24.69843|-87.56253,aoml/4903466/profiles/D4903466_226.nc,4903466,4903466,24.69843,-87.56253,2025-10-09T06:16:06Z,20251009,2025,904,0.48,99.96,52.687,True,True,True,https://noaa-nws-rtofs-pds.s3.amazonaws.com/rtofs.20251009/rtofs_glo_3dz_f006_6hrly_hvr_US_east.nc
ARGO_GDAC,pfl,aoml/4903466/profiles/D4903466_227.nc|2025-10-11T19:53:31Z|24.65201|-87.58976,aoml/4903466/profiles/D4903466_227.nc,4903466,4903466,24.65201,-87.58976,2025-10-11T19:53:31Z,20251011,2025,957,0.96,1903.8,48.8001,True,True,True,https://noaa-nws-rtofs-pds.s3.amazonaws.com/rtofs.20251011/rtofs_glo_3dz_f006_6hrly_hvr_US_east.nc
ARGO_GDAC,pfl,aoml/4903466/profiles/D4903466_227.nc|2025-10-11T19:53:31Z|24.65201|-87.58976,aoml/4903466/profiles/D4903466_227.nc,4903466,4903466,24.65201,-87.58976,2025-10-11T19:53:31Z,20251011,2025,819,0.52,100.0,49.234,True,True,True,https://noaa-nws-rtofs-pds.s3.amazonaws.com/rtofs.20251011/rtofs_glo_3dz_f006_6hrly_hvr_US_east.nc
ARGO_GDAC,pfl,aoml/4903466/profiles/D4903466_228.nc|2025-10-14T09:01:58Z|24.62419|-87.57481,aoml/4903466/profiles/D4903466_228.nc,4903466,4903466,24.62419,-87.57481,2025-10-14T09:01:58Z,20251014,2025,866,0.96,1721.4,54.0812,True,True,True,https://noaa-nws-rtofs-pds.s3.amazonaws.com/rtofs.20251014/rtofs_glo_3dz_f006_6hrly_hvr_US_east.nc
ARGO_GDAC,pfl,aoml/4903466/profiles/D4903466_228.nc|2025-10-14T09:01:58Z|24.62419|-87.57481,aoml/4903466/profiles/D4903466_228.nc,4903466,4903466,24.62419,-87.57481,2025-10-14T09:01:58Z,20251014,2025,811,0.6,99.92,54.305,True,True,True,https://noaa-nws-rtofs-pds.s3.amazonaws.com/rtofs.20251014/rtofs_glo_3dz_f006_6hrly_hvr_US_east.nc
ARGO_GDAC,pfl,aoml/4903466/profiles/D4903466_229.nc|2025-10-16T22:17:25Z|24.57510|-87.52808,aoml/4903466/profiles/D4903466_229.nc,4903466,4903466,24.5751,-87.52808,2025-10-16T22:17:25Z,20251016,2025,869,1.08,1728.2,30.658,True,True,True,https://noaa-nws-rtofs-pds.s3.amazonaws.com/rtofs.20251016/rtofs_glo_3dz_f006_6hrly_hvr_US_east.nc
ARGO_GDAC,pfl,aoml/4903466/profiles/D4903466_229.nc|2025-10-16T22:17:25Z|24.57510|-87.52808,aoml/4903466/profiles/D4903466_229.nc,4903466,4903466,24.5751,-87.52808,2025-10-16T22:17:25Z,20251016,2025,906,0.68,99.92,31.3181,True,True,True,https://noaa-nws-rtofs-pds.s3.amazonaws.com/rtofs.20251016/rtofs_glo_3dz_f006_6hrly_hvr_US_east.nc
ARGO_GDAC,pfl,aoml/4903466/profiles/D4903466_230.nc|2025-10-19T11:13:13Z|24.54264|-87.52114,aoml/4903466/profiles/D4903466_230.nc,4903466,4903466,24.54264,-87.52114,2025-10-19T11:13:13Z,20251019,2025,802,0.96,1594.32,35.9618,True,True,True,https://noaa-nws-rtofs-pds.s3.amazonaws.com/rtofs.20251019/rtofs_glo_3dz_f006_6hrly_hvr_US_east.nc
ARGO_GDAC,pfl,aoml/4903466/profiles/D4903466_230.nc|2025-10-19T11:13:13Z|24.54264|-87.52114,aoml/4903466/profiles/D4903466_230.nc,4903466,4903466,24.54264,-87.52114,2025-10-19T11:13:13Z,20251019,2025,871,0.52,99.92,36.1662,True,True,True,https://noaa-nws-rtofs-pds.s3.amazonaws.com/rtofs.20251019/rtofs_glo_3dz_f006_6hrly_hvr_US_east.nc
ARGO_GDAC,pfl,aoml/4903466/profiles/D4903466_231.nc|2025-10-22T00:05:35Z|24.53174|-87.54833,aoml/4903466/profiles/D4903466_231.nc,4903466,4903466,24.53174,-87.54833,2025-10-22T00:05:35Z,20251022,2025,750,1.12,1489.76,13.7589,True,True,True,https://noaa-nws-rtofs-pds.s3.amazonaws.com/rtofs.20251022/rtofs_glo_3dz_f006_6hrly_hvr_US_east.nc
ARGO_GDAC,pfl,aoml/4903466/profiles/D4903466_231.nc|2025-10-22T00:05:35Z|24.53174|-87.54833,aoml/4903466/profiles/D4903466_231.nc,4903466,4903466,24.53174,-87.54833,2025-10-22T00:05:35Z,20251022,2025,946,0.72,99.92,13.8943,True,True,True,https://noaa-nws-rtofs-pds.s3.amazonaws.com/rtofs.20251022/rtofs_glo_3dz_f006_6hrly_hvr_US_east.nc
ARGO_GDAC,pfl,aoml/4903466/profiles/D4903466_232.nc|2025-10-24T12:53:44Z|24.52631|-87.56907,aoml/4903466/profiles/D4903466_232.nc,4903466,4903466,24.52631,-87.56907,2025-10-24T12:53:44Z,20251024,2025,756,1.0,1501.2,20.3784,True,True,True,https://noaa-nws-rtofs-pds.s3.amazonaws.com/rtofs.20251024/rtofs_glo_3dz_f006_6hrly_hvr_US_east.nc
ARGO_GDAC,pfl,aoml/4903466/profiles/D4903466_232.nc|2025-10-24T12:53:44Z|24.52631|-87.56907,aoml/4903466/profiles/D4903466_232.nc,4903466,4903466,24.52631,-87.56907,2025-10-24T12:53:44Z,20251024,2025,892,0.56,99.88,20.5665,True,True,True,https://noaa-nws-rtofs-pds.s3.amazonaws.com/rtofs.20251024/rtofs_glo_3dz_f006_6hrly_hvr_US_east.nc
ARGO_GDAC,pfl,aoml/4903466/profiles/D4903466_233.nc|2025-10-27T01:30:25Z|24.52819|-87.58480,aoml/4903466/profiles/D4903466_233.nc,4903466,4903466,24.52819,-87.5848,2025-10-27T01:30:25Z,20251027,2025,705,1.04,1400.24,24.007,True,True,True,https://noaa-nws-rtofs-pds.s3.amazonaws.com/rtofs.20251027/rtofs_glo_3dz_f006_6hrly_hvr_US_east.nc
ARGO_GDAC,pfl,aoml/4903466/profiles/D4903466_233.nc|2025-10-27T01:30:25Z|24.52819|-87.58480,aoml/4903466/profiles/D4903466_233.nc,4903466,4903466,24.52819,-87.5848,2025-10-27T01:30:25Z,20251027,2025,869,0.6,99.92,23.45,True,True,True,https://noaa-nws-rtofs-pds.s3.amazonaws.com/rtofs.20251027/rtofs_glo_3dz_f006_6hrly_hvr_US_east.nc
ARGO_GDAC,pfl,aoml/4903466/profiles/D4903466_234.nc|2025-10-29T14:08:43Z|24.55829|-87.59347,aoml/4903466/profiles/D4903466_234.nc,4903466,4903466,24.55829,-87.59347,2025-10-29T14:08:43Z,20251029,2025,748,1.0,1486.08,18.2036,True,True,True,https://noaa-nws-rtofs-pds.s3.amazonaws.com/rtofs.20251029/rtofs_glo_3dz_f006_6hrly_hvr_US_east.nc
ARGO_GDAC,pfl,aoml/4903466/profiles/D4903466_234.nc|2025-10-29T14:08:43Z|24.55829|-87.59347,aoml/4903466/profiles/D4903466_234.nc,4903466,4903466,24.55829,-87.59347,2025-10-29T14:08:43Z,20251029,2025,889,0.56,99.92,18.3569,True,True,True,https://noaa-nws-rtofs-pds.s3.amazonaws.com/rtofs.20251029/rtofs_glo_3dz_f006_6hrly_hvr_US_east.nc
ARGO_GDAC,pfl,aoml/4903466/profiles/D4903466_235.nc|2025-11-01T02:59:44Z|24.58477|-87.60291,aoml/4903466/profiles/D4903466_235.nc,4903466,4903466,24.58477,-87.60291,2025-11-01T02:59:44Z,20251101,2025,782,1.08,1553.84,22.9487,True,True,True,https://noaa-nws-rtofs-pds.s3.amazonaws.com/rtofs.20251101/rtofs_glo_3dz_f006_6hrly_hvr_US_east.nc
ARGO_GDAC,pfl,aoml/4903466/profiles/D4903466_235.nc|2025-11-01T02:59:44Z|24.58477|-87.60291,aoml/4903466/profiles/D4903466_235.nc,4903466,4903466,24.58477,-87.60291,2025-11-01T02:59:44Z,20251101,2025,939,0.68,99.96,23.4628,True,True,True,https://noaa-nws-rtofs-pds.s3.amazonaws.com/rtofs.20251101/rtofs_glo_3dz_f006_6hrly_hvr_US_east.nc
ARGO_GDAC,pfl,aoml/4903466/profiles/D4903466_236.nc|2025-11-03T15:56:40Z|24.60779|-87.60661,aoml/4903466/profiles/D4903466_236.nc,4903466,4903466,24.60779,-87.60661,2025-11-03T15:56:40Z,20251103,2025,819,0.92,1627.36,23.7291,True,True,True,https://noaa-nws-rtofs-pds.s3.amazonaws.com/rtofs.20251103/rtofs_glo_3dz_f006_6hrly_hvr_US_east.nc
ARGO_GDAC,pfl,aoml/4903466/profiles/D4903466_236.nc|2025-11-03T15:56:40Z|24.60779|-87.60661,aoml/4903466/profiles/D4903466_236.nc,4903466,4903466,24.60779,-87.60661,2025-11-03T15:56:40Z,20251103,2025,865,0.6,99.88,23.6133,True,True,True,https://noaa-nws-rtofs-pds.s3.amazonaws.com/rtofs.20251103/rtofs_glo_3dz_f006_6hrly_hvr_US_east.nc
ARGO_GDAC,pfl,aoml/4903466/profiles/D4903466_237.nc|2025-11-06T05:08:50Z|24.61310|-87.63245,aoml/4903466/profiles/D4903466_237.nc,4903466,4903466,24.6131,-87.63245,2025-11-06T05:08:50Z,20251106,2025,869,1.0,1727.72,46.8213,True,True,True,https://noaa-nws-rtofs-pds.s3.amazonaws.com/rtofs.20251106/rtofs_glo_3dz_f006_6hrly_hvr_US_east.nc
ARGO_GDAC,pfl,aoml/4903466/profiles/D4903466_237.nc|2025-11-06T05:08:50Z|24.61310|-87.63245,aoml/4903466/profiles/D4903466_237.nc,4903466,4903466,24.6131,-87.63245,2025-11-06T05:08:50Z,20251106,2025,842,0.6,99.96,47.2879,True,True,True,https://noaa-nws-rtofs-pds.s3.amazonaws.com/rtofs.20251106/rtofs_glo_3dz_f006_6hrly_hvr_US_east.nc
ARGO_GDAC,pfl,aoml/4903466/profiles/D4903466_238.nc|2025-11-08T18:21:43Z|24.61629|-87.61582,aoml/4903466/profiles/D4903466_238.nc,4903466,4903466,24.61629,-87.61582,2025-11-08T18:21:43Z,20251108,2025,862,1.28,1713.4,13.2098,True,True,True,https://noaa-nws-rtofs-pds.s3.amazonaws.com/rtofs.20251108/rtofs_glo_3dz_f006_6hrly_hvr_US_east.nc
ARGO_GDAC,pfl,aoml/4903466/profiles/D4903466_238.nc|2025-11-08T18:21:43Z|24.61629|-87.61582,aoml/4903466/profiles/D4903466_238.nc,4903466,4903466,24.61629,-87.61582,2025-11-08T18:21:43Z,20251108,2025,942,1.16,99.96,13.3999,True,True,True,https://noaa-nws-rtofs-pds.s3.amazonaws.com/rtofs.20251108/rtofs_glo_3dz_f006_6hrly_hvr_US_east.nc
ARGO_GDAC,pfl,aoml/4903466/profiles/D4903466_239.nc|2025-11-11T07:32:02Z|24.64784|-87.59499,aoml/4903466/profiles/D4903466_239.nc,4903466,4903466,24.64784,-87.59499,2025-11-11T07:32:02Z,20251111,2025,845,0.48,1677.4,50.5232,True,True,True,https://noaa-nws-rtofs-pds.s3.amazonaws.com/rtofs.20251111/rtofs_glo_3dz_f006_6hrly_hvr_US_east.nc
ARGO_GDAC,pfl,aoml/4903466/profiles/D4903466_239.nc|2025-11-11T07:32:02Z|24.64784|-87.59499,aoml/4903466/profiles/D4903466_239.nc,4903466,4903466,24.64784,-87.59499,2025-11-11T07:32:02Z,20251111,2025,993,0.48,99.96,50.7255,True,True,True,https://noaa-nws-rtofs-pds.s3.amazonaws.com/rtofs.20251111/rtofs_glo_3dz_f006_6hrly_hvr_US_east.nc
ARGO_GDAC,pfl,aoml/4903466/profiles/D4903466_240.nc|2025-11-13T21:19:08Z|24.69702|-87.59164,aoml/4903466/profiles/D4903466_240.nc,4903466,4903466,24.69702,-87.59164,2025-11-13T21:19:08Z,20251113,2025,994,1.04,1977.72,26.828,True,True,True,https://noaa-nws-rtofs-pds.s3.amazonaws.com/rtofs.20251113/rtofs_glo_3dz_f006_6hrly_hvr_US_east.nc
ARGO_GDAC,pfl,aoml/4903466/profiles/D4903466_240.nc|2025-11-13T21:19:08Z|24.69702|-87.59164,aoml/4903466/profiles/D4903466_240.nc,4903466,4903466,24.69702,-87.59164,2025-11-13T21:19:08Z,20251113,2025,866,0.64,99.84,26.8284,True,True,True,https://noaa-nws-rtofs-pds.s3.amazonaws.com/rtofs.20251113/rtofs_glo_3dz_f006_6hrly_hvr_US_east.nc
ARGO_GDAC,pfl,aoml/4903466/profiles/D4903466_241.nc|2025-11-16T10:59:52Z|24.73874|-87.53463,aoml/4903466/profiles/D4903466_241.nc,4903466,4903466,24.73874,-87.53463,2025-11-16T10:59:52Z,20251116,2025,973,0.96,1936.08,69.3745,True,True,True,https://noaa-nws-rtofs-pds.s3.amazonaws.com/rtofs.20251116/rtofs_glo_3dz_f006_6hrly_hvr_US_east.nc
ARGO_GDAC,pfl,aoml/4903466/profiles/D4903466_241.nc|2025-11-16T10:59:52Z|24.73874|-87.53463,aoml/4903466/profiles/D4903466_241.nc,4903466,4903466,24.73874,-87.53463,2025-11-16T10:59:52Z,20251116,2025,808,0.56,99.92,69.7488,True,True,True,https://noaa-nws-rtofs-pds.s3.amazonaws.com/rtofs.20251116/rtofs_glo_3dz_f006_6hrly_hvr_US_east.nc
ARGO_GDAC,pfl,aoml/4903466/profiles/D4903466_242.nc|2025-11-19T00:42:42Z|24.77320|-87.48678,aoml/4903466/profiles/D4903466_242.nc,4903466,4903466,24.7732,-87.48678,2025-11-19T00:42:42Z,20251119,2025,1009,1.0,2007.96,75.8028,True,True,True,https://noaa-nws-rtofs-pds.s3.amazonaws.com/rtofs.20251119/rtofs_glo_3dz_f006_6hrly_hvr_US_east.nc
ARGO_GDAC,pfl,aoml/4903466/profiles/D4903466_242.nc|2025-11-19T00:42:42Z|24.77320|-87.48678,aoml/4903466/profiles/D4903466_242.nc,4903466,4903466,24.7732,-87.48678,2025-11-19T00:42:42Z,20251119,2025,790,0.56,99.92,75.66,True,True,True,https://noaa-nws-rtofs-pds.s3.amazonaws.com/rtofs.20251119/rtofs_glo_3dz_f006_6hrly_hvr_US_east.nc
ARGO_GDAC,pfl,aoml/4903466/profiles/R4903466_243.nc|2025-11-21T14:31:51Z|24.82085|-87.46092,aoml/4903466/profiles/R4903466_243.nc,4903466,4903466,24.82085,-87.46092,2025-11-21T14:31:51Z,20251121,2025,1009,0.96,2007.4,82.7019,True,True,True,https://noaa-nws-rtofs-pds.s3.amazonaws.com/rtofs.20251121/rtofs_glo_3dz_f006_6hrly_hvr_US_east.nc
ARGO_GDAC,pfl,aoml/4903466/profiles/R4903466_243.nc|2025-11-21T14:31:51Z|24.82085|-87.46092,aoml/4903466/profiles/R4903466_243.nc,4903466,4903466,24.82085,-87.46092,2025-11-21T14:31:51Z,20251121,2025,815,0.52,100.0,83.06,True,True,True,https://noaa-nws-rtofs-pds.s3.amazonaws.com/rtofs.20251121/rtofs_glo_3dz_f006_6hrly_hvr_US_east.nc
ARGO_GDAC,pfl,aoml/4903466/profiles/R4903466_244.nc|2025-11-24T04:00:41Z|24.89586|-87.45408,aoml/4903466/profiles/R4903466_244.nc,4903466,4903466,24.89586,-87.45408,2025-11-24T04:00:41Z,20251124,2025,1002,1.0,2005.68,78.8187,True,True,True,https://noaa-nws-rtofs-pds.s3.amazonaws.com/rtofs.20251124/rtofs_glo_3dz_f006_6hrly_hvr_US_east.nc
ARGO_GDAC,pfl,aoml/4903466/profiles/R4903466_244.nc|2025-11-24T04:00:41Z|24.89586|-87.45408,aoml/4903466/profiles/R4903466_244.nc,4903466,4903466,24.89586,-87.45408,2025-11-24T04:00:41Z,20251124,2025,753,0.6,100.0,79.3778,True,True,True,https://noaa-nws-rtofs-pds.s3.amazonaws.com/rtofs.20251124/rtofs_glo_3dz_f006_6hrly_hvr_US_east.nc
ARGO_GDAC,pfl,aoml/4903466/profiles/R4903466_245.nc|2025-11-26T17:26:07Z|24.99756|-87.53830,aoml/4903466/profiles/R4903466_245.nc,4903466,4903466,24.99756,-87.5383,2025-11-26T17:26:07Z,20251126,2025,1011,0.48,2009.56,61.1935,True,True,True,https://noaa-nws-rtofs-pds.s3.amazonaws.com/rtofs.20251126/rtofs_glo_3dz_f006_6hrly_hvr_US_east.nc
ARGO_GDAC,pfl,aoml/4903466/profiles/R4903466_245.nc|2025-11-26T17:26:07Z|24.99756|-87.53830,aoml/4903466/profiles/R4903466_245.nc,4903466,4903466,24.99756,-87.5383,2025-11-26T17:26:07Z,20251126,2025,805,0.48,99.92,60.246,True,True,True,https://noaa-nws-rtofs-pds.s3.amazonaws.com/rtofs.20251126/rtofs_glo_3dz_f006_6hrly_hvr_US_east.nc
ARGO_GDAC,pfl,aoml/4903466/profiles/R4903466_246.nc|2025-11-29T06:48:24Z|25.13134|-87.74753,aoml/4903466/profiles/R4903466_246.nc,4903466,4903466,25.13134,-87.74753,2025-11-29T06:48:24Z,20251129,2025,1009,1.04,2007.92,73.3762,True,True,True,https://noaa-nws-rtofs-pds.s3.amazonaws.com/rtofs.20251129/rtofs_glo_3dz_f006_6hrly_hvr_US_east.nc
ARGO_GDAC,pfl,aoml/4903466/profiles/R4903466_246.nc|2025-11-29T06:48:24Z|25.13134|-87.74753,aoml/4903466/profiles/R4903466_246.nc,4903466,4903466,25.13134,-87.74753,2025-11-29T06:48:24Z,20251129,2025,721,0.68,99.96,73.7267,True,True,True,https://noaa-nws-rtofs-pds.s3.amazonaws.com/rtofs.20251129/rtofs_glo_3dz_f006_6hrly_hvr_US_east.nc
ARGO_GDAC,pfl,aoml/4903466/profiles/R4903466_247.nc|2025-12-01T20:27:47Z|25.28957|-88.02934,aoml/4903466/profiles/R4903466_247.nc,4903466,4903466,25.28957,-88.02934,2025-12-01T20:27:47Z,20251201,2025,1009,1.08,2008.08,18.246,True,True,True,https://noaa-nws-rtofs-pds.s3.amazonaws.com/rtofs.20251201/rtofs_glo_3dz_f006_6hrly_hvr_US_east.nc
ARGO_GDAC,pfl,aoml/4903466/profiles/R4903466_247.nc|2025-12-01T20:27:47Z|25.28957|-88.02934,aoml/4903466/profiles/R4903466_247.nc,4903466,4903466,25.28957,-88.02934,2025-12-01T20:27:47Z,20251201,2025,923,0.76,99.96,18.44,True,True,True,https://noaa-nws-rtofs-pds.s3.amazonaws.com/rtofs.20251201/rtofs_glo_3dz_f006_6hrly_hvr_US_east.nc
ARGO_GDAC,pfl,aoml/4903466/profiles/R4903466_248.nc|2025-12-04T10:02:40Z|25.33668|-88.25715,aoml/4903466/profiles/R4903466_248.nc,4903466,4903466,25.33668,-88.25715,2025-12-04T10:02:40Z,20251204,2025,1007,1.0,2004.0,19.5199,True,True,True,https://noaa-nws-rtofs-pds.s3.amazonaws.com/rtofs.20251204/rtofs_glo_3dz_f006_6hrly_hvr_US_east.nc
ARGO_GDAC,pfl,aoml/4903466/profiles/R4903466_248.nc|2025-12-04T10:02:40Z|25.33668|-88.25715,aoml/4903466/profiles/R4903466_248.nc,4903466,4903466,25.33668,-88.25715,2025-12-04T10:02:40Z,20251204,2025,925,0.68,99.88,19.4267,True,True,True,https://noaa-nws-rtofs-pds.s3.amazonaws.com/rtofs.20251204/rtofs_glo_3dz_f006_6hrly_hvr_US_east.nc
ARGO_GDAC,pfl,aoml/4903466/profiles/R4903466_249.nc|2025-12-06T23:21:17Z|25.31018|-88.36380,aoml/4903466/profiles/R4903466_249.nc,4903466,4903466,25.31018,-88.3638,2025-12-06T23:21:17Z,20251206,2025,1007,1.04,2003.88,19.3823,True,True,True,https://noaa-nws-rtofs-pds.s3.amazonaws.com/rtofs.20251206/rtofs_glo_3dz_f006_6hrly_hvr_US_east.nc
ARGO_GDAC,pfl,aoml/4903466/profiles/R4903466_249.nc|2025-12-06T23:21:17Z|25.31018|-88.36380,aoml/4903466/profiles/R4903466_249.nc,4903466,4903466,25.31018,-88.3638,2025-12-06T23:21:17Z,20251206,2025,883,0.68,100.0,19.19,True,True,True,https://noaa-nws-rtofs-pds.s3.amazonaws.com/rtofs.20251206/rtofs_glo_3dz_f006_6hrly_hvr_US_east.nc
ARGO_GDAC,pfl,aoml/4903466/profiles/R4903466_250.nc|2025-12-09T12:55:05Z|25.25027|-88.38638,aoml/4903466/profiles/R4903466_250.nc,4903466,4903466,25.25027,-88.38638,2025-12-09T12:55:05Z,20251209,2025,1010,1.04,2009.08,24.8507,True,True,True,https://noaa-nws-rtofs-pds.s3.amazonaws.com/rtofs.20251209/rtofs_glo_3dz_f006_6hrly_hvr_US_east.nc
ARGO_GDAC,pfl,aoml/4903466/profiles/R4903466_250.nc|2025-12-09T12:55:05Z|25.25027|-88.38638,aoml/4903466/profiles/R4903466_250.nc,4903466,4903466,25.25027,-88.38638,2025-12-09T12:55:05Z,20251209,2025,929,0.68,99.96,24.5171,True,True,True,https://noaa-nws-rtofs-pds.s3.amazonaws.com/rtofs.20251209/rtofs_glo_3dz_f006_6hrly_hvr_US_east.nc
ARGO_GDAC,pfl,aoml/4903466/profiles/R4903466_251.nc|2025-12-12T02:33:09Z|25.23037|-88.29746,aoml/4903466/profiles/R4903466_251.nc,4903466,4903466,25.23037,-88.29746,2025-12-12T02:33:09Z,20251212,2025,1010,1.04,2009.24,33.499,True,True,True,https://noaa-nws-rtofs-pds.s3.amazonaws.com/rtofs.20251212/rtofs_glo_3dz_f006_6hrly_hvr_US_east.nc
ARGO_GDAC,pfl,aoml/4903466/profiles/R4903466_251.nc|2025-12-12T02:33:09Z|25.23037|-88.29746,aoml/4903466/profiles/R4903466_251.nc,4903466,4903466,25.23037,-88.29746,2025-12-12T02:33:09Z,20251212,2025,936,0.64,99.84,33.64,True,True,True,https://noaa-nws-rtofs-pds.s3.amazonaws.com/rtofs.20251212/rtofs_glo_3dz_f006_6hrly_hvr_US_east.nc
ARGO_GDAC,pfl,aoml/4903466/profiles/R4903466_252.nc|2025-12-14T16:00:45Z|25.24566|-88.19224,aoml/4903466/profiles/R4903466_252.nc,4903466,4903466,25.24566,-88.19224,2025-12-14T16:00:45Z,20251214,2025,1009,1.04,2007.64,30.0672,True,True,True,https://noaa-nws-rtofs-pds.s3.amazonaws.com/rtofs.20251214/rtofs_glo_3dz_f006_6hrly_hvr_US_east.nc
ARGO_GDAC,pfl,aoml/4903466/profiles/R4903466_252.nc|2025-12-14T16:00:45Z|25.24566|-88.19224,aoml/4903466/profiles/R4903466_252.nc,4903466,4903466,25.24566,-88.19224,2025-12-14T16:00:45Z,20251214,2025,923,0.64,99.92,30.55,True,True,True,https://noaa-nws-rtofs-pds.s3.amazonaws.com/rtofs.20251214/rtofs_glo_3dz_f006_6hrly_hvr_US_east.nc
ARGO_GDAC,pfl,aoml/4903466/profiles/R4903466_253.nc|2025-12-17T05:29:16Z|25.27900|-88.05133,aoml/4903466/profiles/R4903466_253.nc,4903466,4903466,25.279,-88.05133,2025-12-17T05:29:16Z,20251217,2025,1011,1.08,2011.36,37.5138,True,True,True,https://noaa-nws-rtofs-pds.s3.amazonaws.com/rtofs.20251217/rtofs_glo_3dz_f006_6hrly_hvr_US_east.nc
ARGO_GDAC,pfl,aoml/4903466/profiles/R4903466_253.nc|2025-12-17T05:29:16Z|25.27900|-88.05133,aoml/4903466/profiles/R4903466_253.nc,4903466,4903466,25.279,-88.05133,2025-12-17T05:29:16Z,20251217,2025,860,0.68,99.96,37.8391,True,True,True,https://noaa-nws-rtofs-pds.s3.amazonaws.com/rtofs.20251217/rtofs_glo_3dz_f006_6hrly_hvr_US_east.nc
ARGO_GDAC,pfl,aoml/4903466/profiles/R4903466_254.nc|2025-12-22T07:00:20Z|25.38256|-87.87258,aoml/4903466/profiles/R4903466_254.nc,4903466,4903466,25.38256,-87.87258,2025-12-22T07:00:20Z,20251222,2025,1009,1.08,2007.68,87.2611,True,True,True,https://noaa-nws-rtofs-pds.s3.amazonaws.com/rtofs.20251222/rtofs_glo_3dz_f006_6hrly_hvr_US_east.nc
ARGO_GDAC,pfl,aoml/4903466/profiles/R4903466_254.nc|2025-12-22T07:00:20Z|25.38256|-87.87258,aoml/4903466/profiles/R4903466_254.nc,4903466,4903466,25.38256,-87.87258,2025-12-22T07:00:20Z,20251222,2025,822,0.64,99.96,87.6178,True,True,True,https://noaa-nws-rtofs-pds.s3.amazonaws.com/rtofs.20251222/rtofs_glo_3dz_f006_6hrly_hvr_US_east.nc
ARGO_GDAC,pfl,aoml/4903466/profiles/R4903466_255.nc|2025-12-27T08:26:43Z|25.43923|-88.17676,aoml/4903466/profiles/R4903466_255.nc,4903466,4903466,25.43923,-88.17676,2025-12-27T08:26:43Z,20251227,2025,1013,0.44,2013.28,25.6282,True,True,True,https://noaa-nws-rtofs-pds.s3.amazonaws.com/rtofs.20251227/rtofs_glo_3dz_f006_6hrly_hvr_US_east.nc
ARGO_GDAC,pfl,aoml/4903466/profiles/R4903466_255.nc|2025-12-27T08:26:43Z|25.43923|-88.17676,aoml/4903466/profiles/R4903466_255.nc,4903466,4903466,25.43923,-88.17676,2025-12-27T08:26:43Z,20251227,2025,843,0.44,100.0,25.4315,True,True,True,https://noaa-nws-rtofs-pds.s3.amazonaws.com/rtofs.20251227/rtofs_glo_3dz_f006_6hrly_hvr_US_east.nc
ARGO_GDAC,pfl,aoml/4903468/profiles/D4903468_090.nc|2024-01-02T16:41:30Z|25.70808|-84.63980,aoml/4903468/profiles/D4903468_090.nc,4903468,4903468,25.70808,-84.6398,2024-01-02T16:41:30Z,20240102,2024,376,1.04,741.96,29.9715,True,True,False,
ARGO_GDAC,pfl,aoml/4903468/profiles/D4903468_090.nc|2024-01-02T16:41:30Z|25.70808|-84.63980,aoml/4903468/profiles/D4903468_090.nc,4903468,4903468,25.70808,-84.6398,2024-01-02T16:41:30Z,20240102,2024,812,0.64,100.0,30.2133,True,True,False,
ARGO_GDAC,pfl,aoml/4903468/profiles/D4903468_091.nc|2024-01-07T15:35:53Z|25.72094|-84.64106,aoml/4903468/profiles/D4903468_091.nc,4903468,4903468,25.72094,-84.64106,2024-01-07T15:35:53Z,20240107,2024,363,1.0,715.12,37.5161,True,True,False,
ARGO_GDAC,pfl,aoml/4903468/profiles/D4903468_091.nc|2024-01-07T15:35:53Z|25.72094|-84.64106,aoml/4903468/profiles/D4903468_091.nc,4903468,4903468,25.72094,-84.64106,2024-01-07T15:35:53Z,20240107,2024,832,0.56,99.88,37.69,True,True,False,
ARGO_GDAC,pfl,aoml/4903468/profiles/D4903468_092.nc|2024-01-09T13:02:45Z|25.87788|-84.73190,aoml/4903468/profiles/D4903468_092.nc,4903468,4903468,25.87788,-84.7319,2024-01-09T13:02:45Z,20240109,2024,492,1.08,973.08,75.4696,True,True,False,
ARGO_GDAC,pfl,aoml/4903468/profiles/D4903468_092.nc|2024-01-09T13:02:45Z|25.87788|-84.73190,aoml/4903468/profiles/D4903468_092.nc,4903468,4903468,25.87788,-84.7319,2024-01-09T13:02:45Z,20240109,2024,877,0.8,99.88,76.0473,True,True,False,
ARGO_GDAC,pfl,aoml/4903468/profiles/D4903468_093.nc|2024-01-11T10:17:17Z|26.05252|-84.86356,aoml/4903468/profiles/D4903468_093.nc,4903468,4903468,26.05252,-84.86356,2024-01-11T10:17:17Z,20240111,2024,613,1.0,1215.52,58.0406,True,True,False,
ARGO_GDAC,pfl,aoml/4903468/profiles/D4903468_093.nc|2024-01-11T10:17:17Z|26.05252|-84.86356,aoml/4903468/profiles/D4903468_093.nc,4903468,4903468,26.05252,-84.86356,2024-01-11T10:17:17Z,20240111,2024,793,0.52,99.88,58.3,True,True,False,
ARGO_GDAC,pfl,aoml/4903468/profiles/D4903468_094.nc|2024-01-13T07:29:30Z|26.24848|-84.93100,aoml/4903468/profiles/D4903468_094.nc,4903468,4903468,26.24848,-84.931,2024-01-13T07:29:30Z,20240113,2024,615,0.96,1219.8,45.8691,True,True,False,
ARGO_GDAC,pfl,aoml/4903468/profiles/D4903468_094.nc|2024-01-13T07:29:30Z|26.24848|-84.93100,aoml/4903468/profiles/D4903468_094.nc,4903468,4903468,26.24848,-84.931,2024-01-13T07:29:30Z,20240113,2024,856,0.52,100.0,45.01,True,True,False,
ARGO_GDAC,pfl,aoml/4903468/profiles/D4903468_095.nc|2024-01-15T04:53:27Z|26.31350|-85.11245,aoml/4903468/profiles/D4903468_095.nc,4903468,4903468,26.3135,-85.11245,2024-01-15T04:53:27Z,20240115,2024,617,0.44,1222.24,74.5643,True,True,False,
ARGO_GDAC,pfl,aoml/4903468/profiles/D4903468_095.nc|2024-01-15T04:53:27Z|26.31350|-85.11245,aoml/4903468/profiles/D4903468_095.nc,4903468,4903468,26.3135,-85.11245,2024-01-15T04:53:27Z,20240115,2024,827,0.44,99.92,74.68,True,True,False,
ARGO_GDAC,pfl,aoml/4903468/profiles/D4903468_096.nc|2024-01-17T02:02:06Z|26.35392|-85.32033,aoml/4903468/profiles/D4903468_096.nc,4903468,4903468,26.35392,-85.32033,2024-01-17T02:02:06Z,20240117,2024,615,0.48,1217.08,57.0095,True,True,False,
ARGO_GDAC,pfl,aoml/4903468/profiles/D4903468_096.nc|2024-01-17T02:02:06Z|26.35392|-85.32033,aoml/4903468/profiles/D4903468_096.nc,4903468,4903468,26.35392,-85.32033,2024-01-17T02:02:06Z,20240117,2024,846,0.48,99.92,56.88,True,True,False,
ARGO_GDAC,pfl,aoml/4903468/profiles/D4903468_097.nc|2024-01-22T03:30:39Z|26.28698|-85.33971,aoml/4903468/profiles/D4903468_097.nc,4903468,4903468,26.28698,-85.33971,2024-01-22T03:30:39Z,20240122,2024,1007,1.0,2003.28,88.8578,True,True,False,
ARGO_GDAC,pfl,aoml/4903468/profiles/D4903468_097.nc|2024-01-22T03:30:39Z|26.28698|-85.33971,aoml/4903468/profiles/D4903468_097.nc,4903468,4903468,26.28698,-85.33971,2024-01-22T03:30:39Z,20240122,2024,749,0.52,99.96,89.34,True,True,False,
ARGO_GDAC,pfl,aoml/4903468/profiles/D4903468_098.nc|2024-01-27T05:11:41Z|26.27529|-85.35497,aoml/4903468/profiles/D4903468_098.nc,4903468,4903468,26.27529,-85.35497,2024-01-27T05:11:41Z,20240127,2024,1009,0.4,2005.56,48.4425,True,True,True,https://noaa-nws-rtofs-pds.s3.amazonaws.com/rtofs.20240127/rtofs_glo_3dz_f006_6hrly_hvr_US_east.nc
ARGO_GDAC,pfl,aoml/4903468/profiles/D4903468_098.nc|2024-01-27T05:11:41Z|26.27529|-85.35497,aoml/4903468/profiles/D4903468_098.nc,4903468,4903468,26.27529,-85.35497,2024-01-27T05:11:41Z,20240127,2024,735,0.4,100.0,48.76,True,True,True,https://noaa-nws-rtofs-pds.s3.amazonaws.com/rtofs.20240127/rtofs_glo_3dz_f006_6hrly_hvr_US_east.nc
ARGO_GDAC,pfl,aoml/4903468/profiles/D4903468_099.nc|2024-02-01T06:42:41Z|26.16028|-85.43249,aoml/4903468/profiles/D4903468_099.nc,4903468,4903468,26.16028,-85.43249,2024-02-01T06:42:41Z,20240201,2024,1011,1.0,2011.28,12.0969,True,True,True,https://noaa-nws-rtofs-pds.s3.amazonaws.com/rtofs.20240201/rtofs_glo_3dz_f006_6hrly_hvr_US_east.nc
ARGO_GDAC,pfl,aoml/4903468/profiles/D4903468_099.nc|2024-02-01T06:42:41Z|26.16028|-85.43249,aoml/4903468/profiles/D4903468_099.nc,4903468,4903468,26.16028,-85.43249,2024-02-01T06:42:41Z,20240201,2024,746,0.72,99.84,11.7889,True,True,True,https://noaa-nws-rtofs-pds.s3.amazonaws.com/rtofs.20240201/rtofs_glo_3dz_f006_6hrly_hvr_US_east.nc
ARGO_GDAC,pfl,aoml/4903468/profiles/D4903468_100.nc|2024-02-06T08:14:34Z|26.18135|-85.34743,aoml/4903468/profiles/D4903468_100.nc,4903468,4903468,26.18135,-85.34743,2024-02-06T08:14:34Z,20240206,2024,1008,1.04,2005.36,20.683,True,True,True,https://noaa-nws-rtofs-pds.s3.amazonaws.com/rtofs.20240206/rtofs_glo_3dz_f006_6hrly_hvr_US_east.nc
ARGO_GDAC,pfl,aoml/4903468/profiles/D4903468_100.nc|2024-02-06T08:14:34Z|26.18135|-85.34743,aoml/4903468/profiles/D4903468_100.nc,4903468,4903468,26.18135,-85.34743,2024-02-06T08:14:34Z,20240206,2024,729,0.68,99.92,21.4444,True,True,True,https://noaa-nws-rtofs-pds.s3.amazonaws.com/rtofs.20240206/rtofs_glo_3dz_f006_6hrly_hvr_US_east.nc
ARGO_GDAC,pfl,aoml/4903468/profiles/D4903468_101.nc|2024-02-11T09:49:43Z|26.59925|-85.52835,aoml/4903468/profiles/D4903468_101.nc,4903468,4903468,26.59925,-85.52835,2024-02-11T09:49:43Z,20240211,2024,1007,1.0,2003.48,26.4812,True,True,True,https://noaa-nws-rtofs-pds.s3.amazonaws.com/rtofs.20240211/rtofs_glo_3dz_f006_6hrly_hvr_US_east.nc
ARGO_GDAC,pfl,aoml/4903468/profiles/D4903468_101.nc|2024-02-11T09:49:43Z|26.59925|-85.52835,aoml/4903468/profiles/D4903468_101.nc,4903468,4903468,26.59925,-85.52835,2024-02-11T09:49:43Z,20240211,2024,809,0.52,99.96,26.3599,True,True,True,https://noaa-nws-rtofs-pds.s3.amazonaws.com/rtofs.20240211/rtofs_glo_3dz_f006_6hrly_hvr_US_east.nc
ARGO_GDAC,pfl,aoml/4903468/profiles/D4903468_102.nc|2024-02-16T11:33:14Z|26.62572|-85.93469,aoml/4903468/profiles/D4903468_102.nc,4903468,4903468,26.62572,-85.93469,2024-02-16T11:33:14Z,20240216,2024,1007,1.0,2003.36,19.7868,True,True,True,https://noaa-nws-rtofs-pds.s3.amazonaws.com/rtofs.20240216/rtofs_glo_3dz_f006_6hrly_hvr_US_east.nc
ARGO_GDAC,pfl,aoml/4903468/profiles/D4903468_102.nc|2024-02-16T11:33:14Z|26.62572|-85.93469,aoml/4903468/profiles/D4903468_102.nc,4903468,4903468,26.62572,-85.93469,2024-02-16T11:33:14Z,20240216,2024,842,0.56,99.96,19.97,True,True,True,https://noaa-nws-rtofs-pds.s3.amazonaws.com/rtofs.20240216/rtofs_glo_3dz_f006_6hrly_hvr_US_east.nc
ARGO_GDAC,pfl,aoml/4903468/profiles/D4903468_103.nc|2024-02-21T13:09:29Z|26.42108|-86.30076,aoml/4903468/profiles/D4903468_103.nc,4903468,4903468,26.42108,-86.30076,2024-02-21T13:09:29Z,20240221,2024,1009,1.08,2007.4,11.9527,True,True,True,https://noaa-nws-rtofs-pds.s3.amazonaws.com/rtofs.20240221/rtofs_glo_3dz_f006_6hrly_hvr_US_east.nc
ARGO_GDAC,pfl,aoml/4903468/profiles/D4903468_103.nc|2024-02-21T13:09:29Z|26.42108|-86.30076,aoml/4903468/profiles/D4903468_103.nc,4903468,4903468,26.42108,-86.30076,2024-02-21T13:09:29Z,20240221,2024,771,0.76,99.92,12.827,True,True,True,https://noaa-nws-rtofs-pds.s3.amazonaws.com/rtofs.20240221/rtofs_glo_3dz_f006_6hrly_hvr_US_east.nc
ARGO_GDAC,pfl,aoml/4903468/profiles/D4903468_104.nc|2024-02-26T14:47:22Z|26.31402|-86.48639,aoml/4903468/profiles/D4903468_104.nc,4903468,4903468,26.31402,-86.48639,2024-02-26T14:47:22Z,20240226,2024,1007,1.08,2003.48,71.9764,True,True,True,https://noaa-nws-rtofs-pds.s3.amazonaws.com/rtofs.20240226/rtofs_glo_3dz_f006_6hrly_hvr_US_east.nc
ARGO_GDAC,pfl,aoml/4903468/profiles/D4903468_104.nc|2024-02-26T14:47:22Z|26.31402|-86.48639,aoml/4903468/profiles/D4903468_104.nc,4903468,4903468,26.31402,-86.48639,2024-02-26T14:47:22Z,20240226,2024,834,0.64,99.96,72.14,True,True,True,https://noaa-nws-rtofs-pds.s3.amazonaws.com/rtofs.20240226/rtofs_glo_3dz_f006_6hrly_hvr_US_east.nc
ARGO_GDAC,pfl,aoml/4903468/profiles/D4903468_105.nc|2024-03-02T16:16:33Z|26.51657|-86.28696,aoml/4903468/profiles/D4903468_105.nc,4903468,4903468,26.51657,-86.28696,2024-03-02T16:16:33Z,20240302,2024,1007,0.96,2003.24,100.8981,True,False,True,https://noaa-nws-rtofs-pds.s3.amazonaws.com/rtofs.20240302/rtofs_glo_3dz_f006_6hrly_hvr_US_east.nc
ARGO_GDAC,pfl,aoml/4903468/profiles/D4903468_105.nc|2024-03-02T16:16:33Z|26.51657|-86.28696,aoml/4903468/profiles/D4903468_105.nc,4903468,4903468,26.51657,-86.28696,2024-03-02T16:16:33Z,20240302,2024,725,0.56,99.92,,False,False,True,https://noaa-nws-rtofs-pds.s3.amazonaws.com/rtofs.20240302/rtofs_glo_3dz_f006_6hrly_hvr_US_east.nc
ARGO_GDAC,pfl,aoml/4903468/profiles/D4903468_106.nc|2024-03-07T17:50:00Z|26.89589|-85.93422,aoml/4903468/profiles/D4903468_106.nc,4903468,4903468,26.89589,-85.93422,2024-03-07T17:50:00Z,20240307,2024,1010,1.04,2009.24,43.7826,True,True,True,https://noaa-nws-rtofs-pds.s3.amazonaws.com/rtofs.20240307/rtofs_glo_3dz_f006_6hrly_hvr_US_east.nc
ARGO_GDAC,pfl,aoml/4903468/profiles/D4903468_106.nc|2024-03-07T17:50:00Z|26.89589|-85.93422,aoml/4903468/profiles/D4903468_106.nc,4903468,4903468,26.89589,-85.93422,2024-03-07T17:50:00Z,20240307,2024,884,0.68,99.88,43.76,True,True,True,https://noaa-nws-rtofs-pds.s3.amazonaws.com/rtofs.20240307/rtofs_glo_3dz_f006_6hrly_hvr_US_east.nc
ARGO_GDAC,pfl,aoml/4903468/profiles/D4903468_107.nc|2024-03-12T19:22:07Z|27.15728|-85.77136,aoml/4903468/profiles/D4903468_107.nc,4903468,4903468,27.15728,-85.77136,2024-03-12T19:22:07Z,20240312,2024,1010,1.04,2009.28,80.5188,True,True,True,https://noaa-nws-rtofs-pds.s3.amazonaws.com/rtofs.20240312/rtofs_glo_3dz_f006_6hrly_hvr_US_east.nc
ARGO_GDAC,pfl,aoml/4903468/profiles/D4903468_107.nc|2024-03-12T19:22:07Z|27.15728|-85.77136,aoml/4903468/profiles/D4903468_107.nc,4903468,4903468,27.15728,-85.77136,2024-03-12T19:22:07Z,20240312,2024,859,0.64,99.96,80.5086,True,True,True,https://noaa-nws-rtofs-pds.s3.amazonaws.com/rtofs.20240312/rtofs_glo_3dz_f006_6hrly_hvr_US_east.nc
ARGO_GDAC,pfl,aoml/4903468/profiles/D4903468_108.nc|2024-03-17T20:50:48Z|27.36890|-85.85280,aoml/4903468/profiles/D4903468_108.nc,4903468,4903468,27.3689,-85.8528,2024-03-17T20:50:48Z,20240317,2024,1011,1.08,2011.12,34.5029,True,True,True,https://noaa-nws-rtofs-pds.s3.amazonaws.com/rtofs.20240317/rtofs_glo_3dz_f006_6hrly_hvr_US_east.nc
ARGO_GDAC,pfl,aoml/4903468/profiles/D4903468_108.nc|2024-03-17T20:50:48Z|27.36890|-85.85280,aoml/4903468/profiles/D4903468_108.nc,4903468,4903468,27.3689,-85.8528,2024-03-17T20:50:48Z,20240317,2024,885,0.72,99.92,34.5601,True,True,True,https://noaa-nws-rtofs-pds.s3.amazonaws.com/rtofs.20240317/rtofs_glo_3dz_f006_6hrly_hvr_US_east.nc
ARGO_GDAC,pfl,aoml/4903468/profiles/D4903468_109.nc|2024-03-22T22:28:08Z|27.45772|-86.08469,aoml/4903468/profiles/D4903468_109.nc,4903468,4903468,27.45772,-86.08469,2024-03-22T22:28:08Z,20240322,2024,1010,1.04,2009.44,45.3137,True,True,True,https://noaa-nws-rtofs-pds.s3.amazonaws.com/rtofs.20240322/rtofs_glo_3dz_f006_6hrly_hvr_US_east.nc
ARGO_GDAC,pfl,aoml/4903468/profiles/D4903468_109.nc|2024-03-22T22:28:08Z|27.45772|-86.08469,aoml/4903468/profiles/D4903468_109.nc,4903468,4903468,27.45772,-86.08469,2024-03-22T22:28:08Z,20240322,2024,794,0.64,99.92,45.8607,True,True,True,https://noaa-nws-rtofs-pds.s3.amazonaws.com/rtofs.20240322/rtofs_glo_3dz_f006_6hrly_hvr_US_east.nc
ARGO_GDAC,pfl,aoml/4903468/profiles/D4903468_110.nc|2024-03-28T00:07:53Z|27.36501|-86.28135,aoml/4903468/profiles/D4903468_110.nc,4903468,4903468,27.36501,-86.28135,2024-03-28T00:07:53Z,20240328,2024,1007,1.0,2003.24,33.5833,True,True,True,https://noaa-nws-rtofs-pds.s3.amazonaws.com/rtofs.20240328/rtofs_glo_3dz_f006_6hrly_hvr_US_east.nc
ARGO_GDAC,pfl,aoml/4903468/profiles/D4903468_110.nc|2024-03-28T00:07:53Z|27.36501|-86.28135,aoml/4903468/profiles/D4903468_110.nc,4903468,4903468,27.36501,-86.28135,2024-03-28T00:07:53Z,20240328,2024,863,0.6,99.88,33.9467,True,True,True,https://noaa-nws-rtofs-pds.s3.amazonaws.com/rtofs.20240328/rtofs_glo_3dz_f006_6hrly_hvr_US_east.nc
ARGO_GDAC,pfl,aoml/4903468/profiles/D4903468_111.nc|2024-04-02T01:39:30Z|26.98675|-86.71203,aoml/4903468/profiles/D4903468_111.nc,4903468,4903468,26.98675,-86.71203,2024-04-02T01:39:30Z,20240402,2024,1009,1.0,2007.4,36.2357,True,True,True,https://noaa-nws-rtofs-pds.s3.amazonaws.com/rtofs.20240402/rtofs_glo_3dz_f006_6hrly_hvr_US_east.nc
ARGO_GDAC,pfl,aoml/4903468/profiles/D4903468_111.nc|2024-04-02T01:39:30Z|26.98675|-86.71203,aoml/4903468/profiles/D4903468_111.nc,4903468,4903468,26.98675,-86.71203,2024-04-02T01:39:30Z,20240402,2024,789,0.6,99.96,36.0675,True,True,True,https://noaa-nws-rtofs-pds.s3.amazonaws.com/rtofs.20240402/rtofs_glo_3dz_f006_6hrly_hvr_US_east.nc
ARGO_GDAC,pfl,aoml/4903468/profiles/D4903468_112.nc|2024-04-07T03:11:33Z|26.43093|-87.13931,aoml/4903468/profiles/D4903468_112.nc,4903468,4903468,26.43093,-87.13931,2024-04-07T03:11:33Z,20240407,2024,1009,1.08,2007.36,39.284,True,True,True,https://noaa-nws-rtofs-pds.s3.amazonaws.com/rtofs.20240407/rtofs_glo_3dz_f006_6hrly_hvr_US_east.nc
ARGO_GDAC,pfl,aoml/4903468/profiles/D4903468_112.nc|2024-04-07T03:11:33Z|26.43093|-87.13931,aoml/4903468/profiles/D4903468_112.nc,4903468,4903468,26.43093,-87.13931,2024-04-07T03:11:33Z,20240407,2024,759,0.68,99.92,39.88,True,True,True,https://noaa-nws-rtofs-pds.s3.amazonaws.com/rtofs.20240407/rtofs_glo_3dz_f006_6hrly_hvr_US_east.nc
ARGO_GDAC,pfl,aoml/4903468/profiles/D4903468_113.nc|2024-04-12T04:49:57Z|26.31522|-87.60443,aoml/4903468/profiles/D4903468_113.nc,4903468,4903468,26.31522,-87.60443,2024-04-12T04:49:57Z,20240412,2024,1010,0.48,2007.52,28.0921,True,True,True,https://noaa-nws-rtofs-pds.s3.amazonaws.com/rtofs.20240412/rtofs_glo_3dz_f006_6hrly_hvr_US_east.nc
ARGO_GDAC,pfl,aoml/4903468/profiles/D4903468_113.nc|2024-04-12T04:49:57Z|26.31522|-87.60443,aoml/4903468/profiles/D4903468_113.nc,4903468,4903468,26.31522,-87.60443,2024-04-12T04:49:57Z,20240412,2024,848,0.48,99.96,28.4687,True,True,True,https://noaa-nws-rtofs-pds.s3.amazonaws.com/rtofs.20240412/rtofs_glo_3dz_f006_6hrly_hvr_US_east.nc
ARGO_GDAC,pfl,aoml/4903468/profiles/D4903468_114.nc|2024-04-17T06:14:33Z|26.23497|-87.91554,aoml/4903468/profiles/D4903468_114.nc,4903468,4903468,26.23497,-87.91554,2024-04-17T06:14:33Z,20240417,2024,1007,1.0,2003.56,74.8961,True,True,True,https://noaa-nws-rtofs-pds.s3.amazonaws.com/rtofs.20240417/rtofs_glo_3dz_f006_6hrly_hvr_US_east.nc
ARGO_GDAC,pfl,aoml/4903468/profiles/D4903468_114.nc|2024-04-17T06:14:33Z|26.23497|-87.91554,aoml/4903468/profiles/D4903468_114.nc,4903468,4903468,26.23497,-87.91554,2024-04-17T06:14:33Z,20240417,2024,821,0.56,100.0,12.0607,True,True,True,https://noaa-nws-rtofs-pds.s3.amazonaws.com/rtofs.20240417/rtofs_glo_3dz_f006_6hrly_hvr_US_east.nc
ARGO_GDAC,pfl,aoml/4903468/profiles/D4903468_115.nc|2024-04-22T07:42:30Z|26.63930|-87.89813,aoml/4903468/profiles/D4903468_115.nc,4903468,4903468,26.6393,-87.89813,2024-04-22T07:42:30Z,20240422,2024,1010,0.96,2009.36,20.4362,True,True,True,https://noaa-nws-rtofs-pds.s3.amazonaws.com/rtofs.20240422/rtofs_glo_3dz_f006_6hrly_hvr_US_east.nc
ARGO_GDAC,pfl,aoml/4903468/profiles/D4903468_115.nc|2024-04-22T07:42:30Z|26.63930|-87.89813,aoml/4903468/profiles/D4903468_115.nc,4903468,4903468,26.6393,-87.89813,2024-04-22T07:42:30Z,20240422,2024,786,0.6,99.92,20.596,True,True,True,https://noaa-nws-rtofs-pds.s3.amazonaws.com/rtofs.20240422/rtofs_glo_3dz_f006_6hrly_hvr_US_east.nc
ARGO_GDAC,pfl,aoml/4903468/profiles/D4903468_116.nc|2024-04-27T09:17:58Z|27.38184|-87.80595,aoml/4903468/profiles/D4903468_116.nc,4903468,4903468,27.38184,-87.80595,2024-04-27T09:17:58Z,20240427,2024,1008,1.0,2005.6,22.1371,True,True,True,https://noaa-nws-rtofs-pds.s3.amazonaws.com/rtofs.20240427/rtofs_glo_3dz_f006_6hrly_hvr_US_east.nc
ARGO_GDAC,pfl,aoml/4903468/profiles/D4903468_116.nc|2024-04-27T09:17:58Z|27.38184|-87.80595,aoml/4903468/profiles/D4903468_116.nc,4903468,4903468,27.38184,-87.80595,2024-04-27T09:17:58Z,20240427,2024,817,0.56,99.92,21.9623,True,True,True,https://noaa-nws-rtofs-pds.s3.amazonaws.com/rtofs.20240427/rtofs_glo_3dz_f006_6hrly_hvr_US_east.nc
ARGO_GDAC,pfl,aoml/4903468/profiles/D4903468_117.nc|2024-05-02T10:51:42Z|27.06087|-88.30496,aoml/4903468/profiles/D4903468_117.nc,4903468,4903468,27.06087,-88.30496,2024-05-02T10:51:42Z,20240502,2024,1009,1.0,2007.4,31.1188,True,True,True,https://noaa-nws-rtofs-pds.s3.amazonaws.com/rtofs.20240502/rtofs_glo_3dz_f006_6hrly_hvr_US_east.nc
ARGO_GDAC,pfl,aoml/4903468/profiles/D4903468_117.nc|2024-05-02T10:51:42Z|27.06087|-88.30496,aoml/4903468/profiles/D4903468_117.nc,4903468,4903468,27.06087,-88.30496,2024-05-02T10:51:42Z,20240502,2024,877,0.56,99.92,31.03,True,True,True,https://noaa-nws-rtofs-pds.s3.amazonaws.com/rtofs.20240502/rtofs_glo_3dz_f006_6hrly_hvr_US_east.nc
ARGO_GDAC,pfl,aoml/4903468/profiles/D4903468_118.nc|2024-05-07T12:22:51Z|26.58177|-88.58800,aoml/4903468/profiles/D4903468_118.nc,4903468,4903468,26.58177,-88.588,2024-05-07T12:22:51Z,20240507,2024,1008,1.04,2005.28,20.1064,True,True,True,https://noaa-nws-rtofs-pds.s3.amazonaws.com/rtofs.20240507/rtofs_glo_3dz_f006_6hrly_hvr_US_east.nc
ARGO_GDAC,pfl,aoml/4903468/profiles/D4903468_118.nc|2024-05-07T12:22:51Z|26.58177|-88.58800,aoml/4903468/profiles/D4903468_118.nc,4903468,4903468,26.58177,-88.588,2024-05-07T12:22:51Z,20240507,2024,792,0.56,100.0,20.2578,True,True,True,https://noaa-nws-rtofs-pds.s3.amazonaws.com/rtofs.20240507/rtofs_glo_3dz_f006_6hrly_hvr_US_east.nc
ARGO_GDAC,pfl,aoml/4903468/profiles/D4903468_119.nc|2024-05-12T13:51:31Z|26.28732|-89.05173,aoml/4903468/profiles/D4903468_119.nc,4903468,4903468,26.28732,-89.05173,2024-05-12T13:51:31Z,20240512,2024,1011,1.0,2011.32,13.7457,True,True,True,https://noaa-nws-rtofs-pds.s3.amazonaws.com/rtofs.20240512/rtofs_glo_3dz_f006_6hrly_hvr_US_east.nc
ARGO_GDAC,pfl,aoml/4903468/profiles/D4903468_119.nc|2024-05-12T13:51:31Z|26.28732|-89.05173,aoml/4903468/profiles/D4903468_119.nc,4903468,4903468,26.28732,-89.05173,2024-05-12T13:51:31Z,20240512,2024,872,0.56,99.96,13.8776,True,True,True,https://noaa-nws-rtofs-pds.s3.amazonaws.com/rtofs.20240512/rtofs_glo_3dz_f006_6hrly_hvr_US_east.nc
ARGO_GDAC,pfl,aoml/4903468/profiles/D4903468_120.nc|2024-05-17T15:29:30Z|26.10385|-88.97470,aoml/4903468/profiles/D4903468_120.nc,4903468,4903468,26.10385,-88.9747,2024-05-17T15:29:30Z,20240517,2024,1010,1.04,2009.04,19.761,True,True,True,https://noaa-nws-rtofs-pds.s3.amazonaws.com/rtofs.20240517/rtofs_glo_3dz_f006_6hrly_hvr_US_east.nc
ARGO_GDAC,pfl,aoml/4903468/profiles/D4903468_120.nc|2024-05-17T15:29:30Z|26.10385|-88.97470,aoml/4903468/profiles/D4903468_120.nc,4903468,4903468,26.10385,-88.9747,2024-05-17T15:29:30Z,20240517,2024,914,0.6,99.96,19.6974,True,True,True,https://noaa-nws-rtofs-pds.s3.amazonaws.com/rtofs.20240517/rtofs_glo_3dz_f006_6hrly_hvr_US_east.nc
ARGO_GDAC,pfl,aoml/4903468/profiles/D4903468_121.nc|2024-05-22T17:03:28Z|26.58145|-89.40436,aoml/4903468/profiles/D4903468_121.nc,4903468,4903468,26.58145,-89.40436,2024-05-22T17:03:28Z,20240522,2024,1011,1.0,2011.84,19.6741,True,True,True,https://noaa-nws-rtofs-pds.s3.amazonaws.com/rtofs.20240522/rtofs_glo_3dz_f006_6hrly_hvr_US_east.nc
ARGO_GDAC,pfl,aoml/4903468/profiles/D4903468_121.nc|2024-05-22T17:03:28Z|26.58145|-89.40436,aoml/4903468/profiles/D4903468_121.nc,4903468,4903468,26.58145,-89.40436,2024-05-22T17:03:28Z,20240522,2024,835,0.72,99.88,19.9294,True,True,True,https://noaa-nws-rtofs-pds.s3.amazonaws.com/rtofs.20240522/rtofs_glo_3dz_f006_6hrly_hvr_US_east.nc
ARGO_GDAC,pfl,aoml/4903468/profiles/D4903468_122.nc|2024-05-27T18:32:20Z|26.73820|-89.68896,aoml/4903468/profiles/D4903468_122.nc,4903468,4903468,26.7382,-89.68896,2024-05-27T18:32:20Z,20240527,2024,1009,1.04,2007.32,18.9772,True,True,True,https://noaa-nws-rtofs-pds.s3.amazonaws.com/rtofs.20240527/rtofs_glo_3dz_f006_6hrly_hvr_US_east.nc
ARGO_GDAC,pfl,aoml/4903468/profiles/D4903468_122.nc|2024-05-27T18:32:20Z|26.73820|-89.68896,aoml/4903468/profiles/D4903468_122.nc,4903468,4903468,26.7382,-89.68896,2024-05-27T18:32:20Z,20240527,2024,820,0.64,99.92,19.1667,True,True,True,https://noaa-nws-rtofs-pds.s3.amazonaws.com/rtofs.20240527/rtofs_glo_3dz_f006_6hrly_hvr_US_east.nc
ARGO_GDAC,pfl,aoml/4903468/profiles/D4903468_123.nc|2024-06-01T20:09:07Z|26.71389|-89.50947,aoml/4903468/profiles/D4903468_123.nc,4903468,4903468,26.71389,-89.50947,2024-06-01T20:09:07Z,20240601,2024,1008,1.08,2005.52,12.0935,True,True,True,https://noaa-nws-rtofs-pds.s3.amazonaws.com/rtofs.20240601/rtofs_glo_3dz_f006_6hrly_hvr_US_east.nc
ARGO_GDAC,pfl,aoml/4903468/profiles/D4903468_123.nc|2024-06-01T20:09:07Z|26.71389|-89.50947,aoml/4903468/profiles/D4903468_123.nc,4903468,4903468,26.71389,-89.50947,2024-06-01T20:09:07Z,20240601,2024,884,0.76,100.0,12.264,True,True,True,https://noaa-nws-rtofs-pds.s3.amazonaws.com/rtofs.20240601/rtofs_glo_3dz_f006_6hrly_hvr_US_east.nc
ARGO_GDAC,pfl,aoml/4903468/profiles/D4903468_124.nc|2024-06-06T21:49:42Z|26.42431|-89.26363,aoml/4903468/profiles/D4903468_124.nc,4903468,4903468,26.42431,-89.26363,2024-06-06T21:49:42Z,20240606,2024,1010,0.96,2009.56,28.8482,True,True,True,https://noaa-nws-rtofs-pds.s3.amazonaws.com/rtofs.20240606/rtofs_glo_3dz_f006_6hrly_hvr_US_east.nc
ARGO_GDAC,pfl,aoml/4903468/profiles/D4903468_124.nc|2024-06-06T21:49:42Z|26.42431|-89.26363,aoml/4903468/profiles/D4903468_124.nc,4903468,4903468,26.42431,-89.26363,2024-06-06T21:49:42Z,20240606,2024,837,0.56,99.96,29.13,True,True,True,https://noaa-nws-rtofs-pds.s3.amazonaws.com/rtofs.20240606/rtofs_glo_3dz_f006_6hrly_hvr_US_east.nc
ARGO_GDAC,pfl,aoml/4903468/profiles/D4903468_125.nc|2024-06-11T23:23:03Z|26.09205|-89.21176,aoml/4903468/profiles/D4903468_125.nc,4903468,4903468,26.09205,-89.21176,2024-06-11T23:23:03Z,20240611,2024,1010,1.04,2009.28,14.079,True,True,True,https://noaa-nws-rtofs-pds.s3.amazonaws.com/rtofs.20240611/rtofs_glo_3dz_f006_6hrly_hvr_US_east.nc
ARGO_GDAC,pfl,aoml/4903468/profiles/D4903468_125.nc|2024-06-11T23:23:03Z|26.09205|-89.21176,aoml/4903468/profiles/D4903468_125.nc,4903468,4903468,26.09205,-89.21176,2024-06-11T23:23:03Z,20240611,2024,884,0.68,99.92,14.7378,True,True,True,https://noaa-nws-rtofs-pds.s3.amazonaws.com/rtofs.20240611/rtofs_glo_3dz_f006_6hrly_hvr_US_east.nc
ARGO_GDAC,pfl,aoml/4903468/profiles/D4903468_126.nc|2024-06-17T00:54:58Z|25.97619|-89.48149,aoml/4903468/profiles/D4903468_126.nc,4903468,4903468,25.97619,-89.48149,2024-06-17T00:54:58Z,20240617,2024,1007,1.04,2003.84,20.5712,True,True,True,https://noaa-nws-rtofs-pds.s3.amazonaws.com/rtofs.20240617/rtofs_glo_3dz_f006_6hrly_hvr_US_east.nc
ARGO_GDAC,pfl,aoml/4903468/profiles/D4903468_126.nc|2024-06-17T00:54:58Z|25.97619|-89.48149,aoml/4903468/profiles/D4903468_126.nc,4903468,4903468,25.97619,-89.48149,2024-06-17T00:54:58Z,20240617,2024,836,0.64,99.96,20.5378,True,True,True,https://noaa-nws-rtofs-pds.s3.amazonaws.com/rtofs.20240617/rtofs_glo_3dz_f006_6hrly_hvr_US_east.nc
ARGO_GDAC,pfl,aoml/4903468/profiles/D4903468_127.nc|2024-06-22T02:28:03Z|25.88627|-89.66552,aoml/4903468/profiles/D4903468_127.nc,4903468,4903468,25.88627,-89.66552,2024-06-22T02:28:03Z,20240622,2024,1008,1.04,2005.48,32.7824,True,True,True,https://noaa-nws-rtofs-pds.s3.amazonaws.com/rtofs.20240622/rtofs_glo_3dz_f006_6hrly_hvr_US_east.nc
ARGO_GDAC,pfl,aoml/4903468/profiles/D4903468_127.nc|2024-06-22T02:28:03Z|25.88627|-89.66552,aoml/4903468/profiles/D4903468_127.nc,4903468,4903468,25.88627,-89.66552,2024-06-22T02:28:03Z,20240622,2024,859,0.6,100.0,34.1226,True,True,True,https://noaa-nws-rtofs-pds.s3.amazonaws.com/rtofs.20240622/rtofs_glo_3dz_f006_6hrly_hvr_US_east.nc
ARGO_GDAC,pfl,aoml/4903468/profiles/D4903468_128.nc|2024-06-27T04:00:26Z|25.77787|-89.66710,aoml/4903468/profiles/D4903468_128.nc,4903468,4903468,25.77787,-89.6671,2024-06-27T04:00:26Z,20240627,2024,1007,0.96,2003.36,23.7327,True,True,True,https://noaa-nws-rtofs-pds.s3.amazonaws.com/rtofs.20240627/rtofs_glo_3dz_f006_6hrly_hvr_US_east.nc
ARGO_GDAC,pfl,aoml/4903468/profiles/D4903468_128.nc|2024-06-27T04:00:26Z|25.77787|-89.66710,aoml/4903468/profiles/D4903468_128.nc,4903468,4903468,25.77787,-89.6671,2024-06-27T04:00:26Z,20240627,2024,841,0.52,99.92,23.22,True,True,True,https://noaa-nws-rtofs-pds.s3.amazonaws.com/rtofs.20240627/rtofs_glo_3dz_f006_6hrly_hvr_US_east.nc
ARGO_GDAC,pfl,aoml/4903468/profiles/D4903468_129.nc|2024-07-02T05:38:02Z|25.78951|-89.56987,aoml/4903468/profiles/D4903468_129.nc,4903468,4903468,25.78951,-89.56987,2024-07-02T05:38:02Z,20240702,2024,1010,0.48,2007.4,16.6571,True,True,True,https://noaa-nws-rtofs-pds.s3.amazonaws.com/rtofs.20240702/rtofs_glo_3dz_f006_6hrly_hvr_US_east.nc
ARGO_GDAC,pfl,aoml/4903468/profiles/D4903468_129.nc|2024-07-02T05:38:02Z|25.78951|-89.56987,aoml/4903468/profiles/D4903468_129.nc,4903468,4903468,25.78951,-89.56987,2024-07-02T05:38:02Z,20240702,2024,822,0.48,99.96,16.6071,True,True,True,https://noaa-nws-rtofs-pds.s3.amazonaws.com/rtofs.20240702/rtofs_glo_3dz_f006_6hrly_hvr_US_east.nc
ARGO_GDAC,pfl,aoml/4903468/profiles/D4903468_130.nc|2024-07-07T07:12:41Z|26.09201|-89.55045,aoml/4903468/profiles/D4903468_130.nc,4903468,4903468,26.09201,-89.55045,2024-07-07T07:12:41Z,20240707,2024,1011,0.96,2011.48,18.31,True,True,True,https://noaa-nws-rtofs-pds.s3.amazonaws.com/rtofs.20240707/rtofs_glo_3dz_f006_6hrly_hvr_US_east.nc
ARGO_GDAC,pfl,aoml/4903468/profiles/D4903468_130.nc|2024-07-07T07:12:41Z|26.09201|-89.55045,aoml/4903468/profiles/D4903468_130.nc,4903468,4903468,26.09201,-89.55045,2024-07-07T07:12:41Z,20240707,2024,883,0.56,100.0,18.3778,True,True,True,https://noaa-nws-rtofs-pds.s3.amazonaws.com/rtofs.20240707/rtofs_glo_3dz_f006_6hrly_hvr_US_east.nc
ARGO_GDAC,pfl,aoml/4903468/profiles/D4903468_131.nc|2024-07-12T08:47:09Z|26.22917|-89.37871,aoml/4903468/profiles/D4903468_131.nc,4903468,4903468,26.22917,-89.37871,2024-07-12T08:47:09Z,20240712,2024,1009,1.0,2007.28,14.4682,True,True,True,https://noaa-nws-rtofs-pds.s3.amazonaws.com/rtofs.20240712/rtofs_glo_3dz_f006_6hrly_hvr_US_east.nc
ARGO_GDAC,pfl,aoml/4903468/profiles/D4903468_131.nc|2024-07-12T08:47:09Z|26.22917|-89.37871,aoml/4903468/profiles/D4903468_131.nc,4903468,4903468,26.22917,-89.37871,2024-07-12T08:47:09Z,20240712,2024,832,0.64,99.96,12.65,True,True,True,https://noaa-nws-rtofs-pds.s3.amazonaws.com/rtofs.20240712/rtofs_glo_3dz_f006_6hrly_hvr_US_east.nc
ARGO_GDAC,pfl,aoml/4903468/profiles/D4903468_132.nc|2024-07-17T10:28:27Z|26.12698|-89.46329,aoml/4903468/profiles/D4903468_132.nc,4903468,4903468,26.12698,-89.46329,2024-07-17T10:28:27Z,20240717,2024,1010,0.44,2007.56,19.6275,True,True,True,https://noaa-nws-rtofs-pds.s3.amazonaws.com/rtofs.20240717/rtofs_glo_3dz_f006_6hrly_hvr_US_east.nc
ARGO_GDAC,pfl,aoml/4903468/profiles/D4903468_132.nc|2024-07-17T10:28:27Z|26.12698|-89.46329,aoml/4903468/profiles/D4903468_132.nc,4903468,4903468,26.12698,-89.46329,2024-07-17T10:28:27Z,20240717,2024,828,0.44,99.84,19.71,True,True,True,https://noaa-nws-rtofs-pds.s3.amazonaws.com/rtofs.20240717/rtofs_glo_3dz_f006_6hrly_hvr_US_east.nc
ARGO_GDAC,pfl,aoml/4903468/profiles/D4903468_133.nc|2024-07-22T12:11:55Z|26.17447|-89.80303,aoml/4903468/profiles/D4903468_133.nc,4903468,4903468,26.17447,-89.80303,2024-07-22T12:11:55Z,20240722,2024,1009,1.04,2007.4,18.3104,True,True,True,https://noaa-nws-rtofs-pds.s3.amazonaws.com/rtofs.20240722/rtofs_glo_3dz_f006_6hrly_hvr_US_east.nc
ARGO_GDAC,pfl,aoml/4903468/profiles/D4903468_133.nc|2024-07-22T12:11:55Z|26.17447|-89.80303,aoml/4903468/profiles/D4903468_133.nc,4903468,4903468,26.17447,-89.80303,2024-07-22T12:11:55Z,20240722,2024,845,0.68,99.88,18.5657,True,True,True,https://noaa-nws-rtofs-pds.s3.amazonaws.com/rtofs.20240722/rtofs_glo_3dz_f006_6hrly_hvr_US_east.nc
ARGO_GDAC,pfl,aoml/4903468/profiles/D4903468_134.nc|2024-07-27T13:58:46Z|26.17310|-90.15892,aoml/4903468/profiles/D4903468_134.nc,4903468,4903468,26.1731,-90.15892,2024-07-27T13:58:46Z,20240727,2024,1010,1.04,2009.36,24.8482,True,True,True,https://noaa-nws-rtofs-pds.s3.amazonaws.com/rtofs.20240727/rtofs_glo_3dz_f006_6hrly_hvr_US_east.nc
ARGO_GDAC,pfl,aoml/4903468/profiles/D4903468_134.nc|2024-07-27T13:58:46Z|26.17310|-90.15892,aoml/4903468/profiles/D4903468_134.nc,4903468,4903468,26.1731,-90.15892,2024-07-27T13:58:46Z,20240727,2024,1016,0.68,100.0,25.0,True,True,True,https://noaa-nws-rtofs-pds.s3.amazonaws.com/rtofs.20240727/rtofs_glo_3dz_f006_6hrly_hvr_US_east.nc
ARGO_GDAC,pfl,aoml/4903468/profiles/D4903468_135.nc|2024-08-01T15:39:02Z|26.27534|-90.23671,aoml/4903468/profiles/D4903468_135.nc,4903468,4903468,26.27534,-90.23671,2024-08-01T15:39:02Z,20240801,2024,1006,1.0,2001.6,11.8888,True,True,True,https://noaa-nws-rtofs-pds.s3.amazonaws.com/rtofs.20240801/rtofs_glo_3dz_f006_6hrly_hvr_US_east.nc
ARGO_GDAC,pfl,aoml/4903468/profiles/D4903468_135.nc|2024-08-01T15:39:02Z|26.27534|-90.23671,aoml/4903468/profiles/D4903468_135.nc,4903468,4903468,26.27534,-90.23671,2024-08-01T15:39:02Z,20240801,2024,951,0.6,99.96,11.86,True,True,True,https://noaa-nws-rtofs-pds.s3.amazonaws.com/rtofs.20240801/rtofs_glo_3dz_f006_6hrly_hvr_US_east.nc
ARGO_GDAC,pfl,aoml/4903468/profiles/D4903468_136.nc|2024-08-06T17:22:32Z|26.24171|-90.36430,aoml/4903468/profiles/D4903468_136.nc,4903468,4903468,26.24171,-90.3643,2024-08-06T17:22:32Z,20240806,2024,1007,1.08,2003.48,13.8837,True,True,True,https://noaa-nws-rtofs-pds.s3.amazonaws.com/rtofs.20240806/rtofs_glo_3dz_f006_6hrly_hvr_US_east.nc
ARGO_GDAC,pfl,aoml/4903468/profiles/D4903468_136.nc|2024-08-06T17:22:32Z|26.24171|-90.36430,aoml/4903468/profiles/D4903468_136.nc,4903468,4903468,26.24171,-90.3643,2024-08-06T17:22:32Z,20240806,2024,949,0.76,100.0,13.9667,True,True,True,https://noaa-nws-rtofs-pds.s3.amazonaws.com/rtofs.20240806/rtofs_glo_3dz_f006_6hrly_hvr_US_east.nc
ARGO_GDAC,pfl,aoml/4903468/profiles/D4903468_137.nc|2024-08-11T18:48:10Z|26.03967|-90.41322,aoml/4903468/profiles/D4903468_137.nc,4903468,4903468,26.03967,-90.41322,2024-08-11T18:48:10Z,20240811,2024,1008,1.08,2005.32,11.2398,True,True,True,https://noaa-nws-rtofs-pds.s3.amazonaws.com/rtofs.20240811/rtofs_glo_3dz_f006_6hrly_hvr_US_east.nc
ARGO_GDAC,pfl,aoml/4903468/profiles/D4903468_137.nc|2024-08-11T18:48:10Z|26.03967|-90.41322,aoml/4903468/profiles/D4903468_137.nc,4903468,4903468,26.03967,-90.41322,2024-08-11T18:48:10Z,20240811,2024,885,0.64,99.96,10.3943,True,True,True,https://noaa-nws-rtofs-pds.s3.amazonaws.com/rtofs.20240811/rtofs_glo_3dz_f006_6hrly_hvr_US_east.nc
ARGO_GDAC,pfl,aoml/4903468/profiles/D4903468_138.nc|2024-08-16T20:17:51Z|26.20531|-90.05219,aoml/4903468/profiles/D4903468_138.nc,4903468,4903468,26.20531,-90.05219,2024-08-16T20:17:51Z,20240816,2024,1010,1.12,2009.88,20.3996,True,True,True,https://noaa-nws-rtofs-pds.s3.amazonaws.com/rtofs.20240816/rtofs_glo_3dz_f006_6hrly_hvr_US_east.nc
ARGO_GDAC,pfl,aoml/4903468/profiles/D4903468_138.nc|2024-08-16T20:17:51Z|26.20531|-90.05219,aoml/4903468/profiles/D4903468_138.nc,4903468,4903468,26.20531,-90.05219,2024-08-16T20:17:51Z,20240816,2024,840,0.8,100.0,20.5333,True,True,True,https://noaa-nws-rtofs-pds.s3.amazonaws.com/rtofs.20240816/rtofs_glo_3dz_f006_6hrly_hvr_US_east.nc
ARGO_GDAC,pfl,aoml/4903468/profiles/D4903468_139.nc|2024-08-21T21:45:29Z|26.30308|-90.03641,aoml/4903468/profiles/D4903468_139.nc,4903468,4903468,26.30308,-90.03641,2024-08-21T21:45:29Z,20240821,2024,1009,1.0,2007.24,15.9969,True,True,True,https://noaa-nws-rtofs-pds.s3.amazonaws.com/rtofs.20240821/rtofs_glo_3dz_f006_6hrly_hvr_US_east.nc
ARGO_GDAC,pfl,aoml/4903468/profiles/D4903468_139.nc|2024-08-21T21:45:29Z|26.30308|-90.03641,aoml/4903468/profiles/D4903468_139.nc,4903468,4903468,26.30308,-90.03641,2024-08-21T21:45:29Z,20240821,2024,932,0.6,99.92,15.9709,True,True,True,https://noaa-nws-rtofs-pds.s3.amazonaws.com/rtofs.20240821/rtofs_glo_3dz_f006_6hrly_hvr_US_east.nc
ARGO_GDAC,pfl,aoml/4903468/profiles/D4903468_140.nc|2024-08-26T23:16:20Z|26.24991|-90.27326,aoml/4903468/profiles/D4903468_140.nc,4903468,4903468,26.24991,-90.27326,2024-08-26T23:16:20Z,20240826,2024,1010,1.04,2009.48,20.1235,True,True,True,https://noaa-nws-rtofs-pds.s3.amazonaws.com/rtofs.20240826/rtofs_glo_3dz_f006_6hrly_hvr_US_east.nc
ARGO_GDAC,pfl,aoml/4903468/profiles/D4903468_140.nc|2024-08-26T23:16:20Z|26.24991|-90.27326,aoml/4903468/profiles/D4903468_140.nc,4903468,4903468,26.24991,-90.27326,2024-08-26T23:16:20Z,20240826,2024,845,0.64,99.88,19.58,True,True,True,https://noaa-nws-rtofs-pds.s3.amazonaws.com/rtofs.20240826/rtofs_glo_3dz_f006_6hrly_hvr_US_east.nc
ARGO_GDAC,pfl,aoml/4903468/profiles/D4903468_141.nc|2024-09-01T00:47:06Z|26.19803|-90.48326,aoml/4903468/profiles/D4903468_141.nc,4903468,4903468,26.19803,-90.48326,2024-09-01T00:47:06Z,20240901,2024,1011,1.04,2011.8,26.887,True,True,True,https://noaa-nws-rtofs-pds.s3.amazonaws.com/rtofs.20240901/rtofs_glo_3dz_f006_6hrly_hvr_US_east.nc
ARGO_GDAC,pfl,aoml/4903468/profiles/D4903468_141.nc|2024-09-01T00:47:06Z|26.19803|-90.48326,aoml/4903468/profiles/D4903468_141.nc,4903468,4903468,26.19803,-90.48326,2024-09-01T00:47:06Z,20240901,2024,902,0.76,99.96,27.0787,True,True,True,https://noaa-nws-rtofs-pds.s3.amazonaws.com/rtofs.20240901/rtofs_glo_3dz_f006_6hrly_hvr_US_east.nc
ARGO_GDAC,pfl,aoml/4903468/profiles/D4903468_142.nc|2024-09-06T02:20:20Z|26.11586|-91.00379,aoml/4903468/profiles/D4903468_142.nc,4903468,4903468,26.11586,-91.00379,2024-09-06T02:20:20Z,20240906,2024,1010,1.0,2009.8,21.9488,True,True,True,https://noaa-nws-rtofs-pds.s3.amazonaws.com/rtofs.20240906/rtofs_glo_3dz_f006_6hrly_hvr_US_east.nc
ARGO_GDAC,pfl,aoml/4903468/profiles/D4903468_142.nc|2024-09-06T02:20:20Z|26.11586|-91.00379,aoml/4903468/profiles/D4903468_142.nc,4903468,4903468,26.11586,-91.00379,2024-09-06T02:20:20Z,20240906,2024,890,0.6,99.92,21.78,True,True,True,https://noaa-nws-rtofs-pds.s3.amazonaws.com/rtofs.20240906/rtofs_glo_3dz_f006_6hrly_hvr_US_east.nc
ARGO_GDAC,pfl,aoml/4903468/profiles/D4903468_143.nc|2024-09-11T03:45:22Z|25.76945|-91.84708,aoml/4903468/profiles/D4903468_143.nc,4903468,4903468,25.76945,-91.84708,2024-09-11T03:45:22Z,20240911,2024,1011,1.04,2011.44,34.8496,True,True,True,https://noaa-nws-rtofs-pds.s3.amazonaws.com/rtofs.20240911/rtofs_glo_3dz_f006_6hrly_hvr_US_east.nc
ARGO_GDAC,pfl,aoml/4903468/profiles/D4903468_143.nc|2024-09-11T03:45:22Z|25.76945|-91.84708,aoml/4903468/profiles/D4903468_143.nc,4903468,4903468,25.76945,-91.84708,2024-09-11T03:45:22Z,20240911,2024,912,0.6,99.92,34.3574,True,True,True,https://noaa-nws-rtofs-pds.s3.amazonaws.com/rtofs.20240911/rtofs_glo_3dz_f006_6hrly_hvr_US_east.nc
ARGO_GDAC,pfl,aoml/4903468/profiles/D4903468_144.nc|2024-09-16T05:23:49Z|25.87847|-92.42052,aoml/4903468/profiles/D4903468_144.nc,4903468,4903468,25.87847,-92.42052,2024-09-16T05:23:49Z,20240916,2024,1010,1.04,2009.32,41.277,True,True,True,https://noaa-nws-rtofs-pds.s3.amazonaws.com/rtofs.20240916/rtofs_glo_3dz_f006_6hrly_hvr_US_east.nc
ARGO_GDAC,pfl,aoml/4903468/profiles/D4903468_144.nc|2024-09-16T05:23:49Z|25.87847|-92.42052,aoml/4903468/profiles/D4903468_144.nc,4903468,4903468,25.87847,-92.42052,2024-09-16T05:23:49Z,20240916,2024,858,0.64,99.96,41.691,True,True,True,https://noaa-nws-rtofs-pds.s3.amazonaws.com/rtofs.20240916/rtofs_glo_3dz_f006_6hrly_hvr_US_east.nc
ARGO_GDAC,pfl,aoml/4903468/profiles/D4903468_145.nc|2024-09-21T06:43:49Z|25.98676|-92.76967,aoml/4903468/profiles/D4903468_145.nc,4903468,4903468,25.98676,-92.76967,2024-09-21T06:43:49Z,20240921,2024,1009,0.96,2007.52,11.8665,True,True,True,https://noaa-nws-rtofs-pds.s3.amazonaws.com/rtofs.20240921/rtofs_glo_3dz_f006_6hrly_hvr_US_east.nc
ARGO_GDAC,pfl,aoml/4903468/profiles/D4903468_145.nc|2024-09-21T06:43:49Z|25.98676|-92.76967,aoml/4903468/profiles/D4903468_145.nc,4903468,4903468,25.98676,-92.76967,2024-09-21T06:43:49Z,20240921,2024,957,0.56,100.0,11.7551,True,True,True,https://noaa-nws-rtofs-pds.s3.amazonaws.com/rtofs.20240921/rtofs_glo_3dz_f006_6hrly_hvr_US_east.nc
ARGO_GDAC,pfl,aoml/4903468/profiles/D4903468_146.nc|2024-09-26T08:19:22Z|25.95422|-92.61024,aoml/4903468/profiles/D4903468_146.nc,4903468,4903468,25.95422,-92.61024,2024-09-26T08:19:22Z,20240926,2024,1011,1.04,2011.24,20.99,True,True,True,https://noaa-nws-rtofs-pds.s3.amazonaws.com/rtofs.20240926/rtofs_glo_3dz_f006_6hrly_hvr_US_east.nc
ARGO_GDAC,pfl,aoml/4903468/profiles/D4903468_146.nc|2024-09-26T08:19:22Z|25.95422|-92.61024,aoml/4903468/profiles/D4903468_146.nc,4903468,4903468,25.95422,-92.61024,2024-09-26T08:19:22Z,20240926,2024,885,0.72,99.96,22.0092,True,True,True,https://noaa-nws-rtofs-pds.s3.amazonaws.com/rtofs.20240926/rtofs_glo_3dz_f006_6hrly_hvr_US_east.nc
ARGO_GDAC,pfl,aoml/4903468/profiles/D4903468_147.nc|2024-10-01T09:47:06Z|25.69307|-92.20420,aoml/4903468/profiles/D4903468_147.nc,4903468,4903468,25.69307,-92.2042,2024-10-01T09:47:06Z,20241001,2024,1010,0.96,2009.2,34.9186,True,True,True,https://noaa-nws-rtofs-pds.s3.amazonaws.com/rtofs.20241001/rtofs_glo_3dz_f006_6hrly_hvr_US_east.nc
ARGO_GDAC,pfl,aoml/4903468/profiles/D4903468_147.nc|2024-10-01T09:47:06Z|25.69307|-92.20420,aoml/4903468/profiles/D4903468_147.nc,4903468,4903468,25.69307,-92.2042,2024-10-01T09:47:06Z,20241001,2024,884,0.6,99.88,35.1133,True,True,True,https://noaa-nws-rtofs-pds.s3.amazonaws.com/rtofs.20241001/rtofs_glo_3dz_f006_6hrly_hvr_US_east.nc
ARGO_GDAC,pfl,aoml/4903468/profiles/D4903468_148.nc|2024-10-06T11:22:04Z|25.57542|-91.97123,aoml/4903468/profiles/D4903468_148.nc,4903468,4903468,25.57542,-91.97123,2024-10-06T11:22:04Z,20241006,2024,1007,0.96,2003.84,46.962,True,True,True,https://noaa-nws-rtofs-pds.s3.amazonaws.com/rtofs.20241006/rtofs_glo_3dz_f006_6hrly_hvr_US_east.nc
ARGO_GDAC,pfl,aoml/4903468/profiles/D4903468_148.nc|2024-10-06T11:22:04Z|25.57542|-91.97123,aoml/4903468/profiles/D4903468_148.nc,4903468,4903468,25.57542,-91.97123,2024-10-06T11:22:04Z,20241006,2024,823,0.52,99.88,47.2,True,True,True,https://noaa-nws-rtofs-pds.s3.amazonaws.com/rtofs.20241006/rtofs_glo_3dz_f006_6hrly_hvr_US_east.nc
ARGO_GDAC,pfl,aoml/4903468/profiles/D4903468_149.nc|2024-10-11T13:00:18Z|25.52029|-92.34382,aoml/4903468/profiles/D4903468_149.nc,4903468,4903468,25.52029,-92.34382,2024-10-11T13:00:18Z,20241011,2024,1011,0.96,2011.96,49.9103,True,True,True,https://noaa-nws-rtofs-pds.s3.amazonaws.com/rtofs.20241011/rtofs_glo_3dz_f006_6hrly_hvr_US_east.nc
ARGO_GDAC,pfl,aoml/4903468/profiles/D4903468_149.nc|2024-10-11T13:00:18Z|25.52029|-92.34382,aoml/4903468/profiles/D4903468_149.nc,4903468,4903468,25.52029,-92.34382,2024-10-11T13:00:18Z,20241011,2024,854,0.72,100.0,49.8777,True,True,True,https://noaa-nws-rtofs-pds.s3.amazonaws.com/rtofs.20241011/rtofs_glo_3dz_f006_6hrly_hvr_US_east.nc
ARGO_GDAC,pfl,aoml/4903468/profiles/D4903468_150.nc|2024-10-16T14:29:52Z|25.63078|-92.63692,aoml/4903468/profiles/D4903468_150.nc,4903468,4903468,25.63078,-92.63692,2024-10-16T14:29:52Z,20241016,2024,1009,1.0,2007.32,54.5434,True,True,True,https://noaa-nws-rtofs-pds.s3.amazonaws.com/rtofs.20241016/rtofs_glo_3dz_f006_6hrly_hvr_US_east.nc
ARGO_GDAC,pfl,aoml/4903468/profiles/D4903468_150.nc|2024-10-16T14:29:52Z|25.63078|-92.63692,aoml/4903468/profiles/D4903468_150.nc,4903468,4903468,25.63078,-92.63692,2024-10-16T14:29:52Z,20241016,2024,841,0.56,99.92,54.9156,True,True,True,https://noaa-nws-rtofs-pds.s3.amazonaws.com/rtofs.20241016/rtofs_glo_3dz_f006_6hrly_hvr_US_east.nc
ARGO_GDAC,pfl,aoml/4903468/profiles/D4903468_151.nc|2024-10-21T16:06:49Z|25.85883|-92.72244,aoml/4903468/profiles/D4903468_151.nc,4903468,4903468,25.85883,-92.72244,2024-10-21T16:06:49Z,20241021,2024,1007,1.04,2003.56,64.2873,True,True,True,https://noaa-nws-rtofs-pds.s3.amazonaws.com/rtofs.20241021/rtofs_glo_3dz_f006_6hrly_hvr_US_east.nc
ARGO_GDAC,pfl,aoml/4903468/profiles/D4903468_151.nc|2024-10-21T16:06:49Z|25.85883|-92.72244,aoml/4903468/profiles/D4903468_151.nc,4903468,4903468,25.85883,-92.72244,2024-10-21T16:06:49Z,20241021,2024,807,0.64,99.92,65.4448,True,True,True,https://noaa-nws-rtofs-pds.s3.amazonaws.com/rtofs.20241021/rtofs_glo_3dz_f006_6hrly_hvr_US_east.nc
ARGO_GDAC,pfl,aoml/4903468/profiles/D4903468_152.nc|2024-10-26T17:25:29Z|25.76415|-92.16392,aoml/4903468/profiles/D4903468_152.nc,4903468,4903468,25.76415,-92.16392,2024-10-26T17:25:29Z,20241026,2024,1007,1.0,2003.56,93.5223,True,True,True,https://noaa-nws-rtofs-pds.s3.amazonaws.com/rtofs.20241026/rtofs_glo_3dz_f006_6hrly_hvr_US_east.nc
ARGO_GDAC,pfl,aoml/4903468/profiles/D4903468_152.nc|2024-10-26T17:25:29Z|25.76415|-92.16392,aoml/4903468/profiles/D4903468_152.nc,4903468,4903468,25.76415,-92.16392,2024-10-26T17:25:29Z,20241026,2024,890,0.6,99.96,94.2308,True,True,True,https://noaa-nws-rtofs-pds.s3.amazonaws.com/rtofs.20241026/rtofs_glo_3dz_f006_6hrly_hvr_US_east.nc
ARGO_GDAC,pfl,aoml/4903468/profiles/D4903468_153.nc|2024-10-31T18:45:57Z|25.69385|-91.94570,aoml/4903468/profiles/D4903468_153.nc,4903468,4903468,25.69385,-91.9457,2024-10-31T18:45:57Z,20241031,2024,1007,1.0,2003.64,98.312,True,True,True,https://noaa-nws-rtofs-pds.s3.amazonaws.com/rtofs.20241031/rtofs_glo_3dz_f006_6hrly_hvr_US_east.nc
ARGO_GDAC,pfl,aoml/4903468/profiles/D4903468_153.nc|2024-10-31T18:45:57Z|25.69385|-91.94570,aoml/4903468/profiles/D4903468_153.nc,4903468,4903468,25.69385,-91.9457,2024-10-31T18:45:57Z,20241031,2024,735,0.56,99.92,98.4058,True,True,True,https://noaa-nws-rtofs-pds.s3.amazonaws.com/rtofs.20241031/rtofs_glo_3dz_f006_6hrly_hvr_US_east.nc
ARGO_GDAC,pfl,aoml/4903468/profiles/D4903468_154.nc|2024-11-05T20:16:05Z|25.53015|-92.11837,aoml/4903468/profiles/D4903468_154.nc,4903468,4903468,25.53015,-92.11837,2024-11-05T20:16:05Z,20241105,2024,1008,0.48,2003.28,91.0974,True,True,True,https://noaa-nws-rtofs-pds.s3.amazonaws.com/rtofs.20241105/rtofs_glo_3dz_f006_6hrly_hvr_US_east.nc
ARGO_GDAC,pfl,aoml/4903468/profiles/D4903468_154.nc|2024-11-05T20:16:05Z|25.53015|-92.11837,aoml/4903468/profiles/D4903468_154.nc,4903468,4903468,25.53015,-92.11837,2024-11-05T20:16:05Z,20241105,2024,834,0.48,100.0,91.9635,True,True,True,https://noaa-nws-rtofs-pds.s3.amazonaws.com/rtofs.20241105/rtofs_glo_3dz_f006_6hrly_hvr_US_east.nc
ARGO_GDAC,pfl,aoml/4903468/profiles/D4903468_155.nc|2024-11-10T21:50:35Z|25.78877|-92.39840,aoml/4903468/profiles/D4903468_155.nc,4903468,4903468,25.78877,-92.3984,2024-11-10T21:50:35Z,20241110,2024,1007,1.0,2003.6,100.0716,True,False,True,https://noaa-nws-rtofs-pds.s3.amazonaws.com/rtofs.20241110/rtofs_glo_3dz_f006_6hrly_hvr_US_east.nc
ARGO_GDAC,pfl,aoml/4903468/profiles/D4903468_155.nc|2024-11-10T21:50:35Z|25.78877|-92.39840,aoml/4903468/profiles/D4903468_155.nc,4903468,4903468,25.78877,-92.3984,2024-11-10T21:50:35Z,20241110,2024,855,0.64,99.96,,False,False,True,https://noaa-nws-rtofs-pds.s3.amazonaws.com/rtofs.20241110/rtofs_glo_3dz_f006_6hrly_hvr_US_east.nc
ARGO_GDAC,pfl,aoml/4903468/profiles/D4903468_156.nc|2024-11-15T23:26:24Z|25.75954|-92.24013,aoml/4903468/profiles/D4903468_156.nc,4903468,4903468,25.75954,-92.24013,2024-11-15T23:26:24Z,20241115,2024,1011,1.0,2011.16,109.0035,True,False,True,https://noaa-nws-rtofs-pds.s3.amazonaws.com/rtofs.20241115/rtofs_glo_3dz_f006_6hrly_hvr_US_east.nc
ARGO_GDAC,pfl,aoml/4903468/profiles/D4903468_156.nc|2024-11-15T23:26:24Z|25.75954|-92.24013,aoml/4903468/profiles/D4903468_156.nc,4903468,4903468,25.75954,-92.24013,2024-11-15T23:26:24Z,20241115,2024,794,0.56,100.0,,False,False,True,https://noaa-nws-rtofs-pds.s3.amazonaws.com/rtofs.20241115/rtofs_glo_3dz_f006_6hrly_hvr_US_east.nc
ARGO_GDAC,pfl,aoml/4903468/profiles/D4903468_157.nc|2024-11-21T00:54:30Z|25.87387|-92.31439,aoml/4903468/profiles/D4903468_157.nc,4903468,4903468,25.87387,-92.31439,2024-11-21T00:54:30Z,20241121,2024,1007,0.96,2003.32,109.0429,True,False,True,https://noaa-nws-rtofs-pds.s3.amazonaws.com/rtofs.20241121/rtofs_glo_3dz_f006_6hrly_hvr_US_east.nc
ARGO_GDAC,pfl,aoml/4903468/profiles/D4903468_157.nc|2024-11-21T00:54:30Z|25.87387|-92.31439,aoml/4903468/profiles/D4903468_157.nc,4903468,4903468,25.87387,-92.31439,2024-11-21T00:54:30Z,20241121,2024,670,0.6,99.96,,False,False,True,https://noaa-nws-rtofs-pds.s3.amazonaws.com/rtofs.20241121/rtofs_glo_3dz_f006_6hrly_hvr_US_east.nc
ARGO_GDAC,pfl,aoml/4903468/profiles/D4903468_158.nc|2024-11-26T02:21:51Z|25.90168|-92.11070,aoml/4903468/profiles/D4903468_158.nc,4903468,4903468,25.90168,-92.1107,2024-11-26T02:21:51Z,20241126,2024,1010,0.96,2009.8,98.6969,True,True,True,https://noaa-nws-rtofs-pds.s3.amazonaws.com/rtofs.20241126/rtofs_glo_3dz_f006_6hrly_hvr_US_east.nc
ARGO_GDAC,pfl,aoml/4903468/profiles/D4903468_158.nc|2024-11-26T02:21:51Z|25.90168|-92.11070,aoml/4903468/profiles/D4903468_158.nc,4903468,4903468,25.90168,-92.1107,2024-11-26T02:21:51Z,20241126,2024,864,0.52,100.0,99.6796,True,True,True,https://noaa-nws-rtofs-pds.s3.amazonaws.com/rtofs.20241126/rtofs_glo_3dz_f006_6hrly_hvr_US_east.nc
ARGO_GDAC,pfl,aoml/4903468/profiles/D4903468_159.nc|2024-12-01T03:53:19Z|25.71928|-92.14422,aoml/4903468/profiles/D4903468_159.nc,4903468,4903468,25.71928,-92.14422,2024-12-01T03:53:19Z,20241201,2024,1010,1.12,2009.96,83.5027,True,True,True,https://noaa-nws-rtofs-pds.s3.amazonaws.com/rtofs.20241201/rtofs_glo_3dz_f006_6hrly_hvr_US_east.nc
ARGO_GDAC,pfl,aoml/4903468/profiles/D4903468_159.nc|2024-12-01T03:53:19Z|25.71928|-92.14422,aoml/4903468/profiles/D4903468_159.nc,4903468,4903468,25.71928,-92.14422,2024-12-01T03:53:19Z,20241201,2024,838,0.76,99.84,84.3121,True,True,True,https://noaa-nws-rtofs-pds.s3.amazonaws.com/rtofs.20241201/rtofs_glo_3dz_f006_6hrly_hvr_US_east.nc
ARGO_GDAC,pfl,aoml/4903468/profiles/D4903468_160.nc|2024-12-06T05:21:21Z|25.65117|-92.45491,aoml/4903468/profiles/D4903468_160.nc,4903468,4903468,25.65117,-92.45491,2024-12-06T05:21:21Z,20241206,2024,1009,0.4,2005.92,92.664,True,True,True,https://noaa-nws-rtofs-pds.s3.amazonaws.com/rtofs.20241206/rtofs_glo_3dz_f006_6hrly_hvr_US_east.nc
ARGO_GDAC,pfl,aoml/4903468/profiles/D4903468_160.nc|2024-12-06T05:21:21Z|25.65117|-92.45491,aoml/4903468/profiles/D4903468_160.nc,4903468,4903468,25.65117,-92.45491,2024-12-06T05:21:21Z,20241206,2024,817,0.32,99.96,93.6633,True,True,True,https://noaa-nws-rtofs-pds.s3.amazonaws.com/rtofs.20241206/rtofs_glo_3dz_f006_6hrly_hvr_US_east.nc
ARGO_GDAC,pfl,aoml/4903468/profiles/D4903468_161.nc|2024-12-11T06:47:13Z|25.54190|-92.50920,aoml/4903468/profiles/D4903468_161.nc,4903468,4903468,25.5419,-92.5092,2024-12-11T06:47:13Z,20241211,2024,1007,1.08,2003.64,86.2908,True,True,True,https://noaa-nws-rtofs-pds.s3.amazonaws.com/rtofs.20241211/rtofs_glo_3dz_f006_6hrly_hvr_US_east.nc
ARGO_GDAC,pfl,aoml/4903468/profiles/D4903468_161.nc|2024-12-11T06:47:13Z|25.54190|-92.50920,aoml/4903468/profiles/D4903468_161.nc,4903468,4903468,25.5419,-92.5092,2024-12-11T06:47:13Z,20241211,2024,922,0.8,99.88,86.28,True,True,True,https://noaa-nws-rtofs-pds.s3.amazonaws.com/rtofs.20241211/rtofs_glo_3dz_f006_6hrly_hvr_US_east.nc
ARGO_GDAC,pfl,aoml/4903468/profiles/D4903468_162.nc|2024-12-16T08:22:24Z|25.47249|-92.21198,aoml/4903468/profiles/D4903468_162.nc,4903468,4903468,25.47249,-92.21198,2024-12-16T08:22:24Z,20241216,2024,1009,1.0,2007.36,87.5879,True,True,True,https://noaa-nws-rtofs-pds.s3.amazonaws.com/rtofs.20241216/rtofs_glo_3dz_f006_6hrly_hvr_US_east.nc
ARGO_GDAC,pfl,aoml/4903468/profiles/D4903468_162.nc|2024-12-16T08:22:24Z|25.47249|-92.21198,aoml/4903468/profiles/D4903468_162.nc,4903468,4903468,25.47249,-92.21198,2024-12-16T08:22:24Z,20241216,2024,817,0.6,99.96,87.6445,True,True,True,https://noaa-nws-rtofs-pds.s3.amazonaws.com/rtofs.20241216/rtofs_glo_3dz_f006_6hrly_hvr_US_east.nc
ARGO_GDAC,pfl,aoml/4903468/profiles/D4903468_163.nc|2024-12-21T09:59:46Z|25.28453|-91.85076,aoml/4903468/profiles/D4903468_163.nc,4903468,4903468,25.28453,-91.85076,2024-12-21T09:59:46Z,20241221,2024,1011,1.04,2011.0,70.9925,True,True,True,https://noaa-nws-rtofs-pds.s3.amazonaws.com/rtofs.20241221/rtofs_glo_3dz_f006_6hrly_hvr_US_east.nc
ARGO_GDAC,pfl,aoml/4903468/profiles/D4903468_163.nc|2024-12-21T09:59:46Z|25.28453|-91.85076,aoml/4903468/profiles/D4903468_163.nc,4903468,4903468,25.28453,-91.85076,2024-12-21T09:59:46Z,20241221,2024,802,0.68,99.88,70.436,True,True,True,https://noaa-nws-rtofs-pds.s3.amazonaws.com/rtofs.20241221/rtofs_glo_3dz_f006_6hrly_hvr_US_east.nc
ARGO_GDAC,pfl,aoml/4903468/profiles/D4903468_164.nc|2024-12-26T11:40:23Z|25.37437|-91.56913,aoml/4903468/profiles/D4903468_164.nc,4903468,4903468,25.37437,-91.56913,2024-12-26T11:40:23Z,20241226,2024,1011,1.04,2011.96,25.0303,True,True,True,https://noaa-nws-rtofs-pds.s3.amazonaws.com/rtofs.20241226/rtofs_glo_3dz_f006_6hrly_hvr_US_east.nc
ARGO_GDAC,pfl,aoml/4903468/profiles/D4903468_164.nc|2024-12-26T11:40:23Z|25.37437|-91.56913,aoml/4903468/profiles/D4903468_164.nc,4903468,4903468,25.37437,-91.56913,2024-12-26T11:40:23Z,20241226,2024,845,0.72,100.0,24.2,True,True,True,https://noaa-nws-rtofs-pds.s3.amazonaws.com/rtofs.20241226/rtofs_glo_3dz_f006_6hrly_hvr_US_east.nc
ARGO_GDAC,pfl,aoml/4903468/profiles/D4903468_165.nc|2024-12-31T13:13:38Z|25.21448|-91.59638,aoml/4903468/profiles/D4903468_165.nc,4903468,4903468,25.21448,-91.59638,2024-12-31T13:13:38Z,20241231,2024,1010,1.08,2009.68,56.3351,True,True,True,https://noaa-nws-rtofs-pds.s3.amazonaws.com/rtofs.20241231/rtofs_glo_3dz_f006_6hrly_hvr_US_east.nc
ARGO_GDAC,pfl,aoml/4903468/profiles/D4903468_165.nc|2024-12-31T13:13:38Z|25.21448|-91.59638,aoml/4903468/profiles/D4903468_165.nc,4903468,4903468,25.21448,-91.59638,2024-12-31T13:13:38Z,20241231,2024,829,0.72,99.96,55.9899,True,True,True,https://noaa-nws-rtofs-pds.s3.amazonaws.com/rtofs.20241231/rtofs_glo_3dz_f006_6hrly_hvr_US_east.nc
ARGO_GDAC,pfl,aoml/4903468/profiles/D4903468_166.nc|2025-01-05T14:40:03Z|25.09812|-91.41831,aoml/4903468/profiles/D4903468_166.nc,4903468,4903468,25.09812,-91.41831,2025-01-05T14:40:03Z,20250105,2025,1007,1.04,2003.28,25.3932,True,True,True,https://noaa-nws-rtofs-pds.s3.amazonaws.com/rtofs.20250105/rtofs_glo_3dz_f006_6hrly_hvr_US_east.nc
ARGO_GDAC,pfl,aoml/4903468/profiles/D4903468_166.nc|2025-01-05T14:40:03Z|25.09812|-91.41831,aoml/4903468/profiles/D4903468_166.nc,4903468,4903468,25.09812,-91.41831,2025-01-05T14:40:03Z,20250105,2025,830,0.56,99.96,25.756,True,True,True,https://noaa-nws-rtofs-pds.s3.amazonaws.com/rtofs.20250105/rtofs_glo_3dz_f006_6hrly_hvr_US_east.nc
ARGO_GDAC,pfl,aoml/4903468/profiles/D4903468_167.nc|2025-01-10T16:08:25Z|25.37121|-91.27146,aoml/4903468/profiles/D4903468_167.nc,4903468,4903468,25.37121,-91.27146,2025-01-10T16:08:25Z,20250110,2025,1008,0.36,2003.64,68.8819,True,True,True,https://noaa-nws-rtofs-pds.s3.amazonaws.com/rtofs.20250110/rtofs_glo_3dz_f006_6hrly_hvr_US_east.nc
ARGO_GDAC,pfl,aoml/4903468/profiles/D4903468_167.nc|2025-01-10T16:08:25Z|25.37121|-91.27146,aoml/4903468/profiles/D4903468_167.nc,4903468,4903468,25.37121,-91.27146,2025-01-10T16:08:25Z,20250110,2025,828,0.36,99.88,69.6,True,True,True,https://noaa-nws-rtofs-pds.s3.amazonaws.com/rtofs.20250110/rtofs_glo_3dz_f006_6hrly_hvr_US_east.nc
ARGO_GDAC,pfl,aoml/4903468/profiles/D4903468_168.nc|2025-01-15T17:42:43Z|25.61282|-91.46010,aoml/4903468/profiles/D4903468_168.nc,4903468,4903468,25.61282,-91.4601,2025-01-15T17:42:43Z,20250115,2025,1010,0.44,2007.68,81.7926,True,True,True,https://noaa-nws-rtofs-pds.s3.amazonaws.com/rtofs.20250115/rtofs_glo_3dz_f006_6hrly_hvr_US_east.nc
ARGO_GDAC,pfl,aoml/4903468/profiles/D4903468_168.nc|2025-01-15T17:42:43Z|25.61282|-91.46010,aoml/4903468/profiles/D4903468_168.nc,4903468,4903468,25.61282,-91.4601,2025-01-15T17:42:43Z,20250115,2025,803,0.44,99.88,82.2097,True,True,True,https://noaa-nws-rtofs-pds.s3.amazonaws.com/rtofs.20250115/rtofs_glo_3dz_f006_6hrly_hvr_US_east.nc
ARGO_GDAC,pfl,aoml/4903468/profiles/D4903468_169.nc|2025-01-20T19:17:56Z|25.68880|-91.67212,aoml/4903468/profiles/D4903468_169.nc,4903468,4903468,25.6888,-91.67212,2025-01-20T19:17:56Z,20250120,2025,1009,1.12,2007.04,57.8171,True,True,True,https://noaa-nws-rtofs-pds.s3.amazonaws.com/rtofs.20250120/rtofs_glo_3dz_f006_6hrly_hvr_US_east.nc
ARGO_GDAC,pfl,aoml/4903468/profiles/D4903468_169.nc|2025-01-20T19:17:56Z|25.68880|-91.67212,aoml/4903468/profiles/D4903468_169.nc,4903468,4903468,25.6888,-91.67212,2025-01-20T19:17:56Z,20250120,2025,890,0.72,99.96,57.24,True,True,True,https://noaa-nws-rtofs-pds.s3.amazonaws.com/rtofs.20250120/rtofs_glo_3dz_f006_6hrly_hvr_US_east.nc
ARGO_GDAC,pfl,aoml/4903468/profiles/D4903468_170.nc|2025-01-25T20:42:29Z|25.78755|-91.59206,aoml/4903468/profiles/D4903468_170.nc,4903468,4903468,25.78755,-91.59206,2025-01-25T20:42:29Z,20250125,2025,1007,1.0,2003.56,58.2924,True,True,True,https://noaa-nws-rtofs-pds.s3.amazonaws.com/rtofs.20250125/rtofs_glo_3dz_f006_6hrly_hvr_US_east.nc
ARGO_GDAC,pfl,aoml/4903468/profiles/D4903468_170.nc|2025-01-25T20:42:29Z|25.78755|-91.59206,aoml/4903468/profiles/D4903468_170.nc,4903468,4903468,25.78755,-91.59206,2025-01-25T20:42:29Z,20250125,2025,825,0.64,99.92,59.003,True,True,True,https://noaa-nws-rtofs-pds.s3.amazonaws.com/rtofs.20250125/rtofs_glo_3dz_f006_6hrly_hvr_US_east.nc
ARGO_GDAC,pfl,aoml/4903468/profiles/D4903468_171.nc|2025-01-30T22:18:53Z|25.99132|-91.38464,aoml/4903468/profiles/D4903468_171.nc,4903468,4903468,25.99132,-91.38464,2025-01-30T22:18:53Z,20250130,2025,1007,1.04,2003.6,19.852,True,True,True,https://noaa-nws-rtofs-pds.s3.amazonaws.com/rtofs.20250130/rtofs_glo_3dz_f006_6hrly_hvr_US_east.nc
ARGO_GDAC,pfl,aoml/4903468/profiles/D4903468_171.nc|2025-01-30T22:18:53Z|25.99132|-91.38464,aoml/4903468/profiles/D4903468_171.nc,4903468,4903468,25.99132,-91.38464,2025-01-30T22:18:53Z,20250130,2025,835,0.56,99.92,20.0565,True,True,True,https://noaa-nws-rtofs-pds.s3.amazonaws.com/rtofs.20250130/rtofs_glo_3dz_f006_6hrly_hvr_US_east.nc
ARGO_GDAC,pfl,aoml/4903468/profiles/D4903468_172.nc|2025-02-04T23:56:52Z|26.04951|-91.47381,aoml/4903468/profiles/D4903468_172.nc,4903468,4903468,26.04951,-91.47381,2025-02-04T23:56:52Z,20250204,2025,1011,1.04,2011.72,40.7432,True,True,True,https://noaa-nws-rtofs-pds.s3.amazonaws.com/rtofs.20250204/rtofs_glo_3dz_f006_6hrly_hvr_US_east.nc
ARGO_GDAC,pfl,aoml/4903468/profiles/D4903468_172.nc|2025-02-04T23:56:52Z|26.04951|-91.47381,aoml/4903468/profiles/D4903468_172.nc,4903468,4903468,26.04951,-91.47381,2025-02-04T23:56:52Z,20250204,2025,796,0.56,99.88,40.8133,True,True,True,https://noaa-nws-rtofs-pds.s3.amazonaws.com/rtofs.20250204/rtofs_glo_3dz_f006_6hrly_hvr_US_east.nc
ARGO_GDAC,pfl,aoml/4903468/profiles/D4903468_173.nc|2025-02-10T01:34:41Z|26.27481|-91.33955,aoml/4903468/profiles/D4903468_173.nc,4903468,4903468,26.27481,-91.33955,2025-02-10T01:34:41Z,20250210,2025,1013,0.48,2013.8,11.8207,True,True,True,https://noaa-nws-rtofs-pds.s3.amazonaws.com/rtofs.20250210/rtofs_glo_3dz_f006_6hrly_hvr_US_east.nc
ARGO_GDAC,pfl,aoml/4903468/profiles/D4903468_173.nc|2025-02-10T01:34:41Z|26.27481|-91.33955,aoml/4903468/profiles/D4903468_173.nc,4903468,4903468,26.27481,-91.33955,2025-02-10T01:34:41Z,20250210,2025,775,0.48,99.92,11.82,True,True,True,https://noaa-nws-rtofs-pds.s3.amazonaws.com/rtofs.20250210/rtofs_glo_3dz_f006_6hrly_hvr_US_east.nc
ARGO_GDAC,pfl,aoml/4903468/profiles/D4903468_174.nc|2025-02-15T03:04:00Z|26.32704|-91.30250,aoml/4903468/profiles/D4903468_174.nc,4903468,4903468,26.32704,-91.3025,2025-02-15T03:04:00Z,20250215,2025,1008,1.0,2005.12,13.8617,True,True,True,https://noaa-nws-rtofs-pds.s3.amazonaws.com/rtofs.20250215/rtofs_glo_3dz_f006_6hrly_hvr_US_east.nc
ARGO_GDAC,pfl,aoml/4903468/profiles/D4903468_174.nc|2025-02-15T03:04:00Z|26.32704|-91.30250,aoml/4903468/profiles/D4903468_174.nc,4903468,4903468,26.32704,-91.3025,2025-02-15T03:04:00Z,20250215,2025,844,0.52,99.92,14.5545,True,True,True,https://noaa-nws-rtofs-pds.s3.amazonaws.com/rtofs.20250215/rtofs_glo_3dz_f006_6hrly_hvr_US_east.nc
ARGO_GDAC,pfl,aoml/4903468/profiles/D4903468_175.nc|2025-02-20T04:35:46Z|26.19681|-91.59277,aoml/4903468/profiles/D4903468_175.nc,4903468,4903468,26.19681,-91.59277,2025-02-20T04:35:46Z,20250220,2025,1009,1.08,2007.32,89.5556,True,True,True,https://noaa-nws-rtofs-pds.s3.amazonaws.com/rtofs.20250220/rtofs_glo_3dz_f006_6hrly_hvr_US_east.nc
ARGO_GDAC,pfl,aoml/4903468/profiles/D4903468_175.nc|2025-02-20T04:35:46Z|26.19681|-91.59277,aoml/4903468/profiles/D4903468_175.nc,4903468,4903468,26.19681,-91.59277,2025-02-20T04:35:46Z,20250220,2025,814,0.64,99.92,89.6941,True,True,True,https://noaa-nws-rtofs-pds.s3.amazonaws.com/rtofs.20250220/rtofs_glo_3dz_f006_6hrly_hvr_US_east.nc
ARGO_GDAC,pfl,aoml/4903468/profiles/D4903468_176.nc|2025-02-25T06:06:33Z|26.14793|-91.85952,aoml/4903468/profiles/D4903468_176.nc,4903468,4903468,26.14793,-91.85952,2025-02-25T06:06:33Z,20250225,2025,1011,0.48,2009.52,86.0519,True,True,True,https://noaa-nws-rtofs-pds.s3.amazonaws.com/rtofs.20250225/rtofs_glo_3dz_f006_6hrly_hvr_US_east.nc
ARGO_GDAC,pfl,aoml/4903468/profiles/D4903468_176.nc|2025-02-25T06:06:33Z|26.14793|-91.85952,aoml/4903468/profiles/D4903468_176.nc,4903468,4903468,26.14793,-91.85952,2025-02-25T06:06:33Z,20250225,2025,831,0.48,99.88,85.9459,True,True,True,https://noaa-nws-rtofs-pds.s3.amazonaws.com/rtofs.20250225/rtofs_glo_3dz_f006_6hrly_hvr_US_east.nc
ARGO_GDAC,pfl,aoml/4903468/profiles/D4903468_177.nc|2025-03-02T07:35:47Z|26.13348|-92.22320,aoml/4903468/profiles/D4903468_177.nc,4903468,4903468,26.13348,-92.2232,2025-03-02T07:35:47Z,20250302,2025,1010,1.04,2009.52,15.1128,True,True,True,https://noaa-nws-rtofs-pds.s3.amazonaws.com/rtofs.20250302/rtofs_glo_3dz_f006_6hrly_hvr_US_east.nc
ARGO_GDAC,pfl,aoml/4903468/profiles/D4903468_177.nc|2025-03-02T07:35:47Z|26.13348|-92.22320,aoml/4903468/profiles/D4903468_177.nc,4903468,4903468,26.13348,-92.2232,2025-03-02T07:35:47Z,20250302,2025,771,0.6,99.88,14.9689,True,True,True,https://noaa-nws-rtofs-pds.s3.amazonaws.com/rtofs.20250302/rtofs_glo_3dz_f006_6hrly_hvr_US_east.nc
ARGO_GDAC,pfl,aoml/4903468/profiles/D4903468_178.nc|2025-03-07T08:52:29Z|26.30062|-92.29804,aoml/4903468/profiles/D4903468_178.nc,4903468,4903468,26.30062,-92.29804,2025-03-07T08:52:29Z,20250307,2025,1008,1.0,2005.8,49.4166,True,True,True,https://noaa-nws-rtofs-pds.s3.amazonaws.com/rtofs.20250307/rtofs_glo_3dz_f006_6hrly_hvr_US_east.nc
ARGO_GDAC,pfl,aoml/4903468/profiles/D4903468_178.nc|2025-03-07T08:52:29Z|26.30062|-92.29804,aoml/4903468/profiles/D4903468_178.nc,4903468,4903468,26.30062,-92.29804,2025-03-07T08:52:29Z,20250307,2025,779,0.64,100.0,49.5,True,True,True,https://noaa-nws-rtofs-pds.s3.amazonaws.com/rtofs.20250307/rtofs_glo_3dz_f006_6hrly_hvr_US_east.nc
ARGO_GDAC,pfl,aoml/4903468/profiles/D4903468_179.nc|2025-03-12T10:25:39Z|26.52191|-92.10029,aoml/4903468/profiles/D4903468_179.nc,4903468,4903468,26.52191,-92.10029,2025-03-12T10:25:39Z,20250312,2025,1010,1.0,2009.12,84.9089,True,True,True,https://noaa-nws-rtofs-pds.s3.amazonaws.com/rtofs.20250312/rtofs_glo_3dz_f006_6hrly_hvr_US_east.nc
ARGO_GDAC,pfl,aoml/4903468/profiles/D4903468_179.nc|2025-03-12T10:25:39Z|26.52191|-92.10029,aoml/4903468/profiles/D4903468_179.nc,4903468,4903468,26.52191,-92.10029,2025-03-12T10:25:39Z,20250312,2025,807,0.68,99.96,85.256,True,True,True,https://noaa-nws-rtofs-pds.s3.amazonaws.com/rtofs.20250312/rtofs_glo_3dz_f006_6hrly_hvr_US_east.nc
ARGO_GDAC,pfl,aoml/4903468/profiles/D4903468_180.nc|2025-03-17T11:54:51Z|26.60433|-92.10011,aoml/4903468/profiles/D4903468_180.nc,4903468,4903468,26.60433,-92.10011,2025-03-17T11:54:51Z,20250317,2025,917,0.4,1821.28,28.143,True,True,True,https://noaa-nws-rtofs-pds.s3.amazonaws.com/rtofs.20250317/rtofs_glo_3dz_f006_6hrly_hvr_US_east.nc
ARGO_GDAC,pfl,aoml/4903468/profiles/D4903468_180.nc|2025-03-17T11:54:51Z|26.60433|-92.10011,aoml/4903468/profiles/D4903468_180.nc,4903468,4903468,26.60433,-92.10011,2025-03-17T11:54:51Z,20250317,2025,770,0.4,99.92,28.1086,True,True,True,https://noaa-nws-rtofs-pds.s3.amazonaws.com/rtofs.20250317/rtofs_glo_3dz_f006_6hrly_hvr_US_east.nc
ARGO_GDAC,pfl,aoml/4903468/profiles/D4903468_181.nc|2025-03-22T13:27:53Z|26.76264|-92.10947,aoml/4903468/profiles/D4903468_181.nc,4903468,4903468,26.76264,-92.10947,2025-03-22T13:27:53Z,20250322,2025,906,0.96,1801.44,25.6226,True,True,True,https://noaa-nws-rtofs-pds.s3.amazonaws.com/rtofs.20250322/rtofs_glo_3dz_f006_6hrly_hvr_US_east.nc
ARGO_GDAC,pfl,aoml/4903468/profiles/D4903468_181.nc|2025-03-22T13:27:53Z|26.76264|-92.10947,aoml/4903468/profiles/D4903468_181.nc,4903468,4903468,26.76264,-92.10947,2025-03-22T13:27:53Z,20250322,2025,758,0.52,99.92,25.695,True,True,True,https://noaa-nws-rtofs-pds.s3.amazonaws.com/rtofs.20250322/rtofs_glo_3dz_f006_6hrly_hvr_US_east.nc
ARGO_GDAC,pfl,aoml/4903468/profiles/D4903468_182.nc|2025-03-27T14:56:36Z|26.73997|-91.93319,aoml/4903468/profiles/D4903468_182.nc,4903468,4903468,26.73997,-91.93319,2025-03-27T14:56:36Z,20250327,2025,940,1.28,1869.44,51.3042,True,True,True,https://noaa-nws-rtofs-pds.s3.amazonaws.com/rtofs.20250327/rtofs_glo_3dz_f006_6hrly_hvr_US_east.nc
ARGO_GDAC,pfl,aoml/4903468/profiles/D4903468_182.nc|2025-03-27T14:56:36Z|26.73997|-91.93319,aoml/4903468/profiles/D4903468_182.nc,4903468,4903468,26.73997,-91.93319,2025-03-27T14:56:36Z,20250327,2025,802,1.12,99.96,50.8134,True,True,True,https://noaa-nws-rtofs-pds.s3.amazonaws.com/rtofs.20250327/rtofs_glo_3dz_f006_6hrly_hvr_US_east.nc
ARGO_GDAC,pfl,aoml/4903468/profiles/D4903468_183.nc|2025-04-01T16:24:06Z|26.72364|-91.61356,aoml/4903468/profiles/D4903468_183.nc,4903468,4903468,26.72364,-91.61356,2025-04-01T16:24:06Z,20250401,2025,1010,1.04,2009.28,30.5259,True,True,True,https://noaa-nws-rtofs-pds.s3.amazonaws.com/rtofs.20250401/rtofs_glo_3dz_f006_6hrly_hvr_US_east.nc
ARGO_GDAC,pfl,aoml/4903468/profiles/D4903468_183.nc|2025-04-01T16:24:06Z|26.72364|-91.61356,aoml/4903468/profiles/D4903468_183.nc,4903468,4903468,26.72364,-91.61356,2025-04-01T16:24:06Z,20250401,2025,846,0.68,99.88,30.6802,True,True,True,https://noaa-nws-rtofs-pds.s3.amazonaws.com/rtofs.20250401/rtofs_glo_3dz_f006_6hrly_hvr_US_east.nc
ARGO_GDAC,pfl,aoml/4903468/profiles/D4903468_184.nc|2025-04-06T18:08:05Z|26.97669|-91.51368,aoml/4903468/profiles/D4903468_184.nc,4903468,4903468,26.97669,-91.51368,2025-04-06T18:08:05Z,20250406,2025,1005,1.04,1999.32,49.4946,True,True,True,https://noaa-nws-rtofs-pds.s3.amazonaws.com/rtofs.20250406/rtofs_glo_3dz_f006_6hrly_hvr_US_east.nc
ARGO_GDAC,pfl,aoml/4903468/profiles/D4903468_184.nc|2025-04-06T18:08:05Z|26.97669|-91.51368,aoml/4903468/profiles/D4903468_184.nc,4903468,4903468,26.97669,-91.51368,2025-04-06T18:08:05Z,20250406,2025,834,0.72,99.92,49.36,True,True,True,https://noaa-nws-rtofs-pds.s3.amazonaws.com/rtofs.20250406/rtofs_glo_3dz_f006_6hrly_hvr_US_east.nc
ARGO_GDAC,pfl,aoml/4903468/profiles/D4903468_185.nc|2025-04-11T19:27:53Z|27.02109|-91.39508,aoml/4903468/profiles/D4903468_185.nc,4903468,4903468,27.02109,-91.39508,2025-04-11T19:27:53Z,20250411,2025,895,1.08,1779.16,76.4226,True,True,True,https://noaa-nws-rtofs-pds.s3.amazonaws.com/rtofs.20250411/rtofs_glo_3dz_f006_6hrly_hvr_US_east.nc
ARGO_GDAC,pfl,aoml/4903468/profiles/D4903468_185.nc|2025-04-11T19:27:53Z|27.02109|-91.39508,aoml/4903468/profiles/D4903468_185.nc,4903468,4903468,27.02109,-91.39508,2025-04-11T19:27:53Z,20250411,2025,797,0.6,99.88,75.98,True,True,True,https://noaa-nws-rtofs-pds.s3.amazonaws.com/rtofs.20250411/rtofs_glo_3dz_f006_6hrly_hvr_US_east.nc
ARGO_GDAC,pfl,aoml/4903468/profiles/D4903468_186.nc|2025-04-16T21:02:23Z|27.00498|-91.35661,aoml/4903468/profiles/D4903468_186.nc,4903468,4903468,27.00498,-91.35661,2025-04-16T21:02:23Z,20250416,2025,928,1.04,1845.08,95.6923,True,True,True,https://noaa-nws-rtofs-pds.s3.amazonaws.com/rtofs.20250416/rtofs_glo_3dz_f006_6hrly_hvr_US_east.nc
ARGO_GDAC,pfl,aoml/4903468/profiles/D4903468_186.nc|2025-04-16T21:02:23Z|27.00498|-91.35661,aoml/4903468/profiles/D4903468_186.nc,4903468,4903468,27.00498,-91.35661,2025-04-16T21:02:23Z,20250416,2025,827,0.56,99.88,95.8398,True,True,True,https://noaa-nws-rtofs-pds.s3.amazonaws.com/rtofs.20250416/rtofs_glo_3dz_f006_6hrly_hvr_US_east.nc
ARGO_GDAC,pfl,aoml/4903468/profiles/D4903468_187.nc|2025-04-21T22:37:18Z|27.00450|-91.36112,aoml/4903468/profiles/D4903468_187.nc,4903468,4903468,27.0045,-91.36112,2025-04-21T22:37:18Z,20250421,2025,926,1.0,1841.8,68.3841,True,True,True,https://noaa-nws-rtofs-pds.s3.amazonaws.com/rtofs.20250421/rtofs_glo_3dz_f006_6hrly_hvr_US_east.nc
ARGO_GDAC,pfl,aoml/4903468/profiles/D4903468_187.nc|2025-04-21T22:37:18Z|27.00450|-91.36112,aoml/4903468/profiles/D4903468_187.nc,4903468,4903468,27.0045,-91.36112,2025-04-21T22:37:18Z,20250421,2025,819,0.6,99.96,64.6401,True,True,True,https://noaa-nws-rtofs-pds.s3.amazonaws.com/rtofs.20250421/rtofs_glo_3dz_f006_6hrly_hvr_US_east.nc
ARGO_GDAC,pfl,aoml/4903468/profiles/D4903468_188.nc|2025-04-26T23:57:35Z|27.07332|-91.36554,aoml/4903468/profiles/D4903468_188.nc,4903468,4903468,27.07332,-91.36554,2025-04-26T23:57:35Z,20250426,2025,887,1.08,1763.6,15.913,True,True,True,https://noaa-nws-rtofs-pds.s3.amazonaws.com/rtofs.20250426/rtofs_glo_3dz_f006_6hrly_hvr_US_east.nc
ARGO_GDAC,pfl,aoml/4903468/profiles/D4903468_188.nc|2025-04-26T23:57:35Z|27.07332|-91.36554,aoml/4903468/profiles/D4903468_188.nc,4903468,4903468,27.07332,-91.36554,2025-04-26T23:57:35Z,20250426,2025,822,0.64,99.96,15.9733,True,True,True,https://noaa-nws-rtofs-pds.s3.amazonaws.com/rtofs.20250426/rtofs_glo_3dz_f006_6hrly_hvr_US_east.nc
ARGO_GDAC,pfl,aoml/4903468/profiles/D4903468_189.nc|2025-05-02T01:23:10Z|26.95546|-91.01118,aoml/4903468/profiles/D4903468_189.nc,4903468,4903468,26.95546,-91.01118,2025-05-02T01:23:10Z,20250502,2025,903,1.04,1795.36,32.2259,True,True,True,https://noaa-nws-rtofs-pds.s3.amazonaws.com/rtofs.20250502/rtofs_glo_3dz_f006_6hrly_hvr_US_east.nc
ARGO_GDAC,pfl,aoml/4903468/profiles/D4903468_189.nc|2025-05-02T01:23:10Z|26.95546|-91.01118,aoml/4903468/profiles/D4903468_189.nc,4903468,4903468,26.95546,-91.01118,2025-05-02T01:23:10Z,20250502,2025,831,0.68,99.96,32.82,True,True,True,https://noaa-nws-rtofs-pds.s3.amazonaws.com/rtofs.20250502/rtofs_glo_3dz_f006_6hrly_hvr_US_east.nc
ARGO_GDAC,pfl,aoml/4903468/profiles/D4903468_190.nc|2025-05-07T02:43:59Z|26.95330|-90.94661,aoml/4903468/profiles/D4903468_190.nc,4903468,4903468,26.9533,-90.94661,2025-05-07T02:43:59Z,20250507,2025,869,0.48,1725.4,33.0154,True,True,True,https://noaa-nws-rtofs-pds.s3.amazonaws.com/rtofs.20250507/rtofs_glo_3dz_f006_6hrly_hvr_US_east.nc
ARGO_GDAC,pfl,aoml/4903468/profiles/D4903468_190.nc|2025-05-07T02:43:59Z|26.95330|-90.94661,aoml/4903468/profiles/D4903468_190.nc,4903468,4903468,26.9533,-90.94661,2025-05-07T02:43:59Z,20250507,2025,780,0.48,99.96,32.4873,True,True,True,https://noaa-nws-rtofs-pds.s3.amazonaws.com/rtofs.20250507/rtofs_glo_3dz_f006_6hrly_hvr_US_east.nc
ARGO_GDAC,pfl,aoml/4903468/profiles/D4903468_191.nc|2025-05-12T04:18:37Z|26.89622|-90.86507,aoml/4903468/profiles/D4903468_191.nc,4903468,4903468,26.89622,-90.86507,2025-05-12T04:18:37Z,20250512,2025,928,1.08,1845.72,37.9884,True,True,True,https://noaa-nws-rtofs-pds.s3.amazonaws.com/rtofs.20250512/rtofs_glo_3dz_f006_6hrly_hvr_US_east.nc
ARGO_GDAC,pfl,aoml/4903468/profiles/D4903468_191.nc|2025-05-12T04:18:37Z|26.89622|-90.86507,aoml/4903468/profiles/D4903468_191.nc,4903468,4903468,26.89622,-90.86507,2025-05-12T04:18:37Z,20250512,2025,845,0.64,99.84,38.1212,True,True,True,https://noaa-nws-rtofs-pds.s3.amazonaws.com/rtofs.20250512/rtofs_glo_3dz_f006_6hrly_hvr_US_east.nc
ARGO_GDAC,pfl,aoml/4903468/profiles/D4903468_192.nc|2025-05-17T05:41:59Z|26.97082|-90.97687,aoml/4903468/profiles/D4903468_192.nc,4903468,4903468,26.97082,-90.97687,2025-05-17T05:41:59Z,20250517,2025,861,1.0,1711.48,37.8737,True,True,True,https://noaa-nws-rtofs-pds.s3.amazonaws.com/rtofs.20250517/rtofs_glo_3dz_f006_6hrly_hvr_US_east.nc
ARGO_GDAC,pfl,aoml/4903468/profiles/D4903468_192.nc|2025-05-17T05:41:59Z|26.97082|-90.97687,aoml/4903468/profiles/D4903468_192.nc,4903468,4903468,26.97082,-90.97687,2025-05-17T05:41:59Z,20250517,2025,794,0.6,100.0,38.36,True,True,True,https://noaa-nws-rtofs-pds.s3.amazonaws.com/rtofs.20250517/rtofs_glo_3dz_f006_6hrly_hvr_US_east.nc
ARGO_GDAC,pfl,aoml/4903468/profiles/D4903468_193.nc|2025-05-22T07:05:48Z|27.11465|-90.85681,aoml/4903468/profiles/D4903468_193.nc,4903468,4903468,27.11465,-90.85681,2025-05-22T07:05:48Z,20250522,2025,888,1.04,1765.68,15.4022,True,True,True,https://noaa-nws-rtofs-pds.s3.amazonaws.com/rtofs.20250522/rtofs_glo_3dz_f006_6hrly_hvr_US_east.nc
ARGO_GDAC,pfl,aoml/4903468/profiles/D4903468_193.nc|2025-05-22T07:05:48Z|27.11465|-90.85681,aoml/4903468/profiles/D4903468_193.nc,4903468,4903468,27.11465,-90.85681,2025-05-22T07:05:48Z,20250522,2025,867,0.64,100.0,15.6533,True,True,True,https://noaa-nws-rtofs-pds.s3.amazonaws.com/rtofs.20250522/rtofs_glo_3dz_f006_6hrly_hvr_US_east.nc
ARGO_GDAC,pfl,aoml/4903468/profiles/D4903468_194.nc|2025-05-27T08:11:54Z|27.07080|-90.54433,aoml/4903468/profiles/D4903468_194.nc,4903468,4903468,27.0708,-90.54433,2025-05-27T08:11:54Z,20250527,2025,853,1.04,1695.56,13.3575,True,True,True,https://noaa-nws-rtofs-pds.s3.amazonaws.com/rtofs.20250527/rtofs_glo_3dz_f006_6hrly_hvr_US_east.nc
ARGO_GDAC,pfl,aoml/4903468/profiles/D4903468_194.nc|2025-05-27T08:11:54Z|27.07080|-90.54433,aoml/4903468/profiles/D4903468_194.nc,4903468,4903468,27.0708,-90.54433,2025-05-27T08:11:54Z,20250527,2025,874,0.64,99.88,13.6376,True,True,True,https://noaa-nws-rtofs-pds.s3.amazonaws.com/rtofs.20250527/rtofs_glo_3dz_f006_6hrly_hvr_US_east.nc
ARGO_GDAC,pfl,aoml/4903468/profiles/D4903468_195.nc|2025-06-01T08:56:43Z|27.12616|-90.55289,aoml/4903468/profiles/D4903468_195.nc,4903468,4903468,27.12616,-90.55289,2025-06-01T08:56:43Z,20250601,2025,733,1.04,1455.56,16.0314,True,True,True,https://noaa-nws-rtofs-pds.s3.amazonaws.com/rtofs.20250601/rtofs_glo_3dz_f006_6hrly_hvr_US_east.nc
ARGO_GDAC,pfl,aoml/4903468/profiles/D4903468_195.nc|2025-06-01T08:56:43Z|27.12616|-90.55289,aoml/4903468/profiles/D4903468_195.nc,4903468,4903468,27.12616,-90.55289,2025-06-01T08:56:43Z,20250601,2025,898,0.68,100.0,16.205,True,True,True,https://noaa-nws-rtofs-pds.s3.amazonaws.com/rtofs.20250601/rtofs_glo_3dz_f006_6hrly_hvr_US_east.nc
ARGO_GDAC,pfl,aoml/4903468/profiles/D4903468_196.nc|2025-06-06T09:42:25Z|27.12119|-90.55282,aoml/4903468/profiles/D4903468_196.nc,4903468,4903468,27.12119,-90.55282,2025-06-06T09:42:25Z,20250606,2025,747,1.0,1483.88,18.544,True,True,True,https://noaa-nws-rtofs-pds.s3.amazonaws.com/rtofs.20250606/rtofs_glo_3dz_f006_6hrly_hvr_US_east.nc
ARGO_GDAC,pfl,aoml/4903468/profiles/D4903468_196.nc|2025-06-06T09:42:25Z|27.12119|-90.55282,aoml/4903468/profiles/D4903468_196.nc,4903468,4903468,27.12119,-90.55282,2025-06-06T09:42:25Z,20250606,2025,967,0.52,99.96,19.28,True,True,True,https://noaa-nws-rtofs-pds.s3.amazonaws.com/rtofs.20250606/rtofs_glo_3dz_f006_6hrly_hvr_US_east.nc
ARGO_GDAC,pfl,aoml/4903468/profiles/D4903468_197.nc|2025-06-11T10:11:42Z|27.12301|-90.56740,aoml/4903468/profiles/D4903468_197.nc,4903468,4903468,27.12301,-90.5674,2025-06-11T10:11:42Z,20250611,2025,702,0.48,1391.12,15.876,True,True,True,https://noaa-nws-rtofs-pds.s3.amazonaws.com/rtofs.20250611/rtofs_glo_3dz_f006_6hrly_hvr_US_east.nc
ARGO_GDAC,pfl,aoml/4903468/profiles/D4903468_197.nc|2025-06-11T10:11:42Z|27.12301|-90.56740,aoml/4903468/profiles/D4903468_197.nc,4903468,4903468,27.12301,-90.5674,2025-06-11T10:11:42Z,20250611,2025,984,0.48,99.88,15.84,True,True,True,https://noaa-nws-rtofs-pds.s3.amazonaws.com/rtofs.20250611/rtofs_glo_3dz_f006_6hrly_hvr_US_east.nc
ARGO_GDAC,pfl,aoml/4903468/profiles/D4903468_198.nc|2025-06-16T10:53:13Z|27.20607|-90.57409,aoml/4903468/profiles/D4903468_198.nc,4903468,4903468,27.20607,-90.57409,2025-06-16T10:53:13Z,20250616,2025,741,0.96,1471.84,14.0023,True,True,True,https://noaa-nws-rtofs-pds.s3.amazonaws.com/rtofs.20250616/rtofs_glo_3dz_f006_6hrly_hvr_US_east.nc
ARGO_GDAC,pfl,aoml/4903468/profiles/D4903468_198.nc|2025-06-16T10:53:13Z|27.20607|-90.57409,aoml/4903468/profiles/D4903468_198.nc,4903468,4903468,27.20607,-90.57409,2025-06-16T10:53:13Z,20250616,2025,940,0.6,99.96,13.8347,True,True,True,https://noaa-nws-rtofs-pds.s3.amazonaws.com/rtofs.20250616/rtofs_glo_3dz_f006_6hrly_hvr_US_east.nc
ARGO_GDAC,pfl,aoml/4903468/profiles/D4903468_199.nc|2025-06-21T11:57:07Z|27.17098|-90.64983,aoml/4903468/profiles/D4903468_199.nc,4903468,4903468,27.17098,-90.64983,2025-06-21T11:57:07Z,20250621,2025,805,1.0,1599.72,18.3199,True,True,True,https://noaa-nws-rtofs-pds.s3.amazonaws.com/rtofs.20250621/rtofs_glo_3dz_f006_6hrly_hvr_US_east.nc
ARGO_GDAC,pfl,aoml/4903468/profiles/D4903468_199.nc|2025-06-21T11:57:07Z|27.17098|-90.64983,aoml/4903468/profiles/D4903468_199.nc,4903468,4903468,27.17098,-90.64983,2025-06-21T11:57:07Z,20250621,2025,920,0.56,99.88,18.9747,True,True,True,https://noaa-nws-rtofs-pds.s3.amazonaws.com/rtofs.20250621/rtofs_glo_3dz_f006_6hrly_hvr_US_east.nc
ARGO_GDAC,pfl,aoml/4903468/profiles/D4903468_200.nc|2025-06-26T13:12:29Z|27.07545|-90.70458,aoml/4903468/profiles/D4903468_200.nc,4903468,4903468,27.07545,-90.70458,2025-06-26T13:12:29Z,20250626,2025,859,1.04,1707.16,21.1063,True,True,True,https://noaa-nws-rtofs-pds.s3.amazonaws.com/rtofs.20250626/rtofs_glo_3dz_f006_6hrly_hvr_US_east.nc
ARGO_GDAC,pfl,aoml/4903468/profiles/D4903468_200.nc|2025-06-26T13:12:29Z|27.07545|-90.70458,aoml/4903468/profiles/D4903468_200.nc,4903468,4903468,27.07545,-90.70458,2025-06-26T13:12:29Z,20250626,2025,896,0.56,99.92,21.578,True,True,True,https://noaa-nws-rtofs-pds.s3.amazonaws.com/rtofs.20250626/rtofs_glo_3dz_f006_6hrly_hvr_US_east.nc
ARGO_GDAC,pfl,aoml/4903468/profiles/D4903468_201.nc|2025-07-01T14:33:09Z|27.12416|-90.88258,aoml/4903468/profiles/D4903468_201.nc,4903468,4903468,27.12416,-90.88258,2025-07-01T14:33:09Z,20250701,2025,902,0.48,1791.8,18.6509,True,True,True,https://noaa-nws-rtofs-pds.s3.amazonaws.com/rtofs.20250701/rtofs_glo_3dz_f006_6hrly_hvr_US_east.nc
ARGO_GDAC,pfl,aoml/4903468/profiles/D4903468_201.nc|2025-07-01T14:33:09Z|27.12416|-90.88258,aoml/4903468/profiles/D4903468_201.nc,4903468,4903468,27.12416,-90.88258,2025-07-01T14:33:09Z,20250701,2025,881,0.48,100.0,18.8141,True,True,True,https://noaa-nws-rtofs-pds.s3.amazonaws.com/rtofs.20250701/rtofs_glo_3dz_f006_6hrly_hvr_US_east.nc
ARGO_GDAC,pfl,aoml/4903468/profiles/D4903468_202.nc|2025-07-06T15:38:01Z|27.07553|-90.79580,aoml/4903468/profiles/D4903468_202.nc,4903468,4903468,27.07553,-90.7958,2025-07-06T15:38:01Z,20250706,2025,823,0.96,1635.44,22.461,True,True,True,https://noaa-nws-rtofs-pds.s3.amazonaws.com/rtofs.20250706/rtofs_glo_3dz_f006_6hrly_hvr_US_east.nc
ARGO_GDAC,pfl,aoml/4903468/profiles/D4903468_202.nc|2025-07-06T15:38:01Z|27.07553|-90.79580,aoml/4903468/profiles/D4903468_202.nc,4903468,4903468,27.07553,-90.7958,2025-07-06T15:38:01Z,20250706,2025,994,0.52,99.92,23.1061,True,True,True,https://noaa-nws-rtofs-pds.s3.amazonaws.com/rtofs.20250706/rtofs_glo_3dz_f006_6hrly_hvr_US_east.nc
ARGO_GDAC,pfl,aoml/4903468/profiles/D4903468_203.nc|2025-07-11T16:43:21Z|27.11574|-90.80678,aoml/4903468/profiles/D4903468_203.nc,4903468,4903468,27.11574,-90.80678,2025-07-11T16:43:21Z,20250711,2025,827,1.04,1643.6,12.2756,True,True,True,https://noaa-nws-rtofs-pds.s3.amazonaws.com/rtofs.20250711/rtofs_glo_3dz_f006_6hrly_hvr_US_east.nc
ARGO_GDAC,pfl,aoml/4903468/profiles/D4903468_203.nc|2025-07-11T16:43:21Z|27.11574|-90.80678,aoml/4903468/profiles/D4903468_203.nc,4903468,4903468,27.11574,-90.80678,2025-07-11T16:43:21Z,20250711,2025,959,0.6,100.0,11.9867,True,True,True,https://noaa-nws-rtofs-pds.s3.amazonaws.com/rtofs.20250711/rtofs_glo_3dz_f006_6hrly_hvr_US_east.nc
ARGO_GDAC,pfl,aoml/4903468/profiles/D4903468_204.nc|2025-07-16T18:06:29Z|27.15474|-90.87903,aoml/4903468/profiles/D4903468_204.nc,4903468,4903468,27.15474,-90.87903,2025-07-16T18:06:29Z,20250716,2025,893,1.28,1775.6,17.6851,True,True,True,https://noaa-nws-rtofs-pds.s3.amazonaws.com/rtofs.20250716/rtofs_glo_3dz_f006_6hrly_hvr_US_east.nc
ARGO_GDAC,pfl,aoml/4903468/profiles/D4903468_204.nc|2025-07-16T18:06:29Z|27.15474|-90.87903,aoml/4903468/profiles/D4903468_204.nc,4903468,4903468,27.15474,-90.87903,2025-07-16T18:06:29Z,20250716,2025,998,1.16,99.92,17.7387,True,True,True,https://noaa-nws-rtofs-pds.s3.amazonaws.com/rtofs.20250716/rtofs_glo_3dz_f006_6hrly_hvr_US_east.nc
ARGO_GDAC,pfl,aoml/4903468/profiles/D4903468_205.nc|2025-07-21T19:38:33Z|27.14553|-90.88777,aoml/4903468/profiles/D4903468_205.nc,4903468,4903468,27.14553,-90.88777,2025-07-21T19:38:33Z,20250721,2025,897,0.96,1783.64,13.785,True,True,True,https://noaa-nws-rtofs-pds.s3.amazonaws.com/rtofs.20250721/rtofs_glo_3dz_f006_6hrly_hvr_US_east.nc
ARGO_GDAC,pfl,aoml/4903468/profiles/D4903468_205.nc|2025-07-21T19:38:33Z|27.14553|-90.88777,aoml/4903468/profiles/D4903468_205.nc,4903468,4903468,27.14553,-90.88777,2025-07-21T19:38:33Z,20250721,2025,950,0.52,100.0,13.9164,True,True,True,https://noaa-nws-rtofs-pds.s3.amazonaws.com/rtofs.20250721/rtofs_glo_3dz_f006_6hrly_hvr_US_east.nc
ARGO_GDAC,pfl,aoml/4903468/profiles/D4903468_206.nc|2025-07-26T20:52:21Z|27.07023|-90.85774,aoml/4903468/profiles/D4903468_206.nc,4903468,4903468,27.07023,-90.85774,2025-07-26T20:52:21Z,20250726,2025,831,1.0,1651.76,16.5315,True,True,True,https://noaa-nws-rtofs-pds.s3.amazonaws.com/rtofs.20250726/rtofs_glo_3dz_f006_6hrly_hvr_US_east.nc
ARGO_GDAC,pfl,aoml/4903468/profiles/D4903468_206.nc|2025-07-26T20:52:21Z|27.07023|-90.85774,aoml/4903468/profiles/D4903468_206.nc,4903468,4903468,27.07023,-90.85774,2025-07-26T20:52:21Z,20250726,2025,978,0.72,99.92,17.1662,True,True,True,https://noaa-nws-rtofs-pds.s3.amazonaws.com/rtofs.20250726/rtofs_glo_3dz_f006_6hrly_hvr_US_east.nc
ARGO_GDAC,pfl,aoml/4903468/profiles/D4903468_207.nc|2025-07-31T22:04:02Z|26.98568|-90.78550,aoml/4903468/profiles/D4903468_207.nc,4903468,4903468,26.98568,-90.7855,2025-07-31T22:04:02Z,20250731,2025,837,1.08,1663.68,20.1755,True,True,True,https://noaa-nws-rtofs-pds.s3.amazonaws.com/rtofs.20250731/rtofs_glo_3dz_f006_6hrly_hvr_US_east.nc
ARGO_GDAC,pfl,aoml/4903468/profiles/D4903468_207.nc|2025-07-31T22:04:02Z|26.98568|-90.78550,aoml/4903468/profiles/D4903468_207.nc,4903468,4903468,26.98568,-90.7855,2025-07-31T22:04:02Z,20250731,2025,940,0.72,100.0,20.432,True,True,True,https://noaa-nws-rtofs-pds.s3.amazonaws.com/rtofs.20250731/rtofs_glo_3dz_f006_6hrly_hvr_US_east.nc
ARGO_GDAC,pfl,aoml/4903468/profiles/D4903468_208.nc|2025-08-05T23:14:01Z|26.96027|-90.81256,aoml/4903468/profiles/D4903468_208.nc,4903468,4903468,26.96027,-90.81256,2025-08-05T23:14:01Z,20250805,2025,838,1.16,1665.24,16.6028,True,True,True,https://noaa-nws-rtofs-pds.s3.amazonaws.com/rtofs.20250805/rtofs_glo_3dz_f006_6hrly_hvr_US_east.nc
ARGO_GDAC,pfl,aoml/4903468/profiles/D4903468_208.nc|2025-08-05T23:14:01Z|26.96027|-90.81256,aoml/4903468/profiles/D4903468_208.nc,4903468,4903468,26.96027,-90.81256,2025-08-05T23:14:01Z,20250805,2025,920,0.88,99.92,16.9599,True,True,True,https://noaa-nws-rtofs-pds.s3.amazonaws.com/rtofs.20250805/rtofs_glo_3dz_f006_6hrly_hvr_US_east.nc
ARGO_GDAC,pfl,aoml/4903468/profiles/D4903468_209.nc|2025-08-11T00:51:04Z|26.92137|-90.91146,aoml/4903468/profiles/D4903468_209.nc,4903468,4903468,26.92137,-90.91146,2025-08-11T00:51:04Z,20250811,2025,919,1.28,1827.68,20.0789,True,True,True,https://noaa-nws-rtofs-pds.s3.amazonaws.com/rtofs.20250811/rtofs_glo_3dz_f006_6hrly_hvr_US_east.nc
ARGO_GDAC,pfl,aoml/4903468/profiles/D4903468_209.nc|2025-08-11T00:51:04Z|26.92137|-90.91146,aoml/4903468/profiles/D4903468_209.nc,4903468,4903468,26.92137,-90.91146,2025-08-11T00:51:04Z,20250811,2025,1020,2.4,99.92,13.76,True,True,True,https://noaa-nws-rtofs-pds.s3.amazonaws.com/rtofs.20250811/rtofs_glo_3dz_f006_6hrly_hvr_US_east.nc
ARGO_GDAC,pfl,aoml/4903468/profiles/D4903468_210.nc|2025-08-16T01:57:32Z|27.03894|-90.97793,aoml/4903468/profiles/D4903468_210.nc,4903468,4903468,27.03894,-90.97793,2025-08-16T01:57:32Z,20250816,2025,820,3.44,1633.64,11.3866,True,True,True,https://noaa-nws-rtofs-pds.s3.amazonaws.com/rtofs.20250816/rtofs_glo_3dz_f006_6hrly_hvr_US_east.nc
ARGO_GDAC,pfl,aoml/4903468/profiles/D4903468_210.nc|2025-08-16T01:57:32Z|27.03894|-90.97793,aoml/4903468/profiles/D4903468_210.nc,4903468,4903468,27.03894,-90.97793,2025-08-16T01:57:32Z,20250816,2025,1020,3.36,99.96,11.3664,True,True,True,https://noaa-nws-rtofs-pds.s3.amazonaws.com/rtofs.20250816/rtofs_glo_3dz_f006_6hrly_hvr_US_east.nc
ARGO_GDAC,pfl,aoml/4903468/profiles/D4903468_211.nc|2025-08-21T03:04:55Z|27.05867|-91.01703,aoml/4903468/profiles/D4903468_211.nc,4903468,4903468,27.05867,-91.01703,2025-08-21T03:04:55Z,20250821,2025,830,1.0,1649.72,14.4571,True,True,True,https://noaa-nws-rtofs-pds.s3.amazonaws.com/rtofs.20250821/rtofs_glo_3dz_f006_6hrly_hvr_US_east.nc
ARGO_GDAC,pfl,aoml/4903468/profiles/D4903468_211.nc|2025-08-21T03:04:55Z|27.05867|-91.01703,aoml/4903468/profiles/D4903468_211.nc,4903468,4903468,27.05867,-91.01703,2025-08-21T03:04:55Z,20250821,2025,928,0.64,99.96,14.4024,True,True,True,https://noaa-nws-rtofs-pds.s3.amazonaws.com/rtofs.20250821/rtofs_glo_3dz_f006_6hrly_hvr_US_east.nc
ARGO_GDAC,pfl,aoml/4903468/profiles/D4903468_212.nc|2025-08-26T04:12:33Z|26.99443|-90.91969,aoml/4903468/profiles/D4903468_212.nc,4903468,4903468,26.99443,-90.91969,2025-08-26T04:12:33Z,20250826,2025,838,1.44,1665.36,11.9337,True,True,True,https://noaa-nws-rtofs-pds.s3.amazonaws.com/rtofs.20250826/rtofs_glo_3dz_f006_6hrly_hvr_US_east.nc
ARGO_GDAC,pfl,aoml/4903468/profiles/D4903468_212.nc|2025-08-26T04:12:33Z|26.99443|-90.91969,aoml/4903468/profiles/D4903468_212.nc,4903468,4903468,26.99443,-90.91969,2025-08-26T04:12:33Z,20250826,2025,1020,1.96,100.0,12.0582,True,True,True,https://noaa-nws-rtofs-pds.s3.amazonaws.com/rtofs.20250826/rtofs_glo_3dz_f006_6hrly_hvr_US_east.nc
ARGO_GDAC,pfl,aoml/4903468/profiles/D4903468_213.nc|2025-08-31T05:47:56Z|26.99176|-91.01910,aoml/4903468/profiles/D4903468_213.nc,4903468,4903468,26.99176,-91.0191,2025-08-31T05:47:56Z,20250831,2025,908,1.12,1805.44,12.3189,True,True,True,https://noaa-nws-rtofs-pds.s3.amazonaws.com/rtofs.20250831/rtofs_glo_3dz_f006_6hrly_hvr_US_east.nc
ARGO_GDAC,pfl,aoml/4903468/profiles/D4903468_213.nc|2025-08-31T05:47:56Z|26.99176|-91.01910,aoml/4903468/profiles/D4903468_213.nc,4903468,4903468,26.99176,-91.0191,2025-08-31T05:47:56Z,20250831,2025,1008,0.72,99.96,12.5718,True,True,True,https://noaa-nws-rtofs-pds.s3.amazonaws.com/rtofs.20250831/rtofs_glo_3dz_f006_6hrly_hvr_US_east.nc
ARGO_GDAC,pfl,aoml/4903468/profiles/D4903468_214.nc|2025-09-05T07:30:56Z|27.07887|-91.06966,aoml/4903468/profiles/D4903468_214.nc,4903468,4903468,27.07887,-91.06966,2025-09-05T07:30:56Z,20250905,2025,936,4.36,1867.56,20.4261,True,True,True,https://noaa-nws-rtofs-pds.s3.amazonaws.com/rtofs.20250905/rtofs_glo_3dz_f006_6hrly_hvr_US_east.nc
ARGO_GDAC,pfl,aoml/4903468/profiles/D4903468_214.nc|2025-09-05T07:30:56Z|27.07887|-91.06966,aoml/4903468/profiles/D4903468_214.nc,4903468,4903468,27.07887,-91.06966,2025-09-05T07:30:56Z,20250905,2025,1020,6.04,99.96,10.1936,True,True,True,https://noaa-nws-rtofs-pds.s3.amazonaws.com/rtofs.20250905/rtofs_glo_3dz_f006_6hrly_hvr_US_east.nc
ARGO_GDAC,pfl,aoml/4903468/profiles/D4903468_215.nc|2025-09-10T08:54:22Z|27.05967|-91.20334,aoml/4903468/profiles/D4903468_215.nc,4903468,4903468,27.05967,-91.20334,2025-09-10T08:54:22Z,20250910,2025,864,1.12,1717.68,18.3454,True,True,True,https://noaa-nws-rtofs-pds.s3.amazonaws.com/rtofs.20250910/rtofs_glo_3dz_f006_6hrly_hvr_US_east.nc
ARGO_GDAC,pfl,aoml/4903468/profiles/D4903468_215.nc|2025-09-10T08:54:22Z|27.05967|-91.20334,aoml/4903468/profiles/D4903468_215.nc,4903468,4903468,27.05967,-91.20334,2025-09-10T08:54:22Z,20250910,2025,943,0.76,99.96,18.776,True,True,True,https://noaa-nws-rtofs-pds.s3.amazonaws.com/rtofs.20250910/rtofs_glo_3dz_f006_6hrly_hvr_US_east.nc
ARGO_GDAC,pfl,aoml/4903468/profiles/D4903468_216.nc|2025-09-15T10:03:59Z|27.16608|-91.06915,aoml/4903468/profiles/D4903468_216.nc,4903468,4903468,27.16608,-91.06915,2025-09-15T10:03:59Z,20250915,2025,832,1.04,1653.72,28.5501,True,True,True,https://noaa-nws-rtofs-pds.s3.amazonaws.com/rtofs.20250915/rtofs_glo_3dz_f006_6hrly_hvr_US_east.nc
ARGO_GDAC,pfl,aoml/4903468/profiles/D4903468_216.nc|2025-09-15T10:03:59Z|27.16608|-91.06915,aoml/4903468/profiles/D4903468_216.nc,4903468,4903468,27.16608,-91.06915,2025-09-15T10:03:59Z,20250915,2025,939,0.68,99.96,29.4422,True,True,True,https://noaa-nws-rtofs-pds.s3.amazonaws.com/rtofs.20250915/rtofs_glo_3dz_f006_6hrly_hvr_US_east.nc
ARGO_GDAC,pfl,aoml/4903468/profiles/D4903468_217.nc|2025-09-20T11:13:40Z|27.06452|-91.02683,aoml/4903468/profiles/D4903468_217.nc,4903468,4903468,27.06452,-91.02683,2025-09-20T11:13:40Z,20250920,2025,830,0.48,1647.32,28.0851,True,True,True,https://noaa-nws-rtofs-pds.s3.amazonaws.com/rtofs.20250920/rtofs_glo_3dz_f006_6hrly_hvr_US_east.nc
ARGO_GDAC,pfl,aoml/4903468/profiles/D4903468_217.nc|2025-09-20T11:13:40Z|27.06452|-91.02683,aoml/4903468/profiles/D4903468_217.nc,4903468,4903468,27.06452,-91.02683,2025-09-20T11:13:40Z,20250920,2025,917,0.48,99.96,28.295,True,True,True,https://noaa-nws-rtofs-pds.s3.amazonaws.com/rtofs.20250920/rtofs_glo_3dz_f006_6hrly_hvr_US_east.nc
ARGO_GDAC,pfl,aoml/4903468/profiles/D4903468_218.nc|2025-09-25T12:09:30Z|27.20855|-90.96201,aoml/4903468/profiles/D4903468_218.nc,4903468,4903468,27.20855,-90.96201,2025-09-25T12:09:30Z,20250925,2025,806,0.48,1599.76,30.4967,True,True,True,https://noaa-nws-rtofs-pds.s3.amazonaws.com/rtofs.20250925/rtofs_glo_3dz_f006_6hrly_hvr_US_east.nc
ARGO_GDAC,pfl,aoml/4903468/profiles/D4903468_218.nc|2025-09-25T12:09:30Z|27.20855|-90.96201,aoml/4903468/profiles/D4903468_218.nc,4903468,4903468,27.20855,-90.96201,2025-09-25T12:09:30Z,20250925,2025,924,0.48,99.96,30.3333,True,True,True,https://noaa-nws-rtofs-pds.s3.amazonaws.com/rtofs.20250925/rtofs_glo_3dz_f006_6hrly_hvr_US_east.nc
ARGO_GDAC,pfl,aoml/4903468/profiles/D4903468_219.nc|2025-09-30T12:49:51Z|27.20848|-90.85585,aoml/4903468/profiles/D4903468_219.nc,4903468,4903468,27.20848,-90.85585,2025-09-30T12:49:51Z,20250930,2025,744,0.48,1475.36,22.828,True,True,True,https://noaa-nws-rtofs-pds.s3.amazonaws.com/rtofs.20250930/rtofs_glo_3dz_f006_6hrly_hvr_US_east.nc
ARGO_GDAC,pfl,aoml/4903468/profiles/D4903468_219.nc|2025-09-30T12:49:51Z|27.20848|-90.85585,aoml/4903468/profiles/D4903468_219.nc,4903468,4903468,27.20848,-90.85585,2025-09-30T12:49:51Z,20250930,2025,963,0.48,99.88,22.9725,True,True,True,https://noaa-nws-rtofs-pds.s3.amazonaws.com/rtofs.20250930/rtofs_glo_3dz_f006_6hrly_hvr_US_east.nc
ARGO_GDAC,pfl,aoml/4903468/profiles/D4903468_220.nc|2025-10-05T14:13:03Z|27.14408|-90.86637,aoml/4903468/profiles/D4903468_220.nc,4903468,4903468,27.14408,-90.86637,2025-10-05T14:13:03Z,20251005,2025,906,1.0,1801.48,33.9631,True,True,True,https://noaa-nws-rtofs-pds.s3.amazonaws.com/rtofs.20251005/rtofs_glo_3dz_f006_6hrly_hvr_US_east.nc
ARGO_GDAC,pfl,aoml/4903468/profiles/D4903468_220.nc|2025-10-05T14:13:03Z|27.14408|-90.86637,aoml/4903468/profiles/D4903468_220.nc,4903468,4903468,27.14408,-90.86637,2025-10-05T14:13:03Z,20251005,2025,941,0.56,100.0,34.13,True,True,True,https://noaa-nws-rtofs-pds.s3.amazonaws.com/rtofs.20251005/rtofs_glo_3dz_f006_6hrly_hvr_US_east.nc
ARGO_GDAC,pfl,aoml/4903468/profiles/R4903468_221.nc|2025-10-10T15:20:09Z|27.18628|-91.15826,aoml/4903468/profiles/R4903468_221.nc,4903468,4903468,27.18628,-91.15826,2025-10-10T15:20:09Z,20251010,2025,823,1.04,1635.76,34.5341,True,True,True,https://noaa-nws-rtofs-pds.s3.amazonaws.com/rtofs.20251010/rtofs_glo_3dz_f006_6hrly_hvr_US_east.nc
ARGO_GDAC,pfl,aoml/4903468/profiles/R4903468_221.nc|2025-10-10T15:20:09Z|27.18628|-91.15826,aoml/4903468/profiles/R4903468_221.nc,4903468,4903468,27.18628,-91.15826,2025-10-10T15:20:09Z,20251010,2025,972,0.6,99.92,35.635,True,True,True,https://noaa-nws-rtofs-pds.s3.amazonaws.com/rtofs.20251010/rtofs_glo_3dz_f006_6hrly_hvr_US_east.nc
ARGO_GDAC,pfl,aoml/4903468/profiles/R4903468_222.nc|2025-10-15T15:57:13Z|27.18902|-91.18092,aoml/4903468/profiles/R4903468_222.nc,4903468,4903468,27.18902,-91.18092,2025-10-15T15:57:13Z,20251015,2025,720,0.92,1429.28,39.0216,True,True,True,https://noaa-nws-rtofs-pds.s3.amazonaws.com/rtofs.20251015/rtofs_glo_3dz_f006_6hrly_hvr_US_east.nc
ARGO_GDAC,pfl,aoml/4903468/profiles/R4903468_222.nc|2025-10-15T15:57:13Z|27.18902|-91.18092,aoml/4903468/profiles/R4903468_222.nc,4903468,4903468,27.18902,-91.18092,2025-10-15T15:57:13Z,20251015,2025,873,0.52,99.92,40.3016,True,True,True,https://noaa-nws-rtofs-pds.s3.amazonaws.com/rtofs.20251015/rtofs_glo_3dz_f006_6hrly_hvr_US_east.nc
ARGO_GDAC,pfl,aoml/4903468/profiles/R4903468_223.nc|2025-10-20T16:34:04Z|27.19114|-91.19080,aoml/4903468/profiles/R4903468_223.nc,4903468,4903468,27.19114,-91.1908,2025-10-20T16:34:04Z,20251020,2025,718,1.0,1425.6,46.552,True,True,True,https://noaa-nws-rtofs-pds.s3.amazonaws.com/rtofs.20251020/rtofs_glo_3dz_f006_6hrly_hvr_US_east.nc
ARGO_GDAC,pfl,aoml/4903468/profiles/R4903468_223.nc|2025-10-20T16:34:04Z|27.19114|-91.19080,aoml/4903468/profiles/R4903468_223.nc,4903468,4903468,27.19114,-91.1908,2025-10-20T16:34:04Z,20251020,2025,927,0.6,100.0,47.6261,True,True,True,https://noaa-nws-rtofs-pds.s3.amazonaws.com/rtofs.20251020/rtofs_glo_3dz_f006_6hrly_hvr_US_east.nc
ARGO_GDAC,pfl,aoml/4903468/profiles/R4903468_224.nc|2025-10-25T17:03:43Z|27.21534|-91.18828,aoml/4903468/profiles/R4903468_224.nc,4903468,4903468,27.21534,-91.18828,2025-10-25T17:03:43Z,20251025,2025,712,0.48,1411.4,51.9623,True,True,True,https://noaa-nws-rtofs-pds.s3.amazonaws.com/rtofs.20251025/rtofs_glo_3dz_f006_6hrly_hvr_US_east.nc
ARGO_GDAC,pfl,aoml/4903468/profiles/R4903468_224.nc|2025-10-25T17:03:43Z|27.21534|-91.18828,aoml/4903468/profiles/R4903468_224.nc,4903468,4903468,27.21534,-91.18828,2025-10-25T17:03:43Z,20251025,2025,892,0.48,99.92,52.21,True,True,True,https://noaa-nws-rtofs-pds.s3.amazonaws.com/rtofs.20251025/rtofs_glo_3dz_f006_6hrly_hvr_US_east.nc
ARGO_GDAC,pfl,aoml/4903468/profiles/R4903468_225.nc|2025-10-30T17:36:17Z|27.23580|-91.16730,aoml/4903468/profiles/R4903468_225.nc,4903468,4903468,27.2358,-91.1673,2025-10-30T17:36:17Z,20251030,2025,707,1.04,1403.08,60.2337,True,True,True,https://noaa-nws-rtofs-pds.s3.amazonaws.com/rtofs.20251030/rtofs_glo_3dz_f006_6hrly_hvr_US_east.nc
ARGO_GDAC,pfl,aoml/4903468/profiles/R4903468_225.nc|2025-10-30T17:36:17Z|27.23580|-91.16730,aoml/4903468/profiles/R4903468_225.nc,4903468,4903468,27.2358,-91.1673,2025-10-30T17:36:17Z,20251030,2025,882,0.56,99.92,60.97,True,True,True,https://noaa-nws-rtofs-pds.s3.amazonaws.com/rtofs.20251030/rtofs_glo_3dz_f006_6hrly_hvr_US_east.nc
ARGO_GDAC,pfl,aoml/4903468/profiles/R4903468_226.nc|2025-11-04T18:12:40Z|27.25968|-91.16307,aoml/4903468/profiles/R4903468_226.nc,4903468,4903468,27.25968,-91.16307,2025-11-04T18:12:40Z,20251104,2025,729,1.0,1447.12,62.226,True,True,True,https://noaa-nws-rtofs-pds.s3.amazonaws.com/rtofs.20251104/rtofs_glo_3dz_f006_6hrly_hvr_US_east.nc
ARGO_GDAC,pfl,aoml/4903468/profiles/R4903468_226.nc|2025-11-04T18:12:40Z|27.25968|-91.16307,aoml/4903468/profiles/R4903468_226.nc,4903468,4903468,27.25968,-91.16307,2025-11-04T18:12:40Z,20251104,2025,884,0.6,99.92,62.9927,True,True,True,https://noaa-nws-rtofs-pds.s3.amazonaws.com/rtofs.20251104/rtofs_glo_3dz_f006_6hrly_hvr_US_east.nc
ARGO_GDAC,pfl,aoml/4903468/profiles/R4903468_227.nc|2025-11-09T19:14:40Z|27.28602|-91.10176,aoml/4903468/profiles/R4903468_227.nc,4903468,4903468,27.28602,-91.10176,2025-11-09T19:14:40Z,20251109,2025,839,1.04,1667.68,19.8416,True,True,True,https://noaa-nws-rtofs-pds.s3.amazonaws.com/rtofs.20251109/rtofs_glo_3dz_f006_6hrly_hvr_US_east.nc
ARGO_GDAC,pfl,aoml/4903468/profiles/R4903468_227.nc|2025-11-09T19:14:40Z|27.28602|-91.10176,aoml/4903468/profiles/R4903468_227.nc,4903468,4903468,27.28602,-91.10176,2025-11-09T19:14:40Z,20251109,2025,807,0.56,99.92,19.8816,True,True,True,https://noaa-nws-rtofs-pds.s3.amazonaws.com/rtofs.20251109/rtofs_glo_3dz_f006_6hrly_hvr_US_east.nc
ARGO_GDAC,pfl,aoml/4903468/profiles/R4903468_228.nc|2025-11-14T20:28:31Z|27.31400|-91.15662,aoml/4903468/profiles/R4903468_228.nc,4903468,4903468,27.314,-91.15662,2025-11-14T20:28:31Z,20251114,2025,850,0.96,1689.32,46.4568,True,True,True,https://noaa-nws-rtofs-pds.s3.amazonaws.com/rtofs.20251114/rtofs_glo_3dz_f006_6hrly_hvr_US_east.nc
ARGO_GDAC,pfl,aoml/4903468/profiles/R4903468_228.nc|2025-11-14T20:28:31Z|27.31400|-91.15662,aoml/4903468/profiles/R4903468_228.nc,4903468,4903468,27.314,-91.15662,2025-11-14T20:28:31Z,20251114,2025,854,0.52,99.92,47.04,True,True,True,https://noaa-nws-rtofs-pds.s3.amazonaws.com/rtofs.20251114/rtofs_glo_3dz_f006_6hrly_hvr_US_east.nc
ARGO_GDAC,pfl,aoml/4903468/profiles/R4903468_229.nc|2025-11-19T21:49:06Z|27.26899|-91.13457,aoml/4903468/profiles/R4903468_229.nc,4903468,4903468,27.26899,-91.13457,2025-11-19T21:49:06Z,20251119,2025,893,0.44,1773.8,51.1146,True,True,True,https://noaa-nws-rtofs-pds.s3.amazonaws.com/rtofs.20251119/rtofs_glo_3dz_f006_6hrly_hvr_US_east.nc
ARGO_GDAC,pfl,aoml/4903468/profiles/R4903468_229.nc|2025-11-19T21:49:06Z|27.26899|-91.13457,aoml/4903468/profiles/R4903468_229.nc,4903468,4903468,27.26899,-91.13457,2025-11-19T21:49:06Z,20251119,2025,887,0.44,100.0,52.2144,True,True,True,https://noaa-nws-rtofs-pds.s3.amazonaws.com/rtofs.20251119/rtofs_glo_3dz_f006_6hrly_hvr_US_east.nc
ARGO_GDAC,pfl,aoml/4903468/profiles/R4903468_230.nc|2025-11-24T22:56:21Z|27.34077|-91.11575,aoml/4903468/profiles/R4903468_230.nc,4903468,4903468,27.34077,-91.11575,2025-11-24T22:56:21Z,20251124,2025,812,1.08,1613.68,33.729,True,True,True,https://noaa-nws-rtofs-pds.s3.amazonaws.com/rtofs.20251124/rtofs_glo_3dz_f006_6hrly_hvr_US_east.nc
ARGO_GDAC,pfl,aoml/4903468/profiles/R4903468_230.nc|2025-11-24T22:56:21Z|27.34077|-91.11575,aoml/4903468/profiles/R4903468_230.nc,4903468,4903468,27.34077,-91.11575,2025-11-24T22:56:21Z,20251124,2025,956,0.68,100.0,33.9007,True,True,True,https://noaa-nws-rtofs-pds.s3.amazonaws.com/rtofs.20251124/rtofs_glo_3dz_f006_6hrly_hvr_US_east.nc
ARGO_GDAC,pfl,aoml/4903468/profiles/R4903468_231.nc|2025-11-29T23:51:30Z|27.35405|-91.14476,aoml/4903468/profiles/R4903468_231.nc,4903468,4903468,27.35405,-91.14476,2025-11-29T23:51:30Z,20251129,2025,781,1.0,1551.72,60.294,True,True,True,https://noaa-nws-rtofs-pds.s3.amazonaws.com/rtofs.20251129/rtofs_glo_3dz_f006_6hrly_hvr_US_east.nc
ARGO_GDAC,pfl,aoml/4903468/profiles/R4903468_231.nc|2025-11-29T23:51:30Z|27.35405|-91.14476,aoml/4903468/profiles/R4903468_231.nc,4903468,4903468,27.35405,-91.14476,2025-11-29T23:51:30Z,20251129,2025,909,0.6,99.92,60.5357,True,True,True,https://noaa-nws-rtofs-pds.s3.amazonaws.com/rtofs.20251129/rtofs_glo_3dz_f006_6hrly_hvr_US_east.nc
ARGO_GDAC,pfl,aoml/4903468/profiles/R4903468_232.nc|2025-12-05T00:19:30Z|27.35682|-91.16917,aoml/4903468/profiles/R4903468_232.nc,4903468,4903468,27.35682,-91.16917,2025-12-05T00:19:30Z,20251205,2025,696,1.04,1381.08,53.426,True,True,True,https://noaa-nws-rtofs-pds.s3.amazonaws.com/rtofs.20251205/rtofs_glo_3dz_f006_6hrly_hvr_US_east.nc
ARGO_GDAC,pfl,aoml/4903468/profiles/R4903468_232.nc|2025-12-05T00:19:30Z|27.35682|-91.16917,aoml/4903468/profiles/R4903468_232.nc,4903468,4903468,27.35682,-91.16917,2025-12-05T00:19:30Z,20251205,2025,931,0.6,99.92,53.88,True,True,True,https://noaa-nws-rtofs-pds.s3.amazonaws.com/rtofs.20251205/rtofs_glo_3dz_f006_6hrly_hvr_US_east.nc
ARGO_GDAC,pfl,aoml/4903468/profiles/R4903468_233.nc|2025-12-10T01:10:44Z|27.36777|-91.19358,aoml/4903468/profiles/R4903468_233.nc,4903468,4903468,27.36777,-91.19358,2025-12-10T01:10:44Z,20251210,2025,790,1.0,1569.36,62.4422,True,True,True,https://noaa-nws-rtofs-pds.s3.amazonaws.com/rtofs.20251210/rtofs_glo_3dz_f006_6hrly_hvr_US_east.nc
ARGO_GDAC,pfl,aoml/4903468/profiles/R4903468_233.nc|2025-12-10T01:10:44Z|27.36777|-91.19358,aoml/4903468/profiles/R4903468_233.nc,4903468,4903468,27.36777,-91.19358,2025-12-10T01:10:44Z,20251210,2025,840,0.56,100.0,63.76,True,True,True,https://noaa-nws-rtofs-pds.s3.amazonaws.com/rtofs.20251210/rtofs_glo_3dz_f006_6hrly_hvr_US_east.nc
ARGO_GDAC,pfl,aoml/4903468/profiles/R4903468_234.nc|2025-12-15T02:37:11Z|27.33717|-91.24752,aoml/4903468/profiles/R4903468_234.nc,4903468,4903468,27.33717,-91.24752,2025-12-15T02:37:11Z,20251215,2025,898,0.88,1785.6,55.4053,True,True,True,https://noaa-nws-rtofs-pds.s3.amazonaws.com/rtofs.20251215/rtofs_glo_3dz_f006_6hrly_hvr_US_east.nc
ARGO_GDAC,pfl,aoml/4903468/profiles/R4903468_234.nc|2025-12-15T02:37:11Z|27.33717|-91.24752,aoml/4903468/profiles/R4903468_234.nc,4903468,4903468,27.33717,-91.24752,2025-12-15T02:37:11Z,20251215,2025,921,0.52,99.96,54.312,True,True,True,https://noaa-nws-rtofs-pds.s3.amazonaws.com/rtofs.20251215/rtofs_glo_3dz_f006_6hrly_hvr_US_east.nc
ARGO_GDAC,pfl,aoml/4903468/profiles/R4903468_235.nc|2025-12-20T04:00:20Z|27.32326|-91.25044,aoml/4903468/profiles/R4903468_235.nc,4903468,4903468,27.32326,-91.25044,2025-12-20T04:00:20Z,20251220,2025,902,1.0,1793.32,75.4833,True,True,True,https://noaa-nws-rtofs-pds.s3.amazonaws.com/rtofs.20251220/rtofs_glo_3dz_f006_6hrly_hvr_US_east.nc
ARGO_GDAC,pfl,aoml/4903468/profiles/R4903468_235.nc|2025-12-20T04:00:20Z|27.32326|-91.25044,aoml/4903468/profiles/R4903468_235.nc,4903468,4903468,27.32326,-91.25044,2025-12-20T04:00:20Z,20251220,2025,898,0.6,99.92,75.4886,True,True,True,https://noaa-nws-rtofs-pds.s3.amazonaws.com/rtofs.20251220/rtofs_glo_3dz_f006_6hrly_hvr_US_east.nc
ARGO_GDAC,pfl,aoml/4903468/profiles/R4903468_236.nc|2025-12-25T04:47:39Z|27.38917|-91.29494,aoml/4903468/profiles/R4903468_236.nc,4903468,4903468,27.38917,-91.29494,2025-12-25T04:47:39Z,20251225,2025,752,1.08,1493.4,28.241,True,True,True,https://noaa-nws-rtofs-pds.s3.amazonaws.com/rtofs.20251225/rtofs_glo_3dz_f006_6hrly_hvr_US_east.nc
ARGO_GDAC,pfl,aoml/4903468/profiles/R4903468_236.nc|2025-12-25T04:47:39Z|27.38917|-91.29494,aoml/4903468/profiles/R4903468_236.nc,4903468,4903468,27.38917,-91.29494,2025-12-25T04:47:39Z,20251225,2025,937,0.72,99.92,28.4754,True,True,True,https://noaa-nws-rtofs-pds.s3.amazonaws.com/rtofs.20251225/rtofs_glo_3dz_f006_6hrly_hvr_US_east.nc
ARGO_GDAC,pfl,aoml/4903468/profiles/R4903468_237.nc|2025-12-30T05:58:15Z|27.39741|-91.24499,aoml/4903468/profiles/R4903468_237.nc,4903468,4903468,27.39741,-91.24499,2025-12-30T05:58:15Z,20251230,2025,858,0.96,1705.2,75.0393,True,True,True,https://noaa-nws-rtofs-pds.s3.amazonaws.com/rtofs.20251230/rtofs_glo_3dz_f006_6hrly_hvr_US_east.nc
ARGO_GDAC,pfl,aoml/4903468/profiles/R4903468_237.nc|2025-12-30T05:58:15Z|27.39741|-91.24499,aoml/4903468/profiles/R4903468_237.nc,4903468,4903468,27.39741,-91.24499,2025-12-30T05:58:15Z,20251230,2025,828,0.52,99.88,75.556,True,True,True,https://noaa-nws-rtofs-pds.s3.amazonaws.com/rtofs.20251230/rtofs_glo_3dz_f006_6hrly_hvr_US_east.nc
ARGO_GDAC,pfl,aoml/4903469/profiles/D4903469_091.nc|2024-01-05T10:38:50Z|24.75327|-85.47313,aoml/4903469/profiles/D4903469_091.nc,4903469,4903469,24.75327,-85.47313,2024-01-05T10:38:50Z,20240105,2024,1014,0.48,2015.32,120.5126,True,False,False,
ARGO_GDAC,pfl,aoml/4903469/profiles/D4903469_091.nc|2024-01-05T10:38:50Z|24.75327|-85.47313,aoml/4903469/profiles/D4903469_091.nc,4903469,4903469,24.75327,-85.47313,2024-01-05T10:38:50Z,20240105,2024,751,0.48,99.88,,False,False,False,
ARGO_GDAC,pfl,aoml/4903469/profiles/D4903469_092.nc|2024-01-10T11:38:18Z|24.80788|-85.78824,aoml/4903469/profiles/D4903469_092.nc,4903469,4903469,24.80788,-85.78824,2024-01-10T11:38:18Z,20240110,2024,1011,1.0,2011.8,134.1714,True,False,False,
ARGO_GDAC,pfl,aoml/4903469/profiles/D4903469_092.nc|2024-01-10T11:38:18Z|24.80788|-85.78824,aoml/4903469/profiles/D4903469_092.nc,4903469,4903469,24.80788,-85.78824,2024-01-10T11:38:18Z,20240110,2024,624,0.56,99.96,,False,False,False,
ARGO_GDAC,pfl,aoml/4903469/profiles/D4903469_093.nc|2024-01-15T12:23:36Z|24.75244|-86.28000,aoml/4903469/profiles/D4903469_093.nc,4903469,4903469,24.75244,-86.28,2024-01-15T12:23:36Z,20240115,2024,1009,1.04,2007.28,142.7486,True,False,False,
ARGO_GDAC,pfl,aoml/4903469/profiles/D4903469_093.nc|2024-01-15T12:23:36Z|24.75244|-86.28000,aoml/4903469/profiles/D4903469_093.nc,4903469,4903469,24.75244,-86.28,2024-01-15T12:23:36Z,20240115,2024,734,0.56,99.96,,False,False,False,
ARGO_GDAC,pfl,aoml/4903469/profiles/D4903469_094.nc|2024-01-20T13:18:50Z|24.83696|-86.47786,aoml/4903469/profiles/D4903469_094.nc,4903469,4903469,24.83696,-86.47786,2024-01-20T13:18:50Z,20240120,2024,1010,0.96,2009.68,152.555,True,False,False,
ARGO_GDAC,pfl,aoml/4903469/profiles/D4903469_094.nc|2024-01-20T13:18:50Z|24.83696|-86.47786,aoml/4903469/profiles/D4903469_094.nc,4903469,4903469,24.83696,-86.47786,2024-01-20T13:18:50Z,20240120,2024,662,0.52,100.0,,False,False,False,
ARGO_GDAC,pfl,aoml/4903469/profiles/D4903469_095.nc|2024-01-25T14:17:19Z|24.88673|-86.43323,aoml/4903469/profiles/D4903469_095.nc,4903469,4903469,24.88673,-86.43323,2024-01-25T14:17:19Z,20240125,2024,1012,1.04,2013.32,147.7143,True,False,False,
ARGO_GDAC,pfl,aoml/4903469/profiles/D4903469_095.nc|2024-01-25T14:17:19Z|24.88673|-86.43323,aoml/4903469/profiles/D4903469_095.nc,4903469,4903469,24.88673,-86.43323,2024-01-25T14:17:19Z,20240125,2024,666,0.56,99.88,,False,False,False,
ARGO_GDAC,pfl,aoml/4903469/profiles/D4903469_096.nc|2024-01-30T15:18:32Z|24.74420|-86.27501,aoml/4903469/profiles/D4903469_096.nc,4903469,4903469,24.7442,-86.27501,2024-01-30T15:18:32Z,20240130,2024,1015,1.0,2019.68,128.9537,True,False,True,https://noaa-nws-rtofs-pds.s3.amazonaws.com/rtofs.20240130/rtofs_glo_3dz_f006_6hrly_hvr_US_east.nc
ARGO_GDAC,pfl,aoml/4903469/profiles/D4903469_096.nc|2024-01-30T15:18:32Z|24.74420|-86.27501,aoml/4903469/profiles/D4903469_096.nc,4903469,4903469,24.7442,-86.27501,2024-01-30T15:18:32Z,20240130,2024,707,0.64,100.0,,False,False,True,https://noaa-nws-rtofs-pds.s3.amazonaws.com/rtofs.20240130/rtofs_glo_3dz_f006_6hrly_hvr_US_east.nc
ARGO_GDAC,pfl,aoml/4903469/profiles/D4903469_097.nc|2024-02-04T16:13:05Z|24.39795|-86.05078,aoml/4903469/profiles/D4903469_097.nc,4903469,4903469,24.39795,-86.05078,2024-02-04T16:13:05Z,20240204,2024,1008,1.04,2005.72,124.08,True,False,True,https://noaa-nws-rtofs-pds.s3.amazonaws.com/rtofs.20240204/rtofs_glo_3dz_f006_6hrly_hvr_US_east.nc
ARGO_GDAC,pfl,aoml/4903469/profiles/D4903469_097.nc|2024-02-04T16:13:05Z|24.39795|-86.05078,aoml/4903469/profiles/D4903469_097.nc,4903469,4903469,24.39795,-86.05078,2024-02-04T16:13:05Z,20240204,2024,794,0.64,99.96,,False,False,True,https://noaa-nws-rtofs-pds.s3.amazonaws.com/rtofs.20240204/rtofs_glo_3dz_f006_6hrly_hvr_US_east.nc
ARGO_GDAC,pfl,aoml/4903469/profiles/D4903469_098.nc|2024-02-09T17:11:51Z|23.92756|-85.62344,aoml/4903469/profiles/D4903469_098.nc,4903469,4903469,23.92756,-85.62344,2024-02-09T17:11:51Z,20240209,2024,1010,0.4,2007.52,136.0505,True,False,True,https://noaa-nws-rtofs-pds.s3.amazonaws.com/rtofs.20240209/rtofs_glo_3dz_f006_6hrly_hvr_US_east.nc
ARGO_GDAC,pfl,aoml/4903469/profiles/D4903469_098.nc|2024-02-09T17:11:51Z|23.92756|-85.62344,aoml/4903469/profiles/D4903469_098.nc,4903469,4903469,23.92756,-85.62344,2024-02-09T17:11:51Z,20240209,2024,711,0.4,99.96,,False,False,True,https://noaa-nws-rtofs-pds.s3.amazonaws.com/rtofs.20240209/rtofs_glo_3dz_f006_6hrly_hvr_US_east.nc
ARGO_GDAC,pfl,aoml/4903469/profiles/D4903469_099.nc|2024-02-14T17:55:40Z|23.79832|-84.93021,aoml/4903469/profiles/D4903469_099.nc,4903469,4903469,23.79832,-84.93021,2024-02-14T17:55:40Z,20240214,2024,1010,0.48,2007.6,91.4021,True,True,True,https://noaa-nws-rtofs-pds.s3.amazonaws.com/rtofs.20240214/rtofs_glo_3dz_f006_6hrly_hvr_US_east.nc
ARGO_GDAC,pfl,aoml/4903469/profiles/D4903469_099.nc|2024-02-14T17:55:40Z|23.79832|-84.93021,aoml/4903469/profiles/D4903469_099.nc,4903469,4903469,23.79832,-84.93021,2024-02-14T17:55:40Z,20240214,2024,798,0.48,99.92,91.7668,True,True,True,https://noaa-nws-rtofs-pds.s3.amazonaws.com/rtofs.20240214/rtofs_glo_3dz_f006_6hrly_hvr_US_east.nc
ARGO_GDAC,pfl,aoml/4903469/profiles/D4903469_100.nc|2024-02-19T18:52:44Z|24.11251|-84.56425,aoml/4903469/profiles/D4903469_100.nc,4903469,4903469,24.11251,-84.56425,2024-02-19T18:52:44Z,20240219,2024,1013,1.08,2015.72,18.8445,True,True,True,https://noaa-nws-rtofs-pds.s3.amazonaws.com/rtofs.20240219/rtofs_glo_3dz_f006_6hrly_hvr_US_east.nc
ARGO_GDAC,pfl,aoml/4903469/profiles/D4903469_100.nc|2024-02-19T18:52:44Z|24.11251|-84.56425,aoml/4903469/profiles/D4903469_100.nc,4903469,4903469,24.11251,-84.56425,2024-02-19T18:52:44Z,20240219,2024,814,0.68,99.96,19.6458,True,True,True,https://noaa-nws-rtofs-pds.s3.amazonaws.com/rtofs.20240219/rtofs_glo_3dz_f006_6hrly_hvr_US_east.nc
ARGO_GDAC,pfl,aoml/4903469/profiles/D4903469_101.nc|2024-02-24T19:42:36Z|24.24973|-84.41242,aoml/4903469/profiles/D4903469_101.nc,4903469,4903469,24.24973,-84.41242,2024-02-24T19:42:36Z,20240224,2024,1010,1.08,2009.28,25.9645,True,True,True,https://noaa-nws-rtofs-pds.s3.amazonaws.com/rtofs.20240224/rtofs_glo_3dz_f006_6hrly_hvr_US_east.nc
ARGO_GDAC,pfl,aoml/4903469/profiles/D4903469_101.nc|2024-02-24T19:42:36Z|24.24973|-84.41242,aoml/4903469/profiles/D4903469_101.nc,4903469,4903469,24.24973,-84.41242,2024-02-24T19:42:36Z,20240224,2024,812,0.72,99.96,26.0622,True,True,True,https://noaa-nws-rtofs-pds.s3.amazonaws.com/rtofs.20240224/rtofs_glo_3dz_f006_6hrly_hvr_US_east.nc
ARGO_GDAC,pfl,aoml/4903469/profiles/D4903469_102.nc|2024-02-29T20:37:52Z|24.14257|-84.46667,aoml/4903469/profiles/D4903469_102.nc,4903469,4903469,24.14257,-84.46667,2024-02-29T20:37:52Z,20240229,2024,1012,1.04,2013.44,27.0607,True,True,True,https://noaa-nws-rtofs-pds.s3.amazonaws.com/rtofs.20240229/rtofs_glo_3dz_f006_6hrly_hvr_US_east.nc
ARGO_GDAC,pfl,aoml/4903469/profiles/D4903469_102.nc|2024-02-29T20:37:52Z|24.14257|-84.46667,aoml/4903469/profiles/D4903469_102.nc,4903469,4903469,24.14257,-84.46667,2024-02-29T20:37:52Z,20240229,2024,829,0.68,100.0,27.08,True,True,True,https://noaa-nws-rtofs-pds.s3.amazonaws.com/rtofs.20240229/rtofs_glo_3dz_f006_6hrly_hvr_US_east.nc
ARGO_GDAC,pfl,aoml/4903469/profiles/D4903469_103.nc|2024-03-05T21:46:00Z|24.01377|-84.73863,aoml/4903469/profiles/D4903469_103.nc,4903469,4903469,24.01377,-84.73863,2024-03-05T21:46:00Z,20240305,2024,1014,1.04,2017.28,112.5291,True,False,True,https://noaa-nws-rtofs-pds.s3.amazonaws.com/rtofs.20240305/rtofs_glo_3dz_f006_6hrly_hvr_US_east.nc
ARGO_GDAC,pfl,aoml/4903469/profiles/D4903469_103.nc|2024-03-05T21:46:00Z|24.01377|-84.73863,aoml/4903469/profiles/D4903469_103.nc,4903469,4903469,24.01377,-84.73863,2024-03-05T21:46:00Z,20240305,2024,858,0.6,99.96,,False,False,True,https://noaa-nws-rtofs-pds.s3.amazonaws.com/rtofs.20240305/rtofs_glo_3dz_f006_6hrly_hvr_US_east.nc
ARGO_GDAC,pfl,aoml/4903469/profiles/D4903469_104.nc|2024-03-10T22:46:02Z|23.97620|-84.71439,aoml/4903469/profiles/D4903469_104.nc,4903469,4903469,23.9762,-84.71439,2024-03-10T22:46:02Z,20240310,2024,1012,1.04,2013.4,63.8098,True,True,True,https://noaa-nws-rtofs-pds.s3.amazonaws.com/rtofs.20240310/rtofs_glo_3dz_f006_6hrly_hvr_US_east.nc
ARGO_GDAC,pfl,aoml/4903469/profiles/D4903469_104.nc|2024-03-10T22:46:02Z|23.97620|-84.71439,aoml/4903469/profiles/D4903469_104.nc,4903469,4903469,23.9762,-84.71439,2024-03-10T22:46:02Z,20240310,2024,730,0.72,100.0,63.9943,True,True,True,https://noaa-nws-rtofs-pds.s3.amazonaws.com/rtofs.20240310/rtofs_glo_3dz_f006_6hrly_hvr_US_east.nc
ARGO_GDAC,pfl,aoml/4903469/profiles/D4903469_105.nc|2024-03-15T23:43:45Z|23.83581|-84.64445,aoml/4903469/profiles/D4903469_105.nc,4903469,4903469,23.83581,-84.64445,2024-03-15T23:43:45Z,20240315,2024,1009,1.0,2007.36,24.8019,True,True,True,https://noaa-nws-rtofs-pds.s3.amazonaws.com/rtofs.20240315/rtofs_glo_3dz_f006_6hrly_hvr_US_east.nc
ARGO_GDAC,pfl,aoml/4903469/profiles/D4903469_105.nc|2024-03-15T23:43:45Z|23.83581|-84.64445,aoml/4903469/profiles/D4903469_105.nc,4903469,4903469,23.83581,-84.64445,2024-03-15T23:43:45Z,20240315,2024,724,0.56,99.92,22.48,True,True,True,https://noaa-nws-rtofs-pds.s3.amazonaws.com/rtofs.20240315/rtofs_glo_3dz_f006_6hrly_hvr_US_east.nc
ARGO_GDAC,pfl,aoml/4903469/profiles/D4903469_106.nc|2024-03-21T00:42:56Z|23.76110|-84.65650,aoml/4903469/profiles/D4903469_106.nc,4903469,4903469,23.7611,-84.6565,2024-03-21T00:42:56Z,20240321,2024,1012,1.0,2013.4,56.6924,True,True,True,https://noaa-nws-rtofs-pds.s3.amazonaws.com/rtofs.20240321/rtofs_glo_3dz_f006_6hrly_hvr_US_east.nc
ARGO_GDAC,pfl,aoml/4903469/profiles/D4903469_106.nc|2024-03-21T00:42:56Z|23.76110|-84.65650,aoml/4903469/profiles/D4903469_106.nc,4903469,4903469,23.7611,-84.6565,2024-03-21T00:42:56Z,20240321,2024,690,0.52,100.0,56.264,True,True,True,https://noaa-nws-rtofs-pds.s3.amazonaws.com/rtofs.20240321/rtofs_glo_3dz_f006_6hrly_hvr_US_east.nc
ARGO_GDAC,pfl,aoml/4903469/profiles/D4903469_107.nc|2024-03-26T01:47:04Z|23.72548|-84.58782,aoml/4903469/profiles/D4903469_107.nc,4903469,4903469,23.72548,-84.58782,2024-03-26T01:47:04Z,20240326,2024,1011,0.44,2009.2,111.6363,True,False,True,https://noaa-nws-rtofs-pds.s3.amazonaws.com/rtofs.20240326/rtofs_glo_3dz_f006_6hrly_hvr_US_east.nc
ARGO_GDAC,pfl,aoml/4903469/profiles/D4903469_107.nc|2024-03-26T01:47:04Z|23.72548|-84.58782,aoml/4903469/profiles/D4903469_107.nc,4903469,4903469,23.72548,-84.58782,2024-03-26T01:47:04Z,20240326,2024,837,0.44,99.96,,False,False,True,https://noaa-nws-rtofs-pds.s3.amazonaws.com/rtofs.20240326/rtofs_glo_3dz_f006_6hrly_hvr_US_east.nc
ARGO_GDAC,pfl,aoml/4903469/profiles/D4903469_108.nc|2024-03-31T02:47:39Z|23.71145|-84.46505,aoml/4903469/profiles/D4903469_108.nc,4903469,4903469,23.71145,-84.46505,2024-03-31T02:47:39Z,20240331,2024,1013,1.32,2015.28,88.4045,True,True,True,https://noaa-nws-rtofs-pds.s3.amazonaws.com/rtofs.20240331/rtofs_glo_3dz_f006_6hrly_hvr_US_east.nc
ARGO_GDAC,pfl,aoml/4903469/profiles/D4903469_108.nc|2024-03-31T02:47:39Z|23.71145|-84.46505,aoml/4903469/profiles/D4903469_108.nc,4903469,4903469,23.71145,-84.46505,2024-03-31T02:47:39Z,20240331,2024,852,1.2,100.0,88.4047,True,True,True,https://noaa-nws-rtofs-pds.s3.amazonaws.com/rtofs.20240331/rtofs_glo_3dz_f006_6hrly_hvr_US_east.nc
ARGO_GDAC,pfl,aoml/4903469/profiles/D4903469_109.nc|2024-04-05T03:49:32Z|23.66670|-84.34471,aoml/4903469/profiles/D4903469_109.nc,4903469,4903469,23.6667,-84.34471,2024-04-05T03:49:32Z,20240405,2024,1010,0.96,2009.48,55.9838,True,True,True,https://noaa-nws-rtofs-pds.s3.amazonaws.com/rtofs.20240405/rtofs_glo_3dz_f006_6hrly_hvr_US_east.nc
ARGO_GDAC,pfl,aoml/4903469/profiles/D4903469_109.nc|2024-04-05T03:49:32Z|23.66670|-84.34471,aoml/4903469/profiles/D4903469_109.nc,4903469,4903469,23.6667,-84.34471,2024-04-05T03:49:32Z,20240405,2024,847,0.56,99.92,54.9733,True,True,True,https://noaa-nws-rtofs-pds.s3.amazonaws.com/rtofs.20240405/rtofs_glo_3dz_f006_6hrly_hvr_US_east.nc
ARGO_GDAC,pfl,aoml/4903469/profiles/D4903469_110.nc|2024-04-10T04:42:31Z|23.57693|-84.26048,aoml/4903469/profiles/D4903469_110.nc,4903469,4903469,23.57693,-84.26048,2024-04-10T04:42:31Z,20240410,2024,1009,0.44,2005.16,97.4895,True,True,True,https://noaa-nws-rtofs-pds.s3.amazonaws.com/rtofs.20240410/rtofs_glo_3dz_f006_6hrly_hvr_US_east.nc
ARGO_GDAC,pfl,aoml/4903469/profiles/D4903469_110.nc|2024-04-10T04:42:31Z|23.57693|-84.26048,aoml/4903469/profiles/D4903469_110.nc,4903469,4903469,23.57693,-84.26048,2024-04-10T04:42:31Z,20240410,2024,774,0.44,99.96,97.6,True,True,True,https://noaa-nws-rtofs-pds.s3.amazonaws.com/rtofs.20240410/rtofs_glo_3dz_f006_6hrly_hvr_US_east.nc
ARGO_GDAC,pfl,aoml/4903469/profiles/D4903469_111.nc|2024-04-15T05:43:00Z|23.42539|-84.19407,aoml/4903469/profiles/D4903469_111.nc,4903469,4903469,23.42539,-84.19407,2024-04-15T05:43:00Z,20240415,2024,1010,0.44,2007.64,100.4589,True,False,True,https://noaa-nws-rtofs-pds.s3.amazonaws.com/rtofs.20240415/rtofs_glo_3dz_f006_6hrly_hvr_US_east.nc
ARGO_GDAC,pfl,aoml/4903469/profiles/D4903469_111.nc|2024-04-15T05:43:00Z|23.42539|-84.19407,aoml/4903469/profiles/D4903469_111.nc,4903469,4903469,23.42539,-84.19407,2024-04-15T05:43:00Z,20240415,2024,705,0.44,99.96,,False,False,True,https://noaa-nws-rtofs-pds.s3.amazonaws.com/rtofs.20240415/rtofs_glo_3dz_f006_6hrly_hvr_US_east.nc
ARGO_GDAC,pfl,aoml/4903469/profiles/D4903469_112.nc|2024-04-20T06:47:03Z|23.37272|-84.13290,aoml/4903469/profiles/D4903469_112.nc,4903469,4903469,23.37272,-84.1329,2024-04-20T06:47:03Z,20240420,2024,1012,1.0,2013.76,64.5925,True,True,True,https://noaa-nws-rtofs-pds.s3.amazonaws.com/rtofs.20240420/rtofs_glo_3dz_f006_6hrly_hvr_US_east.nc
ARGO_GDAC,pfl,aoml/4903469/profiles/D4903469_112.nc|2024-04-20T06:47:03Z|23.37272|-84.13290,aoml/4903469/profiles/D4903469_112.nc,4903469,4903469,23.37272,-84.1329,2024-04-20T06:47:03Z,20240420,2024,902,0.52,99.92,65.2,True,True,True,https://noaa-nws-rtofs-pds.s3.amazonaws.com/rtofs.20240420/rtofs_glo_3dz_f006_6hrly_hvr_US_east.nc
ARGO_GDAC,pfl,aoml/4903469/profiles/D4903469_113.nc|2024-04-25T07:37:05Z|23.23888|-83.93097,aoml/4903469/profiles/D4903469_113.nc,4903469,4903469,23.23888,-83.93097,2024-04-25T07:37:05Z,20240425,2024,1010,1.04,2009.16,66.6715,True,True,True,https://noaa-nws-rtofs-pds.s3.amazonaws.com/rtofs.20240425/rtofs_glo_3dz_f006_6hrly_hvr_US_east.nc
ARGO_GDAC,pfl,aoml/4903469/profiles/D4903469_113.nc|2024-04-25T07:37:05Z|23.23888|-83.93097,aoml/4903469/profiles/D4903469_113.nc,4903469,4903469,23.23888,-83.93097,2024-04-25T07:37:05Z,20240425,2024,807,0.76,100.0,66.7638,True,True,True,https://noaa-nws-rtofs-pds.s3.amazonaws.com/rtofs.20240425/rtofs_glo_3dz_f006_6hrly_hvr_US_east.nc
ARGO_GDAC,pfl,aoml/4903469/profiles/D4903469_114.nc|2024-04-30T08:51:46Z|23.11591|-84.02827,aoml/4903469/profiles/D4903469_114.nc,4903469,4903469,23.11591,-84.02827,2024-04-30T08:51:46Z,20240430,2024,1009,1.04,2007.72,65.6829,True,True,True,https://noaa-nws-rtofs-pds.s3.amazonaws.com/rtofs.20240430/rtofs_glo_3dz_f006_6hrly_hvr_US_east.nc
ARGO_GDAC,pfl,aoml/4903469/profiles/D4903469_114.nc|2024-04-30T08:51:46Z|23.11591|-84.02827,aoml/4903469/profiles/D4903469_114.nc,4903469,4903469,23.11591,-84.02827,2024-04-30T08:51:46Z,20240430,2024,818,0.64,99.96,65.12,True,True,True,https://noaa-nws-rtofs-pds.s3.amazonaws.com/rtofs.20240430/rtofs_glo_3dz_f006_6hrly_hvr_US_east.nc
ARGO_GDAC,pfl,aoml/4903469/profiles/D4903469_115.nc|2024-05-05T09:57:48Z|23.05385|-83.98739,aoml/4903469/profiles/D4903469_115.nc,4903469,4903469,23.05385,-83.98739,2024-05-05T09:57:48Z,20240505,2024,1013,1.0,2015.32,58.1668,True,True,True,https://noaa-nws-rtofs-pds.s3.amazonaws.com/rtofs.20240505/rtofs_glo_3dz_f006_6hrly_hvr_US_east.nc
ARGO_GDAC,pfl,aoml/4903469/profiles/D4903469_115.nc|2024-05-05T09:57:48Z|23.05385|-83.98739,aoml/4903469/profiles/D4903469_115.nc,4903469,4903469,23.05385,-83.98739,2024-05-05T09:57:48Z,20240505,2024,765,0.56,99.96,58.4402,True,True,True,https://noaa-nws-rtofs-pds.s3.amazonaws.com/rtofs.20240505/rtofs_glo_3dz_f006_6hrly_hvr_US_east.nc
ARGO_GDAC,pfl,aoml/4903469/profiles/D4903469_116.nc|2024-05-10T10:52:03Z|23.01627|-83.93898,aoml/4903469/profiles/D4903469_116.nc,4903469,4903469,23.01627,-83.93898,2024-05-10T10:52:03Z,20240510,2024,1011,0.96,2011.72,25.2612,True,True,True,https://noaa-nws-rtofs-pds.s3.amazonaws.com/rtofs.20240510/rtofs_glo_3dz_f006_6hrly_hvr_US_east.nc
ARGO_GDAC,pfl,aoml/4903469/profiles/D4903469_116.nc|2024-05-10T10:52:03Z|23.01627|-83.93898,aoml/4903469/profiles/D4903469_116.nc,4903469,4903469,23.01627,-83.93898,2024-05-10T10:52:03Z,20240510,2024,765,0.52,99.92,25.0533,True,True,True,https://noaa-nws-rtofs-pds.s3.amazonaws.com/rtofs.20240510/rtofs_glo_3dz_f006_6hrly_hvr_US_east.nc
ARGO_GDAC,pfl,aoml/4903469/profiles/D4903469_117.nc|2024-05-15T12:05:29Z|23.05481|-83.68018,aoml/4903469/profiles/D4903469_117.nc,4903469,4903469,23.05481,-83.68018,2024-05-15T12:05:29Z,20240515,2024,1013,1.04,2015.24,42.29,True,True,True,https://noaa-nws-rtofs-pds.s3.amazonaws.com/rtofs.20240515/rtofs_glo_3dz_f006_6hrly_hvr_US_east.nc
ARGO_GDAC,pfl,aoml/4903469/profiles/D4903469_117.nc|2024-05-15T12:05:29Z|23.05481|-83.68018,aoml/4903469/profiles/D4903469_117.nc,4903469,4903469,23.05481,-83.68018,2024-05-15T12:05:29Z,20240515,2024,789,0.64,99.96,42.3733,True,True,True,https://noaa-nws-rtofs-pds.s3.amazonaws.com/rtofs.20240515/rtofs_glo_3dz_f006_6hrly_hvr_US_east.nc
ARGO_GDAC,pfl,aoml/4903469/profiles/D4903469_118.nc|2024-05-20T13:39:17Z|23.09514|-83.47915,aoml/4903469/profiles/D4903469_118.nc,4903469,4903469,23.09514,-83.47915,2024-05-20T13:39:17Z,20240520,2024,942,0.48,1871.36,48.5969,True,True,True,https://noaa-nws-rtofs-pds.s3.amazonaws.com/rtofs.20240520/rtofs_glo_3dz_f006_6hrly_hvr_US_east.nc
ARGO_GDAC,pfl,aoml/4903469/profiles/D4903469_118.nc|2024-05-20T13:39:17Z|23.09514|-83.47915,aoml/4903469/profiles/D4903469_118.nc,4903469,4903469,23.09514,-83.47915,2024-05-20T13:39:17Z,20240520,2024,831,0.48,99.88,49.28,True,True,True,https://noaa-nws-rtofs-pds.s3.amazonaws.com/rtofs.20240520/rtofs_glo_3dz_f006_6hrly_hvr_US_east.nc
ARGO_GDAC,pfl,aoml/4903469/profiles/D4903469_119.nc|2024-05-25T14:46:45Z|23.08968|-83.37955,aoml/4903469/profiles/D4903469_119.nc,4903469,4903469,23.08968,-83.37955,2024-05-25T14:46:45Z,20240525,2024,841,1.0,1671.4,38.8858,True,True,True,https://noaa-nws-rtofs-pds.s3.amazonaws.com/rtofs.20240525/rtofs_glo_3dz_f006_6hrly_hvr_US_east.nc
ARGO_GDAC,pfl,aoml/4903469/profiles/D4903469_119.nc|2024-05-25T14:46:45Z|23.08968|-83.37955,aoml/4903469/profiles/D4903469_119.nc,4903469,4903469,23.08968,-83.37955,2024-05-25T14:46:45Z,20240525,2024,788,0.56,100.0,39.2089,True,True,True,https://noaa-nws-rtofs-pds.s3.amazonaws.com/rtofs.20240525/rtofs_glo_3dz_f006_6hrly_hvr_US_east.nc
ARGO_GDAC,pfl,aoml/4903469/profiles/D4903469_120.nc|2024-05-30T15:12:41Z|23.04752|-83.27471,aoml/4903469/profiles/D4903469_120.nc,4903469,4903469,23.04752,-83.27471,2024-05-30T15:12:41Z,20240530,2024,712,0.92,1413.4,43.0136,True,True,True,https://noaa-nws-rtofs-pds.s3.amazonaws.com/rtofs.20240530/rtofs_glo_3dz_f006_6hrly_hvr_US_east.nc
ARGO_GDAC,pfl,aoml/4903469/profiles/D4903469_120.nc|2024-05-30T15:12:41Z|23.04752|-83.27471,aoml/4903469/profiles/D4903469_120.nc,4903469,4903469,23.04752,-83.27471,2024-05-30T15:12:41Z,20240530,2024,849,0.52,99.96,42.4725,True,True,True,https://noaa-nws-rtofs-pds.s3.amazonaws.com/rtofs.20240530/rtofs_glo_3dz_f006_6hrly_hvr_US_east.nc
ARGO_GDAC,pfl,aoml/4903469/profiles/D4903469_121.nc|2024-06-04T16:02:59Z|23.07845|-83.20790,aoml/4903469/profiles/D4903469_121.nc,4903469,4903469,23.07845,-83.2079,2024-06-04T16:02:59Z,20240604,2024,784,0.48,1555.2,32.1313,True,True,True,https://noaa-nws-rtofs-pds.s3.amazonaws.com/rtofs.20240604/rtofs_glo_3dz_f006_6hrly_hvr_US_east.nc
ARGO_GDAC,pfl,aoml/4903469/profiles/D4903469_121.nc|2024-06-04T16:02:59Z|23.07845|-83.20790,aoml/4903469/profiles/D4903469_121.nc,4903469,4903469,23.07845,-83.2079,2024-06-04T16:02:59Z,20240604,2024,829,0.48,99.88,32.1436,True,True,True,https://noaa-nws-rtofs-pds.s3.amazonaws.com/rtofs.20240604/rtofs_glo_3dz_f006_6hrly_hvr_US_east.nc
ARGO_GDAC,pfl,aoml/4903469/profiles/D4903469_122.nc|2024-06-09T16:28:56Z|23.09215|-83.01237,aoml/4903469/profiles/D4903469_122.nc,4903469,4903469,23.09215,-83.01237,2024-06-09T16:28:56Z,20240609,2024,694,0.4,1375.08,45.3082,True,True,True,https://noaa-nws-rtofs-pds.s3.amazonaws.com/rtofs.20240609/rtofs_glo_3dz_f006_6hrly_hvr_US_east.nc
ARGO_GDAC,pfl,aoml/4903469/profiles/D4903469_122.nc|2024-06-09T16:28:56Z|23.09215|-83.01237,aoml/4903469/profiles/D4903469_122.nc,4903469,4903469,23.09215,-83.01237,2024-06-09T16:28:56Z,20240609,2024,904,0.4,99.92,45.8844,True,True,True,https://noaa-nws-rtofs-pds.s3.amazonaws.com/rtofs.20240609/rtofs_glo_3dz_f006_6hrly_hvr_US_east.nc
ARGO_GDAC,pfl,aoml/4903469/profiles/D4903469_123.nc|2024-06-14T16:59:45Z|23.12609|-82.83042,aoml/4903469/profiles/D4903469_123.nc,4903469,4903469,23.12609,-82.83042,2024-06-14T16:59:45Z,20240614,2024,738,0.48,1463.88,28.4182,True,True,True,https://noaa-nws-rtofs-pds.s3.amazonaws.com/rtofs.20240614/rtofs_glo_3dz_f006_6hrly_hvr_US_east.nc
ARGO_GDAC,pfl,aoml/4903469/profiles/D4903469_123.nc|2024-06-14T16:59:45Z|23.12609|-82.83042,aoml/4903469/profiles/D4903469_123.nc,4903469,4903469,23.12609,-82.83042,2024-06-14T16:59:45Z,20240614,2024,737,0.48,100.0,28.756,True,True,True,https://noaa-nws-rtofs-pds.s3.amazonaws.com/rtofs.20240614/rtofs_glo_3dz_f006_6hrly_hvr_US_east.nc
ARGO_GDAC,pfl,aoml/4903469/profiles/D4903469_125.nc|2024-06-25T01:49:16Z|23.15982|-82.69921,aoml/4903469/profiles/D4903469_125.nc,4903469,4903469,23.15982,-82.69921,2024-06-25T01:49:16Z,20240625,2024,812,1.0,1613.4,33.8476,True,True,True,https://noaa-nws-rtofs-pds.s3.amazonaws.com/rtofs.20240625/rtofs_glo_3dz_f006_6hrly_hvr_US_east.nc
ARGO_GDAC,pfl,aoml/4903469/profiles/D4903469_125.nc|2024-06-25T01:49:16Z|23.15982|-82.69921,aoml/4903469/profiles/D4903469_125.nc,4903469,4903469,23.15982,-82.69921,2024-06-25T01:49:16Z,20240625,2024,877,0.6,99.96,33.616,True,True,True,https://noaa-nws-rtofs-pds.s3.amazonaws.com/rtofs.20240625/rtofs_glo_3dz_f006_6hrly_hvr_US_east.nc
ARGO_GDAC,pfl,aoml/4903469/profiles/D4903469_126.nc|2024-06-30T02:42:33Z|23.18257|-82.65307,aoml/4903469/profiles/D4903469_126.nc,4903469,4903469,23.18257,-82.65307,2024-06-30T02:42:33Z,20240630,2024,803,0.44,1593.8,19.1552,True,True,True,https://noaa-nws-rtofs-pds.s3.amazonaws.com/rtofs.20240630/rtofs_glo_3dz_f006_6hrly_hvr_US_east.nc
ARGO_GDAC,pfl,aoml/4903469/profiles/D4903469_126.nc|2024-06-30T02:42:33Z|23.18257|-82.65307,aoml/4903469/profiles/D4903469_126.nc,4903469,4903469,23.18257,-82.65307,2024-06-30T02:42:33Z,20240630,2024,822,0.44,99.92,18.5076,True,True,True,https://noaa-nws-rtofs-pds.s3.amazonaws.com/rtofs.20240630/rtofs_glo_3dz_f006_6hrly_hvr_US_east.nc
ARGO_GDAC,pfl,aoml/4903469/profiles/D4903469_127.nc|2024-07-05T03:18:23Z|23.19876|-82.50822,aoml/4903469/profiles/D4903469_127.nc,4903469,4903469,23.19876,-82.50822,2024-07-05T03:18:23Z,20240705,2024,725,1.0,1439.36,32.3446,True,True,True,https://noaa-nws-rtofs-pds.s3.amazonaws.com/rtofs.20240705/rtofs_glo_3dz_f006_6hrly_hvr_US_east.nc
ARGO_GDAC,pfl,aoml/4903469/profiles/D4903469_127.nc|2024-07-05T03:18:23Z|23.19876|-82.50822,aoml/4903469/profiles/D4903469_127.nc,4903469,4903469,23.19876,-82.50822,2024-07-05T03:18:23Z,20240705,2024,797,0.56,99.92,32.4179,True,True,True,https://noaa-nws-rtofs-pds.s3.amazonaws.com/rtofs.20240705/rtofs_glo_3dz_f006_6hrly_hvr_US_east.nc
ARGO_GDAC,pfl,aoml/4903469/profiles/D4903469_128.nc|2024-07-10T03:54:31Z|23.20047|-82.48684,aoml/4903469/profiles/D4903469_128.nc,4903469,4903469,23.20047,-82.48684,2024-07-10T03:54:31Z,20240710,2024,738,1.08,1465.84,67.6231,True,True,True,https://noaa-nws-rtofs-pds.s3.amazonaws.com/rtofs.20240710/rtofs_glo_3dz_f006_6hrly_hvr_US_east.nc
ARGO_GDAC,pfl,aoml/4903469/profiles/D4903469_128.nc|2024-07-10T03:54:31Z|23.20047|-82.48684,aoml/4903469/profiles/D4903469_128.nc,4903469,4903469,23.20047,-82.48684,2024-07-10T03:54:31Z,20240710,2024,834,0.68,99.88,67.6677,True,True,True,https://noaa-nws-rtofs-pds.s3.amazonaws.com/rtofs.20240710/rtofs_glo_3dz_f006_6hrly_hvr_US_east.nc
ARGO_GDAC,pfl,aoml/4903469/profiles/D4903469_129.nc|2024-07-15T04:35:12Z|23.22707|-82.37972,aoml/4903469/profiles/D4903469_129.nc,4903469,4903469,23.22707,-82.37972,2024-07-15T04:35:12Z,20240715,2024,762,1.08,1513.56,29.635,True,True,True,https://noaa-nws-rtofs-pds.s3.amazonaws.com/rtofs.20240715/rtofs_glo_3dz_f006_6hrly_hvr_US_east.nc
ARGO_GDAC,pfl,aoml/4903469/profiles/D4903469_129.nc|2024-07-15T04:35:12Z|23.22707|-82.37972,aoml/4903469/profiles/D4903469_129.nc,4903469,4903469,23.22707,-82.37972,2024-07-15T04:35:12Z,20240715,2024,877,0.68,99.96,29.54,True,True,True,https://noaa-nws-rtofs-pds.s3.amazonaws.com/rtofs.20240715/rtofs_glo_3dz_f006_6hrly_hvr_US_east.nc
ARGO_GDAC,pfl,aoml/4903469/profiles/D4903469_130.nc|2024-07-20T05:21:44Z|23.26295|-82.27240,aoml/4903469/profiles/D4903469_130.nc,4903469,4903469,23.26295,-82.2724,2024-07-20T05:21:44Z,20240720,2024,759,0.96,1507.6,24.0481,True,True,True,https://noaa-nws-rtofs-pds.s3.amazonaws.com/rtofs.20240720/rtofs_glo_3dz_f006_6hrly_hvr_US_east.nc
ARGO_GDAC,pfl,aoml/4903469/profiles/D4903469_130.nc|2024-07-20T05:21:44Z|23.26295|-82.27240,aoml/4903469/profiles/D4903469_130.nc,4903469,4903469,23.26295,-82.2724,2024-07-20T05:21:44Z,20240720,2024,836,0.52,99.88,24.1853,True,True,True,https://noaa-nws-rtofs-pds.s3.amazonaws.com/rtofs.20240720/rtofs_glo_3dz_f006_6hrly_hvr_US_east.nc
ARGO_GDAC,pfl,aoml/4903469/profiles/D4903469_131.nc|2024-07-25T06:13:54Z|23.28326|-82.23837,aoml/4903469/profiles/D4903469_131.nc,4903469,4903469,23.28326,-82.23837,2024-07-25T06:13:54Z,20240725,2024,791,1.04,1571.32,24.4158,True,True,True,https://noaa-nws-rtofs-pds.s3.amazonaws.com/rtofs.20240725/rtofs_glo_3dz_f006_6hrly_hvr_US_east.nc
ARGO_GDAC,pfl,aoml/4903469/profiles/D4903469_131.nc|2024-07-25T06:13:54Z|23.28326|-82.23837,aoml/4903469/profiles/D4903469_131.nc,4903469,4903469,23.28326,-82.23837,2024-07-25T06:13:54Z,20240725,2024,801,0.6,99.96,24.1956,True,True,True,https://noaa-nws-rtofs-pds.s3.amazonaws.com/rtofs.20240725/rtofs_glo_3dz_f006_6hrly_hvr_US_east.nc
ARGO_GDAC,pfl,aoml/4903469/profiles/D4903469_132.nc|2024-07-30T07:01:42Z|23.30924|-82.10546,aoml/4903469/profiles/D4903469_132.nc,4903469,4903469,23.30924,-82.10546,2024-07-30T07:01:42Z,20240730,2024,783,1.0,1555.68,26.9103,True,True,True,https://noaa-nws-rtofs-pds.s3.amazonaws.com/rtofs.20240730/rtofs_glo_3dz_f006_6hrly_hvr_US_east.nc
ARGO_GDAC,pfl,aoml/4903469/profiles/D4903469_132.nc|2024-07-30T07:01:42Z|23.30924|-82.10546,aoml/4903469/profiles/D4903469_132.nc,4903469,4903469,23.30924,-82.10546,2024-07-30T07:01:42Z,20240730,2024,832,0.56,99.92,26.6596,True,True,True,https://noaa-nws-rtofs-pds.s3.amazonaws.com/rtofs.20240730/rtofs_glo_3dz_f006_6hrly_hvr_US_east.nc
ARGO_GDAC,pfl,aoml/4903469/profiles/D4903469_133.nc|2024-08-04T07:51:16Z|23.30421|-81.90646,aoml/4903469/profiles/D4903469_133.nc,4903469,4903469,23.30421,-81.90646,2024-08-04T07:51:16Z,20240804,2024,791,0.96,1571.04,25.8473,True,True,True,https://noaa-nws-rtofs-pds.s3.amazonaws.com/rtofs.20240804/rtofs_glo_3dz_f006_6hrly_hvr_US_east.nc
ARGO_GDAC,pfl,aoml/4903469/profiles/D4903469_133.nc|2024-08-04T07:51:16Z|23.30421|-81.90646,aoml/4903469/profiles/D4903469_133.nc,4903469,4903469,23.30421,-81.90646,2024-08-04T07:51:16Z,20240804,2024,805,0.6,99.92,25.3629,True,True,True,https://noaa-nws-rtofs-pds.s3.amazonaws.com/rtofs.20240804/rtofs_glo_3dz_f006_6hrly_hvr_US_east.nc
ARGO_GDAC,pfl,aoml/4903469/profiles/D4903469_134.nc|2024-08-09T08:35:28Z|23.35981|-81.75077,aoml/4903469/profiles/D4903469_134.nc,4903469,4903469,23.35981,-81.75077,2024-08-09T08:35:28Z,20240809,2024,757,1.04,1503.36,25.6961,True,True,True,https://noaa-nws-rtofs-pds.s3.amazonaws.com/rtofs.20240809/rtofs_glo_3dz_f006_6hrly_hvr_US_east.nc
ARGO_GDAC,pfl,aoml/4903469/profiles/D4903469_134.nc|2024-08-09T08:35:28Z|23.35981|-81.75077,aoml/4903469/profiles/D4903469_134.nc,4903469,4903469,23.35981,-81.75077,2024-08-09T08:35:28Z,20240809,2024,889,0.72,100.0,27.7199,True,True,True,https://noaa-nws-rtofs-pds.s3.amazonaws.com/rtofs.20240809/rtofs_glo_3dz_f006_6hrly_hvr_US_east.nc
ARGO_GDAC,pfl,aoml/4903469/profiles/D4903469_135.nc|2024-08-14T09:14:22Z|23.35375|-81.75670,aoml/4903469/profiles/D4903469_135.nc,4903469,4903469,23.35375,-81.7567,2024-08-14T09:14:22Z,20240814,2024,750,1.0,1489.08,18.7656,True,True,True,https://noaa-nws-rtofs-pds.s3.amazonaws.com/rtofs.20240814/rtofs_glo_3dz_f006_6hrly_hvr_US_east.nc
ARGO_GDAC,pfl,aoml/4903469/profiles/D4903469_135.nc|2024-08-14T09:14:22Z|23.35375|-81.75670,aoml/4903469/profiles/D4903469_135.nc,4903469,4903469,23.35375,-81.7567,2024-08-14T09:14:22Z,20240814,2024,839,0.6,99.92,19.0141,True,True,True,https://noaa-nws-rtofs-pds.s3.amazonaws.com/rtofs.20240814/rtofs_glo_3dz_f006_6hrly_hvr_US_east.nc
ARGO_GDAC,pfl,aoml/4903469/profiles/D4903469_136.nc|2024-08-19T09:59:00Z|23.36228|-81.73811,aoml/4903469/profiles/D4903469_136.nc,4903469,4903469,23.36228,-81.73811,2024-08-19T09:59:00Z,20240819,2024,762,1.04,1513.4,24.2551,True,True,True,https://noaa-nws-rtofs-pds.s3.amazonaws.com/rtofs.20240819/rtofs_glo_3dz_f006_6hrly_hvr_US_east.nc
ARGO_GDAC,pfl,aoml/4903469/profiles/D4903469_136.nc|2024-08-19T09:59:00Z|23.36228|-81.73811,aoml/4903469/profiles/D4903469_136.nc,4903469,4903469,23.36228,-81.73811,2024-08-19T09:59:00Z,20240819,2024,865,0.6,99.88,24.2755,True,True,True,https://noaa-nws-rtofs-pds.s3.amazonaws.com/rtofs.20240819/rtofs_glo_3dz_f006_6hrly_hvr_US_east.nc
ARGO_GDAC,pfl,aoml/4903469/profiles/D4903469_137.nc|2024-08-24T10:40:32Z|23.38482|-81.72813,aoml/4903469/profiles/D4903469_137.nc,4903469,4903469,23.38482,-81.72813,2024-08-24T10:40:32Z,20240824,2024,770,1.0,1529.72,29.5191,True,True,True,https://noaa-nws-rtofs-pds.s3.amazonaws.com/rtofs.20240824/rtofs_glo_3dz_f006_6hrly_hvr_US_east.nc
ARGO_GDAC,pfl,aoml/4903469/profiles/D4903469_137.nc|2024-08-24T10:40:32Z|23.38482|-81.72813,aoml/4903469/profiles/D4903469_137.nc,4903469,4903469,23.38482,-81.72813,2024-08-24T10:40:32Z,20240824,2024,870,0.6,99.92,29.7339,True,True,True,https://noaa-nws-rtofs-pds.s3.amazonaws.com/rtofs.20240824/rtofs_glo_3dz_f006_6hrly_hvr_US_east.nc
ARGO_GDAC,pfl,aoml/4903469/profiles/D4903469_138.nc|2024-08-29T11:21:58Z|23.45176|-81.62080,aoml/4903469/profiles/D4903469_138.nc,4903469,4903469,23.45176,-81.6208,2024-08-29T11:21:58Z,20240829,2024,758,1.0,1505.2,31.3855,True,True,True,https://noaa-nws-rtofs-pds.s3.amazonaws.com/rtofs.20240829/rtofs_glo_3dz_f006_6hrly_hvr_US_east.nc
ARGO_GDAC,pfl,aoml/4903469/profiles/D4903469_138.nc|2024-08-29T11:21:58Z|23.45176|-81.62080,aoml/4903469/profiles/D4903469_138.nc,4903469,4903469,23.45176,-81.6208,2024-08-29T11:21:58Z,20240829,2024,886,0.6,99.96,30.2801,True,True,True,https://noaa-nws-rtofs-pds.s3.amazonaws.com/rtofs.20240829/rtofs_glo_3dz_f006_6hrly_hvr_US_east.nc
ARGO_GDAC,pfl,aoml/4903469/profiles/D4903469_139.nc|2024-09-03T12:02:54Z|23.42912|-81.62163,aoml/4903469/profiles/D4903469_139.nc,4903469,4903469,23.42912,-81.62163,2024-09-03T12:02:54Z,20240903,2024,749,0.48,1485.56,19.4233,True,True,True,https://noaa-nws-rtofs-pds.s3.amazonaws.com/rtofs.20240903/rtofs_glo_3dz_f006_6hrly_hvr_US_east.nc
ARGO_GDAC,pfl,aoml/4903469/profiles/D4903469_139.nc|2024-09-03T12:02:54Z|23.42912|-81.62163,aoml/4903469/profiles/D4903469_139.nc,4903469,4903469,23.42912,-81.62163,2024-09-03T12:02:54Z,20240903,2024,841,0.48,99.92,19.2458,True,True,True,https://noaa-nws-rtofs-pds.s3.amazonaws.com/rtofs.20240903/rtofs_glo_3dz_f006_6hrly_hvr_US_east.nc
ARGO_GDAC,pfl,aoml/4903469/profiles/D4903469_140.nc|2024-09-08T12:45:06Z|23.41051|-81.61708,aoml/4903469/profiles/D4903469_140.nc,4903469,4903469,23.41051,-81.61708,2024-09-08T12:45:06Z,20240908,2024,746,0.96,1481.0,43.6625,True,True,True,https://noaa-nws-rtofs-pds.s3.amazonaws.com/rtofs.20240908/rtofs_glo_3dz_f006_6hrly_hvr_US_east.nc
ARGO_GDAC,pfl,aoml/4903469/profiles/D4903469_140.nc|2024-09-08T12:45:06Z|23.41051|-81.61708,aoml/4903469/profiles/D4903469_140.nc,4903469,4903469,23.41051,-81.61708,2024-09-08T12:45:06Z,20240908,2024,842,0.52,100.0,43.4801,True,True,True,https://noaa-nws-rtofs-pds.s3.amazonaws.com/rtofs.20240908/rtofs_glo_3dz_f006_6hrly_hvr_US_east.nc
ARGO_GDAC,pfl,aoml/4903469/profiles/D4903469_141.nc|2024-09-13T13:19:53Z|23.41384|-81.60532,aoml/4903469/profiles/D4903469_141.nc,4903469,4903469,23.41384,-81.60532,2024-09-13T13:19:53Z,20240913,2024,732,0.96,1453.04,17.7124,True,True,True,https://noaa-nws-rtofs-pds.s3.amazonaws.com/rtofs.20240913/rtofs_glo_3dz_f006_6hrly_hvr_US_east.nc
ARGO_GDAC,pfl,aoml/4903469/profiles/D4903469_141.nc|2024-09-13T13:19:53Z|23.41384|-81.60532,aoml/4903469/profiles/D4903469_141.nc,4903469,4903469,23.41384,-81.60532,2024-09-13T13:19:53Z,20240913,2024,818,0.56,99.92,17.6631,True,True,True,https://noaa-nws-rtofs-pds.s3.amazonaws.com/rtofs.20240913/rtofs_glo_3dz_f006_6hrly_hvr_US_east.nc
ARGO_GDAC,pfl,aoml/4903469/profiles/D4903469_142.nc|2024-09-18T13:54:58Z|23.40941|-81.60644,aoml/4903469/profiles/D4903469_142.nc,4903469,4903469,23.40941,-81.60644,2024-09-18T13:54:58Z,20240918,2024,735,1.08,1459.68,28.044,True,True,True,https://noaa-nws-rtofs-pds.s3.amazonaws.com/rtofs.20240918/rtofs_glo_3dz_f006_6hrly_hvr_US_east.nc
ARGO_GDAC,pfl,aoml/4903469/profiles/D4903469_142.nc|2024-09-18T13:54:58Z|23.40941|-81.60644,aoml/4903469/profiles/D4903469_142.nc,4903469,4903469,23.40941,-81.60644,2024-09-18T13:54:58Z,20240918,2024,884,0.8,99.96,27.735,True,True,True,https://noaa-nws-rtofs-pds.s3.amazonaws.com/rtofs.20240918/rtofs_glo_3dz_f006_6hrly_hvr_US_east.nc
ARGO_GDAC,pfl,aoml/4903469/profiles/D4903469_143.nc|2024-09-23T14:25:45Z|23.42259|-81.59423,aoml/4903469/profiles/D4903469_143.nc,4903469,4903469,23.42259,-81.59423,2024-09-23T14:25:45Z,20240923,2024,719,1.0,1427.92,29.1628,True,True,True,https://noaa-nws-rtofs-pds.s3.amazonaws.com/rtofs.20240923/rtofs_glo_3dz_f006_6hrly_hvr_US_east.nc
ARGO_GDAC,pfl,aoml/4903469/profiles/D4903469_143.nc|2024-09-23T14:25:45Z|23.42259|-81.59423,aoml/4903469/profiles/D4903469_143.nc,4903469,4903469,23.42259,-81.59423,2024-09-23T14:25:45Z,20240923,2024,735,0.56,99.92,28.8489,True,True,True,https://noaa-nws-rtofs-pds.s3.amazonaws.com/rtofs.20240923/rtofs_glo_3dz_f006_6hrly_hvr_US_east.nc
ARGO_GDAC,pfl,aoml/4903469/profiles/D4903469_144.nc|2024-09-28T14:52:23Z|23.42424|-81.59000,aoml/4903469/profiles/D4903469_144.nc,4903469,4903469,23.42424,-81.59,2024-09-28T14:52:23Z,20240928,2024,727,1.0,1443.04,56.8854,True,True,True,https://noaa-nws-rtofs-pds.s3.amazonaws.com/rtofs.20240928/rtofs_glo_3dz_f006_6hrly_hvr_US_east.nc
ARGO_GDAC,pfl,aoml/4903469/profiles/D4903469_144.nc|2024-09-28T14:52:23Z|23.42424|-81.59000,aoml/4903469/profiles/D4903469_144.nc,4903469,4903469,23.42424,-81.59,2024-09-28T14:52:23Z,20240928,2024,790,0.56,99.96,57.032,True,True,True,https://noaa-nws-rtofs-pds.s3.amazonaws.com/rtofs.20240928/rtofs_glo_3dz_f006_6hrly_hvr_US_east.nc
ARGO_GDAC,pfl,aoml/4903469/profiles/D4903469_145.nc|2024-10-03T15:23:55Z|23.51574|-81.41043,aoml/4903469/profiles/D4903469_145.nc,4903469,4903469,23.51574,-81.41043,2024-10-03T15:23:55Z,20241003,2024,722,1.0,1433.08,43.7255,True,True,True,https://noaa-nws-rtofs-pds.s3.amazonaws.com/rtofs.20241003/rtofs_glo_3dz_f006_6hrly_hvr_US_east.nc
ARGO_GDAC,pfl,aoml/4903469/profiles/D4903469_145.nc|2024-10-03T15:23:55Z|23.51574|-81.41043,aoml/4903469/profiles/D4903469_145.nc,4903469,4903469,23.51574,-81.41043,2024-10-03T15:23:55Z,20241003,2024,751,0.6,99.96,43.1257,True,True,True,https://noaa-nws-rtofs-pds.s3.amazonaws.com/rtofs.20241003/rtofs_glo_3dz_f006_6hrly_hvr_US_east.nc
ARGO_GDAC,pfl,aoml/4903469/profiles/D4903469_146.nc|2024-10-08T15:50:28Z|23.53962|-81.37241,aoml/4903469/profiles/D4903469_146.nc,4903469,4903469,23.53962,-81.37241,2024-10-08T15:50:28Z,20241008,2024,712,0.96,1413.6,44.3275,True,True,True,https://noaa-nws-rtofs-pds.s3.amazonaws.com/rtofs.20241008/rtofs_glo_3dz_f006_6hrly_hvr_US_east.nc
ARGO_GDAC,pfl,aoml/4903469/profiles/D4903469_146.nc|2024-10-08T15:50:28Z|23.53962|-81.37241,aoml/4903469/profiles/D4903469_146.nc,4903469,4903469,23.53962,-81.37241,2024-10-08T15:50:28Z,20241008,2024,815,0.52,99.96,44.72,True,True,True,https://noaa-nws-rtofs-pds.s3.amazonaws.com/rtofs.20241008/rtofs_glo_3dz_f006_6hrly_hvr_US_east.nc
ARGO_GDAC,pfl,aoml/4903469/profiles/D4903469_147.nc|2024-10-13T16:21:12Z|23.56406|-81.28937,aoml/4903469/profiles/D4903469_147.nc,4903469,4903469,23.56406,-81.28937,2024-10-13T16:21:12Z,20241013,2024,711,1.0,1411.56,54.8298,True,True,True,https://noaa-nws-rtofs-pds.s3.amazonaws.com/rtofs.20241013/rtofs_glo_3dz_f006_6hrly_hvr_US_east.nc
ARGO_GDAC,pfl,aoml/4903469/profiles/D4903469_147.nc|2024-10-13T16:21:12Z|23.56406|-81.28937,aoml/4903469/profiles/D4903469_147.nc,4903469,4903469,23.56406,-81.28937,2024-10-13T16:21:12Z,20241013,2024,864,0.52,100.0,54.1911,True,True,True,https://noaa-nws-rtofs-pds.s3.amazonaws.com/rtofs.20241013/rtofs_glo_3dz_f006_6hrly_hvr_US_east.nc
ARGO_GDAC,pfl,aoml/4903469/profiles/D4903469_148.nc|2024-10-18T16:44:54Z|23.55496|-81.26049,aoml/4903469/profiles/D4903469_148.nc,4903469,4903469,23.55496,-81.26049,2024-10-18T16:44:54Z,20241018,2024,696,1.0,1381.6,70.4332,True,True,True,https://noaa-nws-rtofs-pds.s3.amazonaws.com/rtofs.20241018/rtofs_glo_3dz_f006_6hrly_hvr_US_east.nc
ARGO_GDAC,pfl,aoml/4903469/profiles/D4903469_148.nc|2024-10-18T16:44:54Z|23.55496|-81.26049,aoml/4903469/profiles/D4903469_148.nc,4903469,4903469,23.55496,-81.26049,2024-10-18T16:44:54Z,20241018,2024,779,0.56,100.0,70.8675,True,True,True,https://noaa-nws-rtofs-pds.s3.amazonaws.com/rtofs.20241018/rtofs_glo_3dz_f006_6hrly_hvr_US_east.nc
ARGO_GDAC,pfl,aoml/4903469/profiles/D4903469_149.nc|2024-10-23T17:13:43Z|23.54055|-81.22275,aoml/4903469/profiles/D4903469_149.nc,4903469,4903469,23.54055,-81.22275,2024-10-23T17:13:43Z,20241023,2024,691,0.96,1371.12,82.8878,True,True,True,https://noaa-nws-rtofs-pds.s3.amazonaws.com/rtofs.20241023/rtofs_glo_3dz_f006_6hrly_hvr_US_east.nc
ARGO_GDAC,pfl,aoml/4903469/profiles/D4903469_149.nc|2024-10-23T17:13:43Z|23.54055|-81.22275,aoml/4903469/profiles/D4903469_149.nc,4903469,4903469,23.54055,-81.22275,2024-10-23T17:13:43Z,20241023,2024,777,0.68,99.96,83.2073,True,True,True,https://noaa-nws-rtofs-pds.s3.amazonaws.com/rtofs.20241023/rtofs_glo_3dz_f006_6hrly_hvr_US_east.nc
ARGO_GDAC,pfl,aoml/4903469/profiles/D4903469_150.nc|2024-10-28T17:35:58Z|23.53132|-81.21831,aoml/4903469/profiles/D4903469_150.nc,4903469,4903469,23.53132,-81.21831,2024-10-28T17:35:58Z,20241028,2024,687,1.0,1363.08,88.3747,True,True,True,https://noaa-nws-rtofs-pds.s3.amazonaws.com/rtofs.20241028/rtofs_glo_3dz_f006_6hrly_hvr_US_east.nc
ARGO_GDAC,pfl,aoml/4903469/profiles/D4903469_150.nc|2024-10-28T17:35:58Z|23.53132|-81.21831,aoml/4903469/profiles/D4903469_150.nc,4903469,4903469,23.53132,-81.21831,2024-10-28T17:35:58Z,20241028,2024,789,0.52,99.96,88.5305,True,True,True,https://noaa-nws-rtofs-pds.s3.amazonaws.com/rtofs.20241028/rtofs_glo_3dz_f006_6hrly_hvr_US_east.nc
ARGO_GDAC,pfl,aoml/4903469/profiles/D4903469_151.nc|2024-11-02T18:00:12Z|23.52588|-81.22544,aoml/4903469/profiles/D4903469_151.nc,4903469,4903469,23.52588,-81.22544,2024-11-02T18:00:12Z,20241102,2024,688,0.32,1363.12,70.503,True,True,True,https://noaa-nws-rtofs-pds.s3.amazonaws.com/rtofs.20241102/rtofs_glo_3dz_f006_6hrly_hvr_US_east.nc
ARGO_GDAC,pfl,aoml/4903469/profiles/D4903469_151.nc|2024-11-02T18:00:12Z|23.52588|-81.22544,aoml/4903469/profiles/D4903469_151.nc,4903469,4903469,23.52588,-81.22544,2024-11-02T18:00:12Z,20241102,2024,803,0.32,99.96,70.5862,True,True,True,https://noaa-nws-rtofs-pds.s3.amazonaws.com/rtofs.20241102/rtofs_glo_3dz_f006_6hrly_hvr_US_east.nc
ARGO_GDAC,pfl,aoml/4903469/profiles/D4903469_152.nc|2024-11-07T18:21:48Z|23.51776|-81.22961,aoml/4903469/profiles/D4903469_152.nc,4903469,4903469,23.51776,-81.22961,2024-11-07T18:21:48Z,20241107,2024,687,1.0,1363.28,72.0825,True,True,True,https://noaa-nws-rtofs-pds.s3.amazonaws.com/rtofs.20241107/rtofs_glo_3dz_f006_6hrly_hvr_US_east.nc
ARGO_GDAC,pfl,aoml/4903469/profiles/D4903469_152.nc|2024-11-07T18:21:48Z|23.51776|-81.22961,aoml/4903469/profiles/D4903469_152.nc,4903469,4903469,23.51776,-81.22961,2024-11-07T18:21:48Z,20241107,2024,837,0.56,99.88,72.6801,True,True,True,https://noaa-nws-rtofs-pds.s3.amazonaws.com/rtofs.20241107/rtofs_glo_3dz_f006_6hrly_hvr_US_east.nc
ARGO_GDAC,pfl,aoml/4903469/profiles/D4903469_153.nc|2024-11-12T18:37:23Z|23.50834|-81.24463,aoml/4903469/profiles/D4903469_153.nc,4903469,4903469,23.50834,-81.24463,2024-11-12T18:37:23Z,20241112,2024,683,1.0,1355.48,82.0924,True,True,True,https://noaa-nws-rtofs-pds.s3.amazonaws.com/rtofs.20241112/rtofs_glo_3dz_f006_6hrly_hvr_US_east.nc
ARGO_GDAC,pfl,aoml/4903469/profiles/D4903469_153.nc|2024-11-12T18:37:23Z|23.50834|-81.24463,aoml/4903469/profiles/D4903469_153.nc,4903469,4903469,23.50834,-81.24463,2024-11-12T18:37:23Z,20241112,2024,736,0.56,99.92,82.2343,True,True,True,https://noaa-nws-rtofs-pds.s3.amazonaws.com/rtofs.20241112/rtofs_glo_3dz_f006_6hrly_hvr_US_east.nc
ARGO_GDAC,pfl,aoml/4903469/profiles/D4903469_154.nc|2024-11-17T19:02:01Z|23.52079|-81.23379,aoml/4903469/profiles/D4903469_154.nc,4903469,4903469,23.52079,-81.23379,2024-11-17T19:02:01Z,20241117,2024,685,1.08,1359.36,85.4849,True,True,True,https://noaa-nws-rtofs-pds.s3.amazonaws.com/rtofs.20241117/rtofs_glo_3dz_f006_6hrly_hvr_US_east.nc
ARGO_GDAC,pfl,aoml/4903469/profiles/D4903469_154.nc|2024-11-17T19:02:01Z|23.52079|-81.23379,aoml/4903469/profiles/D4903469_154.nc,4903469,4903469,23.52079,-81.23379,2024-11-17T19:02:01Z,20241117,2024,774,0.72,99.92,85.5702,True,True,True,https://noaa-nws-rtofs-pds.s3.amazonaws.com/rtofs.20241117/rtofs_glo_3dz_f006_6hrly_hvr_US_east.nc
ARGO_GDAC,pfl,aoml/4903469/profiles/D4903469_155.nc|2024-11-22T19:25:30Z|23.52886|-81.21755,aoml/4903469/profiles/D4903469_155.nc,4903469,4903469,23.52886,-81.21755,2024-11-22T19:25:30Z,20241122,2024,687,1.0,1363.76,84.92,True,True,True,https://noaa-nws-rtofs-pds.s3.amazonaws.com/rtofs.20241122/rtofs_glo_3dz_f006_6hrly_hvr_US_east.nc
ARGO_GDAC,pfl,aoml/4903469/profiles/D4903469_155.nc|2024-11-22T19:25:30Z|23.52886|-81.21755,aoml/4903469/profiles/D4903469_155.nc,4903469,4903469,23.52886,-81.21755,2024-11-22T19:25:30Z,20241122,2024,823,0.6,99.96,84.952,True,True,True,https://noaa-nws-rtofs-pds.s3.amazonaws.com/rtofs.20241122/rtofs_glo_3dz_f006_6hrly_hvr_US_east.nc
ARGO_GDAC,pfl,aoml/4903469/profiles/D4903469_156.nc|2024-11-27T19:47:57Z|23.53747|-81.18313,aoml/4903469/profiles/D4903469_156.nc,4903469,4903469,23.53747,-81.18313,2024-11-27T19:47:57Z,20241127,2024,685,1.0,1359.48,114.9267,True,False,True,https://noaa-nws-rtofs-pds.s3.amazonaws.com/rtofs.20241127/rtofs_glo_3dz_f006_6hrly_hvr_US_east.nc
ARGO_GDAC,pfl,aoml/4903469/profiles/D4903469_156.nc|2024-11-27T19:47:57Z|23.53747|-81.18313,aoml/4903469/profiles/D4903469_156.nc,4903469,4903469,23.53747,-81.18313,2024-11-27T19:47:57Z,20241127,2024,702,0.52,99.92,,False,False,True,https://noaa-nws-rtofs-pds.s3.amazonaws.com/rtofs.20241127/rtofs_glo_3dz_f006_6hrly_hvr_US_east.nc
ARGO_GDAC,pfl,aoml/4903469/profiles/D4903469_157.nc|2024-12-02T20:07:01Z|23.55137|-81.14300,aoml/4903469/profiles/D4903469_157.nc,4903469,4903469,23.55137,-81.143,2024-12-02T20:07:01Z,20241202,2024,675,0.48,1337.32,114.3071,True,False,True,https://noaa-nws-rtofs-pds.s3.amazonaws.com/rtofs.20241202/rtofs_glo_3dz_f006_6hrly_hvr_US_east.nc
ARGO_GDAC,pfl,aoml/4903469/profiles/D4903469_157.nc|2024-12-02T20:07:01Z|23.55137|-81.14300,aoml/4903469/profiles/D4903469_157.nc,4903469,4903469,23.55137,-81.143,2024-12-02T20:07:01Z,20241202,2024,814,0.48,99.92,,False,False,True,https://noaa-nws-rtofs-pds.s3.amazonaws.com/rtofs.20241202/rtofs_glo_3dz_f006_6hrly_hvr_US_east.nc
ARGO_GDAC,pfl,aoml/4903469/profiles/D4903469_158.nc|2024-12-07T20:22:10Z|23.55695|-81.12562,aoml/4903469/profiles/D4903469_158.nc,4903469,4903469,23.55695,-81.12562,2024-12-07T20:22:10Z,20241207,2024,666,0.44,1319.6,106.2822,True,False,True,https://noaa-nws-rtofs-pds.s3.amazonaws.com/rtofs.20241207/rtofs_glo_3dz_f006_6hrly_hvr_US_east.nc
ARGO_GDAC,pfl,aoml/4903469/profiles/D4903469_158.nc|2024-12-07T20:22:10Z|23.55695|-81.12562,aoml/4903469/profiles/D4903469_158.nc,4903469,4903469,23.55695,-81.12562,2024-12-07T20:22:10Z,20241207,2024,695,0.44,99.92,,False,False,True,https://noaa-nws-rtofs-pds.s3.amazonaws.com/rtofs.20241207/rtofs_glo_3dz_f006_6hrly_hvr_US_east.nc
ARGO_GDAC,pfl,aoml/4903469/profiles/D4903469_159.nc|2024-12-12T20:36:33Z|23.55960|-81.10294,aoml/4903469/profiles/D4903469_159.nc,4903469,4903469,23.5596,-81.10294,2024-12-12T20:36:33Z,20241212,2024,663,1.04,1315.64,99.8124,True,True,True,https://noaa-nws-rtofs-pds.s3.amazonaws.com/rtofs.20241212/rtofs_glo_3dz_f006_6hrly_hvr_US_east.nc
ARGO_GDAC,pfl,aoml/4903469/profiles/D4903469_159.nc|2024-12-12T20:36:33Z|23.55960|-81.10294,aoml/4903469/profiles/D4903469_159.nc,4903469,4903469,23.5596,-81.10294,2024-12-12T20:36:33Z,20241212,2024,713,0.72,99.92,,False,False,True,https://noaa-nws-rtofs-pds.s3.amazonaws.com/rtofs.20241212/rtofs_glo_3dz_f006_6hrly_hvr_US_east.nc
ARGO_GDAC,pfl,aoml/4903469/profiles/D4903469_160.nc|2024-12-17T20:55:14Z|23.57696|-81.08318,aoml/4903469/profiles/D4903469_160.nc,4903469,4903469,23.57696,-81.08318,2024-12-17T20:55:14Z,20241217,2024,670,1.0,1329.12,88.7324,True,True,True,https://noaa-nws-rtofs-pds.s3.amazonaws.com/rtofs.20241217/rtofs_glo_3dz_f006_6hrly_hvr_US_east.nc
ARGO_GDAC,pfl,aoml/4903469/profiles/D4903469_160.nc|2024-12-17T20:55:14Z|23.57696|-81.08318,aoml/4903469/profiles/D4903469_160.nc,4903469,4903469,23.57696,-81.08318,2024-12-17T20:55:14Z,20241217,2024,866,0.64,99.96,89.232,True,True,True,https://noaa-nws-rtofs-pds.s3.amazonaws.com/rtofs.20241217/rtofs_glo_3dz_f006_6hrly_hvr_US_east.nc
ARGO_GDAC,pfl,aoml/4903469/profiles/D4903469_161.nc|2024-12-22T21:10:13Z|23.57412|-81.04028,aoml/4903469/profiles/D4903469_161.nc,4903469,4903469,23.57412,-81.04028,2024-12-22T21:10:13Z,20241222,2024,664,0.44,1315.04,102.9576,True,False,True,https://noaa-nws-rtofs-pds.s3.amazonaws.com/rtofs.20241222/rtofs_glo_3dz_f006_6hrly_hvr_US_east.nc
ARGO_GDAC,pfl,aoml/4903469/profiles/D4903469_161.nc|2024-12-22T21:10:13Z|23.57412|-81.04028,aoml/4903469/profiles/D4903469_161.nc,4903469,4903469,23.57412,-81.04028,2024-12-22T21:10:13Z,20241222,2024,745,0.44,99.96,,False,False,True,https://noaa-nws-rtofs-pds.s3.amazonaws.com/rtofs.20241222/rtofs_glo_3dz_f006_6hrly_hvr_US_east.nc
ARGO_GDAC,pfl,aoml/4903469/profiles/D4903469_162.nc|2024-12-27T21:23:04Z|23.57848|-81.03377,aoml/4903469/profiles/D4903469_162.nc,4903469,4903469,23.57848,-81.03377,2024-12-27T21:23:04Z,20241227,2024,654,1.04,1297.32,78.8285,True,True,True,https://noaa-nws-rtofs-pds.s3.amazonaws.com/rtofs.20241227/rtofs_glo_3dz_f006_6hrly_hvr_US_east.nc
ARGO_GDAC,pfl,aoml/4903469/profiles/D4903469_162.nc|2024-12-27T21:23:04Z|23.57848|-81.03377,aoml/4903469/profiles/D4903469_162.nc,4903469,4903469,23.57848,-81.03377,2024-12-27T21:23:04Z,20241227,2024,861,0.6,99.96,79.1275,True,True,True,https://noaa-nws-rtofs-pds.s3.amazonaws.com/rtofs.20241227/rtofs_glo_3dz_f006_6hrly_hvr_US_east.nc
ARGO_GDAC,pfl,aoml/4903469/profiles/D4903469_163.nc|2025-01-01T21:41:19Z|23.59005|-81.03383,aoml/4903469/profiles/D4903469_163.nc,4903469,4903469,23.59005,-81.03383,2025-01-01T21:41:19Z,20250101,2025,660,1.08,1309.72,48.7188,True,True,True,https://noaa-nws-rtofs-pds.s3.amazonaws.com/rtofs.20250101/rtofs_glo_3dz_f006_6hrly_hvr_US_east.nc
ARGO_GDAC,pfl,aoml/4903469/profiles/D4903469_163.nc|2025-01-01T21:41:19Z|23.59005|-81.03383,aoml/4903469/profiles/D4903469_163.nc,4903469,4903469,23.59005,-81.03383,2025-01-01T21:41:19Z,20250101,2025,855,0.64,100.0,48.9199,True,True,True,https://noaa-nws-rtofs-pds.s3.amazonaws.com/rtofs.20250101/rtofs_glo_3dz_f006_6hrly_hvr_US_east.nc
ARGO_GDAC,pfl,aoml/4903469/profiles/D4903469_164.nc|2025-01-06T21:56:41Z|23.60116|-81.01150,aoml/4903469/profiles/D4903469_164.nc,4903469,4903469,23.60116,-81.0115,2025-01-06T21:56:41Z,20250106,2025,655,1.0,1299.28,37.8449,True,True,True,https://noaa-nws-rtofs-pds.s3.amazonaws.com/rtofs.20250106/rtofs_glo_3dz_f006_6hrly_hvr_US_east.nc
ARGO_GDAC,pfl,aoml/4903469/profiles/D4903469_164.nc|2025-01-06T21:56:41Z|23.60116|-81.01150,aoml/4903469/profiles/D4903469_164.nc,4903469,4903469,23.60116,-81.0115,2025-01-06T21:56:41Z,20250106,2025,858,0.56,99.92,37.9891,True,True,True,https://noaa-nws-rtofs-pds.s3.amazonaws.com/rtofs.20250106/rtofs_glo_3dz_f006_6hrly_hvr_US_east.nc
ARGO_GDAC,pfl,aoml/4903469/profiles/D4903469_165.nc|2025-01-11T22:06:35Z|23.61910|-80.97436,aoml/4903469/profiles/D4903469_165.nc,4903469,4903469,23.6191,-80.97436,2025-01-11T22:06:35Z,20250111,2025,646,1.0,1281.4,64.1456,True,True,True,https://noaa-nws-rtofs-pds.s3.amazonaws.com/rtofs.20250111/rtofs_glo_3dz_f006_6hrly_hvr_US_east.nc
ARGO_GDAC,pfl,aoml/4903469/profiles/D4903469_165.nc|2025-01-11T22:06:35Z|23.61910|-80.97436,aoml/4903469/profiles/D4903469_165.nc,4903469,4903469,23.6191,-80.97436,2025-01-11T22:06:35Z,20250111,2025,793,0.6,100.0,63.9066,True,True,True,https://noaa-nws-rtofs-pds.s3.amazonaws.com/rtofs.20250111/rtofs_glo_3dz_f006_6hrly_hvr_US_east.nc
ARGO_GDAC,pfl,aoml/4903469/profiles/D4903469_166.nc|2025-01-16T22:15:19Z|23.63758|-80.93488,aoml/4903469/profiles/D4903469_166.nc,4903469,4903469,23.63758,-80.93488,2025-01-16T22:15:19Z,20250116,2025,627,1.04,1243.56,86.9996,True,True,True,https://noaa-nws-rtofs-pds.s3.amazonaws.com/rtofs.20250116/rtofs_glo_3dz_f006_6hrly_hvr_US_east.nc
ARGO_GDAC,pfl,aoml/4903469/profiles/D4903469_166.nc|2025-01-16T22:15:19Z|23.63758|-80.93488,aoml/4903469/profiles/D4903469_166.nc,4903469,4903469,23.63758,-80.93488,2025-01-16T22:15:19Z,20250116,2025,874,0.64,99.88,87.1924,True,True,True,https://noaa-nws-rtofs-pds.s3.amazonaws.com/rtofs.20250116/rtofs_glo_3dz_f006_6hrly_hvr_US_east.nc
ARGO_GDAC,pfl,aoml/4903469/profiles/D4903469_167.nc|2025-01-21T22:21:31Z|23.65923|-80.88172,aoml/4903469/profiles/D4903469_167.nc,4903469,4903469,23.65923,-80.88172,2025-01-21T22:21:31Z,20250121,2025,616,1.0,1221.88,70.1314,True,True,True,https://noaa-nws-rtofs-pds.s3.amazonaws.com/rtofs.20250121/rtofs_glo_3dz_f006_6hrly_hvr_US_east.nc
ARGO_GDAC,pfl,aoml/4903469/profiles/D4903469_167.nc|2025-01-21T22:21:31Z|23.65923|-80.88172,aoml/4903469/profiles/D4903469_167.nc,4903469,4903469,23.65923,-80.88172,2025-01-21T22:21:31Z,20250121,2025,794,0.56,99.92,70.2,True,True,True,https://noaa-nws-rtofs-pds.s3.amazonaws.com/rtofs.20250121/rtofs_glo_3dz_f006_6hrly_hvr_US_east.nc
ARGO_GDAC,pfl,aoml/4903469/profiles/D4903469_168.nc|2025-01-26T22:22:34Z|23.67593|-80.83921,aoml/4903469/profiles/D4903469_168.nc,4903469,4903469,23.67593,-80.83921,2025-01-26T22:22:34Z,20250126,2025,608,0.36,1203.16,88.2485,True,True,True,https://noaa-nws-rtofs-pds.s3.amazonaws.com/rtofs.20250126/rtofs_glo_3dz_f006_6hrly_hvr_US_east.nc
ARGO_GDAC,pfl,aoml/4903469/profiles/D4903469_168.nc|2025-01-26T22:22:34Z|23.67593|-80.83921,aoml/4903469/profiles/D4903469_168.nc,4903469,4903469,23.67593,-80.83921,2025-01-26T22:22:34Z,20250126,2025,830,0.36,99.88,88.3926,True,True,True,https://noaa-nws-rtofs-pds.s3.amazonaws.com/rtofs.20250126/rtofs_glo_3dz_f006_6hrly_hvr_US_east.nc
ARGO_GDAC,pfl,aoml/4903469/profiles/D4903469_169.nc|2025-01-31T22:20:18Z|23.68948|-80.81270,aoml/4903469/profiles/D4903469_169.nc,4903469,4903469,23.68948,-80.8127,2025-01-31T22:20:18Z,20250131,2025,608,1.0,1205.68,120.8047,True,False,True,https://noaa-nws-rtofs-pds.s3.amazonaws.com/rtofs.20250131/rtofs_glo_3dz_f006_6hrly_hvr_US_east.nc
ARGO_GDAC,pfl,aoml/4903469/profiles/D4903469_169.nc|2025-01-31T22:20:18Z|23.68948|-80.81270,aoml/4903469/profiles/D4903469_169.nc,4903469,4903469,23.68948,-80.8127,2025-01-31T22:20:18Z,20250131,2025,781,0.68,99.96,,False,False,True,https://noaa-nws-rtofs-pds.s3.amazonaws.com/rtofs.20250131/rtofs_glo_3dz_f006_6hrly_hvr_US_east.nc
ARGO_GDAC,pfl,aoml/4903469/profiles/D4903469_170.nc|2025-02-05T22:19:54Z|23.69781|-80.79511,aoml/4903469/profiles/D4903469_170.nc,4903469,4903469,23.69781,-80.79511,2025-02-05T22:19:54Z,20250205,2025,610,1.04,1209.6,55.0058,True,True,True,https://noaa-nws-rtofs-pds.s3.amazonaws.com/rtofs.20250205/rtofs_glo_3dz_f006_6hrly_hvr_US_east.nc
ARGO_GDAC,pfl,aoml/4903469/profiles/D4903469_170.nc|2025-02-05T22:19:54Z|23.69781|-80.79511,aoml/4903469/profiles/D4903469_170.nc,4903469,4903469,23.69781,-80.79511,2025-02-05T22:19:54Z,20250205,2025,784,0.64,99.96,54.7601,True,True,True,https://noaa-nws-rtofs-pds.s3.amazonaws.com/rtofs.20250205/rtofs_glo_3dz_f006_6hrly_hvr_US_east.nc
ARGO_GDAC,pfl,aoml/4903469/profiles/D4903469_171.nc|2025-02-10T22:23:26Z|23.70500|-80.77424,aoml/4903469/profiles/D4903469_171.nc,4903469,4903469,23.705,-80.77424,2025-02-10T22:23:26Z,20250210,2025,606,1.04,1201.8,44.9293,True,True,True,https://noaa-nws-rtofs-pds.s3.amazonaws.com/rtofs.20250210/rtofs_glo_3dz_f006_6hrly_hvr_US_east.nc
ARGO_GDAC,pfl,aoml/4903469/profiles/D4903469_171.nc|2025-02-10T22:23:26Z|23.70500|-80.77424,aoml/4903469/profiles/D4903469_171.nc,4903469,4903469,23.705,-80.77424,2025-02-10T22:23:26Z,20250210,2025,790,0.64,99.92,45.48,True,True,True,https://noaa-nws-rtofs-pds.s3.amazonaws.com/rtofs.20250210/rtofs_glo_3dz_f006_6hrly_hvr_US_east.nc
ARGO_GDAC,pfl,aoml/4903469/profiles/D4903469_172.nc|2025-02-15T22:26:00Z|23.71210|-80.74958,aoml/4903469/profiles/D4903469_172.nc,4903469,4903469,23.7121,-80.74958,2025-02-15T22:26:00Z,20250215,2025,606,1.08,1201.48,81.4085,True,True,True,https://noaa-nws-rtofs-pds.s3.amazonaws.com/rtofs.20250215/rtofs_glo_3dz_f006_6hrly_hvr_US_east.nc
ARGO_GDAC,pfl,aoml/4903469/profiles/D4903469_172.nc|2025-02-15T22:26:00Z|23.71210|-80.74958,aoml/4903469/profiles/D4903469_172.nc,4903469,4903469,23.7121,-80.74958,2025-02-15T22:26:00Z,20250215,2025,771,0.72,100.0,81.784,True,True,True,https://noaa-nws-rtofs-pds.s3.amazonaws.com/rtofs.20250215/rtofs_glo_3dz_f006_6hrly_hvr_US_east.nc
ARGO_GDAC,pfl,aoml/4903469/profiles/D4903469_173.nc|2025-02-20T22:24:05Z|23.72039|-80.71987,aoml/4903469/profiles/D4903469_173.nc,4903469,4903469,23.72039,-80.71987,2025-02-20T22:24:05Z,20250220,2025,601,0.96,1191.16,25.2257,True,True,True,https://noaa-nws-rtofs-pds.s3.amazonaws.com/rtofs.20250220/rtofs_glo_3dz_f006_6hrly_hvr_US_east.nc
ARGO_GDAC,pfl,aoml/4903469/profiles/D4903469_173.nc|2025-02-20T22:24:05Z|23.72039|-80.71987,aoml/4903469/profiles/D4903469_173.nc,4903469,4903469,23.72039,-80.71987,2025-02-20T22:24:05Z,20250220,2025,815,0.52,99.92,24.0267,True,True,True,https://noaa-nws-rtofs-pds.s3.amazonaws.com/rtofs.20250220/rtofs_glo_3dz_f006_6hrly_hvr_US_east.nc
ARGO_GDAC,pfl,aoml/4903469/profiles/D4903469_174.nc|2025-02-25T22:25:08Z|23.73094|-80.68801,aoml/4903469/profiles/D4903469_174.nc,4903469,4903469,23.73094,-80.68801,2025-02-25T22:25:08Z,20250225,2025,593,0.48,1174.44,49.8771,True,True,True,https://noaa-nws-rtofs-pds.s3.amazonaws.com/rtofs.20250225/rtofs_glo_3dz_f006_6hrly_hvr_US_east.nc
ARGO_GDAC,pfl,aoml/4903469/profiles/D4903469_174.nc|2025-02-25T22:25:08Z|23.73094|-80.68801,aoml/4903469/profiles/D4903469_174.nc,4903469,4903469,23.73094,-80.68801,2025-02-25T22:25:08Z,20250225,2025,797,0.48,99.96,49.56,True,True,True,https://noaa-nws-rtofs-pds.s3.amazonaws.com/rtofs.20250225/rtofs_glo_3dz_f006_6hrly_hvr_US_east.nc
ARGO_GDAC,pfl,aoml/4903469/profiles/D4903469_175.nc|2025-03-02T22:22:14Z|23.73848|-80.66915,aoml/4903469/profiles/D4903469_175.nc,4903469,4903469,23.73848,-80.66915,2025-03-02T22:22:14Z,20250302,2025,587,1.08,1163.08,59.3763,True,True,True,https://noaa-nws-rtofs-pds.s3.amazonaws.com/rtofs.20250302/rtofs_glo_3dz_f006_6hrly_hvr_US_east.nc
ARGO_GDAC,pfl,aoml/4903469/profiles/D4903469_175.nc|2025-03-02T22:22:14Z|23.73848|-80.66915,aoml/4903469/profiles/D4903469_175.nc,4903469,4903469,23.73848,-80.66915,2025-03-02T22:22:14Z,20250302,2025,830,0.64,99.88,59.5525,True,True,True,https://noaa-nws-rtofs-pds.s3.amazonaws.com/rtofs.20250302/rtofs_glo_3dz_f006_6hrly_hvr_US_east.nc
ARGO_GDAC,pfl,aoml/4903469/profiles/D4903469_176.nc|2025-03-07T22:16:32Z|23.75273|-80.64838,aoml/4903469/profiles/D4903469_176.nc,4903469,4903469,23.75273,-80.64838,2025-03-07T22:16:32Z,20250307,2025,578,1.0,1145.0,86.637,True,True,True,https://noaa-nws-rtofs-pds.s3.amazonaws.com/rtofs.20250307/rtofs_glo_3dz_f006_6hrly_hvr_US_east.nc
ARGO_GDAC,pfl,aoml/4903469/profiles/D4903469_176.nc|2025-03-07T22:16:32Z|23.75273|-80.64838,aoml/4903469/profiles/D4903469_176.nc,4903469,4903469,23.75273,-80.64838,2025-03-07T22:16:32Z,20250307,2025,835,0.64,99.96,86.2711,True,True,True,https://noaa-nws-rtofs-pds.s3.amazonaws.com/rtofs.20250307/rtofs_glo_3dz_f006_6hrly_hvr_US_east.nc
ARGO_GDAC,pfl,aoml/4903469/profiles/D4903469_177.nc|2025-03-12T22:06:25Z|23.76721|-80.62578,aoml/4903469/profiles/D4903469_177.nc,4903469,4903469,23.76721,-80.62578,2025-03-12T22:06:25Z,20250312,2025,572,1.04,1133.08,54.3764,True,True,True,https://noaa-nws-rtofs-pds.s3.amazonaws.com/rtofs.20250312/rtofs_glo_3dz_f006_6hrly_hvr_US_east.nc
ARGO_GDAC,pfl,aoml/4903469/profiles/D4903469_177.nc|2025-03-12T22:06:25Z|23.76721|-80.62578,aoml/4903469/profiles/D4903469_177.nc,4903469,4903469,23.76721,-80.62578,2025-03-12T22:06:25Z,20250312,2025,837,0.64,99.88,54.74,True,True,True,https://noaa-nws-rtofs-pds.s3.amazonaws.com/rtofs.20250312/rtofs_glo_3dz_f006_6hrly_hvr_US_east.nc
ARGO_GDAC,pfl,aoml/4903469/profiles/D4903469_178.nc|2025-03-17T21:54:05Z|23.77004|-80.61121,aoml/4903469/profiles/D4903469_178.nc,4903469,4903469,23.77004,-80.61121,2025-03-17T21:54:05Z,20250317,2025,562,1.04,1113.24,71.126,True,True,True,https://noaa-nws-rtofs-pds.s3.amazonaws.com/rtofs.20250317/rtofs_glo_3dz_f006_6hrly_hvr_US_east.nc
ARGO_GDAC,pfl,aoml/4903469/profiles/D4903469_178.nc|2025-03-17T21:54:05Z|23.77004|-80.61121,aoml/4903469/profiles/D4903469_178.nc,4903469,4903469,23.77004,-80.61121,2025-03-17T21:54:05Z,20250317,2025,903,0.72,99.96,70.6,True,True,True,https://noaa-nws-rtofs-pds.s3.amazonaws.com/rtofs.20250317/rtofs_glo_3dz_f006_6hrly_hvr_US_east.nc
ARGO_GDAC,pfl,aoml/4903469/profiles/D4903469_179.nc|2025-03-22T21:42:09Z|23.76048|-80.60317,aoml/4903469/profiles/D4903469_179.nc,4903469,4903469,23.76048,-80.60317,2025-03-22T21:42:09Z,20250322,2025,554,1.04,1097.04,71.3584,True,True,True,https://noaa-nws-rtofs-pds.s3.amazonaws.com/rtofs.20250322/rtofs_glo_3dz_f006_6hrly_hvr_US_east.nc
ARGO_GDAC,pfl,aoml/4903469/profiles/D4903469_179.nc|2025-03-22T21:42:09Z|23.76048|-80.60317,aoml/4903469/profiles/D4903469_179.nc,4903469,4903469,23.76048,-80.60317,2025-03-22T21:42:09Z,20250322,2025,820,0.64,99.92,71.0445,True,True,True,https://noaa-nws-rtofs-pds.s3.amazonaws.com/rtofs.20250322/rtofs_glo_3dz_f006_6hrly_hvr_US_east.nc
ARGO_GDAC,pfl,aoml/4903469/profiles/D4903469_180.nc|2025-03-27T21:28:31Z|23.75066|-80.59522,aoml/4903469/profiles/D4903469_180.nc,4903469,4903469,23.75066,-80.59522,2025-03-27T21:28:31Z,20250327,2025,553,1.16,1095.52,59.2931,True,True,True,https://noaa-nws-rtofs-pds.s3.amazonaws.com/rtofs.20250327/rtofs_glo_3dz_f006_6hrly_hvr_US_east.nc
ARGO_GDAC,pfl,aoml/4903469/profiles/D4903469_180.nc|2025-03-27T21:28:31Z|23.75066|-80.59522,aoml/4903469/profiles/D4903469_180.nc,4903469,4903469,23.75066,-80.59522,2025-03-27T21:28:31Z,20250327,2025,806,0.84,99.92,60.0133,True,True,True,https://noaa-nws-rtofs-pds.s3.amazonaws.com/rtofs.20250327/rtofs_glo_3dz_f006_6hrly_hvr_US_east.nc
ARGO_GDAC,pfl,aoml/4903469/profiles/D4903469_181.nc|2025-04-01T21:17:59Z|23.75133|-80.58349,aoml/4903469/profiles/D4903469_181.nc,4903469,4903469,23.75133,-80.58349,2025-04-01T21:17:59Z,20250401,2025,544,1.08,1077.4,58.3305,True,True,True,https://noaa-nws-rtofs-pds.s3.amazonaws.com/rtofs.20250401/rtofs_glo_3dz_f006_6hrly_hvr_US_east.nc
ARGO_GDAC,pfl,aoml/4903469/profiles/D4903469_181.nc|2025-04-01T21:17:59Z|23.75133|-80.58349,aoml/4903469/profiles/D4903469_181.nc,4903469,4903469,23.75133,-80.58349,2025-04-01T21:17:59Z,20250401,2025,838,0.68,99.88,58.4399,True,True,True,https://noaa-nws-rtofs-pds.s3.amazonaws.com/rtofs.20250401/rtofs_glo_3dz_f006_6hrly_hvr_US_east.nc
ARGO_GDAC,pfl,aoml/4903469/profiles/D4903469_182.nc|2025-04-06T20:45:29Z|23.76544|-80.57276,aoml/4903469/profiles/D4903469_182.nc,4903469,4903469,23.76544,-80.57276,2025-04-06T20:45:29Z,20250406,2025,502,1.0,994.16,52.1422,True,True,True,https://noaa-nws-rtofs-pds.s3.amazonaws.com/rtofs.20250406/rtofs_glo_3dz_f006_6hrly_hvr_US_east.nc
ARGO_GDAC,pfl,aoml/4903469/profiles/D4903469_182.nc|2025-04-06T20:45:29Z|23.76544|-80.57276,aoml/4903469/profiles/D4903469_182.nc,4903469,4903469,23.76544,-80.57276,2025-04-06T20:45:29Z,20250406,2025,829,0.56,99.96,52.341,True,True,True,https://noaa-nws-rtofs-pds.s3.amazonaws.com/rtofs.20250406/rtofs_glo_3dz_f006_6hrly_hvr_US_east.nc
ARGO_GDAC,pfl,aoml/4903469/profiles/D4903469_183.nc|2025-04-11T20:22:34Z|23.77601|-80.56302,aoml/4903469/profiles/D4903469_183.nc,4903469,4903469,23.77601,-80.56302,2025-04-11T20:22:34Z,20250411,2025,514,1.08,1017.28,50.206,True,True,True,https://noaa-nws-rtofs-pds.s3.amazonaws.com/rtofs.20250411/rtofs_glo_3dz_f006_6hrly_hvr_US_east.nc
ARGO_GDAC,pfl,aoml/4903469/profiles/D4903469_183.nc|2025-04-11T20:22:34Z|23.77601|-80.56302,aoml/4903469/profiles/D4903469_183.nc,4903469,4903469,23.77601,-80.56302,2025-04-11T20:22:34Z,20250411,2025,828,0.68,99.92,50.6514,True,True,True,https://noaa-nws-rtofs-pds.s3.amazonaws.com/rtofs.20250411/rtofs_glo_3dz_f006_6hrly_hvr_US_east.nc
ARGO_GDAC,pfl,aoml/4903469/profiles/D4903469_184.nc|2025-04-16T19:50:03Z|23.77751|-80.55223,aoml/4903469/profiles/D4903469_184.nc,4903469,4903469,23.77751,-80.55223,2025-04-16T19:50:03Z,20250416,2025,479,1.04,947.52,54.0297,True,True,True,https://noaa-nws-rtofs-pds.s3.amazonaws.com/rtofs.20250416/rtofs_glo_3dz_f006_6hrly_hvr_US_east.nc
ARGO_GDAC,pfl,aoml/4903469/profiles/D4903469_184.nc|2025-04-16T19:50:03Z|23.77751|-80.55223,aoml/4903469/profiles/D4903469_184.nc,4903469,4903469,23.77751,-80.55223,2025-04-16T19:50:03Z,20250416,2025,779,0.64,99.88,54.06,True,True,True,https://noaa-nws-rtofs-pds.s3.amazonaws.com/rtofs.20250416/rtofs_glo_3dz_f006_6hrly_hvr_US_east.nc
ARGO_GDAC,pfl,aoml/4903469/profiles/D4903469_185.nc|2025-04-21T19:19:03Z|23.78349|-80.54735,aoml/4903469/profiles/D4903469_185.nc,4903469,4903469,23.78349,-80.54735,2025-04-21T19:19:03Z,20250421,2025,489,1.0,967.04,81.3293,True,True,True,https://noaa-nws-rtofs-pds.s3.amazonaws.com/rtofs.20250421/rtofs_glo_3dz_f006_6hrly_hvr_US_east.nc
ARGO_GDAC,pfl,aoml/4903469/profiles/D4903469_185.nc|2025-04-21T19:19:03Z|23.78349|-80.54735,aoml/4903469/profiles/D4903469_185.nc,4903469,4903469,23.78349,-80.54735,2025-04-21T19:19:03Z,20250421,2025,791,0.56,100.0,81.4972,True,True,True,https://noaa-nws-rtofs-pds.s3.amazonaws.com/rtofs.20250421/rtofs_glo_3dz_f006_6hrly_hvr_US_east.nc
ARGO_GDAC,pfl,aoml/4903469/profiles/D4903469_186.nc|2025-04-26T18:35:02Z|23.79673|-80.54634,aoml/4903469/profiles/D4903469_186.nc,4903469,4903469,23.79673,-80.54634,2025-04-26T18:35:02Z,20250426,2025,442,1.04,873.2,86.6684,True,True,True,https://noaa-nws-rtofs-pds.s3.amazonaws.com/rtofs.20250426/rtofs_glo_3dz_f006_6hrly_hvr_US_east.nc
ARGO_GDAC,pfl,aoml/4903469/profiles/D4903469_186.nc|2025-04-26T18:35:02Z|23.79673|-80.54634,aoml/4903469/profiles/D4903469_186.nc,4903469,4903469,23.79673,-80.54634,2025-04-26T18:35:02Z,20250426,2025,730,0.64,99.88,86.315,True,True,True,https://noaa-nws-rtofs-pds.s3.amazonaws.com/rtofs.20250426/rtofs_glo_3dz_f006_6hrly_hvr_US_east.nc
ARGO_GDAC,pfl,aoml/4903469/profiles/D4903469_187.nc|2025-05-01T18:02:33Z|23.79750|-80.54214,aoml/4903469/profiles/D4903469_187.nc,4903469,4903469,23.7975,-80.54214,2025-05-01T18:02:33Z,20250501,2025,458,1.12,906.48,78.6124,True,True,True,https://noaa-nws-rtofs-pds.s3.amazonaws.com/rtofs.20250501/rtofs_glo_3dz_f006_6hrly_hvr_US_east.nc
ARGO_GDAC,pfl,aoml/4903469/profiles/D4903469_187.nc|2025-05-01T18:02:33Z|23.79750|-80.54214,aoml/4903469/profiles/D4903469_187.nc,4903469,4903469,23.7975,-80.54214,2025-05-01T18:02:33Z,20250501,2025,845,0.8,100.0,78.311,True,True,True,https://noaa-nws-rtofs-pds.s3.amazonaws.com/rtofs.20250501/rtofs_glo_3dz_f006_6hrly_hvr_US_east.nc
ARGO_GDAC,pfl,aoml/4903469/profiles/D4903469_188.nc|2025-05-06T17:21:18Z|23.78512|-80.53591,aoml/4903469/profiles/D4903469_188.nc,4903469,4903469,23.78512,-80.53591,2025-05-06T17:21:18Z,20250506,2025,439,1.08,868.16,58.1982,True,True,True,https://noaa-nws-rtofs-pds.s3.amazonaws.com/rtofs.20250506/rtofs_glo_3dz_f006_6hrly_hvr_US_east.nc
ARGO_GDAC,pfl,aoml/4903469/profiles/D4903469_188.nc|2025-05-06T17:21:18Z|23.78512|-80.53591,aoml/4903469/profiles/D4903469_188.nc,4903469,4903469,23.78512,-80.53591,2025-05-06T17:21:18Z,20250506,2025,817,0.64,100.0,59.8399,True,True,True,https://noaa-nws-rtofs-pds.s3.amazonaws.com/rtofs.20250506/rtofs_glo_3dz_f006_6hrly_hvr_US_east.nc
ARGO_GDAC,pfl,aoml/4903469/profiles/D4903469_189.nc|2025-05-11T16:38:08Z|23.76151|-80.52477,aoml/4903469/profiles/D4903469_189.nc,4903469,4903469,23.76151,-80.52477,2025-05-11T16:38:08Z,20250511,2025,417,1.0,823.8,67.668,True,True,True,https://noaa-nws-rtofs-pds.s3.amazonaws.com/rtofs.20250511/rtofs_glo_3dz_f006_6hrly_hvr_US_east.nc
ARGO_GDAC,pfl,aoml/4903469/profiles/D4903469_189.nc|2025-05-11T16:38:08Z|23.76151|-80.52477,aoml/4903469/profiles/D4903469_189.nc,4903469,4903469,23.76151,-80.52477,2025-05-11T16:38:08Z,20250511,2025,816,0.56,99.88,67.14,True,True,True,https://noaa-nws-rtofs-pds.s3.amazonaws.com/rtofs.20250511/rtofs_glo_3dz_f006_6hrly_hvr_US_east.nc
ARGO_GDAC,pfl,aoml/4903469/profiles/D4903469_190.nc|2025-05-16T15:39:08Z|23.74517|-80.52449,aoml/4903469/profiles/D4903469_190.nc,4903469,4903469,23.74517,-80.52449,2025-05-16T15:39:08Z,20250516,2025,372,1.0,733.76,26.4473,True,True,True,https://noaa-nws-rtofs-pds.s3.amazonaws.com/rtofs.20250516/rtofs_glo_3dz_f006_6hrly_hvr_US_east.nc
ARGO_GDAC,pfl,aoml/4903469/profiles/D4903469_190.nc|2025-05-16T15:39:08Z|23.74517|-80.52449,aoml/4903469/profiles/D4903469_190.nc,4903469,4903469,23.74517,-80.52449,2025-05-16T15:39:08Z,20250516,2025,809,0.6,100.0,26.53,True,True,True,https://noaa-nws-rtofs-pds.s3.amazonaws.com/rtofs.20250516/rtofs_glo_3dz_f006_6hrly_hvr_US_east.nc
ARGO_GDAC,pfl,aoml/4903469/profiles/D4903469_191.nc|2025-05-21T14:44:03Z|23.73472|-80.53439,aoml/4903469/profiles/D4903469_191.nc,4903469,4903469,23.73472,-80.53439,2025-05-21T14:44:03Z,20250521,2025,390,1.04,769.12,54.0781,True,True,True,https://noaa-nws-rtofs-pds.s3.amazonaws.com/rtofs.20250521/rtofs_glo_3dz_f006_6hrly_hvr_US_east.nc
ARGO_GDAC,pfl,aoml/4903469/profiles/D4903469_191.nc|2025-05-21T14:44:03Z|23.73472|-80.53439,aoml/4903469/profiles/D4903469_191.nc,4903469,4903469,23.73472,-80.53439,2025-05-21T14:44:03Z,20250521,2025,827,0.56,99.96,54.9556,True,True,True,https://noaa-nws-rtofs-pds.s3.amazonaws.com/rtofs.20250521/rtofs_glo_3dz_f006_6hrly_hvr_US_east.nc
ARGO_GDAC,pfl,aoml/4903469/profiles/D4903469_192.nc|2025-05-26T14:10:07Z|23.73505|-80.54790,aoml/4903469/profiles/D4903469_192.nc,4903469,4903469,23.73505,-80.5479,2025-05-26T14:10:07Z,20250526,2025,449,1.04,887.8,57.8765,True,True,True,https://noaa-nws-rtofs-pds.s3.amazonaws.com/rtofs.20250526/rtofs_glo_3dz_f006_6hrly_hvr_US_east.nc
ARGO_GDAC,pfl,aoml/4903469/profiles/D4903469_192.nc|2025-05-26T14:10:07Z|23.73505|-80.54790,aoml/4903469/profiles/D4903469_192.nc,4903469,4903469,23.73505,-80.5479,2025-05-26T14:10:07Z,20250526,2025,859,0.68,99.88,57.6618,True,True,True,https://noaa-nws-rtofs-pds.s3.amazonaws.com/rtofs.20250526/rtofs_glo_3dz_f006_6hrly_hvr_US_east.nc
ARGO_GDAC,pfl,aoml/4903469/profiles/D4903469_193.nc|2025-05-31T13:34:05Z|23.77148|-80.56219,aoml/4903469/profiles/D4903469_193.nc,4903469,4903469,23.77148,-80.56219,2025-05-31T13:34:05Z,20250531,2025,450,1.0,889.6,26.1857,True,True,True,https://noaa-nws-rtofs-pds.s3.amazonaws.com/rtofs.20250531/rtofs_glo_3dz_f006_6hrly_hvr_US_east.nc
ARGO_GDAC,pfl,aoml/4903469/profiles/D4903469_193.nc|2025-05-31T13:34:05Z|23.77148|-80.56219,aoml/4903469/profiles/D4903469_193.nc,4903469,4903469,23.77148,-80.56219,2025-05-31T13:34:05Z,20250531,2025,817,0.64,99.96,20.9943,True,True,True,https://noaa-nws-rtofs-pds.s3.amazonaws.com/rtofs.20250531/rtofs_glo_3dz_f006_6hrly_hvr_US_east.nc
ARGO_GDAC,pfl,aoml/4903469/profiles/D4903469_194.nc|2025-06-05T13:05:32Z|23.79245|-80.56721,aoml/4903469/profiles/D4903469_194.nc,4903469,4903469,23.79245,-80.56721,2025-06-05T13:05:32Z,20250605,2025,495,0.96,979.36,21.3932,True,True,True,https://noaa-nws-rtofs-pds.s3.amazonaws.com/rtofs.20250605/rtofs_glo_3dz_f006_6hrly_hvr_US_east.nc
ARGO_GDAC,pfl,aoml/4903469/profiles/D4903469_194.nc|2025-06-05T13:05:32Z|23.79245|-80.56721,aoml/4903469/profiles/D4903469_194.nc,4903469,4903469,23.79245,-80.56721,2025-06-05T13:05:32Z,20250605,2025,849,0.52,99.96,21.2654,True,True,True,https://noaa-nws-rtofs-pds.s3.amazonaws.com/rtofs.20250605/rtofs_glo_3dz_f006_6hrly_hvr_US_east.nc
ARGO_GDAC,pfl,aoml/4903469/profiles/D4903469_195.nc|2025-06-10T12:42:30Z|23.80819|-80.57190,aoml/4903469/profiles/D4903469_195.nc,4903469,4903469,23.80819,-80.5719,2025-06-10T12:42:30Z,20250610,2025,504,1.0,997.72,31.3953,True,True,True,https://noaa-nws-rtofs-pds.s3.amazonaws.com/rtofs.20250610/rtofs_glo_3dz_f006_6hrly_hvr_US_east.nc
ARGO_GDAC,pfl,aoml/4903469/profiles/D4903469_195.nc|2025-06-10T12:42:30Z|23.80819|-80.57190,aoml/4903469/profiles/D4903469_195.nc,4903469,4903469,23.80819,-80.5719,2025-06-10T12:42:30Z,20250610,2025,806,0.56,99.88,31.724,True,True,True,https://noaa-nws-rtofs-pds.s3.amazonaws.com/rtofs.20250610/rtofs_glo_3dz_f006_6hrly_hvr_US_east.nc
ARGO_GDAC,pfl,aoml/4903469/profiles/D4903469_196.nc|2025-06-15T12:20:56Z|23.84474|-80.56445,aoml/4903469/profiles/D4903469_196.nc,4903469,4903469,23.84474,-80.56445,2025-06-15T12:20:56Z,20250615,2025,536,0.44,1059.2,41.5676,True,True,True,https://noaa-nws-rtofs-pds.s3.amazonaws.com/rtofs.20250615/rtofs_glo_3dz_f006_6hrly_hvr_US_east.nc
ARGO_GDAC,pfl,aoml/4903469/profiles/D4903469_196.nc|2025-06-15T12:20:56Z|23.84474|-80.56445,aoml/4903469/profiles/D4903469_196.nc,4903469,4903469,23.84474,-80.56445,2025-06-15T12:20:56Z,20250615,2025,715,0.44,99.88,41.0326,True,True,True,https://noaa-nws-rtofs-pds.s3.amazonaws.com/rtofs.20250615/rtofs_glo_3dz_f006_6hrly_hvr_US_east.nc
ARGO_GDAC,pfl,aoml/4903469/profiles/D4903469_197.nc|2025-06-20T12:08:10Z|23.89741|-80.54411,aoml/4903469/profiles/D4903469_197.nc,4903469,4903469,23.89741,-80.54411,2025-06-20T12:08:10Z,20250620,2025,523,1.0,1035.08,33.8131,True,True,True,https://noaa-nws-rtofs-pds.s3.amazonaws.com/rtofs.20250620/rtofs_glo_3dz_f006_6hrly_hvr_US_east.nc
ARGO_GDAC,pfl,aoml/4903469/profiles/D4903469_197.nc|2025-06-20T12:08:10Z|23.89741|-80.54411,aoml/4903469/profiles/D4903469_197.nc,4903469,4903469,23.89741,-80.54411,2025-06-20T12:08:10Z,20250620,2025,820,0.64,99.92,33.5861,True,True,True,https://noaa-nws-rtofs-pds.s3.amazonaws.com/rtofs.20250620/rtofs_glo_3dz_f006_6hrly_hvr_US_east.nc
ARGO_GDAC,pfl,aoml/4903469/profiles/D4903469_198.nc|2025-06-25T11:26:16Z|23.98263|-80.49758,aoml/4903469/profiles/D4903469_198.nc,4903469,4903469,23.98263,-80.49758,2025-06-25T11:26:16Z,20250625,2025,431,0.96,851.48,42.3779,True,True,True,https://noaa-nws-rtofs-pds.s3.amazonaws.com/rtofs.20250625/rtofs_glo_3dz_f006_6hrly_hvr_US_east.nc
ARGO_GDAC,pfl,aoml/4903469/profiles/D4903469_198.nc|2025-06-25T11:26:16Z|23.98263|-80.49758,aoml/4903469/profiles/D4903469_198.nc,4903469,4903469,23.98263,-80.49758,2025-06-25T11:26:16Z,20250625,2025,859,0.56,99.88,42.9535,True,True,True,https://noaa-nws-rtofs-pds.s3.amazonaws.com/rtofs.20250625/rtofs_glo_3dz_f006_6hrly_hvr_US_east.nc
ARGO_GDAC,pfl,aoml/4903469/profiles/D4903469_199.nc|2025-06-30T10:50:58Z|24.12715|-80.40097,aoml/4903469/profiles/D4903469_199.nc,4903469,4903469,24.12715,-80.40097,2025-06-30T10:50:58Z,20250630,2025,439,1.0,867.56,47.0688,True,True,True,https://noaa-nws-rtofs-pds.s3.amazonaws.com/rtofs.20250630/rtofs_glo_3dz_f006_6hrly_hvr_US_east.nc
ARGO_GDAC,pfl,aoml/4903469/profiles/D4903469_199.nc|2025-06-30T10:50:58Z|24.12715|-80.40097,aoml/4903469/profiles/D4903469_199.nc,4903469,4903469,24.12715,-80.40097,2025-06-30T10:50:58Z,20250630,2025,846,0.52,99.96,47.4733,True,True,True,https://noaa-nws-rtofs-pds.s3.amazonaws.com/rtofs.20250630/rtofs_glo_3dz_f006_6hrly_hvr_US_east.nc
ARGO_GDAC,pfl,aoml/4903469/profiles/D4903469_200.nc|2025-07-05T10:09:19Z|24.18830|-80.33310,aoml/4903469/profiles/D4903469_200.nc,4903469,4903469,24.1883,-80.3331,2025-07-05T10:09:19Z,20250705,2025,433,0.44,853.12,29.5481,True,True,True,https://noaa-nws-rtofs-pds.s3.amazonaws.com/rtofs.20250705/rtofs_glo_3dz_f006_6hrly_hvr_US_east.nc
ARGO_GDAC,pfl,aoml/4903469/profiles/D4903469_200.nc|2025-07-05T10:09:19Z|24.18830|-80.33310,aoml/4903469/profiles/D4903469_200.nc,4903469,4903469,24.1883,-80.3331,2025-07-05T10:09:19Z,20250705,2025,831,0.44,99.88,29.8799,True,True,True,https://noaa-nws-rtofs-pds.s3.amazonaws.com/rtofs.20250705/rtofs_glo_3dz_f006_6hrly_hvr_US_east.nc
ARGO_GDAC,pfl,aoml/4903469/profiles/D4903469_201.nc|2025-07-10T09:21:15Z|24.22561|-80.28042,aoml/4903469/profiles/D4903469_201.nc,4903469,4903469,24.22561,-80.28042,2025-07-10T09:21:15Z,20250710,2025,432,1.0,853.24,26.1767,True,True,True,https://noaa-nws-rtofs-pds.s3.amazonaws.com/rtofs.20250710/rtofs_glo_3dz_f006_6hrly_hvr_US_east.nc
ARGO_GDAC,pfl,aoml/4903469/profiles/D4903469_201.nc|2025-07-10T09:21:15Z|24.22561|-80.28042,aoml/4903469/profiles/D4903469_201.nc,4903469,4903469,24.22561,-80.28042,2025-07-10T09:21:15Z,20250710,2025,803,0.64,99.96,26.0289,True,True,True,https://noaa-nws-rtofs-pds.s3.amazonaws.com/rtofs.20250710/rtofs_glo_3dz_f006_6hrly_hvr_US_east.nc
ARGO_GDAC,pfl,aoml/4903469/profiles/D4903469_202.nc|2025-07-15T08:37:33Z|24.25799|-80.23358,aoml/4903469/profiles/D4903469_202.nc,4903469,4903469,24.25799,-80.23358,2025-07-15T08:37:33Z,20250715,2025,428,0.48,843.92,35.124,True,True,True,https://noaa-nws-rtofs-pds.s3.amazonaws.com/rtofs.20250715/rtofs_glo_3dz_f006_6hrly_hvr_US_east.nc
ARGO_GDAC,pfl,aoml/4903469/profiles/D4903469_202.nc|2025-07-15T08:37:33Z|24.25799|-80.23358,aoml/4903469/profiles/D4903469_202.nc,4903469,4903469,24.25799,-80.23358,2025-07-15T08:37:33Z,20250715,2025,842,0.48,100.0,35.508,True,True,True,https://noaa-nws-rtofs-pds.s3.amazonaws.com/rtofs.20250715/rtofs_glo_3dz_f006_6hrly_hvr_US_east.nc
ARGO_GDAC,pfl,aoml/4903469/profiles/D4903469_203.nc|2025-07-20T07:51:12Z|24.28694|-80.19244,aoml/4903469/profiles/D4903469_203.nc,4903469,4903469,24.28694,-80.19244,2025-07-20T07:51:12Z,20250720,2025,421,1.04,831.12,42.5183,True,True,True,https://noaa-nws-rtofs-pds.s3.amazonaws.com/rtofs.20250720/rtofs_glo_3dz_f006_6hrly_hvr_US_east.nc
ARGO_GDAC,pfl,aoml/4903469/profiles/D4903469_203.nc|2025-07-20T07:51:12Z|24.28694|-80.19244,aoml/4903469/profiles/D4903469_203.nc,4903469,4903469,24.28694,-80.19244,2025-07-20T07:51:12Z,20250720,2025,865,0.56,99.96,42.9175,True,True,True,https://noaa-nws-rtofs-pds.s3.amazonaws.com/rtofs.20250720/rtofs_glo_3dz_f006_6hrly_hvr_US_east.nc
ARGO_GDAC,pfl,aoml/4903469/profiles/D4903469_204.nc|2025-07-25T07:06:29Z|24.32276|-80.15869,aoml/4903469/profiles/D4903469_204.nc,4903469,4903469,24.32276,-80.15869,2025-07-25T07:06:29Z,20250725,2025,419,0.96,827.04,37.3775,True,True,True,https://noaa-nws-rtofs-pds.s3.amazonaws.com/rtofs.20250725/rtofs_glo_3dz_f006_6hrly_hvr_US_east.nc
ARGO_GDAC,pfl,aoml/4903469/profiles/D4903469_204.nc|2025-07-25T07:06:29Z|24.32276|-80.15869,aoml/4903469/profiles/D4903469_204.nc,4903469,4903469,24.32276,-80.15869,2025-07-25T07:06:29Z,20250725,2025,835,0.52,99.92,37.7733,True,True,True,https://noaa-nws-rtofs-pds.s3.amazonaws.com/rtofs.20250725/rtofs_glo_3dz_f006_6hrly_hvr_US_east.nc
ARGO_GDAC,pfl,aoml/4903469/profiles/D4903469_205.nc|2025-07-30T06:18:50Z|24.36337|-80.11463,aoml/4903469/profiles/D4903469_205.nc,4903469,4903469,24.36337,-80.11463,2025-07-30T06:18:50Z,20250730,2025,425,0.44,837.4,11.2196,True,True,True,https://noaa-nws-rtofs-pds.s3.amazonaws.com/rtofs.20250730/rtofs_glo_3dz_f006_6hrly_hvr_US_east.nc
ARGO_GDAC,pfl,aoml/4903469/profiles/D4903469_205.nc|2025-07-30T06:18:50Z|24.36337|-80.11463,aoml/4903469/profiles/D4903469_205.nc,4903469,4903469,24.36337,-80.11463,2025-07-30T06:18:50Z,20250730,2025,822,0.44,99.96,11.0716,True,True,True,https://noaa-nws-rtofs-pds.s3.amazonaws.com/rtofs.20250730/rtofs_glo_3dz_f006_6hrly_hvr_US_east.nc
ARGO_GDAC,pfl,aoml/4903469/profiles/D4903469_206.nc|2025-08-04T05:36:01Z|24.40660|-80.07096,aoml/4903469/profiles/D4903469_206.nc,4903469,4903469,24.4066,-80.07096,2025-08-04T05:36:01Z,20250804,2025,435,1.0,859.68,21.8758,True,True,True,https://noaa-nws-rtofs-pds.s3.amazonaws.com/rtofs.20250804/rtofs_glo_3dz_f006_6hrly_hvr_US_east.nc
ARGO_GDAC,pfl,aoml/4903469/profiles/D4903469_206.nc|2025-08-04T05:36:01Z|24.40660|-80.07096,aoml/4903469/profiles/D4903469_206.nc,4903469,4903469,24.4066,-80.07096,2025-08-04T05:36:01Z,20250804,2025,873,0.56,99.88,21.872,True,True,True,https://noaa-nws-rtofs-pds.s3.amazonaws.com/rtofs.20250804/rtofs_glo_3dz_f006_6hrly_hvr_US_east.nc
ARGO_GDAC,pfl,aoml/4903469/profiles/D4903469_207.nc|2025-08-09T04:56:28Z|24.44012|-80.03357,aoml/4903469/profiles/D4903469_207.nc,4903469,4903469,24.44012,-80.03357,2025-08-09T04:56:28Z,20250809,2025,439,1.12,868.16,43.1572,True,True,True,https://noaa-nws-rtofs-pds.s3.amazonaws.com/rtofs.20250809/rtofs_glo_3dz_f006_6hrly_hvr_US_east.nc
ARGO_GDAC,pfl,aoml/4903469/profiles/D4903469_207.nc|2025-08-09T04:56:28Z|24.44012|-80.03357,aoml/4903469/profiles/D4903469_207.nc,4903469,4903469,24.44012,-80.03357,2025-08-09T04:56:28Z,20250809,2025,872,0.8,100.0,43.5629,True,True,True,https://noaa-nws-rtofs-pds.s3.amazonaws.com/rtofs.20250809/rtofs_glo_3dz_f006_6hrly_hvr_US_east.nc
ARGO_GDAC,pfl,aoml/4903471/profiles/D4903471_090.nc|2024-01-01T20:58:51Z|28.57832|-87.76904,aoml/4903471/profiles/D4903471_090.nc,4903471,4903471,28.57832,-87.76904,2024-01-01T20:58:51Z,20240101,2024,1010,1.08,2009.04,71.7351,True,True,False,
ARGO_GDAC,pfl,aoml/4903471/profiles/D4903471_090.nc|2024-01-01T20:58:51Z|28.57832|-87.76904,aoml/4903471/profiles/D4903471_090.nc,4903471,4903471,28.57832,-87.76904,2024-01-01T20:58:51Z,20240101,2024,814,0.6,100.0,71.7,True,True,False,
ARGO_GDAC,pfl,aoml/4903471/profiles/D4903471_091.nc|2024-01-06T22:16:58Z|28.59619|-87.75360,aoml/4903471/profiles/D4903471_091.nc,4903471,4903471,28.59619,-87.7536,2024-01-06T22:16:58Z,20240106,2024,1011,1.04,2012.12,41.3866,True,True,False,
ARGO_GDAC,pfl,aoml/4903471/profiles/D4903471_091.nc|2024-01-06T22:16:58Z|28.59619|-87.75360,aoml/4903471/profiles/D4903471_091.nc,4903471,4903471,28.59619,-87.7536,2024-01-06T22:16:58Z,20240106,2024,789,0.72,99.92,40.5332,True,True,False,
ARGO_GDAC,pfl,aoml/4903471/profiles/D4903471_092.nc|2024-01-11T23:37:04Z|28.63828|-87.69121,aoml/4903471/profiles/D4903471_092.nc,4903471,4903471,28.63828,-87.69121,2024-01-11T23:37:04Z,20240111,2024,1011,0.44,2009.28,34.9872,True,True,False,
ARGO_GDAC,pfl,aoml/4903471/profiles/D4903471_092.nc|2024-01-11T23:37:04Z|28.63828|-87.69121,aoml/4903471/profiles/D4903471_092.nc,4903471,4903471,28.63828,-87.69121,2024-01-11T23:37:04Z,20240111,2024,841,0.44,99.92,35.17,True,True,False,
ARGO_GDAC,pfl,aoml/4903471/profiles/D4903471_093.nc|2024-01-17T00:53:33Z|28.67512|-87.64454,aoml/4903471/profiles/D4903471_093.nc,4903471,4903471,28.67512,-87.64454,2024-01-17T00:53:33Z,20240117,2024,1013,1.28,2016.12,156.0707,True,False,False,
ARGO_GDAC,pfl,aoml/4903471/profiles/D4903471_093.nc|2024-01-17T00:53:33Z|28.67512|-87.64454,aoml/4903471/profiles/D4903471_093.nc,4903471,4903471,28.67512,-87.64454,2024-01-17T00:53:33Z,20240117,2024,721,1.12,99.92,,False,False,False,
ARGO_GDAC,pfl,aoml/4903471/profiles/D4903471_094.nc|2024-01-22T02:06:49Z|28.66633|-87.62360,aoml/4903471/profiles/D4903471_094.nc,4903471,4903471,28.66633,-87.6236,2024-01-22T02:06:49Z,20240122,2024,1012,1.0,2013.92,110.1402,True,False,False,
ARGO_GDAC,pfl,aoml/4903471/profiles/D4903471_094.nc|2024-01-22T02:06:49Z|28.66633|-87.62360,aoml/4903471/profiles/D4903471_094.nc,4903471,4903471,28.66633,-87.6236,2024-01-22T02:06:49Z,20240122,2024,806,0.52,99.96,,False,False,False,
ARGO_GDAC,pfl,aoml/4903471/profiles/D4903471_095.nc|2024-01-27T03:26:28Z|28.68284|-87.58720,aoml/4903471/profiles/D4903471_095.nc,4903471,4903471,28.68284,-87.5872,2024-01-27T03:26:28Z,20240127,2024,1012,0.48,2012.2,19.8628,True,True,True,https://noaa-nws-rtofs-pds.s3.amazonaws.com/rtofs.20240127/rtofs_glo_3dz_f006_6hrly_hvr_US_east.nc
ARGO_GDAC,pfl,aoml/4903471/profiles/D4903471_095.nc|2024-01-27T03:26:28Z|28.68284|-87.58720,aoml/4903471/profiles/D4903471_095.nc,4903471,4903471,28.68284,-87.5872,2024-01-27T03:26:28Z,20240127,2024,782,0.48,100.0,19.744,True,True,True,https://noaa-nws-rtofs-pds.s3.amazonaws.com/rtofs.20240127/rtofs_glo_3dz_f006_6hrly_hvr_US_east.nc
ARGO_GDAC,pfl,aoml/4903471/profiles/D4903471_096.nc|2024-02-01T04:37:59Z|28.59504|-87.56394,aoml/4903471/profiles/D4903471_096.nc,4903471,4903471,28.59504,-87.56394,2024-02-01T04:37:59Z,20240201,2024,1013,1.0,2015.64,106.7892,True,False,True,https://noaa-nws-rtofs-pds.s3.amazonaws.com/rtofs.20240201/rtofs_glo_3dz_f006_6hrly_hvr_US_east.nc
ARGO_GDAC,pfl,aoml/4903471/profiles/D4903471_096.nc|2024-02-01T04:37:59Z|28.59504|-87.56394,aoml/4903471/profiles/D4903471_096.nc,4903471,4903471,28.59504,-87.56394,2024-02-01T04:37:59Z,20240201,2024,748,0.56,99.88,,False,False,True,https://noaa-nws-rtofs-pds.s3.amazonaws.com/rtofs.20240201/rtofs_glo_3dz_f006_6hrly_hvr_US_east.nc
ARGO_GDAC,pfl,aoml/4903471/profiles/D4903471_097.nc|2024-02-06T05:43:54Z|28.51682|-87.47712,aoml/4903471/profiles/D4903471_097.nc,4903471,4903471,28.51682,-87.47712,2024-02-06T05:43:54Z,20240206,2024,1013,1.0,2015.84,66.317,True,True,True,https://noaa-nws-rtofs-pds.s3.amazonaws.com/rtofs.20240206/rtofs_glo_3dz_f006_6hrly_hvr_US_east.nc
ARGO_GDAC,pfl,aoml/4903471/profiles/D4903471_097.nc|2024-02-06T05:43:54Z|28.51682|-87.47712,aoml/4903471/profiles/D4903471_097.nc,4903471,4903471,28.51682,-87.47712,2024-02-06T05:43:54Z,20240206,2024,885,0.64,99.92,66.038,True,True,True,https://noaa-nws-rtofs-pds.s3.amazonaws.com/rtofs.20240206/rtofs_glo_3dz_f006_6hrly_hvr_US_east.nc
ARGO_GDAC,pfl,aoml/4903471/profiles/D4903471_098.nc|2024-02-11T06:42:20Z|28.55260|-87.45222,aoml/4903471/profiles/D4903471_098.nc,4903471,4903471,28.5526,-87.45222,2024-02-11T06:42:20Z,20240211,2024,815,0.48,1617.8,34.4997,True,True,True,https://noaa-nws-rtofs-pds.s3.amazonaws.com/rtofs.20240211/rtofs_glo_3dz_f006_6hrly_hvr_US_east.nc
ARGO_GDAC,pfl,aoml/4903471/profiles/D4903471_098.nc|2024-02-11T06:42:20Z|28.55260|-87.45222,aoml/4903471/profiles/D4903471_098.nc,4903471,4903471,28.5526,-87.45222,2024-02-11T06:42:20Z,20240211,2024,824,0.48,99.92,35.1371,True,True,True,https://noaa-nws-rtofs-pds.s3.amazonaws.com/rtofs.20240211/rtofs_glo_3dz_f006_6hrly_hvr_US_east.nc
ARGO_GDAC,pfl,aoml/4903471/profiles/D4903471_099.nc|2024-02-16T07:39:27Z|28.74786|-87.45955,aoml/4903471/profiles/D4903471_099.nc,4903471,4903471,28.74786,-87.45955,2024-02-16T07:39:27Z,20240216,2024,793,1.04,1575.6,12.5285,True,True,True,https://noaa-nws-rtofs-pds.s3.amazonaws.com/rtofs.20240216/rtofs_glo_3dz_f006_6hrly_hvr_US_east.nc
ARGO_GDAC,pfl,aoml/4903471/profiles/D4903471_099.nc|2024-02-16T07:39:27Z|28.74786|-87.45955,aoml/4903471/profiles/D4903471_099.nc,4903471,4903471,28.74786,-87.45955,2024-02-16T07:39:27Z,20240216,2024,802,0.72,99.88,12.7986,True,True,True,https://noaa-nws-rtofs-pds.s3.amazonaws.com/rtofs.20240216/rtofs_glo_3dz_f006_6hrly_hvr_US_east.nc
ARGO_GDAC,pfl,aoml/4903471/profiles/D4903471_100.nc|2024-02-21T08:31:43Z|28.87218|-87.42371,aoml/4903471/profiles/D4903471_100.nc,4903471,4903471,28.87218,-87.42371,2024-02-21T08:31:43Z,20240221,2024,767,1.12,1523.76,38.2669,True,True,True,https://noaa-nws-rtofs-pds.s3.amazonaws.com/rtofs.20240221/rtofs_glo_3dz_f006_6hrly_hvr_US_east.nc
ARGO_GDAC,pfl,aoml/4903471/profiles/D4903471_100.nc|2024-02-21T08:31:43Z|28.87218|-87.42371,aoml/4903471/profiles/D4903471_100.nc,4903471,4903471,28.87218,-87.42371,2024-02-21T08:31:43Z,20240221,2024,840,0.8,99.96,37.9244,True,True,True,https://noaa-nws-rtofs-pds.s3.amazonaws.com/rtofs.20240221/rtofs_glo_3dz_f006_6hrly_hvr_US_east.nc
ARGO_GDAC,pfl,aoml/4903471/profiles/D4903471_101.nc|2024-02-26T09:24:40Z|28.90529|-87.40844,aoml/4903471/profiles/D4903471_101.nc,4903471,4903471,28.90529,-87.40844,2024-02-26T09:24:40Z,20240226,2024,780,1.04,1550.48,14.4912,True,True,True,https://noaa-nws-rtofs-pds.s3.amazonaws.com/rtofs.20240226/rtofs_glo_3dz_f006_6hrly_hvr_US_east.nc
ARGO_GDAC,pfl,aoml/4903471/profiles/D4903471_101.nc|2024-02-26T09:24:40Z|28.90529|-87.40844,aoml/4903471/profiles/D4903471_101.nc,4903471,4903471,28.90529,-87.40844,2024-02-26T09:24:40Z,20240226,2024,805,0.56,99.96,14.8008,True,True,True,https://noaa-nws-rtofs-pds.s3.amazonaws.com/rtofs.20240226/rtofs_glo_3dz_f006_6hrly_hvr_US_east.nc
ARGO_GDAC,pfl,aoml/4903471/profiles/D4903471_102.nc|2024-03-02T10:32:02Z|28.99660|-87.44847,aoml/4903471/profiles/D4903471_102.nc,4903471,4903471,28.9966,-87.44847,2024-03-02T10:32:02Z,20240302,2024,835,0.48,1658.08,35.2725,True,True,True,https://noaa-nws-rtofs-pds.s3.amazonaws.com/rtofs.20240302/rtofs_glo_3dz_f006_6hrly_hvr_US_east.nc
ARGO_GDAC,pfl,aoml/4903471/profiles/D4903471_102.nc|2024-03-02T10:32:02Z|28.99660|-87.44847,aoml/4903471/profiles/D4903471_102.nc,4903471,4903471,28.9966,-87.44847,2024-03-02T10:32:02Z,20240302,2024,800,0.48,99.92,35.5273,True,True,True,https://noaa-nws-rtofs-pds.s3.amazonaws.com/rtofs.20240302/rtofs_glo_3dz_f006_6hrly_hvr_US_east.nc
ARGO_GDAC,pfl,aoml/4903471/profiles/D4903471_103.nc|2024-03-07T11:59:57Z|28.99201|-87.51150,aoml/4903471/profiles/D4903471_103.nc,4903471,4903471,28.99201,-87.5115,2024-03-07T11:59:57Z,20240307,2024,887,0.96,1764.08,34.2802,True,True,True,https://noaa-nws-rtofs-pds.s3.amazonaws.com/rtofs.20240307/rtofs_glo_3dz_f006_6hrly_hvr_US_east.nc
ARGO_GDAC,pfl,aoml/4903471/profiles/D4903471_103.nc|2024-03-07T11:59:57Z|28.99201|-87.51150,aoml/4903471/profiles/D4903471_103.nc,4903471,4903471,28.99201,-87.5115,2024-03-07T11:59:57Z,20240307,2024,817,0.6,99.92,34.3156,True,True,True,https://noaa-nws-rtofs-pds.s3.amazonaws.com/rtofs.20240307/rtofs_glo_3dz_f006_6hrly_hvr_US_east.nc
ARGO_GDAC,pfl,aoml/4903471/profiles/D4903471_104.nc|2024-03-12T13:16:59Z|28.99791|-87.51654,aoml/4903471/profiles/D4903471_104.nc,4903471,4903471,28.99791,-87.51654,2024-03-12T13:16:59Z,20240312,2024,858,1.0,1705.72,42.6699,True,True,True,https://noaa-nws-rtofs-pds.s3.amazonaws.com/rtofs.20240312/rtofs_glo_3dz_f006_6hrly_hvr_US_east.nc
ARGO_GDAC,pfl,aoml/4903471/profiles/D4903471_104.nc|2024-03-12T13:16:59Z|28.99791|-87.51654,aoml/4903471/profiles/D4903471_104.nc,4903471,4903471,28.99791,-87.51654,2024-03-12T13:16:59Z,20240312,2024,824,0.56,99.88,42.464,True,True,True,https://noaa-nws-rtofs-pds.s3.amazonaws.com/rtofs.20240312/rtofs_glo_3dz_f006_6hrly_hvr_US_east.nc
ARGO_GDAC,pfl,aoml/4903471/profiles/D4903471_105.nc|2024-03-17T14:23:29Z|28.97992|-87.55369,aoml/4903471/profiles/D4903471_105.nc,4903471,4903471,28.97992,-87.55369,2024-03-17T14:23:29Z,20240317,2024,843,1.0,1675.84,33.2254,True,True,True,https://noaa-nws-rtofs-pds.s3.amazonaws.com/rtofs.20240317/rtofs_glo_3dz_f006_6hrly_hvr_US_east.nc
ARGO_GDAC,pfl,aoml/4903471/profiles/D4903471_105.nc|2024-03-17T14:23:29Z|28.97992|-87.55369,aoml/4903471/profiles/D4903471_105.nc,4903471,4903471,28.97992,-87.55369,2024-03-17T14:23:29Z,20240317,2024,808,0.52,99.96,33.4124,True,True,True,https://noaa-nws-rtofs-pds.s3.amazonaws.com/rtofs.20240317/rtofs_glo_3dz_f006_6hrly_hvr_US_east.nc
ARGO_GDAC,pfl,aoml/4903471/profiles/D4903471_106.nc|2024-03-22T15:38:58Z|28.99537|-87.64414,aoml/4903471/profiles/D4903471_106.nc,4903471,4903471,28.99537,-87.64414,2024-03-22T15:38:58Z,20240322,2024,881,1.04,1752.32,58.3768,True,True,True,https://noaa-nws-rtofs-pds.s3.amazonaws.com/rtofs.20240322/rtofs_glo_3dz_f006_6hrly_hvr_US_east.nc
ARGO_GDAC,pfl,aoml/4903471/profiles/D4903471_106.nc|2024-03-22T15:38:58Z|28.99537|-87.64414,aoml/4903471/profiles/D4903471_106.nc,4903471,4903471,28.99537,-87.64414,2024-03-22T15:38:58Z,20240322,2024,812,0.76,99.92,58.6317,True,True,True,https://noaa-nws-rtofs-pds.s3.amazonaws.com/rtofs.20240322/rtofs_glo_3dz_f006_6hrly_hvr_US_east.nc
ARGO_GDAC,pfl,aoml/4903471/profiles/D4903471_107.nc|2024-03-27T17:02:27Z|28.96202|-87.70210,aoml/4903471/profiles/D4903471_107.nc,4903471,4903471,28.96202,-87.7021,2024-03-27T17:02:27Z,20240327,2024,889,0.48,1765.92,69.1886,True,True,True,https://noaa-nws-rtofs-pds.s3.amazonaws.com/rtofs.20240327/rtofs_glo_3dz_f006_6hrly_hvr_US_east.nc
ARGO_GDAC,pfl,aoml/4903471/profiles/D4903471_107.nc|2024-03-27T17:02:27Z|28.96202|-87.70210,aoml/4903471/profiles/D4903471_107.nc,4903471,4903471,28.96202,-87.7021,2024-03-27T17:02:27Z,20240327,2024,805,0.48,99.88,68.9962,True,True,True,https://noaa-nws-rtofs-pds.s3.amazonaws.com/rtofs.20240327/rtofs_glo_3dz_f006_6hrly_hvr_US_east.nc
ARGO_GDAC,pfl,aoml/4903471/profiles/D4903471_108.nc|2024-04-01T18:27:16Z|28.92653|-87.78807,aoml/4903471/profiles/D4903471_108.nc,4903471,4903471,28.92653,-87.78807,2024-04-01T18:27:16Z,20240401,2024,879,0.96,1747.68,55.786,True,True,True,https://noaa-nws-rtofs-pds.s3.amazonaws.com/rtofs.20240401/rtofs_glo_3dz_f006_6hrly_hvr_US_east.nc
ARGO_GDAC,pfl,aoml/4903471/profiles/D4903471_108.nc|2024-04-01T18:27:16Z|28.92653|-87.78807,aoml/4903471/profiles/D4903471_108.nc,4903471,4903471,28.92653,-87.78807,2024-04-01T18:27:16Z,20240401,2024,781,0.6,99.96,55.99,True,True,True,https://noaa-nws-rtofs-pds.s3.amazonaws.com/rtofs.20240401/rtofs_glo_3dz_f006_6hrly_hvr_US_east.nc
ARGO_GDAC,pfl,aoml/4903471/profiles/D4903471_109.nc|2024-04-06T19:31:06Z|28.91303|-87.88618,aoml/4903471/profiles/D4903471_109.nc,4903471,4903471,28.91303,-87.88618,2024-04-06T19:31:06Z,20240406,2024,826,0.96,1642.2,33.8311,True,True,True,https://noaa-nws-rtofs-pds.s3.amazonaws.com/rtofs.20240406/rtofs_glo_3dz_f006_6hrly_hvr_US_east.nc
ARGO_GDAC,pfl,aoml/4903471/profiles/D4903471_109.nc|2024-04-06T19:31:06Z|28.91303|-87.88618,aoml/4903471/profiles/D4903471_109.nc,4903471,4903471,28.91303,-87.88618,2024-04-06T19:31:06Z,20240406,2024,789,0.52,99.96,34.248,True,True,True,https://noaa-nws-rtofs-pds.s3.amazonaws.com/rtofs.20240406/rtofs_glo_3dz_f006_6hrly_hvr_US_east.nc
ARGO_GDAC,pfl,aoml/4903471/profiles/D4903471_110.nc|2024-04-11T20:35:29Z|28.92994|-87.97940,aoml/4903471/profiles/D4903471_110.nc,4903471,4903471,28.92994,-87.9794,2024-04-11T20:35:29Z,20240411,2024,792,1.12,1574.64,16.8664,True,True,True,https://noaa-nws-rtofs-pds.s3.amazonaws.com/rtofs.20240411/rtofs_glo_3dz_f006_6hrly_hvr_US_east.nc
ARGO_GDAC,pfl,aoml/4903471/profiles/D4903471_110.nc|2024-04-11T20:35:29Z|28.92994|-87.97940,aoml/4903471/profiles/D4903471_110.nc,4903471,4903471,28.92994,-87.9794,2024-04-11T20:35:29Z,20240411,2024,864,0.6,99.96,17.5354,True,True,True,https://noaa-nws-rtofs-pds.s3.amazonaws.com/rtofs.20240411/rtofs_glo_3dz_f006_6hrly_hvr_US_east.nc
ARGO_GDAC,pfl,aoml/4903471/profiles/D4903471_111.nc|2024-04-16T21:28:03Z|28.94105|-88.03378,aoml/4903471/profiles/D4903471_111.nc,4903471,4903471,28.94105,-88.03378,2024-04-16T21:28:03Z,20240416,2024,783,1.04,1555.96,32.3237,True,True,True,https://noaa-nws-rtofs-pds.s3.amazonaws.com/rtofs.20240416/rtofs_glo_3dz_f006_6hrly_hvr_US_east.nc
ARGO_GDAC,pfl,aoml/4903471/profiles/D4903471_111.nc|2024-04-16T21:28:03Z|28.94105|-88.03378,aoml/4903471/profiles/D4903471_111.nc,4903471,4903471,28.94105,-88.03378,2024-04-16T21:28:03Z,20240416,2024,776,0.64,99.88,32.315,True,True,True,https://noaa-nws-rtofs-pds.s3.amazonaws.com/rtofs.20240416/rtofs_glo_3dz_f006_6hrly_hvr_US_east.nc
ARGO_GDAC,pfl,aoml/4903471/profiles/D4903471_112.nc|2024-04-21T22:52:07Z|28.70510|-88.24291,aoml/4903471/profiles/D4903471_112.nc,4903471,4903471,28.7051,-88.24291,2024-04-21T22:52:07Z,20240421,2024,882,0.96,1753.64,13.2591,True,True,True,https://noaa-nws-rtofs-pds.s3.amazonaws.com/rtofs.20240421/rtofs_glo_3dz_f006_6hrly_hvr_US_east.nc
ARGO_GDAC,pfl,aoml/4903471/profiles/D4903471_112.nc|2024-04-21T22:52:07Z|28.70510|-88.24291,aoml/4903471/profiles/D4903471_112.nc,4903471,4903471,28.7051,-88.24291,2024-04-21T22:52:07Z,20240421,2024,883,0.6,99.96,13.3928,True,True,True,https://noaa-nws-rtofs-pds.s3.amazonaws.com/rtofs.20240421/rtofs_glo_3dz_f006_6hrly_hvr_US_east.nc
ARGO_GDAC,pfl,aoml/4903471/profiles/D4903471_113.nc|2024-04-27T00:09:51Z|28.63242|-88.37561,aoml/4903471/profiles/D4903471_113.nc,4903471,4903471,28.63242,-88.37561,2024-04-27T00:09:51Z,20240427,2024,858,1.08,1706.2,23.6202,True,True,True,https://noaa-nws-rtofs-pds.s3.amazonaws.com/rtofs.20240427/rtofs_glo_3dz_f006_6hrly_hvr_US_east.nc
ARGO_GDAC,pfl,aoml/4903471/profiles/D4903471_113.nc|2024-04-27T00:09:51Z|28.63242|-88.37561,aoml/4903471/profiles/D4903471_113.nc,4903471,4903471,28.63242,-88.37561,2024-04-27T00:09:51Z,20240427,2024,786,0.72,99.84,23.58,True,True,True,https://noaa-nws-rtofs-pds.s3.amazonaws.com/rtofs.20240427/rtofs_glo_3dz_f006_6hrly_hvr_US_east.nc
ARGO_GDAC,pfl,aoml/4903471/profiles/D4903471_114.nc|2024-05-02T01:09:40Z|28.41951|-88.56052,aoml/4903471/profiles/D4903471_114.nc,4903471,4903471,28.41951,-88.56052,2024-05-02T01:09:40Z,20240502,2024,778,1.04,1545.76,18.1371,True,True,True,https://noaa-nws-rtofs-pds.s3.amazonaws.com/rtofs.20240502/rtofs_glo_3dz_f006_6hrly_hvr_US_east.nc
ARGO_GDAC,pfl,aoml/4903471/profiles/D4903471_114.nc|2024-05-02T01:09:40Z|28.41951|-88.56052,aoml/4903471/profiles/D4903471_114.nc,4903471,4903471,28.41951,-88.56052,2024-05-02T01:09:40Z,20240502,2024,790,0.68,99.88,18.6133,True,True,True,https://noaa-nws-rtofs-pds.s3.amazonaws.com/rtofs.20240502/rtofs_glo_3dz_f006_6hrly_hvr_US_east.nc
ARGO_GDAC,pfl,aoml/4903471/profiles/D4903471_115.nc|2024-05-07T02:07:29Z|28.34491|-88.59137,aoml/4903471/profiles/D4903471_115.nc,4903471,4903471,28.34491,-88.59137,2024-05-07T02:07:29Z,20240507,2024,780,1.0,1549.24,12.0046,True,True,True,https://noaa-nws-rtofs-pds.s3.amazonaws.com/rtofs.20240507/rtofs_glo_3dz_f006_6hrly_hvr_US_east.nc
ARGO_GDAC,pfl,aoml/4903471/profiles/D4903471_115.nc|2024-05-07T02:07:29Z|28.34491|-88.59137,aoml/4903471/profiles/D4903471_115.nc,4903471,4903471,28.34491,-88.59137,2024-05-07T02:07:29Z,20240507,2024,794,0.64,99.88,12.1067,True,True,True,https://noaa-nws-rtofs-pds.s3.amazonaws.com/rtofs.20240507/rtofs_glo_3dz_f006_6hrly_hvr_US_east.nc
ARGO_GDAC,pfl,aoml/4903471/profiles/D4903471_116.nc|2024-05-12T03:12:25Z|28.30868|-88.65948,aoml/4903471/profiles/D4903471_116.nc,4903471,4903471,28.30868,-88.65948,2024-05-12T03:12:25Z,20240512,2024,793,1.16,1576.84,11.1994,True,True,True,https://noaa-nws-rtofs-pds.s3.amazonaws.com/rtofs.20240512/rtofs_glo_3dz_f006_6hrly_hvr_US_east.nc
ARGO_GDAC,pfl,aoml/4903471/profiles/D4903471_116.nc|2024-05-12T03:12:25Z|28.30868|-88.65948,aoml/4903471/profiles/D4903471_116.nc,4903471,4903471,28.30868,-88.65948,2024-05-12T03:12:25Z,20240512,2024,861,0.8,99.92,11.1385,True,True,True,https://noaa-nws-rtofs-pds.s3.amazonaws.com/rtofs.20240512/rtofs_glo_3dz_f006_6hrly_hvr_US_east.nc
ARGO_GDAC,pfl,aoml/4903471/profiles/D4903471_117.nc|2024-05-17T04:11:54Z|28.30526|-88.66133,aoml/4903471/profiles/D4903471_117.nc,4903471,4903471,28.30526,-88.66133,2024-05-17T04:11:54Z,20240517,2024,796,1.08,1582.76,17.2642,True,True,True,https://noaa-nws-rtofs-pds.s3.amazonaws.com/rtofs.20240517/rtofs_glo_3dz_f006_6hrly_hvr_US_east.nc
ARGO_GDAC,pfl,aoml/4903471/profiles/D4903471_117.nc|2024-05-17T04:11:54Z|28.30526|-88.66133,aoml/4903471/profiles/D4903471_117.nc,4903471,4903471,28.30526,-88.66133,2024-05-17T04:11:54Z,20240517,2024,849,0.6,99.92,17.9994,True,True,True,https://noaa-nws-rtofs-pds.s3.amazonaws.com/rtofs.20240517/rtofs_glo_3dz_f006_6hrly_hvr_US_east.nc
ARGO_GDAC,pfl,aoml/4903471/profiles/D4903471_118.nc|2024-05-22T05:08:43Z|28.27887|-88.70122,aoml/4903471/profiles/D4903471_118.nc,4903471,4903471,28.27887,-88.70122,2024-05-22T05:08:43Z,20240522,2024,809,0.48,1605.52,18.601,True,True,True,https://noaa-nws-rtofs-pds.s3.amazonaws.com/rtofs.20240522/rtofs_glo_3dz_f006_6hrly_hvr_US_east.nc
ARGO_GDAC,pfl,aoml/4903471/profiles/D4903471_118.nc|2024-05-22T05:08:43Z|28.27887|-88.70122,aoml/4903471/profiles/D4903471_118.nc,4903471,4903471,28.27887,-88.70122,2024-05-22T05:08:43Z,20240522,2024,787,0.48,99.88,17.8123,True,True,True,https://noaa-nws-rtofs-pds.s3.amazonaws.com/rtofs.20240522/rtofs_glo_3dz_f006_6hrly_hvr_US_east.nc
ARGO_GDAC,pfl,aoml/4903471/profiles/D4903471_119.nc|2024-05-27T06:10:20Z|28.20310|-88.81172,aoml/4903471/profiles/D4903471_119.nc,4903471,4903471,28.2031,-88.81172,2024-05-27T06:10:20Z,20240527,2024,819,4.36,1633.2,13.7604,True,True,True,https://noaa-nws-rtofs-pds.s3.amazonaws.com/rtofs.20240527/rtofs_glo_3dz_f006_6hrly_hvr_US_east.nc
ARGO_GDAC,pfl,aoml/4903471/profiles/D4903471_119.nc|2024-05-27T06:10:20Z|28.20310|-88.81172,aoml/4903471/profiles/D4903471_119.nc,4903471,4903471,28.2031,-88.81172,2024-05-27T06:10:20Z,20240527,2024,922,4.16,99.92,13.9467,True,True,True,https://noaa-nws-rtofs-pds.s3.amazonaws.com/rtofs.20240527/rtofs_glo_3dz_f006_6hrly_hvr_US_east.nc
ARGO_GDAC,pfl,aoml/4903471/profiles/D4903471_120.nc|2024-06-01T07:24:11Z|28.13183|-88.80920,aoml/4903471/profiles/D4903471_120.nc,4903471,4903471,28.13183,-88.8092,2024-06-01T07:24:11Z,20240601,2024,840,1.16,1669.16,15.2238,True,True,True,https://noaa-nws-rtofs-pds.s3.amazonaws.com/rtofs.20240601/rtofs_glo_3dz_f006_6hrly_hvr_US_east.nc
ARGO_GDAC,pfl,aoml/4903471/profiles/D4903471_120.nc|2024-06-01T07:24:11Z|28.13183|-88.80920,aoml/4903471/profiles/D4903471_120.nc,4903471,4903471,28.13183,-88.8092,2024-06-01T07:24:11Z,20240601,2024,963,0.84,99.92,15.957,True,True,True,https://noaa-nws-rtofs-pds.s3.amazonaws.com/rtofs.20240601/rtofs_glo_3dz_f006_6hrly_hvr_US_east.nc
ARGO_GDAC,pfl,aoml/4903471/profiles/D4903471_121.nc|2024-06-06T08:47:50Z|28.09420|-88.78544,aoml/4903471/profiles/D4903471_121.nc,4903471,4903471,28.0942,-88.78544,2024-06-06T08:47:50Z,20240606,2024,880,1.08,1749.88,10.712,True,True,True,https://noaa-nws-rtofs-pds.s3.amazonaws.com/rtofs.20240606/rtofs_glo_3dz_f006_6hrly_hvr_US_east.nc
ARGO_GDAC,pfl,aoml/4903471/profiles/D4903471_121.nc|2024-06-06T08:47:50Z|28.09420|-88.78544,aoml/4903471/profiles/D4903471_121.nc,4903471,4903471,28.0942,-88.78544,2024-06-06T08:47:50Z,20240606,2024,972,0.72,99.92,10.6006,True,True,True,https://noaa-nws-rtofs-pds.s3.amazonaws.com/rtofs.20240606/rtofs_glo_3dz_f006_6hrly_hvr_US_east.nc
ARGO_GDAC,pfl,aoml/4903471/profiles/D4903471_122.nc|2024-06-11T10:05:30Z|28.05306|-88.83107,aoml/4903471/profiles/D4903471_122.nc,4903471,4903471,28.05306,-88.83107,2024-06-11T10:05:30Z,20240611,2024,856,1.12,1701.4,11.2572,True,True,True,https://noaa-nws-rtofs-pds.s3.amazonaws.com/rtofs.20240611/rtofs_glo_3dz_f006_6hrly_hvr_US_east.nc
ARGO_GDAC,pfl,aoml/4903471/profiles/D4903471_122.nc|2024-06-11T10:05:30Z|28.05306|-88.83107,aoml/4903471/profiles/D4903471_122.nc,4903471,4903471,28.05306,-88.83107,2024-06-11T10:05:30Z,20240611,2024,875,0.8,99.96,10.6223,True,True,True,https://noaa-nws-rtofs-pds.s3.amazonaws.com/rtofs.20240611/rtofs_glo_3dz_f006_6hrly_hvr_US_east.nc
ARGO_GDAC,pfl,aoml/4903471/profiles/D4903471_123.nc|2024-06-16T11:24:25Z|28.08735|-88.81360,aoml/4903471/profiles/D4903471_123.nc,4903471,4903471,28.08735,-88.8136,2024-06-16T11:24:25Z,20240616,2024,874,1.04,1737.48,13.4017,True,True,True,https://noaa-nws-rtofs-pds.s3.amazonaws.com/rtofs.20240616/rtofs_glo_3dz_f006_6hrly_hvr_US_east.nc
ARGO_GDAC,pfl,aoml/4903471/profiles/D4903471_123.nc|2024-06-16T11:24:25Z|28.08735|-88.81360,aoml/4903471/profiles/D4903471_123.nc,4903471,4903471,28.08735,-88.8136,2024-06-16T11:24:25Z,20240616,2024,877,0.68,99.88,13.9709,True,True,True,https://noaa-nws-rtofs-pds.s3.amazonaws.com/rtofs.20240616/rtofs_glo_3dz_f006_6hrly_hvr_US_east.nc
ARGO_GDAC,pfl,aoml/4903471/profiles/D4903471_124.nc|2024-06-21T12:29:21Z|27.84063|-88.80860,aoml/4903471/profiles/D4903471_124.nc,4903471,4903471,27.84063,-88.8086,2024-06-21T12:29:21Z,20240621,2024,794,1.0,1578.2,29.0,True,True,True,https://noaa-nws-rtofs-pds.s3.amazonaws.com/rtofs.20240621/rtofs_glo_3dz_f006_6hrly_hvr_US_east.nc
ARGO_GDAC,pfl,aoml/4903471/profiles/D4903471_124.nc|2024-06-21T12:29:21Z|27.84063|-88.80860,aoml/4903471/profiles/D4903471_124.nc,4903471,4903471,27.84063,-88.8086,2024-06-21T12:29:21Z,20240621,2024,868,0.56,99.84,29.3643,True,True,True,https://noaa-nws-rtofs-pds.s3.amazonaws.com/rtofs.20240621/rtofs_glo_3dz_f006_6hrly_hvr_US_east.nc
ARGO_GDAC,pfl,aoml/4903471/profiles/D4903471_125.nc|2024-06-26T13:33:01Z|27.73155|-88.76337,aoml/4903471/profiles/D4903471_125.nc,4903471,4903471,27.73155,-88.76337,2024-06-26T13:33:01Z,20240626,2024,814,1.0,1617.6,15.8237,True,True,True,https://noaa-nws-rtofs-pds.s3.amazonaws.com/rtofs.20240626/rtofs_glo_3dz_f006_6hrly_hvr_US_east.nc
ARGO_GDAC,pfl,aoml/4903471/profiles/D4903471_125.nc|2024-06-26T13:33:01Z|27.73155|-88.76337,aoml/4903471/profiles/D4903471_125.nc,4903471,4903471,27.73155,-88.76337,2024-06-26T13:33:01Z,20240626,2024,852,0.52,100.0,15.2659,True,True,True,https://noaa-nws-rtofs-pds.s3.amazonaws.com/rtofs.20240626/rtofs_glo_3dz_f006_6hrly_hvr_US_east.nc
ARGO_GDAC,pfl,aoml/4903471/profiles/D4903471_126.nc|2024-07-01T14:37:56Z|27.71931|-88.86753,aoml/4903471/profiles/D4903471_126.nc,4903471,4903471,27.71931,-88.86753,2024-07-01T14:37:56Z,20240701,2024,813,1.04,1615.6,20.5206,True,True,True,https://noaa-nws-rtofs-pds.s3.amazonaws.com/rtofs.20240701/rtofs_glo_3dz_f006_6hrly_hvr_US_east.nc
ARGO_GDAC,pfl,aoml/4903471/profiles/D4903471_126.nc|2024-07-01T14:37:56Z|27.71931|-88.86753,aoml/4903471/profiles/D4903471_126.nc,4903471,4903471,27.71931,-88.86753,2024-07-01T14:37:56Z,20240701,2024,895,0.72,99.92,21.16,True,True,True,https://noaa-nws-rtofs-pds.s3.amazonaws.com/rtofs.20240701/rtofs_glo_3dz_f006_6hrly_hvr_US_east.nc
ARGO_GDAC,pfl,aoml/4903471/profiles/D4903471_127.nc|2024-07-06T15:29:04Z|27.72567|-89.05090,aoml/4903471/profiles/D4903471_127.nc,4903471,4903471,27.72567,-89.0509,2024-07-06T15:29:04Z,20240706,2024,757,1.04,1503.52,12.1798,True,True,True,https://noaa-nws-rtofs-pds.s3.amazonaws.com/rtofs.20240706/rtofs_glo_3dz_f006_6hrly_hvr_US_east.nc
ARGO_GDAC,pfl,aoml/4903471/profiles/D4903471_127.nc|2024-07-06T15:29:04Z|27.72567|-89.05090,aoml/4903471/profiles/D4903471_127.nc,4903471,4903471,27.72567,-89.0509,2024-07-06T15:29:04Z,20240706,2024,920,0.68,99.92,12.3908,True,True,True,https://noaa-nws-rtofs-pds.s3.amazonaws.com/rtofs.20240706/rtofs_glo_3dz_f006_6hrly_hvr_US_east.nc
ARGO_GDAC,pfl,aoml/4903471/profiles/D4903471_128.nc|2024-07-11T16:07:22Z|27.77527|-89.08284,aoml/4903471/profiles/D4903471_128.nc,4903471,4903471,27.77527,-89.08284,2024-07-11T16:07:22Z,20240711,2024,724,1.16,1437.24,12.6586,True,True,True,https://noaa-nws-rtofs-pds.s3.amazonaws.com/rtofs.20240711/rtofs_glo_3dz_f006_6hrly_hvr_US_east.nc
ARGO_GDAC,pfl,aoml/4903471/profiles/D4903471_128.nc|2024-07-11T16:07:22Z|27.77527|-89.08284,aoml/4903471/profiles/D4903471_128.nc,4903471,4903471,27.77527,-89.08284,2024-07-11T16:07:22Z,20240711,2024,965,0.76,99.96,12.0503,True,True,True,https://noaa-nws-rtofs-pds.s3.amazonaws.com/rtofs.20240711/rtofs_glo_3dz_f006_6hrly_hvr_US_east.nc
ARGO_GDAC,pfl,aoml/4903471/profiles/D4903471_129.nc|2024-07-16T16:34:22Z|27.78317|-89.10824,aoml/4903471/profiles/D4903471_129.nc,4903471,4903471,27.78317,-89.10824,2024-07-16T16:34:22Z,20240716,2024,688,1.08,1366.12,13.4858,True,True,True,https://noaa-nws-rtofs-pds.s3.amazonaws.com/rtofs.20240716/rtofs_glo_3dz_f006_6hrly_hvr_US_east.nc
ARGO_GDAC,pfl,aoml/4903471/profiles/D4903471_129.nc|2024-07-16T16:34:22Z|27.78317|-89.10824,aoml/4903471/profiles/D4903471_129.nc,4903471,4903471,27.78317,-89.10824,2024-07-16T16:34:22Z,20240716,2024,955,0.72,99.96,13.363,True,True,True,https://noaa-nws-rtofs-pds.s3.amazonaws.com/rtofs.20240716/rtofs_glo_3dz_f006_6hrly_hvr_US_east.nc
ARGO_GDAC,pfl,aoml/4903471/profiles/D4903471_130.nc|2024-07-21T16:55:19Z|27.79129|-89.11488,aoml/4903471/profiles/D4903471_130.nc,4903471,4903471,27.79129,-89.11488,2024-07-21T16:55:19Z,20240721,2024,667,1.2,1323.32,19.3392,True,True,True,https://noaa-nws-rtofs-pds.s3.amazonaws.com/rtofs.20240721/rtofs_glo_3dz_f006_6hrly_hvr_US_east.nc
ARGO_GDAC,pfl,aoml/4903471/profiles/D4903471_130.nc|2024-07-21T16:55:19Z|27.79129|-89.11488,aoml/4903471/profiles/D4903471_130.nc,4903471,4903471,27.79129,-89.11488,2024-07-21T16:55:19Z,20240721,2024,911,0.92,99.88,19.5753,True,True,True,https://noaa-nws-rtofs-pds.s3.amazonaws.com/rtofs.20240721/rtofs_glo_3dz_f006_6hrly_hvr_US_east.nc
ARGO_GDAC,pfl,aoml/4903471/profiles/D4903471_131.nc|2024-07-26T17:13:29Z|27.81336|-89.09118,aoml/4903471/profiles/D4903471_131.nc,4903471,4903471,27.81336,-89.09118,2024-07-26T17:13:29Z,20240726,2024,658,1.0,1305.44,22.1186,True,True,True,https://noaa-nws-rtofs-pds.s3.amazonaws.com/rtofs.20240726/rtofs_glo_3dz_f006_6hrly_hvr_US_east.nc
ARGO_GDAC,pfl,aoml/4903471/profiles/D4903471_131.nc|2024-07-26T17:13:29Z|27.81336|-89.09118,aoml/4903471/profiles/D4903471_131.nc,4903471,4903471,27.81336,-89.09118,2024-07-26T17:13:29Z,20240726,2024,909,0.64,99.92,22.29,True,True,True,https://noaa-nws-rtofs-pds.s3.amazonaws.com/rtofs.20240726/rtofs_glo_3dz_f006_6hrly_hvr_US_east.nc
ARGO_GDAC,pfl,aoml/4903471/profiles/D4903471_132.nc|2024-07-31T17:46:24Z|27.85246|-89.08093,aoml/4903471/profiles/D4903471_132.nc,4903471,4903471,27.85246,-89.08093,2024-07-31T17:46:24Z,20240731,2024,707,1.0,1403.76,15.0855,True,True,True,https://noaa-nws-rtofs-pds.s3.amazonaws.com/rtofs.20240731/rtofs_glo_3dz_f006_6hrly_hvr_US_east.nc
ARGO_GDAC,pfl,aoml/4903471/profiles/D4903471_132.nc|2024-07-31T17:46:24Z|27.85246|-89.08093,aoml/4903471/profiles/D4903471_132.nc,4903471,4903471,27.85246,-89.08093,2024-07-31T17:46:24Z,20240731,2024,922,0.68,99.96,15.3471,True,True,True,https://noaa-nws-rtofs-pds.s3.amazonaws.com/rtofs.20240731/rtofs_glo_3dz_f006_6hrly_hvr_US_east.nc
ARGO_GDAC,pfl,aoml/4903471/profiles/D4903471_133.nc|2024-08-05T18:07:34Z|27.88790|-89.10119,aoml/4903471/profiles/D4903471_133.nc,4903471,4903471,27.8879,-89.10119,2024-08-05T18:07:34Z,20240805,2024,669,1.0,1327.8,22.1386,True,True,True,https://noaa-nws-rtofs-pds.s3.amazonaws.com/rtofs.20240805/rtofs_glo_3dz_f006_6hrly_hvr_US_east.nc
ARGO_GDAC,pfl,aoml/4903471/profiles/D4903471_133.nc|2024-08-05T18:07:34Z|27.88790|-89.10119,aoml/4903471/profiles/D4903471_133.nc,4903471,4903471,27.8879,-89.10119,2024-08-05T18:07:34Z,20240805,2024,890,0.56,99.92,22.2933,True,True,True,https://noaa-nws-rtofs-pds.s3.amazonaws.com/rtofs.20240805/rtofs_glo_3dz_f006_6hrly_hvr_US_east.nc
ARGO_GDAC,pfl,aoml/4903471/profiles/D4903471_134.nc|2024-08-10T18:43:41Z|27.90549|-89.09038,aoml/4903471/profiles/D4903471_134.nc,4903471,4903471,27.90549,-89.09038,2024-08-10T18:43:41Z,20240810,2024,696,1.08,1381.76,24.2945,True,True,True,https://noaa-nws-rtofs-pds.s3.amazonaws.com/rtofs.20240810/rtofs_glo_3dz_f006_6hrly_hvr_US_east.nc
ARGO_GDAC,pfl,aoml/4903471/profiles/D4903471_134.nc|2024-08-10T18:43:41Z|27.90549|-89.09038,aoml/4903471/profiles/D4903471_134.nc,4903471,4903471,27.90549,-89.09038,2024-08-10T18:43:41Z,20240810,2024,915,0.72,99.88,25.66,True,True,True,https://noaa-nws-rtofs-pds.s3.amazonaws.com/rtofs.20240810/rtofs_glo_3dz_f006_6hrly_hvr_US_east.nc
ARGO_GDAC,pfl,aoml/4903471/profiles/D4903471_135.nc|2024-08-15T19:05:24Z|27.91490|-89.03003,aoml/4903471/profiles/D4903471_135.nc,4903471,4903471,27.9149,-89.03003,2024-08-15T19:05:24Z,20240815,2024,653,3.4,1299.88,13.225,True,True,True,https://noaa-nws-rtofs-pds.s3.amazonaws.com/rtofs.20240815/rtofs_glo_3dz_f006_6hrly_hvr_US_east.nc
ARGO_GDAC,pfl,aoml/4903471/profiles/D4903471_135.nc|2024-08-15T19:05:24Z|27.91490|-89.03003,aoml/4903471/profiles/D4903471_135.nc,4903471,4903471,27.9149,-89.03003,2024-08-15T19:05:24Z,20240815,2024,1020,3.36,99.92,12.688,True,True,True,https://noaa-nws-rtofs-pds.s3.amazonaws.com/rtofs.20240815/rtofs_glo_3dz_f006_6hrly_hvr_US_east.nc
ARGO_GDAC,pfl,aoml/4903471/profiles/D4903471_136.nc|2024-08-20T19:36:53Z|27.92542|-88.98028,aoml/4903471/profiles/D4903471_136.nc,4903471,4903471,27.92542,-88.98028,2024-08-20T19:36:53Z,20240820,2024,695,4.08,1385.44,14.5687,True,True,True,https://noaa-nws-rtofs-pds.s3.amazonaws.com/rtofs.20240820/rtofs_glo_3dz_f006_6hrly_hvr_US_east.nc
ARGO_GDAC,pfl,aoml/4903471/profiles/D4903471_136.nc|2024-08-20T19:36:53Z|27.92542|-88.98028,aoml/4903471/profiles/D4903471_136.nc,4903471,4903471,27.92542,-88.98028,2024-08-20T19:36:53Z,20240820,2024,1020,3.88,99.92,14.44,True,True,True,https://noaa-nws-rtofs-pds.s3.amazonaws.com/rtofs.20240820/rtofs_glo_3dz_f006_6hrly_hvr_US_east.nc
ARGO_GDAC,pfl,aoml/4903471/profiles/D4903471_137.nc|2024-08-25T20:19:59Z|27.94926|-88.94049,aoml/4903471/profiles/D4903471_137.nc,4903471,4903471,27.94926,-88.94049,2024-08-25T20:19:59Z,20240825,2024,726,1.36,1442.12,22.3765,True,True,True,https://noaa-nws-rtofs-pds.s3.amazonaws.com/rtofs.20240825/rtofs_glo_3dz_f006_6hrly_hvr_US_east.nc
ARGO_GDAC,pfl,aoml/4903471/profiles/D4903471_137.nc|2024-08-25T20:19:59Z|27.94926|-88.94049,aoml/4903471/profiles/D4903471_137.nc,4903471,4903471,27.94926,-88.94049,2024-08-25T20:19:59Z,20240825,2024,1020,4.92,99.92,13.8909,True,True,True,https://noaa-nws-rtofs-pds.s3.amazonaws.com/rtofs.20240825/rtofs_glo_3dz_f006_6hrly_hvr_US_east.nc
ARGO_GDAC,pfl,aoml/4903471/profiles/D4903471_138.nc|2024-08-30T21:02:38Z|27.94228|-88.91445,aoml/4903471/profiles/D4903471_138.nc,4903471,4903471,27.94228,-88.91445,2024-08-30T21:02:38Z,20240830,2024,727,1.12,1444.08,18.7,True,True,True,https://noaa-nws-rtofs-pds.s3.amazonaws.com/rtofs.20240830/rtofs_glo_3dz_f006_6hrly_hvr_US_east.nc
ARGO_GDAC,pfl,aoml/4903471/profiles/D4903471_138.nc|2024-08-30T21:02:38Z|27.94228|-88.91445,aoml/4903471/profiles/D4903471_138.nc,4903471,4903471,27.94228,-88.91445,2024-08-30T21:02:38Z,20240830,2024,955,0.8,99.92,11.6279,True,True,True,https://noaa-nws-rtofs-pds.s3.amazonaws.com/rtofs.20240830/rtofs_glo_3dz_f006_6hrly_hvr_US_east.nc
ARGO_GDAC,pfl,aoml/4903471/profiles/D4903471_139.nc|2024-09-04T21:51:58Z|27.91566|-88.87317,aoml/4903471/profiles/D4903471_139.nc,4903471,4903471,27.91566,-88.87317,2024-09-04T21:51:58Z,20240904,2024,755,1.04,1500.08,14.8719,True,True,True,https://noaa-nws-rtofs-pds.s3.amazonaws.com/rtofs.20240904/rtofs_glo_3dz_f006_6hrly_hvr_US_east.nc
ARGO_GDAC,pfl,aoml/4903471/profiles/D4903471_139.nc|2024-09-04T21:51:58Z|27.91566|-88.87317,aoml/4903471/profiles/D4903471_139.nc,4903471,4903471,27.91566,-88.87317,2024-09-04T21:51:58Z,20240904,2024,972,0.56,99.96,13.635,True,True,True,https://noaa-nws-rtofs-pds.s3.amazonaws.com/rtofs.20240904/rtofs_glo_3dz_f006_6hrly_hvr_US_east.nc
ARGO_GDAC,pfl,aoml/4903471/profiles/D4903471_140.nc|2024-09-09T22:41:42Z|27.91938|-88.91216,aoml/4903471/profiles/D4903471_140.nc,4903471,4903471,27.91938,-88.91216,2024-09-09T22:41:42Z,20240909,2024,756,1.04,1501.92,32.7478,True,True,True,https://noaa-nws-rtofs-pds.s3.amazonaws.com/rtofs.20240909/rtofs_glo_3dz_f006_6hrly_hvr_US_east.nc
ARGO_GDAC,pfl,aoml/4903471/profiles/D4903471_140.nc|2024-09-09T22:41:42Z|27.91938|-88.91216,aoml/4903471/profiles/D4903471_140.nc,4903471,4903471,27.91938,-88.91216,2024-09-09T22:41:42Z,20240909,2024,966,0.6,99.92,33.3078,True,True,True,https://noaa-nws-rtofs-pds.s3.amazonaws.com/rtofs.20240909/rtofs_glo_3dz_f006_6hrly_hvr_US_east.nc
ARGO_GDAC,pfl,aoml/4903471/profiles/D4903471_141.nc|2024-09-14T23:25:53Z|27.82388|-88.84808,aoml/4903471/profiles/D4903471_141.nc,4903471,4903471,27.82388,-88.84808,2024-09-14T23:25:53Z,20240914,2024,734,1.16,1458.36,30.0594,True,True,True,https://noaa-nws-rtofs-pds.s3.amazonaws.com/rtofs.20240914/rtofs_glo_3dz_f006_6hrly_hvr_US_east.nc
ARGO_GDAC,pfl,aoml/4903471/profiles/D4903471_141.nc|2024-09-14T23:25:53Z|27.82388|-88.84808,aoml/4903471/profiles/D4903471_141.nc,4903471,4903471,27.82388,-88.84808,2024-09-14T23:25:53Z,20240914,2024,1016,0.84,99.88,30.176,True,True,True,https://noaa-nws-rtofs-pds.s3.amazonaws.com/rtofs.20240914/rtofs_glo_3dz_f006_6hrly_hvr_US_east.nc
ARGO_GDAC,pfl,aoml/4903471/profiles/D4903471_142.nc|2024-09-20T00:07:29Z|27.80451|-88.88397,aoml/4903471/profiles/D4903471_142.nc,4903471,4903471,27.80451,-88.88397,2024-09-20T00:07:29Z,20240920,2024,739,1.12,1467.32,16.2165,True,True,True,https://noaa-nws-rtofs-pds.s3.amazonaws.com/rtofs.20240920/rtofs_glo_3dz_f006_6hrly_hvr_US_east.nc
ARGO_GDAC,pfl,aoml/4903471/profiles/D4903471_142.nc|2024-09-20T00:07:29Z|27.80451|-88.88397,aoml/4903471/profiles/D4903471_142.nc,4903471,4903471,27.80451,-88.88397,2024-09-20T00:07:29Z,20240920,2024,929,0.76,99.92,15.9091,True,True,True,https://noaa-nws-rtofs-pds.s3.amazonaws.com/rtofs.20240920/rtofs_glo_3dz_f006_6hrly_hvr_US_east.nc
ARGO_GDAC,pfl,aoml/4903471/profiles/D4903471_143.nc|2024-09-25T01:08:57Z|27.74237|-88.82466,aoml/4903471/profiles/D4903471_143.nc,4903471,4903471,27.74237,-88.82466,2024-09-25T01:08:57Z,20240925,2024,799,1.2,1588.6,35.9644,True,True,True,https://noaa-nws-rtofs-pds.s3.amazonaws.com/rtofs.20240925/rtofs_glo_3dz_f006_6hrly_hvr_US_east.nc
ARGO_GDAC,pfl,aoml/4903471/profiles/D4903471_143.nc|2024-09-25T01:08:57Z|27.74237|-88.82466,aoml/4903471/profiles/D4903471_143.nc,4903471,4903471,27.74237,-88.82466,2024-09-25T01:08:57Z,20240925,2024,1014,1.0,99.88,28.3333,True,True,True,https://noaa-nws-rtofs-pds.s3.amazonaws.com/rtofs.20240925/rtofs_glo_3dz_f006_6hrly_hvr_US_east.nc
ARGO_GDAC,pfl,aoml/4903471/profiles/D4903471_144.nc|2024-09-30T01:57:35Z|27.73531|-89.19934,aoml/4903471/profiles/D4903471_144.nc,4903471,4903471,27.73531,-89.19934,2024-09-30T01:57:35Z,20240930,2024,760,1.04,1510.28,28.7391,True,True,True,https://noaa-nws-rtofs-pds.s3.amazonaws.com/rtofs.20240930/rtofs_glo_3dz_f006_6hrly_hvr_US_east.nc
ARGO_GDAC,pfl,aoml/4903471/profiles/D4903471_144.nc|2024-09-30T01:57:35Z|27.73531|-89.19934,aoml/4903471/profiles/D4903471_144.nc,4903471,4903471,27.73531,-89.19934,2024-09-30T01:57:35Z,20240930,2024,958,0.64,99.88,26.1142,True,True,True,https://noaa-nws-rtofs-pds.s3.amazonaws.com/rtofs.20240930/rtofs_glo_3dz_f006_6hrly_hvr_US_east.nc
ARGO_GDAC,pfl,aoml/4903471/profiles/D4903471_145.nc|2024-10-05T02:36:46Z|27.80691|-89.22701,aoml/4903471/profiles/D4903471_145.nc,4903471,4903471,27.80691,-89.22701,2024-10-05T02:36:46Z,20241005,2024,728,1.08,1446.2,23.4053,True,True,True,https://noaa-nws-rtofs-pds.s3.amazonaws.com/rtofs.20241005/rtofs_glo_3dz_f006_6hrly_hvr_US_east.nc
ARGO_GDAC,pfl,aoml/4903471/profiles/D4903471_145.nc|2024-10-05T02:36:46Z|27.80691|-89.22701,aoml/4903471/profiles/D4903471_145.nc,4903471,4903471,27.80691,-89.22701,2024-10-05T02:36:46Z,20241005,2024,931,0.72,99.88,23.5905,True,True,True,https://noaa-nws-rtofs-pds.s3.amazonaws.com/rtofs.20241005/rtofs_glo_3dz_f006_6hrly_hvr_US_east.nc
ARGO_GDAC,pfl,aoml/4903471/profiles/D4903471_146.nc|2024-10-10T03:16:51Z|27.79764|-89.27073,aoml/4903471/profiles/D4903471_146.nc,4903471,4903471,27.79764,-89.27073,2024-10-10T03:16:51Z,20241010,2024,719,1.08,1427.56,30.3355,True,True,True,https://noaa-nws-rtofs-pds.s3.amazonaws.com/rtofs.20241010/rtofs_glo_3dz_f006_6hrly_hvr_US_east.nc
ARGO_GDAC,pfl,aoml/4903471/profiles/D4903471_146.nc|2024-10-10T03:16:51Z|27.79764|-89.27073,aoml/4903471/profiles/D4903471_146.nc,4903471,4903471,27.79764,-89.27073,2024-10-10T03:16:51Z,20241010,2024,894,0.72,99.88,30.4356,True,True,True,https://noaa-nws-rtofs-pds.s3.amazonaws.com/rtofs.20241010/rtofs_glo_3dz_f006_6hrly_hvr_US_east.nc
ARGO_GDAC,pfl,aoml/4903471/profiles/D4903471_147.nc|2024-10-15T04:02:53Z|27.78117|-89.28148,aoml/4903471/profiles/D4903471_147.nc,4903471,4903471,27.78117,-89.28148,2024-10-15T04:02:53Z,20241015,2024,747,1.0,1484.0,32.3575,True,True,True,https://noaa-nws-rtofs-pds.s3.amazonaws.com/rtofs.20241015/rtofs_glo_3dz_f006_6hrly_hvr_US_east.nc
ARGO_GDAC,pfl,aoml/4903471/profiles/D4903471_147.nc|2024-10-15T04:02:53Z|27.78117|-89.28148,aoml/4903471/profiles/D4903471_147.nc,4903471,4903471,27.78117,-89.28148,2024-10-15T04:02:53Z,20241015,2024,882,0.52,99.96,32.6227,True,True,True,https://noaa-nws-rtofs-pds.s3.amazonaws.com/rtofs.20241015/rtofs_glo_3dz_f006_6hrly_hvr_US_east.nc
ARGO_GDAC,pfl,aoml/4903471/profiles/D4903471_148.nc|2024-10-20T04:37:43Z|27.71283|-89.31057,aoml/4903471/profiles/D4903471_148.nc,4903471,4903471,27.71283,-89.31057,2024-10-20T04:37:43Z,20241020,2024,716,0.48,1419.4,45.1382,True,True,True,https://noaa-nws-rtofs-pds.s3.amazonaws.com/rtofs.20241020/rtofs_glo_3dz_f006_6hrly_hvr_US_east.nc
ARGO_GDAC,pfl,aoml/4903471/profiles/D4903471_148.nc|2024-10-20T04:37:43Z|27.71283|-89.31057,aoml/4903471/profiles/D4903471_148.nc,4903471,4903471,27.71283,-89.31057,2024-10-20T04:37:43Z,20241020,2024,849,0.48,99.84,45.3302,True,True,True,https://noaa-nws-rtofs-pds.s3.amazonaws.com/rtofs.20241020/rtofs_glo_3dz_f006_6hrly_hvr_US_east.nc
ARGO_GDAC,pfl,aoml/4903471/profiles/D4903471_149.nc|2024-10-25T05:27:10Z|27.71312|-89.28462,aoml/4903471/profiles/D4903471_149.nc,4903471,4903471,27.71312,-89.28462,2024-10-25T05:27:10Z,20241025,2024,741,0.96,1471.28,38.8021,True,True,True,https://noaa-nws-rtofs-pds.s3.amazonaws.com/rtofs.20241025/rtofs_glo_3dz_f006_6hrly_hvr_US_east.nc
ARGO_GDAC,pfl,aoml/4903471/profiles/D4903471_149.nc|2024-10-25T05:27:10Z|27.71312|-89.28462,aoml/4903471/profiles/D4903471_149.nc,4903471,4903471,27.71312,-89.28462,2024-10-25T05:27:10Z,20241025,2024,892,0.56,99.92,38.743,True,True,True,https://noaa-nws-rtofs-pds.s3.amazonaws.com/rtofs.20241025/rtofs_glo_3dz_f006_6hrly_hvr_US_east.nc
ARGO_GDAC,pfl,aoml/4903471/profiles/D4903471_150.nc|2024-10-30T06:05:01Z|27.70244|-89.28934,aoml/4903471/profiles/D4903471_150.nc,4903471,4903471,27.70244,-89.28934,2024-10-30T06:05:01Z,20241030,2024,731,0.96,1452.28,52.3511,True,True,True,https://noaa-nws-rtofs-pds.s3.amazonaws.com/rtofs.20241030/rtofs_glo_3dz_f006_6hrly_hvr_US_east.nc
ARGO_GDAC,pfl,aoml/4903471/profiles/D4903471_150.nc|2024-10-30T06:05:01Z|27.70244|-89.28934,aoml/4903471/profiles/D4903471_150.nc,4903471,4903471,27.70244,-89.28934,2024-10-30T06:05:01Z,20241030,2024,840,0.64,99.96,53.2753,True,True,True,https://noaa-nws-rtofs-pds.s3.amazonaws.com/rtofs.20241030/rtofs_glo_3dz_f006_6hrly_hvr_US_east.nc
ARGO_GDAC,pfl,aoml/4903471/profiles/D4903471_151.nc|2024-11-04T06:45:11Z|27.68327|-89.28987,aoml/4903471/profiles/D4903471_151.nc,4903471,4903471,27.68327,-89.28987,2024-11-04T06:45:11Z,20241104,2024,719,1.0,1427.28,40.2837,True,True,True,https://noaa-nws-rtofs-pds.s3.amazonaws.com/rtofs.20241104/rtofs_glo_3dz_f006_6hrly_hvr_US_east.nc
ARGO_GDAC,pfl,aoml/4903471/profiles/D4903471_151.nc|2024-11-04T06:45:11Z|27.68327|-89.28987,aoml/4903471/profiles/D4903471_151.nc,4903471,4903471,27.68327,-89.28987,2024-11-04T06:45:11Z,20241104,2024,906,0.6,99.96,40.4206,True,True,True,https://noaa-nws-rtofs-pds.s3.amazonaws.com/rtofs.20241104/rtofs_glo_3dz_f006_6hrly_hvr_US_east.nc
ARGO_GDAC,pfl,aoml/4903471/profiles/D4903471_152.nc|2024-11-09T07:11:45Z|27.67391|-89.29023,aoml/4903471/profiles/D4903471_152.nc,4903471,4903471,27.67391,-89.29023,2024-11-09T07:11:45Z,20241109,2024,720,1.04,1429.64,51.81,True,True,True,https://noaa-nws-rtofs-pds.s3.amazonaws.com/rtofs.20241109/rtofs_glo_3dz_f006_6hrly_hvr_US_east.nc
ARGO_GDAC,pfl,aoml/4903471/profiles/D4903471_152.nc|2024-11-09T07:11:45Z|27.67391|-89.29023,aoml/4903471/profiles/D4903471_152.nc,4903471,4903471,27.67391,-89.29023,2024-11-09T07:11:45Z,20241109,2024,818,0.64,99.96,52.1846,True,True,True,https://noaa-nws-rtofs-pds.s3.amazonaws.com/rtofs.20241109/rtofs_glo_3dz_f006_6hrly_hvr_US_east.nc
ARGO_GDAC,pfl,aoml/4903471/profiles/D4903471_153.nc|2024-11-14T07:43:57Z|27.68392|-89.30110,aoml/4903471/profiles/D4903471_153.nc,4903471,4903471,27.68392,-89.3011,2024-11-14T07:43:57Z,20241114,2024,710,0.96,1409.24,38.9214,True,True,True,https://noaa-nws-rtofs-pds.s3.amazonaws.com/rtofs.20241114/rtofs_glo_3dz_f006_6hrly_hvr_US_east.nc
ARGO_GDAC,pfl,aoml/4903471/profiles/D4903471_153.nc|2024-11-14T07:43:57Z|27.68392|-89.30110,aoml/4903471/profiles/D4903471_153.nc,4903471,4903471,27.68392,-89.3011,2024-11-14T07:43:57Z,20241114,2024,815,0.56,100.0,38.5471,True,True,True,https://noaa-nws-rtofs-pds.s3.amazonaws.com/rtofs.20241114/rtofs_glo_3dz_f006_6hrly_hvr_US_east.nc
ARGO_GDAC,pfl,aoml/4903471/profiles/D4903471_154.nc|2024-11-19T08:19:01Z|27.66490|-89.34147,aoml/4903471/profiles/D4903471_154.nc,4903471,4903471,27.6649,-89.34147,2024-11-19T08:19:01Z,20241119,2024,724,1.04,1438.04,51.1765,True,True,True,https://noaa-nws-rtofs-pds.s3.amazonaws.com/rtofs.20241119/rtofs_glo_3dz_f006_6hrly_hvr_US_east.nc
ARGO_GDAC,pfl,aoml/4903471/profiles/D4903471_154.nc|2024-11-19T08:19:01Z|27.66490|-89.34147,aoml/4903471/profiles/D4903471_154.nc,4903471,4903471,27.6649,-89.34147,2024-11-19T08:19:01Z,20241119,2024,854,0.72,99.88,50.984,True,True,True,https://noaa-nws-rtofs-pds.s3.amazonaws.com/rtofs.20241119/rtofs_glo_3dz_f006_6hrly_hvr_US_east.nc
ARGO_GDAC,pfl,aoml/4903471/profiles/D4903471_155.nc|2024-11-24T08:55:32Z|27.64099|-89.35322,aoml/4903471/profiles/D4903471_155.nc,4903471,4903471,27.64099,-89.35322,2024-11-24T08:55:32Z,20241124,2024,723,0.4,1433.44,66.8289,True,True,True,https://noaa-nws-rtofs-pds.s3.amazonaws.com/rtofs.20241124/rtofs_glo_3dz_f006_6hrly_hvr_US_east.nc
ARGO_GDAC,pfl,aoml/4903471/profiles/D4903471_155.nc|2024-11-24T08:55:32Z|27.64099|-89.35322,aoml/4903471/profiles/D4903471_155.nc,4903471,4903471,27.64099,-89.35322,2024-11-24T08:55:32Z,20241124,2024,833,0.4,100.0,67.2933,True,True,True,https://noaa-nws-rtofs-pds.s3.amazonaws.com/rtofs.20241124/rtofs_glo_3dz_f006_6hrly_hvr_US_east.nc
ARGO_GDAC,pfl,aoml/4903471/profiles/D4903471_156.nc|2024-11-29T09:28:18Z|27.67521|-89.28635,aoml/4903471/profiles/D4903471_156.nc,4903471,4903471,27.67521,-89.28635,2024-11-29T09:28:18Z,20241129,2024,712,1.04,1413.8,64.3531,True,True,True,https://noaa-nws-rtofs-pds.s3.amazonaws.com/rtofs.20241129/rtofs_glo_3dz_f006_6hrly_hvr_US_east.nc
ARGO_GDAC,pfl,aoml/4903471/profiles/D4903471_156.nc|2024-11-29T09:28:18Z|27.67521|-89.28635,aoml/4903471/profiles/D4903471_156.nc,4903471,4903471,27.67521,-89.28635,2024-11-29T09:28:18Z,20241129,2024,901,0.64,99.92,64.6289,True,True,True,https://noaa-nws-rtofs-pds.s3.amazonaws.com/rtofs.20241129/rtofs_glo_3dz_f006_6hrly_hvr_US_east.nc
ARGO_GDAC,pfl,aoml/4903471/profiles/D4903471_157.nc|2024-12-04T09:58:52Z|27.67659|-89.25307,aoml/4903471/profiles/D4903471_157.nc,4903471,4903471,27.67659,-89.25307,2024-12-04T09:58:52Z,20241204,2024,705,1.04,1399.56,77.1194,True,True,True,https://noaa-nws-rtofs-pds.s3.amazonaws.com/rtofs.20241204/rtofs_glo_3dz_f006_6hrly_hvr_US_east.nc
ARGO_GDAC,pfl,aoml/4903471/profiles/D4903471_157.nc|2024-12-04T09:58:52Z|27.67659|-89.25307,aoml/4903471/profiles/D4903471_157.nc,4903471,4903471,27.67659,-89.25307,2024-12-04T09:58:52Z,20241204,2024,839,0.68,99.96,77.1612,True,True,True,https://noaa-nws-rtofs-pds.s3.amazonaws.com/rtofs.20241204/rtofs_glo_3dz_f006_6hrly_hvr_US_east.nc
ARGO_GDAC,pfl,aoml/4903471/profiles/D4903471_158.nc|2024-12-09T10:47:43Z|27.64064|-89.17829,aoml/4903471/profiles/D4903471_158.nc,4903471,4903471,27.64064,-89.17829,2024-12-09T10:47:43Z,20241209,2024,780,1.04,1549.76,76.1818,True,True,True,https://noaa-nws-rtofs-pds.s3.amazonaws.com/rtofs.20241209/rtofs_glo_3dz_f006_6hrly_hvr_US_east.nc
ARGO_GDAC,pfl,aoml/4903471/profiles/D4903471_158.nc|2024-12-09T10:47:43Z|27.64064|-89.17829,aoml/4903471/profiles/D4903471_158.nc,4903471,4903471,27.64064,-89.17829,2024-12-09T10:47:43Z,20241209,2024,878,0.68,99.88,76.4927,True,True,True,https://noaa-nws-rtofs-pds.s3.amazonaws.com/rtofs.20241209/rtofs_glo_3dz_f006_6hrly_hvr_US_east.nc
ARGO_GDAC,pfl,aoml/4903471/profiles/D4903471_159.nc|2024-12-14T11:59:32Z|27.59601|-89.16244,aoml/4903471/profiles/D4903471_159.nc,4903471,4903471,27.59601,-89.16244,2024-12-14T11:59:32Z,20241214,2024,826,1.0,1642.12,87.3207,True,True,True,https://noaa-nws-rtofs-pds.s3.amazonaws.com/rtofs.20241214/rtofs_glo_3dz_f006_6hrly_hvr_US_east.nc
ARGO_GDAC,pfl,aoml/4903471/profiles/D4903471_159.nc|2024-12-14T11:59:32Z|27.59601|-89.16244,aoml/4903471/profiles/D4903471_159.nc,4903471,4903471,27.59601,-89.16244,2024-12-14T11:59:32Z,20241214,2024,823,0.56,99.96,86.9824,True,True,True,https://noaa-nws-rtofs-pds.s3.amazonaws.com/rtofs.20241214/rtofs_glo_3dz_f006_6hrly_hvr_US_east.nc
ARGO_GDAC,pfl,aoml/4903471/profiles/D4903471_160.nc|2024-12-19T12:54:58Z|27.63888|-89.46820,aoml/4903471/profiles/D4903471_160.nc,4903471,4903471,27.63888,-89.4682,2024-12-19T12:54:58Z,20241219,2024,790,1.0,1569.04,57.4098,True,True,True,https://noaa-nws-rtofs-pds.s3.amazonaws.com/rtofs.20241219/rtofs_glo_3dz_f006_6hrly_hvr_US_east.nc
ARGO_GDAC,pfl,aoml/4903471/profiles/D4903471_160.nc|2024-12-19T12:54:58Z|27.63888|-89.46820,aoml/4903471/profiles/D4903471_160.nc,4903471,4903471,27.63888,-89.4682,2024-12-19T12:54:58Z,20241219,2024,876,0.6,99.96,57.48,True,True,True,https://noaa-nws-rtofs-pds.s3.amazonaws.com/rtofs.20241219/rtofs_glo_3dz_f006_6hrly_hvr_US_east.nc
ARGO_GDAC,pfl,aoml/4903471/profiles/D4903471_161.nc|2024-12-24T13:37:51Z|27.64191|-89.47002,aoml/4903471/profiles/D4903471_161.nc,4903471,4903471,27.64191,-89.47002,2024-12-24T13:37:51Z,20241224,2024,749,1.08,1488.04,96.2888,True,True,True,https://noaa-nws-rtofs-pds.s3.amazonaws.com/rtofs.20241224/rtofs_glo_3dz_f006_6hrly_hvr_US_east.nc
ARGO_GDAC,pfl,aoml/4903471/profiles/D4903471_161.nc|2024-12-24T13:37:51Z|27.64191|-89.47002,aoml/4903471/profiles/D4903471_161.nc,4903471,4903471,27.64191,-89.47002,2024-12-24T13:37:51Z,20241224,2024,816,0.84,99.96,97.4433,True,True,True,https://noaa-nws-rtofs-pds.s3.amazonaws.com/rtofs.20241224/rtofs_glo_3dz_f006_6hrly_hvr_US_east.nc
ARGO_GDAC,pfl,aoml/4903471/profiles/D4903471_162.nc|2024-12-29T14:56:19Z|27.51272|-89.61090,aoml/4903471/profiles/D4903471_162.nc,4903471,4903471,27.51272,-89.6109,2024-12-29T14:56:19Z,20241229,2024,851,0.96,1692.48,103.6522,True,False,True,https://noaa-nws-rtofs-pds.s3.amazonaws.com/rtofs.20241229/rtofs_glo_3dz_f006_6hrly_hvr_US_east.nc
ARGO_GDAC,pfl,aoml/4903471/profiles/D4903471_162.nc|2024-12-29T14:56:19Z|27.51272|-89.61090,aoml/4903471/profiles/D4903471_162.nc,4903471,4903471,27.51272,-89.6109,2024-12-29T14:56:19Z,20241229,2024,859,0.68,99.92,21.18,True,True,True,https://noaa-nws-rtofs-pds.s3.amazonaws.com/rtofs.20241229/rtofs_glo_3dz_f006_6hrly_hvr_US_east.nc
ARGO_GDAC,pfl,aoml/4903471/profiles/D4903471_163.nc|2025-01-03T16:45:29Z|27.33400|-89.60445,aoml/4903471/profiles/D4903471_163.nc,4903471,4903471,27.334,-89.60445,2025-01-03T16:45:29Z,20250103,2025,1002,1.04,1993.28,12.3129,True,True,True,https://noaa-nws-rtofs-pds.s3.amazonaws.com/rtofs.20250103/rtofs_glo_3dz_f006_6hrly_hvr_US_east.nc
ARGO_GDAC,pfl,aoml/4903471/profiles/D4903471_163.nc|2025-01-03T16:45:29Z|27.33400|-89.60445,aoml/4903471/profiles/D4903471_163.nc,4903471,4903471,27.334,-89.60445,2025-01-03T16:45:29Z,20250103,2025,822,0.68,99.96,12.327,True,True,True,https://noaa-nws-rtofs-pds.s3.amazonaws.com/rtofs.20250103/rtofs_glo_3dz_f006_6hrly_hvr_US_east.nc
ARGO_GDAC,pfl,aoml/4903471/profiles/D4903471_164.nc|2025-01-08T18:28:50Z|27.33579|-89.74616,aoml/4903471/profiles/D4903471_164.nc,4903471,4903471,27.33579,-89.74616,2025-01-08T18:28:50Z,20250108,2025,982,0.96,1954.08,29.0662,True,True,True,https://noaa-nws-rtofs-pds.s3.amazonaws.com/rtofs.20250108/rtofs_glo_3dz_f006_6hrly_hvr_US_east.nc
ARGO_GDAC,pfl,aoml/4903471/profiles/D4903471_164.nc|2025-01-08T18:28:50Z|27.33579|-89.74616,aoml/4903471/profiles/D4903471_164.nc,4903471,4903471,27.33579,-89.74616,2025-01-08T18:28:50Z,20250108,2025,831,0.6,100.0,28.78,True,True,True,https://noaa-nws-rtofs-pds.s3.amazonaws.com/rtofs.20250108/rtofs_glo_3dz_f006_6hrly_hvr_US_east.nc
ARGO_GDAC,pfl,aoml/4903471/profiles/D4903471_165.nc|2025-01-13T20:09:53Z|27.33160|-89.69993,aoml/4903471/profiles/D4903471_165.nc,4903471,4903471,27.3316,-89.69993,2025-01-13T20:09:53Z,20250113,2025,954,1.04,1897.36,47.042,True,True,True,https://noaa-nws-rtofs-pds.s3.amazonaws.com/rtofs.20250113/rtofs_glo_3dz_f006_6hrly_hvr_US_east.nc
ARGO_GDAC,pfl,aoml/4903471/profiles/D4903471_165.nc|2025-01-13T20:09:53Z|27.33160|-89.69993,aoml/4903471/profiles/D4903471_165.nc,4903471,4903471,27.3316,-89.69993,2025-01-13T20:09:53Z,20250113,2025,835,0.64,99.88,45.736,True,True,True,https://noaa-nws-rtofs-pds.s3.amazonaws.com/rtofs.20250113/rtofs_glo_3dz_f006_6hrly_hvr_US_east.nc
ARGO_GDAC,pfl,aoml/4903471/profiles/D4903471_166.nc|2025-01-18T21:23:21Z|27.25454|-89.74574,aoml/4903471/profiles/D4903471_166.nc,4903471,4903471,27.25454,-89.74574,2025-01-18T21:23:21Z,20250118,2025,1008,1.0,2005.8,124.8197,True,False,True,https://noaa-nws-rtofs-pds.s3.amazonaws.com/rtofs.20250118/rtofs_glo_3dz_f006_6hrly_hvr_US_east.nc
ARGO_GDAC,pfl,aoml/4903471/profiles/D4903471_166.nc|2025-01-18T21:23:21Z|27.25454|-89.74574,aoml/4903471/profiles/D4903471_166.nc,4903471,4903471,27.25454,-89.74574,2025-01-18T21:23:21Z,20250118,2025,711,0.52,99.88,,False,False,True,https://noaa-nws-rtofs-pds.s3.amazonaws.com/rtofs.20250118/rtofs_glo_3dz_f006_6hrly_hvr_US_east.nc
ARGO_GDAC,pfl,aoml/4903471/profiles/D4903471_167.nc|2025-01-23T22:43:23Z|27.36446|-89.56881,aoml/4903471/profiles/D4903471_167.nc,4903471,4903471,27.36446,-89.56881,2025-01-23T22:43:23Z,20250123,2025,1010,1.04,2009.88,138.4029,True,False,True,https://noaa-nws-rtofs-pds.s3.amazonaws.com/rtofs.20250123/rtofs_glo_3dz_f006_6hrly_hvr_US_east.nc
ARGO_GDAC,pfl,aoml/4903471/profiles/D4903471_167.nc|2025-01-23T22:43:23Z|27.36446|-89.56881,aoml/4903471/profiles/D4903471_167.nc,4903471,4903471,27.36446,-89.56881,2025-01-23T22:43:23Z,20250123,2025,726,0.64,99.84,,False,False,True,https://noaa-nws-rtofs-pds.s3.amazonaws.com/rtofs.20250123/rtofs_glo_3dz_f006_6hrly_hvr_US_east.nc
ARGO_GDAC,pfl,aoml/4903471/profiles/D4903471_168.nc|2025-01-28T23:55:55Z|27.18374|-89.52385,aoml/4903471/profiles/D4903471_168.nc,4903471,4903471,27.18374,-89.52385,2025-01-28T23:55:55Z,20250128,2025,1011,1.0,2012.0,85.7608,True,True,True,https://noaa-nws-rtofs-pds.s3.amazonaws.com/rtofs.20250128/rtofs_glo_3dz_f006_6hrly_hvr_US_east.nc
ARGO_GDAC,pfl,aoml/4903471/profiles/D4903471_168.nc|2025-01-28T23:55:55Z|27.18374|-89.52385,aoml/4903471/profiles/D4903471_168.nc,4903471,4903471,27.18374,-89.52385,2025-01-28T23:55:55Z,20250128,2025,751,0.56,99.92,85.957,True,True,True,https://noaa-nws-rtofs-pds.s3.amazonaws.com/rtofs.20250128/rtofs_glo_3dz_f006_6hrly_hvr_US_east.nc
ARGO_GDAC,pfl,aoml/4903471/profiles/D4903471_169.nc|2025-02-03T01:02:08Z|27.22653|-89.60209,aoml/4903471/profiles/D4903471_169.nc,4903471,4903471,27.22653,-89.60209,2025-02-03T01:02:08Z,20250203,2025,1010,1.0,2009.68,55.24,True,True,True,https://noaa-nws-rtofs-pds.s3.amazonaws.com/rtofs.20250203/rtofs_glo_3dz_f006_6hrly_hvr_US_east.nc
ARGO_GDAC,pfl,aoml/4903471/profiles/D4903471_169.nc|2025-02-03T01:02:08Z|27.22653|-89.60209,aoml/4903471/profiles/D4903471_169.nc,4903471,4903471,27.22653,-89.60209,2025-02-03T01:02:08Z,20250203,2025,822,0.56,99.88,56.36,True,True,True,https://noaa-nws-rtofs-pds.s3.amazonaws.com/rtofs.20250203/rtofs_glo_3dz_f006_6hrly_hvr_US_east.nc
ARGO_GDAC,pfl,aoml/4903471/profiles/D4903471_170.nc|2025-02-08T02:10:34Z|27.18966|-89.40030,aoml/4903471/profiles/D4903471_170.nc,4903471,4903471,27.18966,-89.4003,2025-02-08T02:10:34Z,20250208,2025,1013,1.12,2015.28,31.9762,True,True,True,https://noaa-nws-rtofs-pds.s3.amazonaws.com/rtofs.20250208/rtofs_glo_3dz_f006_6hrly_hvr_US_east.nc
ARGO_GDAC,pfl,aoml/4903471/profiles/D4903471_170.nc|2025-02-08T02:10:34Z|27.18966|-89.40030,aoml/4903471/profiles/D4903471_170.nc,4903471,4903471,27.18966,-89.4003,2025-02-08T02:10:34Z,20250208,2025,706,0.68,99.84,31.7533,True,True,True,https://noaa-nws-rtofs-pds.s3.amazonaws.com/rtofs.20250208/rtofs_glo_3dz_f006_6hrly_hvr_US_east.nc
ARGO_GDAC,pfl,aoml/4903471/profiles/D4903471_171.nc|2025-02-13T03:21:15Z|27.06742|-89.41213,aoml/4903471/profiles/D4903471_171.nc,4903471,4903471,27.06742,-89.41213,2025-02-13T03:21:15Z,20250213,2025,1011,1.0,2011.24,36.04,True,True,True,https://noaa-nws-rtofs-pds.s3.amazonaws.com/rtofs.20250213/rtofs_glo_3dz_f006_6hrly_hvr_US_east.nc
ARGO_GDAC,pfl,aoml/4903471/profiles/D4903471_171.nc|2025-02-13T03:21:15Z|27.06742|-89.41213,aoml/4903471/profiles/D4903471_171.nc,4903471,4903471,27.06742,-89.41213,2025-02-13T03:21:15Z,20250213,2025,738,0.52,99.92,35.6,True,True,True,https://noaa-nws-rtofs-pds.s3.amazonaws.com/rtofs.20250213/rtofs_glo_3dz_f006_6hrly_hvr_US_east.nc
ARGO_GDAC,pfl,aoml/4903471/profiles/D4903471_172.nc|2025-02-18T04:36:39Z|27.10498|-89.25646,aoml/4903471/profiles/D4903471_172.nc,4903471,4903471,27.10498,-89.25646,2025-02-18T04:36:39Z,20250218,2025,1014,0.48,2016.12,49.53,True,True,True,https://noaa-nws-rtofs-pds.s3.amazonaws.com/rtofs.20250218/rtofs_glo_3dz_f006_6hrly_hvr_US_east.nc
ARGO_GDAC,pfl,aoml/4903471/profiles/D4903471_172.nc|2025-02-18T04:36:39Z|27.10498|-89.25646,aoml/4903471/profiles/D4903471_172.nc,4903471,4903471,27.10498,-89.25646,2025-02-18T04:36:39Z,20250218,2025,763,0.48,99.92,49.4297,True,True,True,https://noaa-nws-rtofs-pds.s3.amazonaws.com/rtofs.20250218/rtofs_glo_3dz_f006_6hrly_hvr_US_east.nc
ARGO_GDAC,pfl,aoml/4903471/profiles/D4903471_173.nc|2025-02-23T05:58:48Z|27.07443|-89.25396,aoml/4903471/profiles/D4903471_173.nc,4903471,4903471,27.07443,-89.25396,2025-02-23T05:58:48Z,20250223,2025,1011,1.04,2011.28,76.7832,True,True,True,https://noaa-nws-rtofs-pds.s3.amazonaws.com/rtofs.20250223/rtofs_glo_3dz_f006_6hrly_hvr_US_east.nc
ARGO_GDAC,pfl,aoml/4903471/profiles/D4903471_173.nc|2025-02-23T05:58:48Z|27.07443|-89.25396,aoml/4903471/profiles/D4903471_173.nc,4903471,4903471,27.07443,-89.25396,2025-02-23T05:58:48Z,20250223,2025,795,0.68,99.92,77.2762,True,True,True,https://noaa-nws-rtofs-pds.s3.amazonaws.com/rtofs.20250223/rtofs_glo_3dz_f006_6hrly_hvr_US_east.nc
ARGO_GDAC,pfl,aoml/4903471/profiles/D4903471_174.nc|2025-02-28T06:59:37Z|27.16541|-89.10507,aoml/4903471/profiles/D4903471_174.nc,4903471,4903471,27.16541,-89.10507,2025-02-28T06:59:37Z,20250228,2025,1011,0.92,2011.72,20.707,True,True,True,https://noaa-nws-rtofs-pds.s3.amazonaws.com/rtofs.20250228/rtofs_glo_3dz_f006_6hrly_hvr_US_east.nc
ARGO_GDAC,pfl,aoml/4903471/profiles/D4903471_174.nc|2025-02-28T06:59:37Z|27.16541|-89.10507,aoml/4903471/profiles/D4903471_174.nc,4903471,4903471,27.16541,-89.10507,2025-02-28T06:59:37Z,20250228,2025,881,0.52,99.96,20.8547,True,True,True,https://noaa-nws-rtofs-pds.s3.amazonaws.com/rtofs.20250228/rtofs_glo_3dz_f006_6hrly_hvr_US_east.nc
ARGO_GDAC,pfl,aoml/4903471/profiles/D4903471_175.nc|2025-03-05T08:07:22Z|26.86268|-88.82784,aoml/4903471/profiles/D4903471_175.nc,4903471,4903471,26.86268,-88.82784,2025-03-05T08:07:22Z,20250305,2025,1010,1.0,2010.16,23.0337,True,True,True,https://noaa-nws-rtofs-pds.s3.amazonaws.com/rtofs.20250305/rtofs_glo_3dz_f006_6hrly_hvr_US_east.nc
ARGO_GDAC,pfl,aoml/4903471/profiles/D4903471_175.nc|2025-03-05T08:07:22Z|26.86268|-88.82784,aoml/4903471/profiles/D4903471_175.nc,4903471,4903471,26.86268,-88.82784,2025-03-05T08:07:22Z,20250305,2025,867,0.56,99.92,22.935,True,True,True,https://noaa-nws-rtofs-pds.s3.amazonaws.com/rtofs.20250305/rtofs_glo_3dz_f006_6hrly_hvr_US_east.nc
ARGO_GDAC,pfl,aoml/4903471/profiles/D4903471_176.nc|2025-03-10T09:23:31Z|26.99332|-88.35664,aoml/4903471/profiles/D4903471_176.nc,4903471,4903471,26.99332,-88.35664,2025-03-10T09:23:31Z,20250310,2025,1009,1.04,2007.44,24.6653,True,True,True,https://noaa-nws-rtofs-pds.s3.amazonaws.com/rtofs.20250310/rtofs_glo_3dz_f006_6hrly_hvr_US_east.nc
ARGO_GDAC,pfl,aoml/4903471/profiles/D4903471_176.nc|2025-03-10T09:23:31Z|26.99332|-88.35664,aoml/4903471/profiles/D4903471_176.nc,4903471,4903471,26.99332,-88.35664,2025-03-10T09:23:31Z,20250310,2025,868,0.6,100.0,24.5082,True,True,True,https://noaa-nws-rtofs-pds.s3.amazonaws.com/rtofs.20250310/rtofs_glo_3dz_f006_6hrly_hvr_US_east.nc
ARGO_GDAC,pfl,aoml/4903471/profiles/D4903471_177.nc|2025-03-15T10:39:28Z|26.89373|-88.44108,aoml/4903471/profiles/D4903471_177.nc,4903471,4903471,26.89373,-88.44108,2025-03-15T10:39:28Z,20250315,2025,1010,1.0,2009.96,26.236,True,True,True,https://noaa-nws-rtofs-pds.s3.amazonaws.com/rtofs.20250315/rtofs_glo_3dz_f006_6hrly_hvr_US_east.nc
ARGO_GDAC,pfl,aoml/4903471/profiles/D4903471_177.nc|2025-03-15T10:39:28Z|26.89373|-88.44108,aoml/4903471/profiles/D4903471_177.nc,4903471,4903471,26.89373,-88.44108,2025-03-15T10:39:28Z,20250315,2025,893,0.56,99.96,26.3508,True,True,True,https://noaa-nws-rtofs-pds.s3.amazonaws.com/rtofs.20250315/rtofs_glo_3dz_f006_6hrly_hvr_US_east.nc
ARGO_GDAC,pfl,aoml/4903471/profiles/D4903471_178.nc|2025-03-20T11:55:21Z|26.74069|-88.04202,aoml/4903471/profiles/D4903471_178.nc,4903471,4903471,26.74069,-88.04202,2025-03-20T11:55:21Z,20250320,2025,1008,1.12,2006.0,20.5733,True,True,True,https://noaa-nws-rtofs-pds.s3.amazonaws.com/rtofs.20250320/rtofs_glo_3dz_f006_6hrly_hvr_US_east.nc
ARGO_GDAC,pfl,aoml/4903471/profiles/D4903471_178.nc|2025-03-20T11:55:21Z|26.74069|-88.04202,aoml/4903471/profiles/D4903471_178.nc,4903471,4903471,26.74069,-88.04202,2025-03-20T11:55:21Z,20250320,2025,878,0.76,99.92,20.4589,True,True,True,https://noaa-nws-rtofs-pds.s3.amazonaws.com/rtofs.20250320/rtofs_glo_3dz_f006_6hrly_hvr_US_east.nc
ARGO_GDAC,pfl,aoml/4903471/profiles/D4903471_179.nc|2025-03-25T13:06:29Z|26.88324|-88.17354,aoml/4903471/profiles/D4903471_179.nc,4903471,4903471,26.88324,-88.17354,2025-03-25T13:06:29Z,20250325,2025,1009,1.36,2007.72,22.2509,True,True,True,https://noaa-nws-rtofs-pds.s3.amazonaws.com/rtofs.20250325/rtofs_glo_3dz_f006_6hrly_hvr_US_east.nc
ARGO_GDAC,pfl,aoml/4903471/profiles/D4903471_179.nc|2025-03-25T13:06:29Z|26.88324|-88.17354,aoml/4903471/profiles/D4903471_179.nc,4903471,4903471,26.88324,-88.17354,2025-03-25T13:06:29Z,20250325,2025,842,1.32,99.96,22.4148,True,True,True,https://noaa-nws-rtofs-pds.s3.amazonaws.com/rtofs.20250325/rtofs_glo_3dz_f006_6hrly_hvr_US_east.nc
ARGO_GDAC,pfl,aoml/4903471/profiles/D4903471_180.nc|2025-03-30T14:12:48Z|26.34361|-88.00341,aoml/4903471/profiles/D4903471_180.nc,4903471,4903471,26.34361,-88.00341,2025-03-30T14:12:48Z,20250330,2025,1013,0.96,2015.16,36.8926,True,True,True,https://noaa-nws-rtofs-pds.s3.amazonaws.com/rtofs.20250330/rtofs_glo_3dz_f006_6hrly_hvr_US_east.nc
ARGO_GDAC,pfl,aoml/4903471/profiles/D4903471_180.nc|2025-03-30T14:12:48Z|26.34361|-88.00341,aoml/4903471/profiles/D4903471_180.nc,4903471,4903471,26.34361,-88.00341,2025-03-30T14:12:48Z,20250330,2025,819,0.52,100.0,37.0086,True,True,True,https://noaa-nws-rtofs-pds.s3.amazonaws.com/rtofs.20250330/rtofs_glo_3dz_f006_6hrly_hvr_US_east.nc
ARGO_GDAC,pfl,aoml/4903471/profiles/D4903471_181.nc|2025-04-04T15:18:34Z|26.73626|-87.87381,aoml/4903471/profiles/D4903471_181.nc,4903471,4903471,26.73626,-87.87381,2025-04-04T15:18:34Z,20250404,2025,1011,1.0,2012.0,19.6219,True,True,True,https://noaa-nws-rtofs-pds.s3.amazonaws.com/rtofs.20250404/rtofs_glo_3dz_f006_6hrly_hvr_US_east.nc
ARGO_GDAC,pfl,aoml/4903471/profiles/D4903471_181.nc|2025-04-04T15:18:34Z|26.73626|-87.87381,aoml/4903471/profiles/D4903471_181.nc,4903471,4903471,26.73626,-87.87381,2025-04-04T15:18:34Z,20250404,2025,872,0.52,99.96,19.78,True,True,True,https://noaa-nws-rtofs-pds.s3.amazonaws.com/rtofs.20250404/rtofs_glo_3dz_f006_6hrly_hvr_US_east.nc
ARGO_GDAC,pfl,aoml/4903471/profiles/D4903471_182.nc|2025-04-09T16:33:19Z|26.98085|-87.52792,aoml/4903471/profiles/D4903471_182.nc,4903471,4903471,26.98085,-87.52792,2025-04-09T16:33:19Z,20250409,2025,1011,1.0,2011.96,40.0975,True,True,True,https://noaa-nws-rtofs-pds.s3.amazonaws.com/rtofs.20250409/rtofs_glo_3dz_f006_6hrly_hvr_US_east.nc
ARGO_GDAC,pfl,aoml/4903471/profiles/D4903471_182.nc|2025-04-09T16:33:19Z|26.98085|-87.52792,aoml/4903471/profiles/D4903471_182.nc,4903471,4903471,26.98085,-87.52792,2025-04-09T16:33:19Z,20250409,2025,873,0.52,99.92,40.0087,True,True,True,https://noaa-nws-rtofs-pds.s3.amazonaws.com/rtofs.20250409/rtofs_glo_3dz_f006_6hrly_hvr_US_east.nc
ARGO_GDAC,pfl,aoml/4903471/profiles/D4903471_183.nc|2025-04-14T17:34:27Z|26.77710|-87.02467,aoml/4903471/profiles/D4903471_183.nc,4903471,4903471,26.7771,-87.02467,2025-04-14T17:34:27Z,20250414,2025,1010,1.0,2009.04,12.9742,True,True,True,https://noaa-nws-rtofs-pds.s3.amazonaws.com/rtofs.20250414/rtofs_glo_3dz_f006_6hrly_hvr_US_east.nc
ARGO_GDAC,pfl,aoml/4903471/profiles/D4903471_183.nc|2025-04-14T17:34:27Z|26.77710|-87.02467,aoml/4903471/profiles/D4903471_183.nc,4903471,4903471,26.7771,-87.02467,2025-04-14T17:34:27Z,20250414,2025,898,0.6,99.92,13.439,True,True,True,https://noaa-nws-rtofs-pds.s3.amazonaws.com/rtofs.20250414/rtofs_glo_3dz_f006_6hrly_hvr_US_east.nc
ARGO_GDAC,pfl,aoml/4903471/profiles/D4903471_184.nc|2025-04-19T18:45:16Z|26.95758|-87.29101,aoml/4903471/profiles/D4903471_184.nc,4903471,4903471,26.95758,-87.29101,2025-04-19T18:45:16Z,20250419,2025,1013,0.48,2013.08,50.1164,True,True,True,https://noaa-nws-rtofs-pds.s3.amazonaws.com/rtofs.20250419/rtofs_glo_3dz_f006_6hrly_hvr_US_east.nc
ARGO_GDAC,pfl,aoml/4903471/profiles/D4903471_184.nc|2025-04-19T18:45:16Z|26.95758|-87.29101,aoml/4903471/profiles/D4903471_184.nc,4903471,4903471,26.95758,-87.29101,2025-04-19T18:45:16Z,20250419,2025,863,0.48,99.88,50.4731,True,True,True,https://noaa-nws-rtofs-pds.s3.amazonaws.com/rtofs.20250419/rtofs_glo_3dz_f006_6hrly_hvr_US_east.nc
ARGO_GDAC,pfl,aoml/4903471/profiles/D4903471_185.nc|2025-04-24T19:47:15Z|26.47297|-87.74570,aoml/4903471/profiles/D4903471_185.nc,4903471,4903471,26.47297,-87.7457,2025-04-24T19:47:15Z,20250424,2025,1013,1.04,2015.16,29.0697,True,True,True,https://noaa-nws-rtofs-pds.s3.amazonaws.com/rtofs.20250424/rtofs_glo_3dz_f006_6hrly_hvr_US_east.nc
ARGO_GDAC,pfl,aoml/4903471/profiles/D4903471_185.nc|2025-04-24T19:47:15Z|26.47297|-87.74570,aoml/4903471/profiles/D4903471_185.nc,4903471,4903471,26.47297,-87.7457,2025-04-24T19:47:15Z,20250424,2025,913,0.64,99.92,29.3557,True,True,True,https://noaa-nws-rtofs-pds.s3.amazonaws.com/rtofs.20250424/rtofs_glo_3dz_f006_6hrly_hvr_US_east.nc
ARGO_GDAC,pfl,aoml/4903471/profiles/D4903471_186.nc|2025-04-29T21:08:52Z|26.44748|-87.97165,aoml/4903471/profiles/D4903471_186.nc,4903471,4903471,26.44748,-87.97165,2025-04-29T21:08:52Z,20250429,2025,1009,0.96,2007.4,18.1021,True,True,True,https://noaa-nws-rtofs-pds.s3.amazonaws.com/rtofs.20250429/rtofs_glo_3dz_f006_6hrly_hvr_US_east.nc
ARGO_GDAC,pfl,aoml/4903471/profiles/D4903471_186.nc|2025-04-29T21:08:52Z|26.44748|-87.97165,aoml/4903471/profiles/D4903471_186.nc,4903471,4903471,26.44748,-87.97165,2025-04-29T21:08:52Z,20250429,2025,939,0.56,100.0,18.0937,True,True,True,https://noaa-nws-rtofs-pds.s3.amazonaws.com/rtofs.20250429/rtofs_glo_3dz_f006_6hrly_hvr_US_east.nc
ARGO_GDAC,pfl,aoml/4903471/profiles/D4903471_187.nc|2025-05-04T22:18:46Z|26.82531|-87.68927,aoml/4903471/profiles/D4903471_187.nc,4903471,4903471,26.82531,-87.68927,2025-05-04T22:18:46Z,20250504,2025,1012,1.08,2013.04,18.9059,True,True,True,https://noaa-nws-rtofs-pds.s3.amazonaws.com/rtofs.20250504/rtofs_glo_3dz_f006_6hrly_hvr_US_east.nc
ARGO_GDAC,pfl,aoml/4903471/profiles/D4903471_187.nc|2025-05-04T22:18:46Z|26.82531|-87.68927,aoml/4903471/profiles/D4903471_187.nc,4903471,4903471,26.82531,-87.68927,2025-05-04T22:18:46Z,20250504,2025,873,0.72,99.96,18.5734,True,True,True,https://noaa-nws-rtofs-pds.s3.amazonaws.com/rtofs.20250504/rtofs_glo_3dz_f006_6hrly_hvr_US_east.nc
ARGO_GDAC,pfl,aoml/4903471/profiles/D4903471_188.nc|2025-05-09T23:34:11Z|27.35192|-87.47125,aoml/4903471/profiles/D4903471_188.nc,4903471,4903471,27.35192,-87.47125,2025-05-09T23:34:11Z,20250509,2025,1012,1.08,2013.2,16.5428,True,True,True,https://noaa-nws-rtofs-pds.s3.amazonaws.com/rtofs.20250509/rtofs_glo_3dz_f006_6hrly_hvr_US_east.nc
ARGO_GDAC,pfl,aoml/4903471/profiles/D4903471_188.nc|2025-05-09T23:34:11Z|27.35192|-87.47125,aoml/4903471/profiles/D4903471_188.nc,4903471,4903471,27.35192,-87.47125,2025-05-09T23:34:11Z,20250509,2025,881,0.68,99.96,16.16,True,True,True,https://noaa-nws-rtofs-pds.s3.amazonaws.com/rtofs.20250509/rtofs_glo_3dz_f006_6hrly_hvr_US_east.nc
ARGO_GDAC,pfl,aoml/4903471/profiles/D4903471_189.nc|2025-05-15T00:58:35Z|27.46556|-87.17918,aoml/4903471/profiles/D4903471_189.nc,4903471,4903471,27.46556,-87.17918,2025-05-15T00:58:35Z,20250515,2025,1012,1.04,2013.64,31.5032,True,True,True,https://noaa-nws-rtofs-pds.s3.amazonaws.com/rtofs.20250515/rtofs_glo_3dz_f006_6hrly_hvr_US_east.nc
ARGO_GDAC,pfl,aoml/4903471/profiles/D4903471_189.nc|2025-05-15T00:58:35Z|27.46556|-87.17918,aoml/4903471/profiles/D4903471_189.nc,4903471,4903471,27.46556,-87.17918,2025-05-15T00:58:35Z,20250515,2025,902,0.6,99.96,29.6549,True,True,True,https://noaa-nws-rtofs-pds.s3.amazonaws.com/rtofs.20250515/rtofs_glo_3dz_f006_6hrly_hvr_US_east.nc
ARGO_GDAC,pfl,aoml/4903471/profiles/D4903471_190.nc|2025-05-20T02:19:34Z|27.61902|-87.20404,aoml/4903471/profiles/D4903471_190.nc,4903471,4903471,27.61902,-87.20404,2025-05-20T02:19:34Z,20250520,2025,1013,1.08,2015.48,13.5707,True,True,True,https://noaa-nws-rtofs-pds.s3.amazonaws.com/rtofs.20250520/rtofs_glo_3dz_f006_6hrly_hvr_US_east.nc
ARGO_GDAC,pfl,aoml/4903471/profiles/D4903471_190.nc|2025-05-20T02:19:34Z|27.61902|-87.20404,aoml/4903471/profiles/D4903471_190.nc,4903471,4903471,27.61902,-87.20404,2025-05-20T02:19:34Z,20250520,2025,908,0.84,99.96,13.9769,True,True,True,https://noaa-nws-rtofs-pds.s3.amazonaws.com/rtofs.20250520/rtofs_glo_3dz_f006_6hrly_hvr_US_east.nc
ARGO_GDAC,pfl,aoml/4903471/profiles/D4903471_191.nc|2025-05-25T03:32:08Z|27.64194|-87.74754,aoml/4903471/profiles/D4903471_191.nc,4903471,4903471,27.64194,-87.74754,2025-05-25T03:32:08Z,20250525,2025,1014,1.04,2017.52,13.3599,True,True,True,https://noaa-nws-rtofs-pds.s3.amazonaws.com/rtofs.20250525/rtofs_glo_3dz_f006_6hrly_hvr_US_east.nc
ARGO_GDAC,pfl,aoml/4903471/profiles/D4903471_191.nc|2025-05-25T03:32:08Z|27.64194|-87.74754,aoml/4903471/profiles/D4903471_191.nc,4903471,4903471,27.64194,-87.74754,2025-05-25T03:32:08Z,20250525,2025,864,0.64,99.92,13.2418,True,True,True,https://noaa-nws-rtofs-pds.s3.amazonaws.com/rtofs.20250525/rtofs_glo_3dz_f006_6hrly_hvr_US_east.nc
ARGO_GDAC,pfl,aoml/4903471/profiles/D4903471_192.nc|2025-05-30T04:50:16Z|27.14397|-88.20366,aoml/4903471/profiles/D4903471_192.nc,4903471,4903471,27.14397,-88.20366,2025-05-30T04:50:16Z,20250530,2025,1013,0.96,2015.96,11.0165,True,True,True,https://noaa-nws-rtofs-pds.s3.amazonaws.com/rtofs.20250530/rtofs_glo_3dz_f006_6hrly_hvr_US_east.nc
ARGO_GDAC,pfl,aoml/4903471/profiles/D4903471_192.nc|2025-05-30T04:50:16Z|27.14397|-88.20366,aoml/4903471/profiles/D4903471_192.nc,4903471,4903471,27.14397,-88.20366,2025-05-30T04:50:16Z,20250530,2025,905,0.6,99.88,11.1321,True,True,True,https://noaa-nws-rtofs-pds.s3.amazonaws.com/rtofs.20250530/rtofs_glo_3dz_f006_6hrly_hvr_US_east.nc
ARGO_GDAC,pfl,aoml/4903471/profiles/D4903471_193.nc|2025-06-04T06:11:43Z|26.83883|-88.28915,aoml/4903471/profiles/D4903471_193.nc,4903471,4903471,26.83883,-88.28915,2025-06-04T06:11:43Z,20250604,2025,1009,1.04,2007.08,17.3951,True,True,True,https://noaa-nws-rtofs-pds.s3.amazonaws.com/rtofs.20250604/rtofs_glo_3dz_f006_6hrly_hvr_US_east.nc
ARGO_GDAC,pfl,aoml/4903471/profiles/D4903471_193.nc|2025-06-04T06:11:43Z|26.83883|-88.28915,aoml/4903471/profiles/D4903471_193.nc,4903471,4903471,26.83883,-88.28915,2025-06-04T06:11:43Z,20250604,2025,881,0.6,99.96,17.8075,True,True,True,https://noaa-nws-rtofs-pds.s3.amazonaws.com/rtofs.20250604/rtofs_glo_3dz_f006_6hrly_hvr_US_east.nc
ARGO_GDAC,pfl,aoml/4903471/profiles/D4903471_194.nc|2025-06-09T07:16:47Z|26.72482|-88.26354,aoml/4903471/profiles/D4903471_194.nc,4903471,4903471,26.72482,-88.26354,2025-06-09T07:16:47Z,20250609,2025,1010,1.0,2009.64,15.0313,True,True,True,https://noaa-nws-rtofs-pds.s3.amazonaws.com/rtofs.20250609/rtofs_glo_3dz_f006_6hrly_hvr_US_east.nc
ARGO_GDAC,pfl,aoml/4903471/profiles/D4903471_194.nc|2025-06-09T07:16:47Z|26.72482|-88.26354,aoml/4903471/profiles/D4903471_194.nc,4903471,4903471,26.72482,-88.26354,2025-06-09T07:16:47Z,20250609,2025,867,0.56,99.92,15.1967,True,True,True,https://noaa-nws-rtofs-pds.s3.amazonaws.com/rtofs.20250609/rtofs_glo_3dz_f006_6hrly_hvr_US_east.nc
ARGO_GDAC,pfl,aoml/4903471/profiles/D4903471_195.nc|2025-06-14T08:34:28Z|27.14500|-88.16826,aoml/4903471/profiles/D4903471_195.nc,4903471,4903471,27.145,-88.16826,2025-06-14T08:34:28Z,20250614,2025,1012,1.0,2014.24,14.2824,True,True,True,https://noaa-nws-rtofs-pds.s3.amazonaws.com/rtofs.20250614/rtofs_glo_3dz_f006_6hrly_hvr_US_east.nc
ARGO_GDAC,pfl,aoml/4903471/profiles/D4903471_195.nc|2025-06-14T08:34:28Z|27.14500|-88.16826,aoml/4903471/profiles/D4903471_195.nc,4903471,4903471,27.145,-88.16826,2025-06-14T08:34:28Z,20250614,2025,910,0.52,99.96,14.6727,True,True,True,https://noaa-nws-rtofs-pds.s3.amazonaws.com/rtofs.20250614/rtofs_glo_3dz_f006_6hrly_hvr_US_east.nc
ARGO_GDAC,pfl,aoml/4903471/profiles/D4903471_196.nc|2025-06-19T09:50:27Z|27.62475|-87.55046,aoml/4903471/profiles/D4903471_196.nc,4903471,4903471,27.62475,-87.55046,2025-06-19T09:50:27Z,20250619,2025,1009,1.04,2007.56,16.5582,True,True,True,https://noaa-nws-rtofs-pds.s3.amazonaws.com/rtofs.20250619/rtofs_glo_3dz_f006_6hrly_hvr_US_east.nc
ARGO_GDAC,pfl,aoml/4903471/profiles/D4903471_196.nc|2025-06-19T09:50:27Z|27.62475|-87.55046,aoml/4903471/profiles/D4903471_196.nc,4903471,4903471,27.62475,-87.55046,2025-06-19T09:50:27Z,20250619,2025,874,0.68,99.96,16.9852,True,True,True,https://noaa-nws-rtofs-pds.s3.amazonaws.com/rtofs.20250619/rtofs_glo_3dz_f006_6hrly_hvr_US_east.nc
ARGO_GDAC,pfl,aoml/4903471/profiles/D4903471_197.nc|2025-06-24T11:00:13Z|27.30395|-88.08447,aoml/4903471/profiles/D4903471_197.nc,4903471,4903471,27.30395,-88.08447,2025-06-24T11:00:13Z,20250624,2025,1011,1.0,2011.52,14.0612,True,True,True,https://noaa-nws-rtofs-pds.s3.amazonaws.com/rtofs.20250624/rtofs_glo_3dz_f006_6hrly_hvr_US_east.nc
ARGO_GDAC,pfl,aoml/4903471/profiles/D4903471_197.nc|2025-06-24T11:00:13Z|27.30395|-88.08447,aoml/4903471/profiles/D4903471_197.nc,4903471,4903471,27.30395,-88.08447,2025-06-24T11:00:13Z,20250624,2025,852,0.68,99.88,14.1642,True,True,True,https://noaa-nws-rtofs-pds.s3.amazonaws.com/rtofs.20250624/rtofs_glo_3dz_f006_6hrly_hvr_US_east.nc
ARGO_GDAC,pfl,aoml/4903471/profiles/D4903471_198.nc|2025-06-29T12:13:51Z|26.78042|-88.38656,aoml/4903471/profiles/D4903471_198.nc,4903471,4903471,26.78042,-88.38656,2025-06-29T12:13:51Z,20250629,2025,1008,1.0,2005.12,14.2961,True,True,True,https://noaa-nws-rtofs-pds.s3.amazonaws.com/rtofs.20250629/rtofs_glo_3dz_f006_6hrly_hvr_US_east.nc
ARGO_GDAC,pfl,aoml/4903471/profiles/D4903471_198.nc|2025-06-29T12:13:51Z|26.78042|-88.38656,aoml/4903471/profiles/D4903471_198.nc,4903471,4903471,26.78042,-88.38656,2025-06-29T12:13:51Z,20250629,2025,867,0.56,99.96,14.9952,True,True,True,https://noaa-nws-rtofs-pds.s3.amazonaws.com/rtofs.20250629/rtofs_glo_3dz_f006_6hrly_hvr_US_east.nc
ARGO_GDAC,pfl,aoml/4903471/profiles/D4903471_199.nc|2025-07-04T13:22:00Z|26.37695|-88.23381,aoml/4903471/profiles/D4903471_199.nc,4903471,4903471,26.37695,-88.23381,2025-07-04T13:22:00Z,20250704,2025,1011,0.96,2011.36,13.6283,True,True,True,https://noaa-nws-rtofs-pds.s3.amazonaws.com/rtofs.20250704/rtofs_glo_3dz_f006_6hrly_hvr_US_east.nc
ARGO_GDAC,pfl,aoml/4903471/profiles/D4903471_199.nc|2025-07-04T13:22:00Z|26.37695|-88.23381,aoml/4903471/profiles/D4903471_199.nc,4903471,4903471,26.37695,-88.23381,2025-07-04T13:22:00Z,20250704,2025,866,0.6,99.92,13.2501,True,True,True,https://noaa-nws-rtofs-pds.s3.amazonaws.com/rtofs.20250704/rtofs_glo_3dz_f006_6hrly_hvr_US_east.nc
ARGO_GDAC,pfl,aoml/4903471/profiles/D4903471_200.nc|2025-07-09T14:38:36Z|26.35877|-87.78997,aoml/4903471/profiles/D4903471_200.nc,4903471,4903471,26.35877,-87.78997,2025-07-09T14:38:36Z,20250709,2025,1010,1.0,2010.04,20.2351,True,True,True,https://noaa-nws-rtofs-pds.s3.amazonaws.com/rtofs.20250709/rtofs_glo_3dz_f006_6hrly_hvr_US_east.nc
ARGO_GDAC,pfl,aoml/4903471/profiles/D4903471_200.nc|2025-07-09T14:38:36Z|26.35877|-87.78997,aoml/4903471/profiles/D4903471_200.nc,4903471,4903471,26.35877,-87.78997,2025-07-09T14:38:36Z,20250709,2025,848,0.56,100.0,20.445,True,True,True,https://noaa-nws-rtofs-pds.s3.amazonaws.com/rtofs.20250709/rtofs_glo_3dz_f006_6hrly_hvr_US_east.nc
ARGO_GDAC,pfl,aoml/4903471/profiles/D4903471_201.nc|2025-07-14T15:57:30Z|27.16238|-87.50764,aoml/4903471/profiles/D4903471_201.nc,4903471,4903471,27.16238,-87.50764,2025-07-14T15:57:30Z,20250714,2025,1009,1.08,2007.36,17.0235,True,True,True,https://noaa-nws-rtofs-pds.s3.amazonaws.com/rtofs.20250714/rtofs_glo_3dz_f006_6hrly_hvr_US_east.nc
ARGO_GDAC,pfl,aoml/4903471/profiles/D4903471_201.nc|2025-07-14T15:57:30Z|27.16238|-87.50764,aoml/4903471/profiles/D4903471_201.nc,4903471,4903471,27.16238,-87.50764,2025-07-14T15:57:30Z,20250714,2025,925,0.72,99.92,17.0226,True,True,True,https://noaa-nws-rtofs-pds.s3.amazonaws.com/rtofs.20250714/rtofs_glo_3dz_f006_6hrly_hvr_US_east.nc
ARGO_GDAC,pfl,aoml/4903471/profiles/D4903471_202.nc|2025-07-19T17:15:42Z|27.61463|-87.40565,aoml/4903471/profiles/D4903471_202.nc,4903471,4903471,27.61463,-87.40565,2025-07-19T17:15:42Z,20250719,2025,1012,1.0,2013.64,21.6343,True,True,True,https://noaa-nws-rtofs-pds.s3.amazonaws.com/rtofs.20250719/rtofs_glo_3dz_f006_6hrly_hvr_US_east.nc
ARGO_GDAC,pfl,aoml/4903471/profiles/D4903471_202.nc|2025-07-19T17:15:42Z|27.61463|-87.40565,aoml/4903471/profiles/D4903471_202.nc,4903471,4903471,27.61463,-87.40565,2025-07-19T17:15:42Z,20250719,2025,935,0.64,99.96,21.5315,True,True,True,https://noaa-nws-rtofs-pds.s3.amazonaws.com/rtofs.20250719/rtofs_glo_3dz_f006_6hrly_hvr_US_east.nc
ARGO_GDAC,pfl,aoml/4903471/profiles/D4903471_203.nc|2025-07-24T18:26:41Z|27.45032|-87.37091,aoml/4903471/profiles/D4903471_203.nc,4903471,4903471,27.45032,-87.37091,2025-07-24T18:26:41Z,20250724,2025,1013,1.32,2015.52,20.4705,True,True,True,https://noaa-nws-rtofs-pds.s3.amazonaws.com/rtofs.20250724/rtofs_glo_3dz_f006_6hrly_hvr_US_east.nc
ARGO_GDAC,pfl,aoml/4903471/profiles/D4903471_203.nc|2025-07-24T18:26:41Z|27.45032|-87.37091,aoml/4903471/profiles/D4903471_203.nc,4903471,4903471,27.45032,-87.37091,2025-07-24T18:26:41Z,20250724,2025,874,1.2,99.96,20.496,True,True,True,https://noaa-nws-rtofs-pds.s3.amazonaws.com/rtofs.20250724/rtofs_glo_3dz_f006_6hrly_hvr_US_east.nc
ARGO_GDAC,pfl,aoml/4903471/profiles/D4903471_204.nc|2025-07-29T19:43:15Z|26.98158|-87.32750,aoml/4903471/profiles/D4903471_204.nc,4903471,4903471,26.98158,-87.3275,2025-07-29T19:43:15Z,20250729,2025,1013,0.96,2015.72,31.1935,True,True,True,https://noaa-nws-rtofs-pds.s3.amazonaws.com/rtofs.20250729/rtofs_glo_3dz_f006_6hrly_hvr_US_east.nc
ARGO_GDAC,pfl,aoml/4903471/profiles/D4903471_204.nc|2025-07-29T19:43:15Z|26.98158|-87.32750,aoml/4903471/profiles/D4903471_204.nc,4903471,4903471,26.98158,-87.3275,2025-07-29T19:43:15Z,20250729,2025,815,0.6,99.96,30.1638,True,True,True,https://noaa-nws-rtofs-pds.s3.amazonaws.com/rtofs.20250729/rtofs_glo_3dz_f006_6hrly_hvr_US_east.nc
ARGO_GDAC,pfl,aoml/4903471/profiles/D4903471_205.nc|2025-08-03T21:04:54Z|26.82668|-87.41457,aoml/4903471/profiles/D4903471_205.nc,4903471,4903471,26.82668,-87.41457,2025-08-03T21:04:54Z,20250803,2025,1012,1.04,2013.4,14.4434,True,True,True,https://noaa-nws-rtofs-pds.s3.amazonaws.com/rtofs.20250803/rtofs_glo_3dz_f006_6hrly_hvr_US_east.nc
ARGO_GDAC,pfl,aoml/4903471/profiles/D4903471_205.nc|2025-08-03T21:04:54Z|26.82668|-87.41457,aoml/4903471/profiles/D4903471_205.nc,4903471,4903471,26.82668,-87.41457,2025-08-03T21:04:54Z,20250803,2025,826,0.68,99.96,14.3832,True,True,True,https://noaa-nws-rtofs-pds.s3.amazonaws.com/rtofs.20250803/rtofs_glo_3dz_f006_6hrly_hvr_US_east.nc
ARGO_GDAC,pfl,aoml/4903471/profiles/D4903471_206.nc|2025-08-08T22:17:06Z|27.06064|-87.20091,aoml/4903471/profiles/D4903471_206.nc,4903471,4903471,27.06064,-87.20091,2025-08-08T22:17:06Z,20250808,2025,1010,1.24,2009.08,22.82,True,True,True,https://noaa-nws-rtofs-pds.s3.amazonaws.com/rtofs.20250808/rtofs_glo_3dz_f006_6hrly_hvr_US_east.nc
ARGO_GDAC,pfl,aoml/4903471/profiles/D4903471_206.nc|2025-08-08T22:17:06Z|27.06064|-87.20091,aoml/4903471/profiles/D4903471_206.nc,4903471,4903471,27.06064,-87.20091,2025-08-08T22:17:06Z,20250808,2025,842,1.08,100.0,22.8937,True,True,True,https://noaa-nws-rtofs-pds.s3.amazonaws.com/rtofs.20250808/rtofs_glo_3dz_f006_6hrly_hvr_US_east.nc
ARGO_GDAC,pfl,aoml/4903471/profiles/D4903471_207.nc|2025-08-13T23:31:43Z|27.22631|-87.00805,aoml/4903471/profiles/D4903471_207.nc,4903471,4903471,27.22631,-87.00805,2025-08-13T23:31:43Z,20250813,2025,1012,1.0,2013.36,29.954,True,True,True,https://noaa-nws-rtofs-pds.s3.amazonaws.com/rtofs.20250813/rtofs_glo_3dz_f006_6hrly_hvr_US_east.nc
ARGO_GDAC,pfl,aoml/4903471/profiles/D4903471_207.nc|2025-08-13T23:31:43Z|27.22631|-87.00805,aoml/4903471/profiles/D4903471_207.nc,4903471,4903471,27.22631,-87.00805,2025-08-13T23:31:43Z,20250813,2025,879,0.6,99.88,29.9933,True,True,True,https://noaa-nws-rtofs-pds.s3.amazonaws.com/rtofs.20250813/rtofs_glo_3dz_f006_6hrly_hvr_US_east.nc
ARGO_GDAC,pfl,aoml/4903471/profiles/D4903471_208.nc|2025-08-19T00:43:34Z|27.16282|-86.67489,aoml/4903471/profiles/D4903471_208.nc,4903471,4903471,27.16282,-86.67489,2025-08-19T00:43:34Z,20250819,2025,1013,1.0,2015.52,24.56,True,True,True,https://noaa-nws-rtofs-pds.s3.amazonaws.com/rtofs.20250819/rtofs_glo_3dz_f006_6hrly_hvr_US_east.nc
ARGO_GDAC,pfl,aoml/4903471/profiles/D4903471_208.nc|2025-08-19T00:43:34Z|27.16282|-86.67489,aoml/4903471/profiles/D4903471_208.nc,4903471,4903471,27.16282,-86.67489,2025-08-19T00:43:34Z,20250819,2025,834,0.64,99.92,24.4267,True,True,True,https://noaa-nws-rtofs-pds.s3.amazonaws.com/rtofs.20250819/rtofs_glo_3dz_f006_6hrly_hvr_US_east.nc
ARGO_GDAC,pfl,aoml/4903471/profiles/D4903471_209.nc|2025-08-24T01:59:47Z|26.91072|-86.32344,aoml/4903471/profiles/D4903471_209.nc,4903471,4903471,26.91072,-86.32344,2025-08-24T01:59:47Z,20250824,2025,1012,1.0,2013.96,12.8337,True,True,True,https://noaa-nws-rtofs-pds.s3.amazonaws.com/rtofs.20250824/rtofs_glo_3dz_f006_6hrly_hvr_US_east.nc
ARGO_GDAC,pfl,aoml/4903471/profiles/D4903471_209.nc|2025-08-24T01:59:47Z|26.91072|-86.32344,aoml/4903471/profiles/D4903471_209.nc,4903471,4903471,26.91072,-86.32344,2025-08-24T01:59:47Z,20250824,2025,864,0.6,99.96,13.3385,True,True,True,https://noaa-nws-rtofs-pds.s3.amazonaws.com/rtofs.20250824/rtofs_glo_3dz_f006_6hrly_hvr_US_east.nc
ARGO_GDAC,pfl,aoml/4903471/profiles/D4903471_210.nc|2025-08-29T03:18:26Z|26.82949|-86.13722,aoml/4903471/profiles/D4903471_210.nc,4903471,4903471,26.82949,-86.13722,2025-08-29T03:18:26Z,20250829,2025,1013,1.0,2016.08,27.8668,True,True,True,https://noaa-nws-rtofs-pds.s3.amazonaws.com/rtofs.20250829/rtofs_glo_3dz_f006_6hrly_hvr_US_east.nc
ARGO_GDAC,pfl,aoml/4903471/profiles/D4903471_210.nc|2025-08-29T03:18:26Z|26.82949|-86.13722,aoml/4903471/profiles/D4903471_210.nc,4903471,4903471,26.82949,-86.13722,2025-08-29T03:18:26Z,20250829,2025,843,0.64,99.88,14.192,True,True,True,https://noaa-nws-rtofs-pds.s3.amazonaws.com/rtofs.20250829/rtofs_glo_3dz_f006_6hrly_hvr_US_east.nc
ARGO_GDAC,pfl,aoml/4903471/profiles/D4903471_211.nc|2025-09-03T04:35:39Z|27.01659|-86.74957,aoml/4903471/profiles/D4903471_211.nc,4903471,4903471,27.01659,-86.74957,2025-09-03T04:35:39Z,20250903,2025,1011,1.08,2011.56,25.3374,True,True,True,https://noaa-nws-rtofs-pds.s3.amazonaws.com/rtofs.20250903/rtofs_glo_3dz_f006_6hrly_hvr_US_east.nc
ARGO_GDAC,pfl,aoml/4903471/profiles/D4903471_211.nc|2025-09-03T04:35:39Z|27.01659|-86.74957,aoml/4903471/profiles/D4903471_211.nc,4903471,4903471,27.01659,-86.74957,2025-09-03T04:35:39Z,20250903,2025,900,0.68,99.92,25.7467,True,True,True,https://noaa-nws-rtofs-pds.s3.amazonaws.com/rtofs.20250903/rtofs_glo_3dz_f006_6hrly_hvr_US_east.nc
ARGO_GDAC,pfl,aoml/4903471/profiles/D4903471_212.nc|2025-09-08T05:53:20Z|26.24471|-87.45684,aoml/4903471/profiles/D4903471_212.nc,4903471,4903471,26.24471,-87.45684,2025-09-08T05:53:20Z,20250908,2025,1014,1.08,2017.76,36.8994,True,True,True,https://noaa-nws-rtofs-pds.s3.amazonaws.com/rtofs.20250908/rtofs_glo_3dz_f006_6hrly_hvr_US_east.nc
ARGO_GDAC,pfl,aoml/4903471/profiles/D4903471_212.nc|2025-09-08T05:53:20Z|26.24471|-87.45684,aoml/4903471/profiles/D4903471_212.nc,4903471,4903471,26.24471,-87.45684,2025-09-08T05:53:20Z,20250908,2025,821,0.72,99.92,37.6317,True,True,True,https://noaa-nws-rtofs-pds.s3.amazonaws.com/rtofs.20250908/rtofs_glo_3dz_f006_6hrly_hvr_US_east.nc
ARGO_GDAC,pfl,aoml/4903471/profiles/D4903471_213.nc|2025-09-13T07:06:20Z|25.68614|-87.66026,aoml/4903471/profiles/D4903471_213.nc,4903471,4903471,25.68614,-87.66026,2025-09-13T07:06:20Z,20250913,2025,1014,0.4,2015.92,45.0763,True,True,True,https://noaa-nws-rtofs-pds.s3.amazonaws.com/rtofs.20250913/rtofs_glo_3dz_f006_6hrly_hvr_US_east.nc
ARGO_GDAC,pfl,aoml/4903471/profiles/D4903471_213.nc|2025-09-13T07:06:20Z|25.68614|-87.66026,aoml/4903471/profiles/D4903471_213.nc,4903471,4903471,25.68614,-87.66026,2025-09-13T07:06:20Z,20250913,2025,847,0.4,100.0,45.4945,True,True,True,https://noaa-nws-rtofs-pds.s3.amazonaws.com/rtofs.20250913/rtofs_glo_3dz_f006_6hrly_hvr_US_east.nc
ARGO_GDAC,pfl,aoml/4903471/profiles/D4903471_214.nc|2025-09-18T08:23:36Z|26.02865|-87.18391,aoml/4903471/profiles/D4903471_214.nc,4903471,4903471,26.02865,-87.18391,2025-09-18T08:23:36Z,20250918,2025,1013,1.0,2015.8,40.5518,True,True,True,https://noaa-nws-rtofs-pds.s3.amazonaws.com/rtofs.20250918/rtofs_glo_3dz_f006_6hrly_hvr_US_east.nc
ARGO_GDAC,pfl,aoml/4903471/profiles/D4903471_214.nc|2025-09-18T08:23:36Z|26.02865|-87.18391,aoml/4903471/profiles/D4903471_214.nc,4903471,4903471,26.02865,-87.18391,2025-09-18T08:23:36Z,20250918,2025,807,0.6,99.8,40.991,True,True,True,https://noaa-nws-rtofs-pds.s3.amazonaws.com/rtofs.20250918/rtofs_glo_3dz_f006_6hrly_hvr_US_east.nc
ARGO_GDAC,pfl,aoml/4903471/profiles/D4903471_215.nc|2025-09-23T09:39:17Z|26.18594|-86.59588,aoml/4903471/profiles/D4903471_215.nc,4903471,4903471,26.18594,-86.59588,2025-09-23T09:39:17Z,20250923,2025,1012,1.16,2013.28,11.8116,True,True,True,https://noaa-nws-rtofs-pds.s3.amazonaws.com/rtofs.20250923/rtofs_glo_3dz_f006_6hrly_hvr_US_east.nc
ARGO_GDAC,pfl,aoml/4903471/profiles/D4903471_215.nc|2025-09-23T09:39:17Z|26.18594|-86.59588,aoml/4903471/profiles/D4903471_215.nc,4903471,4903471,26.18594,-86.59588,2025-09-23T09:39:17Z,20250923,2025,891,0.96,100.0,11.6957,True,True,True,https://noaa-nws-rtofs-pds.s3.amazonaws.com/rtofs.20250923/rtofs_glo_3dz_f006_6hrly_hvr_US_east.nc
ARGO_GDAC,pfl,aoml/4903471/profiles/D4903471_216.nc|2025-09-28T10:51:53Z|26.91406|-85.84054,aoml/4903471/profiles/D4903471_216.nc,4903471,4903471,26.91406,-85.84054,2025-09-28T10:51:53Z,20250928,2025,1013,1.0,2015.16,39.1495,True,True,True,https://noaa-nws-rtofs-pds.s3.amazonaws.com/rtofs.20250928/rtofs_glo_3dz_f006_6hrly_hvr_US_east.nc
ARGO_GDAC,pfl,aoml/4903471/profiles/D4903471_216.nc|2025-09-28T10:51:53Z|26.91406|-85.84054,aoml/4903471/profiles/D4903471_216.nc,4903471,4903471,26.91406,-85.84054,2025-09-28T10:51:53Z,20250928,2025,875,0.52,99.96,39.5957,True,True,True,https://noaa-nws-rtofs-pds.s3.amazonaws.com/rtofs.20250928/rtofs_glo_3dz_f006_6hrly_hvr_US_east.nc
ARGO_GDAC,pfl,aoml/4903471/profiles/D4903471_217.nc|2025-10-03T12:03:59Z|27.25334|-86.45726,aoml/4903471/profiles/D4903471_217.nc,4903471,4903471,27.25334,-86.45726,2025-10-03T12:03:59Z,20251003,2025,1011,1.08,2012.28,28.022,True,True,True,https://noaa-nws-rtofs-pds.s3.amazonaws.com/rtofs.20251003/rtofs_glo_3dz_f006_6hrly_hvr_US_east.nc
ARGO_GDAC,pfl,aoml/4903471/profiles/D4903471_217.nc|2025-10-03T12:03:59Z|27.25334|-86.45726,aoml/4903471/profiles/D4903471_217.nc,4903471,4903471,27.25334,-86.45726,2025-10-03T12:03:59Z,20251003,2025,894,0.64,99.96,28.1721,True,True,True,https://noaa-nws-rtofs-pds.s3.amazonaws.com/rtofs.20251003/rtofs_glo_3dz_f006_6hrly_hvr_US_east.nc
ARGO_GDAC,pfl,aoml/4903471/profiles/D4903471_218.nc|2025-10-08T13:28:10Z|27.59628|-86.50130,aoml/4903471/profiles/D4903471_218.nc,4903471,4903471,27.59628,-86.5013,2025-10-08T13:28:10Z,20251008,2025,1012,1.0,2013.96,37.2912,True,True,True,https://noaa-nws-rtofs-pds.s3.amazonaws.com/rtofs.20251008/rtofs_glo_3dz_f006_6hrly_hvr_US_east.nc
ARGO_GDAC,pfl,aoml/4903471/profiles/D4903471_218.nc|2025-10-08T13:28:10Z|27.59628|-86.50130,aoml/4903471/profiles/D4903471_218.nc,4903471,4903471,27.59628,-86.5013,2025-10-08T13:28:10Z,20251008,2025,852,0.56,99.96,37.8578,True,True,True,https://noaa-nws-rtofs-pds.s3.amazonaws.com/rtofs.20251008/rtofs_glo_3dz_f006_6hrly_hvr_US_east.nc
ARGO_GDAC,pfl,aoml/4903471/profiles/D4903471_219.nc|2025-10-13T14:35:53Z|27.57354|-86.18267,aoml/4903471/profiles/D4903471_219.nc,4903471,4903471,27.57354,-86.18267,2025-10-13T14:35:53Z,20251013,2025,1011,1.04,2011.92,51.9798,True,True,True,https://noaa-nws-rtofs-pds.s3.amazonaws.com/rtofs.20251013/rtofs_glo_3dz_f006_6hrly_hvr_US_east.nc
ARGO_GDAC,pfl,aoml/4903471/profiles/D4903471_219.nc|2025-10-13T14:35:53Z|27.57354|-86.18267,aoml/4903471/profiles/D4903471_219.nc,4903471,4903471,27.57354,-86.18267,2025-10-13T14:35:53Z,20251013,2025,807,0.6,99.84,52.194,True,True,True,https://noaa-nws-rtofs-pds.s3.amazonaws.com/rtofs.20251013/rtofs_glo_3dz_f006_6hrly_hvr_US_east.nc
ARGO_GDAC,pfl,aoml/4903471/profiles/D4903471_220.nc|2025-10-18T15:45:05Z|27.27059|-85.94688,aoml/4903471/profiles/D4903471_220.nc,4903471,4903471,27.27059,-85.94688,2025-10-18T15:45:05Z,20251018,2025,1013,0.36,2014.0,64.3073,True,True,True,https://noaa-nws-rtofs-pds.s3.amazonaws.com/rtofs.20251018/rtofs_glo_3dz_f006_6hrly_hvr_US_east.nc
ARGO_GDAC,pfl,aoml/4903471/profiles/D4903471_220.nc|2025-10-18T15:45:05Z|27.27059|-85.94688,aoml/4903471/profiles/D4903471_220.nc,4903471,4903471,27.27059,-85.94688,2025-10-18T15:45:05Z,20251018,2025,900,0.36,99.96,64.7287,True,True,True,https://noaa-nws-rtofs-pds.s3.amazonaws.com/rtofs.20251018/rtofs_glo_3dz_f006_6hrly_hvr_US_east.nc
ARGO_GDAC,pfl,aoml/4903471/profiles/D4903471_221.nc|2025-10-23T16:58:13Z|27.01116|-85.64755,aoml/4903471/profiles/D4903471_221.nc,4903471,4903471,27.01116,-85.64755,2025-10-23T16:58:13Z,20251023,2025,1012,0.96,2013.08,56.3376,True,True,True,https://noaa-nws-rtofs-pds.s3.amazonaws.com/rtofs.20251023/rtofs_glo_3dz_f006_6hrly_hvr_US_east.nc
ARGO_GDAC,pfl,aoml/4903471/profiles/D4903471_221.nc|2025-10-23T16:58:13Z|27.01116|-85.64755,aoml/4903471/profiles/D4903471_221.nc,4903471,4903471,27.01116,-85.64755,2025-10-23T16:58:13Z,20251023,2025,901,0.56,99.92,56.9206,True,True,True,https://noaa-nws-rtofs-pds.s3.amazonaws.com/rtofs.20251023/rtofs_glo_3dz_f006_6hrly_hvr_US_east.nc
ARGO_GDAC,pfl,aoml/4903471/profiles/D4903471_222.nc|2025-10-28T18:14:48Z|26.89536|-85.41071,aoml/4903471/profiles/D4903471_222.nc,4903471,4903471,26.89536,-85.41071,2025-10-28T18:14:48Z,20251028,2025,1012,1.0,2013.48,36.4955,True,True,True,https://noaa-nws-rtofs-pds.s3.amazonaws.com/rtofs.20251028/rtofs_glo_3dz_f006_6hrly_hvr_US_east.nc
ARGO_GDAC,pfl,aoml/4903471/profiles/D4903471_222.nc|2025-10-28T18:14:48Z|26.89536|-85.41071,aoml/4903471/profiles/D4903471_222.nc,4903471,4903471,26.89536,-85.41071,2025-10-28T18:14:48Z,20251028,2025,911,0.56,99.88,36.4743,True,True,True,https://noaa-nws-rtofs-pds.s3.amazonaws.com/rtofs.20251028/rtofs_glo_3dz_f006_6hrly_hvr_US_east.nc
ARGO_GDAC,pfl,aoml/4903471/profiles/D4903471_223.nc|2025-11-02T19:29:35Z|27.07106|-85.48476,aoml/4903471/profiles/D4903471_223.nc,4903471,4903471,27.07106,-85.48476,2025-11-02T19:29:35Z,20251102,2025,1012,1.04,2013.28,44.3546,True,True,True,https://noaa-nws-rtofs-pds.s3.amazonaws.com/rtofs.20251102/rtofs_glo_3dz_f006_6hrly_hvr_US_east.nc
ARGO_GDAC,pfl,aoml/4903471/profiles/D4903471_223.nc|2025-11-02T19:29:35Z|27.07106|-85.48476,aoml/4903471/profiles/D4903471_223.nc,4903471,4903471,27.07106,-85.48476,2025-11-02T19:29:35Z,20251102,2025,897,0.6,99.96,45.12,True,True,True,https://noaa-nws-rtofs-pds.s3.amazonaws.com/rtofs.20251102/rtofs_glo_3dz_f006_6hrly_hvr_US_east.nc
ARGO_GDAC,pfl,aoml/4903471/profiles/D4903471_224.nc|2025-11-07T20:43:45Z|27.29514|-85.75078,aoml/4903471/profiles/D4903471_224.nc,4903471,4903471,27.29514,-85.75078,2025-11-07T20:43:45Z,20251107,2025,1011,0.96,2012.16,54.0209,True,True,True,https://noaa-nws-rtofs-pds.s3.amazonaws.com/rtofs.20251107/rtofs_glo_3dz_f006_6hrly_hvr_US_east.nc
ARGO_GDAC,pfl,aoml/4903471/profiles/D4903471_224.nc|2025-11-07T20:43:45Z|27.29514|-85.75078,aoml/4903471/profiles/D4903471_224.nc,4903471,4903471,27.29514,-85.75078,2025-11-07T20:43:45Z,20251107,2025,893,0.6,99.96,54.301,True,True,True,https://noaa-nws-rtofs-pds.s3.amazonaws.com/rtofs.20251107/rtofs_glo_3dz_f006_6hrly_hvr_US_east.nc
ARGO_GDAC,pfl,aoml/4903471/profiles/D4903471_225.nc|2025-11-12T21:52:09Z|27.32225|-86.05409,aoml/4903471/profiles/D4903471_225.nc,4903471,4903471,27.32225,-86.05409,2025-11-12T21:52:09Z,20251112,2025,1008,1.12,2006.04,74.1145,True,True,True,https://noaa-nws-rtofs-pds.s3.amazonaws.com/rtofs.20251112/rtofs_glo_3dz_f006_6hrly_hvr_US_east.nc
ARGO_GDAC,pfl,aoml/4903471/profiles/D4903471_225.nc|2025-11-12T21:52:09Z|27.32225|-86.05409,aoml/4903471/profiles/D4903471_225.nc,4903471,4903471,27.32225,-86.05409,2025-11-12T21:52:09Z,20251112,2025,839,0.68,99.96,74.8762,True,True,True,https://noaa-nws-rtofs-pds.s3.amazonaws.com/rtofs.20251112/rtofs_glo_3dz_f006_6hrly_hvr_US_east.nc
ARGO_GDAC,pfl,aoml/4903471/profiles/R4903471_226.nc|2025-11-17T23:02:59Z|27.26109|-86.33635,aoml/4903471/profiles/R4903471_226.nc,4903471,4903471,27.26109,-86.33635,2025-11-17T23:02:59Z,20251117,2025,1008,1.0,2005.68,83.0197,True,True,True,https://noaa-nws-rtofs-pds.s3.amazonaws.com/rtofs.20251117/rtofs_glo_3dz_f006_6hrly_hvr_US_east.nc
ARGO_GDAC,pfl,aoml/4903471/profiles/R4903471_226.nc|2025-11-17T23:02:59Z|27.26109|-86.33635,aoml/4903471/profiles/R4903471_226.nc,4903471,4903471,27.26109,-86.33635,2025-11-17T23:02:59Z,20251117,2025,841,0.52,100.0,84.1673,True,True,True,https://noaa-nws-rtofs-pds.s3.amazonaws.com/rtofs.20251117/rtofs_glo_3dz_f006_6hrly_hvr_US_east.nc
ARGO_GDAC,pfl,aoml/4903471/profiles/R4903471_227.nc|2025-11-23T00:16:56Z|27.30786|-86.40062,aoml/4903471/profiles/R4903471_227.nc,4903471,4903471,27.30786,-86.40062,2025-11-23T00:16:56Z,20251123,2025,1011,1.04,2011.92,86.8473,True,True,True,https://noaa-nws-rtofs-pds.s3.amazonaws.com/rtofs.20251123/rtofs_glo_3dz_f006_6hrly_hvr_US_east.nc
ARGO_GDAC,pfl,aoml/4903471/profiles/R4903471_227.nc|2025-11-23T00:16:56Z|27.30786|-86.40062,aoml/4903471/profiles/R4903471_227.nc,4903471,4903471,27.30786,-86.40062,2025-11-23T00:16:56Z,20251123,2025,780,0.68,99.96,87.9412,True,True,True,https://noaa-nws-rtofs-pds.s3.amazonaws.com/rtofs.20251123/rtofs_glo_3dz_f006_6hrly_hvr_US_east.nc
ARGO_GDAC,pfl,aoml/4903471/profiles/R4903471_228.nc|2025-11-28T01:27:44Z|27.35512|-86.31843,aoml/4903471/profiles/R4903471_228.nc,4903471,4903471,27.35512,-86.31843,2025-11-28T01:27:44Z,20251128,2025,1009,0.96,2007.2,100.0835,True,False,True,https://noaa-nws-rtofs-pds.s3.amazonaws.com/rtofs.20251128/rtofs_glo_3dz_f006_6hrly_hvr_US_east.nc
ARGO_GDAC,pfl,aoml/4903471/profiles/R4903471_228.nc|2025-11-28T01:27:44Z|27.35512|-86.31843,aoml/4903471/profiles/R4903471_228.nc,4903471,4903471,27.35512,-86.31843,2025-11-28T01:27:44Z,20251128,2025,671,0.56,99.96,,False,False,True,https://noaa-nws-rtofs-pds.s3.amazonaws.com/rtofs.20251128/rtofs_glo_3dz_f006_6hrly_hvr_US_east.nc
ARGO_GDAC,pfl,aoml/4903471/profiles/R4903471_229.nc|2025-12-03T02:42:00Z|27.35337|-86.28242,aoml/4903471/profiles/R4903471_229.nc,4903471,4903471,27.35337,-86.28242,2025-12-03T02:42:00Z,20251203,2025,1012,0.44,2011.6,103.3839,True,False,True,https://noaa-nws-rtofs-pds.s3.amazonaws.com/rtofs.20251203/rtofs_glo_3dz_f006_6hrly_hvr_US_east.nc
ARGO_GDAC,pfl,aoml/4903471/profiles/R4903471_229.nc|2025-12-03T02:42:00Z|27.35337|-86.28242,aoml/4903471/profiles/R4903471_229.nc,4903471,4903471,27.35337,-86.28242,2025-12-03T02:42:00Z,20251203,2025,853,0.44,99.88,,False,False,True,https://noaa-nws-rtofs-pds.s3.amazonaws.com/rtofs.20251203/rtofs_glo_3dz_f006_6hrly_hvr_US_east.nc
ARGO_GDAC,pfl,aoml/4903471/profiles/R4903471_230.nc|2025-12-08T04:02:17Z|27.29614|-86.25615,aoml/4903471/profiles/R4903471_230.nc,4903471,4903471,27.29614,-86.25615,2025-12-08T04:02:17Z,20251208,2025,1011,0.92,2011.72,90.0217,True,True,True,https://noaa-nws-rtofs-pds.s3.amazonaws.com/rtofs.20251208/rtofs_glo_3dz_f006_6hrly_hvr_US_east.nc
ARGO_GDAC,pfl,aoml/4903471/profiles/R4903471_230.nc|2025-12-08T04:02:17Z|27.29614|-86.25615,aoml/4903471/profiles/R4903471_230.nc,4903471,4903471,27.29614,-86.25615,2025-12-08T04:02:17Z,20251208,2025,924,0.56,99.96,90.5614,True,True,True,https://noaa-nws-rtofs-pds.s3.amazonaws.com/rtofs.20251208/rtofs_glo_3dz_f006_6hrly_hvr_US_east.nc
ARGO_GDAC,pfl,aoml/4903471/profiles/R4903471_231.nc|2025-12-13T05:27:16Z|27.10629|-86.08989,aoml/4903471/profiles/R4903471_231.nc,4903471,4903471,27.10629,-86.08989,2025-12-13T05:27:16Z,20251213,2025,1010,1.0,2009.08,68.2534,True,True,True,https://noaa-nws-rtofs-pds.s3.amazonaws.com/rtofs.20251213/rtofs_glo_3dz_f006_6hrly_hvr_US_east.nc
ARGO_GDAC,pfl,aoml/4903471/profiles/R4903471_231.nc|2025-12-13T05:27:16Z|27.10629|-86.08989,aoml/4903471/profiles/R4903471_231.nc,4903471,4903471,27.10629,-86.08989,2025-12-13T05:27:16Z,20251213,2025,838,0.68,99.96,68.413,True,True,True,https://noaa-nws-rtofs-pds.s3.amazonaws.com/rtofs.20251213/rtofs_glo_3dz_f006_6hrly_hvr_US_east.nc
ARGO_GDAC,pfl,aoml/4903471/profiles/R4903471_232.nc|2025-12-18T06:40:07Z|26.79435|-85.90671,aoml/4903471/profiles/R4903471_232.nc,4903471,4903471,26.79435,-85.90671,2025-12-18T06:40:07Z,20251218,2025,1012,0.48,2011.8,78.2353,True,True,True,https://noaa-nws-rtofs-pds.s3.amazonaws.com/rtofs.20251218/rtofs_glo_3dz_f006_6hrly_hvr_US_east.nc
ARGO_GDAC,pfl,aoml/4903471/profiles/R4903471_232.nc|2025-12-18T06:40:07Z|26.79435|-85.90671,aoml/4903471/profiles/R4903471_232.nc,4903471,4903471,26.79435,-85.90671,2025-12-18T06:40:07Z,20251218,2025,800,0.48,99.88,77.9792,True,True,True,https://noaa-nws-rtofs-pds.s3.amazonaws.com/rtofs.20251218/rtofs_glo_3dz_f006_6hrly_hvr_US_east.nc
ARGO_GDAC,pfl,aoml/4903471/profiles/R4903471_233.nc|2025-12-23T07:58:22Z|26.46274|-85.94922,aoml/4903471/profiles/R4903471_233.nc,4903471,4903471,26.46274,-85.94922,2025-12-23T07:58:22Z,20251223,2025,1012,1.2,2013.24,96.8177,True,True,True,https://noaa-nws-rtofs-pds.s3.amazonaws.com/rtofs.20251223/rtofs_glo_3dz_f006_6hrly_hvr_US_east.nc
ARGO_GDAC,pfl,aoml/4903471/profiles/R4903471_233.nc|2025-12-23T07:58:22Z|26.46274|-85.94922,aoml/4903471/profiles/R4903471_233.nc,4903471,4903471,26.46274,-85.94922,2025-12-23T07:58:22Z,20251223,2025,781,0.92,100.0,96.455,True,True,True,https://noaa-nws-rtofs-pds.s3.amazonaws.com/rtofs.20251223/rtofs_glo_3dz_f006_6hrly_hvr_US_east.nc
ARGO_GDAC,pfl,aoml/4903471/profiles/R4903471_234.nc|2025-12-28T09:09:24Z|26.40098|-86.18925,aoml/4903471/profiles/R4903471_234.nc,4903471,4903471,26.40098,-86.18925,2025-12-28T09:09:24Z,20251228,2025,1014,0.4,2015.24,118.4799,True,False,True,https://noaa-nws-rtofs-pds.s3.amazonaws.com/rtofs.20251228/rtofs_glo_3dz_f006_6hrly_hvr_US_east.nc
ARGO_GDAC,pfl,aoml/4903471/profiles/R4903471_234.nc|2025-12-28T09:09:24Z|26.40098|-86.18925,aoml/4903471/profiles/R4903471_234.nc,4903471,4903471,26.40098,-86.18925,2025-12-28T09:09:24Z,20251228,2025,775,0.4,99.88,,False,False,True,https://noaa-nws-rtofs-pds.s3.amazonaws.com/rtofs.20251228/rtofs_glo_3dz_f006_6hrly_hvr_US_east.nc
ARGO_GDAC,pfl,aoml/4903472/profiles/R4903472_086.nc|2024-01-01T19:07:58Z|24.77140|-85.15842,aoml/4903472/profiles/R4903472_086.nc,4903472,4903472,24.7714,-85.15842,2024-01-01T19:07:58Z,20240101,2024,1143,1.64,1987.44,71.0237,True,True,False,
ARGO_GDAC,pfl,aoml/4903472/profiles/R4903472_087.nc|2024-01-06T13:37:45Z|24.73279|-85.04896,aoml/4903472/profiles/R4903472_087.nc,4903472,4903472,24.73279,-85.04896,2024-01-06T13:37:45Z,20240106,2024,1149,1.72,1999.08,113.3352,True,False,False,
ARGO_GDAC,pfl,aoml/4903472/profiles/R4903472_088.nc|2024-01-11T09:01:57Z|24.60797|-84.98628,aoml/4903472/profiles/R4903472_088.nc,4903472,4903472,24.60797,-84.98628,2024-01-11T09:01:57Z,20240111,2024,1148,1.56,1997.4,106.6006,True,False,False,
ARGO_GDAC,pfl,aoml/4903472/profiles/R4903472_089.nc|2024-01-16T03:42:46Z|24.36812|-84.98808,aoml/4903472/profiles/R4903472_089.nc,4903472,4903472,24.36812,-84.98808,2024-01-16T03:42:46Z,20240116,2024,1148,0.44,1994.76,118.0065,True,False,False,
ARGO_GDAC,pfl,aoml/4903472/profiles/R4903472_090.nc|2024-01-20T22:17:53Z|24.04843|-84.84814,aoml/4903472/profiles/R4903472_090.nc,4903472,4903472,24.04843,-84.84814,2024-01-20T22:17:53Z,20240120,2024,1150,0.72,1998.96,102.9109,True,False,False,
ARGO_GDAC,pfl,aoml/4903472/profiles/R4903472_091.nc|2024-01-25T16:47:30Z|23.77415|-84.71727,aoml/4903472/profiles/R4903472_091.nc,4903472,4903472,23.77415,-84.71727,2024-01-25T16:47:30Z,20240125,2024,1149,1.84,1999.08,92.6681,True,True,False,
ARGO_GDAC,pfl,aoml/4903472/profiles/R4903472_092.nc|2024-01-30T11:10:56Z|23.57342|-84.67947,aoml/4903472/profiles/R4903472_092.nc,4903472,4903472,23.57342,-84.67947,2024-01-30T11:10:56Z,20240130,2024,1149,1.52,1999.08,131.4303,True,False,True,https://noaa-nws-rtofs-pds.s3.amazonaws.com/rtofs.20240130/rtofs_glo_3dz_f006_6hrly_hvr_US_east.nc
ARGO_GDAC,pfl,aoml/4903472/profiles/R4903472_093.nc|2024-02-04T05:45:48Z|23.38405|-84.62962,aoml/4903472/profiles/R4903472_093.nc,4903472,4903472,23.38405,-84.62962,2024-02-04T05:45:48Z,20240204,2024,1145,1.88,1990.36,128.1461,True,False,True,https://noaa-nws-rtofs-pds.s3.amazonaws.com/rtofs.20240204/rtofs_glo_3dz_f006_6hrly_hvr_US_east.nc
ARGO_GDAC,pfl,aoml/4903472/profiles/R4903472_094.nc|2024-02-09T00:19:15Z|23.26290|-84.70578,aoml/4903472/profiles/R4903472_094.nc,4903472,4903472,23.2629,-84.70578,2024-02-09T00:19:15Z,20240209,2024,1147,0.52,1992.48,105.0684,True,False,True,https://noaa-nws-rtofs-pds.s3.amazonaws.com/rtofs.20240209/rtofs_glo_3dz_f006_6hrly_hvr_US_east.nc
ARGO_GDAC,pfl,aoml/4903472/profiles/R4903472_095.nc|2024-02-13T18:49:20Z|23.18246|-84.66886,aoml/4903472/profiles/R4903472_095.nc,4903472,4903472,23.18246,-84.66886,2024-02-13T18:49:20Z,20240213,2024,1148,1.72,1997.04,105.5211,True,False,True,https://noaa-nws-rtofs-pds.s3.amazonaws.com/rtofs.20240213/rtofs_glo_3dz_f006_6hrly_hvr_US_east.nc
ARGO_GDAC,pfl,aoml/4903472/profiles/R4903472_096.nc|2024-02-18T13:22:27Z|23.10964|-84.51909,aoml/4903472/profiles/R4903472_096.nc,4903472,4903472,23.10964,-84.51909,2024-02-18T13:22:27Z,20240218,2024,1140,0.8,1978.88,41.2228,True,True,True,https://noaa-nws-rtofs-pds.s3.amazonaws.com/rtofs.20240218/rtofs_glo_3dz_f006_6hrly_hvr_US_east.nc
ARGO_GDAC,pfl,aoml/4903472/profiles/R4903472_097.nc|2024-02-23T07:33:17Z|23.12367|-84.28216,aoml/4903472/profiles/R4903472_097.nc,4903472,4903472,23.12367,-84.28216,2024-02-23T07:33:17Z,20240223,2024,1149,1.68,1999.04,131.4972,True,False,True,https://noaa-nws-rtofs-pds.s3.amazonaws.com/rtofs.20240223/rtofs_glo_3dz_f006_6hrly_hvr_US_east.nc
ARGO_GDAC,pfl,aoml/4903472/profiles/R4903472_098.nc|2024-02-28T02:03:41Z|23.15265|-83.98239,aoml/4903472/profiles/R4903472_098.nc,4903472,4903472,23.15265,-83.98239,2024-02-28T02:03:41Z,20240228,2024,1150,0.8,1999.12,41.343,True,True,True,https://noaa-nws-rtofs-pds.s3.amazonaws.com/rtofs.20240228/rtofs_glo_3dz_f006_6hrly_hvr_US_east.nc
ARGO_GDAC,pfl,aoml/4903472/profiles/R4903472_099.nc|2024-03-03T20:38:07Z|23.27065|-83.51509,aoml/4903472/profiles/R4903472_099.nc,4903472,4903472,23.27065,-83.51509,2024-03-03T20:38:07Z,20240303,2024,1144,1.64,1989.28,29.1138,True,True,True,https://noaa-nws-rtofs-pds.s3.amazonaws.com/rtofs.20240303/rtofs_glo_3dz_f006_6hrly_hvr_US_east.nc
ARGO_GDAC,pfl,aoml/4903472/profiles/R4903472_100.nc|2024-03-08T15:15:55Z|23.46409|-83.09942,aoml/4903472/profiles/R4903472_100.nc,4903472,4903472,23.46409,-83.09942,2024-03-08T15:15:55Z,20240308,2024,1140,0.64,1979.16,57.064,True,True,True,https://noaa-nws-rtofs-pds.s3.amazonaws.com/rtofs.20240308/rtofs_glo_3dz_f006_6hrly_hvr_US_east.nc
ARGO_GDAC,pfl,aoml/4903472/profiles/R4903472_101.nc|2024-03-13T09:01:16Z|23.66128|-82.84812,aoml/4903472/profiles/R4903472_101.nc,4903472,4903472,23.66128,-82.84812,2024-03-13T09:01:16Z,20240313,2024,973,0.92,1644.56,17.2259,True,True,True,https://noaa-nws-rtofs-pds.s3.amazonaws.com/rtofs.20240313/rtofs_glo_3dz_f006_6hrly_hvr_US_east.nc
ARGO_GDAC,pfl,aoml/4903472/profiles/R4903472_102.nc|2024-03-18T02:20:37Z|23.75998|-82.92375,aoml/4903472/profiles/R4903472_102.nc,4903472,4903472,23.75998,-82.92375,2024-03-18T02:20:37Z,20240318,2024,901,1.52,1503.8,10.6196,True,True,True,https://noaa-nws-rtofs-pds.s3.amazonaws.com/rtofs.20240318/rtofs_glo_3dz_f006_6hrly_hvr_US_east.nc
ARGO_GDAC,pfl,aoml/4903472/profiles/R4903472_103.nc|2024-03-22T19:56:13Z|23.76757|-83.05465,aoml/4903472/profiles/R4903472_103.nc,4903472,4903472,23.76757,-83.05465,2024-03-22T19:56:13Z,20240322,2024,957,0.76,1612.12,21.8006,True,True,True,https://noaa-nws-rtofs-pds.s3.amazonaws.com/rtofs.20240322/rtofs_glo_3dz_f006_6hrly_hvr_US_east.nc
ARGO_GDAC,pfl,aoml/4903472/profiles/R4903472_104.nc|2024-03-27T13:35:30Z|23.60571|-83.07168,aoml/4903472/profiles/R4903472_104.nc,4903472,4903472,23.60571,-83.07168,2024-03-27T13:35:30Z,20240327,2024,988,0.6,1674.84,17.3733,True,True,True,https://noaa-nws-rtofs-pds.s3.amazonaws.com/rtofs.20240327/rtofs_glo_3dz_f006_6hrly_hvr_US_east.nc
ARGO_GDAC,pfl,aoml/4903472/profiles/R4903472_105.nc|2024-04-01T08:14:17Z|23.34998|-83.03104,aoml/4903472/profiles/R4903472_105.nc,4903472,4903472,23.34998,-83.03104,2024-04-01T08:14:17Z,20240401,2024,1149,0.6,1996.52,74.0903,True,True,True,https://noaa-nws-rtofs-pds.s3.amazonaws.com/rtofs.20240401/rtofs_glo_3dz_f006_6hrly_hvr_US_east.nc
ARGO_GDAC,pfl,aoml/4903472/profiles/R4903472_106.nc|2024-04-06T02:30:01Z|23.50063|-83.15472,aoml/4903472/profiles/R4903472_106.nc,4903472,4903472,23.50063,-83.15472,2024-04-06T02:30:01Z,20240406,2024,1071,1.56,1843.28,62.0825,True,True,True,https://noaa-nws-rtofs-pds.s3.amazonaws.com/rtofs.20240406/rtofs_glo_3dz_f006_6hrly_hvr_US_east.nc
ARGO_GDAC,pfl,aoml/4903472/profiles/R4903472_107.nc|2024-04-10T20:03:07Z|23.73960|-83.06006,aoml/4903472/profiles/R4903472_107.nc,4903472,4903472,23.7396,-83.06006,2024-04-10T20:03:07Z,20240410,2024,937,0.88,1572.2,14.1805,True,True,True,https://noaa-nws-rtofs-pds.s3.amazonaws.com/rtofs.20240410/rtofs_glo_3dz_f006_6hrly_hvr_US_east.nc
ARGO_GDAC,pfl,aoml/4903472/profiles/R4903472_108.nc|2024-04-15T12:52:36Z|23.89370|-83.04803,aoml/4903472/profiles/R4903472_108.nc,4903472,4903472,23.8937,-83.04803,2024-04-15T12:52:36Z,20240415,2024,794,0.64,1287.36,50.8498,True,True,True,https://noaa-nws-rtofs-pds.s3.amazonaws.com/rtofs.20240415/rtofs_glo_3dz_f006_6hrly_hvr_US_east.nc
ARGO_GDAC,pfl,aoml/4903472/profiles/R4903472_109.nc|2024-04-20T05:16:14Z|23.91070|-83.24696,aoml/4903472/profiles/R4903472_109.nc,4903472,4903472,23.9107,-83.24696,2024-04-20T05:16:14Z,20240420,2024,710,0.44,1118.76,22.2822,True,True,True,https://noaa-nws-rtofs-pds.s3.amazonaws.com/rtofs.20240420/rtofs_glo_3dz_f006_6hrly_hvr_US_east.nc
ARGO_GDAC,pfl,aoml/4903472/profiles/R4903472_110.nc|2024-04-24T21:44:03Z|24.06995|-83.60403,aoml/4903472/profiles/R4903472_110.nc,4903472,4903472,24.06995,-83.60403,2024-04-24T21:44:03Z,20240424,2024,728,0.68,1154.92,15.0518,True,True,True,https://noaa-nws-rtofs-pds.s3.amazonaws.com/rtofs.20240424/rtofs_glo_3dz_f006_6hrly_hvr_US_east.nc
ARGO_GDAC,pfl,aoml/4903472/profiles/R4903472_111.nc|2024-04-29T14:45:44Z|24.08682|-83.94846,aoml/4903472/profiles/R4903472_111.nc,4903472,4903472,24.08682,-83.94846,2024-04-29T14:45:44Z,20240429,2024,838,0.76,1374.48,45.259,True,True,True,https://noaa-nws-rtofs-pds.s3.amazonaws.com/rtofs.20240429/rtofs_glo_3dz_f006_6hrly_hvr_US_east.nc
ARGO_GDAC,pfl,aoml/4903472/profiles/R4903472_112.nc|2024-05-04T09:11:46Z|23.84166|-84.15209,aoml/4903472/profiles/R4903472_112.nc,4903472,4903472,23.84166,-84.15209,2024-05-04T09:11:46Z,20240504,2024,1150,0.84,1999.08,48.9643,True,True,True,https://noaa-nws-rtofs-pds.s3.amazonaws.com/rtofs.20240504/rtofs_glo_3dz_f006_6hrly_hvr_US_east.nc
ARGO_GDAC,pfl,aoml/4903472/profiles/R4903472_113.nc|2024-05-09T03:50:27Z|23.98629|-84.35559,aoml/4903472/profiles/R4903472_113.nc,4903472,4903472,23.98629,-84.35559,2024-05-09T03:50:27Z,20240509,2024,1149,0.4,1996.52,39.8567,True,True,True,https://noaa-nws-rtofs-pds.s3.amazonaws.com/rtofs.20240509/rtofs_glo_3dz_f006_6hrly_hvr_US_east.nc
ARGO_GDAC,pfl,aoml/4903472/profiles/R4903472_114.nc|2024-05-13T22:22:51Z|23.98364|-84.26324,aoml/4903472/profiles/R4903472_114.nc,4903472,4903472,23.98364,-84.26324,2024-05-13T22:22:51Z,20240513,2024,1149,1.48,1999.08,35.4145,True,True,True,https://noaa-nws-rtofs-pds.s3.amazonaws.com/rtofs.20240513/rtofs_glo_3dz_f006_6hrly_hvr_US_east.nc
ARGO_GDAC,pfl,aoml/4903472/profiles/R4903472_115.nc|2024-05-18T16:46:05Z|23.96622|-84.27517,aoml/4903472/profiles/R4903472_115.nc,4903472,4903472,23.96622,-84.27517,2024-05-18T16:46:05Z,20240518,2024,1149,1.52,1999.04,30.8955,True,True,True,https://noaa-nws-rtofs-pds.s3.amazonaws.com/rtofs.20240518/rtofs_glo_3dz_f006_6hrly_hvr_US_east.nc
ARGO_GDAC,pfl,aoml/4903472/profiles/R4903472_116.nc|2024-05-23T11:04:24Z|23.94217|-84.17693,aoml/4903472/profiles/R4903472_116.nc,4903472,4903472,23.94217,-84.17693,2024-05-23T11:04:24Z,20240523,2024,1149,1.84,1999.08,32.2563,True,True,True,https://noaa-nws-rtofs-pds.s3.amazonaws.com/rtofs.20240523/rtofs_glo_3dz_f006_6hrly_hvr_US_east.nc
ARGO_GDAC,pfl,aoml/4903472/profiles/R4903472_117.nc|2024-05-28T05:28:18Z|23.78028|-83.98805,aoml/4903472/profiles/R4903472_117.nc,4903472,4903472,23.78028,-83.98805,2024-05-28T05:28:18Z,20240528,2024,1150,0.48,1999.0,16.8308,True,True,True,https://noaa-nws-rtofs-pds.s3.amazonaws.com/rtofs.20240528/rtofs_glo_3dz_f006_6hrly_hvr_US_east.nc
ARGO_GDAC,pfl,aoml/4903472/profiles/R4903472_118.nc|2024-06-01T23:48:09Z|23.86457|-83.83038,aoml/4903472/profiles/R4903472_118.nc,4903472,4903472,23.86457,-83.83038,2024-06-01T23:48:09Z,20240601,2024,1149,1.44,1999.0,13.293,True,True,True,https://noaa-nws-rtofs-pds.s3.amazonaws.com/rtofs.20240601/rtofs_glo_3dz_f006_6hrly_hvr_US_east.nc
ARGO_GDAC,pfl,aoml/4903472/profiles/R4903472_119.nc|2024-06-06T18:04:12Z|23.89542|-84.11945,aoml/4903472/profiles/R4903472_119.nc,4903472,4903472,23.89542,-84.11945,2024-06-06T18:04:12Z,20240606,2024,1150,0.64,1999.08,18.1261,True,True,True,https://noaa-nws-rtofs-pds.s3.amazonaws.com/rtofs.20240606/rtofs_glo_3dz_f006_6hrly_hvr_US_east.nc
ARGO_GDAC,pfl,aoml/4903472/profiles/R4903472_120.nc|2024-06-11T12:13:04Z|23.79880|-84.34204,aoml/4903472/profiles/R4903472_120.nc,4903472,4903472,23.7988,-84.34204,2024-06-11T12:13:04Z,20240611,2024,1150,0.44,1999.04,22.1896,True,True,True,https://noaa-nws-rtofs-pds.s3.amazonaws.com/rtofs.20240611/rtofs_glo_3dz_f006_6hrly_hvr_US_east.nc
ARGO_GDAC,pfl,aoml/4903472/profiles/R4903472_121.nc|2024-06-16T06:41:38Z|23.87955|-84.31575,aoml/4903472/profiles/R4903472_121.nc,4903472,4903472,23.87955,-84.31575,2024-06-16T06:41:38Z,20240616,2024,1149,1.48,1999.04,29.8754,True,True,True,https://noaa-nws-rtofs-pds.s3.amazonaws.com/rtofs.20240616/rtofs_glo_3dz_f006_6hrly_hvr_US_east.nc
ARGO_GDAC,pfl,aoml/4903472/profiles/R4903472_122.nc|2024-06-21T01:09:29Z|23.96975|-84.13624,aoml/4903472/profiles/R4903472_122.nc,4903472,4903472,23.96975,-84.13624,2024-06-21T01:09:29Z,20240621,2024,1150,0.68,1999.08,25.7296,True,True,True,https://noaa-nws-rtofs-pds.s3.amazonaws.com/rtofs.20240621/rtofs_glo_3dz_f006_6hrly_hvr_US_east.nc
ARGO_GDAC,pfl,aoml/4903472/profiles/R4903472_123.nc|2024-06-25T19:45:12Z|24.01862|-84.18229,aoml/4903472/profiles/R4903472_123.nc,4903472,4903472,24.01862,-84.18229,2024-06-25T19:45:12Z,20240625,2024,1150,1.0,1999.12,30.6711,True,True,True,https://noaa-nws-rtofs-pds.s3.amazonaws.com/rtofs.20240625/rtofs_glo_3dz_f006_6hrly_hvr_US_east.nc
ARGO_GDAC,pfl,aoml/4903472/profiles/R4903472_124.nc|2024-06-30T14:08:19Z|24.17515|-84.48097,aoml/4903472/profiles/R4903472_124.nc,4903472,4903472,24.17515,-84.48097,2024-06-30T14:08:19Z,20240630,2024,1150,0.68,1999.08,17.8275,True,True,True,https://noaa-nws-rtofs-pds.s3.amazonaws.com/rtofs.20240630/rtofs_glo_3dz_f006_6hrly_hvr_US_east.nc
ARGO_GDAC,pfl,aoml/4903472/profiles/R4903472_125.nc|2024-07-05T08:48:40Z|24.42792|-84.43967,aoml/4903472/profiles/R4903472_125.nc,4903472,4903472,24.42792,-84.43967,2024-07-05T08:48:40Z,20240705,2024,1148,0.6,1999.08,18.3618,True,True,True,https://noaa-nws-rtofs-pds.s3.amazonaws.com/rtofs.20240705/rtofs_glo_3dz_f006_6hrly_hvr_US_east.nc
ARGO_GDAC,pfl,aoml/4903472/profiles/R4903472_126.nc|2024-07-10T03:23:20Z|24.72524|-84.38436,aoml/4903472/profiles/R4903472_126.nc,4903472,4903472,24.72524,-84.38436,2024-07-10T03:23:20Z,20240710,2024,1134,0.52,1966.2,16.1268,True,True,True,https://noaa-nws-rtofs-pds.s3.amazonaws.com/rtofs.20240710/rtofs_glo_3dz_f006_6hrly_hvr_US_east.nc
ARGO_GDAC,pfl,aoml/4903472/profiles/R4903472_127.nc|2024-07-14T21:54:53Z|25.14955|-84.73182,aoml/4903472/profiles/R4903472_127.nc,4903472,4903472,25.14955,-84.73182,2024-07-14T21:54:53Z,20240714,2024,1137,0.56,1973.44,15.7932,True,True,True,https://noaa-nws-rtofs-pds.s3.amazonaws.com/rtofs.20240714/rtofs_glo_3dz_f006_6hrly_hvr_US_east.nc
ARGO_GDAC,pfl,aoml/4903472/profiles/R4903472_128.nc|2024-07-19T16:18:15Z|25.10355|-85.37343,aoml/4903472/profiles/R4903472_128.nc,4903472,4903472,25.10355,-85.37343,2024-07-19T16:18:15Z,20240719,2024,1149,1.8,1999.04,24.1689,True,True,True,https://noaa-nws-rtofs-pds.s3.amazonaws.com/rtofs.20240719/rtofs_glo_3dz_f006_6hrly_hvr_US_east.nc
ARGO_GDAC,pfl,aoml/4903472/profiles/R4903472_129.nc|2024-07-24T10:40:55Z|24.51697|-86.23007,aoml/4903472/profiles/R4903472_129.nc,4903472,4903472,24.51697,-86.23007,2024-07-24T10:40:55Z,20240724,2024,1134,0.52,1966.28,21.134,True,True,True,https://noaa-nws-rtofs-pds.s3.amazonaws.com/rtofs.20240724/rtofs_glo_3dz_f006_6hrly_hvr_US_east.nc
ARGO_GDAC,pfl,aoml/4903472/profiles/R4903472_130.nc|2024-07-29T04:41:21Z|24.36587|-86.67535,aoml/4903472/profiles/R4903472_130.nc,4903472,4903472,24.36587,-86.67535,2024-07-29T04:41:21Z,20240729,2024,1049,1.84,1799.24,18.7355,True,True,True,https://noaa-nws-rtofs-pds.s3.amazonaws.com/rtofs.20240729/rtofs_glo_3dz_f006_6hrly_hvr_US_east.nc
ARGO_GDAC,pfl,aoml/4903472/profiles/R4903472_131.nc|2024-08-02T22:19:30Z|24.39066|-87.01858,aoml/4903472/profiles/R4903472_131.nc,4903472,4903472,24.39066,-87.01858,2024-08-02T22:19:30Z,20240802,2024,950,1.48,1600.28,20.7945,True,True,True,https://noaa-nws-rtofs-pds.s3.amazonaws.com/rtofs.20240802/rtofs_glo_3dz_f006_6hrly_hvr_US_east.nc
ARGO_GDAC,pfl,aoml/4903472/profiles/R4903472_132.nc|2024-08-07T15:59:07Z|24.50358|-87.26376,aoml/4903472/profiles/R4903472_132.nc,4903472,4903472,24.50358,-87.26376,2024-08-07T15:59:07Z,20240807,2024,963,0.72,1625.4,32.814,True,True,True,https://noaa-nws-rtofs-pds.s3.amazonaws.com/rtofs.20240807/rtofs_glo_3dz_f006_6hrly_hvr_US_east.nc
ARGO_GDAC,pfl,aoml/4903472/profiles/R4903472_133.nc|2024-08-12T09:30:18Z|24.46708|-87.33222,aoml/4903472/profiles/R4903472_133.nc,4903472,4903472,24.46708,-87.33222,2024-08-12T09:30:18Z,20240812,2024,915,0.56,1528.16,16.0662,True,True,True,https://noaa-nws-rtofs-pds.s3.amazonaws.com/rtofs.20240812/rtofs_glo_3dz_f006_6hrly_hvr_US_east.nc
ARGO_GDAC,pfl,aoml/4903472/profiles/R4903472_134.nc|2024-08-17T02:31:12Z|24.45734|-87.44237,aoml/4903472/profiles/R4903472_134.nc,4903472,4903472,24.45734,-87.44237,2024-08-17T02:31:12Z,20240817,2024,832,1.68,1364.32,22.5495,True,True,True,https://noaa-nws-rtofs-pds.s3.amazonaws.com/rtofs.20240817/rtofs_glo_3dz_f006_6hrly_hvr_US_east.nc
ARGO_GDAC,pfl,aoml/4903472/profiles/R4903472_135.nc|2024-08-21T19:21:48Z|24.37798|-87.35578,aoml/4903472/profiles/R4903472_135.nc,4903472,4903472,24.37798,-87.35578,2024-08-21T19:21:48Z,20240821,2024,794,1.84,1289.2,11.8518,True,True,True,https://noaa-nws-rtofs-pds.s3.amazonaws.com/rtofs.20240821/rtofs_glo_3dz_f006_6hrly_hvr_US_east.nc
ARGO_GDAC,pfl,aoml/4903472/profiles/R4903472_136.nc|2024-08-26T12:02:02Z|24.29245|-87.19694,aoml/4903472/profiles/R4903472_136.nc,4903472,4903472,24.29245,-87.19694,2024-08-26T12:02:02Z,20240826,2024,756,0.8,1210.76,10.8084,True,True,True,https://noaa-nws-rtofs-pds.s3.amazonaws.com/rtofs.20240826/rtofs_glo_3dz_f006_6hrly_hvr_US_east.nc
ARGO_GDAC,pfl,aoml/4903472/profiles/R4903472_137.nc|2024-08-31T05:29:52Z|24.45961|-87.18201,aoml/4903472/profiles/R4903472_137.nc,4903472,4903472,24.45961,-87.18201,2024-08-31T05:29:52Z,20240831,2024,910,0.64,1518.36,11.9438,True,True,True,https://noaa-nws-rtofs-pds.s3.amazonaws.com/rtofs.20240831/rtofs_glo_3dz_f006_6hrly_hvr_US_east.nc
ARGO_GDAC,pfl,aoml/4903472/profiles/R4903472_138.nc|2024-09-04T23:41:12Z|24.70323|-87.10642,aoml/4903472/profiles/R4903472_138.nc,4903472,4903472,24.70323,-87.10642,2024-09-04T23:41:12Z,20240904,2024,1148,0.48,1999.04,31.21,True,True,True,https://noaa-nws-rtofs-pds.s3.amazonaws.com/rtofs.20240904/rtofs_glo_3dz_f006_6hrly_hvr_US_east.nc
ARGO_GDAC,pfl,aoml/4903472/profiles/R4903472_139.nc|2024-09-09T18:01:17Z|25.27914|-87.08075,aoml/4903472/profiles/R4903472_139.nc,4903472,4903472,25.27914,-87.08075,2024-09-09T18:01:17Z,20240909,2024,1149,1.68,1999.04,22.0188,True,True,True,https://noaa-nws-rtofs-pds.s3.amazonaws.com/rtofs.20240909/rtofs_glo_3dz_f006_6hrly_hvr_US_east.nc
ARGO_GDAC,pfl,aoml/4903472/profiles/R4903472_140.nc|2024-09-14T12:39:13Z|25.70143|-87.74485,aoml/4903472/profiles/R4903472_140.nc,4903472,4903472,25.70143,-87.74485,2024-09-14T12:39:13Z,20240914,2024,1150,0.92,1999.08,19.2776,True,True,True,https://noaa-nws-rtofs-pds.s3.amazonaws.com/rtofs.20240914/rtofs_glo_3dz_f006_6hrly_hvr_US_east.nc
ARGO_GDAC,pfl,aoml/4903472/profiles/R4903472_141.nc|2024-09-19T07:14:20Z|25.74641|-88.38546,aoml/4903472/profiles/R4903472_141.nc,4903472,4903472,25.74641,-88.38546,2024-09-19T07:14:20Z,20240919,2024,1150,0.68,1999.08,21.9043,True,True,True,https://noaa-nws-rtofs-pds.s3.amazonaws.com/rtofs.20240919/rtofs_glo_3dz_f006_6hrly_hvr_US_east.nc
ARGO_GDAC,pfl,aoml/4903472/profiles/R4903472_142.nc|2024-09-24T01:44:20Z|25.69156|-88.68333,aoml/4903472/profiles/R4903472_142.nc,4903472,4903472,25.69156,-88.68333,2024-09-24T01:44:20Z,20240924,2024,1150,0.6,1999.08,25.6345,True,True,True,https://noaa-nws-rtofs-pds.s3.amazonaws.com/rtofs.20240924/rtofs_glo_3dz_f006_6hrly_hvr_US_east.nc
ARGO_GDAC,pfl,aoml/4903472/profiles/R4903472_143.nc|2024-09-28T20:16:43Z|25.66655|-88.93734,aoml/4903472/profiles/R4903472_143.nc,4903472,4903472,25.66655,-88.93734,2024-09-28T20:16:43Z,20240928,2024,1149,1.56,1999.04,26.8552,True,True,True,https://noaa-nws-rtofs-pds.s3.amazonaws.com/rtofs.20240928/rtofs_glo_3dz_f006_6hrly_hvr_US_east.nc
ARGO_GDAC,pfl,aoml/4903472/profiles/R4903472_144.nc|2024-10-03T14:44:05Z|25.57106|-89.21485,aoml/4903472/profiles/R4903472_144.nc,4903472,4903472,25.57106,-89.21485,2024-10-03T14:44:05Z,20241003,2024,1150,0.56,1999.08,26.3124,True,True,True,https://noaa-nws-rtofs-pds.s3.amazonaws.com/rtofs.20241003/rtofs_glo_3dz_f006_6hrly_hvr_US_east.nc
ARGO_GDAC,pfl,aoml/4903472/profiles/R4903472_145.nc|2024-10-08T09:11:25Z|25.41827|-89.29664,aoml/4903472/profiles/R4903472_145.nc,4903472,4903472,25.41827,-89.29664,2024-10-08T09:11:25Z,20241008,2024,1149,1.92,1999.0,28.7586,True,True,True,https://noaa-nws-rtofs-pds.s3.amazonaws.com/rtofs.20241008/rtofs_glo_3dz_f006_6hrly_hvr_US_east.nc
ARGO_GDAC,pfl,aoml/4903472/profiles/R4903472_146.nc|2024-10-13T03:48:57Z|25.27234|-89.11948,aoml/4903472/profiles/R4903472_146.nc,4903472,4903472,25.27234,-89.11948,2024-10-13T03:48:57Z,20241013,2024,1144,0.84,1999.04,45.8165,True,True,True,https://noaa-nws-rtofs-pds.s3.amazonaws.com/rtofs.20241013/rtofs_glo_3dz_f006_6hrly_hvr_US_east.nc
ARGO_GDAC,pfl,aoml/4903472/profiles/R4903472_147.nc|2024-10-17T22:11:17Z|25.41239|-89.01470,aoml/4903472/profiles/R4903472_147.nc,4903472,4903472,25.41239,-89.0147,2024-10-17T22:11:17Z,20241017,2024,1149,1.8,1999.04,58.5783,True,True,True,https://noaa-nws-rtofs-pds.s3.amazonaws.com/rtofs.20241017/rtofs_glo_3dz_f006_6hrly_hvr_US_east.nc
ARGO_GDAC,pfl,aoml/4903472/profiles/R4903472_148.nc|2024-10-22T16:45:51Z|25.75745|-89.13057,aoml/4903472/profiles/R4903472_148.nc,4903472,4903472,25.75745,-89.13057,2024-10-22T16:45:51Z,20241022,2024,1147,1.6,1999.04,68.6445,True,True,True,https://noaa-nws-rtofs-pds.s3.amazonaws.com/rtofs.20241022/rtofs_glo_3dz_f006_6hrly_hvr_US_east.nc
ARGO_GDAC,pfl,aoml/4903472/profiles/R4903472_149.nc|2024-10-27T11:20:01Z|26.04983|-89.16813,aoml/4903472/profiles/R4903472_149.nc,4903472,4903472,26.04983,-89.16813,2024-10-27T11:20:01Z,20241027,2024,1149,1.52,1999.04,45.99,True,True,True,https://noaa-nws-rtofs-pds.s3.amazonaws.com/rtofs.20241027/rtofs_glo_3dz_f006_6hrly_hvr_US_east.nc
ARGO_GDAC,pfl,aoml/4903472/profiles/R4903472_150.nc|2024-11-01T05:54:33Z|25.89751|-88.91928,aoml/4903472/profiles/R4903472_150.nc,4903472,4903472,25.89751,-88.91928,2024-11-01T05:54:33Z,20241101,2024,1150,0.72,1999.08,28.7932,True,True,True,https://noaa-nws-rtofs-pds.s3.amazonaws.com/rtofs.20241101/rtofs_glo_3dz_f006_6hrly_hvr_US_east.nc
ARGO_GDAC,pfl,aoml/4903472/profiles/R4903472_151.nc|2024-11-06T01:35:41Z|26.18817|-88.40652,aoml/4903472/profiles/R4903472_151.nc,4903472,4903472,26.18817,-88.40652,2024-11-06T01:35:41Z,20241106,2024,715,0.96,1095.0,109.7867,True,False,True,https://noaa-nws-rtofs-pds.s3.amazonaws.com/rtofs.20241106/rtofs_glo_3dz_f006_6hrly_hvr_US_east.nc
ARGO_GDAC,pfl,aoml/4903472/profiles/R4903472_152.nc|2024-11-08T11:35:19Z|26.42105|-88.22776,aoml/4903472/profiles/R4903472_152.nc,4903472,4903472,26.42105,-88.22776,2024-11-08T11:35:19Z,20241108,2024,662,1.96,1024.12,111.6882,True,False,True,https://noaa-nws-rtofs-pds.s3.amazonaws.com/rtofs.20241108/rtofs_glo_3dz_f006_6hrly_hvr_US_east.nc
ARGO_GDAC,pfl,aoml/4903472/profiles/R4903472_153.nc|2024-11-10T21:51:43Z|26.40373|-88.13247,aoml/4903472/profiles/R4903472_153.nc,4903472,4903472,26.40373,-88.13247,2024-11-10T21:51:43Z,20241110,2024,666,1.6,1033.32,132.0293,True,False,True,https://noaa-nws-rtofs-pds.s3.amazonaws.com/rtofs.20241110/rtofs_glo_3dz_f006_6hrly_hvr_US_east.nc
ARGO_GDAC,pfl,aoml/4903472/profiles/R4903472_154.nc|2024-11-15T16:12:24Z|26.40172|-88.43671,aoml/4903472/profiles/R4903472_154.nc,4903472,4903472,26.40172,-88.43671,2024-11-15T16:12:24Z,20241115,2024,1150,0.84,1999.08,114.1804,True,False,True,https://noaa-nws-rtofs-pds.s3.amazonaws.com/rtofs.20241115/rtofs_glo_3dz_f006_6hrly_hvr_US_east.nc
ARGO_GDAC,pfl,aoml/4903472/profiles/R4903472_155.nc|2024-11-20T10:28:03Z|26.66971|-88.19366,aoml/4903472/profiles/R4903472_155.nc,4903472,4903472,26.66971,-88.19366,2024-11-20T10:28:03Z,20241120,2024,1149,1.68,1999.04,120.7054,True,False,True,https://noaa-nws-rtofs-pds.s3.amazonaws.com/rtofs.20241120/rtofs_glo_3dz_f006_6hrly_hvr_US_east.nc
ARGO_GDAC,pfl,aoml/4903472/profiles/R4903472_156.nc|2024-11-25T04:54:12Z|26.68492|-87.60992,aoml/4903472/profiles/R4903472_156.nc,4903472,4903472,26.68492,-87.60992,2024-11-25T04:54:12Z,20241125,2024,1149,1.64,1999.04,154.7676,True,False,True,https://noaa-nws-rtofs-pds.s3.amazonaws.com/rtofs.20241125/rtofs_glo_3dz_f006_6hrly_hvr_US_east.nc
ARGO_GDAC,pfl,aoml/4903472/profiles/R4903472_157.nc|2024-11-29T23:25:28Z|26.53743|-87.19200,aoml/4903472/profiles/R4903472_157.nc,4903472,4903472,26.53743,-87.192,2024-11-29T23:25:28Z,20241129,2024,1149,1.68,1999.04,145.8793,True,False,True,https://noaa-nws-rtofs-pds.s3.amazonaws.com/rtofs.20241129/rtofs_glo_3dz_f006_6hrly_hvr_US_east.nc
ARGO_GDAC,pfl,aoml/4903472/profiles/R4903472_158.nc|2024-12-04T17:54:16Z|26.26377|-86.96040,aoml/4903472/profiles/R4903472_158.nc,4903472,4903472,26.26377,-86.9604,2024-12-04T17:54:16Z,20241204,2024,1150,0.96,1999.04,138.3431,True,False,True,https://noaa-nws-rtofs-pds.s3.amazonaws.com/rtofs.20241204/rtofs_glo_3dz_f006_6hrly_hvr_US_east.nc
ARGO_GDAC,pfl,aoml/4903472/profiles/R4903472_159.nc|2024-12-09T12:25:17Z|26.09971|-86.70361,aoml/4903472/profiles/R4903472_159.nc,4903472,4903472,26.09971,-86.70361,2024-12-09T12:25:17Z,20241209,2024,1149,1.72,1999.08,105.5161,True,False,True,https://noaa-nws-rtofs-pds.s3.amazonaws.com/rtofs.20241209/rtofs_glo_3dz_f006_6hrly_hvr_US_east.nc
ARGO_GDAC,pfl,aoml/4903472/profiles/R4903472_160.nc|2024-12-14T06:56:02Z|25.99470|-86.26755,aoml/4903472/profiles/R4903472_160.nc,4903472,4903472,25.9947,-86.26755,2024-12-14T06:56:02Z,20241214,2024,1149,1.64,1999.08,57.8254,True,True,True,https://noaa-nws-rtofs-pds.s3.amazonaws.com/rtofs.20241214/rtofs_glo_3dz_f006_6hrly_hvr_US_east.nc
ARGO_GDAC,pfl,aoml/4903472/profiles/R4903472_161.nc|2024-12-19T01:29:04Z|25.94390|-85.80409,aoml/4903472/profiles/R4903472_161.nc,4903472,4903472,25.9439,-85.80409,2024-12-19T01:29:04Z,20241219,2024,1148,0.8,1995.24,52.1978,True,True,True,https://noaa-nws-rtofs-pds.s3.amazonaws.com/rtofs.20241219/rtofs_glo_3dz_f006_6hrly_hvr_US_east.nc
ARGO_GDAC,pfl,aoml/4903472/profiles/R4903472_162.nc|2024-12-23T20:07:38Z|25.76834|-85.51272,aoml/4903472/profiles/R4903472_162.nc,4903472,4903472,25.76834,-85.51272,2024-12-23T20:07:38Z,20241223,2024,1148,0.52,1995.08,23.9776,True,True,True,https://noaa-nws-rtofs-pds.s3.amazonaws.com/rtofs.20241223/rtofs_glo_3dz_f006_6hrly_hvr_US_east.nc
ARGO_GDAC,pfl,aoml/4903472/profiles/R4903472_163.nc|2024-12-28T14:41:07Z|25.65762|-85.30756,aoml/4903472/profiles/R4903472_163.nc,4903472,4903472,25.65762,-85.30756,2024-12-28T14:41:07Z,20241228,2024,1149,1.48,1999.0,37.7113,True,True,True,https://noaa-nws-rtofs-pds.s3.amazonaws.com/rtofs.20241228/rtofs_glo_3dz_f006_6hrly_hvr_US_east.nc
ARGO_GDAC,pfl,aoml/4903472/profiles/R4903472_164.nc|2025-01-02T09:12:46Z|25.80156|-85.33383,aoml/4903472/profiles/R4903472_164.nc,4903472,4903472,25.80156,-85.33383,2025-01-02T09:12:46Z,20250102,2025,1150,0.8,1999.12,30.6267,True,True,True,https://noaa-nws-rtofs-pds.s3.amazonaws.com/rtofs.20250102/rtofs_glo_3dz_f006_6hrly_hvr_US_east.nc
ARGO_GDAC,pfl,aoml/4903472/profiles/R4903472_165.nc|2025-01-07T03:49:12Z|25.90379|-85.58063,aoml/4903472/profiles/R4903472_165.nc,4903472,4903472,25.90379,-85.58063,2025-01-07T03:49:12Z,20250107,2025,1149,1.48,1999.08,84.4455,True,True,True,https://noaa-nws-rtofs-pds.s3.amazonaws.com/rtofs.20250107/rtofs_glo_3dz_f006_6hrly_hvr_US_east.nc
ARGO_GDAC,pfl,aoml/4903472/profiles/R4903472_166.nc|2025-01-11T22:25:18Z|25.84797|-85.90427,aoml/4903472/profiles/R4903472_166.nc,4903472,4903472,25.84797,-85.90427,2025-01-11T22:25:18Z,20250111,2025,1150,0.48,1999.04,54.4686,True,True,True,https://noaa-nws-rtofs-pds.s3.amazonaws.com/rtofs.20250111/rtofs_glo_3dz_f006_6hrly_hvr_US_east.nc
ARGO_GDAC,pfl,aoml/4903472/profiles/R4903472_167.nc|2025-01-16T16:52:17Z|25.62489|-86.21423,aoml/4903472/profiles/R4903472_167.nc,4903472,4903472,25.62489,-86.21423,2025-01-16T16:52:17Z,20250116,2025,1149,1.68,1999.08,74.5482,True,True,True,https://noaa-nws-rtofs-pds.s3.amazonaws.com/rtofs.20250116/rtofs_glo_3dz_f006_6hrly_hvr_US_east.nc
ARGO_GDAC,pfl,aoml/4903472/profiles/R4903472_168.nc|2025-01-21T11:15:10Z|25.32544|-86.35359,aoml/4903472/profiles/R4903472_168.nc,4903472,4903472,25.32544,-86.35359,2025-01-21T11:15:10Z,20250121,2025,1150,0.88,1999.04,39.9452,True,True,True,https://noaa-nws-rtofs-pds.s3.amazonaws.com/rtofs.20250121/rtofs_glo_3dz_f006_6hrly_hvr_US_east.nc
ARGO_GDAC,pfl,aoml/4903472/profiles/R4903472_169.nc|2025-01-26T05:32:25Z|25.25004|-86.42039,aoml/4903472/profiles/R4903472_169.nc,4903472,4903472,25.25004,-86.42039,2025-01-26T05:32:25Z,20250126,2025,1150,0.68,1999.08,48.4316,True,True,True,https://noaa-nws-rtofs-pds.s3.amazonaws.com/rtofs.20250126/rtofs_glo_3dz_f006_6hrly_hvr_US_east.nc
ARGO_GDAC,pfl,aoml/4903472/profiles/R4903472_170.nc|2025-01-31T00:09:46Z|25.41323|-86.53045,aoml/4903472/profiles/R4903472_170.nc,4903472,4903472,25.41323,-86.53045,2025-01-31T00:09:46Z,20250131,2025,1149,1.6,1999.04,91.9086,True,True,True,https://noaa-nws-rtofs-pds.s3.amazonaws.com/rtofs.20250131/rtofs_glo_3dz_f006_6hrly_hvr_US_east.nc
ARGO_GDAC,pfl,aoml/4903472/profiles/R4903472_171.nc|2025-02-04T18:41:51Z|25.81887|-86.49531,aoml/4903472/profiles/R4903472_171.nc,4903472,4903472,25.81887,-86.49531,2025-02-04T18:41:51Z,20250204,2025,1149,1.72,1999.08,29.7073,True,True,True,https://noaa-nws-rtofs-pds.s3.amazonaws.com/rtofs.20250204/rtofs_glo_3dz_f006_6hrly_hvr_US_east.nc
ARGO_GDAC,pfl,aoml/4903472/profiles/R4903472_172.nc|2025-02-09T13:17:12Z|26.09802|-86.22120,aoml/4903472/profiles/R4903472_172.nc,4903472,4903472,26.09802,-86.2212,2025-02-09T13:17:12Z,20250209,2025,1150,0.84,1999.08,35.3393,True,True,True,https://noaa-nws-rtofs-pds.s3.amazonaws.com/rtofs.20250209/rtofs_glo_3dz_f006_6hrly_hvr_US_east.nc
ARGO_GDAC,pfl,aoml/4903472/profiles/R4903472_173.nc|2025-02-14T07:55:38Z|26.00761|-85.90437,aoml/4903472/profiles/R4903472_173.nc,4903472,4903472,26.00761,-85.90437,2025-02-14T07:55:38Z,20250214,2025,1149,0.96,1997.4,18.8229,True,True,True,https://noaa-nws-rtofs-pds.s3.amazonaws.com/rtofs.20250214/rtofs_glo_3dz_f006_6hrly_hvr_US_east.nc
ARGO_GDAC,pfl,aoml/4903472/profiles/R4903472_174.nc|2025-02-19T02:32:01Z|25.74062|-85.69621,aoml/4903472/profiles/R4903472_174.nc,4903472,4903472,25.74062,-85.69621,2025-02-19T02:32:01Z,20250219,2025,1149,1.64,1998.56,41.9655,True,True,True,https://noaa-nws-rtofs-pds.s3.amazonaws.com/rtofs.20250219/rtofs_glo_3dz_f006_6hrly_hvr_US_east.nc
ARGO_GDAC,pfl,aoml/4903472/profiles/R4903472_175.nc|2025-02-23T20:34:03Z|25.44640|-85.55330,aoml/4903472/profiles/R4903472_175.nc,4903472,4903472,25.4464,-85.5533,2025-02-23T20:34:03Z,20250223,2025,1149,1.76,1999.04,28.6704,True,True,True,https://noaa-nws-rtofs-pds.s3.amazonaws.com/rtofs.20250223/rtofs_glo_3dz_f006_6hrly_hvr_US_east.nc
ARGO_GDAC,pfl,aoml/4903472/profiles/R4903472_176.nc|2025-02-28T14:59:23Z|25.33224|-85.27617,aoml/4903472/profiles/R4903472_176.nc,4903472,4903472,25.33224,-85.27617,2025-02-28T14:59:23Z,20250228,2025,1150,0.92,1999.04,22.5903,True,True,True,https://noaa-nws-rtofs-pds.s3.amazonaws.com/rtofs.20250228/rtofs_glo_3dz_f006_6hrly_hvr_US_east.nc
ARGO_GDAC,pfl,aoml/4903472/profiles/R4903472_177.nc|2025-03-05T09:34:40Z|25.66797|-85.07842,aoml/4903472/profiles/R4903472_177.nc,4903472,4903472,25.66797,-85.07842,2025-03-05T09:34:40Z,20250305,2025,1150,0.44,1999.08,32.6184,True,True,True,https://noaa-nws-rtofs-pds.s3.amazonaws.com/rtofs.20250305/rtofs_glo_3dz_f006_6hrly_hvr_US_east.nc
ARGO_GDAC,pfl,aoml/4903472/profiles/R4903472_178.nc|2025-03-10T03:27:27Z|25.99955|-85.34283,aoml/4903472/profiles/R4903472_178.nc,4903472,4903472,25.99955,-85.34283,2025-03-10T03:27:27Z,20250310,2025,1150,0.72,1999.04,27.9098,True,True,True,https://noaa-nws-rtofs-pds.s3.amazonaws.com/rtofs.20250310/rtofs_glo_3dz_f006_6hrly_hvr_US_east.nc
ARGO_GDAC,pfl,aoml/4903472/profiles/R4903472_179.nc|2025-03-14T21:51:42Z|26.10368|-85.58231,aoml/4903472/profiles/R4903472_179.nc,4903472,4903472,26.10368,-85.58231,2025-03-14T21:51:42Z,20250314,2025,1150,0.84,1999.0,11.0356,True,True,True,https://noaa-nws-rtofs-pds.s3.amazonaws.com/rtofs.20250314/rtofs_glo_3dz_f006_6hrly_hvr_US_east.nc
ARGO_GDAC,pfl,aoml/4903472/profiles/R4903472_180.nc|2025-03-19T16:14:14Z|26.32334|-85.44646,aoml/4903472/profiles/R4903472_180.nc,4903472,4903472,26.32334,-85.44646,2025-03-19T16:14:14Z,20250319,2025,1150,0.56,1999.08,22.9573,True,True,True,https://noaa-nws-rtofs-pds.s3.amazonaws.com/rtofs.20250319/rtofs_glo_3dz_f006_6hrly_hvr_US_east.nc
ARGO_GDAC,pfl,aoml/4903472/profiles/R4903472_181.nc|2025-03-24T10:28:18Z|26.13891|-84.99762,aoml/4903472/profiles/R4903472_181.nc,4903472,4903472,26.13891,-84.99762,2025-03-24T10:28:18Z,20250324,2025,1149,1.6,1999.04,35.8402,True,True,True,https://noaa-nws-rtofs-pds.s3.amazonaws.com/rtofs.20250324/rtofs_glo_3dz_f006_6hrly_hvr_US_east.nc
ARGO_GDAC,pfl,aoml/4903472/profiles/R4903472_182.nc|2025-03-29T04:54:37Z|25.71450|-85.38977,aoml/4903472/profiles/R4903472_182.nc,4903472,4903472,25.7145,-85.38977,2025-03-29T04:54:37Z,20250329,2025,1150,0.64,1999.04,20.8387,True,True,True,https://noaa-nws-rtofs-pds.s3.amazonaws.com/rtofs.20250329/rtofs_glo_3dz_f006_6hrly_hvr_US_east.nc
ARGO_GDAC,pfl,aoml/4903472/profiles/R4903472_183.nc|2025-04-02T23:22:38Z|25.39928|-84.75215,aoml/4903472/profiles/R4903472_183.nc,4903472,4903472,25.39928,-84.75215,2025-04-02T23:22:38Z,20250402,2025,1150,0.84,1999.08,11.1388,True,True,True,https://noaa-nws-rtofs-pds.s3.amazonaws.com/rtofs.20250402/rtofs_glo_3dz_f006_6hrly_hvr_US_east.nc
ARGO_GDAC,pfl,aoml/4903472/profiles/R4903472_184.nc|2025-04-07T17:43:59Z|25.20745|-84.72692,aoml/4903472/profiles/R4903472_184.nc,4903472,4903472,25.20745,-84.72692,2025-04-07T17:43:59Z,20250407,2025,1149,1.8,1999.0,24.0171,True,True,True,https://noaa-nws-rtofs-pds.s3.amazonaws.com/rtofs.20250407/rtofs_glo_3dz_f006_6hrly_hvr_US_east.nc
ARGO_GDAC,pfl,aoml/4903472/profiles/R4903472_185.nc|2025-04-12T12:01:12Z|24.98692|-84.58176,aoml/4903472/profiles/R4903472_185.nc,4903472,4903472,24.98692,-84.58176,2025-04-12T12:01:12Z,20250412,2025,1150,0.64,1999.04,24.0475,True,True,True,https://noaa-nws-rtofs-pds.s3.amazonaws.com/rtofs.20250412/rtofs_glo_3dz_f006_6hrly_hvr_US_east.nc
ARGO_GDAC,pfl,aoml/4903472/profiles/R4903472_186.nc|2025-04-17T06:28:54Z|24.85897|-84.78028,aoml/4903472/profiles/R4903472_186.nc,4903472,4903472,24.85897,-84.78028,2025-04-17T06:28:54Z,20250417,2025,1150,0.76,1999.08,27.6733,True,True,True,https://noaa-nws-rtofs-pds.s3.amazonaws.com/rtofs.20250417/rtofs_glo_3dz_f006_6hrly_hvr_US_east.nc
ARGO_GDAC,pfl,aoml/4903472/profiles/R4903472_187.nc|2025-04-22T01:05:07Z|24.47908|-85.34929,aoml/4903472/profiles/R4903472_187.nc,4903472,4903472,24.47908,-85.34929,2025-04-22T01:05:07Z,20250422,2025,1149,1.6,1999.08,106.1627,True,False,True,https://noaa-nws-rtofs-pds.s3.amazonaws.com/rtofs.20250422/rtofs_glo_3dz_f006_6hrly_hvr_US_east.nc
ARGO_GDAC,pfl,aoml/4903472/profiles/R4903472_188.nc|2025-04-26T19:13:40Z|24.11100|-85.69808,aoml/4903472/profiles/R4903472_188.nc,4903472,4903472,24.111,-85.69808,2025-04-26T19:13:40Z,20250426,2025,1149,1.88,1999.08,100.8087,True,False,True,https://noaa-nws-rtofs-pds.s3.amazonaws.com/rtofs.20250426/rtofs_glo_3dz_f006_6hrly_hvr_US_east.nc
ARGO_GDAC,pfl,aoml/4903472/profiles/R4903472_189.nc|2025-05-01T13:25:38Z|23.91785|-85.74109,aoml/4903472/profiles/R4903472_189.nc,4903472,4903472,23.91785,-85.74109,2025-05-01T13:25:38Z,20250501,2025,1150,0.72,1999.04,113.6785,True,False,True,https://noaa-nws-rtofs-pds.s3.amazonaws.com/rtofs.20250501/rtofs_glo_3dz_f006_6hrly_hvr_US_east.nc
ARGO_GDAC,pfl,aoml/4903472/profiles/R4903472_190.nc|2025-05-06T07:40:27Z|23.74240|-85.51121,aoml/4903472/profiles/R4903472_190.nc,4903472,4903472,23.7424,-85.51121,2025-05-06T07:40:27Z,20250506,2025,1150,0.96,1999.0,77.5282,True,True,True,https://noaa-nws-rtofs-pds.s3.amazonaws.com/rtofs.20250506/rtofs_glo_3dz_f006_6hrly_hvr_US_east.nc
ARGO_GDAC,pfl,aoml/4903472/profiles/R4903472_191.nc|2025-05-11T00:10:38Z|23.43291|-85.37988,aoml/4903472/profiles/R4903472_191.nc,4903472,4903472,23.43291,-85.37988,2025-05-11T00:10:38Z,20250511,2025,717,0.68,1132.44,52.9153,True,True,True,https://noaa-nws-rtofs-pds.s3.amazonaws.com/rtofs.20250511/rtofs_glo_3dz_f006_6hrly_hvr_US_east.nc
ARGO_GDAC,pfl,aoml/4903472/profiles/R4903472_192.nc|2025-05-15T16:37:19Z|23.28500|-85.37167,aoml/4903472/profiles/R4903472_192.nc,4903472,4903472,23.285,-85.37167,2025-05-15T16:37:19Z,20250515,2025,709,1.72,1118.24,77.43,True,True,True,https://noaa-nws-rtofs-pds.s3.amazonaws.com/rtofs.20250515/rtofs_glo_3dz_f006_6hrly_hvr_US_east.nc
ARGO_GDAC,pfl,aoml/4903472/profiles/R4903472_193.nc|2025-05-20T08:48:37Z|23.24915|-85.46466,aoml/4903472/profiles/R4903472_193.nc,4903472,4903472,23.24915,-85.46466,2025-05-20T08:48:37Z,20250520,2025,675,0.72,1048.16,15.5727,True,True,True,https://noaa-nws-rtofs-pds.s3.amazonaws.com/rtofs.20250520/rtofs_glo_3dz_f006_6hrly_hvr_US_east.nc
ARGO_GDAC,pfl,aoml/4903472/profiles/R4903472_194.nc|2025-05-25T01:03:33Z|23.30151|-85.50173,aoml/4903472/profiles/R4903472_194.nc,4903472,4903472,23.30151,-85.50173,2025-05-25T01:03:33Z,20250525,2025,665,0.96,1028.56,16.3377,True,True,True,https://noaa-nws-rtofs-pds.s3.amazonaws.com/rtofs.20250525/rtofs_glo_3dz_f006_6hrly_hvr_US_east.nc
ARGO_GDAC,pfl,aoml/4903472/profiles/R4903472_195.nc|2025-05-29T17:08:15Z|23.43955|-85.49531,aoml/4903472/profiles/R4903472_195.nc,4903472,4903472,23.43955,-85.49531,2025-05-29T17:08:15Z,20250529,2025,680,0.6,1059.44,18.0313,True,True,True,https://noaa-nws-rtofs-pds.s3.amazonaws.com/rtofs.20250529/rtofs_glo_3dz_f006_6hrly_hvr_US_east.nc
ARGO_GDAC,pfl,aoml/4903472/profiles/R4903472_196.nc|2025-06-03T09:33:58Z|23.51971|-85.40459,aoml/4903472/profiles/R4903472_196.nc,4903472,4903472,23.51971,-85.40459,2025-06-03T09:33:58Z,20250603,2025,725,1.52,1150.88,22.2302,True,True,True,https://noaa-nws-rtofs-pds.s3.amazonaws.com/rtofs.20250603/rtofs_glo_3dz_f006_6hrly_hvr_US_east.nc
ARGO_GDAC,pfl,aoml/4903472/profiles/R4903472_197.nc|2025-06-08T04:02:47Z|23.52157|-85.21547,aoml/4903472/profiles/R4903472_197.nc,4903472,4903472,23.52157,-85.21547,2025-06-08T04:02:47Z,20250608,2025,1150,0.56,1999.04,18.5682,True,True,True,https://noaa-nws-rtofs-pds.s3.amazonaws.com/rtofs.20250608/rtofs_glo_3dz_f006_6hrly_hvr_US_east.nc
ARGO_GDAC,pfl,aoml/4903472/profiles/R4903472_198.nc|2025-06-12T22:33:53Z|23.83316|-84.69251,aoml/4903472/profiles/R4903472_198.nc,4903472,4903472,23.83316,-84.69251,2025-06-12T22:33:53Z,20250612,2025,1149,1.64,1999.0,17.0954,True,True,True,https://noaa-nws-rtofs-pds.s3.amazonaws.com/rtofs.20250612/rtofs_glo_3dz_f006_6hrly_hvr_US_east.nc
ARGO_GDAC,pfl,aoml/4903472/profiles/R4903472_199.nc|2025-06-17T17:36:24Z|24.20371|-84.48502,aoml/4903472/profiles/R4903472_199.nc,4903472,4903472,24.20371,-84.48502,2025-06-17T17:36:24Z,20250617,2025,120,1.6,120.16,12.5142,True,True,True,https://noaa-nws-rtofs-pds.s3.amazonaws.com/rtofs.20250617/rtofs_glo_3dz_f006_6hrly_hvr_US_east.nc
ARGO_GDAC,pfl,aoml/4903472/profiles/R4903472_200.nc|2025-06-20T03:37:56Z|24.36534|-84.40895,aoml/4903472/profiles/R4903472_200.nc,4903472,4903472,24.36534,-84.40895,2025-06-20T03:37:56Z,20250620,2025,653,0.72,1004.2,14.8777,True,True,True,https://noaa-nws-rtofs-pds.s3.amazonaws.com/rtofs.20250620/rtofs_glo_3dz_f006_6hrly_hvr_US_east.nc
ARGO_GDAC,pfl,aoml/4903472/profiles/R4903472_201.nc|2025-06-22T13:45:11Z|24.54444|-84.39267,aoml/4903472/profiles/R4903472_201.nc,4903472,4903472,24.54444,-84.39267,2025-06-22T13:45:11Z,20250622,2025,660,0.76,1018.88,15.5945,True,True,True,https://noaa-nws-rtofs-pds.s3.amazonaws.com/rtofs.20250622/rtofs_glo_3dz_f006_6hrly_hvr_US_east.nc
ARGO_GDAC,pfl,aoml/4903472/profiles/R4903472_202.nc|2025-06-27T08:18:49Z|24.80783|-84.76430,aoml/4903472/profiles/R4903472_202.nc,4903472,4903472,24.80783,-84.7643,2025-06-27T08:18:49Z,20250627,2025,1147,0.64,1992.24,23.7793,True,True,True,https://noaa-nws-rtofs-pds.s3.amazonaws.com/rtofs.20250627/rtofs_glo_3dz_f006_6hrly_hvr_US_east.nc
ARGO_GDAC,pfl,aoml/4903472/profiles/R4903472_203.nc|2025-07-02T02:51:12Z|24.70323|-85.19771,aoml/4903472/profiles/R4903472_203.nc,4903472,4903472,24.70323,-85.19771,2025-07-02T02:51:12Z,20250702,2025,1149,1.88,1999.04,46.4471,True,True,True,https://noaa-nws-rtofs-pds.s3.amazonaws.com/rtofs.20250702/rtofs_glo_3dz_f006_6hrly_hvr_US_east.nc
ARGO_GDAC,pfl,aoml/4903472/profiles/R4903472_204.nc|2025-07-06T21:28:52Z|24.46690|-85.41477,aoml/4903472/profiles/R4903472_204.nc,4903472,4903472,24.4669,-85.41477,2025-07-06T21:28:52Z,20250706,2025,1148,0.88,1994.24,22.3129,True,True,True,https://noaa-nws-rtofs-pds.s3.amazonaws.com/rtofs.20250706/rtofs_glo_3dz_f006_6hrly_hvr_US_east.nc
ARGO_GDAC,pfl,aoml/4903472/profiles/R4903472_205.nc|2025-07-11T15:52:13Z|24.06419|-85.49951,aoml/4903472/profiles/R4903472_205.nc,4903472,4903472,24.06419,-85.49951,2025-07-11T15:52:13Z,20250711,2025,1146,1.8,1993.48,37.5533,True,True,True,https://noaa-nws-rtofs-pds.s3.amazonaws.com/rtofs.20250711/rtofs_glo_3dz_f006_6hrly_hvr_US_east.nc
ARGO_GDAC,pfl,aoml/4903472/profiles/R4903472_206.nc|2025-07-16T10:02:27Z|23.77949|-85.47196,aoml/4903472/profiles/R4903472_206.nc,4903472,4903472,23.77949,-85.47196,2025-07-16T10:02:27Z,20250716,2025,1150,0.84,1999.04,18.5874,True,True,True,https://noaa-nws-rtofs-pds.s3.amazonaws.com/rtofs.20250716/rtofs_glo_3dz_f006_6hrly_hvr_US_east.nc
ARGO_GDAC,pfl,aoml/4903472/profiles/R4903472_207.nc|2025-07-21T04:22:18Z|23.44633|-85.31688,aoml/4903472/profiles/R4903472_207.nc,4903472,4903472,23.44633,-85.31688,2025-07-21T04:22:18Z,20250721,2025,1110,1.88,1921.32,33.1365,True,True,True,https://noaa-nws-rtofs-pds.s3.amazonaws.com/rtofs.20250721/rtofs_glo_3dz_f006_6hrly_hvr_US_east.nc
ARGO_GDAC,pfl,aoml/4903472/profiles/R4903472_208.nc|2025-07-25T22:39:53Z|23.13064|-85.32624,aoml/4903472/profiles/R4903472_208.nc,4903472,4903472,23.13064,-85.32624,2025-07-25T22:39:53Z,20250725,2025,1150,0.48,1999.04,34.5209,True,True,True,https://noaa-nws-rtofs-pds.s3.amazonaws.com/rtofs.20250725/rtofs_glo_3dz_f006_6hrly_hvr_US_east.nc
ARGO_GDAC,pfl,aoml/4903472/profiles/R4903472_209.nc|2025-07-30T17:06:59Z|22.99507|-85.43645,aoml/4903472/profiles/R4903472_209.nc,4903472,4903472,22.99507,-85.43645,2025-07-30T17:06:59Z,20250730,2025,1149,1.64,1999.04,35.2241,True,True,True,https://noaa-nws-rtofs-pds.s3.amazonaws.com/rtofs.20250730/rtofs_glo_3dz_f006_6hrly_hvr_US_east.nc
ARGO_GDAC,pfl,aoml/4903472/profiles/R4903472_210.nc|2025-08-04T11:40:34Z|23.04887|-85.40439,aoml/4903472/profiles/R4903472_210.nc,4903472,4903472,23.04887,-85.40439,2025-08-04T11:40:34Z,20250804,2025,1147,1.68,1995.32,29.6994,True,True,True,https://noaa-nws-rtofs-pds.s3.amazonaws.com/rtofs.20250804/rtofs_glo_3dz_f006_6hrly_hvr_US_east.nc
ARGO_GDAC,pfl,aoml/4903472/profiles/R4903472_211.nc|2025-08-09T05:59:35Z|23.11070|-85.11327,aoml/4903472/profiles/R4903472_211.nc,4903472,4903472,23.1107,-85.11327,2025-08-09T05:59:35Z,20250809,2025,1150,1.0,1999.0,28.9248,True,True,True,https://noaa-nws-rtofs-pds.s3.amazonaws.com/rtofs.20250809/rtofs_glo_3dz_f006_6hrly_hvr_US_east.nc
ARGO_GDAC,pfl,aoml/4903472/profiles/R4903472_212.nc|2025-08-14T00:26:51Z|23.00585|-84.85730,aoml/4903472/profiles/R4903472_212.nc,4903472,4903472,23.00585,-84.8573,2025-08-14T00:26:51Z,20250814,2025,1150,0.68,1999.0,21.1924,True,True,True,https://noaa-nws-rtofs-pds.s3.amazonaws.com/rtofs.20250814/rtofs_glo_3dz_f006_6hrly_hvr_US_east.nc
ARGO_GDAC,pfl,aoml/4903472/profiles/R4903472_213.nc|2025-08-18T18:33:41Z|22.92528|-84.56611,aoml/4903472/profiles/R4903472_213.nc,4903472,4903472,22.92528,-84.56611,2025-08-18T18:33:41Z,20250818,2025,1150,0.72,1999.04,29.5559,True,True,True,https://noaa-nws-rtofs-pds.s3.amazonaws.com/rtofs.20250818/rtofs_glo_3dz_f006_6hrly_hvr_US_east.nc
ARGO_GDAC,pfl,aoml/4903472/profiles/R4903472_214.nc|2025-08-23T12:46:53Z|22.82967|-84.47299,aoml/4903472/profiles/R4903472_214.nc,4903472,4903472,22.82967,-84.47299,2025-08-23T12:46:53Z,20250823,2025,1150,0.44,1999.08,15.3305,True,True,True,https://noaa-nws-rtofs-pds.s3.amazonaws.com/rtofs.20250823/rtofs_glo_3dz_f006_6hrly_hvr_US_east.nc
ARGO_GDAC,pfl,aoml/4903472/profiles/R4903472_215.nc|2025-08-28T06:59:49Z|22.71731|-84.55693,aoml/4903472/profiles/R4903472_215.nc,4903472,4903472,22.71731,-84.55693,2025-08-28T06:59:49Z,20250828,2025,1150,0.48,1999.0,25.3993,True,True,True,https://noaa-nws-rtofs-pds.s3.amazonaws.com/rtofs.20250828/rtofs_glo_3dz_f006_6hrly_hvr_US_east.nc
ARGO_GDAC,pfl,aoml/4903472/profiles/R4903472_216.nc|2025-09-02T01:22:26Z|22.66270|-84.76278,aoml/4903472/profiles/R4903472_216.nc,4903472,4903472,22.6627,-84.76278,2025-09-02T01:22:26Z,20250902,2025,1150,0.44,1999.04,33.8233,True,True,True,https://noaa-nws-rtofs-pds.s3.amazonaws.com/rtofs.20250902/rtofs_glo_3dz_f006_6hrly_hvr_US_east.nc
ARGO_GDAC,pfl,aoml/4903472/profiles/R4903472_217.nc|2025-09-06T19:39:55Z|22.65137|-85.00671,aoml/4903472/profiles/R4903472_217.nc,4903472,4903472,22.65137,-85.00671,2025-09-06T19:39:55Z,20250906,2025,1150,0.72,1999.04,40.3642,True,True,True,https://noaa-nws-rtofs-pds.s3.amazonaws.com/rtofs.20250906/rtofs_glo_3dz_f006_6hrly_hvr_US_east.nc
ARGO_GDAC,pfl,aoml/4903472/profiles/R4903472_218.nc|2025-09-11T13:58:31Z|22.62678|-85.18982,aoml/4903472/profiles/R4903472_218.nc,4903472,4903472,22.62678,-85.18982,2025-09-11T13:58:31Z,20250911,2025,1150,0.44,1999.04,29.4981,True,True,True,https://noaa-nws-rtofs-pds.s3.amazonaws.com/rtofs.20250911/rtofs_glo_3dz_f006_6hrly_hvr_US_east.nc
ARGO_GDAC,pfl,aoml/4903472/profiles/R4903472_219.nc|2025-09-16T08:17:25Z|22.55928|-85.36030,aoml/4903472/profiles/R4903472_219.nc,4903472,4903472,22.55928,-85.3603,2025-09-16T08:17:25Z,20250916,2025,1149,1.56,1999.04,28.7738,True,True,True,https://noaa-nws-rtofs-pds.s3.amazonaws.com/rtofs.20250916/rtofs_glo_3dz_f006_6hrly_hvr_US_east.nc
ARGO_GDAC,pfl,aoml/4903472/profiles/R4903472_220.nc|2025-09-21T02:56:47Z|22.51882|-85.48613,aoml/4903472/profiles/R4903472_220.nc,4903472,4903472,22.51882,-85.48613,2025-09-21T02:56:47Z,20250921,2025,1150,0.76,1999.04,18.9134,True,True,True,https://noaa-nws-rtofs-pds.s3.amazonaws.com/rtofs.20250921/rtofs_glo_3dz_f006_6hrly_hvr_US_east.nc
ARGO_GDAC,pfl,aoml/4903472/profiles/R4903472_221.nc|2025-09-25T20:14:11Z|22.52178|-85.57190,aoml/4903472/profiles/R4903472_221.nc,4903472,4903472,22.52178,-85.5719,2025-09-25T20:14:11Z,20250925,2025,904,1.8,1508.2,57.6941,True,True,True,https://noaa-nws-rtofs-pds.s3.amazonaws.com/rtofs.20250925/rtofs_glo_3dz_f006_6hrly_hvr_US_east.nc
ARGO_GDAC,pfl,aoml/4903472/profiles/R4903472_222.nc|2025-09-30T12:47:50Z|22.53941|-85.75117,aoml/4903472/profiles/R4903472_222.nc,4903472,4903472,22.53941,-85.75117,2025-09-30T12:47:50Z,20250930,2025,743,0.88,1185.12,43.5425,True,True,True,https://noaa-nws-rtofs-pds.s3.amazonaws.com/rtofs.20250930/rtofs_glo_3dz_f006_6hrly_hvr_US_east.nc
ARGO_GDAC,pfl,aoml/4903472/profiles/R4903472_223.nc|2025-10-05T05:01:27Z|22.57605|-85.97064,aoml/4903472/profiles/R4903472_223.nc,4903472,4903472,22.57605,-85.97064,2025-10-05T05:01:27Z,20251005,2025,667,0.88,1033.16,36.0411,True,True,True,https://noaa-nws-rtofs-pds.s3.amazonaws.com/rtofs.20251005/rtofs_glo_3dz_f006_6hrly_hvr_US_east.nc
ARGO_GDAC,pfl,aoml/4903472/profiles/R4903472_224.nc|2025-10-09T21:15:18Z|22.83565|-86.05198,aoml/4903472/profiles/R4903472_224.nc,4903472,4903472,22.83565,-86.05198,2025-10-09T21:15:18Z,20251009,2025,662,1.52,1024.52,49.8996,True,True,True,https://noaa-nws-rtofs-pds.s3.amazonaws.com/rtofs.20251009/rtofs_glo_3dz_f006_6hrly_hvr_US_east.nc
ARGO_GDAC,pfl,aoml/4903472/profiles/R4903472_225.nc|2025-10-14T15:19:30Z|23.38025|-86.01317,aoml/4903472/profiles/R4903472_225.nc,4903472,4903472,23.38025,-86.01317,2025-10-14T15:19:30Z,20251014,2025,1149,1.56,1999.04,54.9758,True,True,True,https://noaa-nws-rtofs-pds.s3.amazonaws.com/rtofs.20251014/rtofs_glo_3dz_f006_6hrly_hvr_US_east.nc
ARGO_GDAC,pfl,aoml/4903472/profiles/R4903472_226.nc|2025-10-19T09:27:01Z|23.57496|-85.63408,aoml/4903472/profiles/R4903472_226.nc,4903472,4903472,23.57496,-85.63408,2025-10-19T09:27:01Z,20251019,2025,1150,0.44,1999.04,70.3368,True,True,True,https://noaa-nws-rtofs-pds.s3.amazonaws.com/rtofs.20251019/rtofs_glo_3dz_f006_6hrly_hvr_US_east.nc
ARGO_GDAC,pfl,aoml/4903472/profiles/R4903472_227.nc|2025-10-24T01:56:15Z|23.46374|-85.35553,aoml/4903472/profiles/R4903472_227.nc,4903472,4903472,23.46374,-85.35553,2025-10-24T01:56:15Z,20251024,2025,724,0.88,1146.88,84.6989,True,True,True,https://noaa-nws-rtofs-pds.s3.amazonaws.com/rtofs.20251024/rtofs_glo_3dz_f006_6hrly_hvr_US_east.nc
ARGO_GDAC,pfl,aoml/4903472/profiles/R4903472_228.nc|2025-10-28T18:09:55Z|23.34946|-85.46262,aoml/4903472/profiles/R4903472_228.nc,4903472,4903472,23.34946,-85.46262,2025-10-28T18:09:55Z,20251028,2025,680,0.84,1058.44,79.8631,True,True,True,https://noaa-nws-rtofs-pds.s3.amazonaws.com/rtofs.20251028/rtofs_glo_3dz_f006_6hrly_hvr_US_east.nc
ARGO_GDAC,pfl,aoml/4903472/profiles/R4903472_229.nc|2025-11-02T10:33:42Z|23.38153|-85.39886,aoml/4903472/profiles/R4903472_229.nc,4903472,4903472,23.38153,-85.39886,2025-11-02T10:33:42Z,20251102,2025,699,1.76,1098.68,111.6704,True,False,True,https://noaa-nws-rtofs-pds.s3.amazonaws.com/rtofs.20251102/rtofs_glo_3dz_f006_6hrly_hvr_US_east.nc
ARGO_GDAC,pfl,aoml/4903472/profiles/R4903472_230.nc|2025-11-07T04:44:34Z|23.14202|-85.20953,aoml/4903472/profiles/R4903472_230.nc,4903472,4903472,23.14202,-85.20953,2025-11-07T04:44:34Z,20251107,2025,1150,0.64,1999.08,106.2741,True,False,True,https://noaa-nws-rtofs-pds.s3.amazonaws.com/rtofs.20251107/rtofs_glo_3dz_f006_6hrly_hvr_US_east.nc
ARGO_GDAC,pfl,aoml/4903472/profiles/R4903472_231.nc|2025-11-11T22:58:50Z|22.73886|-85.52662,aoml/4903472/profiles/R4903472_231.nc,4903472,4903472,22.73886,-85.52662,2025-11-11T22:58:50Z,20251111,2025,1149,1.76,1999.04,98.9545,True,True,True,https://noaa-nws-rtofs-pds.s3.amazonaws.com/rtofs.20251111/rtofs_glo_3dz_f006_6hrly_hvr_US_east.nc
ARGO_GDAC,pfl,aoml/4903472/profiles/R4903472_232.nc|2025-11-16T15:41:41Z|22.44760|-86.00898,aoml/4903472/profiles/R4903472_232.nc,4903472,4903472,22.4476,-86.00898,2025-11-16T15:41:41Z,20251116,2025,701,0.8,1100.56,52.3427,True,True,True,https://noaa-nws-rtofs-pds.s3.amazonaws.com/rtofs.20251116/rtofs_glo_3dz_f006_6hrly_hvr_US_east.nc
ARGO_GDAC,pfl,aoml/4903472/profiles/R4903472_233.nc|2025-11-21T08:07:57Z|22.90396|-86.15868,aoml/4903472/profiles/R4903472_233.nc,4903472,4903472,22.90396,-86.15868,2025-11-21T08:07:57Z,20251121,2025,719,0.52,1136.6,53.2486,True,True,True,https://noaa-nws-rtofs-pds.s3.amazonaws.com/rtofs.20251121/rtofs_glo_3dz_f006_6hrly_hvr_US_east.nc
ARGO_GDAC,pfl,aoml/4903472/profiles/R4903472_234.nc|2025-11-26T02:06:50Z|23.23614|-86.23179,aoml/4903472/profiles/R4903472_234.nc,4903472,4903472,23.23614,-86.23179,2025-11-26T02:06:50Z,20251126,2025,1150,0.96,1999.04,67.5495,True,True,True,https://noaa-nws-rtofs-pds.s3.amazonaws.com/rtofs.20251126/rtofs_glo_3dz_f006_6hrly_hvr_US_east.nc
ARGO_GDAC,pfl,aoml/4903472/profiles/R4903472_235.nc|2025-11-30T18:35:36Z|23.97353|-86.65081,aoml/4903472/profiles/R4903472_235.nc,4903472,4903472,23.97353,-86.65081,2025-11-30T18:35:36Z,20251130,2025,728,0.96,1155.8,78.78,True,True,True,https://noaa-nws-rtofs-pds.s3.amazonaws.com/rtofs.20251130/rtofs_glo_3dz_f006_6hrly_hvr_US_east.nc
ARGO_GDAC,pfl,aoml/4903472/profiles/R4903472_236.nc|2025-12-05T12:51:42Z|24.57830|-86.67016,aoml/4903472/profiles/R4903472_236.nc,4903472,4903472,24.5783,-86.67016,2025-12-05T12:51:42Z,20251205,2025,1150,0.84,1999.08,143.9924,True,False,True,https://noaa-nws-rtofs-pds.s3.amazonaws.com/rtofs.20251205/rtofs_glo_3dz_f006_6hrly_hvr_US_east.nc
ARGO_GDAC,pfl,aoml/4903472/profiles/R4903472_237.nc|2025-12-10T07:00:38Z|25.02750|-87.01773,aoml/4903472/profiles/R4903472_237.nc,4903472,4903472,25.0275,-87.01773,2025-12-10T07:00:38Z,20251210,2025,1149,1.84,1999.04,108.5541,True,False,True,https://noaa-nws-rtofs-pds.s3.amazonaws.com/rtofs.20251210/rtofs_glo_3dz_f006_6hrly_hvr_US_east.nc
ARGO_GDAC,pfl,aoml/4903472/profiles/R4903472_238.nc|2025-12-15T01:35:13Z|25.63124|-87.75907,aoml/4903472/profiles/R4903472_238.nc,4903472,4903472,25.63124,-87.75907,2025-12-15T01:35:13Z,20251215,2025,1149,1.68,1999.04,54.1901,True,True,True,https://noaa-nws-rtofs-pds.s3.amazonaws.com/rtofs.20251215/rtofs_glo_3dz_f006_6hrly_hvr_US_east.nc
ARGO_GDAC,pfl,aoml/4903472/profiles/R4903472_239.nc|2025-12-19T20:45:58Z|25.75413|-88.10824,aoml/4903472/profiles/R4903472_239.nc,4903472,4903472,25.75413,-88.10824,2025-12-19T20:45:58Z,20251219,2025,1150,0.8,1999.04,24.0419,True,True,True,https://noaa-nws-rtofs-pds.s3.amazonaws.com/rtofs.20251219/rtofs_glo_3dz_f006_6hrly_hvr_US_east.nc
ARGO_GDAC,pfl,aoml/4903472/profiles/R4903472_240.nc|2025-12-24T15:06:30Z|25.87178|-88.00105,aoml/4903472/profiles/R4903472_240.nc,4903472,4903472,25.87178,-88.00105,2025-12-24T15:06:30Z,20251224,2025,1149,1.56,1999.04,70.2171,True,True,True,https://noaa-nws-rtofs-pds.s3.amazonaws.com/rtofs.20251224/rtofs_glo_3dz_f006_6hrly_hvr_US_east.nc
ARGO_GDAC,pfl,aoml/4903472/profiles/R4903472_241.nc|2025-12-29T09:21:30Z|26.01589|-87.57978,aoml/4903472/profiles/R4903472_241.nc,4903472,4903472,26.01589,-87.57978,2025-12-29T09:21:30Z,20251229,2025,1149,1.8,1999.04,45.9281,True,True,True,https://noaa-nws-rtofs-pds.s3.amazonaws.com/rtofs.20251229/rtofs_glo_3dz_f006_6hrly_hvr_US_east.nc
ARGO_GDAC,pfl,aoml/4903543/profiles/D4903543_042.nc|2024-01-02T22:15:44Z|25.77207|-89.99627,aoml/4903543/profiles/D4903543_042.nc,4903543,4903543,25.77207,-89.99627,2024-01-02T22:15:44Z,20240102,2024,1008,0.44,2003.92,166.1935,True,False,False,
ARGO_GDAC,pfl,aoml/4903543/profiles/D4903543_042.nc|2024-01-02T22:15:44Z|25.77207|-89.99627,aoml/4903543/profiles/D4903543_042.nc,4903543,4903543,25.77207,-89.99627,2024-01-02T22:15:44Z,20240102,2024,682,0.44,99.92,,False,False,False,
ARGO_GDAC,pfl,aoml/4903543/profiles/D4903543_043.nc|2024-01-07T23:11:37Z|25.57904|-89.91803,aoml/4903543/profiles/D4903543_043.nc,4903543,4903543,25.57904,-89.91803,2024-01-07T23:11:37Z,20240107,2024,1010,1.0,2009.16,176.3006,True,False,False,
ARGO_GDAC,pfl,aoml/4903543/profiles/D4903543_043.nc|2024-01-07T23:11:37Z|25.57904|-89.91803,aoml/4903543/profiles/D4903543_043.nc,4903543,4903543,25.57904,-89.91803,2024-01-07T23:11:37Z,20240107,2024,700,0.56,99.96,,False,False,False,
ARGO_GDAC,pfl,aoml/4903543/profiles/D4903543_044.nc|2024-01-12T23:56:05Z|25.43308|-90.43577,aoml/4903543/profiles/D4903543_044.nc,4903543,4903543,25.43308,-90.43577,2024-01-12T23:56:05Z,20240112,2024,1007,1.12,2004.2,185.2471,True,False,False,
ARGO_GDAC,pfl,aoml/4903543/profiles/D4903543_044.nc|2024-01-12T23:56:05Z|25.43308|-90.43577,aoml/4903543/profiles/D4903543_044.nc,4903543,4903543,25.43308,-90.43577,2024-01-12T23:56:05Z,20240112,2024,664,0.64,99.92,,False,False,False,
ARGO_GDAC,pfl,aoml/4903543/profiles/D4903543_045.nc|2024-01-18T00:52:14Z|25.23833|-91.10243,aoml/4903543/profiles/D4903543_045.nc,4903543,4903543,25.23833,-91.10243,2024-01-18T00:52:14Z,20240118,2024,1009,1.08,2007.4,177.5574,True,False,False,
ARGO_GDAC,pfl,aoml/4903543/profiles/D4903543_045.nc|2024-01-18T00:52:14Z|25.23833|-91.10243,aoml/4903543/profiles/D4903543_045.nc,4903543,4903543,25.23833,-91.10243,2024-01-18T00:52:14Z,20240118,2024,632,0.8,99.96,,False,False,False,
ARGO_GDAC,pfl,aoml/4903543/profiles/D4903543_046.nc|2024-01-23T01:38:34Z|24.89709|-91.80875,aoml/4903543/profiles/D4903543_046.nc,4903543,4903543,24.89709,-91.80875,2024-01-23T01:38:34Z,20240123,2024,1009,1.0,2007.92,161.7117,True,False,False,
ARGO_GDAC,pfl,aoml/4903543/profiles/D4903543_046.nc|2024-01-23T01:38:34Z|24.89709|-91.80875,aoml/4903543/profiles/D4903543_046.nc,4903543,4903543,24.89709,-91.80875,2024-01-23T01:38:34Z,20240123,2024,590,0.56,100.0,,False,False,False,
ARGO_GDAC,pfl,aoml/4903543/profiles/D4903543_047.nc|2024-01-28T02:31:26Z|24.60523|-91.99824,aoml/4903543/profiles/D4903543_047.nc,4903543,4903543,24.60523,-91.99824,2024-01-28T02:31:26Z,20240128,2024,1009,0.44,2005.92,133.3627,True,False,True,https://noaa-nws-rtofs-pds.s3.amazonaws.com/rtofs.20240128/rtofs_glo_3dz_f006_6hrly_hvr_US_east.nc
ARGO_GDAC,pfl,aoml/4903543/profiles/D4903543_047.nc|2024-01-28T02:31:26Z|24.60523|-91.99824,aoml/4903543/profiles/D4903543_047.nc,4903543,4903543,24.60523,-91.99824,2024-01-28T02:31:26Z,20240128,2024,623,0.44,99.88,,False,False,True,https://noaa-nws-rtofs-pds.s3.amazonaws.com/rtofs.20240128/rtofs_glo_3dz_f006_6hrly_hvr_US_east.nc
ARGO_GDAC,pfl,aoml/4903543/profiles/D4903543_048.nc|2024-02-02T03:15:47Z|24.81138|-92.33905,aoml/4903543/profiles/D4903543_048.nc,4903543,4903543,24.81138,-92.33905,2024-02-02T03:15:47Z,20240202,2024,1007,0.48,2001.56,178.9827,True,False,True,https://noaa-nws-rtofs-pds.s3.amazonaws.com/rtofs.20240202/rtofs_glo_3dz_f006_6hrly_hvr_US_east.nc
ARGO_GDAC,pfl,aoml/4903543/profiles/D4903543_048.nc|2024-02-02T03:15:47Z|24.81138|-92.33905,aoml/4903543/profiles/D4903543_048.nc,4903543,4903543,24.81138,-92.33905,2024-02-02T03:15:47Z,20240202,2024,552,0.48,99.84,,False,False,True,https://noaa-nws-rtofs-pds.s3.amazonaws.com/rtofs.20240202/rtofs_glo_3dz_f006_6hrly_hvr_US_east.nc
ARGO_GDAC,pfl,aoml/4903543/profiles/D4903543_049.nc|2024-02-07T04:09:50Z|25.38811|-93.09188,aoml/4903543/profiles/D4903543_049.nc,4903543,4903543,25.38811,-93.09188,2024-02-07T04:09:50Z,20240207,2024,1010,0.96,2010.16,144.2906,True,False,True,https://noaa-nws-rtofs-pds.s3.amazonaws.com/rtofs.20240207/rtofs_glo_3dz_f006_6hrly_hvr_US_east.nc
ARGO_GDAC,pfl,aoml/4903543/profiles/D4903543_049.nc|2024-02-07T04:09:50Z|25.38811|-93.09188,aoml/4903543/profiles/D4903543_049.nc,4903543,4903543,25.38811,-93.09188,2024-02-07T04:09:50Z,20240207,2024,652,0.52,99.88,,False,False,True,https://noaa-nws-rtofs-pds.s3.amazonaws.com/rtofs.20240207/rtofs_glo_3dz_f006_6hrly_hvr_US_east.nc
ARGO_GDAC,pfl,aoml/4903543/profiles/D4903543_050.nc|2024-02-12T05:13:23Z|25.76638|-93.71276,aoml/4903543/profiles/D4903543_050.nc,4903543,4903543,25.76638,-93.71276,2024-02-12T05:13:23Z,20240212,2024,1009,1.04,2008.2,33.3864,True,True,True,https://noaa-nws-rtofs-pds.s3.amazonaws.com/rtofs.20240212/rtofs_glo_3dz_f006_6hrly_hvr_US_east.nc
ARGO_GDAC,pfl,aoml/4903543/profiles/D4903543_050.nc|2024-02-12T05:13:23Z|25.76638|-93.71276,aoml/4903543/profiles/D4903543_050.nc,4903543,4903543,25.76638,-93.71276,2024-02-12T05:13:23Z,20240212,2024,771,0.6,99.92,34.05,True,True,True,https://noaa-nws-rtofs-pds.s3.amazonaws.com/rtofs.20240212/rtofs_glo_3dz_f006_6hrly_hvr_US_east.nc
ARGO_GDAC,pfl,aoml/4903543/profiles/D4903543_051.nc|2024-02-17T06:02:59Z|25.96852|-93.96551,aoml/4903543/profiles/D4903543_051.nc,4903543,4903543,25.96852,-93.96551,2024-02-17T06:02:59Z,20240217,2024,1011,0.4,2010.0,72.3409,True,True,True,https://noaa-nws-rtofs-pds.s3.amazonaws.com/rtofs.20240217/rtofs_glo_3dz_f006_6hrly_hvr_US_east.nc
ARGO_GDAC,pfl,aoml/4903543/profiles/D4903543_051.nc|2024-02-17T06:02:59Z|25.96852|-93.96551,aoml/4903543/profiles/D4903543_051.nc,4903543,4903543,25.96852,-93.96551,2024-02-17T06:02:59Z,20240217,2024,636,0.4,99.96,72.1449,True,True,True,https://noaa-nws-rtofs-pds.s3.amazonaws.com/rtofs.20240217/rtofs_glo_3dz_f006_6hrly_hvr_US_east.nc
ARGO_GDAC,pfl,aoml/4903543/profiles/D4903543_052.nc|2024-02-22T06:44:03Z|25.99989|-93.39524,aoml/4903543/profiles/D4903543_052.nc,4903543,4903543,25.99989,-93.39524,2024-02-22T06:44:03Z,20240222,2024,1006,1.0,2001.44,68.9005,True,True,True,https://noaa-nws-rtofs-pds.s3.amazonaws.com/rtofs.20240222/rtofs_glo_3dz_f006_6hrly_hvr_US_east.nc
ARGO_GDAC,pfl,aoml/4903543/profiles/D4903543_052.nc|2024-02-22T06:44:03Z|25.99989|-93.39524,aoml/4903543/profiles/D4903543_052.nc,4903543,4903543,25.99989,-93.39524,2024-02-22T06:44:03Z,20240222,2024,645,0.52,99.96,68.3343,True,True,True,https://noaa-nws-rtofs-pds.s3.amazonaws.com/rtofs.20240222/rtofs_glo_3dz_f006_6hrly_hvr_US_east.nc
ARGO_GDAC,pfl,aoml/4903543/profiles/D4903543_053.nc|2024-02-27T07:32:36Z|25.65650|-93.07360,aoml/4903543/profiles/D4903543_053.nc,4903543,4903543,25.6565,-93.0736,2024-02-27T07:32:36Z,20240227,2024,1009,0.44,2006.0,147.5645,True,False,True,https://noaa-nws-rtofs-pds.s3.amazonaws.com/rtofs.20240227/rtofs_glo_3dz_f006_6hrly_hvr_US_east.nc
ARGO_GDAC,pfl,aoml/4903543/profiles/D4903543_053.nc|2024-02-27T07:32:36Z|25.65650|-93.07360,aoml/4903543/profiles/D4903543_053.nc,4903543,4903543,25.6565,-93.0736,2024-02-27T07:32:36Z,20240227,2024,601,0.36,99.92,,False,False,True,https://noaa-nws-rtofs-pds.s3.amazonaws.com/rtofs.20240227/rtofs_glo_3dz_f006_6hrly_hvr_US_east.nc
ARGO_GDAC,pfl,aoml/4903543/profiles/D4903543_054.nc|2024-03-03T08:12:24Z|26.00201|-93.35955,aoml/4903543/profiles/D4903543_054.nc,4903543,4903543,26.00201,-93.35955,2024-03-03T08:12:24Z,20240303,2024,1007,0.96,2003.2,46.3441,True,True,True,https://noaa-nws-rtofs-pds.s3.amazonaws.com/rtofs.20240303/rtofs_glo_3dz_f006_6hrly_hvr_US_east.nc
ARGO_GDAC,pfl,aoml/4903543/profiles/D4903543_054.nc|2024-03-03T08:12:24Z|26.00201|-93.35955,aoml/4903543/profiles/D4903543_054.nc,4903543,4903543,26.00201,-93.35955,2024-03-03T08:12:24Z,20240303,2024,616,0.52,99.84,46.6586,True,True,True,https://noaa-nws-rtofs-pds.s3.amazonaws.com/rtofs.20240303/rtofs_glo_3dz_f006_6hrly_hvr_US_east.nc
ARGO_GDAC,pfl,aoml/4903543/profiles/D4903543_055.nc|2024-03-08T08:55:38Z|26.03768|-94.20108,aoml/4903543/profiles/D4903543_055.nc,4903543,4903543,26.03768,-94.20108,2024-03-08T08:55:38Z,20240308,2024,1006,1.0,2001.64,31.3108,True,True,True,https://noaa-nws-rtofs-pds.s3.amazonaws.com/rtofs.20240308/rtofs_glo_3dz_f006_6hrly_hvr_US_east.nc
ARGO_GDAC,pfl,aoml/4903543/profiles/D4903543_055.nc|2024-03-08T08:55:38Z|26.03768|-94.20108,aoml/4903543/profiles/D4903543_055.nc,4903543,4903543,26.03768,-94.20108,2024-03-08T08:55:38Z,20240308,2024,616,0.52,99.96,31.4933,True,True,True,https://noaa-nws-rtofs-pds.s3.amazonaws.com/rtofs.20240308/rtofs_glo_3dz_f006_6hrly_hvr_US_east.nc
ARGO_GDAC,pfl,aoml/4903543/profiles/D4903543_056.nc|2024-03-13T09:43:47Z|25.77092|-94.53104,aoml/4903543/profiles/D4903543_056.nc,4903543,4903543,25.77092,-94.53104,2024-03-13T09:43:47Z,20240313,2024,1008,0.48,2004.16,52.1466,True,True,True,https://noaa-nws-rtofs-pds.s3.amazonaws.com/rtofs.20240313/rtofs_glo_3dz_f006_6hrly_hvr_US_east.nc
ARGO_GDAC,pfl,aoml/4903543/profiles/D4903543_056.nc|2024-03-13T09:43:47Z|25.77092|-94.53104,aoml/4903543/profiles/D4903543_056.nc,4903543,4903543,25.77092,-94.53104,2024-03-13T09:43:47Z,20240313,2024,604,0.48,99.88,52.2114,True,True,True,https://noaa-nws-rtofs-pds.s3.amazonaws.com/rtofs.20240313/rtofs_glo_3dz_f006_6hrly_hvr_US_east.nc
ARGO_GDAC,pfl,aoml/4903543/profiles/D4903543_057.nc|2024-03-18T10:45:51Z|26.00715|-94.89300,aoml/4903543/profiles/D4903543_057.nc,4903543,4903543,26.00715,-94.893,2024-03-18T10:45:51Z,20240318,2024,1009,1.0,2007.44,24.2318,True,True,True,https://noaa-nws-rtofs-pds.s3.amazonaws.com/rtofs.20240318/rtofs_glo_3dz_f006_6hrly_hvr_US_east.nc
ARGO_GDAC,pfl,aoml/4903543/profiles/D4903543_057.nc|2024-03-18T10:45:51Z|26.00715|-94.89300,aoml/4903543/profiles/D4903543_057.nc,4903543,4903543,26.00715,-94.893,2024-03-18T10:45:51Z,20240318,2024,725,0.52,99.88,24.1856,True,True,True,https://noaa-nws-rtofs-pds.s3.amazonaws.com/rtofs.20240318/rtofs_glo_3dz_f006_6hrly_hvr_US_east.nc
ARGO_GDAC,pfl,aoml/4903543/profiles/D4903543_058.nc|2024-03-23T11:52:17Z|25.80761|-95.19297,aoml/4903543/profiles/D4903543_058.nc,4903543,4903543,25.80761,-95.19297,2024-03-23T11:52:17Z,20240323,2024,936,0.48,1859.72,43.777,True,True,True,https://noaa-nws-rtofs-pds.s3.amazonaws.com/rtofs.20240323/rtofs_glo_3dz_f006_6hrly_hvr_US_east.nc
ARGO_GDAC,pfl,aoml/4903543/profiles/D4903543_058.nc|2024-03-23T11:52:17Z|25.80761|-95.19297,aoml/4903543/profiles/D4903543_058.nc,4903543,4903543,25.80761,-95.19297,2024-03-23T11:52:17Z,20240323,2024,776,0.48,100.0,43.73,True,True,True,https://noaa-nws-rtofs-pds.s3.amazonaws.com/rtofs.20240323/rtofs_glo_3dz_f006_6hrly_hvr_US_east.nc
ARGO_GDAC,pfl,aoml/4903543/profiles/D4903543_059.nc|2024-03-28T13:00:44Z|25.74680|-95.32578,aoml/4903543/profiles/D4903543_059.nc,4903543,4903543,25.7468,-95.32578,2024-03-28T13:00:44Z,20240328,2024,946,0.96,1881.68,57.4086,True,True,True,https://noaa-nws-rtofs-pds.s3.amazonaws.com/rtofs.20240328/rtofs_glo_3dz_f006_6hrly_hvr_US_east.nc
ARGO_GDAC,pfl,aoml/4903543/profiles/D4903543_059.nc|2024-03-28T13:00:44Z|25.74680|-95.32578,aoml/4903543/profiles/D4903543_059.nc,4903543,4903543,25.7468,-95.32578,2024-03-28T13:00:44Z,20240328,2024,832,0.52,99.92,57.887,True,True,True,https://noaa-nws-rtofs-pds.s3.amazonaws.com/rtofs.20240328/rtofs_glo_3dz_f006_6hrly_hvr_US_east.nc
ARGO_GDAC,pfl,aoml/4903543/profiles/D4903543_060.nc|2024-04-02T13:50:10Z|25.79250|-95.33709,aoml/4903543/profiles/D4903543_060.nc,4903543,4903543,25.7925,-95.33709,2024-04-02T13:50:10Z,20240402,2024,1011,0.48,2009.08,40.6593,True,True,True,https://noaa-nws-rtofs-pds.s3.amazonaws.com/rtofs.20240402/rtofs_glo_3dz_f006_6hrly_hvr_US_east.nc
ARGO_GDAC,pfl,aoml/4903543/profiles/D4903543_060.nc|2024-04-02T13:50:10Z|25.79250|-95.33709,aoml/4903543/profiles/D4903543_060.nc,4903543,4903543,25.7925,-95.33709,2024-04-02T13:50:10Z,20240402,2024,683,0.48,99.92,41.2116,True,True,True,https://noaa-nws-rtofs-pds.s3.amazonaws.com/rtofs.20240402/rtofs_glo_3dz_f006_6hrly_hvr_US_east.nc
ARGO_GDAC,pfl,aoml/4903543/profiles/D4903543_061.nc|2024-04-07T14:42:11Z|25.78271|-95.37212,aoml/4903543/profiles/D4903543_061.nc,4903543,4903543,25.78271,-95.37212,2024-04-07T14:42:11Z,20240407,2024,1008,1.0,2005.56,14.3211,True,True,True,https://noaa-nws-rtofs-pds.s3.amazonaws.com/rtofs.20240407/rtofs_glo_3dz_f006_6hrly_hvr_US_east.nc
ARGO_GDAC,pfl,aoml/4903543/profiles/D4903543_061.nc|2024-04-07T14:42:11Z|25.78271|-95.37212,aoml/4903543/profiles/D4903543_061.nc,4903543,4903543,25.78271,-95.37212,2024-04-07T14:42:11Z,20240407,2024,855,0.56,100.0,14.554,True,True,True,https://noaa-nws-rtofs-pds.s3.amazonaws.com/rtofs.20240407/rtofs_glo_3dz_f006_6hrly_hvr_US_east.nc
ARGO_GDAC,pfl,aoml/4903543/profiles/D4903543_062.nc|2024-04-12T15:30:26Z|25.75879|-95.36455,aoml/4903543/profiles/D4903543_062.nc,4903543,4903543,25.75879,-95.36455,2024-04-12T15:30:26Z,20240412,2024,1008,1.04,2005.48,30.5104,True,True,True,https://noaa-nws-rtofs-pds.s3.amazonaws.com/rtofs.20240412/rtofs_glo_3dz_f006_6hrly_hvr_US_east.nc
ARGO_GDAC,pfl,aoml/4903543/profiles/D4903543_062.nc|2024-04-12T15:30:26Z|25.75879|-95.36455,aoml/4903543/profiles/D4903543_062.nc,4903543,4903543,25.75879,-95.36455,2024-04-12T15:30:26Z,20240412,2024,873,0.64,99.92,29.3725,True,True,True,https://noaa-nws-rtofs-pds.s3.amazonaws.com/rtofs.20240412/rtofs_glo_3dz_f006_6hrly_hvr_US_east.nc
ARGO_GDAC,pfl,aoml/4903543/profiles/D4903543_063.nc|2024-04-17T16:17:19Z|25.78278|-95.37463,aoml/4903543/profiles/D4903543_063.nc,4903543,4903543,25.78278,-95.37463,2024-04-17T16:17:19Z,20240417,2024,1011,1.04,2011.4,23.5862,True,True,True,https://noaa-nws-rtofs-pds.s3.amazonaws.com/rtofs.20240417/rtofs_glo_3dz_f006_6hrly_hvr_US_east.nc
ARGO_GDAC,pfl,aoml/4903543/profiles/D4903543_063.nc|2024-04-17T16:17:19Z|25.78278|-95.37463,aoml/4903543/profiles/D4903543_063.nc,4903543,4903543,25.78278,-95.37463,2024-04-17T16:17:19Z,20240417,2024,820,0.72,99.96,23.1852,True,True,True,https://noaa-nws-rtofs-pds.s3.amazonaws.com/rtofs.20240417/rtofs_glo_3dz_f006_6hrly_hvr_US_east.nc
ARGO_GDAC,pfl,aoml/4903543/profiles/D4903543_064.nc|2024-04-22T17:11:17Z|25.73641|-95.35917,aoml/4903543/profiles/D4903543_064.nc,4903543,4903543,25.73641,-95.35917,2024-04-22T17:11:17Z,20240422,2024,1008,1.0,2005.48,34.8889,True,True,True,https://noaa-nws-rtofs-pds.s3.amazonaws.com/rtofs.20240422/rtofs_glo_3dz_f006_6hrly_hvr_US_east.nc
ARGO_GDAC,pfl,aoml/4903543/profiles/D4903543_064.nc|2024-04-22T17:11:17Z|25.73641|-95.35917,aoml/4903543/profiles/D4903543_064.nc,4903543,4903543,25.73641,-95.35917,2024-04-22T17:11:17Z,20240422,2024,789,0.64,99.92,15.4559,True,True,True,https://noaa-nws-rtofs-pds.s3.amazonaws.com/rtofs.20240422/rtofs_glo_3dz_f006_6hrly_hvr_US_east.nc
ARGO_GDAC,pfl,aoml/4903543/profiles/D4903543_065.nc|2024-04-27T18:05:12Z|25.71402|-95.34712,aoml/4903543/profiles/D4903543_065.nc,4903543,4903543,25.71402,-95.34712,2024-04-27T18:05:12Z,20240427,2024,1009,1.04,2007.56,24.1521,True,True,True,https://noaa-nws-rtofs-pds.s3.amazonaws.com/rtofs.20240427/rtofs_glo_3dz_f006_6hrly_hvr_US_east.nc
ARGO_GDAC,pfl,aoml/4903543/profiles/D4903543_065.nc|2024-04-27T18:05:12Z|25.71402|-95.34712,aoml/4903543/profiles/D4903543_065.nc,4903543,4903543,25.71402,-95.34712,2024-04-27T18:05:12Z,20240427,2024,900,0.68,99.88,24.1491,True,True,True,https://noaa-nws-rtofs-pds.s3.amazonaws.com/rtofs.20240427/rtofs_glo_3dz_f006_6hrly_hvr_US_east.nc
ARGO_GDAC,pfl,aoml/4903543/profiles/D4903543_066.nc|2024-05-02T19:05:21Z|25.74465|-95.28427,aoml/4903543/profiles/D4903543_066.nc,4903543,4903543,25.74465,-95.28427,2024-05-02T19:05:21Z,20240502,2024,901,1.04,1791.84,32.596,True,True,True,https://noaa-nws-rtofs-pds.s3.amazonaws.com/rtofs.20240502/rtofs_glo_3dz_f006_6hrly_hvr_US_east.nc
ARGO_GDAC,pfl,aoml/4903543/profiles/D4903543_066.nc|2024-05-02T19:05:21Z|25.74465|-95.28427,aoml/4903543/profiles/D4903543_066.nc,4903543,4903543,25.74465,-95.28427,2024-05-02T19:05:21Z,20240502,2024,798,0.68,99.92,32.9267,True,True,True,https://noaa-nws-rtofs-pds.s3.amazonaws.com/rtofs.20240502/rtofs_glo_3dz_f006_6hrly_hvr_US_east.nc
ARGO_GDAC,pfl,aoml/4903543/profiles/D4903543_067.nc|2024-05-07T20:03:44Z|25.87216|-95.19605,aoml/4903543/profiles/D4903543_067.nc,4903543,4903543,25.87216,-95.19605,2024-05-07T20:03:44Z,20240507,2024,1009,1.12,2007.48,14.8352,True,True,True,https://noaa-nws-rtofs-pds.s3.amazonaws.com/rtofs.20240507/rtofs_glo_3dz_f006_6hrly_hvr_US_east.nc
ARGO_GDAC,pfl,aoml/4903543/profiles/D4903543_067.nc|2024-05-07T20:03:44Z|25.87216|-95.19605,aoml/4903543/profiles/D4903543_067.nc,4903543,4903543,25.87216,-95.19605,2024-05-07T20:03:44Z,20240507,2024,991,0.76,99.92,14.7733,True,True,True,https://noaa-nws-rtofs-pds.s3.amazonaws.com/rtofs.20240507/rtofs_glo_3dz_f006_6hrly_hvr_US_east.nc
ARGO_GDAC,pfl,aoml/4903543/profiles/D4903543_068.nc|2024-05-12T20:53:17Z|25.88851|-95.07936,aoml/4903543/profiles/D4903543_068.nc,4903543,4903543,25.88851,-95.07936,2024-05-12T20:53:17Z,20240512,2024,1007,1.08,2003.48,21.1397,True,True,True,https://noaa-nws-rtofs-pds.s3.amazonaws.com/rtofs.20240512/rtofs_glo_3dz_f006_6hrly_hvr_US_east.nc
ARGO_GDAC,pfl,aoml/4903543/profiles/D4903543_068.nc|2024-05-12T20:53:17Z|25.88851|-95.07936,aoml/4903543/profiles/D4903543_068.nc,4903543,4903543,25.88851,-95.07936,2024-05-12T20:53:17Z,20240512,2024,878,0.72,99.88,21.9617,True,True,True,https://noaa-nws-rtofs-pds.s3.amazonaws.com/rtofs.20240512/rtofs_glo_3dz_f006_6hrly_hvr_US_east.nc
ARGO_GDAC,pfl,aoml/4903543/profiles/D4903543_069.nc|2024-05-17T21:53:21Z|25.75413|-94.93312,aoml/4903543/profiles/D4903543_069.nc,4903543,4903543,25.75413,-94.93312,2024-05-17T21:53:21Z,20240517,2024,1009,1.04,2007.56,16.5464,True,True,True,https://noaa-nws-rtofs-pds.s3.amazonaws.com/rtofs.20240517/rtofs_glo_3dz_f006_6hrly_hvr_US_east.nc
ARGO_GDAC,pfl,aoml/4903543/profiles/D4903543_069.nc|2024-05-17T21:53:21Z|25.75413|-94.93312,aoml/4903543/profiles/D4903543_069.nc,4903543,4903543,25.75413,-94.93312,2024-05-17T21:53:21Z,20240517,2024,696,0.72,99.92,16.5745,True,True,True,https://noaa-nws-rtofs-pds.s3.amazonaws.com/rtofs.20240517/rtofs_glo_3dz_f006_6hrly_hvr_US_east.nc
ARGO_GDAC,pfl,aoml/4903543/profiles/D4903543_070.nc|2024-05-22T22:41:13Z|25.55468|-95.03983,aoml/4903543/profiles/D4903543_070.nc,4903543,4903543,25.55468,-95.03983,2024-05-22T22:41:13Z,20240522,2024,1009,1.08,2007.48,10.5453,True,True,True,https://noaa-nws-rtofs-pds.s3.amazonaws.com/rtofs.20240522/rtofs_glo_3dz_f006_6hrly_hvr_US_east.nc
ARGO_GDAC,pfl,aoml/4903543/profiles/D4903543_070.nc|2024-05-22T22:41:13Z|25.55468|-95.03983,aoml/4903543/profiles/D4903543_070.nc,4903543,4903543,25.55468,-95.03983,2024-05-22T22:41:13Z,20240522,2024,671,0.64,99.92,10.7733,True,True,True,https://noaa-nws-rtofs-pds.s3.amazonaws.com/rtofs.20240522/rtofs_glo_3dz_f006_6hrly_hvr_US_east.nc
ARGO_GDAC,pfl,aoml/4903543/profiles/D4903543_071.nc|2024-05-27T23:22:10Z|25.30233|-95.19658,aoml/4903543/profiles/D4903543_071.nc,4903543,4903543,25.30233,-95.19658,2024-05-27T23:22:10Z,20240527,2024,1008,1.0,2005.16,15.9029,True,True,True,https://noaa-nws-rtofs-pds.s3.amazonaws.com/rtofs.20240527/rtofs_glo_3dz_f006_6hrly_hvr_US_east.nc
ARGO_GDAC,pfl,aoml/4903543/profiles/D4903543_071.nc|2024-05-27T23:22:10Z|25.30233|-95.19658,aoml/4903543/profiles/D4903543_071.nc,4903543,4903543,25.30233,-95.19658,2024-05-27T23:22:10Z,20240527,2024,713,0.6,100.0,15.5215,True,True,True,https://noaa-nws-rtofs-pds.s3.amazonaws.com/rtofs.20240527/rtofs_glo_3dz_f006_6hrly_hvr_US_east.nc
ARGO_GDAC,pfl,aoml/4903543/profiles/D4903543_072.nc|2024-06-02T00:15:42Z|24.90891|-95.50173,aoml/4903543/profiles/D4903543_072.nc,4903543,4903543,24.90891,-95.50173,2024-06-02T00:15:42Z,20240602,2024,1009,1.04,2007.8,16.4089,True,True,True,https://noaa-nws-rtofs-pds.s3.amazonaws.com/rtofs.20240602/rtofs_glo_3dz_f006_6hrly_hvr_US_east.nc
ARGO_GDAC,pfl,aoml/4903543/profiles/D4903543_072.nc|2024-06-02T00:15:42Z|24.90891|-95.50173,aoml/4903543/profiles/D4903543_072.nc,4903543,4903543,24.90891,-95.50173,2024-06-02T00:15:42Z,20240602,2024,705,0.64,100.0,16.9591,True,True,True,https://noaa-nws-rtofs-pds.s3.amazonaws.com/rtofs.20240602/rtofs_glo_3dz_f006_6hrly_hvr_US_east.nc
ARGO_GDAC,pfl,aoml/4903543/profiles/D4903543_073.nc|2024-06-07T01:17:14Z|24.57384|-95.72004,aoml/4903543/profiles/D4903543_073.nc,4903543,4903543,24.57384,-95.72004,2024-06-07T01:17:14Z,20240607,2024,1007,1.04,2004.2,31.0279,True,True,True,https://noaa-nws-rtofs-pds.s3.amazonaws.com/rtofs.20240607/rtofs_glo_3dz_f006_6hrly_hvr_US_east.nc
ARGO_GDAC,pfl,aoml/4903543/profiles/D4903543_073.nc|2024-06-07T01:17:14Z|24.57384|-95.72004,aoml/4903543/profiles/D4903543_073.nc,4903543,4903543,24.57384,-95.72004,2024-06-07T01:17:14Z,20240607,2024,730,0.6,99.92,31.8429,True,True,True,https://noaa-nws-rtofs-pds.s3.amazonaws.com/rtofs.20240607/rtofs_glo_3dz_f006_6hrly_hvr_US_east.nc
ARGO_GDAC,pfl,aoml/4903543/profiles/D4903543_074.nc|2024-06-12T02:04:39Z|24.47083|-95.77277,aoml/4903543/profiles/D4903543_074.nc,4903543,4903543,24.47083,-95.77277,2024-06-12T02:04:39Z,20240612,2024,1007,1.0,2003.4,19.863,True,True,True,https://noaa-nws-rtofs-pds.s3.amazonaws.com/rtofs.20240612/rtofs_glo_3dz_f006_6hrly_hvr_US_east.nc
ARGO_GDAC,pfl,aoml/4903543/profiles/D4903543_074.nc|2024-06-12T02:04:39Z|24.47083|-95.77277,aoml/4903543/profiles/D4903543_074.nc,4903543,4903543,24.47083,-95.77277,2024-06-12T02:04:39Z,20240612,2024,768,0.72,100.0,20.12,True,True,True,https://noaa-nws-rtofs-pds.s3.amazonaws.com/rtofs.20240612/rtofs_glo_3dz_f006_6hrly_hvr_US_east.nc
ARGO_GDAC,pfl,aoml/4903543/profiles/D4903543_075.nc|2024-06-17T03:03:34Z|24.38589|-95.77497,aoml/4903543/profiles/D4903543_075.nc,4903543,4903543,24.38589,-95.77497,2024-06-17T03:03:34Z,20240617,2024,1007,1.04,2003.96,20.5176,True,True,True,https://noaa-nws-rtofs-pds.s3.amazonaws.com/rtofs.20240617/rtofs_glo_3dz_f006_6hrly_hvr_US_east.nc
ARGO_GDAC,pfl,aoml/4903543/profiles/D4903543_075.nc|2024-06-17T03:03:34Z|24.38589|-95.77497,aoml/4903543/profiles/D4903543_075.nc,4903543,4903543,24.38589,-95.77497,2024-06-17T03:03:34Z,20240617,2024,723,0.6,99.76,21.592,True,True,True,https://noaa-nws-rtofs-pds.s3.amazonaws.com/rtofs.20240617/rtofs_glo_3dz_f006_6hrly_hvr_US_east.nc
ARGO_GDAC,pfl,aoml/4903543/profiles/D4903543_076.nc|2024-06-22T03:53:49Z|24.12992|-95.74996,aoml/4903543/profiles/D4903543_076.nc,4903543,4903543,24.12992,-95.74996,2024-06-22T03:53:49Z,20240622,2024,1009,0.4,2005.48,24.6933,True,True,True,https://noaa-nws-rtofs-pds.s3.amazonaws.com/rtofs.20240622/rtofs_glo_3dz_f006_6hrly_hvr_US_east.nc
ARGO_GDAC,pfl,aoml/4903543/profiles/D4903543_076.nc|2024-06-22T03:53:49Z|24.12992|-95.74996,aoml/4903543/profiles/D4903543_076.nc,4903543,4903543,24.12992,-95.74996,2024-06-22T03:53:49Z,20240622,2024,695,0.4,99.88,25.7075,True,True,True,https://noaa-nws-rtofs-pds.s3.amazonaws.com/rtofs.20240622/rtofs_glo_3dz_f006_6hrly_hvr_US_east.nc
ARGO_GDAC,pfl,aoml/4903543/profiles/D4903543_077.nc|2024-06-27T04:51:20Z|23.84031|-95.76018,aoml/4903543/profiles/D4903543_077.nc,4903543,4903543,23.84031,-95.76018,2024-06-27T04:51:20Z,20240627,2024,1010,1.04,2009.52,15.564,True,True,True,https://noaa-nws-rtofs-pds.s3.amazonaws.com/rtofs.20240627/rtofs_glo_3dz_f006_6hrly_hvr_US_east.nc
ARGO_GDAC,pfl,aoml/4903543/profiles/D4903543_077.nc|2024-06-27T04:51:20Z|23.84031|-95.76018,aoml/4903543/profiles/D4903543_077.nc,4903543,4903543,23.84031,-95.76018,2024-06-27T04:51:20Z,20240627,2024,763,0.6,99.92,15.5689,True,True,True,https://noaa-nws-rtofs-pds.s3.amazonaws.com/rtofs.20240627/rtofs_glo_3dz_f006_6hrly_hvr_US_east.nc
ARGO_GDAC,pfl,aoml/4903543/profiles/D4903543_078.nc|2024-07-02T05:42:55Z|23.63431|-95.75281,aoml/4903543/profiles/D4903543_078.nc,4903543,4903543,23.63431,-95.75281,2024-07-02T05:42:55Z,20240702,2024,1007,0.96,2003.44,28.132,True,True,True,https://noaa-nws-rtofs-pds.s3.amazonaws.com/rtofs.20240702/rtofs_glo_3dz_f006_6hrly_hvr_US_east.nc
ARGO_GDAC,pfl,aoml/4903543/profiles/D4903543_078.nc|2024-07-02T05:42:55Z|23.63431|-95.75281,aoml/4903543/profiles/D4903543_078.nc,4903543,4903543,23.63431,-95.75281,2024-07-02T05:42:55Z,20240702,2024,713,0.56,99.88,28.6311,True,True,True,https://noaa-nws-rtofs-pds.s3.amazonaws.com/rtofs.20240702/rtofs_glo_3dz_f006_6hrly_hvr_US_east.nc
ARGO_GDAC,pfl,aoml/4903543/profiles/D4903543_079.nc|2024-07-07T06:30:23Z|23.51043|-95.69053,aoml/4903543/profiles/D4903543_079.nc,4903543,4903543,23.51043,-95.69053,2024-07-07T06:30:23Z,20240707,2024,1010,1.0,2009.36,23.4,True,True,True,https://noaa-nws-rtofs-pds.s3.amazonaws.com/rtofs.20240707/rtofs_glo_3dz_f006_6hrly_hvr_US_east.nc
ARGO_GDAC,pfl,aoml/4903543/profiles/D4903543_079.nc|2024-07-07T06:30:23Z|23.51043|-95.69053,aoml/4903543/profiles/D4903543_079.nc,4903543,4903543,23.51043,-95.69053,2024-07-07T06:30:23Z,20240707,2024,716,0.68,99.88,22.9624,True,True,True,https://noaa-nws-rtofs-pds.s3.amazonaws.com/rtofs.20240707/rtofs_glo_3dz_f006_6hrly_hvr_US_east.nc
ARGO_GDAC,pfl,aoml/4903543/profiles/D4903543_080.nc|2024-07-12T07:25:29Z|23.43745|-95.69338,aoml/4903543/profiles/D4903543_080.nc,4903543,4903543,23.43745,-95.69338,2024-07-12T07:25:29Z,20240712,2024,1010,1.04,2010.04,30.0399,True,True,True,https://noaa-nws-rtofs-pds.s3.amazonaws.com/rtofs.20240712/rtofs_glo_3dz_f006_6hrly_hvr_US_east.nc
ARGO_GDAC,pfl,aoml/4903543/profiles/D4903543_080.nc|2024-07-12T07:25:29Z|23.43745|-95.69338,aoml/4903543/profiles/D4903543_080.nc,4903543,4903543,23.43745,-95.69338,2024-07-12T07:25:29Z,20240712,2024,731,0.64,99.96,30.42,True,True,True,https://noaa-nws-rtofs-pds.s3.amazonaws.com/rtofs.20240712/rtofs_glo_3dz_f006_6hrly_hvr_US_east.nc
ARGO_GDAC,pfl,aoml/4903543/profiles/D4903543_081.nc|2024-07-17T08:16:49Z|23.49031|-95.62706,aoml/4903543/profiles/D4903543_081.nc,4903543,4903543,23.49031,-95.62706,2024-07-17T08:16:49Z,20240717,2024,1009,0.92,2008.12,25.7291,True,True,True,https://noaa-nws-rtofs-pds.s3.amazonaws.com/rtofs.20240717/rtofs_glo_3dz_f006_6hrly_hvr_US_east.nc
ARGO_GDAC,pfl,aoml/4903543/profiles/D4903543_081.nc|2024-07-17T08:16:49Z|23.49031|-95.62706,aoml/4903543/profiles/D4903543_081.nc,4903543,4903543,23.49031,-95.62706,2024-07-17T08:16:49Z,20240717,2024,691,0.52,99.96,25.9523,True,True,True,https://noaa-nws-rtofs-pds.s3.amazonaws.com/rtofs.20240717/rtofs_glo_3dz_f006_6hrly_hvr_US_east.nc
ARGO_GDAC,pfl,aoml/4903543/profiles/D4903543_082.nc|2024-07-22T09:01:14Z|23.75794|-95.52262,aoml/4903543/profiles/D4903543_082.nc,4903543,4903543,23.75794,-95.52262,2024-07-22T09:01:14Z,20240722,2024,1010,1.04,2009.44,21.3254,True,True,True,https://noaa-nws-rtofs-pds.s3.amazonaws.com/rtofs.20240722/rtofs_glo_3dz_f006_6hrly_hvr_US_east.nc
ARGO_GDAC,pfl,aoml/4903543/profiles/D4903543_082.nc|2024-07-22T09:01:14Z|23.75794|-95.52262,aoml/4903543/profiles/D4903543_082.nc,4903543,4903543,23.75794,-95.52262,2024-07-22T09:01:14Z,20240722,2024,791,0.72,99.96,21.8116,True,True,True,https://noaa-nws-rtofs-pds.s3.amazonaws.com/rtofs.20240722/rtofs_glo_3dz_f006_6hrly_hvr_US_east.nc
ARGO_GDAC,pfl,aoml/4903543/profiles/D4903543_083.nc|2024-07-27T09:52:56Z|23.85857|-95.59096,aoml/4903543/profiles/D4903543_083.nc,4903543,4903543,23.85857,-95.59096,2024-07-27T09:52:56Z,20240727,2024,1009,0.32,2005.52,32.5689,True,True,True,https://noaa-nws-rtofs-pds.s3.amazonaws.com/rtofs.20240727/rtofs_glo_3dz_f006_6hrly_hvr_US_east.nc
ARGO_GDAC,pfl,aoml/4903543/profiles/D4903543_083.nc|2024-07-27T09:52:56Z|23.85857|-95.59096,aoml/4903543/profiles/D4903543_083.nc,4903543,4903543,23.85857,-95.59096,2024-07-27T09:52:56Z,20240727,2024,792,0.32,99.92,33.7277,True,True,True,https://noaa-nws-rtofs-pds.s3.amazonaws.com/rtofs.20240727/rtofs_glo_3dz_f006_6hrly_hvr_US_east.nc
ARGO_GDAC,pfl,aoml/4903543/profiles/D4903543_084.nc|2024-08-01T10:41:37Z|23.47859|-95.61873,aoml/4903543/profiles/D4903543_084.nc,4903543,4903543,23.47859,-95.61873,2024-08-01T10:41:37Z,20240801,2024,1010,0.36,2007.56,33.2735,True,True,True,https://noaa-nws-rtofs-pds.s3.amazonaws.com/rtofs.20240801/rtofs_glo_3dz_f006_6hrly_hvr_US_east.nc
ARGO_GDAC,pfl,aoml/4903543/profiles/D4903543_084.nc|2024-08-01T10:41:37Z|23.47859|-95.61873,aoml/4903543/profiles/D4903543_084.nc,4903543,4903543,23.47859,-95.61873,2024-08-01T10:41:37Z,20240801,2024,887,0.36,100.0,33.6541,True,True,True,https://noaa-nws-rtofs-pds.s3.amazonaws.com/rtofs.20240801/rtofs_glo_3dz_f006_6hrly_hvr_US_east.nc
ARGO_GDAC,pfl,aoml/4903543/profiles/D4903543_085.nc|2024-08-06T11:45:20Z|23.08649|-95.73963,aoml/4903543/profiles/D4903543_085.nc,4903543,4903543,23.08649,-95.73963,2024-08-06T11:45:20Z,20240806,2024,1009,0.4,2005.6,12.6369,True,True,True,https://noaa-nws-rtofs-pds.s3.amazonaws.com/rtofs.20240806/rtofs_glo_3dz_f006_6hrly_hvr_US_east.nc
ARGO_GDAC,pfl,aoml/4903543/profiles/D4903543_085.nc|2024-08-06T11:45:20Z|23.08649|-95.73963,aoml/4903543/profiles/D4903543_085.nc,4903543,4903543,23.08649,-95.73963,2024-08-06T11:45:20Z,20240806,2024,728,0.4,99.88,11.945,True,True,True,https://noaa-nws-rtofs-pds.s3.amazonaws.com/rtofs.20240806/rtofs_glo_3dz_f006_6hrly_hvr_US_east.nc
ARGO_GDAC,pfl,aoml/4903543/profiles/D4903543_086.nc|2024-08-11T12:43:04Z|22.71346|-95.85261,aoml/4903543/profiles/D4903543_086.nc,4903543,4903543,22.71346,-95.85261,2024-08-11T12:43:04Z,20240811,2024,1009,0.4,2006.16,16.0724,True,True,True,https://noaa-nws-rtofs-pds.s3.amazonaws.com/rtofs.20240811/rtofs_glo_3dz_f006_6hrly_hvr_US_east.nc
ARGO_GDAC,pfl,aoml/4903543/profiles/D4903543_086.nc|2024-08-11T12:43:04Z|22.71346|-95.85261,aoml/4903543/profiles/D4903543_086.nc,4903543,4903543,22.71346,-95.85261,2024-08-11T12:43:04Z,20240811,2024,752,0.4,99.88,16.1033,True,True,True,https://noaa-nws-rtofs-pds.s3.amazonaws.com/rtofs.20240811/rtofs_glo_3dz_f006_6hrly_hvr_US_east.nc
ARGO_GDAC,pfl,aoml/4903543/profiles/D4903543_087.nc|2024-08-16T13:31:48Z|22.37267|-95.88657,aoml/4903543/profiles/D4903543_087.nc,4903543,4903543,22.37267,-95.88657,2024-08-16T13:31:48Z,20240816,2024,1011,0.4,2009.68,26.531,True,True,True,https://noaa-nws-rtofs-pds.s3.amazonaws.com/rtofs.20240816/rtofs_glo_3dz_f006_6hrly_hvr_US_east.nc
ARGO_GDAC,pfl,aoml/4903543/profiles/D4903543_087.nc|2024-08-16T13:31:48Z|22.37267|-95.88657,aoml/4903543/profiles/D4903543_087.nc,4903543,4903543,22.37267,-95.88657,2024-08-16T13:31:48Z,20240816,2024,722,0.32,99.92,26.8128,True,True,True,https://noaa-nws-rtofs-pds.s3.amazonaws.com/rtofs.20240816/rtofs_glo_3dz_f006_6hrly_hvr_US_east.nc
ARGO_GDAC,pfl,aoml/4903543/profiles/D4903543_088.nc|2024-08-21T14:43:41Z|22.02439|-95.87516,aoml/4903543/profiles/D4903543_088.nc,4903543,4903543,22.02439,-95.87516,2024-08-21T14:43:41Z,20240821,2024,1008,0.92,2005.56,16.1852,True,True,True,https://noaa-nws-rtofs-pds.s3.amazonaws.com/rtofs.20240821/rtofs_glo_3dz_f006_6hrly_hvr_US_east.nc
ARGO_GDAC,pfl,aoml/4903543/profiles/D4903543_088.nc|2024-08-21T14:43:41Z|22.02439|-95.87516,aoml/4903543/profiles/D4903543_088.nc,4903543,4903543,22.02439,-95.87516,2024-08-21T14:43:41Z,20240821,2024,812,0.6,100.0,15.9627,True,True,True,https://noaa-nws-rtofs-pds.s3.amazonaws.com/rtofs.20240821/rtofs_glo_3dz_f006_6hrly_hvr_US_east.nc
ARGO_GDAC,pfl,aoml/4903543/profiles/D4903543_089.nc|2024-08-26T15:40:37Z|21.72535|-95.72256,aoml/4903543/profiles/D4903543_089.nc,4903543,4903543,21.72535,-95.72256,2024-08-26T15:40:37Z,20240826,2024,1009,0.44,2005.72,19.1238,True,True,True,https://noaa-nws-rtofs-pds.s3.amazonaws.com/rtofs.20240826/rtofs_glo_3dz_f006_6hrly_hvr_US_east.nc
ARGO_GDAC,pfl,aoml/4903543/profiles/D4903543_089.nc|2024-08-26T15:40:37Z|21.72535|-95.72256,aoml/4903543/profiles/D4903543_089.nc,4903543,4903543,21.72535,-95.72256,2024-08-26T15:40:37Z,20240826,2024,1009,0.44,99.88,19.12,True,True,True,https://noaa-nws-rtofs-pds.s3.amazonaws.com/rtofs.20240826/rtofs_glo_3dz_f006_6hrly_hvr_US_east.nc
ARGO_GDAC,pfl,aoml/4903543/profiles/D4903543_090.nc|2024-08-31T16:18:53Z|21.40291|-95.53457,aoml/4903543/profiles/D4903543_090.nc,4903543,4903543,21.40291,-95.53457,2024-08-31T16:18:53Z,20240831,2024,1006,0.92,2001.52,28.5171,True,True,True,https://noaa-nws-rtofs-pds.s3.amazonaws.com/rtofs.20240831/rtofs_glo_3dz_f006_6hrly_hvr_US_east.nc
ARGO_GDAC,pfl,aoml/4903543/profiles/D4903543_090.nc|2024-08-31T16:18:53Z|21.40291|-95.53457,aoml/4903543/profiles/D4903543_090.nc,4903543,4903543,21.40291,-95.53457,2024-08-31T16:18:53Z,20240831,2024,824,0.56,100.0,28.33,True,True,True,https://noaa-nws-rtofs-pds.s3.amazonaws.com/rtofs.20240831/rtofs_glo_3dz_f006_6hrly_hvr_US_east.nc
ARGO_GDAC,pfl,aoml/4903543/profiles/D4903543_091.nc|2024-09-05T17:07:58Z|21.32677|-95.44594,aoml/4903543/profiles/D4903543_091.nc,4903543,4903543,21.32677,-95.44594,2024-09-05T17:07:58Z,20240905,2024,1007,1.0,2003.52,26.1374,True,True,True,https://noaa-nws-rtofs-pds.s3.amazonaws.com/rtofs.20240905/rtofs_glo_3dz_f006_6hrly_hvr_US_east.nc
ARGO_GDAC,pfl,aoml/4903543/profiles/D4903543_091.nc|2024-09-05T17:07:58Z|21.32677|-95.44594,aoml/4903543/profiles/D4903543_091.nc,4903543,4903543,21.32677,-95.44594,2024-09-05T17:07:58Z,20240905,2024,837,0.52,100.0,26.2091,True,True,True,https://noaa-nws-rtofs-pds.s3.amazonaws.com/rtofs.20240905/rtofs_glo_3dz_f006_6hrly_hvr_US_east.nc
ARGO_GDAC,pfl,aoml/4903543/profiles/D4903543_092.nc|2024-09-10T18:02:51Z|21.43252|-95.41882,aoml/4903543/profiles/D4903543_092.nc,4903543,4903543,21.43252,-95.41882,2024-09-10T18:02:51Z,20240910,2024,1008,1.08,2006.12,22.1944,True,True,True,https://noaa-nws-rtofs-pds.s3.amazonaws.com/rtofs.20240910/rtofs_glo_3dz_f006_6hrly_hvr_US_east.nc
ARGO_GDAC,pfl,aoml/4903543/profiles/D4903543_092.nc|2024-09-10T18:02:51Z|21.43252|-95.41882,aoml/4903543/profiles/D4903543_092.nc,4903543,4903543,21.43252,-95.41882,2024-09-10T18:02:51Z,20240910,2024,1020,0.72,99.96,22.256,True,True,True,https://noaa-nws-rtofs-pds.s3.amazonaws.com/rtofs.20240910/rtofs_glo_3dz_f006_6hrly_hvr_US_east.nc
ARGO_GDAC,pfl,aoml/4903543/profiles/D4903543_093.nc|2024-09-15T18:53:04Z|21.34117|-95.42189,aoml/4903543/profiles/D4903543_093.nc,4903543,4903543,21.34117,-95.42189,2024-09-15T18:53:04Z,20240915,2024,1009,0.48,2005.16,32.7902,True,True,True,https://noaa-nws-rtofs-pds.s3.amazonaws.com/rtofs.20240915/rtofs_glo_3dz_f006_6hrly_hvr_US_east.nc
ARGO_GDAC,pfl,aoml/4903543/profiles/D4903543_093.nc|2024-09-15T18:53:04Z|21.34117|-95.42189,aoml/4903543/profiles/D4903543_093.nc,4903543,4903543,21.34117,-95.42189,2024-09-15T18:53:04Z,20240915,2024,962,0.48,99.96,33.7584,True,True,True,https://noaa-nws-rtofs-pds.s3.amazonaws.com/rtofs.20240915/rtofs_glo_3dz_f006_6hrly_hvr_US_east.nc
ARGO_GDAC,pfl,aoml/4903543/profiles/D4903543_094.nc|2024-09-20T19:50:48Z|21.27207|-95.37459,aoml/4903543/profiles/D4903543_094.nc,4903543,4903543,21.27207,-95.37459,2024-09-20T19:50:48Z,20240920,2024,1009,1.0,2007.52,26.9792,True,True,True,https://noaa-nws-rtofs-pds.s3.amazonaws.com/rtofs.20240920/rtofs_glo_3dz_f006_6hrly_hvr_US_east.nc
ARGO_GDAC,pfl,aoml/4903543/profiles/D4903543_094.nc|2024-09-20T19:50:48Z|21.27207|-95.37459,aoml/4903543/profiles/D4903543_094.nc,4903543,4903543,21.27207,-95.37459,2024-09-20T19:50:48Z,20240920,2024,926,0.52,99.96,27.3622,True,True,True,https://noaa-nws-rtofs-pds.s3.amazonaws.com/rtofs.20240920/rtofs_glo_3dz_f006_6hrly_hvr_US_east.nc
ARGO_GDAC,pfl,aoml/4903543/profiles/D4903543_095.nc|2024-09-25T20:41:03Z|21.23277|-95.34054,aoml/4903543/profiles/D4903543_095.nc,4903543,4903543,21.23277,-95.34054,2024-09-25T20:41:03Z,20240925,2024,1009,1.04,2007.76,19.2274,True,True,True,https://noaa-nws-rtofs-pds.s3.amazonaws.com/rtofs.20240925/rtofs_glo_3dz_f006_6hrly_hvr_US_east.nc
ARGO_GDAC,pfl,aoml/4903543/profiles/D4903543_095.nc|2024-09-25T20:41:03Z|21.23277|-95.34054,aoml/4903543/profiles/D4903543_095.nc,4903543,4903543,21.23277,-95.34054,2024-09-25T20:41:03Z,20240925,2024,972,0.68,99.88,19.3445,True,True,True,https://noaa-nws-rtofs-pds.s3.amazonaws.com/rtofs.20240925/rtofs_glo_3dz_f006_6hrly_hvr_US_east.nc
ARGO_GDAC,pfl,aoml/4903543/profiles/D4903543_096.nc|2024-09-30T21:31:52Z|21.19144|-95.37199,aoml/4903543/profiles/D4903543_096.nc,4903543,4903543,21.19144,-95.37199,2024-09-30T21:31:52Z,20240930,2024,1010,1.0,2009.32,26.7145,True,True,True,https://noaa-nws-rtofs-pds.s3.amazonaws.com/rtofs.20240930/rtofs_glo_3dz_f006_6hrly_hvr_US_east.nc
ARGO_GDAC,pfl,aoml/4903543/profiles/D4903543_096.nc|2024-09-30T21:31:52Z|21.19144|-95.37199,aoml/4903543/profiles/D4903543_096.nc,4903543,4903543,21.19144,-95.37199,2024-09-30T21:31:52Z,20240930,2024,874,0.56,99.96,27.6773,True,True,True,https://noaa-nws-rtofs-pds.s3.amazonaws.com/rtofs.20240930/rtofs_glo_3dz_f006_6hrly_hvr_US_east.nc
ARGO_GDAC,pfl,aoml/4903543/profiles/D4903543_097.nc|2024-10-05T22:28:38Z|21.13786|-95.38831,aoml/4903543/profiles/D4903543_097.nc,4903543,4903543,21.13786,-95.38831,2024-10-05T22:28:38Z,20241005,2024,1007,1.08,2003.44,24.0478,True,True,True,https://noaa-nws-rtofs-pds.s3.amazonaws.com/rtofs.20241005/rtofs_glo_3dz_f006_6hrly_hvr_US_east.nc
ARGO_GDAC,pfl,aoml/4903543/profiles/D4903543_097.nc|2024-10-05T22:28:38Z|21.13786|-95.38831,aoml/4903543/profiles/D4903543_097.nc,4903543,4903543,21.13786,-95.38831,2024-10-05T22:28:38Z,20241005,2024,969,0.72,99.92,24.6737,True,True,True,https://noaa-nws-rtofs-pds.s3.amazonaws.com/rtofs.20241005/rtofs_glo_3dz_f006_6hrly_hvr_US_east.nc
ARGO_GDAC,pfl,aoml/4903543/profiles/D4903543_098.nc|2024-10-10T23:17:05Z|21.11117|-95.35097,aoml/4903543/profiles/D4903543_098.nc,4903543,4903543,21.11117,-95.35097,2024-10-10T23:17:05Z,20241010,2024,1010,1.08,2009.44,28.4381,True,True,True,https://noaa-nws-rtofs-pds.s3.amazonaws.com/rtofs.20241010/rtofs_glo_3dz_f006_6hrly_hvr_US_east.nc
ARGO_GDAC,pfl,aoml/4903543/profiles/D4903543_098.nc|2024-10-10T23:17:05Z|21.11117|-95.35097,aoml/4903543/profiles/D4903543_098.nc,4903543,4903543,21.11117,-95.35097,2024-10-10T23:17:05Z,20241010,2024,979,0.64,99.96,28.8348,True,True,True,https://noaa-nws-rtofs-pds.s3.amazonaws.com/rtofs.20241010/rtofs_glo_3dz_f006_6hrly_hvr_US_east.nc
ARGO_GDAC,pfl,aoml/4903543/profiles/D4903543_099.nc|2024-10-16T00:04:35Z|21.11315|-95.36128,aoml/4903543/profiles/D4903543_099.nc,4903543,4903543,21.11315,-95.36128,2024-10-16T00:04:35Z,20241016,2024,1010,1.04,2009.4,30.2249,True,True,True,https://noaa-nws-rtofs-pds.s3.amazonaws.com/rtofs.20241016/rtofs_glo_3dz_f006_6hrly_hvr_US_east.nc
ARGO_GDAC,pfl,aoml/4903543/profiles/D4903543_099.nc|2024-10-16T00:04:35Z|21.11315|-95.36128,aoml/4903543/profiles/D4903543_099.nc,4903543,4903543,21.11315,-95.36128,2024-10-16T00:04:35Z,20241016,2024,908,0.64,99.96,30.6533,True,True,True,https://noaa-nws-rtofs-pds.s3.amazonaws.com/rtofs.20241016/rtofs_glo_3dz_f006_6hrly_hvr_US_east.nc
ARGO_GDAC,pfl,aoml/4903543/profiles/D4903543_100.nc|2024-10-21T01:00:25Z|20.89969|-95.39253,aoml/4903543/profiles/D4903543_100.nc,4903543,4903543,20.89969,-95.39253,2024-10-21T01:00:25Z,20241021,2024,1009,1.04,2007.8,28.5988,True,True,True,https://noaa-nws-rtofs-pds.s3.amazonaws.com/rtofs.20241021/rtofs_glo_3dz_f006_6hrly_hvr_US_east.nc
ARGO_GDAC,pfl,aoml/4903543/profiles/D4903543_100.nc|2024-10-21T01:00:25Z|20.89969|-95.39253,aoml/4903543/profiles/D4903543_100.nc,4903543,4903543,20.89969,-95.39253,2024-10-21T01:00:25Z,20241021,2024,1004,0.52,99.96,30.0901,True,True,True,https://noaa-nws-rtofs-pds.s3.amazonaws.com/rtofs.20241021/rtofs_glo_3dz_f006_6hrly_hvr_US_east.nc
ARGO_GDAC,pfl,aoml/4903543/profiles/D4903543_101.nc|2024-10-26T01:45:17Z|20.37035|-95.44814,aoml/4903543/profiles/D4903543_101.nc,4903543,4903543,20.37035,-95.44814,2024-10-26T01:45:17Z,20241026,2024,1006,1.04,2001.56,24.7906,True,True,True,https://noaa-nws-rtofs-pds.s3.amazonaws.com/rtofs.20241026/rtofs_glo_3dz_f006_6hrly_hvr_US_east.nc
ARGO_GDAC,pfl,aoml/4903543/profiles/D4903543_101.nc|2024-10-26T01:45:17Z|20.37035|-95.44814,aoml/4903543/profiles/D4903543_101.nc,4903543,4903543,20.37035,-95.44814,2024-10-26T01:45:17Z,20241026,2024,888,0.6,99.96,25.2444,True,True,True,https://noaa-nws-rtofs-pds.s3.amazonaws.com/rtofs.20241026/rtofs_glo_3dz_f006_6hrly_hvr_US_east.nc
ARGO_GDAC,pfl,aoml/4903543/profiles/D4903543_102.nc|2024-10-31T02:33:41Z|19.89975|-95.21286,aoml/4903543/profiles/D4903543_102.nc,4903543,4903543,19.89975,-95.21286,2024-10-31T02:33:41Z,20241031,2024,1008,0.96,2005.56,12.9923,True,True,True,https://noaa-nws-rtofs-pds.s3.amazonaws.com/rtofs.20241031/rtofs_glo_3dz_f006_6hrly_hvr_US_east.nc
ARGO_GDAC,pfl,aoml/4903543/profiles/D4903543_102.nc|2024-10-31T02:33:41Z|19.89975|-95.21286,aoml/4903543/profiles/D4903543_102.nc,4903543,4903543,19.89975,-95.21286,2024-10-31T02:33:41Z,20241031,2024,867,0.64,100.0,13.3969,True,True,True,https://noaa-nws-rtofs-pds.s3.amazonaws.com/rtofs.20241031/rtofs_glo_3dz_f006_6hrly_hvr_US_east.nc
ARGO_GDAC,pfl,aoml/4903543/profiles/D4903543_103.nc|2024-11-05T03:21:11Z|19.89369|-94.83368,aoml/4903543/profiles/D4903543_103.nc,4903543,4903543,19.89369,-94.83368,2024-11-05T03:21:11Z,20241105,2024,1010,1.2,2009.08,30.93,True,True,True,https://noaa-nws-rtofs-pds.s3.amazonaws.com/rtofs.20241105/rtofs_glo_3dz_f006_6hrly_hvr_US_east.nc
ARGO_GDAC,pfl,aoml/4903543/profiles/D4903543_103.nc|2024-11-05T03:21:11Z|19.89369|-94.83368,aoml/4903543/profiles/D4903543_103.nc,4903543,4903543,19.89369,-94.83368,2024-11-05T03:21:11Z,20241105,2024,1020,1.28,99.88,30.48,True,True,True,https://noaa-nws-rtofs-pds.s3.amazonaws.com/rtofs.20241105/rtofs_glo_3dz_f006_6hrly_hvr_US_east.nc
ARGO_GDAC,pfl,aoml/4903543/profiles/D4903543_104.nc|2024-11-10T04:24:04Z|20.38777|-94.48278,aoml/4903543/profiles/D4903543_104.nc,4903543,4903543,20.38777,-94.48278,2024-11-10T04:24:04Z,20241110,2024,1009,0.48,2005.36,33.3196,True,True,True,https://noaa-nws-rtofs-pds.s3.amazonaws.com/rtofs.20241110/rtofs_glo_3dz_f006_6hrly_hvr_US_east.nc
ARGO_GDAC,pfl,aoml/4903543/profiles/D4903543_104.nc|2024-11-10T04:24:04Z|20.38777|-94.48278,aoml/4903543/profiles/D4903543_104.nc,4903543,4903543,20.38777,-94.48278,2024-11-10T04:24:04Z,20241110,2024,902,0.48,99.92,33.3855,True,True,True,https://noaa-nws-rtofs-pds.s3.amazonaws.com/rtofs.20241110/rtofs_glo_3dz_f006_6hrly_hvr_US_east.nc
ARGO_GDAC,pfl,aoml/4903543/profiles/D4903543_105.nc|2024-11-15T05:24:46Z|20.80941|-94.25208,aoml/4903543/profiles/D4903543_105.nc,4903543,4903543,20.80941,-94.25208,2024-11-15T05:24:46Z,20241115,2024,1007,1.0,2004.12,37.3048,True,True,True,https://noaa-nws-rtofs-pds.s3.amazonaws.com/rtofs.20241115/rtofs_glo_3dz_f006_6hrly_hvr_US_east.nc
ARGO_GDAC,pfl,aoml/4903543/profiles/D4903543_105.nc|2024-11-15T05:24:46Z|20.80941|-94.25208,aoml/4903543/profiles/D4903543_105.nc,4903543,4903543,20.80941,-94.25208,2024-11-15T05:24:46Z,20241115,2024,933,0.52,99.92,37.032,True,True,True,https://noaa-nws-rtofs-pds.s3.amazonaws.com/rtofs.20241115/rtofs_glo_3dz_f006_6hrly_hvr_US_east.nc
ARGO_GDAC,pfl,aoml/4903543/profiles/D4903543_106.nc|2024-11-20T06:26:14Z|21.18258|-94.15887,aoml/4903543/profiles/D4903543_106.nc,4903543,4903543,21.18258,-94.15887,2024-11-20T06:26:14Z,20241120,2024,1008,1.04,2005.08,33.3473,True,True,True,https://noaa-nws-rtofs-pds.s3.amazonaws.com/rtofs.20241120/rtofs_glo_3dz_f006_6hrly_hvr_US_east.nc
ARGO_GDAC,pfl,aoml/4903543/profiles/D4903543_106.nc|2024-11-20T06:26:14Z|21.18258|-94.15887,aoml/4903543/profiles/D4903543_106.nc,4903543,4903543,21.18258,-94.15887,2024-11-20T06:26:14Z,20241120,2024,829,0.6,99.88,33.3138,True,True,True,https://noaa-nws-rtofs-pds.s3.amazonaws.com/rtofs.20241120/rtofs_glo_3dz_f006_6hrly_hvr_US_east.nc
ARGO_GDAC,pfl,aoml/4903543/profiles/D4903543_107.nc|2024-11-25T07:19:26Z|21.42269|-93.95113,aoml/4903543/profiles/D4903543_107.nc,4903543,4903543,21.42269,-93.95113,2024-11-25T07:19:26Z,20241125,2024,1009,0.88,2008.2,21.5372,True,True,True,https://noaa-nws-rtofs-pds.s3.amazonaws.com/rtofs.20241125/rtofs_glo_3dz_f006_6hrly_hvr_US_east.nc
ARGO_GDAC,pfl,aoml/4903543/profiles/D4903543_107.nc|2024-11-25T07:19:26Z|21.42269|-93.95113,aoml/4903543/profiles/D4903543_107.nc,4903543,4903543,21.42269,-93.95113,2024-11-25T07:19:26Z,20241125,2024,842,0.52,99.92,21.549,True,True,True,https://noaa-nws-rtofs-pds.s3.amazonaws.com/rtofs.20241125/rtofs_glo_3dz_f006_6hrly_hvr_US_east.nc
ARGO_GDAC,pfl,aoml/4903543/profiles/D4903543_108.nc|2024-11-30T08:12:52Z|21.44322|-93.74038,aoml/4903543/profiles/D4903543_108.nc,4903543,4903543,21.44322,-93.74038,2024-11-30T08:12:52Z,20241130,2024,1010,1.04,2010.16,61.4392,True,True,True,https://noaa-nws-rtofs-pds.s3.amazonaws.com/rtofs.20241130/rtofs_glo_3dz_f006_6hrly_hvr_US_east.nc
ARGO_GDAC,pfl,aoml/4903543/profiles/D4903543_108.nc|2024-11-30T08:12:52Z|21.44322|-93.74038,aoml/4903543/profiles/D4903543_108.nc,4903543,4903543,21.44322,-93.74038,2024-11-30T08:12:52Z,20241130,2024,933,0.6,99.96,61.7958,True,True,True,https://noaa-nws-rtofs-pds.s3.amazonaws.com/rtofs.20241130/rtofs_glo_3dz_f006_6hrly_hvr_US_east.nc
ARGO_GDAC,pfl,aoml/4903543/profiles/D4903543_109.nc|2024-12-05T09:00:35Z|21.45084|-93.64809,aoml/4903543/profiles/D4903543_109.nc,4903543,4903543,21.45084,-93.64809,2024-12-05T09:00:35Z,20241205,2024,1007,1.04,2003.48,45.447,True,True,True,https://noaa-nws-rtofs-pds.s3.amazonaws.com/rtofs.20241205/rtofs_glo_3dz_f006_6hrly_hvr_US_east.nc
ARGO_GDAC,pfl,aoml/4903543/profiles/D4903543_109.nc|2024-12-05T09:00:35Z|21.45084|-93.64809,aoml/4903543/profiles/D4903543_109.nc,4903543,4903543,21.45084,-93.64809,2024-12-05T09:00:35Z,20241205,2024,811,0.64,99.96,45.1709,True,True,True,https://noaa-nws-rtofs-pds.s3.amazonaws.com/rtofs.20241205/rtofs_glo_3dz_f006_6hrly_hvr_US_east.nc
ARGO_GDAC,pfl,aoml/4903543/profiles/D4903543_110.nc|2024-12-10T09:49:30Z|21.46885|-93.50914,aoml/4903543/profiles/D4903543_110.nc,4903543,4903543,21.46885,-93.50914,2024-12-10T09:49:30Z,20241210,2024,1008,0.48,2003.32,68.9729,True,True,True,https://noaa-nws-rtofs-pds.s3.amazonaws.com/rtofs.20241210/rtofs_glo_3dz_f006_6hrly_hvr_US_east.nc
ARGO_GDAC,pfl,aoml/4903543/profiles/D4903543_110.nc|2024-12-10T09:49:30Z|21.46885|-93.50914,aoml/4903543/profiles/D4903543_110.nc,4903543,4903543,21.46885,-93.50914,2024-12-10T09:49:30Z,20241210,2024,789,0.48,99.96,68.8567,True,True,True,https://noaa-nws-rtofs-pds.s3.amazonaws.com/rtofs.20241210/rtofs_glo_3dz_f006_6hrly_hvr_US_east.nc
ARGO_GDAC,pfl,aoml/4903543/profiles/D4903543_111.nc|2024-12-15T10:29:54Z|21.47902|-93.40151,aoml/4903543/profiles/D4903543_111.nc,4903543,4903543,21.47902,-93.40151,2024-12-15T10:29:54Z,20241215,2024,1009,1.0,2007.28,63.2977,True,True,True,https://noaa-nws-rtofs-pds.s3.amazonaws.com/rtofs.20241215/rtofs_glo_3dz_f006_6hrly_hvr_US_east.nc
ARGO_GDAC,pfl,aoml/4903543/profiles/D4903543_111.nc|2024-12-15T10:29:54Z|21.47902|-93.40151,aoml/4903543/profiles/D4903543_111.nc,4903543,4903543,21.47902,-93.40151,2024-12-15T10:29:54Z,20241215,2024,788,0.56,100.0,63.086,True,True,True,https://noaa-nws-rtofs-pds.s3.amazonaws.com/rtofs.20241215/rtofs_glo_3dz_f006_6hrly_hvr_US_east.nc
ARGO_GDAC,pfl,aoml/4903543/profiles/D4903543_112.nc|2024-12-20T11:27:27Z|21.48852|-93.33890,aoml/4903543/profiles/D4903543_112.nc,4903543,4903543,21.48852,-93.3389,2024-12-20T11:27:27Z,20241220,2024,1007,1.0,2003.56,61.0998,True,True,True,https://noaa-nws-rtofs-pds.s3.amazonaws.com/rtofs.20241220/rtofs_glo_3dz_f006_6hrly_hvr_US_east.nc
ARGO_GDAC,pfl,aoml/4903543/profiles/D4903543_112.nc|2024-12-20T11:27:27Z|21.48852|-93.33890,aoml/4903543/profiles/D4903543_112.nc,4903543,4903543,21.48852,-93.3389,2024-12-20T11:27:27Z,20241220,2024,876,0.64,100.0,61.4626,True,True,True,https://noaa-nws-rtofs-pds.s3.amazonaws.com/rtofs.20241220/rtofs_glo_3dz_f006_6hrly_hvr_US_east.nc
ARGO_GDAC,pfl,aoml/4903543/profiles/D4903543_113.nc|2024-12-25T12:21:34Z|21.51750|-93.27479,aoml/4903543/profiles/D4903543_113.nc,4903543,4903543,21.5175,-93.27479,2024-12-25T12:21:34Z,20241225,2024,1008,1.0,2005.56,75.2129,True,True,True,https://noaa-nws-rtofs-pds.s3.amazonaws.com/rtofs.20241225/rtofs_glo_3dz_f006_6hrly_hvr_US_east.nc
ARGO_GDAC,pfl,aoml/4903543/profiles/D4903543_113.nc|2024-12-25T12:21:34Z|21.51750|-93.27479,aoml/4903543/profiles/D4903543_113.nc,4903543,4903543,21.5175,-93.27479,2024-12-25T12:21:34Z,20241225,2024,802,0.52,99.92,75.2343,True,True,True,https://noaa-nws-rtofs-pds.s3.amazonaws.com/rtofs.20241225/rtofs_glo_3dz_f006_6hrly_hvr_US_east.nc
ARGO_GDAC,pfl,aoml/4903543/profiles/D4903543_114.nc|2024-12-30T13:10:16Z|21.50335|-93.15212,aoml/4903543/profiles/D4903543_114.nc,4903543,4903543,21.50335,-93.15212,2024-12-30T13:10:16Z,20241230,2024,1006,1.0,2001.68,76.4403,True,True,True,https://noaa-nws-rtofs-pds.s3.amazonaws.com/rtofs.20241230/rtofs_glo_3dz_f006_6hrly_hvr_US_east.nc
ARGO_GDAC,pfl,aoml/4903543/profiles/D4903543_114.nc|2024-12-30T13:10:16Z|21.50335|-93.15212,aoml/4903543/profiles/D4903543_114.nc,4903543,4903543,21.50335,-93.15212,2024-12-30T13:10:16Z,20241230,2024,761,0.56,99.92,76.52,True,True,True,https://noaa-nws-rtofs-pds.s3.amazonaws.com/rtofs.20241230/rtofs_glo_3dz_f006_6hrly_hvr_US_east.nc
ARGO_GDAC,pfl,aoml/4903543/profiles/D4903543_115.nc|2025-01-04T13:56:50Z|21.45257|-93.07231,aoml/4903543/profiles/D4903543_115.nc,4903543,4903543,21.45257,-93.07231,2025-01-04T13:56:50Z,20250104,2025,1008,0.96,2005.44,66.9262,True,True,True,https://noaa-nws-rtofs-pds.s3.amazonaws.com/rtofs.20250104/rtofs_glo_3dz_f006_6hrly_hvr_US_east.nc
ARGO_GDAC,pfl,aoml/4903543/profiles/D4903543_115.nc|2025-01-04T13:56:50Z|21.45257|-93.07231,aoml/4903543/profiles/D4903543_115.nc,4903543,4903543,21.45257,-93.07231,2025-01-04T13:56:50Z,20250104,2025,751,0.6,99.92,66.7066,True,True,True,https://noaa-nws-rtofs-pds.s3.amazonaws.com/rtofs.20250104/rtofs_glo_3dz_f006_6hrly_hvr_US_east.nc
ARGO_GDAC,pfl,aoml/4903543/profiles/D4903543_116.nc|2025-01-09T14:52:57Z|21.45031|-93.02011,aoml/4903543/profiles/D4903543_116.nc,4903543,4903543,21.45031,-93.02011,2025-01-09T14:52:57Z,20250109,2025,1009,1.0,2008.0,74.4711,True,True,True,https://noaa-nws-rtofs-pds.s3.amazonaws.com/rtofs.20250109/rtofs_glo_3dz_f006_6hrly_hvr_US_east.nc
ARGO_GDAC,pfl,aoml/4903543/profiles/D4903543_116.nc|2025-01-09T14:52:57Z|21.45031|-93.02011,aoml/4903543/profiles/D4903543_116.nc,4903543,4903543,21.45031,-93.02011,2025-01-09T14:52:57Z,20250109,2025,945,0.56,99.92,75.1365,True,True,True,https://noaa-nws-rtofs-pds.s3.amazonaws.com/rtofs.20250109/rtofs_glo_3dz_f006_6hrly_hvr_US_east.nc
ARGO_GDAC,pfl,aoml/4903543/profiles/D4903543_117.nc|2025-01-14T15:42:14Z|21.47627|-92.96073,aoml/4903543/profiles/D4903543_117.nc,4903543,4903543,21.47627,-92.96073,2025-01-14T15:42:14Z,20250114,2025,1009,1.08,2007.64,27.1334,True,True,True,https://noaa-nws-rtofs-pds.s3.amazonaws.com/rtofs.20250114/rtofs_glo_3dz_f006_6hrly_hvr_US_east.nc
ARGO_GDAC,pfl,aoml/4903543/profiles/D4903543_117.nc|2025-01-14T15:42:14Z|21.47627|-92.96073,aoml/4903543/profiles/D4903543_117.nc,4903543,4903543,21.47627,-92.96073,2025-01-14T15:42:14Z,20250114,2025,789,0.68,99.92,27.1733,True,True,True,https://noaa-nws-rtofs-pds.s3.amazonaws.com/rtofs.20250114/rtofs_glo_3dz_f006_6hrly_hvr_US_east.nc
ARGO_GDAC,pfl,aoml/4903543/profiles/D4903543_118.nc|2025-01-19T16:34:09Z|21.57940|-92.87999,aoml/4903543/profiles/D4903543_118.nc,4903543,4903543,21.5794,-92.87999,2025-01-19T16:34:09Z,20250119,2025,1007,1.08,2003.52,56.5515,True,True,True,https://noaa-nws-rtofs-pds.s3.amazonaws.com/rtofs.20250119/rtofs_glo_3dz_f006_6hrly_hvr_US_east.nc
ARGO_GDAC,pfl,aoml/4903543/profiles/D4903543_118.nc|2025-01-19T16:34:09Z|21.57940|-92.87999,aoml/4903543/profiles/D4903543_118.nc,4903543,4903543,21.5794,-92.87999,2025-01-19T16:34:09Z,20250119,2025,763,0.68,99.96,56.6323,True,True,True,https://noaa-nws-rtofs-pds.s3.amazonaws.com/rtofs.20250119/rtofs_glo_3dz_f006_6hrly_hvr_US_east.nc
ARGO_GDAC,pfl,aoml/4903543/profiles/D4903543_119.nc|2025-01-24T17:21:25Z|21.86340|-92.78738,aoml/4903543/profiles/D4903543_119.nc,4903543,4903543,21.8634,-92.78738,2025-01-24T17:21:25Z,20250124,2025,1007,1.08,2003.12,93.5228,True,True,True,https://noaa-nws-rtofs-pds.s3.amazonaws.com/rtofs.20250124/rtofs_glo_3dz_f006_6hrly_hvr_US_east.nc
ARGO_GDAC,pfl,aoml/4903543/profiles/D4903543_119.nc|2025-01-24T17:21:25Z|21.86340|-92.78738,aoml/4903543/profiles/D4903543_119.nc,4903543,4903543,21.8634,-92.78738,2025-01-24T17:21:25Z,20250124,2025,728,0.68,100.0,93.486,True,True,True,https://noaa-nws-rtofs-pds.s3.amazonaws.com/rtofs.20250124/rtofs_glo_3dz_f006_6hrly_hvr_US_east.nc
ARGO_GDAC,pfl,aoml/4903543/profiles/D4903543_120.nc|2025-01-29T18:13:28Z|22.28761|-92.37200,aoml/4903543/profiles/D4903543_120.nc,4903543,4903543,22.28761,-92.372,2025-01-29T18:13:28Z,20250129,2025,1011,1.04,2011.72,49.8335,True,True,True,https://noaa-nws-rtofs-pds.s3.amazonaws.com/rtofs.20250129/rtofs_glo_3dz_f006_6hrly_hvr_US_east.nc
ARGO_GDAC,pfl,aoml/4903543/profiles/D4903543_120.nc|2025-01-29T18:13:28Z|22.28761|-92.37200,aoml/4903543/profiles/D4903543_120.nc,4903543,4903543,22.28761,-92.372,2025-01-29T18:13:28Z,20250129,2025,724,0.8,99.92,49.13,True,True,True,https://noaa-nws-rtofs-pds.s3.amazonaws.com/rtofs.20250129/rtofs_glo_3dz_f006_6hrly_hvr_US_east.nc
ARGO_GDAC,pfl,aoml/4903543/profiles/D4903543_121.nc|2025-02-03T18:59:07Z|22.73675|-91.75101,aoml/4903543/profiles/D4903543_121.nc,4903543,4903543,22.73675,-91.75101,2025-02-03T18:59:07Z,20250203,2025,1008,1.04,2005.0,19.6516,True,True,True,https://noaa-nws-rtofs-pds.s3.amazonaws.com/rtofs.20250203/rtofs_glo_3dz_f006_6hrly_hvr_US_east.nc
ARGO_GDAC,pfl,aoml/4903543/profiles/D4903543_121.nc|2025-02-03T18:59:07Z|22.73675|-91.75101,aoml/4903543/profiles/D4903543_121.nc,4903543,4903543,22.73675,-91.75101,2025-02-03T18:59:07Z,20250203,2025,670,0.64,99.88,19.02,True,True,True,https://noaa-nws-rtofs-pds.s3.amazonaws.com/rtofs.20250203/rtofs_glo_3dz_f006_6hrly_hvr_US_east.nc
ARGO_GDAC,pfl,aoml/4903543/profiles/D4903543_122.nc|2025-02-08T19:47:09Z|23.18872|-91.78206,aoml/4903543/profiles/D4903543_122.nc,4903543,4903543,23.18872,-91.78206,2025-02-08T19:47:09Z,20250208,2025,1010,0.96,2009.28,25.5202,True,True,True,https://noaa-nws-rtofs-pds.s3.amazonaws.com/rtofs.20250208/rtofs_glo_3dz_f006_6hrly_hvr_US_east.nc
ARGO_GDAC,pfl,aoml/4903543/profiles/D4903543_122.nc|2025-02-08T19:47:09Z|23.18872|-91.78206,aoml/4903543/profiles/D4903543_122.nc,4903543,4903543,23.18872,-91.78206,2025-02-08T19:47:09Z,20250208,2025,641,0.52,99.92,25.256,True,True,True,https://noaa-nws-rtofs-pds.s3.amazonaws.com/rtofs.20250208/rtofs_glo_3dz_f006_6hrly_hvr_US_east.nc
ARGO_GDAC,pfl,aoml/4903543/profiles/D4903543_123.nc|2025-02-13T20:37:04Z|23.56460|-92.39324,aoml/4903543/profiles/D4903543_123.nc,4903543,4903543,23.5646,-92.39324,2025-02-13T20:37:04Z,20250213,2025,1008,1.0,2005.48,18.707,True,True,True,https://noaa-nws-rtofs-pds.s3.amazonaws.com/rtofs.20250213/rtofs_glo_3dz_f006_6hrly_hvr_US_east.nc
ARGO_GDAC,pfl,aoml/4903543/profiles/D4903543_123.nc|2025-02-13T20:37:04Z|23.56460|-92.39324,aoml/4903543/profiles/D4903543_123.nc,4903543,4903543,23.5646,-92.39324,2025-02-13T20:37:04Z,20250213,2025,655,0.52,99.96,18.5106,True,True,True,https://noaa-nws-rtofs-pds.s3.amazonaws.com/rtofs.20250213/rtofs_glo_3dz_f006_6hrly_hvr_US_east.nc
ARGO_GDAC,pfl,aoml/4903543/profiles/D4903543_124.nc|2025-02-18T21:27:05Z|23.64843|-92.81596,aoml/4903543/profiles/D4903543_124.nc,4903543,4903543,23.64843,-92.81596,2025-02-18T21:27:05Z,20250218,2025,1010,0.96,2010.04,55.5913,True,True,True,https://noaa-nws-rtofs-pds.s3.amazonaws.com/rtofs.20250218/rtofs_glo_3dz_f006_6hrly_hvr_US_east.nc
ARGO_GDAC,pfl,aoml/4903543/profiles/D4903543_124.nc|2025-02-18T21:27:05Z|23.64843|-92.81596,aoml/4903543/profiles/D4903543_124.nc,4903543,4903543,23.64843,-92.81596,2025-02-18T21:27:05Z,20250218,2025,665,0.64,99.88,55.7199,True,True,True,https://noaa-nws-rtofs-pds.s3.amazonaws.com/rtofs.20250218/rtofs_glo_3dz_f006_6hrly_hvr_US_east.nc
ARGO_GDAC,pfl,aoml/4903543/profiles/D4903543_125.nc|2025-02-23T22:13:30Z|23.48584|-92.99443,aoml/4903543/profiles/D4903543_125.nc,4903543,4903543,23.48584,-92.99443,2025-02-23T22:13:30Z,20250223,2025,1010,0.96,2009.84,109.9808,True,False,True,https://noaa-nws-rtofs-pds.s3.amazonaws.com/rtofs.20250223/rtofs_glo_3dz_f006_6hrly_hvr_US_east.nc
ARGO_GDAC,pfl,aoml/4903543/profiles/D4903543_125.nc|2025-02-23T22:13:30Z|23.48584|-92.99443,aoml/4903543/profiles/D4903543_125.nc,4903543,4903543,23.48584,-92.99443,2025-02-23T22:13:30Z,20250223,2025,636,0.52,99.92,,False,False,True,https://noaa-nws-rtofs-pds.s3.amazonaws.com/rtofs.20250223/rtofs_glo_3dz_f006_6hrly_hvr_US_east.nc
ARGO_GDAC,pfl,aoml/4903543/profiles/D4903543_126.nc|2025-02-28T23:01:49Z|23.38692|-93.03582,aoml/4903543/profiles/D4903543_126.nc,4903543,4903543,23.38692,-93.03582,2025-02-28T23:01:49Z,20250228,2025,1006,0.92,2001.4,46.8321,True,True,True,https://noaa-nws-rtofs-pds.s3.amazonaws.com/rtofs.20250228/rtofs_glo_3dz_f006_6hrly_hvr_US_east.nc
ARGO_GDAC,pfl,aoml/4903543/profiles/D4903543_126.nc|2025-02-28T23:01:49Z|23.38692|-93.03582,aoml/4903543/profiles/D4903543_126.nc,4903543,4903543,23.38692,-93.03582,2025-02-28T23:01:49Z,20250228,2025,639,0.52,99.96,46.9133,True,True,True,https://noaa-nws-rtofs-pds.s3.amazonaws.com/rtofs.20250228/rtofs_glo_3dz_f006_6hrly_hvr_US_east.nc
ARGO_GDAC,pfl,aoml/4903543/profiles/D4903543_127.nc|2025-03-05T23:48:48Z|23.42871|-93.15315,aoml/4903543/profiles/D4903543_127.nc,4903543,4903543,23.42871,-93.15315,2025-03-05T23:48:48Z,20250305,2025,1009,0.96,2007.52,51.1656,True,True,True,https://noaa-nws-rtofs-pds.s3.amazonaws.com/rtofs.20250305/rtofs_glo_3dz_f006_6hrly_hvr_US_east.nc
ARGO_GDAC,pfl,aoml/4903543/profiles/D4903543_127.nc|2025-03-05T23:48:48Z|23.42871|-93.15315,aoml/4903543/profiles/D4903543_127.nc,4903543,4903543,23.42871,-93.15315,2025-03-05T23:48:48Z,20250305,2025,664,0.56,99.92,50.764,True,True,True,https://noaa-nws-rtofs-pds.s3.amazonaws.com/rtofs.20250305/rtofs_glo_3dz_f006_6hrly_hvr_US_east.nc
ARGO_GDAC,pfl,aoml/4903543/profiles/D4903543_128.nc|2025-03-11T00:33:19Z|23.51023|-93.28338,aoml/4903543/profiles/D4903543_128.nc,4903543,4903543,23.51023,-93.28338,2025-03-11T00:33:19Z,20250311,2025,1011,1.04,2011.84,29.2178,True,True,True,https://noaa-nws-rtofs-pds.s3.amazonaws.com/rtofs.20250311/rtofs_glo_3dz_f006_6hrly_hvr_US_east.nc
ARGO_GDAC,pfl,aoml/4903543/profiles/D4903543_128.nc|2025-03-11T00:33:19Z|23.51023|-93.28338,aoml/4903543/profiles/D4903543_128.nc,4903543,4903543,23.51023,-93.28338,2025-03-11T00:33:19Z,20250311,2025,676,0.6,99.96,29.5247,True,True,True,https://noaa-nws-rtofs-pds.s3.amazonaws.com/rtofs.20250311/rtofs_glo_3dz_f006_6hrly_hvr_US_east.nc
ARGO_GDAC,pfl,aoml/4903543/profiles/D4903543_129.nc|2025-03-16T01:13:51Z|23.59280|-93.32905,aoml/4903543/profiles/D4903543_129.nc,4903543,4903543,23.5928,-93.32905,2025-03-16T01:13:51Z,20250316,2025,1007,0.96,2003.52,44.5258,True,True,True,https://noaa-nws-rtofs-pds.s3.amazonaws.com/rtofs.20250316/rtofs_glo_3dz_f006_6hrly_hvr_US_east.nc
ARGO_GDAC,pfl,aoml/4903543/profiles/D4903543_129.nc|2025-03-16T01:13:51Z|23.59280|-93.32905,aoml/4903543/profiles/D4903543_129.nc,4903543,4903543,23.5928,-93.32905,2025-03-16T01:13:51Z,20250316,2025,713,0.6,99.92,44.8667,True,True,True,https://noaa-nws-rtofs-pds.s3.amazonaws.com/rtofs.20250316/rtofs_glo_3dz_f006_6hrly_hvr_US_east.nc
ARGO_GDAC,pfl,aoml/4903543/profiles/D4903543_130.nc|2025-03-21T02:02:39Z|23.77385|-93.35634,aoml/4903543/profiles/D4903543_130.nc,4903543,4903543,23.77385,-93.35634,2025-03-21T02:02:39Z,20250321,2025,1009,0.96,2008.08,67.9931,True,True,True,https://noaa-nws-rtofs-pds.s3.amazonaws.com/rtofs.20250321/rtofs_glo_3dz_f006_6hrly_hvr_US_east.nc
ARGO_GDAC,pfl,aoml/4903543/profiles/D4903543_130.nc|2025-03-21T02:02:39Z|23.77385|-93.35634,aoml/4903543/profiles/D4903543_130.nc,4903543,4903543,23.77385,-93.35634,2025-03-21T02:02:39Z,20250321,2025,671,0.52,99.96,67.92,True,True,True,https://noaa-nws-rtofs-pds.s3.amazonaws.com/rtofs.20250321/rtofs_glo_3dz_f006_6hrly_hvr_US_east.nc
ARGO_GDAC,pfl,aoml/4903543/profiles/D4903543_131.nc|2025-03-26T02:48:58Z|23.89524|-93.43064,aoml/4903543/profiles/D4903543_131.nc,4903543,4903543,23.89524,-93.43064,2025-03-26T02:48:58Z,20250326,2025,1008,1.04,2005.52,17.0995,True,True,True,https://noaa-nws-rtofs-pds.s3.amazonaws.com/rtofs.20250326/rtofs_glo_3dz_f006_6hrly_hvr_US_east.nc
ARGO_GDAC,pfl,aoml/4903543/profiles/D4903543_131.nc|2025-03-26T02:48:58Z|23.89524|-93.43064,aoml/4903543/profiles/D4903543_131.nc,4903543,4903543,23.89524,-93.43064,2025-03-26T02:48:58Z,20250326,2025,671,0.6,99.84,16.84,True,True,True,https://noaa-nws-rtofs-pds.s3.amazonaws.com/rtofs.20250326/rtofs_glo_3dz_f006_6hrly_hvr_US_east.nc
ARGO_GDAC,pfl,aoml/4903543/profiles/D4903543_132.nc|2025-03-31T03:38:11Z|24.04065|-93.46591,aoml/4903543/profiles/D4903543_132.nc,4903543,4903543,24.04065,-93.46591,2025-03-31T03:38:11Z,20250331,2025,1007,1.0,2003.16,20.9942,True,True,True,https://noaa-nws-rtofs-pds.s3.amazonaws.com/rtofs.20250331/rtofs_glo_3dz_f006_6hrly_hvr_US_east.nc
ARGO_GDAC,pfl,aoml/4903543/profiles/D4903543_132.nc|2025-03-31T03:38:11Z|24.04065|-93.46591,aoml/4903543/profiles/D4903543_132.nc,4903543,4903543,24.04065,-93.46591,2025-03-31T03:38:11Z,20250331,2025,657,0.52,99.92,21.328,True,True,True,https://noaa-nws-rtofs-pds.s3.amazonaws.com/rtofs.20250331/rtofs_glo_3dz_f006_6hrly_hvr_US_east.nc
ARGO_GDAC,pfl,aoml/4903543/profiles/D4903543_133.nc|2025-04-05T04:25:55Z|24.23880|-93.49767,aoml/4903543/profiles/D4903543_133.nc,4903543,4903543,24.2388,-93.49767,2025-04-05T04:25:55Z,20250405,2025,1009,1.0,2007.4,35.101,True,True,True,https://noaa-nws-rtofs-pds.s3.amazonaws.com/rtofs.20250405/rtofs_glo_3dz_f006_6hrly_hvr_US_east.nc
ARGO_GDAC,pfl,aoml/4903543/profiles/D4903543_133.nc|2025-04-05T04:25:55Z|24.23880|-93.49767,aoml/4903543/profiles/D4903543_133.nc,4903543,4903543,24.2388,-93.49767,2025-04-05T04:25:55Z,20250405,2025,717,0.52,100.0,35.44,True,True,True,https://noaa-nws-rtofs-pds.s3.amazonaws.com/rtofs.20250405/rtofs_glo_3dz_f006_6hrly_hvr_US_east.nc
ARGO_GDAC,pfl,aoml/4903543/profiles/D4903543_134.nc|2025-04-10T05:19:40Z|24.44031|-93.36269,aoml/4903543/profiles/D4903543_134.nc,4903543,4903543,24.44031,-93.36269,2025-04-10T05:19:40Z,20250410,2025,1010,0.92,2009.76,72.2581,True,True,True,https://noaa-nws-rtofs-pds.s3.amazonaws.com/rtofs.20250410/rtofs_glo_3dz_f006_6hrly_hvr_US_east.nc
ARGO_GDAC,pfl,aoml/4903543/profiles/D4903543_134.nc|2025-04-10T05:19:40Z|24.44031|-93.36269,aoml/4903543/profiles/D4903543_134.nc,4903543,4903543,24.44031,-93.36269,2025-04-10T05:19:40Z,20250410,2025,726,0.52,100.0,72.2509,True,True,True,https://noaa-nws-rtofs-pds.s3.amazonaws.com/rtofs.20250410/rtofs_glo_3dz_f006_6hrly_hvr_US_east.nc
ARGO_GDAC,pfl,aoml/4903543/profiles/D4903543_135.nc|2025-04-15T06:13:06Z|24.60551|-93.03904,aoml/4903543/profiles/D4903543_135.nc,4903543,4903543,24.60551,-93.03904,2025-04-15T06:13:06Z,20250415,2025,1012,0.48,2012.04,54.2555,True,True,True,https://noaa-nws-rtofs-pds.s3.amazonaws.com/rtofs.20250415/rtofs_glo_3dz_f006_6hrly_hvr_US_east.nc
ARGO_GDAC,pfl,aoml/4903543/profiles/D4903543_135.nc|2025-04-15T06:13:06Z|24.60551|-93.03904,aoml/4903543/profiles/D4903543_135.nc,4903543,4903543,24.60551,-93.03904,2025-04-15T06:13:06Z,20250415,2025,674,0.48,99.96,54.9202,True,True,True,https://noaa-nws-rtofs-pds.s3.amazonaws.com/rtofs.20250415/rtofs_glo_3dz_f006_6hrly_hvr_US_east.nc
ARGO_GDAC,pfl,aoml/4903543/profiles/D4903543_136.nc|2025-04-20T06:53:32Z|24.72542|-92.47888,aoml/4903543/profiles/D4903543_136.nc,4903543,4903543,24.72542,-92.47888,2025-04-20T06:53:32Z,20250420,2025,1007,1.12,2003.44,38.6417,True,True,True,https://noaa-nws-rtofs-pds.s3.amazonaws.com/rtofs.20250420/rtofs_glo_3dz_f006_6hrly_hvr_US_east.nc
ARGO_GDAC,pfl,aoml/4903543/profiles/D4903543_136.nc|2025-04-20T06:53:32Z|24.72542|-92.47888,aoml/4903543/profiles/D4903543_136.nc,4903543,4903543,24.72542,-92.47888,2025-04-20T06:53:32Z,20250420,2025,710,0.8,100.0,38.8672,True,True,True,https://noaa-nws-rtofs-pds.s3.amazonaws.com/rtofs.20250420/rtofs_glo_3dz_f006_6hrly_hvr_US_east.nc
ARGO_GDAC,pfl,aoml/4903543/profiles/D4903543_137.nc|2025-04-25T07:36:37Z|24.92556|-92.09605,aoml/4903543/profiles/D4903543_137.nc,4903543,4903543,24.92556,-92.09605,2025-04-25T07:36:37Z,20250425,2025,1009,1.08,2007.04,15.8495,True,True,True,https://noaa-nws-rtofs-pds.s3.amazonaws.com/rtofs.20250425/rtofs_glo_3dz_f006_6hrly_hvr_US_east.nc
ARGO_GDAC,pfl,aoml/4903543/profiles/D4903543_137.nc|2025-04-25T07:36:37Z|24.92556|-92.09605,aoml/4903543/profiles/D4903543_137.nc,4903543,4903543,24.92556,-92.09605,2025-04-25T07:36:37Z,20250425,2025,648,0.68,99.92,15.9456,True,True,True,https://noaa-nws-rtofs-pds.s3.amazonaws.com/rtofs.20250425/rtofs_glo_3dz_f006_6hrly_hvr_US_east.nc
ARGO_GDAC,pfl,aoml/4903543/profiles/D4903543_138.nc|2025-04-30T08:25:40Z|24.94053|-91.91229,aoml/4903543/profiles/D4903543_138.nc,4903543,4903543,24.94053,-91.91229,2025-04-30T08:25:40Z,20250430,2025,1009,0.48,2005.56,25.0821,True,True,True,https://noaa-nws-rtofs-pds.s3.amazonaws.com/rtofs.20250430/rtofs_glo_3dz_f006_6hrly_hvr_US_east.nc
ARGO_GDAC,pfl,aoml/4903543/profiles/D4903543_138.nc|2025-04-30T08:25:40Z|24.94053|-91.91229,aoml/4903543/profiles/D4903543_138.nc,4903543,4903543,24.94053,-91.91229,2025-04-30T08:25:40Z,20250430,2025,656,0.48,99.96,24.6556,True,True,True,https://noaa-nws-rtofs-pds.s3.amazonaws.com/rtofs.20250430/rtofs_glo_3dz_f006_6hrly_hvr_US_east.nc
ARGO_GDAC,pfl,aoml/4903543/profiles/D4903543_139.nc|2025-05-05T09:20:27Z|24.89141|-91.78138,aoml/4903543/profiles/D4903543_139.nc,4903543,4903543,24.89141,-91.78138,2025-05-05T09:20:27Z,20250505,2025,1010,0.96,2009.8,27.9845,True,True,True,https://noaa-nws-rtofs-pds.s3.amazonaws.com/rtofs.20250505/rtofs_glo_3dz_f006_6hrly_hvr_US_east.nc
ARGO_GDAC,pfl,aoml/4903543/profiles/D4903543_139.nc|2025-05-05T09:20:27Z|24.89141|-91.78138,aoml/4903543/profiles/D4903543_139.nc,4903543,4903543,24.89141,-91.78138,2025-05-05T09:20:27Z,20250505,2025,664,0.52,99.92,27.8167,True,True,True,https://noaa-nws-rtofs-pds.s3.amazonaws.com/rtofs.20250505/rtofs_glo_3dz_f006_6hrly_hvr_US_east.nc
ARGO_GDAC,pfl,aoml/4903543/profiles/D4903543_140.nc|2025-05-10T10:05:18Z|24.79465|-91.97863,aoml/4903543/profiles/D4903543_140.nc,4903543,4903543,24.79465,-91.97863,2025-05-10T10:05:18Z,20250510,2025,1010,1.0,2009.12,34.3772,True,True,True,https://noaa-nws-rtofs-pds.s3.amazonaws.com/rtofs.20250510/rtofs_glo_3dz_f006_6hrly_hvr_US_east.nc
ARGO_GDAC,pfl,aoml/4903543/profiles/D4903543_140.nc|2025-05-10T10:05:18Z|24.79465|-91.97863,aoml/4903543/profiles/D4903543_140.nc,4903543,4903543,24.79465,-91.97863,2025-05-10T10:05:18Z,20250510,2025,674,0.72,99.96,34.36,True,True,True,https://noaa-nws-rtofs-pds.s3.amazonaws.com/rtofs.20250510/rtofs_glo_3dz_f006_6hrly_hvr_US_east.nc
ARGO_GDAC,pfl,aoml/4903543/profiles/D4903543_141.nc|2025-05-15T11:01:25Z|24.60152|-92.18702,aoml/4903543/profiles/D4903543_141.nc,4903543,4903543,24.60152,-92.18702,2025-05-15T11:01:25Z,20250515,2025,1010,1.0,2009.8,18.04,True,True,True,https://noaa-nws-rtofs-pds.s3.amazonaws.com/rtofs.20250515/rtofs_glo_3dz_f006_6hrly_hvr_US_east.nc
ARGO_GDAC,pfl,aoml/4903543/profiles/D4903543_141.nc|2025-05-15T11:01:25Z|24.60152|-92.18702,aoml/4903543/profiles/D4903543_141.nc,4903543,4903543,24.60152,-92.18702,2025-05-15T11:01:25Z,20250515,2025,668,0.6,99.88,20.4701,True,True,True,https://noaa-nws-rtofs-pds.s3.amazonaws.com/rtofs.20250515/rtofs_glo_3dz_f006_6hrly_hvr_US_east.nc
ARGO_GDAC,pfl,aoml/4903543/profiles/D4903543_142.nc|2025-05-20T11:37:16Z|24.67314|-92.21857,aoml/4903543/profiles/D4903543_142.nc,4903543,4903543,24.67314,-92.21857,2025-05-20T11:37:16Z,20250520,2025,1009,1.0,2007.2,28.7783,True,True,True,https://noaa-nws-rtofs-pds.s3.amazonaws.com/rtofs.20250520/rtofs_glo_3dz_f006_6hrly_hvr_US_east.nc
ARGO_GDAC,pfl,aoml/4903543/profiles/D4903543_142.nc|2025-05-20T11:37:16Z|24.67314|-92.21857,aoml/4903543/profiles/D4903543_142.nc,4903543,4903543,24.67314,-92.21857,2025-05-20T11:37:16Z,20250520,2025,682,0.6,99.92,28.6505,True,True,True,https://noaa-nws-rtofs-pds.s3.amazonaws.com/rtofs.20250520/rtofs_glo_3dz_f006_6hrly_hvr_US_east.nc
ARGO_GDAC,pfl,aoml/4903543/profiles/D4903543_143.nc|2025-05-25T12:34:26Z|24.95662|-92.46448,aoml/4903543/profiles/D4903543_143.nc,4903543,4903543,24.95662,-92.46448,2025-05-25T12:34:26Z,20250525,2025,1009,1.04,2007.52,22.0204,True,True,True,https://noaa-nws-rtofs-pds.s3.amazonaws.com/rtofs.20250525/rtofs_glo_3dz_f006_6hrly_hvr_US_east.nc
ARGO_GDAC,pfl,aoml/4903543/profiles/D4903543_143.nc|2025-05-25T12:34:26Z|24.95662|-92.46448,aoml/4903543/profiles/D4903543_143.nc,4903543,4903543,24.95662,-92.46448,2025-05-25T12:34:26Z,20250525,2025,901,0.64,99.96,22.5045,True,True,True,https://noaa-nws-rtofs-pds.s3.amazonaws.com/rtofs.20250525/rtofs_glo_3dz_f006_6hrly_hvr_US_east.nc
ARGO_GDAC,pfl,aoml/4903543/profiles/D4903543_144.nc|2025-05-30T13:20:06Z|25.21990|-92.75255,aoml/4903543/profiles/D4903543_144.nc,4903543,4903543,25.2199,-92.75255,2025-05-30T13:20:06Z,20250530,2025,1010,1.0,2009.96,18.1727,True,True,True,https://noaa-nws-rtofs-pds.s3.amazonaws.com/rtofs.20250530/rtofs_glo_3dz_f006_6hrly_hvr_US_east.nc
ARGO_GDAC,pfl,aoml/4903543/profiles/D4903543_144.nc|2025-05-30T13:20:06Z|25.21990|-92.75255,aoml/4903543/profiles/D4903543_144.nc,4903543,4903543,25.2199,-92.75255,2025-05-30T13:20:06Z,20250530,2025,720,0.56,99.96,18.4892,True,True,True,https://noaa-nws-rtofs-pds.s3.amazonaws.com/rtofs.20250530/rtofs_glo_3dz_f006_6hrly_hvr_US_east.nc
ARGO_GDAC,pfl,aoml/4903543/profiles/R4903543_145.nc|2025-06-04T14:10:31Z|25.20524|-93.02389,aoml/4903543/profiles/R4903543_145.nc,4903543,4903543,25.20524,-93.02389,2025-06-04T14:10:31Z,20250604,2025,1007,1.08,2003.12,20.0474,True,True,True,https://noaa-nws-rtofs-pds.s3.amazonaws.com/rtofs.20250604/rtofs_glo_3dz_f006_6hrly_hvr_US_east.nc
ARGO_GDAC,pfl,aoml/4903543/profiles/R4903543_145.nc|2025-06-04T14:10:31Z|25.20524|-93.02389,aoml/4903543/profiles/R4903543_145.nc,4903543,4903543,25.20524,-93.02389,2025-06-04T14:10:31Z,20250604,2025,763,0.76,99.88,20.144,True,True,True,https://noaa-nws-rtofs-pds.s3.amazonaws.com/rtofs.20250604/rtofs_glo_3dz_f006_6hrly_hvr_US_east.nc
ARGO_GDAC,pfl,aoml/4903543/profiles/R4903543_146.nc|2025-06-09T15:00:23Z|25.09134|-93.34594,aoml/4903543/profiles/R4903543_146.nc,4903543,4903543,25.09134,-93.34594,2025-06-09T15:00:23Z,20250609,2025,1009,1.04,2007.48,25.4352,True,True,True,https://noaa-nws-rtofs-pds.s3.amazonaws.com/rtofs.20250609/rtofs_glo_3dz_f006_6hrly_hvr_US_east.nc
ARGO_GDAC,pfl,aoml/4903543/profiles/R4903543_146.nc|2025-06-09T15:00:23Z|25.09134|-93.34594,aoml/4903543/profiles/R4903543_146.nc,4903543,4903543,25.09134,-93.34594,2025-06-09T15:00:23Z,20250609,2025,726,0.6,99.84,25.6513,True,True,True,https://noaa-nws-rtofs-pds.s3.amazonaws.com/rtofs.20250609/rtofs_glo_3dz_f006_6hrly_hvr_US_east.nc
ARGO_GDAC,pfl,aoml/4903543/profiles/R4903543_147.nc|2025-06-14T15:42:09Z|25.07891|-93.44935,aoml/4903543/profiles/R4903543_147.nc,4903543,4903543,25.07891,-93.44935,2025-06-14T15:42:09Z,20250614,2025,1008,1.08,2005.6,30.7602,True,True,True,https://noaa-nws-rtofs-pds.s3.amazonaws.com/rtofs.20250614/rtofs_glo_3dz_f006_6hrly_hvr_US_east.nc
ARGO_GDAC,pfl,aoml/4903543/profiles/R4903543_147.nc|2025-06-14T15:42:09Z|25.07891|-93.44935,aoml/4903543/profiles/R4903543_147.nc,4903543,4903543,25.07891,-93.44935,2025-06-14T15:42:09Z,20250614,2025,772,0.68,99.92,31.4912,True,True,True,https://noaa-nws-rtofs-pds.s3.amazonaws.com/rtofs.20250614/rtofs_glo_3dz_f006_6hrly_hvr_US_east.nc
ARGO_GDAC,pfl,aoml/4903543/profiles/R4903543_148.nc|2025-06-19T16:30:12Z|25.26661|-93.18262,aoml/4903543/profiles/R4903543_148.nc,4903543,4903543,25.26661,-93.18262,2025-06-19T16:30:12Z,20250619,2025,1007,1.04,2003.44,36.4667,True,True,True,https://noaa-nws-rtofs-pds.s3.amazonaws.com/rtofs.20250619/rtofs_glo_3dz_f006_6hrly_hvr_US_east.nc
ARGO_GDAC,pfl,aoml/4903543/profiles/R4903543_148.nc|2025-06-19T16:30:12Z|25.26661|-93.18262,aoml/4903543/profiles/R4903543_148.nc,4903543,4903543,25.26661,-93.18262,2025-06-19T16:30:12Z,20250619,2025,775,0.64,99.88,37.1581,True,True,True,https://noaa-nws-rtofs-pds.s3.amazonaws.com/rtofs.20250619/rtofs_glo_3dz_f006_6hrly_hvr_US_east.nc
ARGO_GDAC,pfl,aoml/4903543/profiles/R4903543_149.nc|2025-06-24T17:09:29Z|25.18917|-92.69189,aoml/4903543/profiles/R4903543_149.nc,4903543,4903543,25.18917,-92.69189,2025-06-24T17:09:29Z,20250624,2025,1010,1.08,2009.56,34.2808,True,True,True,https://noaa-nws-rtofs-pds.s3.amazonaws.com/rtofs.20250624/rtofs_glo_3dz_f006_6hrly_hvr_US_east.nc
ARGO_GDAC,pfl,aoml/4903543/profiles/R4903543_149.nc|2025-06-24T17:09:29Z|25.18917|-92.69189,aoml/4903543/profiles/R4903543_149.nc,4903543,4903543,25.18917,-92.69189,2025-06-24T17:09:29Z,20250624,2025,792,0.8,99.88,35.3297,True,True,True,https://noaa-nws-rtofs-pds.s3.amazonaws.com/rtofs.20250624/rtofs_glo_3dz_f006_6hrly_hvr_US_east.nc
ARGO_GDAC,pfl,aoml/4903543/profiles/R4903543_150.nc|2025-06-29T17:54:35Z|24.67108|-92.54707,aoml/4903543/profiles/R4903543_150.nc,4903543,4903543,24.67108,-92.54707,2025-06-29T17:54:35Z,20250629,2025,1009,0.96,2007.72,32.8796,True,True,True,https://noaa-nws-rtofs-pds.s3.amazonaws.com/rtofs.20250629/rtofs_glo_3dz_f006_6hrly_hvr_US_east.nc
ARGO_GDAC,pfl,aoml/4903543/profiles/R4903543_150.nc|2025-06-29T17:54:35Z|24.67108|-92.54707,aoml/4903543/profiles/R4903543_150.nc,4903543,4903543,24.67108,-92.54707,2025-06-29T17:54:35Z,20250629,2025,757,0.52,99.96,33.8589,True,True,True,https://noaa-nws-rtofs-pds.s3.amazonaws.com/rtofs.20250629/rtofs_glo_3dz_f006_6hrly_hvr_US_east.nc
ARGO_GDAC,pfl,aoml/4903543/profiles/R4903543_151.nc|2025-07-04T18:44:36Z|24.24604|-92.15902,aoml/4903543/profiles/R4903543_151.nc,4903543,4903543,24.24604,-92.15902,2025-07-04T18:44:36Z,20250704,2025,1009,0.92,2007.08,25.7925,True,True,True,https://noaa-nws-rtofs-pds.s3.amazonaws.com/rtofs.20250704/rtofs_glo_3dz_f006_6hrly_hvr_US_east.nc
ARGO_GDAC,pfl,aoml/4903543/profiles/R4903543_151.nc|2025-07-04T18:44:36Z|24.24604|-92.15902,aoml/4903543/profiles/R4903543_151.nc,4903543,4903543,24.24604,-92.15902,2025-07-04T18:44:36Z,20250704,2025,740,0.56,100.0,26.1,True,True,True,https://noaa-nws-rtofs-pds.s3.amazonaws.com/rtofs.20250704/rtofs_glo_3dz_f006_6hrly_hvr_US_east.nc
ARGO_GDAC,pfl,aoml/4903543/profiles/R4903543_152.nc|2025-07-09T19:29:48Z|24.19778|-91.86998,aoml/4903543/profiles/R4903543_152.nc,4903543,4903543,24.19778,-91.86998,2025-07-09T19:29:48Z,20250709,2025,1007,1.08,2003.48,32.6404,True,True,True,https://noaa-nws-rtofs-pds.s3.amazonaws.com/rtofs.20250709/rtofs_glo_3dz_f006_6hrly_hvr_US_east.nc
ARGO_GDAC,pfl,aoml/4903543/profiles/R4903543_152.nc|2025-07-09T19:29:48Z|24.19778|-91.86998,aoml/4903543/profiles/R4903543_152.nc,4903543,4903543,24.19778,-91.86998,2025-07-09T19:29:48Z,20250709,2025,789,0.72,99.96,32.06,True,True,True,https://noaa-nws-rtofs-pds.s3.amazonaws.com/rtofs.20250709/rtofs_glo_3dz_f006_6hrly_hvr_US_east.nc
ARGO_GDAC,pfl,aoml/4903543/profiles/R4903543_153.nc|2025-07-14T20:11:13Z|24.24887|-91.75546,aoml/4903543/profiles/R4903543_153.nc,4903543,4903543,24.24887,-91.75546,2025-07-14T20:11:13Z,20250714,2025,1009,0.96,2007.36,34.5708,True,True,True,https://noaa-nws-rtofs-pds.s3.amazonaws.com/rtofs.20250714/rtofs_glo_3dz_f006_6hrly_hvr_US_east.nc
ARGO_GDAC,pfl,aoml/4903543/profiles/R4903543_153.nc|2025-07-14T20:11:13Z|24.24887|-91.75546,aoml/4903543/profiles/R4903543_153.nc,4903543,4903543,24.24887,-91.75546,2025-07-14T20:11:13Z,20250714,2025,770,0.52,99.88,34.9872,True,True,True,https://noaa-nws-rtofs-pds.s3.amazonaws.com/rtofs.20250714/rtofs_glo_3dz_f006_6hrly_hvr_US_east.nc
ARGO_GDAC,pfl,aoml/4903543/profiles/R4903543_154.nc|2025-07-19T21:02:39Z|24.34629|-91.77881,aoml/4903543/profiles/R4903543_154.nc,4903543,4903543,24.34629,-91.77881,2025-07-19T21:02:39Z,20250719,2025,1008,0.48,2003.44,31.2474,True,True,True,https://noaa-nws-rtofs-pds.s3.amazonaws.com/rtofs.20250719/rtofs_glo_3dz_f006_6hrly_hvr_US_east.nc
ARGO_GDAC,pfl,aoml/4903543/profiles/R4903543_154.nc|2025-07-19T21:02:39Z|24.34629|-91.77881,aoml/4903543/profiles/R4903543_154.nc,4903543,4903543,24.34629,-91.77881,2025-07-19T21:02:39Z,20250719,2025,760,0.48,99.92,31.2147,True,True,True,https://noaa-nws-rtofs-pds.s3.amazonaws.com/rtofs.20250719/rtofs_glo_3dz_f006_6hrly_hvr_US_east.nc
ARGO_GDAC,pfl,aoml/4903543/profiles/R4903543_155.nc|2025-07-24T21:50:51Z|24.43635|-91.85786,aoml/4903543/profiles/R4903543_155.nc,4903543,4903543,24.43635,-91.85786,2025-07-24T21:50:51Z,20250724,2025,1010,0.48,2007.4,27.4472,True,True,True,https://noaa-nws-rtofs-pds.s3.amazonaws.com/rtofs.20250724/rtofs_glo_3dz_f006_6hrly_hvr_US_east.nc
ARGO_GDAC,pfl,aoml/4903543/profiles/R4903543_155.nc|2025-07-24T21:50:51Z|24.43635|-91.85786,aoml/4903543/profiles/R4903543_155.nc,4903543,4903543,24.43635,-91.85786,2025-07-24T21:50:51Z,20250724,2025,753,0.48,99.92,27.6887,True,True,True,https://noaa-nws-rtofs-pds.s3.amazonaws.com/rtofs.20250724/rtofs_glo_3dz_f006_6hrly_hvr_US_east.nc
ARGO_GDAC,pfl,aoml/4903543/profiles/R4903543_156.nc|2025-07-29T22:37:49Z|24.51023|-91.97284,aoml/4903543/profiles/R4903543_156.nc,4903543,4903543,24.51023,-91.97284,2025-07-29T22:37:49Z,20250729,2025,1011,0.44,2009.52,35.7896,True,True,True,https://noaa-nws-rtofs-pds.s3.amazonaws.com/rtofs.20250729/rtofs_glo_3dz_f006_6hrly_hvr_US_east.nc
ARGO_GDAC,pfl,aoml/4903543/profiles/R4903543_156.nc|2025-07-29T22:37:49Z|24.51023|-91.97284,aoml/4903543/profiles/R4903543_156.nc,4903543,4903543,24.51023,-91.97284,2025-07-29T22:37:49Z,20250729,2025,761,0.44,99.88,35.5527,True,True,True,https://noaa-nws-rtofs-pds.s3.amazonaws.com/rtofs.20250729/rtofs_glo_3dz_f006_6hrly_hvr_US_east.nc
ARGO_GDAC,pfl,aoml/4903543/profiles/R4903543_157.nc|2025-08-03T23:20:44Z|24.47578|-92.09718,aoml/4903543/profiles/R4903543_157.nc,4903543,4903543,24.47578,-92.09718,2025-08-03T23:20:44Z,20250803,2025,1008,0.92,2005.04,36.2031,True,True,True,https://noaa-nws-rtofs-pds.s3.amazonaws.com/rtofs.20250803/rtofs_glo_3dz_f006_6hrly_hvr_US_east.nc
ARGO_GDAC,pfl,aoml/4903543/profiles/R4903543_157.nc|2025-08-03T23:20:44Z|24.47578|-92.09718,aoml/4903543/profiles/R4903543_157.nc,4903543,4903543,24.47578,-92.09718,2025-08-03T23:20:44Z,20250803,2025,776,0.56,99.92,36.62,True,True,True,https://noaa-nws-rtofs-pds.s3.amazonaws.com/rtofs.20250803/rtofs_glo_3dz_f006_6hrly_hvr_US_east.nc
ARGO_GDAC,pfl,aoml/4903543/profiles/R4903543_158.nc|2025-08-09T00:06:30Z|24.37825|-92.16481,aoml/4903543/profiles/R4903543_158.nc,4903543,4903543,24.37825,-92.16481,2025-08-09T00:06:30Z,20250809,2025,1011,0.44,2009.52,27.802,True,True,True,https://noaa-nws-rtofs-pds.s3.amazonaws.com/rtofs.20250809/rtofs_glo_3dz_f006_6hrly_hvr_US_east.nc
ARGO_GDAC,pfl,aoml/4903543/profiles/R4903543_158.nc|2025-08-09T00:06:30Z|24.37825|-92.16481,aoml/4903543/profiles/R4903543_158.nc,4903543,4903543,24.37825,-92.16481,2025-08-09T00:06:30Z,20250809,2025,764,0.44,99.92,27.864,True,True,True,https://noaa-nws-rtofs-pds.s3.amazonaws.com/rtofs.20250809/rtofs_glo_3dz_f006_6hrly_hvr_US_east.nc
ARGO_GDAC,pfl,aoml/4903543/profiles/R4903543_159.nc|2025-08-14T00:46:56Z|24.30174|-92.17826,aoml/4903543/profiles/R4903543_159.nc,4903543,4903543,24.30174,-92.17826,2025-08-14T00:46:56Z,20250814,2025,1009,0.48,2005.44,27.0491,True,True,True,https://noaa-nws-rtofs-pds.s3.amazonaws.com/rtofs.20250814/rtofs_glo_3dz_f006_6hrly_hvr_US_east.nc
ARGO_GDAC,pfl,aoml/4903543/profiles/R4903543_159.nc|2025-08-14T00:46:56Z|24.30174|-92.17826,aoml/4903543/profiles/R4903543_159.nc,4903543,4903543,24.30174,-92.17826,2025-08-14T00:46:56Z,20250814,2025,782,0.48,99.96,27.34,True,True,True,https://noaa-nws-rtofs-pds.s3.amazonaws.com/rtofs.20250814/rtofs_glo_3dz_f006_6hrly_hvr_US_east.nc
ARGO_GDAC,pfl,aoml/4903543/profiles/R4903543_160.nc|2025-08-19T01:38:44Z|24.24545|-92.22866,aoml/4903543/profiles/R4903543_160.nc,4903543,4903543,24.24545,-92.22866,2025-08-19T01:38:44Z,20250819,2025,1010,1.0,2010.12,36.9909,True,True,True,https://noaa-nws-rtofs-pds.s3.amazonaws.com/rtofs.20250819/rtofs_glo_3dz_f006_6hrly_hvr_US_east.nc
ARGO_GDAC,pfl,aoml/4903543/profiles/R4903543_160.nc|2025-08-19T01:38:44Z|24.24545|-92.22866,aoml/4903543/profiles/R4903543_160.nc,4903543,4903543,24.24545,-92.22866,2025-08-19T01:38:44Z,20250819,2025,801,0.56,99.96,37.0895,True,True,True,https://noaa-nws-rtofs-pds.s3.amazonaws.com/rtofs.20250819/rtofs_glo_3dz_f006_6hrly_hvr_US_east.nc
ARGO_GDAC,pfl,aoml/4903543/profiles/R4903543_161.nc|2025-08-24T02:19:22Z|24.17688|-92.36192,aoml/4903543/profiles/R4903543_161.nc,4903543,4903543,24.17688,-92.36192,2025-08-24T02:19:22Z,20250824,2025,1007,0.48,2001.52,21.5755,True,True,True,https://noaa-nws-rtofs-pds.s3.amazonaws.com/rtofs.20250824/rtofs_glo_3dz_f006_6hrly_hvr_US_east.nc
ARGO_GDAC,pfl,aoml/4903543/profiles/R4903543_161.nc|2025-08-24T02:19:22Z|24.17688|-92.36192,aoml/4903543/profiles/R4903543_161.nc,4903543,4903543,24.17688,-92.36192,2025-08-24T02:19:22Z,20250824,2025,780,0.48,99.84,21.5022,True,True,True,https://noaa-nws-rtofs-pds.s3.amazonaws.com/rtofs.20250824/rtofs_glo_3dz_f006_6hrly_hvr_US_east.nc
ARGO_GDAC,pfl,aoml/4903543/profiles/R4903543_162.nc|2025-08-29T03:11:10Z|24.05669|-92.51432,aoml/4903543/profiles/R4903543_162.nc,4903543,4903543,24.05669,-92.51432,2025-08-29T03:11:10Z,20250829,2025,1007,0.96,2003.48,36.78,True,True,True,https://noaa-nws-rtofs-pds.s3.amazonaws.com/rtofs.20250829/rtofs_glo_3dz_f006_6hrly_hvr_US_east.nc
ARGO_GDAC,pfl,aoml/4903543/profiles/R4903543_162.nc|2025-08-29T03:11:10Z|24.05669|-92.51432,aoml/4903543/profiles/R4903543_162.nc,4903543,4903543,24.05669,-92.51432,2025-08-29T03:11:10Z,20250829,2025,816,0.56,99.92,36.4693,True,True,True,https://noaa-nws-rtofs-pds.s3.amazonaws.com/rtofs.20250829/rtofs_glo_3dz_f006_6hrly_hvr_US_east.nc
ARGO_GDAC,pfl,aoml/4903543/profiles/R4903543_163.nc|2025-09-03T03:58:41Z|23.91010|-92.59234,aoml/4903543/profiles/R4903543_163.nc,4903543,4903543,23.9101,-92.59234,2025-09-03T03:58:41Z,20250903,2025,1012,0.44,2011.6,30.7786,True,True,True,https://noaa-nws-rtofs-pds.s3.amazonaws.com/rtofs.20250903/rtofs_glo_3dz_f006_6hrly_hvr_US_east.nc
ARGO_GDAC,pfl,aoml/4903543/profiles/R4903543_163.nc|2025-09-03T03:58:41Z|23.91010|-92.59234,aoml/4903543/profiles/R4903543_163.nc,4903543,4903543,23.9101,-92.59234,2025-09-03T03:58:41Z,20250903,2025,741,0.44,99.96,22.1202,True,True,True,https://noaa-nws-rtofs-pds.s3.amazonaws.com/rtofs.20250903/rtofs_glo_3dz_f006_6hrly_hvr_US_east.nc
ARGO_GDAC,pfl,aoml/4903543/profiles/R4903543_164.nc|2025-09-08T04:48:01Z|23.84185|-92.59121,aoml/4903543/profiles/R4903543_164.nc,4903543,4903543,23.84185,-92.59121,2025-09-08T04:48:01Z,20250908,2025,1009,0.48,2005.56,30.3586,True,True,True,https://noaa-nws-rtofs-pds.s3.amazonaws.com/rtofs.20250908/rtofs_glo_3dz_f006_6hrly_hvr_US_east.nc
ARGO_GDAC,pfl,aoml/4903543/profiles/R4903543_164.nc|2025-09-08T04:48:01Z|23.84185|-92.59121,aoml/4903543/profiles/R4903543_164.nc,4903543,4903543,23.84185,-92.59121,2025-09-08T04:48:01Z,20250908,2025,767,0.48,99.96,31.068,True,True,True,https://noaa-nws-rtofs-pds.s3.amazonaws.com/rtofs.20250908/rtofs_glo_3dz_f006_6hrly_hvr_US_east.nc
ARGO_GDAC,pfl,aoml/4903543/profiles/R4903543_165.nc|2025-09-13T05:36:28Z|23.93208|-92.64975,aoml/4903543/profiles/R4903543_165.nc,4903543,4903543,23.93208,-92.64975,2025-09-13T05:36:28Z,20250913,2025,1010,0.44,2007.48,38.4542,True,True,True,https://noaa-nws-rtofs-pds.s3.amazonaws.com/rtofs.20250913/rtofs_glo_3dz_f006_6hrly_hvr_US_east.nc
ARGO_GDAC,pfl,aoml/4903543/profiles/R4903543_165.nc|2025-09-13T05:36:28Z|23.93208|-92.64975,aoml/4903543/profiles/R4903543_165.nc,4903543,4903543,23.93208,-92.64975,2025-09-13T05:36:28Z,20250913,2025,805,0.4,99.92,38.445,True,True,True,https://noaa-nws-rtofs-pds.s3.amazonaws.com/rtofs.20250913/rtofs_glo_3dz_f006_6hrly_hvr_US_east.nc
ARGO_GDAC,pfl,aoml/4903543/profiles/R4903543_166.nc|2025-09-18T06:23:28Z|24.07503|-92.79885,aoml/4903543/profiles/R4903543_166.nc,4903543,4903543,24.07503,-92.79885,2025-09-18T06:23:28Z,20250918,2025,1008,0.36,2003.52,50.1159,True,True,True,https://noaa-nws-rtofs-pds.s3.amazonaws.com/rtofs.20250918/rtofs_glo_3dz_f006_6hrly_hvr_US_east.nc
ARGO_GDAC,pfl,aoml/4903543/profiles/R4903543_166.nc|2025-09-18T06:23:28Z|24.07503|-92.79885,aoml/4903543/profiles/R4903543_166.nc,4903543,4903543,24.07503,-92.79885,2025-09-18T06:23:28Z,20250918,2025,736,0.36,100.0,50.5975,True,True,True,https://noaa-nws-rtofs-pds.s3.amazonaws.com/rtofs.20250918/rtofs_glo_3dz_f006_6hrly_hvr_US_east.nc
ARGO_GDAC,pfl,aoml/4903543/profiles/R4903543_167.nc|2025-09-23T07:09:27Z|24.20463|-92.93323,aoml/4903543/profiles/R4903543_167.nc,4903543,4903543,24.20463,-92.93323,2025-09-23T07:09:27Z,20250923,2025,1011,0.4,2009.44,46.4663,True,True,True,https://noaa-nws-rtofs-pds.s3.amazonaws.com/rtofs.20250923/rtofs_glo_3dz_f006_6hrly_hvr_US_east.nc
ARGO_GDAC,pfl,aoml/4903543/profiles/R4903543_167.nc|2025-09-23T07:09:27Z|24.20463|-92.93323,aoml/4903543/profiles/R4903543_167.nc,4903543,4903543,24.20463,-92.93323,2025-09-23T07:09:27Z,20250923,2025,786,0.4,100.0,47.2469,True,True,True,https://noaa-nws-rtofs-pds.s3.amazonaws.com/rtofs.20250923/rtofs_glo_3dz_f006_6hrly_hvr_US_east.nc
ARGO_GDAC,pfl,aoml/4903543/profiles/R4903543_168.nc|2025-09-28T07:56:32Z|24.36481|-92.98661,aoml/4903543/profiles/R4903543_168.nc,4903543,4903543,24.36481,-92.98661,2025-09-28T07:56:32Z,20250928,2025,1010,0.48,2007.52,40.1673,True,True,True,https://noaa-nws-rtofs-pds.s3.amazonaws.com/rtofs.20250928/rtofs_glo_3dz_f006_6hrly_hvr_US_east.nc
ARGO_GDAC,pfl,aoml/4903543/profiles/R4903543_168.nc|2025-09-28T07:56:32Z|24.36481|-92.98661,aoml/4903543/profiles/R4903543_168.nc,4903543,4903543,24.36481,-92.98661,2025-09-28T07:56:32Z,20250928,2025,859,0.48,99.96,40.3933,True,True,True,https://noaa-nws-rtofs-pds.s3.amazonaws.com/rtofs.20250928/rtofs_glo_3dz_f006_6hrly_hvr_US_east.nc
ARGO_GDAC,pfl,aoml/4903543/profiles/R4903543_169.nc|2025-10-03T08:45:03Z|24.54139|-92.98124,aoml/4903543/profiles/R4903543_169.nc,4903543,4903543,24.54139,-92.98124,2025-10-03T08:45:03Z,20251003,2025,1010,0.96,2009.52,39.557,True,True,True,https://noaa-nws-rtofs-pds.s3.amazonaws.com/rtofs.20251003/rtofs_glo_3dz_f006_6hrly_hvr_US_east.nc
ARGO_GDAC,pfl,aoml/4903543/profiles/R4903543_169.nc|2025-10-03T08:45:03Z|24.54139|-92.98124,aoml/4903543/profiles/R4903543_169.nc,4903543,4903543,24.54139,-92.98124,2025-10-03T08:45:03Z,20251003,2025,925,0.56,99.92,39.8835,True,True,True,https://noaa-nws-rtofs-pds.s3.amazonaws.com/rtofs.20251003/rtofs_glo_3dz_f006_6hrly_hvr_US_east.nc
ARGO_GDAC,pfl,aoml/4903543/profiles/R4903543_170.nc|2025-10-08T09:30:48Z|24.70513|-93.01854,aoml/4903543/profiles/R4903543_170.nc,4903543,4903543,24.70513,-93.01854,2025-10-08T09:30:48Z,20251008,2025,1008,1.0,2005.6,37.8874,True,True,True,https://noaa-nws-rtofs-pds.s3.amazonaws.com/rtofs.20251008/rtofs_glo_3dz_f006_6hrly_hvr_US_east.nc
ARGO_GDAC,pfl,aoml/4903543/profiles/R4903543_170.nc|2025-10-08T09:30:48Z|24.70513|-93.01854,aoml/4903543/profiles/R4903543_170.nc,4903543,4903543,24.70513,-93.01854,2025-10-08T09:30:48Z,20251008,2025,932,0.6,100.0,38.543,True,True,True,https://noaa-nws-rtofs-pds.s3.amazonaws.com/rtofs.20251008/rtofs_glo_3dz_f006_6hrly_hvr_US_east.nc
ARGO_GDAC,pfl,aoml/4903543/profiles/R4903543_171.nc|2025-10-13T10:17:19Z|24.83689|-93.14885,aoml/4903543/profiles/R4903543_171.nc,4903543,4903543,24.83689,-93.14885,2025-10-13T10:17:19Z,20251013,2025,1007,1.04,2004.12,35.9997,True,True,True,https://noaa-nws-rtofs-pds.s3.amazonaws.com/rtofs.20251013/rtofs_glo_3dz_f006_6hrly_hvr_US_east.nc
ARGO_GDAC,pfl,aoml/4903543/profiles/R4903543_171.nc|2025-10-13T10:17:19Z|24.83689|-93.14885,aoml/4903543/profiles/R4903543_171.nc,4903543,4903543,24.83689,-93.14885,2025-10-13T10:17:19Z,20251013,2025,902,0.6,99.96,36.6065,True,True,True,https://noaa-nws-rtofs-pds.s3.amazonaws.com/rtofs.20251013/rtofs_glo_3dz_f006_6hrly_hvr_US_east.nc
ARGO_GDAC,pfl,aoml/4903543/profiles/R4903543_172.nc|2025-10-18T11:08:28Z|24.97276|-93.32789,aoml/4903543/profiles/R4903543_172.nc,4903543,4903543,24.97276,-93.32789,2025-10-18T11:08:28Z,20251018,2025,1010,1.24,2009.6,34.9397,True,True,True,https://noaa-nws-rtofs-pds.s3.amazonaws.com/rtofs.20251018/rtofs_glo_3dz_f006_6hrly_hvr_US_east.nc
ARGO_GDAC,pfl,aoml/4903543/profiles/R4903543_172.nc|2025-10-18T11:08:28Z|24.97276|-93.32789,aoml/4903543/profiles/R4903543_172.nc,4903543,4903543,24.97276,-93.32789,2025-10-18T11:08:28Z,20251018,2025,889,1.04,99.92,35.5902,True,True,True,https://noaa-nws-rtofs-pds.s3.amazonaws.com/rtofs.20251018/rtofs_glo_3dz_f006_6hrly_hvr_US_east.nc
ARGO_GDAC,pfl,aoml/4903543/profiles/R4903543_173.nc|2025-10-23T11:53:34Z|25.17190|-93.47345,aoml/4903543/profiles/R4903543_173.nc,4903543,4903543,25.1719,-93.47345,2025-10-23T11:53:34Z,20251023,2025,1007,1.12,2003.4,35.8717,True,True,True,https://noaa-nws-rtofs-pds.s3.amazonaws.com/rtofs.20251023/rtofs_glo_3dz_f006_6hrly_hvr_US_east.nc
ARGO_GDAC,pfl,aoml/4903543/profiles/R4903543_173.nc|2025-10-23T11:53:34Z|25.17190|-93.47345,aoml/4903543/profiles/R4903543_173.nc,4903543,4903543,25.1719,-93.47345,2025-10-23T11:53:34Z,20251023,2025,911,0.72,99.92,35.6333,True,True,True,https://noaa-nws-rtofs-pds.s3.amazonaws.com/rtofs.20251023/rtofs_glo_3dz_f006_6hrly_hvr_US_east.nc
ARGO_GDAC,pfl,aoml/4903543/profiles/R4903543_174.nc|2025-10-28T12:34:04Z|25.36353|-93.55804,aoml/4903543/profiles/R4903543_174.nc,4903543,4903543,25.36353,-93.55804,2025-10-28T12:34:04Z,20251028,2025,1008,0.4,2003.4,29.4529,True,True,True,https://noaa-nws-rtofs-pds.s3.amazonaws.com/rtofs.20251028/rtofs_glo_3dz_f006_6hrly_hvr_US_east.nc
ARGO_GDAC,pfl,aoml/4903543/profiles/R4903543_174.nc|2025-10-28T12:34:04Z|25.36353|-93.55804,aoml/4903543/profiles/R4903543_174.nc,4903543,4903543,25.36353,-93.55804,2025-10-28T12:34:04Z,20251028,2025,894,0.4,99.96,29.677,True,True,True,https://noaa-nws-rtofs-pds.s3.amazonaws.com/rtofs.20251028/rtofs_glo_3dz_f006_6hrly_hvr_US_east.nc
ARGO_GDAC,pfl,aoml/4903543/profiles/R4903543_175.nc|2025-11-02T13:23:07Z|25.42544|-93.55908,aoml/4903543/profiles/R4903543_175.nc,4903543,4903543,25.42544,-93.55908,2025-11-02T13:23:07Z,20251102,2025,1009,1.0,2007.32,44.801,True,True,True,https://noaa-nws-rtofs-pds.s3.amazonaws.com/rtofs.20251102/rtofs_glo_3dz_f006_6hrly_hvr_US_east.nc
ARGO_GDAC,pfl,aoml/4903543/profiles/R4903543_175.nc|2025-11-02T13:23:07Z|25.42544|-93.55908,aoml/4903543/profiles/R4903543_175.nc,4903543,4903543,25.42544,-93.55908,2025-11-02T13:23:07Z,20251102,2025,918,0.6,100.0,46.0608,True,True,True,https://noaa-nws-rtofs-pds.s3.amazonaws.com/rtofs.20251102/rtofs_glo_3dz_f006_6hrly_hvr_US_east.nc
ARGO_GDAC,pfl,aoml/4903543/profiles/R4903543_176.nc|2025-11-07T14:14:18Z|25.38409|-93.62315,aoml/4903543/profiles/R4903543_176.nc,4903543,4903543,25.38409,-93.62315,2025-11-07T14:14:18Z,20251107,2025,1009,1.0,2007.52,46.4057,True,True,True,https://noaa-nws-rtofs-pds.s3.amazonaws.com/rtofs.20251107/rtofs_glo_3dz_f006_6hrly_hvr_US_east.nc
ARGO_GDAC,pfl,aoml/4903543/profiles/R4903543_176.nc|2025-11-07T14:14:18Z|25.38409|-93.62315,aoml/4903543/profiles/R4903543_176.nc,4903543,4903543,25.38409,-93.62315,2025-11-07T14:14:18Z,20251107,2025,921,0.6,99.88,46.7771,True,True,True,https://noaa-nws-rtofs-pds.s3.amazonaws.com/rtofs.20251107/rtofs_glo_3dz_f006_6hrly_hvr_US_east.nc
ARGO_GDAC,pfl,aoml/4903543/profiles/R4903543_177.nc|2025-11-12T15:05:43Z|25.34491|-93.75300,aoml/4903543/profiles/R4903543_177.nc,4903543,4903543,25.34491,-93.753,2025-11-12T15:05:43Z,20251112,2025,1007,1.08,2003.52,44.985,True,True,True,https://noaa-nws-rtofs-pds.s3.amazonaws.com/rtofs.20251112/rtofs_glo_3dz_f006_6hrly_hvr_US_east.nc
ARGO_GDAC,pfl,aoml/4903543/profiles/R4903543_177.nc|2025-11-12T15:05:43Z|25.34491|-93.75300,aoml/4903543/profiles/R4903543_177.nc,4903543,4903543,25.34491,-93.753,2025-11-12T15:05:43Z,20251112,2025,879,0.68,99.96,45.7573,True,True,True,https://noaa-nws-rtofs-pds.s3.amazonaws.com/rtofs.20251112/rtofs_glo_3dz_f006_6hrly_hvr_US_east.nc
ARGO_GDAC,pfl,aoml/4903543/profiles/R4903543_178.nc|2025-11-17T15:51:35Z|25.33636|-93.87653,aoml/4903543/profiles/R4903543_178.nc,4903543,4903543,25.33636,-93.87653,2025-11-17T15:51:35Z,20251117,2025,1009,1.0,2007.32,52.263,True,True,True,https://noaa-nws-rtofs-pds.s3.amazonaws.com/rtofs.20251117/rtofs_glo_3dz_f006_6hrly_hvr_US_east.nc
ARGO_GDAC,pfl,aoml/4903543/profiles/R4903543_178.nc|2025-11-17T15:51:35Z|25.33636|-93.87653,aoml/4903543/profiles/R4903543_178.nc,4903543,4903543,25.33636,-93.87653,2025-11-17T15:51:35Z,20251117,2025,826,0.56,99.96,52.475,True,True,True,https://noaa-nws-rtofs-pds.s3.amazonaws.com/rtofs.20251117/rtofs_glo_3dz_f006_6hrly_hvr_US_east.nc
ARGO_GDAC,pfl,aoml/4903543/profiles/R4903543_179.nc|2025-11-22T16:43:07Z|25.39231|-93.99601,aoml/4903543/profiles/R4903543_179.nc,4903543,4903543,25.39231,-93.99601,2025-11-22T16:43:07Z,20251122,2025,1010,0.48,2007.84,37.5919,True,True,True,https://noaa-nws-rtofs-pds.s3.amazonaws.com/rtofs.20251122/rtofs_glo_3dz_f006_6hrly_hvr_US_east.nc
ARGO_GDAC,pfl,aoml/4903543/profiles/R4903543_179.nc|2025-11-22T16:43:07Z|25.39231|-93.99601,aoml/4903543/profiles/R4903543_179.nc,4903543,4903543,25.39231,-93.99601,2025-11-22T16:43:07Z,20251122,2025,788,0.48,100.0,37.8083,True,True,True,https://noaa-nws-rtofs-pds.s3.amazonaws.com/rtofs.20251122/rtofs_glo_3dz_f006_6hrly_hvr_US_east.nc
ARGO_GDAC,pfl,aoml/4903543/profiles/R4903543_180.nc|2025-11-27T17:33:47Z|25.50659|-94.07522,aoml/4903543/profiles/R4903543_180.nc,4903543,4903543,25.50659,-94.07522,2025-11-27T17:33:47Z,20251127,2025,1008,1.04,2005.16,58.1735,True,True,True,https://noaa-nws-rtofs-pds.s3.amazonaws.com/rtofs.20251127/rtofs_glo_3dz_f006_6hrly_hvr_US_east.nc
ARGO_GDAC,pfl,aoml/4903543/profiles/R4903543_180.nc|2025-11-27T17:33:47Z|25.50659|-94.07522,aoml/4903543/profiles/R4903543_180.nc,4903543,4903543,25.50659,-94.07522,2025-11-27T17:33:47Z,20251127,2025,920,0.6,99.96,24.584,True,True,True,https://noaa-nws-rtofs-pds.s3.amazonaws.com/rtofs.20251127/rtofs_glo_3dz_f006_6hrly_hvr_US_east.nc
ARGO_GDAC,pfl,aoml/4903543/profiles/R4903543_181.nc|2025-12-02T18:33:17Z|25.69995|-94.12195,aoml/4903543/profiles/R4903543_181.nc,4903543,4903543,25.69995,-94.12195,2025-12-02T18:33:17Z,20251202,2025,1010,0.48,2007.48,59.6609,True,True,True,https://noaa-nws-rtofs-pds.s3.amazonaws.com/rtofs.20251202/rtofs_glo_3dz_f006_6hrly_hvr_US_east.nc
ARGO_GDAC,pfl,aoml/4903543/profiles/R4903543_181.nc|2025-12-02T18:33:17Z|25.69995|-94.12195,aoml/4903543/profiles/R4903543_181.nc,4903543,4903543,25.69995,-94.12195,2025-12-02T18:33:17Z,20251202,2025,788,0.48,100.0,60.1825,True,True,True,https://noaa-nws-rtofs-pds.s3.amazonaws.com/rtofs.20251202/rtofs_glo_3dz_f006_6hrly_hvr_US_east.nc
ARGO_GDAC,pfl,aoml/4903543/profiles/R4903543_182.nc|2025-12-07T19:23:21Z|25.70408|-94.02354,aoml/4903543/profiles/R4903543_182.nc,4903543,4903543,25.70408,-94.02354,2025-12-07T19:23:21Z,20251207,2025,1010,0.96,2009.48,48.2943,True,True,True,https://noaa-nws-rtofs-pds.s3.amazonaws.com/rtofs.20251207/rtofs_glo_3dz_f006_6hrly_hvr_US_east.nc
ARGO_GDAC,pfl,aoml/4903543/profiles/R4903543_182.nc|2025-12-07T19:23:21Z|25.70408|-94.02354,aoml/4903543/profiles/R4903543_182.nc,4903543,4903543,25.70408,-94.02354,2025-12-07T19:23:21Z,20251207,2025,813,0.52,99.96,48.2667,True,True,True,https://noaa-nws-rtofs-pds.s3.amazonaws.com/rtofs.20251207/rtofs_glo_3dz_f006_6hrly_hvr_US_east.nc
ARGO_GDAC,pfl,aoml/4903543/profiles/R4903543_183.nc|2025-12-12T20:14:26Z|25.66922|-93.97300,aoml/4903543/profiles/R4903543_183.nc,4903543,4903543,25.66922,-93.973,2025-12-12T20:14:26Z,20251212,2025,1011,1.0,2011.04,56.315,True,True,True,https://noaa-nws-rtofs-pds.s3.amazonaws.com/rtofs.20251212/rtofs_glo_3dz_f006_6hrly_hvr_US_east.nc
ARGO_GDAC,pfl,aoml/4903543/profiles/R4903543_183.nc|2025-12-12T20:14:26Z|25.66922|-93.97300,aoml/4903543/profiles/R4903543_183.nc,4903543,4903543,25.66922,-93.973,2025-12-12T20:14:26Z,20251212,2025,780,0.6,99.92,56.9467,True,True,True,https://noaa-nws-rtofs-pds.s3.amazonaws.com/rtofs.20251212/rtofs_glo_3dz_f006_6hrly_hvr_US_east.nc
ARGO_GDAC,pfl,aoml/4903543/profiles/R4903543_184.nc|2025-12-17T21:06:10Z|25.72724|-93.93182,aoml/4903543/profiles/R4903543_184.nc,4903543,4903543,25.72724,-93.93182,2025-12-17T21:06:10Z,20251217,2025,1011,1.0,2011.88,52.0821,True,True,True,https://noaa-nws-rtofs-pds.s3.amazonaws.com/rtofs.20251217/rtofs_glo_3dz_f006_6hrly_hvr_US_east.nc
ARGO_GDAC,pfl,aoml/4903543/profiles/R4903543_184.nc|2025-12-17T21:06:10Z|25.72724|-93.93182,aoml/4903543/profiles/R4903543_184.nc,4903543,4903543,25.72724,-93.93182,2025-12-17T21:06:10Z,20251217,2025,919,0.56,99.92,51.9838,True,True,True,https://noaa-nws-rtofs-pds.s3.amazonaws.com/rtofs.20251217/rtofs_glo_3dz_f006_6hrly_hvr_US_east.nc
ARGO_GDAC,pfl,aoml/4903543/profiles/R4903543_185.nc|2025-12-22T21:52:12Z|25.84855|-93.59020,aoml/4903543/profiles/R4903543_185.nc,4903543,4903543,25.84855,-93.5902,2025-12-22T21:52:12Z,20251222,2025,1009,1.12,2007.48,21.6293,True,True,True,https://noaa-nws-rtofs-pds.s3.amazonaws.com/rtofs.20251222/rtofs_glo_3dz_f006_6hrly_hvr_US_east.nc
ARGO_GDAC,pfl,aoml/4903543/profiles/R4903543_185.nc|2025-12-22T21:52:12Z|25.84855|-93.59020,aoml/4903543/profiles/R4903543_185.nc,4903543,4903543,25.84855,-93.5902,2025-12-22T21:52:12Z,20251222,2025,823,0.8,100.0,21.4399,True,True,True,https://noaa-nws-rtofs-pds.s3.amazonaws.com/rtofs.20251222/rtofs_glo_3dz_f006_6hrly_hvr_US_east.nc
ARGO_GDAC,pfl,aoml/4903543/profiles/R4903543_186.nc|2025-12-27T22:39:10Z|25.57977|-93.12286,aoml/4903543/profiles/R4903543_186.nc,4903543,4903543,25.57977,-93.12286,2025-12-27T22:39:10Z,20251227,2025,1008,1.0,2005.16,95.7974,True,True,True,https://noaa-nws-rtofs-pds.s3.amazonaws.com/rtofs.20251227/rtofs_glo_3dz_f006_6hrly_hvr_US_east.nc
ARGO_GDAC,pfl,aoml/4903543/profiles/R4903543_186.nc|2025-12-27T22:39:10Z|25.57977|-93.12286,aoml/4903543/profiles/R4903543_186.nc,4903543,4903543,25.57977,-93.12286,2025-12-27T22:39:10Z,20251227,2025,715,0.64,99.92,96.3677,True,True,True,https://noaa-nws-rtofs-pds.s3.amazonaws.com/rtofs.20251227/rtofs_glo_3dz_f006_6hrly_hvr_US_east.nc
ARGO_GDAC,pfl,aoml/4903544/profiles/D4903544_042.nc|2024-01-03T01:19:01Z|26.91835|-86.95581,aoml/4903544/profiles/D4903544_042.nc,4903544,4903544,26.91835,-86.95581,2024-01-03T01:19:01Z,20240103,2024,1012,1.0,2013.12,86.3001,True,True,False,
ARGO_GDAC,pfl,aoml/4903544/profiles/D4903544_042.nc|2024-01-03T01:19:01Z|26.91835|-86.95581,aoml/4903544/profiles/D4903544_042.nc,4903544,4903544,26.91835,-86.95581,2024-01-03T01:19:01Z,20240103,2024,811,0.68,99.88,86.32,True,True,False,
ARGO_GDAC,pfl,aoml/4903544/profiles/D4903544_043.nc|2024-01-08T02:12:44Z|27.02142|-86.82756,aoml/4903544/profiles/D4903544_043.nc,4903544,4903544,27.02142,-86.82756,2024-01-08T02:12:44Z,20240108,2024,1011,1.0,2011.36,72.4028,True,True,False,
ARGO_GDAC,pfl,aoml/4903544/profiles/D4903544_043.nc|2024-01-08T02:12:44Z|27.02142|-86.82756,aoml/4903544/profiles/D4903544_043.nc,4903544,4903544,27.02142,-86.82756,2024-01-08T02:12:44Z,20240108,2024,732,0.52,99.96,71.832,True,True,False,
ARGO_GDAC,pfl,aoml/4903544/profiles/D4903544_044.nc|2024-01-13T03:03:44Z|27.13799|-86.92573,aoml/4903544/profiles/D4903544_044.nc,4903544,4903544,27.13799,-86.92573,2024-01-13T03:03:44Z,20240113,2024,1008,1.0,2005.72,82.3327,True,True,False,
ARGO_GDAC,pfl,aoml/4903544/profiles/D4903544_044.nc|2024-01-13T03:03:44Z|27.13799|-86.92573,aoml/4903544/profiles/D4903544_044.nc,4903544,4903544,27.13799,-86.92573,2024-01-13T03:03:44Z,20240113,2024,689,0.56,99.92,82.04,True,True,False,
ARGO_GDAC,pfl,aoml/4903544/profiles/D4903544_045.nc|2024-01-18T03:46:50Z|27.21637|-87.06652,aoml/4903544/profiles/D4903544_045.nc,4903544,4903544,27.21637,-87.06652,2024-01-18T03:46:50Z,20240118,2024,1008,0.44,2003.44,79.966,True,True,False,
ARGO_GDAC,pfl,aoml/4903544/profiles/D4903544_045.nc|2024-01-18T03:46:50Z|27.21637|-87.06652,aoml/4903544/profiles/D4903544_045.nc,4903544,4903544,27.21637,-87.06652,2024-01-18T03:46:50Z,20240118,2024,640,0.44,99.92,79.16,True,True,False,
ARGO_GDAC,pfl,aoml/4903544/profiles/D4903544_046.nc|2024-01-23T04:26:40Z|27.19870|-87.06603,aoml/4903544/profiles/D4903544_046.nc,4903544,4903544,27.1987,-87.06603,2024-01-23T04:26:40Z,20240123,2024,1011,1.12,2011.44,22.3515,True,True,False,
ARGO_GDAC,pfl,aoml/4903544/profiles/D4903544_046.nc|2024-01-23T04:26:40Z|27.19870|-87.06603,aoml/4903544/profiles/D4903544_046.nc,4903544,4903544,27.1987,-87.06603,2024-01-23T04:26:40Z,20240123,2024,752,0.84,99.96,22.3312,True,True,False,
ARGO_GDAC,pfl,aoml/4903544/profiles/D4903544_047.nc|2024-01-28T05:16:53Z|27.14193|-86.84778,aoml/4903544/profiles/D4903544_047.nc,4903544,4903544,27.14193,-86.84778,2024-01-28T05:16:53Z,20240128,2024,1013,0.48,2013.12,18.6549,True,True,True,https://noaa-nws-rtofs-pds.s3.amazonaws.com/rtofs.20240128/rtofs_glo_3dz_f006_6hrly_hvr_US_east.nc
ARGO_GDAC,pfl,aoml/4903544/profiles/D4903544_047.nc|2024-01-28T05:16:53Z|27.14193|-86.84778,aoml/4903544/profiles/D4903544_047.nc,4903544,4903544,27.14193,-86.84778,2024-01-28T05:16:53Z,20240128,2024,786,0.48,99.96,16.6722,True,True,True,https://noaa-nws-rtofs-pds.s3.amazonaws.com/rtofs.20240128/rtofs_glo_3dz_f006_6hrly_hvr_US_east.nc
ARGO_GDAC,pfl,aoml/4903544/profiles/D4903544_048.nc|2024-02-02T06:07:05Z|26.78259|-86.64407,aoml/4903544/profiles/D4903544_048.nc,4903544,4903544,26.78259,-86.64407,2024-02-02T06:07:05Z,20240202,2024,1010,1.0,2009.36,53.6287,True,True,True,https://noaa-nws-rtofs-pds.s3.amazonaws.com/rtofs.20240202/rtofs_glo_3dz_f006_6hrly_hvr_US_east.nc
ARGO_GDAC,pfl,aoml/4903544/profiles/D4903544_048.nc|2024-02-02T06:07:05Z|26.78259|-86.64407,aoml/4903544/profiles/D4903544_048.nc,4903544,4903544,26.78259,-86.64407,2024-02-02T06:07:05Z,20240202,2024,860,0.56,99.96,53.75,True,True,True,https://noaa-nws-rtofs-pds.s3.amazonaws.com/rtofs.20240202/rtofs_glo_3dz_f006_6hrly_hvr_US_east.nc
ARGO_GDAC,pfl,aoml/4903544/profiles/D4903544_049.nc|2024-02-07T06:53:05Z|26.24095|-86.29772,aoml/4903544/profiles/D4903544_049.nc,4903544,4903544,26.24095,-86.29772,2024-02-07T06:53:05Z,20240207,2024,1010,1.0,2009.64,46.1979,True,True,True,https://noaa-nws-rtofs-pds.s3.amazonaws.com/rtofs.20240207/rtofs_glo_3dz_f006_6hrly_hvr_US_east.nc
ARGO_GDAC,pfl,aoml/4903544/profiles/D4903544_049.nc|2024-02-07T06:53:05Z|26.24095|-86.29772,aoml/4903544/profiles/D4903544_049.nc,4903544,4903544,26.24095,-86.29772,2024-02-07T06:53:05Z,20240207,2024,746,0.6,99.88,45.7179,True,True,True,https://noaa-nws-rtofs-pds.s3.amazonaws.com/rtofs.20240207/rtofs_glo_3dz_f006_6hrly_hvr_US_east.nc
ARGO_GDAC,pfl,aoml/4903544/profiles/D4903544_050.nc|2024-02-12T07:36:23Z|26.16750|-85.98191,aoml/4903544/profiles/D4903544_050.nc,4903544,4903544,26.1675,-85.98191,2024-02-12T07:36:23Z,20240212,2024,1009,1.0,2007.48,37.7279,True,True,True,https://noaa-nws-rtofs-pds.s3.amazonaws.com/rtofs.20240212/rtofs_glo_3dz_f006_6hrly_hvr_US_east.nc
ARGO_GDAC,pfl,aoml/4903544/profiles/D4903544_050.nc|2024-02-12T07:36:23Z|26.16750|-85.98191,aoml/4903544/profiles/D4903544_050.nc,4903544,4903544,26.1675,-85.98191,2024-02-12T07:36:23Z,20240212,2024,658,0.64,99.92,36.3466,True,True,True,https://noaa-nws-rtofs-pds.s3.amazonaws.com/rtofs.20240212/rtofs_glo_3dz_f006_6hrly_hvr_US_east.nc
ARGO_GDAC,pfl,aoml/4903544/profiles/D4903544_051.nc|2024-02-17T08:16:34Z|25.92080|-86.38282,aoml/4903544/profiles/D4903544_051.nc,4903544,4903544,25.9208,-86.38282,2024-02-17T08:16:34Z,20240217,2024,1010,1.0,2009.72,34.2,True,True,True,https://noaa-nws-rtofs-pds.s3.amazonaws.com/rtofs.20240217/rtofs_glo_3dz_f006_6hrly_hvr_US_east.nc
ARGO_GDAC,pfl,aoml/4903544/profiles/D4903544_051.nc|2024-02-17T08:16:34Z|25.92080|-86.38282,aoml/4903544/profiles/D4903544_051.nc,4903544,4903544,25.9208,-86.38282,2024-02-17T08:16:34Z,20240217,2024,623,0.6,99.92,34.584,True,True,True,https://noaa-nws-rtofs-pds.s3.amazonaws.com/rtofs.20240217/rtofs_glo_3dz_f006_6hrly_hvr_US_east.nc
ARGO_GDAC,pfl,aoml/4903544/profiles/D4903544_052.nc|2024-02-22T08:58:01Z|25.81130|-87.02382,aoml/4903544/profiles/D4903544_052.nc,4903544,4903544,25.8113,-87.02382,2024-02-22T08:58:01Z,20240222,2024,1009,0.4,2005.36,39.6604,True,True,True,https://noaa-nws-rtofs-pds.s3.amazonaws.com/rtofs.20240222/rtofs_glo_3dz_f006_6hrly_hvr_US_east.nc
ARGO_GDAC,pfl,aoml/4903544/profiles/D4903544_052.nc|2024-02-22T08:58:01Z|25.81130|-87.02382,aoml/4903544/profiles/D4903544_052.nc,4903544,4903544,25.8113,-87.02382,2024-02-22T08:58:01Z,20240222,2024,851,0.4,99.88,39.4044,True,True,True,https://noaa-nws-rtofs-pds.s3.amazonaws.com/rtofs.20240222/rtofs_glo_3dz_f006_6hrly_hvr_US_east.nc
ARGO_GDAC,pfl,aoml/4903544/profiles/D4903544_053.nc|2024-02-27T09:38:21Z|25.52189|-87.79707,aoml/4903544/profiles/D4903544_053.nc,4903544,4903544,25.52189,-87.79707,2024-02-27T09:38:21Z,20240227,2024,1009,0.44,2005.16,119.1426,True,False,True,https://noaa-nws-rtofs-pds.s3.amazonaws.com/rtofs.20240227/rtofs_glo_3dz_f006_6hrly_hvr_US_east.nc
ARGO_GDAC,pfl,aoml/4903544/profiles/D4903544_053.nc|2024-02-27T09:38:21Z|25.52189|-87.79707,aoml/4903544/profiles/D4903544_053.nc,4903544,4903544,25.52189,-87.79707,2024-02-27T09:38:21Z,20240227,2024,622,0.44,99.92,,False,False,True,https://noaa-nws-rtofs-pds.s3.amazonaws.com/rtofs.20240227/rtofs_glo_3dz_f006_6hrly_hvr_US_east.nc
ARGO_GDAC,pfl,aoml/4903544/profiles/D4903544_054.nc|2024-03-03T10:21:33Z|25.33752|-87.94660,aoml/4903544/profiles/D4903544_054.nc,4903544,4903544,25.33752,-87.9466,2024-03-03T10:21:33Z,20240303,2024,1007,1.08,2003.56,90.6569,True,True,True,https://noaa-nws-rtofs-pds.s3.amazonaws.com/rtofs.20240303/rtofs_glo_3dz_f006_6hrly_hvr_US_east.nc
ARGO_GDAC,pfl,aoml/4903544/profiles/D4903544_054.nc|2024-03-03T10:21:33Z|25.33752|-87.94660,aoml/4903544/profiles/D4903544_054.nc,4903544,4903544,25.33752,-87.9466,2024-03-03T10:21:33Z,20240303,2024,837,0.72,99.96,90.4971,True,True,True,https://noaa-nws-rtofs-pds.s3.amazonaws.com/rtofs.20240303/rtofs_glo_3dz_f006_6hrly_hvr_US_east.nc
ARGO_GDAC,pfl,aoml/4903544/profiles/D4903544_055.nc|2024-03-08T11:09:29Z|25.34122|-87.81576,aoml/4903544/profiles/D4903544_055.nc,4903544,4903544,25.34122,-87.81576,2024-03-08T11:09:29Z,20240308,2024,1011,1.08,2011.68,22.2647,True,True,True,https://noaa-nws-rtofs-pds.s3.amazonaws.com/rtofs.20240308/rtofs_glo_3dz_f006_6hrly_hvr_US_east.nc
ARGO_GDAC,pfl,aoml/4903544/profiles/D4903544_055.nc|2024-03-08T11:09:29Z|25.34122|-87.81576,aoml/4903544/profiles/D4903544_055.nc,4903544,4903544,25.34122,-87.81576,2024-03-08T11:09:29Z,20240308,2024,709,0.76,99.88,22.4172,True,True,True,https://noaa-nws-rtofs-pds.s3.amazonaws.com/rtofs.20240308/rtofs_glo_3dz_f006_6hrly_hvr_US_east.nc
ARGO_GDAC,pfl,aoml/4903544/profiles/D4903544_056.nc|2024-03-13T12:02:07Z|25.58348|-87.81225,aoml/4903544/profiles/D4903544_056.nc,4903544,4903544,25.58348,-87.81225,2024-03-13T12:02:07Z,20240313,2024,1010,1.0,2009.52,42.6331,True,True,True,https://noaa-nws-rtofs-pds.s3.amazonaws.com/rtofs.20240313/rtofs_glo_3dz_f006_6hrly_hvr_US_east.nc
ARGO_GDAC,pfl,aoml/4903544/profiles/D4903544_056.nc|2024-03-13T12:02:07Z|25.58348|-87.81225,aoml/4903544/profiles/D4903544_056.nc,4903544,4903544,25.58348,-87.81225,2024-03-13T12:02:07Z,20240313,2024,831,0.6,99.92,42.9886,True,True,True,https://noaa-nws-rtofs-pds.s3.amazonaws.com/rtofs.20240313/rtofs_glo_3dz_f006_6hrly_hvr_US_east.nc
ARGO_GDAC,pfl,aoml/4903544/profiles/D4903544_057.nc|2024-03-18T12:51:27Z|25.86577|-88.02895,aoml/4903544/profiles/D4903544_057.nc,4903544,4903544,25.86577,-88.02895,2024-03-18T12:51:27Z,20240318,2024,1010,0.92,2009.4,60.4093,True,True,True,https://noaa-nws-rtofs-pds.s3.amazonaws.com/rtofs.20240318/rtofs_glo_3dz_f006_6hrly_hvr_US_east.nc
ARGO_GDAC,pfl,aoml/4903544/profiles/D4903544_057.nc|2024-03-18T12:51:27Z|25.86577|-88.02895,aoml/4903544/profiles/D4903544_057.nc,4903544,4903544,25.86577,-88.02895,2024-03-18T12:51:27Z,20240318,2024,851,0.56,100.0,59.835,True,True,True,https://noaa-nws-rtofs-pds.s3.amazonaws.com/rtofs.20240318/rtofs_glo_3dz_f006_6hrly_hvr_US_east.nc
ARGO_GDAC,pfl,aoml/4903544/profiles/D4903544_058.nc|2024-03-23T13:32:46Z|25.58282|-87.87659,aoml/4903544/profiles/D4903544_058.nc,4903544,4903544,25.58282,-87.87659,2024-03-23T13:32:46Z,20240323,2024,1008,0.96,2005.28,40.6315,True,True,True,https://noaa-nws-rtofs-pds.s3.amazonaws.com/rtofs.20240323/rtofs_glo_3dz_f006_6hrly_hvr_US_east.nc
ARGO_GDAC,pfl,aoml/4903544/profiles/D4903544_058.nc|2024-03-23T13:32:46Z|25.58282|-87.87659,aoml/4903544/profiles/D4903544_058.nc,4903544,4903544,25.58282,-87.87659,2024-03-23T13:32:46Z,20240323,2024,775,0.52,99.92,40.7599,True,True,True,https://noaa-nws-rtofs-pds.s3.amazonaws.com/rtofs.20240323/rtofs_glo_3dz_f006_6hrly_hvr_US_east.nc
ARGO_GDAC,pfl,aoml/4903544/profiles/D4903544_059.nc|2024-03-28T14:24:41Z|25.49743|-87.70873,aoml/4903544/profiles/D4903544_059.nc,4903544,4903544,25.49743,-87.70873,2024-03-28T14:24:41Z,20240328,2024,1010,1.04,2009.64,69.2394,True,True,True,https://noaa-nws-rtofs-pds.s3.amazonaws.com/rtofs.20240328/rtofs_glo_3dz_f006_6hrly_hvr_US_east.nc
ARGO_GDAC,pfl,aoml/4903544/profiles/D4903544_059.nc|2024-03-28T14:24:41Z|25.49743|-87.70873,aoml/4903544/profiles/D4903544_059.nc,4903544,4903544,25.49743,-87.70873,2024-03-28T14:24:41Z,20240328,2024,876,0.68,99.84,69.3638,True,True,True,https://noaa-nws-rtofs-pds.s3.amazonaws.com/rtofs.20240328/rtofs_glo_3dz_f006_6hrly_hvr_US_east.nc
ARGO_GDAC,pfl,aoml/4903544/profiles/D4903544_060.nc|2024-04-02T15:19:31Z|25.60491|-87.54440,aoml/4903544/profiles/D4903544_060.nc,4903544,4903544,25.60491,-87.5444,2024-04-02T15:19:31Z,20240402,2024,1010,1.0,2009.64,42.2727,True,True,True,https://noaa-nws-rtofs-pds.s3.amazonaws.com/rtofs.20240402/rtofs_glo_3dz_f006_6hrly_hvr_US_east.nc
ARGO_GDAC,pfl,aoml/4903544/profiles/D4903544_060.nc|2024-04-02T15:19:31Z|25.60491|-87.54440,aoml/4903544/profiles/D4903544_060.nc,4903544,4903544,25.60491,-87.5444,2024-04-02T15:19:31Z,20240402,2024,803,0.56,99.92,42.4799,True,True,True,https://noaa-nws-rtofs-pds.s3.amazonaws.com/rtofs.20240402/rtofs_glo_3dz_f006_6hrly_hvr_US_east.nc
ARGO_GDAC,pfl,aoml/4903544/profiles/D4903544_061.nc|2024-04-07T16:01:00Z|25.92981|-87.15173,aoml/4903544/profiles/D4903544_061.nc,4903544,4903544,25.92981,-87.15173,2024-04-07T16:01:00Z,20240407,2024,1011,1.0,2011.48,36.5744,True,True,True,https://noaa-nws-rtofs-pds.s3.amazonaws.com/rtofs.20240407/rtofs_glo_3dz_f006_6hrly_hvr_US_east.nc
ARGO_GDAC,pfl,aoml/4903544/profiles/D4903544_061.nc|2024-04-07T16:01:00Z|25.92981|-87.15173,aoml/4903544/profiles/D4903544_061.nc,4903544,4903544,25.92981,-87.15173,2024-04-07T16:01:00Z,20240407,2024,779,0.56,99.92,36.9381,True,True,True,https://noaa-nws-rtofs-pds.s3.amazonaws.com/rtofs.20240407/rtofs_glo_3dz_f006_6hrly_hvr_US_east.nc
ARGO_GDAC,pfl,aoml/4903544/profiles/D4903544_062.nc|2024-04-12T16:44:43Z|25.94208|-86.18640,aoml/4903544/profiles/D4903544_062.nc,4903544,4903544,25.94208,-86.1864,2024-04-12T16:44:43Z,20240412,2024,1011,0.44,2009.48,62.5,True,True,True,https://noaa-nws-rtofs-pds.s3.amazonaws.com/rtofs.20240412/rtofs_glo_3dz_f006_6hrly_hvr_US_east.nc
ARGO_GDAC,pfl,aoml/4903544/profiles/D4903544_062.nc|2024-04-12T16:44:43Z|25.94208|-86.18640,aoml/4903544/profiles/D4903544_062.nc,4903544,4903544,25.94208,-86.1864,2024-04-12T16:44:43Z,20240412,2024,719,0.44,100.0,62.7528,True,True,True,https://noaa-nws-rtofs-pds.s3.amazonaws.com/rtofs.20240412/rtofs_glo_3dz_f006_6hrly_hvr_US_east.nc
ARGO_GDAC,pfl,aoml/4903544/profiles/D4903544_063.nc|2024-04-17T17:22:59Z|26.19907|-85.11684,aoml/4903544/profiles/D4903544_063.nc,4903544,4903544,26.19907,-85.11684,2024-04-17T17:22:59Z,20240417,2024,1009,1.04,2007.24,16.0614,True,True,True,https://noaa-nws-rtofs-pds.s3.amazonaws.com/rtofs.20240417/rtofs_glo_3dz_f006_6hrly_hvr_US_east.nc
ARGO_GDAC,pfl,aoml/4903544/profiles/D4903544_063.nc|2024-04-17T17:22:59Z|26.19907|-85.11684,aoml/4903544/profiles/D4903544_063.nc,4903544,4903544,26.19907,-85.11684,2024-04-17T17:22:59Z,20240417,2024,784,0.76,99.88,16.1371,True,True,True,https://noaa-nws-rtofs-pds.s3.amazonaws.com/rtofs.20240417/rtofs_glo_3dz_f006_6hrly_hvr_US_east.nc
ARGO_GDAC,pfl,aoml/4903544/profiles/D4903544_064.nc|2024-04-22T18:01:32Z|26.74388|-85.22062,aoml/4903544/profiles/D4903544_064.nc,4903544,4903544,26.74388,-85.22062,2024-04-22T18:01:32Z,20240422,2024,1011,0.96,2011.84,16.8094,True,True,True,https://noaa-nws-rtofs-pds.s3.amazonaws.com/rtofs.20240422/rtofs_glo_3dz_f006_6hrly_hvr_US_east.nc
ARGO_GDAC,pfl,aoml/4903544/profiles/D4903544_064.nc|2024-04-22T18:01:32Z|26.74388|-85.22062,aoml/4903544/profiles/D4903544_064.nc,4903544,4903544,26.74388,-85.22062,2024-04-22T18:01:32Z,20240422,2024,736,0.52,100.0,16.62,True,True,True,https://noaa-nws-rtofs-pds.s3.amazonaws.com/rtofs.20240422/rtofs_glo_3dz_f006_6hrly_hvr_US_east.nc
ARGO_GDAC,pfl,aoml/4903544/profiles/D4903544_065.nc|2024-04-27T18:50:48Z|26.68573|-85.10987,aoml/4903544/profiles/D4903544_065.nc,4903544,4903544,26.68573,-85.10987,2024-04-27T18:50:48Z,20240427,2024,1009,1.08,2007.36,32.0152,True,True,True,https://noaa-nws-rtofs-pds.s3.amazonaws.com/rtofs.20240427/rtofs_glo_3dz_f006_6hrly_hvr_US_east.nc
ARGO_GDAC,pfl,aoml/4903544/profiles/D4903544_065.nc|2024-04-27T18:50:48Z|26.68573|-85.10987,aoml/4903544/profiles/D4903544_065.nc,4903544,4903544,26.68573,-85.10987,2024-04-27T18:50:48Z,20240427,2024,729,0.8,99.88,32.32,True,True,True,https://noaa-nws-rtofs-pds.s3.amazonaws.com/rtofs.20240427/rtofs_glo_3dz_f006_6hrly_hvr_US_east.nc
ARGO_GDAC,pfl,aoml/4903544/profiles/D4903544_066.nc|2024-05-02T19:34:04Z|26.69860|-85.08055,aoml/4903544/profiles/D4903544_066.nc,4903544,4903544,26.6986,-85.08055,2024-05-02T19:34:04Z,20240502,2024,1011,1.04,2011.64,14.6649,True,True,True,https://noaa-nws-rtofs-pds.s3.amazonaws.com/rtofs.20240502/rtofs_glo_3dz_f006_6hrly_hvr_US_east.nc
ARGO_GDAC,pfl,aoml/4903544/profiles/D4903544_066.nc|2024-05-02T19:34:04Z|26.69860|-85.08055,aoml/4903544/profiles/D4903544_066.nc,4903544,4903544,26.6986,-85.08055,2024-05-02T19:34:04Z,20240502,2024,713,0.64,99.92,14.5486,True,True,True,https://noaa-nws-rtofs-pds.s3.amazonaws.com/rtofs.20240502/rtofs_glo_3dz_f006_6hrly_hvr_US_east.nc
ARGO_GDAC,pfl,aoml/4903544/profiles/D4903544_067.nc|2024-05-07T20:18:36Z|26.77698|-85.06385,aoml/4903544/profiles/D4903544_067.nc,4903544,4903544,26.77698,-85.06385,2024-05-07T20:18:36Z,20240507,2024,1010,1.12,2009.64,13.7862,True,True,True,https://noaa-nws-rtofs-pds.s3.amazonaws.com/rtofs.20240507/rtofs_glo_3dz_f006_6hrly_hvr_US_east.nc
ARGO_GDAC,pfl,aoml/4903544/profiles/D4903544_067.nc|2024-05-07T20:18:36Z|26.77698|-85.06385,aoml/4903544/profiles/D4903544_067.nc,4903544,4903544,26.77698,-85.06385,2024-05-07T20:18:36Z,20240507,2024,780,0.76,99.92,13.872,True,True,True,https://noaa-nws-rtofs-pds.s3.amazonaws.com/rtofs.20240507/rtofs_glo_3dz_f006_6hrly_hvr_US_east.nc
ARGO_GDAC,pfl,aoml/4903544/profiles/D4903544_068.nc|2024-05-12T21:08:11Z|26.79785|-85.07026,aoml/4903544/profiles/D4903544_068.nc,4903544,4903544,26.79785,-85.07026,2024-05-12T21:08:11Z,20240512,2024,1009,1.12,2007.76,11.291,True,True,True,https://noaa-nws-rtofs-pds.s3.amazonaws.com/rtofs.20240512/rtofs_glo_3dz_f006_6hrly_hvr_US_east.nc
ARGO_GDAC,pfl,aoml/4903544/profiles/D4903544_068.nc|2024-05-12T21:08:11Z|26.79785|-85.07026,aoml/4903544/profiles/D4903544_068.nc,4903544,4903544,26.79785,-85.07026,2024-05-12T21:08:11Z,20240512,2024,748,0.72,99.92,11.1038,True,True,True,https://noaa-nws-rtofs-pds.s3.amazonaws.com/rtofs.20240512/rtofs_glo_3dz_f006_6hrly_hvr_US_east.nc
ARGO_GDAC,pfl,aoml/4903544/profiles/D4903544_069.nc|2024-05-17T21:48:15Z|26.74629|-85.06943,aoml/4903544/profiles/D4903544_069.nc,4903544,4903544,26.74629,-85.06943,2024-05-17T21:48:15Z,20240517,2024,1010,1.04,2009.48,13.7223,True,True,True,https://noaa-nws-rtofs-pds.s3.amazonaws.com/rtofs.20240517/rtofs_glo_3dz_f006_6hrly_hvr_US_east.nc
ARGO_GDAC,pfl,aoml/4903544/profiles/D4903544_069.nc|2024-05-17T21:48:15Z|26.74629|-85.06943,aoml/4903544/profiles/D4903544_069.nc,4903544,4903544,26.74629,-85.06943,2024-05-17T21:48:15Z,20240517,2024,884,0.68,99.96,13.3067,True,True,True,https://noaa-nws-rtofs-pds.s3.amazonaws.com/rtofs.20240517/rtofs_glo_3dz_f006_6hrly_hvr_US_east.nc
ARGO_GDAC,pfl,aoml/4903544/profiles/D4903544_070.nc|2024-05-22T22:45:22Z|26.65040|-85.06890,aoml/4903544/profiles/D4903544_070.nc,4903544,4903544,26.6504,-85.0689,2024-05-22T22:45:22Z,20240522,2024,1012,1.0,2013.32,20.0188,True,True,True,https://noaa-nws-rtofs-pds.s3.amazonaws.com/rtofs.20240522/rtofs_glo_3dz_f006_6hrly_hvr_US_east.nc
ARGO_GDAC,pfl,aoml/4903544/profiles/D4903544_070.nc|2024-05-22T22:45:22Z|26.65040|-85.06890,aoml/4903544/profiles/D4903544_070.nc,4903544,4903544,26.6504,-85.0689,2024-05-22T22:45:22Z,20240522,2024,776,0.52,99.88,20.2333,True,True,True,https://noaa-nws-rtofs-pds.s3.amazonaws.com/rtofs.20240522/rtofs_glo_3dz_f006_6hrly_hvr_US_east.nc
ARGO_GDAC,pfl,aoml/4903544/profiles/D4903544_071.nc|2024-05-27T23:30:50Z|26.73842|-85.06941,aoml/4903544/profiles/D4903544_071.nc,4903544,4903544,26.73842,-85.06941,2024-05-27T23:30:50Z,20240527,2024,1007,0.88,2003.76,11.0619,True,True,True,https://noaa-nws-rtofs-pds.s3.amazonaws.com/rtofs.20240527/rtofs_glo_3dz_f006_6hrly_hvr_US_east.nc
ARGO_GDAC,pfl,aoml/4903544/profiles/D4903544_071.nc|2024-05-27T23:30:50Z|26.73842|-85.06941,aoml/4903544/profiles/D4903544_071.nc,4903544,4903544,26.73842,-85.06941,2024-05-27T23:30:50Z,20240527,2024,752,0.52,99.96,11.2205,True,True,True,https://noaa-nws-rtofs-pds.s3.amazonaws.com/rtofs.20240527/rtofs_glo_3dz_f006_6hrly_hvr_US_east.nc
ARGO_GDAC,pfl,aoml/4903544/profiles/D4903544_072.nc|2024-06-02T00:18:45Z|26.80465|-85.13995,aoml/4903544/profiles/D4903544_072.nc,4903544,4903544,26.80465,-85.13995,2024-06-02T00:18:45Z,20240602,2024,1011,1.08,2011.32,16.7606,True,True,True,https://noaa-nws-rtofs-pds.s3.amazonaws.com/rtofs.20240602/rtofs_glo_3dz_f006_6hrly_hvr_US_east.nc
ARGO_GDAC,pfl,aoml/4903544/profiles/D4903544_072.nc|2024-06-02T00:18:45Z|26.80465|-85.13995,aoml/4903544/profiles/D4903544_072.nc,4903544,4903544,26.80465,-85.13995,2024-06-02T00:18:45Z,20240602,2024,791,0.68,99.92,17.4102,True,True,True,https://noaa-nws-rtofs-pds.s3.amazonaws.com/rtofs.20240602/rtofs_glo_3dz_f006_6hrly_hvr_US_east.nc
ARGO_GDAC,pfl,aoml/4903544/profiles/D4903544_073.nc|2024-06-07T01:10:47Z|26.75030|-85.13415,aoml/4903544/profiles/D4903544_073.nc,4903544,4903544,26.7503,-85.13415,2024-06-07T01:10:47Z,20240607,2024,1008,1.08,2005.4,28.1958,True,True,True,https://noaa-nws-rtofs-pds.s3.amazonaws.com/rtofs.20240607/rtofs_glo_3dz_f006_6hrly_hvr_US_east.nc
ARGO_GDAC,pfl,aoml/4903544/profiles/D4903544_073.nc|2024-06-07T01:10:47Z|26.75030|-85.13415,aoml/4903544/profiles/D4903544_073.nc,4903544,4903544,26.7503,-85.13415,2024-06-07T01:10:47Z,20240607,2024,773,0.64,99.88,28.3822,True,True,True,https://noaa-nws-rtofs-pds.s3.amazonaws.com/rtofs.20240607/rtofs_glo_3dz_f006_6hrly_hvr_US_east.nc
ARGO_GDAC,pfl,aoml/4903544/profiles/D4903544_074.nc|2024-06-12T01:58:32Z|26.84232|-85.15622,aoml/4903544/profiles/D4903544_074.nc,4903544,4903544,26.84232,-85.15622,2024-06-12T01:58:32Z,20240612,2024,1008,0.36,2003.4,16.007,True,True,True,https://noaa-nws-rtofs-pds.s3.amazonaws.com/rtofs.20240612/rtofs_glo_3dz_f006_6hrly_hvr_US_east.nc
ARGO_GDAC,pfl,aoml/4903544/profiles/D4903544_074.nc|2024-06-12T01:58:32Z|26.84232|-85.15622,aoml/4903544/profiles/D4903544_074.nc,4903544,4903544,26.84232,-85.15622,2024-06-12T01:58:32Z,20240612,2024,812,0.36,99.92,16.152,True,True,True,https://noaa-nws-rtofs-pds.s3.amazonaws.com/rtofs.20240612/rtofs_glo_3dz_f006_6hrly_hvr_US_east.nc
ARGO_GDAC,pfl,aoml/4903544/profiles/D4903544_075.nc|2024-06-17T02:44:00Z|26.90107|-85.22687,aoml/4903544/profiles/D4903544_075.nc,4903544,4903544,26.90107,-85.22687,2024-06-17T02:44:00Z,20240617,2024,1011,1.0,2011.2,17.5101,True,True,True,https://noaa-nws-rtofs-pds.s3.amazonaws.com/rtofs.20240617/rtofs_glo_3dz_f006_6hrly_hvr_US_east.nc
ARGO_GDAC,pfl,aoml/4903544/profiles/D4903544_075.nc|2024-06-17T02:44:00Z|26.90107|-85.22687,aoml/4903544/profiles/D4903544_075.nc,4903544,4903544,26.90107,-85.22687,2024-06-17T02:44:00Z,20240617,2024,794,0.64,99.88,17.935,True,True,True,https://noaa-nws-rtofs-pds.s3.amazonaws.com/rtofs.20240617/rtofs_glo_3dz_f006_6hrly_hvr_US_east.nc
ARGO_GDAC,pfl,aoml/4903544/profiles/D4903544_076.nc|2024-06-22T03:28:20Z|26.87713|-85.33198,aoml/4903544/profiles/D4903544_076.nc,4903544,4903544,26.87713,-85.33198,2024-06-22T03:28:20Z,20240622,2024,1012,1.04,2013.4,16.2152,True,True,True,https://noaa-nws-rtofs-pds.s3.amazonaws.com/rtofs.20240622/rtofs_glo_3dz_f006_6hrly_hvr_US_east.nc
ARGO_GDAC,pfl,aoml/4903544/profiles/D4903544_076.nc|2024-06-22T03:28:20Z|26.87713|-85.33198,aoml/4903544/profiles/D4903544_076.nc,4903544,4903544,26.87713,-85.33198,2024-06-22T03:28:20Z,20240622,2024,744,0.64,99.84,16.8058,True,True,True,https://noaa-nws-rtofs-pds.s3.amazonaws.com/rtofs.20240622/rtofs_glo_3dz_f006_6hrly_hvr_US_east.nc
ARGO_GDAC,pfl,aoml/4903544/profiles/D4903544_077.nc|2024-06-27T04:18:35Z|26.60916|-85.59149,aoml/4903544/profiles/D4903544_077.nc,4903544,4903544,26.60916,-85.59149,2024-06-27T04:18:35Z,20240627,2024,1011,0.96,2011.4,21.405,True,True,True,https://noaa-nws-rtofs-pds.s3.amazonaws.com/rtofs.20240627/rtofs_glo_3dz_f006_6hrly_hvr_US_east.nc
ARGO_GDAC,pfl,aoml/4903544/profiles/D4903544_077.nc|2024-06-27T04:18:35Z|26.60916|-85.59149,aoml/4903544/profiles/D4903544_077.nc,4903544,4903544,26.60916,-85.59149,2024-06-27T04:18:35Z,20240627,2024,836,0.52,99.88,21.5,True,True,True,https://noaa-nws-rtofs-pds.s3.amazonaws.com/rtofs.20240627/rtofs_glo_3dz_f006_6hrly_hvr_US_east.nc
ARGO_GDAC,pfl,aoml/4903544/profiles/D4903544_078.nc|2024-07-02T04:58:36Z|26.33781|-85.65433,aoml/4903544/profiles/D4903544_078.nc,4903544,4903544,26.33781,-85.65433,2024-07-02T04:58:36Z,20240702,2024,1007,0.96,2003.48,24.368,True,True,True,https://noaa-nws-rtofs-pds.s3.amazonaws.com/rtofs.20240702/rtofs_glo_3dz_f006_6hrly_hvr_US_east.nc
ARGO_GDAC,pfl,aoml/4903544/profiles/D4903544_078.nc|2024-07-02T04:58:36Z|26.33781|-85.65433,aoml/4903544/profiles/D4903544_078.nc,4903544,4903544,26.33781,-85.65433,2024-07-02T04:58:36Z,20240702,2024,750,0.52,99.92,21.78,True,True,True,https://noaa-nws-rtofs-pds.s3.amazonaws.com/rtofs.20240702/rtofs_glo_3dz_f006_6hrly_hvr_US_east.nc
ARGO_GDAC,pfl,aoml/4903544/profiles/D4903544_079.nc|2024-07-07T05:42:42Z|26.12913|-85.68192,aoml/4903544/profiles/D4903544_079.nc,4903544,4903544,26.12913,-85.68192,2024-07-07T05:42:42Z,20240707,2024,1010,0.4,2007.56,11.5536,True,True,True,https://noaa-nws-rtofs-pds.s3.amazonaws.com/rtofs.20240707/rtofs_glo_3dz_f006_6hrly_hvr_US_east.nc
ARGO_GDAC,pfl,aoml/4903544/profiles/D4903544_079.nc|2024-07-07T05:42:42Z|26.12913|-85.68192,aoml/4903544/profiles/D4903544_079.nc,4903544,4903544,26.12913,-85.68192,2024-07-07T05:42:42Z,20240707,2024,784,0.4,99.92,11.3314,True,True,True,https://noaa-nws-rtofs-pds.s3.amazonaws.com/rtofs.20240707/rtofs_glo_3dz_f006_6hrly_hvr_US_east.nc
ARGO_GDAC,pfl,aoml/4903544/profiles/D4903544_080.nc|2024-07-12T06:29:06Z|25.95663|-85.92082,aoml/4903544/profiles/D4903544_080.nc,4903544,4903544,25.95663,-85.92082,2024-07-12T06:29:06Z,20240712,2024,1012,1.0,2013.68,15.8633,True,True,True,https://noaa-nws-rtofs-pds.s3.amazonaws.com/rtofs.20240712/rtofs_glo_3dz_f006_6hrly_hvr_US_east.nc
ARGO_GDAC,pfl,aoml/4903544/profiles/D4903544_080.nc|2024-07-12T06:29:06Z|25.95663|-85.92082,aoml/4903544/profiles/D4903544_080.nc,4903544,4903544,25.95663,-85.92082,2024-07-12T06:29:06Z,20240712,2024,762,0.56,99.92,15.0401,True,True,True,https://noaa-nws-rtofs-pds.s3.amazonaws.com/rtofs.20240712/rtofs_glo_3dz_f006_6hrly_hvr_US_east.nc
ARGO_GDAC,pfl,aoml/4903544/profiles/D4903544_081.nc|2024-07-17T07:20:55Z|25.88903|-86.03891,aoml/4903544/profiles/D4903544_081.nc,4903544,4903544,25.88903,-86.03891,2024-07-17T07:20:55Z,20240717,2024,1012,0.48,2011.32,18.221,True,True,True,https://noaa-nws-rtofs-pds.s3.amazonaws.com/rtofs.20240717/rtofs_glo_3dz_f006_6hrly_hvr_US_east.nc
ARGO_GDAC,pfl,aoml/4903544/profiles/D4903544_081.nc|2024-07-17T07:20:55Z|25.88903|-86.03891,aoml/4903544/profiles/D4903544_081.nc,4903544,4903544,25.88903,-86.03891,2024-07-17T07:20:55Z,20240717,2024,680,0.48,99.96,17.88,True,True,True,https://noaa-nws-rtofs-pds.s3.amazonaws.com/rtofs.20240717/rtofs_glo_3dz_f006_6hrly_hvr_US_east.nc
ARGO_GDAC,pfl,aoml/4903544/profiles/D4903544_082.nc|2024-07-22T07:55:54Z|25.84043|-85.70877,aoml/4903544/profiles/D4903544_082.nc,4903544,4903544,25.84043,-85.70877,2024-07-22T07:55:54Z,20240722,2024,1008,1.2,2005.48,25.8782,True,True,True,https://noaa-nws-rtofs-pds.s3.amazonaws.com/rtofs.20240722/rtofs_glo_3dz_f006_6hrly_hvr_US_east.nc
ARGO_GDAC,pfl,aoml/4903544/profiles/D4903544_082.nc|2024-07-22T07:55:54Z|25.84043|-85.70877,aoml/4903544/profiles/D4903544_082.nc,4903544,4903544,25.84043,-85.70877,2024-07-22T07:55:54Z,20240722,2024,732,1.0,99.92,26.2493,True,True,True,https://noaa-nws-rtofs-pds.s3.amazonaws.com/rtofs.20240722/rtofs_glo_3dz_f006_6hrly_hvr_US_east.nc
ARGO_GDAC,pfl,aoml/4903544/profiles/D4903544_083.nc|2024-07-27T08:48:32Z|25.79592|-85.26656,aoml/4903544/profiles/D4903544_083.nc,4903544,4903544,25.79592,-85.26656,2024-07-27T08:48:32Z,20240727,2024,1009,1.08,2007.68,22.4438,True,True,True,https://noaa-nws-rtofs-pds.s3.amazonaws.com/rtofs.20240727/rtofs_glo_3dz_f006_6hrly_hvr_US_east.nc
ARGO_GDAC,pfl,aoml/4903544/profiles/D4903544_083.nc|2024-07-27T08:48:32Z|25.79592|-85.26656,aoml/4903544/profiles/D4903544_083.nc,4903544,4903544,25.79592,-85.26656,2024-07-27T08:48:32Z,20240727,2024,739,0.68,99.92,22.5029,True,True,True,https://noaa-nws-rtofs-pds.s3.amazonaws.com/rtofs.20240727/rtofs_glo_3dz_f006_6hrly_hvr_US_east.nc
ARGO_GDAC,pfl,aoml/4903544/profiles/D4903544_084.nc|2024-08-01T09:30:01Z|26.29129|-85.15488,aoml/4903544/profiles/D4903544_084.nc,4903544,4903544,26.29129,-85.15488,2024-08-01T09:30:01Z,20240801,2024,1009,1.0,2007.56,13.5907,True,True,True,https://noaa-nws-rtofs-pds.s3.amazonaws.com/rtofs.20240801/rtofs_glo_3dz_f006_6hrly_hvr_US_east.nc
ARGO_GDAC,pfl,aoml/4903544/profiles/D4903544_084.nc|2024-08-01T09:30:01Z|26.29129|-85.15488,aoml/4903544/profiles/D4903544_084.nc,4903544,4903544,26.29129,-85.15488,2024-08-01T09:30:01Z,20240801,2024,823,0.56,99.88,13.72,True,True,True,https://noaa-nws-rtofs-pds.s3.amazonaws.com/rtofs.20240801/rtofs_glo_3dz_f006_6hrly_hvr_US_east.nc
ARGO_GDAC,pfl,aoml/4903544/profiles/D4903544_085.nc|2024-08-06T10:10:04Z|26.93025|-85.51092,aoml/4903544/profiles/D4903544_085.nc,4903544,4903544,26.93025,-85.51092,2024-08-06T10:10:04Z,20240806,2024,1011,1.12,2011.32,18.46,True,True,True,https://noaa-nws-rtofs-pds.s3.amazonaws.com/rtofs.20240806/rtofs_glo_3dz_f006_6hrly_hvr_US_east.nc
ARGO_GDAC,pfl,aoml/4903544/profiles/D4903544_085.nc|2024-08-06T10:10:04Z|26.93025|-85.51092,aoml/4903544/profiles/D4903544_085.nc,4903544,4903544,26.93025,-85.51092,2024-08-06T10:10:04Z,20240806,2024,863,0.84,99.96,17.7687,True,True,True,https://noaa-nws-rtofs-pds.s3.amazonaws.com/rtofs.20240806/rtofs_glo_3dz_f006_6hrly_hvr_US_east.nc
ARGO_GDAC,pfl,aoml/4903544/profiles/D4903544_086.nc|2024-08-11T10:55:15Z|26.93069|-85.69078,aoml/4903544/profiles/D4903544_086.nc,4903544,4903544,26.93069,-85.69078,2024-08-11T10:55:15Z,20240811,2024,1010,1.0,2009.4,24.2345,True,True,True,https://noaa-nws-rtofs-pds.s3.amazonaws.com/rtofs.20240811/rtofs_glo_3dz_f006_6hrly_hvr_US_east.nc
ARGO_GDAC,pfl,aoml/4903544/profiles/D4903544_086.nc|2024-08-11T10:55:15Z|26.93069|-85.69078,aoml/4903544/profiles/D4903544_086.nc,4903544,4903544,26.93069,-85.69078,2024-08-11T10:55:15Z,20240811,2024,895,0.52,99.88,23.8957,True,True,True,https://noaa-nws-rtofs-pds.s3.amazonaws.com/rtofs.20240811/rtofs_glo_3dz_f006_6hrly_hvr_US_east.nc
ARGO_GDAC,pfl,aoml/4903544/profiles/D4903544_087.nc|2024-08-16T11:43:03Z|26.71350|-85.70715,aoml/4903544/profiles/D4903544_087.nc,4903544,4903544,26.7135,-85.70715,2024-08-16T11:43:03Z,20240816,2024,1010,1.08,2009.36,24.5314,True,True,True,https://noaa-nws-rtofs-pds.s3.amazonaws.com/rtofs.20240816/rtofs_glo_3dz_f006_6hrly_hvr_US_east.nc
ARGO_GDAC,pfl,aoml/4903544/profiles/D4903544_087.nc|2024-08-16T11:43:03Z|26.71350|-85.70715,aoml/4903544/profiles/D4903544_087.nc,4903544,4903544,26.7135,-85.70715,2024-08-16T11:43:03Z,20240816,2024,932,0.76,99.84,13.8001,True,True,True,https://noaa-nws-rtofs-pds.s3.amazonaws.com/rtofs.20240816/rtofs_glo_3dz_f006_6hrly_hvr_US_east.nc
ARGO_GDAC,pfl,aoml/4903544/profiles/D4903544_088.nc|2024-08-21T12:24:23Z|26.48586|-85.58827,aoml/4903544/profiles/D4903544_088.nc,4903544,4903544,26.48586,-85.58827,2024-08-21T12:24:23Z,20240821,2024,1008,0.92,2005.12,22.6734,True,True,True,https://noaa-nws-rtofs-pds.s3.amazonaws.com/rtofs.20240821/rtofs_glo_3dz_f006_6hrly_hvr_US_east.nc
ARGO_GDAC,pfl,aoml/4903544/profiles/D4903544_088.nc|2024-08-21T12:24:23Z|26.48586|-85.58827,aoml/4903544/profiles/D4903544_088.nc,4903544,4903544,26.48586,-85.58827,2024-08-21T12:24:23Z,20240821,2024,872,0.56,99.96,20.4438,True,True,True,https://noaa-nws-rtofs-pds.s3.amazonaws.com/rtofs.20240821/rtofs_glo_3dz_f006_6hrly_hvr_US_east.nc
ARGO_GDAC,pfl,aoml/4903544/profiles/D4903544_089.nc|2024-08-26T13:18:57Z|26.04713|-85.30059,aoml/4903544/profiles/D4903544_089.nc,4903544,4903544,26.04713,-85.30059,2024-08-26T13:18:57Z,20240826,2024,1010,1.08,2009.6,12.7504,True,True,True,https://noaa-nws-rtofs-pds.s3.amazonaws.com/rtofs.20240826/rtofs_glo_3dz_f006_6hrly_hvr_US_east.nc
ARGO_GDAC,pfl,aoml/4903544/profiles/D4903544_089.nc|2024-08-26T13:18:57Z|26.04713|-85.30059,aoml/4903544/profiles/D4903544_089.nc,4903544,4903544,26.04713,-85.30059,2024-08-26T13:18:57Z,20240826,2024,989,0.72,100.0,12.245,True,True,True,https://noaa-nws-rtofs-pds.s3.amazonaws.com/rtofs.20240826/rtofs_glo_3dz_f006_6hrly_hvr_US_east.nc
ARGO_GDAC,pfl,aoml/4903544/profiles/D4903544_090.nc|2024-08-31T14:04:54Z|25.57048|-85.19673,aoml/4903544/profiles/D4903544_090.nc,4903544,4903544,25.57048,-85.19673,2024-08-31T14:04:54Z,20240831,2024,1008,1.0,2005.36,26.9983,True,True,True,https://noaa-nws-rtofs-pds.s3.amazonaws.com/rtofs.20240831/rtofs_glo_3dz_f006_6hrly_hvr_US_east.nc
ARGO_GDAC,pfl,aoml/4903544/profiles/D4903544_090.nc|2024-08-31T14:04:54Z|25.57048|-85.19673,aoml/4903544/profiles/D4903544_090.nc,4903544,4903544,25.57048,-85.19673,2024-08-31T14:04:54Z,20240831,2024,895,0.56,99.92,27.341,True,True,True,https://noaa-nws-rtofs-pds.s3.amazonaws.com/rtofs.20240831/rtofs_glo_3dz_f006_6hrly_hvr_US_east.nc
ARGO_GDAC,pfl,aoml/4903544/profiles/D4903544_091.nc|2024-09-05T14:43:54Z|25.82305|-85.12301,aoml/4903544/profiles/D4903544_091.nc,4903544,4903544,25.82305,-85.12301,2024-09-05T14:43:54Z,20240905,2024,1009,1.04,2007.52,27.0236,True,True,True,https://noaa-nws-rtofs-pds.s3.amazonaws.com/rtofs.20240905/rtofs_glo_3dz_f006_6hrly_hvr_US_east.nc
ARGO_GDAC,pfl,aoml/4903544/profiles/D4903544_091.nc|2024-09-05T14:43:54Z|25.82305|-85.12301,aoml/4903544/profiles/D4903544_091.nc,4903544,4903544,25.82305,-85.12301,2024-09-05T14:43:54Z,20240905,2024,831,0.64,99.96,26.16,True,True,True,https://noaa-nws-rtofs-pds.s3.amazonaws.com/rtofs.20240905/rtofs_glo_3dz_f006_6hrly_hvr_US_east.nc
ARGO_GDAC,pfl,aoml/4903544/profiles/D4903544_092.nc|2024-09-10T15:29:02Z|26.48472|-85.32594,aoml/4903544/profiles/D4903544_092.nc,4903544,4903544,26.48472,-85.32594,2024-09-10T15:29:02Z,20240910,2024,1009,1.04,2007.36,21.5723,True,True,True,https://noaa-nws-rtofs-pds.s3.amazonaws.com/rtofs.20240910/rtofs_glo_3dz_f006_6hrly_hvr_US_east.nc
ARGO_GDAC,pfl,aoml/4903544/profiles/D4903544_092.nc|2024-09-10T15:29:02Z|26.48472|-85.32594,aoml/4903544/profiles/D4903544_092.nc,4903544,4903544,26.48472,-85.32594,2024-09-10T15:29:02Z,20240910,2024,912,0.68,99.96,21.328,True,True,True,https://noaa-nws-rtofs-pds.s3.amazonaws.com/rtofs.20240910/rtofs_glo_3dz_f006_6hrly_hvr_US_east.nc
ARGO_GDAC,pfl,aoml/4903544/profiles/D4903544_093.nc|2024-09-15T16:18:33Z|26.51890|-85.57107,aoml/4903544/profiles/D4903544_093.nc,4903544,4903544,26.5189,-85.57107,2024-09-15T16:18:33Z,20240915,2024,1010,1.04,2009.76,27.371,True,True,True,https://noaa-nws-rtofs-pds.s3.amazonaws.com/rtofs.20240915/rtofs_glo_3dz_f006_6hrly_hvr_US_east.nc
ARGO_GDAC,pfl,aoml/4903544/profiles/D4903544_093.nc|2024-09-15T16:18:33Z|26.51890|-85.57107,aoml/4903544/profiles/D4903544_093.nc,4903544,4903544,26.5189,-85.57107,2024-09-15T16:18:33Z,20240915,2024,987,0.68,99.88,27.72,True,True,True,https://noaa-nws-rtofs-pds.s3.amazonaws.com/rtofs.20240915/rtofs_glo_3dz_f006_6hrly_hvr_US_east.nc
ARGO_GDAC,pfl,aoml/4903544/profiles/D4903544_094.nc|2024-09-20T17:07:33Z|26.12258|-85.32668,aoml/4903544/profiles/D4903544_094.nc,4903544,4903544,26.12258,-85.32668,2024-09-20T17:07:33Z,20240920,2024,1012,1.08,2013.44,14.676,True,True,True,https://noaa-nws-rtofs-pds.s3.amazonaws.com/rtofs.20240920/rtofs_glo_3dz_f006_6hrly_hvr_US_east.nc
ARGO_GDAC,pfl,aoml/4903544/profiles/D4903544_094.nc|2024-09-20T17:07:33Z|26.12258|-85.32668,aoml/4903544/profiles/D4903544_094.nc,4903544,4903544,26.12258,-85.32668,2024-09-20T17:07:33Z,20240920,2024,864,0.68,99.92,13.84,True,True,True,https://noaa-nws-rtofs-pds.s3.amazonaws.com/rtofs.20240920/rtofs_glo_3dz_f006_6hrly_hvr_US_east.nc
ARGO_GDAC,pfl,aoml/4903544/profiles/D4903544_095.nc|2024-09-25T17:54:22Z|25.56154|-85.28192,aoml/4903544/profiles/D4903544_095.nc,4903544,4903544,25.56154,-85.28192,2024-09-25T17:54:22Z,20240925,2024,1007,0.96,2003.36,30.512,True,True,True,https://noaa-nws-rtofs-pds.s3.amazonaws.com/rtofs.20240925/rtofs_glo_3dz_f006_6hrly_hvr_US_east.nc
ARGO_GDAC,pfl,aoml/4903544/profiles/D4903544_095.nc|2024-09-25T17:54:22Z|25.56154|-85.28192,aoml/4903544/profiles/D4903544_095.nc,4903544,4903544,25.56154,-85.28192,2024-09-25T17:54:22Z,20240925,2024,914,0.52,99.88,30.7131,True,True,True,https://noaa-nws-rtofs-pds.s3.amazonaws.com/rtofs.20240925/rtofs_glo_3dz_f006_6hrly_hvr_US_east.nc
ARGO_GDAC,pfl,aoml/4903544/profiles/D4903544_096.nc|2024-09-30T18:32:19Z|24.88810|-85.75159,aoml/4903544/profiles/D4903544_096.nc,4903544,4903544,24.8881,-85.75159,2024-09-30T18:32:19Z,20240930,2024,1010,0.96,2009.56,30.8197,True,True,True,https://noaa-nws-rtofs-pds.s3.amazonaws.com/rtofs.20240930/rtofs_glo_3dz_f006_6hrly_hvr_US_east.nc
ARGO_GDAC,pfl,aoml/4903544/profiles/D4903544_096.nc|2024-09-30T18:32:19Z|24.88810|-85.75159,aoml/4903544/profiles/D4903544_096.nc,4903544,4903544,24.8881,-85.75159,2024-09-30T18:32:19Z,20240930,2024,817,0.6,99.88,31.1333,True,True,True,https://noaa-nws-rtofs-pds.s3.amazonaws.com/rtofs.20240930/rtofs_glo_3dz_f006_6hrly_hvr_US_east.nc
ARGO_GDAC,pfl,aoml/4903544/profiles/D4903544_097.nc|2024-10-05T19:11:25Z|24.87046|-86.55614,aoml/4903544/profiles/D4903544_097.nc,4903544,4903544,24.87046,-86.55614,2024-10-05T19:11:25Z,20241005,2024,1012,1.04,2013.36,57.433,True,True,True,https://noaa-nws-rtofs-pds.s3.amazonaws.com/rtofs.20241005/rtofs_glo_3dz_f006_6hrly_hvr_US_east.nc
ARGO_GDAC,pfl,aoml/4903544/profiles/D4903544_097.nc|2024-10-05T19:11:25Z|24.87046|-86.55614,aoml/4903544/profiles/D4903544_097.nc,4903544,4903544,24.87046,-86.55614,2024-10-05T19:11:25Z,20241005,2024,697,0.6,100.0,57.8723,True,True,True,https://noaa-nws-rtofs-pds.s3.amazonaws.com/rtofs.20241005/rtofs_glo_3dz_f006_6hrly_hvr_US_east.nc
ARGO_GDAC,pfl,aoml/4903544/profiles/D4903544_098.nc|2024-10-10T19:54:28Z|25.18772|-86.80279,aoml/4903544/profiles/D4903544_098.nc,4903544,4903544,25.18772,-86.80279,2024-10-10T19:54:28Z,20241010,2024,1008,1.0,2005.32,82.9489,True,True,True,https://noaa-nws-rtofs-pds.s3.amazonaws.com/rtofs.20241010/rtofs_glo_3dz_f006_6hrly_hvr_US_east.nc
ARGO_GDAC,pfl,aoml/4903544/profiles/D4903544_098.nc|2024-10-10T19:54:28Z|25.18772|-86.80279,aoml/4903544/profiles/D4903544_098.nc,4903544,4903544,25.18772,-86.80279,2024-10-10T19:54:28Z,20241010,2024,698,0.64,100.0,82.721,True,True,True,https://noaa-nws-rtofs-pds.s3.amazonaws.com/rtofs.20241010/rtofs_glo_3dz_f006_6hrly_hvr_US_east.nc
ARGO_GDAC,pfl,aoml/4903544/profiles/D4903544_099.nc|2024-10-15T20:42:45Z|25.12626|-86.61942,aoml/4903544/profiles/D4903544_099.nc,4903544,4903544,25.12626,-86.61942,2024-10-15T20:42:45Z,20241015,2024,1007,1.0,2003.6,78.34,True,True,True,https://noaa-nws-rtofs-pds.s3.amazonaws.com/rtofs.20241015/rtofs_glo_3dz_f006_6hrly_hvr_US_east.nc
ARGO_GDAC,pfl,aoml/4903544/profiles/D4903544_099.nc|2024-10-15T20:42:45Z|25.12626|-86.61942,aoml/4903544/profiles/D4903544_099.nc,4903544,4903544,25.12626,-86.61942,2024-10-15T20:42:45Z,20241015,2024,680,0.56,99.92,78.5233,True,True,True,https://noaa-nws-rtofs-pds.s3.amazonaws.com/rtofs.20241015/rtofs_glo_3dz_f006_6hrly_hvr_US_east.nc
ARGO_GDAC,pfl,aoml/4903544/profiles/D4903544_100.nc|2024-10-20T21:27:20Z|25.13684|-87.19952,aoml/4903544/profiles/D4903544_100.nc,4903544,4903544,25.13684,-87.19952,2024-10-20T21:27:20Z,20241020,2024,1007,1.04,2003.84,89.432,True,True,True,https://noaa-nws-rtofs-pds.s3.amazonaws.com/rtofs.20241020/rtofs_glo_3dz_f006_6hrly_hvr_US_east.nc
ARGO_GDAC,pfl,aoml/4903544/profiles/D4903544_100.nc|2024-10-20T21:27:20Z|25.13684|-87.19952,aoml/4903544/profiles/D4903544_100.nc,4903544,4903544,25.13684,-87.19952,2024-10-20T21:27:20Z,20241020,2024,660,0.68,99.84,89.0525,True,True,True,https://noaa-nws-rtofs-pds.s3.amazonaws.com/rtofs.20241020/rtofs_glo_3dz_f006_6hrly_hvr_US_east.nc
ARGO_GDAC,pfl,aoml/4903544/profiles/D4903544_101.nc|2024-10-25T22:16:03Z|25.42937|-87.76675,aoml/4903544/profiles/D4903544_101.nc,4903544,4903544,25.42937,-87.76675,2024-10-25T22:16:03Z,20241025,2024,1011,1.04,2011.68,107.7371,True,False,True,https://noaa-nws-rtofs-pds.s3.amazonaws.com/rtofs.20241025/rtofs_glo_3dz_f006_6hrly_hvr_US_east.nc
ARGO_GDAC,pfl,aoml/4903544/profiles/D4903544_101.nc|2024-10-25T22:16:03Z|25.42937|-87.76675,aoml/4903544/profiles/D4903544_101.nc,4903544,4903544,25.42937,-87.76675,2024-10-25T22:16:03Z,20241025,2024,661,0.6,99.96,,False,False,True,https://noaa-nws-rtofs-pds.s3.amazonaws.com/rtofs.20241025/rtofs_glo_3dz_f006_6hrly_hvr_US_east.nc
ARGO_GDAC,pfl,aoml/4903544/profiles/D4903544_102.nc|2024-10-30T22:59:03Z|25.51498|-87.89176,aoml/4903544/profiles/D4903544_102.nc,4903544,4903544,25.51498,-87.89176,2024-10-30T22:59:03Z,20241030,2024,1011,1.04,2011.4,116.679,True,False,True,https://noaa-nws-rtofs-pds.s3.amazonaws.com/rtofs.20241030/rtofs_glo_3dz_f006_6hrly_hvr_US_east.nc
ARGO_GDAC,pfl,aoml/4903544/profiles/D4903544_102.nc|2024-10-30T22:59:03Z|25.51498|-87.89176,aoml/4903544/profiles/D4903544_102.nc,4903544,4903544,25.51498,-87.89176,2024-10-30T22:59:03Z,20241030,2024,645,0.6,100.0,,False,False,True,https://noaa-nws-rtofs-pds.s3.amazonaws.com/rtofs.20241030/rtofs_glo_3dz_f006_6hrly_hvr_US_east.nc
ARGO_GDAC,pfl,aoml/4903544/profiles/D4903544_103.nc|2024-11-04T23:39:19Z|25.73779|-88.01988,aoml/4903544/profiles/D4903544_103.nc,4903544,4903544,25.73779,-88.01988,2024-11-04T23:39:19Z,20241104,2024,1008,1.0,2005.24,123.8416,True,False,True,https://noaa-nws-rtofs-pds.s3.amazonaws.com/rtofs.20241104/rtofs_glo_3dz_f006_6hrly_hvr_US_east.nc
ARGO_GDAC,pfl,aoml/4903544/profiles/D4903544_103.nc|2024-11-04T23:39:19Z|25.73779|-88.01988,aoml/4903544/profiles/D4903544_103.nc,4903544,4903544,25.73779,-88.01988,2024-11-04T23:39:19Z,20241104,2024,601,0.6,99.96,,False,False,True,https://noaa-nws-rtofs-pds.s3.amazonaws.com/rtofs.20241104/rtofs_glo_3dz_f006_6hrly_hvr_US_east.nc
ARGO_GDAC,pfl,aoml/4903544/profiles/D4903544_104.nc|2024-11-10T00:22:15Z|25.54963|-88.43478,aoml/4903544/profiles/D4903544_104.nc,4903544,4903544,25.54963,-88.43478,2024-11-10T00:22:15Z,20241110,2024,1009,1.04,2007.52,132.3579,True,False,True,https://noaa-nws-rtofs-pds.s3.amazonaws.com/rtofs.20241110/rtofs_glo_3dz_f006_6hrly_hvr_US_east.nc
ARGO_GDAC,pfl,aoml/4903544/profiles/D4903544_104.nc|2024-11-10T00:22:15Z|25.54963|-88.43478,aoml/4903544/profiles/D4903544_104.nc,4903544,4903544,25.54963,-88.43478,2024-11-10T00:22:15Z,20241110,2024,602,0.72,99.96,,False,False,True,https://noaa-nws-rtofs-pds.s3.amazonaws.com/rtofs.20241110/rtofs_glo_3dz_f006_6hrly_hvr_US_east.nc
ARGO_GDAC,pfl,aoml/4903544/profiles/D4903544_105.nc|2024-11-15T01:03:02Z|25.20664|-88.54738,aoml/4903544/profiles/D4903544_105.nc,4903544,4903544,25.20664,-88.54738,2024-11-15T01:03:02Z,20241115,2024,1008,1.12,2005.32,117.19,True,False,True,https://noaa-nws-rtofs-pds.s3.amazonaws.com/rtofs.20241115/rtofs_glo_3dz_f006_6hrly_hvr_US_east.nc
ARGO_GDAC,pfl,aoml/4903544/profiles/D4903544_105.nc|2024-11-15T01:03:02Z|25.20664|-88.54738,aoml/4903544/profiles/D4903544_105.nc,4903544,4903544,25.20664,-88.54738,2024-11-15T01:03:02Z,20241115,2024,643,0.96,99.92,,False,False,True,https://noaa-nws-rtofs-pds.s3.amazonaws.com/rtofs.20241115/rtofs_glo_3dz_f006_6hrly_hvr_US_east.nc
ARGO_GDAC,pfl,aoml/4903544/profiles/D4903544_106.nc|2024-11-20T01:40:57Z|25.22472|-88.70851,aoml/4903544/profiles/D4903544_106.nc,4903544,4903544,25.22472,-88.70851,2024-11-20T01:40:57Z,20241120,2024,1010,1.0,2009.28,113.2668,True,False,True,https://noaa-nws-rtofs-pds.s3.amazonaws.com/rtofs.20241120/rtofs_glo_3dz_f006_6hrly_hvr_US_east.nc
ARGO_GDAC,pfl,aoml/4903544/profiles/D4903544_106.nc|2024-11-20T01:40:57Z|25.22472|-88.70851,aoml/4903544/profiles/D4903544_106.nc,4903544,4903544,25.22472,-88.70851,2024-11-20T01:40:57Z,20241120,2024,678,0.64,99.92,,False,False,True,https://noaa-nws-rtofs-pds.s3.amazonaws.com/rtofs.20241120/rtofs_glo_3dz_f006_6hrly_hvr_US_east.nc
ARGO_GDAC,pfl,aoml/4903544/profiles/D4903544_107.nc|2024-11-25T02:17:13Z|25.14668|-88.46188,aoml/4903544/profiles/D4903544_107.nc,4903544,4903544,25.14668,-88.46188,2024-11-25T02:17:13Z,20241125,2024,1010,0.44,2007.48,105.3669,True,False,True,https://noaa-nws-rtofs-pds.s3.amazonaws.com/rtofs.20241125/rtofs_glo_3dz_f006_6hrly_hvr_US_east.nc
ARGO_GDAC,pfl,aoml/4903544/profiles/D4903544_107.nc|2024-11-25T02:17:13Z|25.14668|-88.46188,aoml/4903544/profiles/D4903544_107.nc,4903544,4903544,25.14668,-88.46188,2024-11-25T02:17:13Z,20241125,2024,628,0.44,99.92,,False,False,True,https://noaa-nws-rtofs-pds.s3.amazonaws.com/rtofs.20241125/rtofs_glo_3dz_f006_6hrly_hvr_US_east.nc
ARGO_GDAC,pfl,aoml/4903544/profiles/D4903544_108.nc|2024-11-30T02:57:59Z|25.36791|-88.05812,aoml/4903544/profiles/D4903544_108.nc,4903544,4903544,25.36791,-88.05812,2024-11-30T02:57:59Z,20241130,2024,1011,0.96,2011.52,138.4919,True,False,True,https://noaa-nws-rtofs-pds.s3.amazonaws.com/rtofs.20241130/rtofs_glo_3dz_f006_6hrly_hvr_US_east.nc
ARGO_GDAC,pfl,aoml/4903544/profiles/D4903544_108.nc|2024-11-30T02:57:59Z|25.36791|-88.05812,aoml/4903544/profiles/D4903544_108.nc,4903544,4903544,25.36791,-88.05812,2024-11-30T02:57:59Z,20241130,2024,648,0.52,99.92,,False,False,True,https://noaa-nws-rtofs-pds.s3.amazonaws.com/rtofs.20241130/rtofs_glo_3dz_f006_6hrly_hvr_US_east.nc
ARGO_GDAC,pfl,aoml/4903544/profiles/D4903544_109.nc|2024-12-05T03:41:46Z|25.63837|-88.28447,aoml/4903544/profiles/D4903544_109.nc,4903544,4903544,25.63837,-88.28447,2024-12-05T03:41:46Z,20241205,2024,1011,1.08,2011.36,164.0611,True,False,True,https://noaa-nws-rtofs-pds.s3.amazonaws.com/rtofs.20241205/rtofs_glo_3dz_f006_6hrly_hvr_US_east.nc
ARGO_GDAC,pfl,aoml/4903544/profiles/D4903544_109.nc|2024-12-05T03:41:46Z|25.63837|-88.28447,aoml/4903544/profiles/D4903544_109.nc,4903544,4903544,25.63837,-88.28447,2024-12-05T03:41:46Z,20241205,2024,722,0.72,99.92,,False,False,True,https://noaa-nws-rtofs-pds.s3.amazonaws.com/rtofs.20241205/rtofs_glo_3dz_f006_6hrly_hvr_US_east.nc
ARGO_GDAC,pfl,aoml/4903544/profiles/D4903544_110.nc|2024-12-10T04:22:03Z|25.84965|-88.59127,aoml/4903544/profiles/D4903544_110.nc,4903544,4903544,25.84965,-88.59127,2024-12-10T04:22:03Z,20241210,2024,1007,0.88,2003.68,169.6962,True,False,True,https://noaa-nws-rtofs-pds.s3.amazonaws.com/rtofs.20241210/rtofs_glo_3dz_f006_6hrly_hvr_US_east.nc
ARGO_GDAC,pfl,aoml/4903544/profiles/D4903544_110.nc|2024-12-10T04:22:03Z|25.84965|-88.59127,aoml/4903544/profiles/D4903544_110.nc,4903544,4903544,25.84965,-88.59127,2024-12-10T04:22:03Z,20241210,2024,612,0.52,99.96,,False,False,True,https://noaa-nws-rtofs-pds.s3.amazonaws.com/rtofs.20241210/rtofs_glo_3dz_f006_6hrly_hvr_US_east.nc
ARGO_GDAC,pfl,aoml/4903544/profiles/D4903544_111.nc|2024-12-15T05:09:24Z|26.06788|-88.88711,aoml/4903544/profiles/D4903544_111.nc,4903544,4903544,26.06788,-88.88711,2024-12-15T05:09:24Z,20241215,2024,1007,1.0,2003.64,172.8576,True,False,True,https://noaa-nws-rtofs-pds.s3.amazonaws.com/rtofs.20241215/rtofs_glo_3dz_f006_6hrly_hvr_US_east.nc
ARGO_GDAC,pfl,aoml/4903544/profiles/D4903544_111.nc|2024-12-15T05:09:24Z|26.06788|-88.88711,aoml/4903544/profiles/D4903544_111.nc,4903544,4903544,26.06788,-88.88711,2024-12-15T05:09:24Z,20241215,2024,614,0.52,100.0,,False,False,True,https://noaa-nws-rtofs-pds.s3.amazonaws.com/rtofs.20241215/rtofs_glo_3dz_f006_6hrly_hvr_US_east.nc
ARGO_GDAC,pfl,aoml/4903544/profiles/D4903544_112.nc|2024-12-20T05:49:22Z|25.91512|-88.70002,aoml/4903544/profiles/D4903544_112.nc,4903544,4903544,25.91512,-88.70002,2024-12-20T05:49:22Z,20241220,2024,1007,1.08,2003.44,187.571,True,False,True,https://noaa-nws-rtofs-pds.s3.amazonaws.com/rtofs.20241220/rtofs_glo_3dz_f006_6hrly_hvr_US_east.nc
ARGO_GDAC,pfl,aoml/4903544/profiles/D4903544_112.nc|2024-12-20T05:49:22Z|25.91512|-88.70002,aoml/4903544/profiles/D4903544_112.nc,4903544,4903544,25.91512,-88.70002,2024-12-20T05:49:22Z,20241220,2024,783,0.76,99.96,,False,False,True,https://noaa-nws-rtofs-pds.s3.amazonaws.com/rtofs.20241220/rtofs_glo_3dz_f006_6hrly_hvr_US_east.nc
ARGO_GDAC,pfl,aoml/4903544/profiles/D4903544_113.nc|2024-12-25T06:31:20Z|25.87064|-88.11168,aoml/4903544/profiles/D4903544_113.nc,4903544,4903544,25.87064,-88.11168,2024-12-25T06:31:20Z,20241225,2024,1011,1.08,2011.4,168.4997,True,False,True,https://noaa-nws-rtofs-pds.s3.amazonaws.com/rtofs.20241225/rtofs_glo_3dz_f006_6hrly_hvr_US_east.nc
ARGO_GDAC,pfl,aoml/4903544/profiles/D4903544_113.nc|2024-12-25T06:31:20Z|25.87064|-88.11168,aoml/4903544/profiles/D4903544_113.nc,4903544,4903544,25.87064,-88.11168,2024-12-25T06:31:20Z,20241225,2024,788,0.8,100.0,,False,False,True,https://noaa-nws-rtofs-pds.s3.amazonaws.com/rtofs.20241225/rtofs_glo_3dz_f006_6hrly_hvr_US_east.nc
ARGO_GDAC,pfl,aoml/4903544/profiles/D4903544_114.nc|2024-12-30T07:12:26Z|26.23847|-87.92139,aoml/4903544/profiles/D4903544_114.nc,4903544,4903544,26.23847,-87.92139,2024-12-30T07:12:26Z,20241230,2024,1008,1.04,2005.44,168.9237,True,False,True,https://noaa-nws-rtofs-pds.s3.amazonaws.com/rtofs.20241230/rtofs_glo_3dz_f006_6hrly_hvr_US_east.nc
ARGO_GDAC,pfl,aoml/4903544/profiles/D4903544_114.nc|2024-12-30T07:12:26Z|26.23847|-87.92139,aoml/4903544/profiles/D4903544_114.nc,4903544,4903544,26.23847,-87.92139,2024-12-30T07:12:26Z,20241230,2024,848,0.68,99.96,,False,False,True,https://noaa-nws-rtofs-pds.s3.amazonaws.com/rtofs.20241230/rtofs_glo_3dz_f006_6hrly_hvr_US_east.nc
ARGO_GDAC,pfl,aoml/4903544/profiles/D4903544_115.nc|2025-01-04T08:00:16Z|26.15569|-87.33811,aoml/4903544/profiles/D4903544_115.nc,4903544,4903544,26.15569,-87.33811,2025-01-04T08:00:16Z,20250104,2025,1012,0.48,2011.48,107.5679,True,False,True,https://noaa-nws-rtofs-pds.s3.amazonaws.com/rtofs.20250104/rtofs_glo_3dz_f006_6hrly_hvr_US_east.nc
ARGO_GDAC,pfl,aoml/4903544/profiles/D4903544_115.nc|2025-01-04T08:00:16Z|26.15569|-87.33811,aoml/4903544/profiles/D4903544_115.nc,4903544,4903544,26.15569,-87.33811,2025-01-04T08:00:16Z,20250104,2025,774,0.48,100.0,,False,False,True,https://noaa-nws-rtofs-pds.s3.amazonaws.com/rtofs.20250104/rtofs_glo_3dz_f006_6hrly_hvr_US_east.nc
ARGO_GDAC,pfl,aoml/4903544/profiles/D4903544_116.nc|2025-01-09T08:52:17Z|26.23574|-87.03197,aoml/4903544/profiles/D4903544_116.nc,4903544,4903544,26.23574,-87.03197,2025-01-09T08:52:17Z,20250109,2025,1011,1.0,2011.2,45.7092,True,True,True,https://noaa-nws-rtofs-pds.s3.amazonaws.com/rtofs.20250109/rtofs_glo_3dz_f006_6hrly_hvr_US_east.nc
ARGO_GDAC,pfl,aoml/4903544/profiles/D4903544_116.nc|2025-01-09T08:52:17Z|26.23574|-87.03197,aoml/4903544/profiles/D4903544_116.nc,4903544,4903544,26.23574,-87.03197,2025-01-09T08:52:17Z,20250109,2025,823,0.6,99.88,45.6595,True,True,True,https://noaa-nws-rtofs-pds.s3.amazonaws.com/rtofs.20250109/rtofs_glo_3dz_f006_6hrly_hvr_US_east.nc
ARGO_GDAC,pfl,aoml/4903544/profiles/D4903544_117.nc|2025-01-14T09:30:48Z|26.37763|-87.06923,aoml/4903544/profiles/D4903544_117.nc,4903544,4903544,26.37763,-87.06923,2025-01-14T09:30:48Z,20250114,2025,1008,1.08,2005.28,38.7292,True,True,True,https://noaa-nws-rtofs-pds.s3.amazonaws.com/rtofs.20250114/rtofs_glo_3dz_f006_6hrly_hvr_US_east.nc
ARGO_GDAC,pfl,aoml/4903544/profiles/D4903544_117.nc|2025-01-14T09:30:48Z|26.37763|-87.06923,aoml/4903544/profiles/D4903544_117.nc,4903544,4903544,26.37763,-87.06923,2025-01-14T09:30:48Z,20250114,2025,826,0.8,99.92,39.28,True,True,True,https://noaa-nws-rtofs-pds.s3.amazonaws.com/rtofs.20250114/rtofs_glo_3dz_f006_6hrly_hvr_US_east.nc
ARGO_GDAC,pfl,aoml/4903544/profiles/D4903544_118.nc|2025-01-19T10:19:01Z|26.47381|-87.22430,aoml/4903544/profiles/D4903544_118.nc,4903544,4903544,26.47381,-87.2243,2025-01-19T10:19:01Z,20250119,2025,1012,1.08,2013.36,20.2387,True,True,True,https://noaa-nws-rtofs-pds.s3.amazonaws.com/rtofs.20250119/rtofs_glo_3dz_f006_6hrly_hvr_US_east.nc
ARGO_GDAC,pfl,aoml/4903544/profiles/D4903544_118.nc|2025-01-19T10:19:01Z|26.47381|-87.22430,aoml/4903544/profiles/D4903544_118.nc,4903544,4903544,26.47381,-87.2243,2025-01-19T10:19:01Z,20250119,2025,788,0.72,99.96,20.3463,True,True,True,https://noaa-nws-rtofs-pds.s3.amazonaws.com/rtofs.20250119/rtofs_glo_3dz_f006_6hrly_hvr_US_east.nc
ARGO_GDAC,pfl,aoml/4903544/profiles/D4903544_119.nc|2025-01-24T10:58:31Z|26.56643|-87.30706,aoml/4903544/profiles/D4903544_119.nc,4903544,4903544,26.56643,-87.30706,2025-01-24T10:58:31Z,20250124,2025,1011,0.96,2011.68,95.6929,True,True,True,https://noaa-nws-rtofs-pds.s3.amazonaws.com/rtofs.20250124/rtofs_glo_3dz_f006_6hrly_hvr_US_east.nc
ARGO_GDAC,pfl,aoml/4903544/profiles/D4903544_119.nc|2025-01-24T10:58:31Z|26.56643|-87.30706,aoml/4903544/profiles/D4903544_119.nc,4903544,4903544,26.56643,-87.30706,2025-01-24T10:58:31Z,20250124,2025,700,0.6,99.88,95.6265,True,True,True,https://noaa-nws-rtofs-pds.s3.amazonaws.com/rtofs.20250124/rtofs_glo_3dz_f006_6hrly_hvr_US_east.nc
ARGO_GDAC,pfl,aoml/4903544/profiles/D4903544_120.nc|2025-01-29T11:41:46Z|26.58119|-87.17194,aoml/4903544/profiles/D4903544_120.nc,4903544,4903544,26.58119,-87.17194,2025-01-29T11:41:46Z,20250129,2025,1012,1.0,2013.6,13.509,True,True,True,https://noaa-nws-rtofs-pds.s3.amazonaws.com/rtofs.20250129/rtofs_glo_3dz_f006_6hrly_hvr_US_east.nc
ARGO_GDAC,pfl,aoml/4903544/profiles/D4903544_120.nc|2025-01-29T11:41:46Z|26.58119|-87.17194,aoml/4903544/profiles/D4903544_120.nc,4903544,4903544,26.58119,-87.17194,2025-01-29T11:41:46Z,20250129,2025,714,0.52,100.0,13.4057,True,True,True,https://noaa-nws-rtofs-pds.s3.amazonaws.com/rtofs.20250129/rtofs_glo_3dz_f006_6hrly_hvr_US_east.nc
ARGO_GDAC,pfl,aoml/4903544/profiles/D4903544_121.nc|2025-02-03T12:26:59Z|26.52967|-86.87574,aoml/4903544/profiles/D4903544_121.nc,4903544,4903544,26.52967,-86.87574,2025-02-03T12:26:59Z,20250203,2025,1008,1.0,2005.52,18.2643,True,True,True,https://noaa-nws-rtofs-pds.s3.amazonaws.com/rtofs.20250203/rtofs_glo_3dz_f006_6hrly_hvr_US_east.nc
ARGO_GDAC,pfl,aoml/4903544/profiles/D4903544_121.nc|2025-02-03T12:26:59Z|26.52967|-86.87574,aoml/4903544/profiles/D4903544_121.nc,4903544,4903544,26.52967,-86.87574,2025-02-03T12:26:59Z,20250203,2025,699,0.64,99.92,18.14,True,True,True,https://noaa-nws-rtofs-pds.s3.amazonaws.com/rtofs.20250203/rtofs_glo_3dz_f006_6hrly_hvr_US_east.nc
ARGO_GDAC,pfl,aoml/4903544/profiles/D4903544_122.nc|2025-02-08T13:08:32Z|26.72914|-86.54131,aoml/4903544/profiles/D4903544_122.nc,4903544,4903544,26.72914,-86.54131,2025-02-08T13:08:32Z,20250208,2025,1013,1.04,2015.16,35.031,True,True,True,https://noaa-nws-rtofs-pds.s3.amazonaws.com/rtofs.20250208/rtofs_glo_3dz_f006_6hrly_hvr_US_east.nc
ARGO_GDAC,pfl,aoml/4903544/profiles/D4903544_122.nc|2025-02-08T13:08:32Z|26.72914|-86.54131,aoml/4903544/profiles/D4903544_122.nc,4903544,4903544,26.72914,-86.54131,2025-02-08T13:08:32Z,20250208,2025,734,0.64,99.92,34.2933,True,True,True,https://noaa-nws-rtofs-pds.s3.amazonaws.com/rtofs.20250208/rtofs_glo_3dz_f006_6hrly_hvr_US_east.nc
ARGO_GDAC,pfl,aoml/4903544/profiles/D4903544_123.nc|2025-02-13T13:48:07Z|26.99244|-86.75721,aoml/4903544/profiles/D4903544_123.nc,4903544,4903544,26.99244,-86.75721,2025-02-13T13:48:07Z,20250213,2025,1007,0.96,2003.28,13.2208,True,True,True,https://noaa-nws-rtofs-pds.s3.amazonaws.com/rtofs.20250213/rtofs_glo_3dz_f006_6hrly_hvr_US_east.nc
ARGO_GDAC,pfl,aoml/4903544/profiles/D4903544_123.nc|2025-02-13T13:48:07Z|26.99244|-86.75721,aoml/4903544/profiles/D4903544_123.nc,4903544,4903544,26.99244,-86.75721,2025-02-13T13:48:07Z,20250213,2025,745,0.64,99.88,13.5749,True,True,True,https://noaa-nws-rtofs-pds.s3.amazonaws.com/rtofs.20250213/rtofs_glo_3dz_f006_6hrly_hvr_US_east.nc
ARGO_GDAC,pfl,aoml/4903544/profiles/D4903544_124.nc|2025-02-18T14:34:56Z|27.28604|-86.88423,aoml/4903544/profiles/D4903544_124.nc,4903544,4903544,27.28604,-86.88423,2025-02-18T14:34:56Z,20250218,2025,1012,1.0,2013.08,26.0891,True,True,True,https://noaa-nws-rtofs-pds.s3.amazonaws.com/rtofs.20250218/rtofs_glo_3dz_f006_6hrly_hvr_US_east.nc
ARGO_GDAC,pfl,aoml/4903544/profiles/D4903544_124.nc|2025-02-18T14:34:56Z|27.28604|-86.88423,aoml/4903544/profiles/D4903544_124.nc,4903544,4903544,27.28604,-86.88423,2025-02-18T14:34:56Z,20250218,2025,731,0.6,99.92,26.4933,True,True,True,https://noaa-nws-rtofs-pds.s3.amazonaws.com/rtofs.20250218/rtofs_glo_3dz_f006_6hrly_hvr_US_east.nc
ARGO_GDAC,pfl,aoml/4903544/profiles/D4903544_125.nc|2025-02-23T15:23:19Z|27.48214|-86.76239,aoml/4903544/profiles/D4903544_125.nc,4903544,4903544,27.48214,-86.76239,2025-02-23T15:23:19Z,20250223,2025,1009,1.0,2007.4,40.5935,True,True,True,https://noaa-nws-rtofs-pds.s3.amazonaws.com/rtofs.20250223/rtofs_glo_3dz_f006_6hrly_hvr_US_east.nc
ARGO_GDAC,pfl,aoml/4903544/profiles/D4903544_125.nc|2025-02-23T15:23:19Z|27.48214|-86.76239,aoml/4903544/profiles/D4903544_125.nc,4903544,4903544,27.48214,-86.76239,2025-02-23T15:23:19Z,20250223,2025,710,0.6,99.88,41.0484,True,True,True,https://noaa-nws-rtofs-pds.s3.amazonaws.com/rtofs.20250223/rtofs_glo_3dz_f006_6hrly_hvr_US_east.nc
ARGO_GDAC,pfl,aoml/4903544/profiles/D4903544_126.nc|2025-02-28T16:07:48Z|27.57705|-86.75087,aoml/4903544/profiles/D4903544_126.nc,4903544,4903544,27.57705,-86.75087,2025-02-28T16:07:48Z,20250228,2025,1012,1.04,2013.04,36.4177,True,True,True,https://noaa-nws-rtofs-pds.s3.amazonaws.com/rtofs.20250228/rtofs_glo_3dz_f006_6hrly_hvr_US_east.nc
ARGO_GDAC,pfl,aoml/4903544/profiles/D4903544_126.nc|2025-02-28T16:07:48Z|27.57705|-86.75087,aoml/4903544/profiles/D4903544_126.nc,4903544,4903544,27.57705,-86.75087,2025-02-28T16:07:48Z,20250228,2025,670,0.64,99.88,36.8133,True,True,True,https://noaa-nws-rtofs-pds.s3.amazonaws.com/rtofs.20250228/rtofs_glo_3dz_f006_6hrly_hvr_US_east.nc
ARGO_GDAC,pfl,aoml/4903544/profiles/D4903544_127.nc|2025-03-05T16:54:24Z|27.59590|-86.74603,aoml/4903544/profiles/D4903544_127.nc,4903544,4903544,27.5959,-86.74603,2025-03-05T16:54:24Z,20250305,2025,1010,1.08,2009.48,36.2707,True,True,True,https://noaa-nws-rtofs-pds.s3.amazonaws.com/rtofs.20250305/rtofs_glo_3dz_f006_6hrly_hvr_US_east.nc
ARGO_GDAC,pfl,aoml/4903544/profiles/D4903544_127.nc|2025-03-05T16:54:24Z|27.59590|-86.74603,aoml/4903544/profiles/D4903544_127.nc,4903544,4903544,27.5959,-86.74603,2025-03-05T16:54:24Z,20250305,2025,747,0.68,99.84,36.0163,True,True,True,https://noaa-nws-rtofs-pds.s3.amazonaws.com/rtofs.20250305/rtofs_glo_3dz_f006_6hrly_hvr_US_east.nc
ARGO_GDAC,pfl,aoml/4903544/profiles/D4903544_128.nc|2025-03-10T17:39:39Z|27.58910|-86.80913,aoml/4903544/profiles/D4903544_128.nc,4903544,4903544,27.5891,-86.80913,2025-03-10T17:39:39Z,20250310,2025,1013,0.44,2013.32,94.82,True,True,True,https://noaa-nws-rtofs-pds.s3.amazonaws.com/rtofs.20250310/rtofs_glo_3dz_f006_6hrly_hvr_US_east.nc
ARGO_GDAC,pfl,aoml/4903544/profiles/D4903544_128.nc|2025-03-10T17:39:39Z|27.58910|-86.80913,aoml/4903544/profiles/D4903544_128.nc,4903544,4903544,27.5891,-86.80913,2025-03-10T17:39:39Z,20250310,2025,671,0.44,99.96,94.9787,True,True,True,https://noaa-nws-rtofs-pds.s3.amazonaws.com/rtofs.20250310/rtofs_glo_3dz_f006_6hrly_hvr_US_east.nc
ARGO_GDAC,pfl,aoml/4903544/profiles/D4903544_129.nc|2025-03-15T18:29:58Z|27.57981|-86.85911,aoml/4903544/profiles/D4903544_129.nc,4903544,4903544,27.57981,-86.85911,2025-03-15T18:29:58Z,20250315,2025,1013,1.0,2015.44,16.9239,True,True,True,https://noaa-nws-rtofs-pds.s3.amazonaws.com/rtofs.20250315/rtofs_glo_3dz_f006_6hrly_hvr_US_east.nc
ARGO_GDAC,pfl,aoml/4903544/profiles/D4903544_129.nc|2025-03-15T18:29:58Z|27.57981|-86.85911,aoml/4903544/profiles/D4903544_129.nc,4903544,4903544,27.57981,-86.85911,2025-03-15T18:29:58Z,20250315,2025,722,0.56,99.96,17.1273,True,True,True,https://noaa-nws-rtofs-pds.s3.amazonaws.com/rtofs.20250315/rtofs_glo_3dz_f006_6hrly_hvr_US_east.nc
ARGO_GDAC,pfl,aoml/4903544/profiles/D4903544_130.nc|2025-03-20T19:21:16Z|27.61721|-86.85851,aoml/4903544/profiles/D4903544_130.nc,4903544,4903544,27.61721,-86.85851,2025-03-20T19:21:16Z,20250320,2025,1012,1.04,2013.52,52.2616,True,True,True,https://noaa-nws-rtofs-pds.s3.amazonaws.com/rtofs.20250320/rtofs_glo_3dz_f006_6hrly_hvr_US_east.nc
ARGO_GDAC,pfl,aoml/4903544/profiles/D4903544_130.nc|2025-03-20T19:21:16Z|27.61721|-86.85851,aoml/4903544/profiles/D4903544_130.nc,4903544,4903544,27.61721,-86.85851,2025-03-20T19:21:16Z,20250320,2025,713,0.76,99.92,52.656,True,True,True,https://noaa-nws-rtofs-pds.s3.amazonaws.com/rtofs.20250320/rtofs_glo_3dz_f006_6hrly_hvr_US_east.nc
ARGO_GDAC,pfl,aoml/4903544/profiles/D4903544_131.nc|2025-03-25T20:09:25Z|27.60176|-86.84221,aoml/4903544/profiles/D4903544_131.nc,4903544,4903544,27.60176,-86.84221,2025-03-25T20:09:25Z,20250325,2025,1009,1.08,2007.48,14.1184,True,True,True,https://noaa-nws-rtofs-pds.s3.amazonaws.com/rtofs.20250325/rtofs_glo_3dz_f006_6hrly_hvr_US_east.nc
ARGO_GDAC,pfl,aoml/4903544/profiles/D4903544_131.nc|2025-03-25T20:09:25Z|27.60176|-86.84221,aoml/4903544/profiles/D4903544_131.nc,4903544,4903544,27.60176,-86.84221,2025-03-25T20:09:25Z,20250325,2025,749,0.64,99.96,14.25,True,True,True,https://noaa-nws-rtofs-pds.s3.amazonaws.com/rtofs.20250325/rtofs_glo_3dz_f006_6hrly_hvr_US_east.nc
ARGO_GDAC,pfl,aoml/4903544/profiles/D4903544_132.nc|2025-03-30T20:57:51Z|27.55813|-86.85557,aoml/4903544/profiles/D4903544_132.nc,4903544,4903544,27.55813,-86.85557,2025-03-30T20:57:51Z,20250330,2025,1010,0.96,2009.0,35.2271,True,True,True,https://noaa-nws-rtofs-pds.s3.amazonaws.com/rtofs.20250330/rtofs_glo_3dz_f006_6hrly_hvr_US_east.nc
ARGO_GDAC,pfl,aoml/4903544/profiles/D4903544_132.nc|2025-03-30T20:57:51Z|27.55813|-86.85557,aoml/4903544/profiles/D4903544_132.nc,4903544,4903544,27.55813,-86.85557,2025-03-30T20:57:51Z,20250330,2025,765,0.52,100.0,35.87,True,True,True,https://noaa-nws-rtofs-pds.s3.amazonaws.com/rtofs.20250330/rtofs_glo_3dz_f006_6hrly_hvr_US_east.nc
ARGO_GDAC,pfl,aoml/4903544/profiles/D4903544_133.nc|2025-04-04T21:37:58Z|27.54445|-86.97884,aoml/4903544/profiles/D4903544_133.nc,4903544,4903544,27.54445,-86.97884,2025-04-04T21:37:58Z,20250404,2025,1012,1.08,2013.12,21.2089,True,True,True,https://noaa-nws-rtofs-pds.s3.amazonaws.com/rtofs.20250404/rtofs_glo_3dz_f006_6hrly_hvr_US_east.nc
ARGO_GDAC,pfl,aoml/4903544/profiles/D4903544_133.nc|2025-04-04T21:37:58Z|27.54445|-86.97884,aoml/4903544/profiles/D4903544_133.nc,4903544,4903544,27.54445,-86.97884,2025-04-04T21:37:58Z,20250404,2025,777,0.72,99.96,21.7824,True,True,True,https://noaa-nws-rtofs-pds.s3.amazonaws.com/rtofs.20250404/rtofs_glo_3dz_f006_6hrly_hvr_US_east.nc
ARGO_GDAC,pfl,aoml/4903544/profiles/D4903544_134.nc|2025-04-09T22:32:09Z|27.53613|-87.16452,aoml/4903544/profiles/D4903544_134.nc,4903544,4903544,27.53613,-87.16452,2025-04-09T22:32:09Z,20250409,2025,1012,1.0,2013.52,36.1166,True,True,True,https://noaa-nws-rtofs-pds.s3.amazonaws.com/rtofs.20250409/rtofs_glo_3dz_f006_6hrly_hvr_US_east.nc
ARGO_GDAC,pfl,aoml/4903544/profiles/D4903544_134.nc|2025-04-09T22:32:09Z|27.53613|-87.16452,aoml/4903544/profiles/D4903544_134.nc,4903544,4903544,27.53613,-87.16452,2025-04-09T22:32:09Z,20250409,2025,757,0.6,99.84,36.4057,True,True,True,https://noaa-nws-rtofs-pds.s3.amazonaws.com/rtofs.20250409/rtofs_glo_3dz_f006_6hrly_hvr_US_east.nc
ARGO_GDAC,pfl,aoml/4903544/profiles/D4903544_135.nc|2025-04-14T23:12:10Z|27.38202|-87.55788,aoml/4903544/profiles/D4903544_135.nc,4903544,4903544,27.38202,-87.55788,2025-04-14T23:12:10Z,20250414,2025,1007,1.0,2003.8,37.1663,True,True,True,https://noaa-nws-rtofs-pds.s3.amazonaws.com/rtofs.20250414/rtofs_glo_3dz_f006_6hrly_hvr_US_east.nc
ARGO_GDAC,pfl,aoml/4903544/profiles/D4903544_135.nc|2025-04-14T23:12:10Z|27.38202|-87.55788,aoml/4903544/profiles/D4903544_135.nc,4903544,4903544,27.38202,-87.55788,2025-04-14T23:12:10Z,20250414,2025,722,0.6,99.88,37.7091,True,True,True,https://noaa-nws-rtofs-pds.s3.amazonaws.com/rtofs.20250414/rtofs_glo_3dz_f006_6hrly_hvr_US_east.nc
ARGO_GDAC,pfl,aoml/4903544/profiles/D4903544_136.nc|2025-04-19T23:51:48Z|27.14361|-88.03271,aoml/4903544/profiles/D4903544_136.nc,4903544,4903544,27.14361,-88.03271,2025-04-19T23:51:48Z,20250419,2025,1008,0.96,2005.48,13.9861,True,True,True,https://noaa-nws-rtofs-pds.s3.amazonaws.com/rtofs.20250419/rtofs_glo_3dz_f006_6hrly_hvr_US_east.nc
ARGO_GDAC,pfl,aoml/4903544/profiles/D4903544_136.nc|2025-04-19T23:51:48Z|27.14361|-88.03271,aoml/4903544/profiles/D4903544_136.nc,4903544,4903544,27.14361,-88.03271,2025-04-19T23:51:48Z,20250419,2025,729,0.52,99.88,14.12,True,True,True,https://noaa-nws-rtofs-pds.s3.amazonaws.com/rtofs.20250419/rtofs_glo_3dz_f006_6hrly_hvr_US_east.nc
ARGO_GDAC,pfl,aoml/4903544/profiles/D4903544_137.nc|2025-04-25T00:41:57Z|27.12633|-88.19788,aoml/4903544/profiles/D4903544_137.nc,4903544,4903544,27.12633,-88.19788,2025-04-25T00:41:57Z,20250425,2025,1008,1.12,2005.04,28.9786,True,True,True,https://noaa-nws-rtofs-pds.s3.amazonaws.com/rtofs.20250425/rtofs_glo_3dz_f006_6hrly_hvr_US_east.nc
ARGO_GDAC,pfl,aoml/4903544/profiles/D4903544_137.nc|2025-04-25T00:41:57Z|27.12633|-88.19788,aoml/4903544/profiles/D4903544_137.nc,4903544,4903544,27.12633,-88.19788,2025-04-25T00:41:57Z,20250425,2025,738,0.68,99.92,29.524,True,True,True,https://noaa-nws-rtofs-pds.s3.amazonaws.com/rtofs.20250425/rtofs_glo_3dz_f006_6hrly_hvr_US_east.nc
ARGO_GDAC,pfl,aoml/4903544/profiles/D4903544_138.nc|2025-04-30T01:26:26Z|27.42852|-87.60706,aoml/4903544/profiles/D4903544_138.nc,4903544,4903544,27.42852,-87.60706,2025-04-30T01:26:26Z,20250430,2025,1012,1.04,2013.4,12.46,True,True,True,https://noaa-nws-rtofs-pds.s3.amazonaws.com/rtofs.20250430/rtofs_glo_3dz_f006_6hrly_hvr_US_east.nc
ARGO_GDAC,pfl,aoml/4903544/profiles/D4903544_138.nc|2025-04-30T01:26:26Z|27.42852|-87.60706,aoml/4903544/profiles/D4903544_138.nc,4903544,4903544,27.42852,-87.60706,2025-04-30T01:26:26Z,20250430,2025,794,0.68,99.92,12.4687,True,True,True,https://noaa-nws-rtofs-pds.s3.amazonaws.com/rtofs.20250430/rtofs_glo_3dz_f006_6hrly_hvr_US_east.nc
ARGO_GDAC,pfl,aoml/4903544/profiles/D4903544_139.nc|2025-05-05T02:15:19Z|27.78800|-87.82822,aoml/4903544/profiles/D4903544_139.nc,4903544,4903544,27.788,-87.82822,2025-05-05T02:15:19Z,20250505,2025,1010,1.04,2009.24,14.6191,True,True,True,https://noaa-nws-rtofs-pds.s3.amazonaws.com/rtofs.20250505/rtofs_glo_3dz_f006_6hrly_hvr_US_east.nc
ARGO_GDAC,pfl,aoml/4903544/profiles/D4903544_139.nc|2025-05-05T02:15:19Z|27.78800|-87.82822,aoml/4903544/profiles/D4903544_139.nc,4903544,4903544,27.788,-87.82822,2025-05-05T02:15:19Z,20250505,2025,793,0.6,99.88,14.4188,True,True,True,https://noaa-nws-rtofs-pds.s3.amazonaws.com/rtofs.20250505/rtofs_glo_3dz_f006_6hrly_hvr_US_east.nc
ARGO_GDAC,pfl,aoml/4903544/profiles/D4903544_140.nc|2025-05-10T02:57:25Z|27.69184|-88.06514,aoml/4903544/profiles/D4903544_140.nc,4903544,4903544,27.69184,-88.06514,2025-05-10T02:57:25Z,20250510,2025,1009,1.12,2007.28,21.5484,True,True,True,https://noaa-nws-rtofs-pds.s3.amazonaws.com/rtofs.20250510/rtofs_glo_3dz_f006_6hrly_hvr_US_east.nc
ARGO_GDAC,pfl,aoml/4903544/profiles/D4903544_140.nc|2025-05-10T02:57:25Z|27.69184|-88.06514,aoml/4903544/profiles/D4903544_140.nc,4903544,4903544,27.69184,-88.06514,2025-05-10T02:57:25Z,20250510,2025,788,0.76,100.0,21.9048,True,True,True,https://noaa-nws-rtofs-pds.s3.amazonaws.com/rtofs.20250510/rtofs_glo_3dz_f006_6hrly_hvr_US_east.nc
ARGO_GDAC,pfl,aoml/4903544/profiles/D4903544_141.nc|2025-05-15T03:46:47Z|27.57502|-88.02824,aoml/4903544/profiles/D4903544_141.nc,4903544,4903544,27.57502,-88.02824,2025-05-15T03:46:47Z,20250515,2025,1012,0.4,2011.28,32.4412,True,True,True,https://noaa-nws-rtofs-pds.s3.amazonaws.com/rtofs.20250515/rtofs_glo_3dz_f006_6hrly_hvr_US_east.nc
ARGO_GDAC,pfl,aoml/4903544/profiles/D4903544_141.nc|2025-05-15T03:46:47Z|27.57502|-88.02824,aoml/4903544/profiles/D4903544_141.nc,4903544,4903544,27.57502,-88.02824,2025-05-15T03:46:47Z,20250515,2025,776,0.4,99.92,33.155,True,True,True,https://noaa-nws-rtofs-pds.s3.amazonaws.com/rtofs.20250515/rtofs_glo_3dz_f006_6hrly_hvr_US_east.nc
ARGO_GDAC,pfl,aoml/4903544/profiles/R4903544_142.nc|2025-05-20T04:33:41Z|27.23296|-88.21371,aoml/4903544/profiles/R4903544_142.nc,4903544,4903544,27.23296,-88.21371,2025-05-20T04:33:41Z,20250520,2025,1008,0.44,2003.28,13.8452,True,True,True,https://noaa-nws-rtofs-pds.s3.amazonaws.com/rtofs.20250520/rtofs_glo_3dz_f006_6hrly_hvr_US_east.nc
ARGO_GDAC,pfl,aoml/4903544/profiles/R4903544_142.nc|2025-05-20T04:33:41Z|27.23296|-88.21371,aoml/4903544/profiles/R4903544_142.nc,4903544,4903544,27.23296,-88.21371,2025-05-20T04:33:41Z,20250520,2025,754,0.44,99.88,14.0272,True,True,True,https://noaa-nws-rtofs-pds.s3.amazonaws.com/rtofs.20250520/rtofs_glo_3dz_f006_6hrly_hvr_US_east.nc
ARGO_GDAC,pfl,aoml/4903544/profiles/R4903544_143.nc|2025-05-25T05:17:35Z|27.01493|-88.34103,aoml/4903544/profiles/R4903544_143.nc,4903544,4903544,27.01493,-88.34103,2025-05-25T05:17:35Z,20250525,2025,1010,0.96,2009.44,11.3582,True,True,True,https://noaa-nws-rtofs-pds.s3.amazonaws.com/rtofs.20250525/rtofs_glo_3dz_f006_6hrly_hvr_US_east.nc
ARGO_GDAC,pfl,aoml/4903544/profiles/R4903544_143.nc|2025-05-25T05:17:35Z|27.01493|-88.34103,aoml/4903544/profiles/R4903544_143.nc,4903544,4903544,27.01493,-88.34103,2025-05-25T05:17:35Z,20250525,2025,776,0.52,99.92,11.5603,True,True,True,https://noaa-nws-rtofs-pds.s3.amazonaws.com/rtofs.20250525/rtofs_glo_3dz_f006_6hrly_hvr_US_east.nc
ARGO_GDAC,pfl,aoml/4903544/profiles/R4903544_144.nc|2025-05-30T06:07:40Z|26.71621|-88.43078,aoml/4903544/profiles/R4903544_144.nc,4903544,4903544,26.71621,-88.43078,2025-05-30T06:07:40Z,20250530,2025,1011,0.48,2009.0,14.2282,True,True,True,https://noaa-nws-rtofs-pds.s3.amazonaws.com/rtofs.20250530/rtofs_glo_3dz_f006_6hrly_hvr_US_east.nc
ARGO_GDAC,pfl,aoml/4903544/profiles/R4903544_144.nc|2025-05-30T06:07:40Z|26.71621|-88.43078,aoml/4903544/profiles/R4903544_144.nc,4903544,4903544,26.71621,-88.43078,2025-05-30T06:07:40Z,20250530,2025,827,0.48,100.0,14.6001,True,True,True,https://noaa-nws-rtofs-pds.s3.amazonaws.com/rtofs.20250530/rtofs_glo_3dz_f006_6hrly_hvr_US_east.nc
ARGO_GDAC,pfl,aoml/4903544/profiles/R4903544_145.nc|2025-06-04T06:52:08Z|26.95611|-88.83340,aoml/4903544/profiles/R4903544_145.nc,4903544,4903544,26.95611,-88.8334,2025-06-04T06:52:08Z,20250604,2025,1011,0.44,2009.72,13.5038,True,True,True,https://noaa-nws-rtofs-pds.s3.amazonaws.com/rtofs.20250604/rtofs_glo_3dz_f006_6hrly_hvr_US_east.nc
ARGO_GDAC,pfl,aoml/4903544/profiles/R4903544_145.nc|2025-06-04T06:52:08Z|26.95611|-88.83340,aoml/4903544/profiles/R4903544_145.nc,4903544,4903544,26.95611,-88.8334,2025-06-04T06:52:08Z,20250604,2025,766,0.44,99.96,12.886,True,True,True,https://noaa-nws-rtofs-pds.s3.amazonaws.com/rtofs.20250604/rtofs_glo_3dz_f006_6hrly_hvr_US_east.nc
ARGO_GDAC,pfl,aoml/4903544/profiles/R4903544_146.nc|2025-06-09T07:34:14Z|27.13561|-88.54000,aoml/4903544/profiles/R4903544_146.nc,4903544,4903544,27.13561,-88.54,2025-06-09T07:34:14Z,20250609,2025,1009,0.96,2007.44,11.1707,True,True,True,https://noaa-nws-rtofs-pds.s3.amazonaws.com/rtofs.20250609/rtofs_glo_3dz_f006_6hrly_hvr_US_east.nc
ARGO_GDAC,pfl,aoml/4903544/profiles/R4903544_146.nc|2025-06-09T07:34:14Z|27.13561|-88.54000,aoml/4903544/profiles/R4903544_146.nc,4903544,4903544,27.13561,-88.54,2025-06-09T07:34:14Z,20250609,2025,771,0.52,99.96,10.5166,True,True,True,https://noaa-nws-rtofs-pds.s3.amazonaws.com/rtofs.20250609/rtofs_glo_3dz_f006_6hrly_hvr_US_east.nc
ARGO_GDAC,pfl,aoml/4903544/profiles/R4903544_147.nc|2025-06-14T08:15:39Z|26.87861|-88.70052,aoml/4903544/profiles/R4903544_147.nc,4903544,4903544,26.87861,-88.70052,2025-06-14T08:15:39Z,20250614,2025,1010,0.48,2007.52,15.6065,True,True,True,https://noaa-nws-rtofs-pds.s3.amazonaws.com/rtofs.20250614/rtofs_glo_3dz_f006_6hrly_hvr_US_east.nc
ARGO_GDAC,pfl,aoml/4903544/profiles/R4903544_147.nc|2025-06-14T08:15:39Z|26.87861|-88.70052,aoml/4903544/profiles/R4903544_147.nc,4903544,4903544,26.87861,-88.70052,2025-06-14T08:15:39Z,20250614,2025,761,0.48,100.0,15.5924,True,True,True,https://noaa-nws-rtofs-pds.s3.amazonaws.com/rtofs.20250614/rtofs_glo_3dz_f006_6hrly_hvr_US_east.nc
ARGO_GDAC,pfl,aoml/4903544/profiles/R4903544_148.nc|2025-06-19T09:04:33Z|26.99065|-88.18435,aoml/4903544/profiles/R4903544_148.nc,4903544,4903544,26.99065,-88.18435,2025-06-19T09:04:33Z,20250619,2025,1010,0.96,2009.64,11.3039,True,True,True,https://noaa-nws-rtofs-pds.s3.amazonaws.com/rtofs.20250619/rtofs_glo_3dz_f006_6hrly_hvr_US_east.nc
ARGO_GDAC,pfl,aoml/4903544/profiles/R4903544_148.nc|2025-06-19T09:04:33Z|26.99065|-88.18435,aoml/4903544/profiles/R4903544_148.nc,4903544,4903544,26.99065,-88.18435,2025-06-19T09:04:33Z,20250619,2025,762,0.56,99.92,11.6328,True,True,True,https://noaa-nws-rtofs-pds.s3.amazonaws.com/rtofs.20250619/rtofs_glo_3dz_f006_6hrly_hvr_US_east.nc
ARGO_GDAC,pfl,aoml/4903544/profiles/R4903544_149.nc|2025-06-24T09:48:06Z|26.58277|-88.18128,aoml/4903544/profiles/R4903544_149.nc,4903544,4903544,26.58277,-88.18128,2025-06-24T09:48:06Z,20250624,2025,1011,1.08,2011.32,24.164,True,True,True,https://noaa-nws-rtofs-pds.s3.amazonaws.com/rtofs.20250624/rtofs_glo_3dz_f006_6hrly_hvr_US_east.nc
ARGO_GDAC,pfl,aoml/4903544/profiles/R4903544_149.nc|2025-06-24T09:48:06Z|26.58277|-88.18128,aoml/4903544/profiles/R4903544_149.nc,4903544,4903544,26.58277,-88.18128,2025-06-24T09:48:06Z,20250624,2025,871,0.68,99.96,24.6818,True,True,True,https://noaa-nws-rtofs-pds.s3.amazonaws.com/rtofs.20250624/rtofs_glo_3dz_f006_6hrly_hvr_US_east.nc
ARGO_GDAC,pfl,aoml/4903544/profiles/R4903544_150.nc|2025-06-29T10:33:11Z|26.73095|-88.09350,aoml/4903544/profiles/R4903544_150.nc,4903544,4903544,26.73095,-88.0935,2025-06-29T10:33:11Z,20250629,2025,1009,1.0,2007.48,32.3736,True,True,True,https://noaa-nws-rtofs-pds.s3.amazonaws.com/rtofs.20250629/rtofs_glo_3dz_f006_6hrly_hvr_US_east.nc
ARGO_GDAC,pfl,aoml/4903544/profiles/R4903544_150.nc|2025-06-29T10:33:11Z|26.73095|-88.09350,aoml/4903544/profiles/R4903544_150.nc,4903544,4903544,26.73095,-88.0935,2025-06-29T10:33:11Z,20250629,2025,866,0.52,99.84,32.5385,True,True,True,https://noaa-nws-rtofs-pds.s3.amazonaws.com/rtofs.20250629/rtofs_glo_3dz_f006_6hrly_hvr_US_east.nc
ARGO_GDAC,pfl,aoml/4903544/profiles/R4903544_151.nc|2025-07-04T11:08:27Z|26.87840|-87.77898,aoml/4903544/profiles/R4903544_151.nc,4903544,4903544,26.8784,-87.77898,2025-07-04T11:08:27Z,20250704,2025,1010,1.04,2009.44,19.4661,True,True,True,https://noaa-nws-rtofs-pds.s3.amazonaws.com/rtofs.20250704/rtofs_glo_3dz_f006_6hrly_hvr_US_east.nc
ARGO_GDAC,pfl,aoml/4903544/profiles/R4903544_151.nc|2025-07-04T11:08:27Z|26.87840|-87.77898,aoml/4903544/profiles/R4903544_151.nc,4903544,4903544,26.8784,-87.77898,2025-07-04T11:08:27Z,20250704,2025,763,0.64,100.0,19.5599,True,True,True,https://noaa-nws-rtofs-pds.s3.amazonaws.com/rtofs.20250704/rtofs_glo_3dz_f006_6hrly_hvr_US_east.nc
ARGO_GDAC,pfl,aoml/4903544/profiles/R4903544_152.nc|2025-07-09T11:57:33Z|26.70179|-87.74553,aoml/4903544/profiles/R4903544_152.nc,4903544,4903544,26.70179,-87.74553,2025-07-09T11:57:33Z,20250709,2025,1009,1.08,2007.56,13.7215,True,True,True,https://noaa-nws-rtofs-pds.s3.amazonaws.com/rtofs.20250709/rtofs_glo_3dz_f006_6hrly_hvr_US_east.nc
ARGO_GDAC,pfl,aoml/4903544/profiles/R4903544_152.nc|2025-07-09T11:57:33Z|26.70179|-87.74553,aoml/4903544/profiles/R4903544_152.nc,4903544,4903544,26.70179,-87.74553,2025-07-09T11:57:33Z,20250709,2025,767,0.6,99.96,13.5825,True,True,True,https://noaa-nws-rtofs-pds.s3.amazonaws.com/rtofs.20250709/rtofs_glo_3dz_f006_6hrly_hvr_US_east.nc
ARGO_GDAC,pfl,aoml/4903544/profiles/R4903544_153.nc|2025-07-14T12:39:59Z|26.94056|-87.88029,aoml/4903544/profiles/R4903544_153.nc,4903544,4903544,26.94056,-87.88029,2025-07-14T12:39:59Z,20250714,2025,1011,1.0,2011.44,20.7124,True,True,True,https://noaa-nws-rtofs-pds.s3.amazonaws.com/rtofs.20250714/rtofs_glo_3dz_f006_6hrly_hvr_US_east.nc
ARGO_GDAC,pfl,aoml/4903544/profiles/R4903544_153.nc|2025-07-14T12:39:59Z|26.94056|-87.88029,aoml/4903544/profiles/R4903544_153.nc,4903544,4903544,26.94056,-87.88029,2025-07-14T12:39:59Z,20250714,2025,862,0.6,100.0,20.832,True,True,True,https://noaa-nws-rtofs-pds.s3.amazonaws.com/rtofs.20250714/rtofs_glo_3dz_f006_6hrly_hvr_US_east.nc
ARGO_GDAC,pfl,aoml/4903544/profiles/R4903544_154.nc|2025-07-19T13:24:33Z|27.17635|-87.35288,aoml/4903544/profiles/R4903544_154.nc,4903544,4903544,27.17635,-87.35288,2025-07-19T13:24:33Z,20250719,2025,1012,0.96,2013.36,17.0946,True,True,True,https://noaa-nws-rtofs-pds.s3.amazonaws.com/rtofs.20250719/rtofs_glo_3dz_f006_6hrly_hvr_US_east.nc
ARGO_GDAC,pfl,aoml/4903544/profiles/R4903544_154.nc|2025-07-19T13:24:33Z|27.17635|-87.35288,aoml/4903544/profiles/R4903544_154.nc,4903544,4903544,27.17635,-87.35288,2025-07-19T13:24:33Z,20250719,2025,854,0.56,99.96,16.7869,True,True,True,https://noaa-nws-rtofs-pds.s3.amazonaws.com/rtofs.20250719/rtofs_glo_3dz_f006_6hrly_hvr_US_east.nc
ARGO_GDAC,pfl,aoml/4903544/profiles/R4903544_155.nc|2025-07-24T14:08:31Z|26.72909|-87.26748,aoml/4903544/profiles/R4903544_155.nc,4903544,4903544,26.72909,-87.26748,2025-07-24T14:08:31Z,20250724,2025,1011,1.08,2011.36,29.5494,True,True,True,https://noaa-nws-rtofs-pds.s3.amazonaws.com/rtofs.20250724/rtofs_glo_3dz_f006_6hrly_hvr_US_east.nc
ARGO_GDAC,pfl,aoml/4903544/profiles/R4903544_155.nc|2025-07-24T14:08:31Z|26.72909|-87.26748,aoml/4903544/profiles/R4903544_155.nc,4903544,4903544,26.72909,-87.26748,2025-07-24T14:08:31Z,20250724,2025,698,0.64,99.96,29.8125,True,True,True,https://noaa-nws-rtofs-pds.s3.amazonaws.com/rtofs.20250724/rtofs_glo_3dz_f006_6hrly_hvr_US_east.nc
ARGO_GDAC,pfl,aoml/4903544/profiles/R4903544_156.nc|2025-07-29T14:54:52Z|26.37070|-86.95160,aoml/4903544/profiles/R4903544_156.nc,4903544,4903544,26.3707,-86.9516,2025-07-29T14:54:52Z,20250729,2025,1008,0.96,2005.4,25.1689,True,True,True,https://noaa-nws-rtofs-pds.s3.amazonaws.com/rtofs.20250729/rtofs_glo_3dz_f006_6hrly_hvr_US_east.nc
ARGO_GDAC,pfl,aoml/4903544/profiles/R4903544_156.nc|2025-07-29T14:54:52Z|26.37070|-86.95160,aoml/4903544/profiles/R4903544_156.nc,4903544,4903544,26.3707,-86.9516,2025-07-29T14:54:52Z,20250729,2025,706,0.52,100.0,24.857,True,True,True,https://noaa-nws-rtofs-pds.s3.amazonaws.com/rtofs.20250729/rtofs_glo_3dz_f006_6hrly_hvr_US_east.nc
ARGO_GDAC,pfl,aoml/4903544/profiles/R4903544_157.nc|2025-08-03T15:42:19Z|25.98476|-85.89378,aoml/4903544/profiles/R4903544_157.nc,4903544,4903544,25.98476,-85.89378,2025-08-03T15:42:19Z,20250803,2025,1012,1.44,2013.72,28.2959,True,True,True,https://noaa-nws-rtofs-pds.s3.amazonaws.com/rtofs.20250803/rtofs_glo_3dz_f006_6hrly_hvr_US_east.nc
ARGO_GDAC,pfl,aoml/4903544/profiles/R4903544_157.nc|2025-08-03T15:42:19Z|25.98476|-85.89378,aoml/4903544/profiles/R4903544_157.nc,4903544,4903544,25.98476,-85.89378,2025-08-03T15:42:19Z,20250803,2025,853,1.36,100.0,28.584,True,True,True,https://noaa-nws-rtofs-pds.s3.amazonaws.com/rtofs.20250803/rtofs_glo_3dz_f006_6hrly_hvr_US_east.nc
ARGO_GDAC,pfl,aoml/4903544/profiles/R4903544_158.nc|2025-08-08T16:25:20Z|26.67172|-85.84058,aoml/4903544/profiles/R4903544_158.nc,4903544,4903544,26.67172,-85.84058,2025-08-08T16:25:20Z,20250808,2025,1007,3.36,2007.64,12.6018,True,True,True,https://noaa-nws-rtofs-pds.s3.amazonaws.com/rtofs.20250808/rtofs_glo_3dz_f006_6hrly_hvr_US_east.nc
ARGO_GDAC,pfl,aoml/4903544/profiles/R4903544_158.nc|2025-08-08T16:25:20Z|26.67172|-85.84058,aoml/4903544/profiles/R4903544_158.nc,4903544,4903544,26.67172,-85.84058,2025-08-08T16:25:20Z,20250808,2025,865,3.28,99.88,12.4629,True,True,True,https://noaa-nws-rtofs-pds.s3.amazonaws.com/rtofs.20250808/rtofs_glo_3dz_f006_6hrly_hvr_US_east.nc
ARGO_GDAC,pfl,aoml/4903544/profiles/R4903544_159.nc|2025-08-13T17:06:32Z|26.26698|-86.86245,aoml/4903544/profiles/R4903544_159.nc,4903544,4903544,26.26698,-86.86245,2025-08-13T17:06:32Z,20250813,2025,1011,1.04,2011.68,33.6204,True,True,True,https://noaa-nws-rtofs-pds.s3.amazonaws.com/rtofs.20250813/rtofs_glo_3dz_f006_6hrly_hvr_US_east.nc
ARGO_GDAC,pfl,aoml/4903544/profiles/R4903544_159.nc|2025-08-13T17:06:32Z|26.26698|-86.86245,aoml/4903544/profiles/R4903544_159.nc,4903544,4903544,26.26698,-86.86245,2025-08-13T17:06:32Z,20250813,2025,683,0.56,99.84,33.24,True,True,True,https://noaa-nws-rtofs-pds.s3.amazonaws.com/rtofs.20250813/rtofs_glo_3dz_f006_6hrly_hvr_US_east.nc
ARGO_GDAC,pfl,aoml/4903544/profiles/R4903544_160.nc|2025-08-18T17:45:17Z|25.64356|-87.71281,aoml/4903544/profiles/R4903544_160.nc,4903544,4903544,25.64356,-87.71281,2025-08-18T17:45:17Z,20250818,2025,1011,0.48,2009.6,32.9871,True,True,True,https://noaa-nws-rtofs-pds.s3.amazonaws.com/rtofs.20250818/rtofs_glo_3dz_f006_6hrly_hvr_US_east.nc
ARGO_GDAC,pfl,aoml/4903544/profiles/R4903544_160.nc|2025-08-18T17:45:17Z|25.64356|-87.71281,aoml/4903544/profiles/R4903544_160.nc,4903544,4903544,25.64356,-87.71281,2025-08-18T17:45:17Z,20250818,2025,713,0.48,99.96,33.5292,True,True,True,https://noaa-nws-rtofs-pds.s3.amazonaws.com/rtofs.20250818/rtofs_glo_3dz_f006_6hrly_hvr_US_east.nc
ARGO_GDAC,pfl,aoml/4903544/profiles/R4903544_161.nc|2025-08-23T18:15:49Z|25.10473|-87.60416,aoml/4903544/profiles/R4903544_161.nc,4903544,4903544,25.10473,-87.60416,2025-08-23T18:15:49Z,20250823,2025,1009,1.16,2007.76,35.6685,True,True,True,https://noaa-nws-rtofs-pds.s3.amazonaws.com/rtofs.20250823/rtofs_glo_3dz_f006_6hrly_hvr_US_east.nc
ARGO_GDAC,pfl,aoml/4903544/profiles/R4903544_161.nc|2025-08-23T18:15:49Z|25.10473|-87.60416,aoml/4903544/profiles/R4903544_161.nc,4903544,4903544,25.10473,-87.60416,2025-08-23T18:15:49Z,20250823,2025,700,0.96,99.92,35.6957,True,True,True,https://noaa-nws-rtofs-pds.s3.amazonaws.com/rtofs.20250823/rtofs_glo_3dz_f006_6hrly_hvr_US_east.nc
ARGO_GDAC,pfl,aoml/4903544/profiles/R4903544_162.nc|2025-08-28T19:07:54Z|24.93437|-86.53271,aoml/4903544/profiles/R4903544_162.nc,4903544,4903544,24.93437,-86.53271,2025-08-28T19:07:54Z,20250828,2025,1007,1.04,2003.68,34.0436,True,True,True,https://noaa-nws-rtofs-pds.s3.amazonaws.com/rtofs.20250828/rtofs_glo_3dz_f006_6hrly_hvr_US_east.nc
ARGO_GDAC,pfl,aoml/4903544/profiles/R4903544_162.nc|2025-08-28T19:07:54Z|24.93437|-86.53271,aoml/4903544/profiles/R4903544_162.nc,4903544,4903544,24.93437,-86.53271,2025-08-28T19:07:54Z,20250828,2025,986,0.6,99.96,34.1548,True,True,True,https://noaa-nws-rtofs-pds.s3.amazonaws.com/rtofs.20250828/rtofs_glo_3dz_f006_6hrly_hvr_US_east.nc
ARGO_GDAC,pfl,aoml/4903544/profiles/R4903544_163.nc|2025-09-02T19:50:45Z|24.48773|-86.35251,aoml/4903544/profiles/R4903544_163.nc,4903544,4903544,24.48773,-86.35251,2025-09-02T19:50:45Z,20250902,2025,1013,1.12,2015.32,11.6063,True,True,True,https://noaa-nws-rtofs-pds.s3.amazonaws.com/rtofs.20250902/rtofs_glo_3dz_f006_6hrly_hvr_US_east.nc
ARGO_GDAC,pfl,aoml/4903544/profiles/R4903544_163.nc|2025-09-02T19:50:45Z|24.48773|-86.35251,aoml/4903544/profiles/R4903544_163.nc,4903544,4903544,24.48773,-86.35251,2025-09-02T19:50:45Z,20250902,2025,877,0.8,99.92,11.9963,True,True,True,https://noaa-nws-rtofs-pds.s3.amazonaws.com/rtofs.20250902/rtofs_glo_3dz_f006_6hrly_hvr_US_east.nc
ARGO_GDAC,pfl,aoml/4903544/profiles/R4903544_164.nc|2025-09-07T20:35:52Z|24.39098|-85.89766,aoml/4903544/profiles/R4903544_164.nc,4903544,4903544,24.39098,-85.89766,2025-09-07T20:35:52Z,20250907,2025,1013,1.04,2015.48,13.5777,True,True,True,https://noaa-nws-rtofs-pds.s3.amazonaws.com/rtofs.20250907/rtofs_glo_3dz_f006_6hrly_hvr_US_east.nc
ARGO_GDAC,pfl,aoml/4903544/profiles/R4903544_164.nc|2025-09-07T20:35:52Z|24.39098|-85.89766,aoml/4903544/profiles/R4903544_164.nc,4903544,4903544,24.39098,-85.89766,2025-09-07T20:35:52Z,20250907,2025,785,0.64,99.96,13.5,True,True,True,https://noaa-nws-rtofs-pds.s3.amazonaws.com/rtofs.20250907/rtofs_glo_3dz_f006_6hrly_hvr_US_east.nc
ARGO_GDAC,pfl,aoml/4903544/profiles/R4903544_165.nc|2025-09-12T21:14:08Z|24.68492|-85.63570,aoml/4903544/profiles/R4903544_165.nc,4903544,4903544,24.68492,-85.6357,2025-09-12T21:14:08Z,20250912,2025,1011,1.04,2011.08,20.6054,True,True,True,https://noaa-nws-rtofs-pds.s3.amazonaws.com/rtofs.20250912/rtofs_glo_3dz_f006_6hrly_hvr_US_east.nc
ARGO_GDAC,pfl,aoml/4903544/profiles/R4903544_165.nc|2025-09-12T21:14:08Z|24.68492|-85.63570,aoml/4903544/profiles/R4903544_165.nc,4903544,4903544,24.68492,-85.6357,2025-09-12T21:14:08Z,20250912,2025,838,0.64,99.88,21.161,True,True,True,https://noaa-nws-rtofs-pds.s3.amazonaws.com/rtofs.20250912/rtofs_glo_3dz_f006_6hrly_hvr_US_east.nc
ARGO_GDAC,pfl,aoml/4903544/profiles/R4903544_166.nc|2025-09-17T21:54:37Z|24.89524|-85.47304,aoml/4903544/profiles/R4903544_166.nc,4903544,4903544,24.89524,-85.47304,2025-09-17T21:54:37Z,20250917,2025,1008,1.0,2005.2,26.8124,True,True,True,https://noaa-nws-rtofs-pds.s3.amazonaws.com/rtofs.20250917/rtofs_glo_3dz_f006_6hrly_hvr_US_east.nc
ARGO_GDAC,pfl,aoml/4903544/profiles/R4903544_166.nc|2025-09-17T21:54:37Z|24.89524|-85.47304,aoml/4903544/profiles/R4903544_166.nc,4903544,4903544,24.89524,-85.47304,2025-09-17T21:54:37Z,20250917,2025,860,0.52,99.88,24.8191,True,True,True,https://noaa-nws-rtofs-pds.s3.amazonaws.com/rtofs.20250917/rtofs_glo_3dz_f006_6hrly_hvr_US_east.nc
ARGO_GDAC,pfl,aoml/4903544/profiles/R4903544_167.nc|2025-09-22T22:44:15Z|24.95395|-85.28167,aoml/4903544/profiles/R4903544_167.nc,4903544,4903544,24.95395,-85.28167,2025-09-22T22:44:15Z,20250922,2025,1009,1.08,2007.44,43.9531,True,True,True,https://noaa-nws-rtofs-pds.s3.amazonaws.com/rtofs.20250922/rtofs_glo_3dz_f006_6hrly_hvr_US_east.nc
ARGO_GDAC,pfl,aoml/4903544/profiles/R4903544_167.nc|2025-09-22T22:44:15Z|24.95395|-85.28167,aoml/4903544/profiles/R4903544_167.nc,4903544,4903544,24.95395,-85.28167,2025-09-22T22:44:15Z,20250922,2025,775,0.64,99.96,43.76,True,True,True,https://noaa-nws-rtofs-pds.s3.amazonaws.com/rtofs.20250922/rtofs_glo_3dz_f006_6hrly_hvr_US_east.nc
ARGO_GDAC,pfl,aoml/4903544/profiles/R4903544_168.nc|2025-09-27T23:19:05Z|24.74571|-84.97339,aoml/4903544/profiles/R4903544_168.nc,4903544,4903544,24.74571,-84.97339,2025-09-27T23:19:05Z,20250927,2025,1007,1.04,2003.64,42.7508,True,True,True,https://noaa-nws-rtofs-pds.s3.amazonaws.com/rtofs.20250927/rtofs_glo_3dz_f006_6hrly_hvr_US_east.nc
ARGO_GDAC,pfl,aoml/4903544/profiles/R4903544_168.nc|2025-09-27T23:19:05Z|24.74571|-84.97339,aoml/4903544/profiles/R4903544_168.nc,4903544,4903544,24.74571,-84.97339,2025-09-27T23:19:05Z,20250927,2025,764,0.68,99.96,42.8655,True,True,True,https://noaa-nws-rtofs-pds.s3.amazonaws.com/rtofs.20250927/rtofs_glo_3dz_f006_6hrly_hvr_US_east.nc
ARGO_GDAC,pfl,aoml/4903544/profiles/R4903544_169.nc|2025-10-03T00:06:27Z|24.54516|-84.79313,aoml/4903544/profiles/R4903544_169.nc,4903544,4903544,24.54516,-84.79313,2025-10-03T00:06:27Z,20251003,2025,1012,0.44,2011.36,56.0273,True,True,True,https://noaa-nws-rtofs-pds.s3.amazonaws.com/rtofs.20251003/rtofs_glo_3dz_f006_6hrly_hvr_US_east.nc
ARGO_GDAC,pfl,aoml/4903544/profiles/R4903544_169.nc|2025-10-03T00:06:27Z|24.54516|-84.79313,aoml/4903544/profiles/R4903544_169.nc,4903544,4903544,24.54516,-84.79313,2025-10-03T00:06:27Z,20251003,2025,709,0.44,99.88,56.0727,True,True,True,https://noaa-nws-rtofs-pds.s3.amazonaws.com/rtofs.20251003/rtofs_glo_3dz_f006_6hrly_hvr_US_east.nc
ARGO_GDAC,pfl,aoml/4903544/profiles/R4903544_170.nc|2025-10-08T00:51:53Z|24.44953|-84.68203,aoml/4903544/profiles/R4903544_170.nc,4903544,4903544,24.44953,-84.68203,2025-10-08T00:51:53Z,20251008,2025,1010,1.0,2009.64,43.1526,True,True,True,https://noaa-nws-rtofs-pds.s3.amazonaws.com/rtofs.20251008/rtofs_glo_3dz_f006_6hrly_hvr_US_east.nc
ARGO_GDAC,pfl,aoml/4903544/profiles/R4903544_170.nc|2025-10-08T00:51:53Z|24.44953|-84.68203,aoml/4903544/profiles/R4903544_170.nc,4903544,4903544,24.44953,-84.68203,2025-10-08T00:51:53Z,20251008,2025,724,0.64,99.88,43.5307,True,True,True,https://noaa-nws-rtofs-pds.s3.amazonaws.com/rtofs.20251008/rtofs_glo_3dz_f006_6hrly_hvr_US_east.nc
ARGO_GDAC,pfl,aoml/4903544/profiles/R4903544_171.nc|2025-10-13T01:33:18Z|24.41948|-84.55586,aoml/4903544/profiles/R4903544_171.nc,4903544,4903544,24.41948,-84.55586,2025-10-13T01:33:18Z,20251013,2025,1011,1.04,2011.16,52.5535,True,True,True,https://noaa-nws-rtofs-pds.s3.amazonaws.com/rtofs.20251013/rtofs_glo_3dz_f006_6hrly_hvr_US_east.nc
ARGO_GDAC,pfl,aoml/4903544/profiles/R4903544_171.nc|2025-10-13T01:33:18Z|24.41948|-84.55586,aoml/4903544/profiles/R4903544_171.nc,4903544,4903544,24.41948,-84.55586,2025-10-13T01:33:18Z,20251013,2025,695,0.6,99.96,53.2835,True,True,True,https://noaa-nws-rtofs-pds.s3.amazonaws.com/rtofs.20251013/rtofs_glo_3dz_f006_6hrly_hvr_US_east.nc
ARGO_GDAC,pfl,aoml/4903544/profiles/R4903544_172.nc|2025-10-18T02:16:07Z|24.41733|-84.45001,aoml/4903544/profiles/R4903544_172.nc,4903544,4903544,24.41733,-84.45001,2025-10-18T02:16:07Z,20251018,2025,1012,1.04,2013.36,74.6857,True,True,True,https://noaa-nws-rtofs-pds.s3.amazonaws.com/rtofs.20251018/rtofs_glo_3dz_f006_6hrly_hvr_US_east.nc
ARGO_GDAC,pfl,aoml/4903544/profiles/R4903544_172.nc|2025-10-18T02:16:07Z|24.41733|-84.45001,aoml/4903544/profiles/R4903544_172.nc,4903544,4903544,24.41733,-84.45001,2025-10-18T02:16:07Z,20251018,2025,671,0.56,99.96,74.8986,True,True,True,https://noaa-nws-rtofs-pds.s3.amazonaws.com/rtofs.20251018/rtofs_glo_3dz_f006_6hrly_hvr_US_east.nc
ARGO_GDAC,pfl,aoml/4903544/profiles/R4903544_173.nc|2025-10-23T02:49:03Z|24.45320|-84.44649,aoml/4903544/profiles/R4903544_173.nc,4903544,4903544,24.4532,-84.44649,2025-10-23T02:49:03Z,20251023,2025,1011,1.2,2011.28,71.2315,True,True,True,https://noaa-nws-rtofs-pds.s3.amazonaws.com/rtofs.20251023/rtofs_glo_3dz_f006_6hrly_hvr_US_east.nc
ARGO_GDAC,pfl,aoml/4903544/profiles/R4903544_173.nc|2025-10-23T02:49:03Z|24.45320|-84.44649,aoml/4903544/profiles/R4903544_173.nc,4903544,4903544,24.4532,-84.44649,2025-10-23T02:49:03Z,20251023,2025,656,1.0,99.84,71.706,True,True,True,https://noaa-nws-rtofs-pds.s3.amazonaws.com/rtofs.20251023/rtofs_glo_3dz_f006_6hrly_hvr_US_east.nc
ARGO_GDAC,pfl,aoml/4903544/profiles/R4903544_174.nc|2025-10-28T03:35:21Z|24.43246|-84.38816,aoml/4903544/profiles/R4903544_174.nc,4903544,4903544,24.43246,-84.38816,2025-10-28T03:35:21Z,20251028,2025,1012,1.0,2013.32,64.7887,True,True,True,https://noaa-nws-rtofs-pds.s3.amazonaws.com/rtofs.20251028/rtofs_glo_3dz_f006_6hrly_hvr_US_east.nc
ARGO_GDAC,pfl,aoml/4903544/profiles/R4903544_174.nc|2025-10-28T03:35:21Z|24.43246|-84.38816,aoml/4903544/profiles/R4903544_174.nc,4903544,4903544,24.43246,-84.38816,2025-10-28T03:35:21Z,20251028,2025,793,0.52,99.92,65.0369,True,True,True,https://noaa-nws-rtofs-pds.s3.amazonaws.com/rtofs.20251028/rtofs_glo_3dz_f006_6hrly_hvr_US_east.nc
ARGO_GDAC,pfl,aoml/4903544/profiles/R4903544_175.nc|2025-11-02T04:16:15Z|24.50596|-84.35557,aoml/4903544/profiles/R4903544_175.nc,4903544,4903544,24.50596,-84.35557,2025-11-02T04:16:15Z,20251102,2025,1007,1.0,2003.44,73.366,True,True,True,https://noaa-nws-rtofs-pds.s3.amazonaws.com/rtofs.20251102/rtofs_glo_3dz_f006_6hrly_hvr_US_east.nc
ARGO_GDAC,pfl,aoml/4903544/profiles/R4903544_175.nc|2025-11-02T04:16:15Z|24.50596|-84.35557,aoml/4903544/profiles/R4903544_175.nc,4903544,4903544,24.50596,-84.35557,2025-11-02T04:16:15Z,20251102,2025,774,0.56,99.96,73.6857,True,True,True,https://noaa-nws-rtofs-pds.s3.amazonaws.com/rtofs.20251102/rtofs_glo_3dz_f006_6hrly_hvr_US_east.nc
ARGO_GDAC,pfl,aoml/4903544/profiles/R4903544_176.nc|2025-11-07T04:52:27Z|24.62846|-84.51278,aoml/4903544/profiles/R4903544_176.nc,4903544,4903544,24.62846,-84.51278,2025-11-07T04:52:27Z,20251107,2025,1011,0.96,2011.24,43.3674,True,True,True,https://noaa-nws-rtofs-pds.s3.amazonaws.com/rtofs.20251107/rtofs_glo_3dz_f006_6hrly_hvr_US_east.nc
ARGO_GDAC,pfl,aoml/4903544/profiles/R4903544_176.nc|2025-11-07T04:52:27Z|24.62846|-84.51278,aoml/4903544/profiles/R4903544_176.nc,4903544,4903544,24.62846,-84.51278,2025-11-07T04:52:27Z,20251107,2025,628,0.52,99.92,42.9143,True,True,True,https://noaa-nws-rtofs-pds.s3.amazonaws.com/rtofs.20251107/rtofs_glo_3dz_f006_6hrly_hvr_US_east.nc
ARGO_GDAC,pfl,aoml/4903544/profiles/R4903544_177.nc|2025-11-12T05:39:18Z|24.67528|-84.73191,aoml/4903544/profiles/R4903544_177.nc,4903544,4903544,24.67528,-84.73191,2025-11-12T05:39:18Z,20251112,2025,1010,1.04,2009.28,104.1517,True,False,True,https://noaa-nws-rtofs-pds.s3.amazonaws.com/rtofs.20251112/rtofs_glo_3dz_f006_6hrly_hvr_US_east.nc
ARGO_GDAC,pfl,aoml/4903544/profiles/R4903544_177.nc|2025-11-12T05:39:18Z|24.67528|-84.73191,aoml/4903544/profiles/R4903544_177.nc,4903544,4903544,24.67528,-84.73191,2025-11-12T05:39:18Z,20251112,2025,690,0.56,99.96,,False,False,True,https://noaa-nws-rtofs-pds.s3.amazonaws.com/rtofs.20251112/rtofs_glo_3dz_f006_6hrly_hvr_US_east.nc
ARGO_GDAC,pfl,aoml/4903544/profiles/R4903544_178.nc|2025-11-17T06:20:48Z|24.66939|-84.96487,aoml/4903544/profiles/R4903544_178.nc,4903544,4903544,24.66939,-84.96487,2025-11-17T06:20:48Z,20251117,2025,1013,1.0,2015.04,84.2503,True,True,True,https://noaa-nws-rtofs-pds.s3.amazonaws.com/rtofs.20251117/rtofs_glo_3dz_f006_6hrly_hvr_US_east.nc
ARGO_GDAC,pfl,aoml/4903544/profiles/R4903544_178.nc|2025-11-17T06:20:48Z|24.66939|-84.96487,aoml/4903544/profiles/R4903544_178.nc,4903544,4903544,24.66939,-84.96487,2025-11-17T06:20:48Z,20251117,2025,713,0.6,99.84,84.4934,True,True,True,https://noaa-nws-rtofs-pds.s3.amazonaws.com/rtofs.20251117/rtofs_glo_3dz_f006_6hrly_hvr_US_east.nc
ARGO_GDAC,pfl,aoml/4903544/profiles/R4903544_179.nc|2025-11-22T07:04:44Z|24.68953|-85.19815,aoml/4903544/profiles/R4903544_179.nc,4903544,4903544,24.68953,-85.19815,2025-11-22T07:04:44Z,20251122,2025,1012,1.0,2013.36,99.2434,True,True,True,https://noaa-nws-rtofs-pds.s3.amazonaws.com/rtofs.20251122/rtofs_glo_3dz_f006_6hrly_hvr_US_east.nc
ARGO_GDAC,pfl,aoml/4903544/profiles/R4903544_179.nc|2025-11-22T07:04:44Z|24.68953|-85.19815,aoml/4903544/profiles/R4903544_179.nc,4903544,4903544,24.68953,-85.19815,2025-11-22T07:04:44Z,20251122,2025,669,0.56,99.88,98.9714,True,True,True,https://noaa-nws-rtofs-pds.s3.amazonaws.com/rtofs.20251122/rtofs_glo_3dz_f006_6hrly_hvr_US_east.nc
ARGO_GDAC,pfl,aoml/4903544/profiles/R4903544_180.nc|2025-11-27T07:50:30Z|24.72458|-85.24787,aoml/4903544/profiles/R4903544_180.nc,4903544,4903544,24.72458,-85.24787,2025-11-27T07:50:30Z,20251127,2025,1010,1.0,2009.44,97.8153,True,True,True,https://noaa-nws-rtofs-pds.s3.amazonaws.com/rtofs.20251127/rtofs_glo_3dz_f006_6hrly_hvr_US_east.nc
ARGO_GDAC,pfl,aoml/4903544/profiles/R4903544_180.nc|2025-11-27T07:50:30Z|24.72458|-85.24787,aoml/4903544/profiles/R4903544_180.nc,4903544,4903544,24.72458,-85.24787,2025-11-27T07:50:30Z,20251127,2025,651,0.6,99.88,97.8178,True,True,True,https://noaa-nws-rtofs-pds.s3.amazonaws.com/rtofs.20251127/rtofs_glo_3dz_f006_6hrly_hvr_US_east.nc
ARGO_GDAC,pfl,aoml/4903544/profiles/R4903544_181.nc|2025-12-02T08:40:19Z|24.59744|-85.02980,aoml/4903544/profiles/R4903544_181.nc,4903544,4903544,24.59744,-85.0298,2025-12-02T08:40:19Z,20251202,2025,1012,1.08,2013.36,103.4008,True,False,True,https://noaa-nws-rtofs-pds.s3.amazonaws.com/rtofs.20251202/rtofs_glo_3dz_f006_6hrly_hvr_US_east.nc
ARGO_GDAC,pfl,aoml/4903544/profiles/R4903544_181.nc|2025-12-02T08:40:19Z|24.59744|-85.02980,aoml/4903544/profiles/R4903544_181.nc,4903544,4903544,24.59744,-85.0298,2025-12-02T08:40:19Z,20251202,2025,753,0.6,99.92,,False,False,True,https://noaa-nws-rtofs-pds.s3.amazonaws.com/rtofs.20251202/rtofs_glo_3dz_f006_6hrly_hvr_US_east.nc
ARGO_GDAC,pfl,aoml/4903544/profiles/R4903544_182.nc|2025-12-07T09:28:11Z|24.43730|-84.98391,aoml/4903544/profiles/R4903544_182.nc,4903544,4903544,24.4373,-84.98391,2025-12-07T09:28:11Z,20251207,2025,1012,1.0,2013.48,91.5862,True,True,True,https://noaa-nws-rtofs-pds.s3.amazonaws.com/rtofs.20251207/rtofs_glo_3dz_f006_6hrly_hvr_US_east.nc
ARGO_GDAC,pfl,aoml/4903544/profiles/R4903544_182.nc|2025-12-07T09:28:11Z|24.43730|-84.98391,aoml/4903544/profiles/R4903544_182.nc,4903544,4903544,24.4373,-84.98391,2025-12-07T09:28:11Z,20251207,2025,675,0.6,99.88,91.6104,True,True,True,https://noaa-nws-rtofs-pds.s3.amazonaws.com/rtofs.20251207/rtofs_glo_3dz_f006_6hrly_hvr_US_east.nc
ARGO_GDAC,pfl,aoml/4903544/profiles/R4903544_183.nc|2025-12-12T10:17:18Z|24.54497|-84.83398,aoml/4903544/profiles/R4903544_183.nc,4903544,4903544,24.54497,-84.83398,2025-12-12T10:17:18Z,20251212,2025,1012,1.0,2013.4,28.7253,True,True,True,https://noaa-nws-rtofs-pds.s3.amazonaws.com/rtofs.20251212/rtofs_glo_3dz_f006_6hrly_hvr_US_east.nc
ARGO_GDAC,pfl,aoml/4903544/profiles/R4903544_183.nc|2025-12-12T10:17:18Z|24.54497|-84.83398,aoml/4903544/profiles/R4903544_183.nc,4903544,4903544,24.54497,-84.83398,2025-12-12T10:17:18Z,20251212,2025,840,0.6,99.96,28.8,True,True,True,https://noaa-nws-rtofs-pds.s3.amazonaws.com/rtofs.20251212/rtofs_glo_3dz_f006_6hrly_hvr_US_east.nc
ARGO_GDAC,pfl,aoml/4903544/profiles/R4903544_184.nc|2025-12-17T11:01:51Z|24.52588|-84.77564,aoml/4903544/profiles/R4903544_184.nc,4903544,4903544,24.52588,-84.77564,2025-12-17T11:01:51Z,20251217,2025,1010,1.04,2009.64,26.3784,True,True,True,https://noaa-nws-rtofs-pds.s3.amazonaws.com/rtofs.20251217/rtofs_glo_3dz_f006_6hrly_hvr_US_east.nc
ARGO_GDAC,pfl,aoml/4903544/profiles/R4903544_184.nc|2025-12-17T11:01:51Z|24.52588|-84.77564,aoml/4903544/profiles/R4903544_184.nc,4903544,4903544,24.52588,-84.77564,2025-12-17T11:01:51Z,20251217,2025,814,0.6,99.88,26.4835,True,True,True,https://noaa-nws-rtofs-pds.s3.amazonaws.com/rtofs.20251217/rtofs_glo_3dz_f006_6hrly_hvr_US_east.nc
ARGO_GDAC,pfl,aoml/4903544/profiles/R4903544_185.nc|2025-12-22T11:43:52Z|24.66689|-85.12943,aoml/4903544/profiles/R4903544_185.nc,4903544,4903544,24.66689,-85.12943,2025-12-22T11:43:52Z,20251222,2025,1010,1.04,2009.72,62.0002,True,True,True,https://noaa-nws-rtofs-pds.s3.amazonaws.com/rtofs.20251222/rtofs_glo_3dz_f006_6hrly_hvr_US_east.nc
ARGO_GDAC,pfl,aoml/4903544/profiles/R4903544_185.nc|2025-12-22T11:43:52Z|24.66689|-85.12943,aoml/4903544/profiles/R4903544_185.nc,4903544,4903544,24.66689,-85.12943,2025-12-22T11:43:52Z,20251222,2025,754,0.64,99.88,61.84,True,True,True,https://noaa-nws-rtofs-pds.s3.amazonaws.com/rtofs.20251222/rtofs_glo_3dz_f006_6hrly_hvr_US_east.nc
ARGO_GDAC,pfl,aoml/4903544/profiles/R4903544_186.nc|2025-12-27T12:21:00Z|24.73662|-85.64637,aoml/4903544/profiles/R4903544_186.nc,4903544,4903544,24.73662,-85.64637,2025-12-27T12:21:00Z,20251227,2025,1007,1.08,2003.48,55.365,True,True,True,https://noaa-nws-rtofs-pds.s3.amazonaws.com/rtofs.20251227/rtofs_glo_3dz_f006_6hrly_hvr_US_east.nc
ARGO_GDAC,pfl,aoml/4903544/profiles/R4903544_186.nc|2025-12-27T12:21:00Z|24.73662|-85.64637,aoml/4903544/profiles/R4903544_186.nc,4903544,4903544,24.73662,-85.64637,2025-12-27T12:21:00Z,20251227,2025,792,0.68,99.88,55.1778,True,True,True,https://noaa-nws-rtofs-pds.s3.amazonaws.com/rtofs.20251227/rtofs_glo_3dz_f006_6hrly_hvr_US_east.nc
ARGO_GDAC,pfl,aoml/4903545/profiles/D4903545_042.nc|2024-01-01T02:51:59Z|27.06396|-86.72019,aoml/4903545/profiles/D4903545_042.nc,4903545,4903545,27.06396,-86.72019,2024-01-01T02:51:59Z,20240101,2024,1010,0.92,2009.52,79.5976,True,True,False,
ARGO_GDAC,pfl,aoml/4903545/profiles/D4903545_042.nc|2024-01-01T02:51:59Z|27.06396|-86.72019,aoml/4903545/profiles/D4903545_042.nc,4903545,4903545,27.06396,-86.72019,2024-01-01T02:51:59Z,20240101,2024,701,0.52,99.92,79.9103,True,True,False,
ARGO_GDAC,pfl,aoml/4903545/profiles/D4903545_043.nc|2024-01-06T03:31:59Z|26.98838|-86.65287,aoml/4903545/profiles/D4903545_043.nc,4903545,4903545,26.98838,-86.65287,2024-01-06T03:31:59Z,20240106,2024,1011,0.48,2009.4,95.299,True,True,False,
ARGO_GDAC,pfl,aoml/4903545/profiles/D4903545_043.nc|2024-01-06T03:31:59Z|26.98838|-86.65287,aoml/4903545/profiles/D4903545_043.nc,4903545,4903545,26.98838,-86.65287,2024-01-06T03:31:59Z,20240106,2024,705,0.48,99.92,95.455,True,True,False,
ARGO_GDAC,pfl,aoml/4903545/profiles/D4903545_044.nc|2024-01-11T04:07:24Z|27.03622|-86.60163,aoml/4903545/profiles/D4903545_044.nc,4903545,4903545,27.03622,-86.60163,2024-01-11T04:07:24Z,20240111,2024,1008,0.96,2005.52,93.5627,True,True,False,
ARGO_GDAC,pfl,aoml/4903545/profiles/D4903545_044.nc|2024-01-11T04:07:24Z|27.03622|-86.60163,aoml/4903545/profiles/D4903545_044.nc,4903545,4903545,27.03622,-86.60163,2024-01-11T04:07:24Z,20240111,2024,648,0.52,99.84,93.4943,True,True,False,
ARGO_GDAC,pfl,aoml/4903545/profiles/D4903545_045.nc|2024-01-16T04:43:37Z|27.06203|-86.52690,aoml/4903545/profiles/D4903545_045.nc,4903545,4903545,27.06203,-86.5269,2024-01-16T04:43:37Z,20240116,2024,1009,1.04,2007.2,11.3753,True,True,False,
ARGO_GDAC,pfl,aoml/4903545/profiles/D4903545_045.nc|2024-01-16T04:43:37Z|27.06203|-86.52690,aoml/4903545/profiles/D4903545_045.nc,4903545,4903545,27.06203,-86.5269,2024-01-16T04:43:37Z,20240116,2024,696,0.6,99.96,11.7502,True,True,False,
ARGO_GDAC,pfl,aoml/4903545/profiles/D4903545_046.nc|2024-01-21T05:17:22Z|27.08681|-86.32675,aoml/4903545/profiles/D4903545_046.nc,4903545,4903545,27.08681,-86.32675,2024-01-21T05:17:22Z,20240121,2024,1012,1.08,2013.84,88.4362,True,True,False,
ARGO_GDAC,pfl,aoml/4903545/profiles/D4903545_046.nc|2024-01-21T05:17:22Z|27.08681|-86.32675,aoml/4903545/profiles/D4903545_046.nc,4903545,4903545,27.08681,-86.32675,2024-01-21T05:17:22Z,20240121,2024,688,0.76,99.92,88.4799,True,True,False,
ARGO_GDAC,pfl,aoml/4903545/profiles/D4903545_047.nc|2024-01-26T05:55:57Z|27.19203|-86.14173,aoml/4903545/profiles/D4903545_047.nc,4903545,4903545,27.19203,-86.14173,2024-01-26T05:55:57Z,20240126,2024,1011,1.24,2011.2,14.5659,True,True,False,
ARGO_GDAC,pfl,aoml/4903545/profiles/D4903545_047.nc|2024-01-26T05:55:57Z|27.19203|-86.14173,aoml/4903545/profiles/D4903545_047.nc,4903545,4903545,27.19203,-86.14173,2024-01-26T05:55:57Z,20240126,2024,716,1.0,99.92,15.1937,True,True,False,
ARGO_GDAC,pfl,aoml/4903545/profiles/D4903545_048.nc|2024-01-31T06:40:35Z|27.37667|-86.14114,aoml/4903545/profiles/D4903545_048.nc,4903545,4903545,27.37667,-86.14114,2024-01-31T06:40:35Z,20240131,2024,1012,1.0,2013.6,28.2942,True,True,True,https://noaa-nws-rtofs-pds.s3.amazonaws.com/rtofs.20240131/rtofs_glo_3dz_f006_6hrly_hvr_US_east.nc
ARGO_GDAC,pfl,aoml/4903545/profiles/D4903545_048.nc|2024-01-31T06:40:35Z|27.37667|-86.14114,aoml/4903545/profiles/D4903545_048.nc,4903545,4903545,27.37667,-86.14114,2024-01-31T06:40:35Z,20240131,2024,686,0.6,100.0,28.12,True,True,True,https://noaa-nws-rtofs-pds.s3.amazonaws.com/rtofs.20240131/rtofs_glo_3dz_f006_6hrly_hvr_US_east.nc
ARGO_GDAC,pfl,aoml/4903545/profiles/D4903545_049.nc|2024-02-05T07:17:42Z|27.22783|-86.45648,aoml/4903545/profiles/D4903545_049.nc,4903545,4903545,27.22783,-86.45648,2024-02-05T07:17:42Z,20240205,2024,1010,1.0,2009.56,69.3543,True,True,True,https://noaa-nws-rtofs-pds.s3.amazonaws.com/rtofs.20240205/rtofs_glo_3dz_f006_6hrly_hvr_US_east.nc
ARGO_GDAC,pfl,aoml/4903545/profiles/D4903545_049.nc|2024-02-05T07:17:42Z|27.22783|-86.45648,aoml/4903545/profiles/D4903545_049.nc,4903545,4903545,27.22783,-86.45648,2024-02-05T07:17:42Z,20240205,2024,672,0.56,99.96,69.2949,True,True,True,https://noaa-nws-rtofs-pds.s3.amazonaws.com/rtofs.20240205/rtofs_glo_3dz_f006_6hrly_hvr_US_east.nc
ARGO_GDAC,pfl,aoml/4903545/profiles/D4903545_050.nc|2024-02-10T07:47:54Z|26.78639|-86.80293,aoml/4903545/profiles/D4903545_050.nc,4903545,4903545,26.78639,-86.80293,2024-02-10T07:47:54Z,20240210,2024,1008,1.2,2005.16,92.5582,True,True,True,https://noaa-nws-rtofs-pds.s3.amazonaws.com/rtofs.20240210/rtofs_glo_3dz_f006_6hrly_hvr_US_east.nc
ARGO_GDAC,pfl,aoml/4903545/profiles/D4903545_050.nc|2024-02-10T07:47:54Z|26.78639|-86.80293,aoml/4903545/profiles/D4903545_050.nc,4903545,4903545,26.78639,-86.80293,2024-02-10T07:47:54Z,20240210,2024,833,1.0,99.88,92.7933,True,True,True,https://noaa-nws-rtofs-pds.s3.amazonaws.com/rtofs.20240210/rtofs_glo_3dz_f006_6hrly_hvr_US_east.nc
ARGO_GDAC,pfl,aoml/4903545/profiles/D4903545_051.nc|2024-02-15T08:29:32Z|26.47141|-87.28051,aoml/4903545/profiles/D4903545_051.nc,4903545,4903545,26.47141,-87.28051,2024-02-15T08:29:32Z,20240215,2024,1012,0.44,2011.32,153.2221,True,False,True,https://noaa-nws-rtofs-pds.s3.amazonaws.com/rtofs.20240215/rtofs_glo_3dz_f006_6hrly_hvr_US_east.nc
ARGO_GDAC,pfl,aoml/4903545/profiles/D4903545_051.nc|2024-02-15T08:29:32Z|26.47141|-87.28051,aoml/4903545/profiles/D4903545_051.nc,4903545,4903545,26.47141,-87.28051,2024-02-15T08:29:32Z,20240215,2024,719,0.44,99.96,,False,False,True,https://noaa-nws-rtofs-pds.s3.amazonaws.com/rtofs.20240215/rtofs_glo_3dz_f006_6hrly_hvr_US_east.nc
ARGO_GDAC,pfl,aoml/4903545/profiles/D4903545_052.nc|2024-02-20T09:09:27Z|26.52117|-87.58339,aoml/4903545/profiles/D4903545_052.nc,4903545,4903545,26.52117,-87.58339,2024-02-20T09:09:27Z,20240220,2024,1008,1.0,2006.0,156.0462,True,False,True,https://noaa-nws-rtofs-pds.s3.amazonaws.com/rtofs.20240220/rtofs_glo_3dz_f006_6hrly_hvr_US_east.nc
ARGO_GDAC,pfl,aoml/4903545/profiles/D4903545_052.nc|2024-02-20T09:09:27Z|26.52117|-87.58339,aoml/4903545/profiles/D4903545_052.nc,4903545,4903545,26.52117,-87.58339,2024-02-20T09:09:27Z,20240220,2024,797,0.64,99.96,,False,False,True,https://noaa-nws-rtofs-pds.s3.amazonaws.com/rtofs.20240220/rtofs_glo_3dz_f006_6hrly_hvr_US_east.nc
ARGO_GDAC,pfl,aoml/4903545/profiles/D4903545_053.nc|2024-02-25T09:53:06Z|26.69871|-87.21851,aoml/4903545/profiles/D4903545_053.nc,4903545,4903545,26.69871,-87.21851,2024-02-25T09:53:06Z,20240225,2024,1010,0.96,2009.48,52.067,True,True,True,https://noaa-nws-rtofs-pds.s3.amazonaws.com/rtofs.20240225/rtofs_glo_3dz_f006_6hrly_hvr_US_east.nc
ARGO_GDAC,pfl,aoml/4903545/profiles/D4903545_053.nc|2024-02-25T09:53:06Z|26.69871|-87.21851,aoml/4903545/profiles/D4903545_053.nc,4903545,4903545,26.69871,-87.21851,2024-02-25T09:53:06Z,20240225,2024,749,0.52,99.96,52.3202,True,True,True,https://noaa-nws-rtofs-pds.s3.amazonaws.com/rtofs.20240225/rtofs_glo_3dz_f006_6hrly_hvr_US_east.nc
ARGO_GDAC,pfl,aoml/4903545/profiles/D4903545_054.nc|2024-03-01T10:36:31Z|26.94766|-86.76762,aoml/4903545/profiles/D4903545_054.nc,4903545,4903545,26.94766,-86.76762,2024-03-01T10:36:31Z,20240301,2024,1008,1.16,2005.28,110.975,True,False,True,https://noaa-nws-rtofs-pds.s3.amazonaws.com/rtofs.20240301/rtofs_glo_3dz_f006_6hrly_hvr_US_east.nc
ARGO_GDAC,pfl,aoml/4903545/profiles/D4903545_054.nc|2024-03-01T10:36:31Z|26.94766|-86.76762,aoml/4903545/profiles/D4903545_054.nc,4903545,4903545,26.94766,-86.76762,2024-03-01T10:36:31Z,20240301,2024,874,0.92,99.92,,False,False,True,https://noaa-nws-rtofs-pds.s3.amazonaws.com/rtofs.20240301/rtofs_glo_3dz_f006_6hrly_hvr_US_east.nc
ARGO_GDAC,pfl,aoml/4903545/profiles/D4903545_055.nc|2024-03-06T11:22:31Z|27.43522|-87.03279,aoml/4903545/profiles/D4903545_055.nc,4903545,4903545,27.43522,-87.03279,2024-03-06T11:22:31Z,20240306,2024,1010,1.08,2009.32,43.766,True,True,True,https://noaa-nws-rtofs-pds.s3.amazonaws.com/rtofs.20240306/rtofs_glo_3dz_f006_6hrly_hvr_US_east.nc
ARGO_GDAC,pfl,aoml/4903545/profiles/D4903545_055.nc|2024-03-06T11:22:31Z|27.43522|-87.03279,aoml/4903545/profiles/D4903545_055.nc,4903545,4903545,27.43522,-87.03279,2024-03-06T11:22:31Z,20240306,2024,790,0.72,99.88,43.652,True,True,True,https://noaa-nws-rtofs-pds.s3.amazonaws.com/rtofs.20240306/rtofs_glo_3dz_f006_6hrly_hvr_US_east.nc
ARGO_GDAC,pfl,aoml/4903545/profiles/D4903545_056.nc|2024-03-11T11:57:50Z|26.84518|-87.19697,aoml/4903545/profiles/D4903545_056.nc,4903545,4903545,26.84518,-87.19697,2024-03-11T11:57:50Z,20240311,2024,1013,1.04,2015.44,137.41,True,False,True,https://noaa-nws-rtofs-pds.s3.amazonaws.com/rtofs.20240311/rtofs_glo_3dz_f006_6hrly_hvr_US_east.nc
ARGO_GDAC,pfl,aoml/4903545/profiles/D4903545_056.nc|2024-03-11T11:57:50Z|26.84518|-87.19697,aoml/4903545/profiles/D4903545_056.nc,4903545,4903545,26.84518,-87.19697,2024-03-11T11:57:50Z,20240311,2024,718,0.52,99.92,,False,False,True,https://noaa-nws-rtofs-pds.s3.amazonaws.com/rtofs.20240311/rtofs_glo_3dz_f006_6hrly_hvr_US_east.nc
ARGO_GDAC,pfl,aoml/4903545/profiles/D4903545_057.nc|2024-03-16T12:38:36Z|26.22269|-86.94046,aoml/4903545/profiles/D4903545_057.nc,4903545,4903545,26.22269,-86.94046,2024-03-16T12:38:36Z,20240316,2024,1008,1.08,2005.24,132.676,True,False,True,https://noaa-nws-rtofs-pds.s3.amazonaws.com/rtofs.20240316/rtofs_glo_3dz_f006_6hrly_hvr_US_east.nc
ARGO_GDAC,pfl,aoml/4903545/profiles/D4903545_057.nc|2024-03-16T12:38:36Z|26.22269|-86.94046,aoml/4903545/profiles/D4903545_057.nc,4903545,4903545,26.22269,-86.94046,2024-03-16T12:38:36Z,20240316,2024,862,0.68,99.92,,False,False,True,https://noaa-nws-rtofs-pds.s3.amazonaws.com/rtofs.20240316/rtofs_glo_3dz_f006_6hrly_hvr_US_east.nc
ARGO_GDAC,pfl,aoml/4903545/profiles/D4903545_058.nc|2024-03-21T13:17:04Z|26.19451|-85.67206,aoml/4903545/profiles/D4903545_058.nc,4903545,4903545,26.19451,-85.67206,2024-03-21T13:17:04Z,20240321,2024,1010,0.96,2009.32,16.5554,True,True,True,https://noaa-nws-rtofs-pds.s3.amazonaws.com/rtofs.20240321/rtofs_glo_3dz_f006_6hrly_hvr_US_east.nc
ARGO_GDAC,pfl,aoml/4903545/profiles/D4903545_058.nc|2024-03-21T13:17:04Z|26.19451|-85.67206,aoml/4903545/profiles/D4903545_058.nc,4903545,4903545,26.19451,-85.67206,2024-03-21T13:17:04Z,20240321,2024,746,0.52,99.88,16.7657,True,True,True,https://noaa-nws-rtofs-pds.s3.amazonaws.com/rtofs.20240321/rtofs_glo_3dz_f006_6hrly_hvr_US_east.nc
ARGO_GDAC,pfl,aoml/4903545/profiles/D4903545_059.nc|2024-03-26T14:11:16Z|26.56794|-85.31149,aoml/4903545/profiles/D4903545_059.nc,4903545,4903545,26.56794,-85.31149,2024-03-26T14:11:16Z,20240326,2024,1013,1.12,2015.36,31.1509,True,True,True,https://noaa-nws-rtofs-pds.s3.amazonaws.com/rtofs.20240326/rtofs_glo_3dz_f006_6hrly_hvr_US_east.nc
ARGO_GDAC,pfl,aoml/4903545/profiles/D4903545_059.nc|2024-03-26T14:11:16Z|26.56794|-85.31149,aoml/4903545/profiles/D4903545_059.nc,4903545,4903545,26.56794,-85.31149,2024-03-26T14:11:16Z,20240326,2024,829,0.84,99.96,31.7311,True,True,True,https://noaa-nws-rtofs-pds.s3.amazonaws.com/rtofs.20240326/rtofs_glo_3dz_f006_6hrly_hvr_US_east.nc
ARGO_GDAC,pfl,aoml/4903545/profiles/D4903545_060.nc|2024-03-31T14:51:17Z|27.10320|-85.63108,aoml/4903545/profiles/D4903545_060.nc,4903545,4903545,27.1032,-85.63108,2024-03-31T14:51:17Z,20240331,2024,1010,1.04,2009.48,56.7273,True,True,True,https://noaa-nws-rtofs-pds.s3.amazonaws.com/rtofs.20240331/rtofs_glo_3dz_f006_6hrly_hvr_US_east.nc
ARGO_GDAC,pfl,aoml/4903545/profiles/D4903545_060.nc|2024-03-31T14:51:17Z|27.10320|-85.63108,aoml/4903545/profiles/D4903545_060.nc,4903545,4903545,27.1032,-85.63108,2024-03-31T14:51:17Z,20240331,2024,716,0.64,99.84,57.0933,True,True,True,https://noaa-nws-rtofs-pds.s3.amazonaws.com/rtofs.20240331/rtofs_glo_3dz_f006_6hrly_hvr_US_east.nc
ARGO_GDAC,pfl,aoml/4903545/profiles/D4903545_061.nc|2024-04-05T15:18:30Z|27.07288|-86.51421,aoml/4903545/profiles/D4903545_061.nc,4903545,4903545,27.07288,-86.51421,2024-04-05T15:18:30Z,20240405,2024,1008,1.0,2005.4,35.3489,True,True,True,https://noaa-nws-rtofs-pds.s3.amazonaws.com/rtofs.20240405/rtofs_glo_3dz_f006_6hrly_hvr_US_east.nc
ARGO_GDAC,pfl,aoml/4903545/profiles/D4903545_061.nc|2024-04-05T15:18:30Z|27.07288|-86.51421,aoml/4903545/profiles/D4903545_061.nc,4903545,4903545,27.07288,-86.51421,2024-04-05T15:18:30Z,20240405,2024,722,0.56,99.96,35.04,True,True,True,https://noaa-nws-rtofs-pds.s3.amazonaws.com/rtofs.20240405/rtofs_glo_3dz_f006_6hrly_hvr_US_east.nc
ARGO_GDAC,pfl,aoml/4903545/profiles/D4903545_062.nc|2024-04-10T16:07:30Z|26.16880|-86.55480,aoml/4903545/profiles/D4903545_062.nc,4903545,4903545,26.1688,-86.5548,2024-04-10T16:07:30Z,20240410,2024,1013,1.0,2015.32,62.3315,True,True,True,https://noaa-nws-rtofs-pds.s3.amazonaws.com/rtofs.20240410/rtofs_glo_3dz_f006_6hrly_hvr_US_east.nc
ARGO_GDAC,pfl,aoml/4903545/profiles/D4903545_062.nc|2024-04-10T16:07:30Z|26.16880|-86.55480,aoml/4903545/profiles/D4903545_062.nc,4903545,4903545,26.1688,-86.5548,2024-04-10T16:07:30Z,20240410,2024,888,0.52,99.96,62.528,True,True,True,https://noaa-nws-rtofs-pds.s3.amazonaws.com/rtofs.20240410/rtofs_glo_3dz_f006_6hrly_hvr_US_east.nc
ARGO_GDAC,pfl,aoml/4903545/profiles/D4903545_063.nc|2024-04-15T16:44:25Z|26.46409|-85.57520,aoml/4903545/profiles/D4903545_063.nc,4903545,4903545,26.46409,-85.5752,2024-04-15T16:44:25Z,20240415,2024,1010,1.08,2009.28,29.8321,True,True,True,https://noaa-nws-rtofs-pds.s3.amazonaws.com/rtofs.20240415/rtofs_glo_3dz_f006_6hrly_hvr_US_east.nc
ARGO_GDAC,pfl,aoml/4903545/profiles/D4903545_063.nc|2024-04-15T16:44:25Z|26.46409|-85.57520,aoml/4903545/profiles/D4903545_063.nc,4903545,4903545,26.46409,-85.5752,2024-04-15T16:44:25Z,20240415,2024,742,0.64,99.88,30.96,True,True,True,https://noaa-nws-rtofs-pds.s3.amazonaws.com/rtofs.20240415/rtofs_glo_3dz_f006_6hrly_hvr_US_east.nc
ARGO_GDAC,pfl,aoml/4903545/profiles/D4903545_064.nc|2024-04-20T17:34:47Z|26.27758|-86.44213,aoml/4903545/profiles/D4903545_064.nc,4903545,4903545,26.27758,-86.44213,2024-04-20T17:34:47Z,20240420,2024,1011,0.48,2009.6,54.0122,True,True,True,https://noaa-nws-rtofs-pds.s3.amazonaws.com/rtofs.20240420/rtofs_glo_3dz_f006_6hrly_hvr_US_east.nc
ARGO_GDAC,pfl,aoml/4903545/profiles/D4903545_064.nc|2024-04-20T17:34:47Z|26.27758|-86.44213,aoml/4903545/profiles/D4903545_064.nc,4903545,4903545,26.27758,-86.44213,2024-04-20T17:34:47Z,20240420,2024,829,0.48,99.92,53.8399,True,True,True,https://noaa-nws-rtofs-pds.s3.amazonaws.com/rtofs.20240420/rtofs_glo_3dz_f006_6hrly_hvr_US_east.nc
ARGO_GDAC,pfl,aoml/4903545/profiles/D4903545_065.nc|2024-04-25T18:07:54Z|26.03612|-86.74614,aoml/4903545/profiles/D4903545_065.nc,4903545,4903545,26.03612,-86.74614,2024-04-25T18:07:54Z,20240425,2024,1008,1.0,2005.32,44.8652,True,True,True,https://noaa-nws-rtofs-pds.s3.amazonaws.com/rtofs.20240425/rtofs_glo_3dz_f006_6hrly_hvr_US_east.nc
ARGO_GDAC,pfl,aoml/4903545/profiles/D4903545_065.nc|2024-04-25T18:07:54Z|26.03612|-86.74614,aoml/4903545/profiles/D4903545_065.nc,4903545,4903545,26.03612,-86.74614,2024-04-25T18:07:54Z,20240425,2024,790,0.52,99.96,45.7385,True,True,True,https://noaa-nws-rtofs-pds.s3.amazonaws.com/rtofs.20240425/rtofs_glo_3dz_f006_6hrly_hvr_US_east.nc
ARGO_GDAC,pfl,aoml/4903545/profiles/D4903545_066.nc|2024-04-30T18:54:20Z|26.25301|-86.88908,aoml/4903545/profiles/D4903545_066.nc,4903545,4903545,26.25301,-86.88908,2024-04-30T18:54:20Z,20240430,2024,1009,1.08,2007.44,29.8781,True,True,True,https://noaa-nws-rtofs-pds.s3.amazonaws.com/rtofs.20240430/rtofs_glo_3dz_f006_6hrly_hvr_US_east.nc
ARGO_GDAC,pfl,aoml/4903545/profiles/D4903545_066.nc|2024-04-30T18:54:20Z|26.25301|-86.88908,aoml/4903545/profiles/D4903545_066.nc,4903545,4903545,26.25301,-86.88908,2024-04-30T18:54:20Z,20240430,2024,780,0.64,99.96,29.96,True,True,True,https://noaa-nws-rtofs-pds.s3.amazonaws.com/rtofs.20240430/rtofs_glo_3dz_f006_6hrly_hvr_US_east.nc
ARGO_GDAC,pfl,aoml/4903545/profiles/D4903545_067.nc|2024-05-05T19:37:50Z|26.25104|-86.65371,aoml/4903545/profiles/D4903545_067.nc,4903545,4903545,26.25104,-86.65371,2024-05-05T19:37:50Z,20240505,2024,1013,1.0,2015.32,51.4632,True,True,True,https://noaa-nws-rtofs-pds.s3.amazonaws.com/rtofs.20240505/rtofs_glo_3dz_f006_6hrly_hvr_US_east.nc
ARGO_GDAC,pfl,aoml/4903545/profiles/D4903545_067.nc|2024-05-05T19:37:50Z|26.25104|-86.65371,aoml/4903545/profiles/D4903545_067.nc,4903545,4903545,26.25104,-86.65371,2024-05-05T19:37:50Z,20240505,2024,834,0.52,99.92,51.34,True,True,True,https://noaa-nws-rtofs-pds.s3.amazonaws.com/rtofs.20240505/rtofs_glo_3dz_f006_6hrly_hvr_US_east.nc
ARGO_GDAC,pfl,aoml/4903545/profiles/D4903545_068.nc|2024-05-10T20:17:47Z|25.91554|-86.54911,aoml/4903545/profiles/D4903545_068.nc,4903545,4903545,25.91554,-86.54911,2024-05-10T20:17:47Z,20240510,2024,1008,0.96,2005.52,13.7332,True,True,True,https://noaa-nws-rtofs-pds.s3.amazonaws.com/rtofs.20240510/rtofs_glo_3dz_f006_6hrly_hvr_US_east.nc
ARGO_GDAC,pfl,aoml/4903545/profiles/D4903545_068.nc|2024-05-10T20:17:47Z|25.91554|-86.54911,aoml/4903545/profiles/D4903545_068.nc,4903545,4903545,25.91554,-86.54911,2024-05-10T20:17:47Z,20240510,2024,610,0.52,99.84,13.7911,True,True,True,https://noaa-nws-rtofs-pds.s3.amazonaws.com/rtofs.20240510/rtofs_glo_3dz_f006_6hrly_hvr_US_east.nc
ARGO_GDAC,pfl,aoml/4903545/profiles/D4903545_069.nc|2024-05-15T20:57:46Z|25.67723|-86.70262,aoml/4903545/profiles/D4903545_069.nc,4903545,4903545,25.67723,-86.70262,2024-05-15T20:57:46Z,20240515,2024,1011,1.12,2011.48,46.3275,True,True,True,https://noaa-nws-rtofs-pds.s3.amazonaws.com/rtofs.20240515/rtofs_glo_3dz_f006_6hrly_hvr_US_east.nc
ARGO_GDAC,pfl,aoml/4903545/profiles/D4903545_069.nc|2024-05-15T20:57:46Z|25.67723|-86.70262,aoml/4903545/profiles/D4903545_069.nc,4903545,4903545,25.67723,-86.70262,2024-05-15T20:57:46Z,20240515,2024,662,0.8,99.92,47.12,True,True,True,https://noaa-nws-rtofs-pds.s3.amazonaws.com/rtofs.20240515/rtofs_glo_3dz_f006_6hrly_hvr_US_east.nc
ARGO_GDAC,pfl,aoml/4903545/profiles/D4903545_070.nc|2024-05-20T21:44:22Z|25.61391|-86.97034,aoml/4903545/profiles/D4903545_070.nc,4903545,4903545,25.61391,-86.97034,2024-05-20T21:44:22Z,20240520,2024,1013,0.96,2015.04,35.1198,True,True,True,https://noaa-nws-rtofs-pds.s3.amazonaws.com/rtofs.20240520/rtofs_glo_3dz_f006_6hrly_hvr_US_east.nc
ARGO_GDAC,pfl,aoml/4903545/profiles/D4903545_070.nc|2024-05-20T21:44:22Z|25.61391|-86.97034,aoml/4903545/profiles/D4903545_070.nc,4903545,4903545,25.61391,-86.97034,2024-05-20T21:44:22Z,20240520,2024,700,0.6,99.96,35.2473,True,True,True,https://noaa-nws-rtofs-pds.s3.amazonaws.com/rtofs.20240520/rtofs_glo_3dz_f006_6hrly_hvr_US_east.nc
ARGO_GDAC,pfl,aoml/4903545/profiles/D4903545_071.nc|2024-05-25T22:18:24Z|25.66230|-87.39961,aoml/4903545/profiles/D4903545_071.nc,4903545,4903545,25.6623,-87.39961,2024-05-25T22:18:24Z,20240525,2024,1012,1.0,2013.44,31.0825,True,True,True,https://noaa-nws-rtofs-pds.s3.amazonaws.com/rtofs.20240525/rtofs_glo_3dz_f006_6hrly_hvr_US_east.nc
ARGO_GDAC,pfl,aoml/4903545/profiles/D4903545_071.nc|2024-05-25T22:18:24Z|25.66230|-87.39961,aoml/4903545/profiles/D4903545_071.nc,4903545,4903545,25.6623,-87.39961,2024-05-25T22:18:24Z,20240525,2024,784,0.56,99.92,30.9999,True,True,True,https://noaa-nws-rtofs-pds.s3.amazonaws.com/rtofs.20240525/rtofs_glo_3dz_f006_6hrly_hvr_US_east.nc
ARGO_GDAC,pfl,aoml/4903545/profiles/D4903545_072.nc|2024-05-30T23:00:46Z|25.56173|-87.72364,aoml/4903545/profiles/D4903545_072.nc,4903545,4903545,25.56173,-87.72364,2024-05-30T23:00:46Z,20240530,2024,1013,0.48,2013.56,12.9141,True,True,True,https://noaa-nws-rtofs-pds.s3.amazonaws.com/rtofs.20240530/rtofs_glo_3dz_f006_6hrly_hvr_US_east.nc
ARGO_GDAC,pfl,aoml/4903545/profiles/D4903545_072.nc|2024-05-30T23:00:46Z|25.56173|-87.72364,aoml/4903545/profiles/D4903545_072.nc,4903545,4903545,25.56173,-87.72364,2024-05-30T23:00:46Z,20240530,2024,837,0.48,99.96,12.9622,True,True,True,https://noaa-nws-rtofs-pds.s3.amazonaws.com/rtofs.20240530/rtofs_glo_3dz_f006_6hrly_hvr_US_east.nc
ARGO_GDAC,pfl,aoml/4903545/profiles/D4903545_073.nc|2024-06-04T23:38:40Z|25.58219|-87.34435,aoml/4903545/profiles/D4903545_073.nc,4903545,4903545,25.58219,-87.34435,2024-06-04T23:38:40Z,20240604,2024,1010,1.04,2009.64,14.9464,True,True,True,https://noaa-nws-rtofs-pds.s3.amazonaws.com/rtofs.20240604/rtofs_glo_3dz_f006_6hrly_hvr_US_east.nc
ARGO_GDAC,pfl,aoml/4903545/profiles/D4903545_073.nc|2024-06-04T23:38:40Z|25.58219|-87.34435,aoml/4903545/profiles/D4903545_073.nc,4903545,4903545,25.58219,-87.34435,2024-06-04T23:38:40Z,20240604,2024,649,0.56,99.96,14.7999,True,True,True,https://noaa-nws-rtofs-pds.s3.amazonaws.com/rtofs.20240604/rtofs_glo_3dz_f006_6hrly_hvr_US_east.nc
ARGO_GDAC,pfl,aoml/4903545/profiles/D4903545_074.nc|2024-06-10T00:31:02Z|26.04009|-87.00307,aoml/4903545/profiles/D4903545_074.nc,4903545,4903545,26.04009,-87.00307,2024-06-10T00:31:02Z,20240610,2024,1008,1.0,2005.88,24.1849,True,True,True,https://noaa-nws-rtofs-pds.s3.amazonaws.com/rtofs.20240610/rtofs_glo_3dz_f006_6hrly_hvr_US_east.nc
ARGO_GDAC,pfl,aoml/4903545/profiles/D4903545_074.nc|2024-06-10T00:31:02Z|26.04009|-87.00307,aoml/4903545/profiles/D4903545_074.nc,4903545,4903545,26.04009,-87.00307,2024-06-10T00:31:02Z,20240610,2024,685,0.56,99.92,24.1734,True,True,True,https://noaa-nws-rtofs-pds.s3.amazonaws.com/rtofs.20240610/rtofs_glo_3dz_f006_6hrly_hvr_US_east.nc
ARGO_GDAC,pfl,aoml/4903545/profiles/D4903545_075.nc|2024-06-15T01:03:59Z|26.08785|-86.59148,aoml/4903545/profiles/D4903545_075.nc,4903545,4903545,26.08785,-86.59148,2024-06-15T01:03:59Z,20240615,2024,1011,1.0,2011.6,28.6677,True,True,True,https://noaa-nws-rtofs-pds.s3.amazonaws.com/rtofs.20240615/rtofs_glo_3dz_f006_6hrly_hvr_US_east.nc
ARGO_GDAC,pfl,aoml/4903545/profiles/D4903545_075.nc|2024-06-15T01:03:59Z|26.08785|-86.59148,aoml/4903545/profiles/D4903545_075.nc,4903545,4903545,26.08785,-86.59148,2024-06-15T01:03:59Z,20240615,2024,730,0.68,99.92,29.3111,True,True,True,https://noaa-nws-rtofs-pds.s3.amazonaws.com/rtofs.20240615/rtofs_glo_3dz_f006_6hrly_hvr_US_east.nc
ARGO_GDAC,pfl,aoml/4903545/profiles/D4903545_076.nc|2024-06-20T01:41:27Z|25.98598|-86.19670,aoml/4903545/profiles/D4903545_076.nc,4903545,4903545,25.98598,-86.1967,2024-06-20T01:41:27Z,20240620,2024,1009,1.04,2007.52,59.705,True,True,True,https://noaa-nws-rtofs-pds.s3.amazonaws.com/rtofs.20240620/rtofs_glo_3dz_f006_6hrly_hvr_US_east.nc
ARGO_GDAC,pfl,aoml/4903545/profiles/D4903545_076.nc|2024-06-20T01:41:27Z|25.98598|-86.19670,aoml/4903545/profiles/D4903545_076.nc,4903545,4903545,25.98598,-86.1967,2024-06-20T01:41:27Z,20240620,2024,655,0.6,99.96,59.8231,True,True,True,https://noaa-nws-rtofs-pds.s3.amazonaws.com/rtofs.20240620/rtofs_glo_3dz_f006_6hrly_hvr_US_east.nc
ARGO_GDAC,pfl,aoml/4903545/profiles/D4903545_077.nc|2024-06-25T02:19:37Z|25.70871|-86.20088,aoml/4903545/profiles/D4903545_077.nc,4903545,4903545,25.70871,-86.20088,2024-06-25T02:19:37Z,20240625,2024,1009,1.0,2007.2,41.0414,True,True,True,https://noaa-nws-rtofs-pds.s3.amazonaws.com/rtofs.20240625/rtofs_glo_3dz_f006_6hrly_hvr_US_east.nc
ARGO_GDAC,pfl,aoml/4903545/profiles/D4903545_077.nc|2024-06-25T02:19:37Z|25.70871|-86.20088,aoml/4903545/profiles/D4903545_077.nc,4903545,4903545,25.70871,-86.20088,2024-06-25T02:19:37Z,20240625,2024,656,0.6,99.88,40.6667,True,True,True,https://noaa-nws-rtofs-pds.s3.amazonaws.com/rtofs.20240625/rtofs_glo_3dz_f006_6hrly_hvr_US_east.nc
ARGO_GDAC,pfl,aoml/4903545/profiles/D4903545_078.nc|2024-06-30T02:57:05Z|25.60642|-86.57855,aoml/4903545/profiles/D4903545_078.nc,4903545,4903545,25.60642,-86.57855,2024-06-30T02:57:05Z,20240630,2024,1007,1.08,2003.64,29.3109,True,True,True,https://noaa-nws-rtofs-pds.s3.amazonaws.com/rtofs.20240630/rtofs_glo_3dz_f006_6hrly_hvr_US_east.nc
ARGO_GDAC,pfl,aoml/4903545/profiles/D4903545_078.nc|2024-06-30T02:57:05Z|25.60642|-86.57855,aoml/4903545/profiles/D4903545_078.nc,4903545,4903545,25.60642,-86.57855,2024-06-30T02:57:05Z,20240630,2024,655,0.76,99.88,29.3018,True,True,True,https://noaa-nws-rtofs-pds.s3.amazonaws.com/rtofs.20240630/rtofs_glo_3dz_f006_6hrly_hvr_US_east.nc
ARGO_GDAC,pfl,aoml/4903545/profiles/D4903545_079.nc|2024-07-05T03:38:16Z|25.74644|-87.09278,aoml/4903545/profiles/D4903545_079.nc,4903545,4903545,25.74644,-87.09278,2024-07-05T03:38:16Z,20240705,2024,1008,1.12,2005.56,31.6269,True,True,True,https://noaa-nws-rtofs-pds.s3.amazonaws.com/rtofs.20240705/rtofs_glo_3dz_f006_6hrly_hvr_US_east.nc
ARGO_GDAC,pfl,aoml/4903545/profiles/D4903545_079.nc|2024-07-05T03:38:16Z|25.74644|-87.09278,aoml/4903545/profiles/D4903545_079.nc,4903545,4903545,25.74644,-87.09278,2024-07-05T03:38:16Z,20240705,2024,693,0.84,99.92,31.0533,True,True,True,https://noaa-nws-rtofs-pds.s3.amazonaws.com/rtofs.20240705/rtofs_glo_3dz_f006_6hrly_hvr_US_east.nc
ARGO_GDAC,pfl,aoml/4903545/profiles/D4903545_080.nc|2024-07-10T04:17:33Z|25.95386|-87.38506,aoml/4903545/profiles/D4903545_080.nc,4903545,4903545,25.95386,-87.38506,2024-07-10T04:17:33Z,20240710,2024,1013,1.0,2015.4,15.1346,True,True,True,https://noaa-nws-rtofs-pds.s3.amazonaws.com/rtofs.20240710/rtofs_glo_3dz_f006_6hrly_hvr_US_east.nc
ARGO_GDAC,pfl,aoml/4903545/profiles/D4903545_080.nc|2024-07-10T04:17:33Z|25.95386|-87.38506,aoml/4903545/profiles/D4903545_080.nc,4903545,4903545,25.95386,-87.38506,2024-07-10T04:17:33Z,20240710,2024,699,0.52,99.96,14.12,True,True,True,https://noaa-nws-rtofs-pds.s3.amazonaws.com/rtofs.20240710/rtofs_glo_3dz_f006_6hrly_hvr_US_east.nc
ARGO_GDAC,pfl,aoml/4903545/profiles/D4903545_081.nc|2024-07-15T04:56:05Z|25.87531|-87.61343,aoml/4903545/profiles/D4903545_081.nc,4903545,4903545,25.87531,-87.61343,2024-07-15T04:56:05Z,20240715,2024,1008,1.0,2005.72,18.5104,True,True,True,https://noaa-nws-rtofs-pds.s3.amazonaws.com/rtofs.20240715/rtofs_glo_3dz_f006_6hrly_hvr_US_east.nc
ARGO_GDAC,pfl,aoml/4903545/profiles/D4903545_081.nc|2024-07-15T04:56:05Z|25.87531|-87.61343,aoml/4903545/profiles/D4903545_081.nc,4903545,4903545,25.87531,-87.61343,2024-07-15T04:56:05Z,20240715,2024,784,0.64,99.96,18.5866,True,True,True,https://noaa-nws-rtofs-pds.s3.amazonaws.com/rtofs.20240715/rtofs_glo_3dz_f006_6hrly_hvr_US_east.nc
ARGO_GDAC,pfl,aoml/4903545/profiles/D4903545_082.nc|2024-07-20T05:32:34Z|25.77032|-88.02661,aoml/4903545/profiles/D4903545_082.nc,4903545,4903545,25.77032,-88.02661,2024-07-20T05:32:34Z,20240720,2024,1010,1.2,2009.28,25.3162,True,True,True,https://noaa-nws-rtofs-pds.s3.amazonaws.com/rtofs.20240720/rtofs_glo_3dz_f006_6hrly_hvr_US_east.nc
ARGO_GDAC,pfl,aoml/4903545/profiles/D4903545_082.nc|2024-07-20T05:32:34Z|25.77032|-88.02661,aoml/4903545/profiles/D4903545_082.nc,4903545,4903545,25.77032,-88.02661,2024-07-20T05:32:34Z,20240720,2024,722,0.96,100.0,25.4459,True,True,True,https://noaa-nws-rtofs-pds.s3.amazonaws.com/rtofs.20240720/rtofs_glo_3dz_f006_6hrly_hvr_US_east.nc
ARGO_GDAC,pfl,aoml/4903545/profiles/D4903545_083.nc|2024-07-25T06:11:29Z|25.83058|-88.05630,aoml/4903545/profiles/D4903545_083.nc,4903545,4903545,25.83058,-88.0563,2024-07-25T06:11:29Z,20240725,2024,1013,1.0,2015.6,25.5496,True,True,True,https://noaa-nws-rtofs-pds.s3.amazonaws.com/rtofs.20240725/rtofs_glo_3dz_f006_6hrly_hvr_US_east.nc
ARGO_GDAC,pfl,aoml/4903545/profiles/D4903545_083.nc|2024-07-25T06:11:29Z|25.83058|-88.05630,aoml/4903545/profiles/D4903545_083.nc,4903545,4903545,25.83058,-88.0563,2024-07-25T06:11:29Z,20240725,2024,685,0.56,99.8,25.5867,True,True,True,https://noaa-nws-rtofs-pds.s3.amazonaws.com/rtofs.20240725/rtofs_glo_3dz_f006_6hrly_hvr_US_east.nc
ARGO_GDAC,pfl,aoml/4903545/profiles/D4903545_084.nc|2024-07-30T06:49:51Z|25.75694|-87.97466,aoml/4903545/profiles/D4903545_084.nc,4903545,4903545,25.75694,-87.97466,2024-07-30T06:49:51Z,20240730,2024,1008,1.0,2005.08,22.0542,True,True,True,https://noaa-nws-rtofs-pds.s3.amazonaws.com/rtofs.20240730/rtofs_glo_3dz_f006_6hrly_hvr_US_east.nc
ARGO_GDAC,pfl,aoml/4903545/profiles/D4903545_084.nc|2024-07-30T06:49:51Z|25.75694|-87.97466,aoml/4903545/profiles/D4903545_084.nc,4903545,4903545,25.75694,-87.97466,2024-07-30T06:49:51Z,20240730,2024,708,0.56,99.88,22.0401,True,True,True,https://noaa-nws-rtofs-pds.s3.amazonaws.com/rtofs.20240730/rtofs_glo_3dz_f006_6hrly_hvr_US_east.nc
ARGO_GDAC,pfl,aoml/4903545/profiles/D4903545_085.nc|2024-08-04T07:31:42Z|26.13144|-88.53837,aoml/4903545/profiles/D4903545_085.nc,4903545,4903545,26.13144,-88.53837,2024-08-04T07:31:42Z,20240804,2024,1014,1.0,2017.32,27.8807,True,True,True,https://noaa-nws-rtofs-pds.s3.amazonaws.com/rtofs.20240804/rtofs_glo_3dz_f006_6hrly_hvr_US_east.nc
ARGO_GDAC,pfl,aoml/4903545/profiles/D4903545_085.nc|2024-08-04T07:31:42Z|26.13144|-88.53837,aoml/4903545/profiles/D4903545_085.nc,4903545,4903545,26.13144,-88.53837,2024-08-04T07:31:42Z,20240804,2024,719,0.6,100.0,27.8962,True,True,True,https://noaa-nws-rtofs-pds.s3.amazonaws.com/rtofs.20240804/rtofs_glo_3dz_f006_6hrly_hvr_US_east.nc
ARGO_GDAC,pfl,aoml/4903545/profiles/D4903545_086.nc|2024-08-09T08:06:23Z|26.75208|-89.10395,aoml/4903545/profiles/D4903545_086.nc,4903545,4903545,26.75208,-89.10395,2024-08-09T08:06:23Z,20240809,2024,1011,1.04,2011.92,31.9542,True,True,True,https://noaa-nws-rtofs-pds.s3.amazonaws.com/rtofs.20240809/rtofs_glo_3dz_f006_6hrly_hvr_US_east.nc
ARGO_GDAC,pfl,aoml/4903545/profiles/D4903545_086.nc|2024-08-09T08:06:23Z|26.75208|-89.10395,aoml/4903545/profiles/D4903545_086.nc,4903545,4903545,26.75208,-89.10395,2024-08-09T08:06:23Z,20240809,2024,785,0.64,99.96,32.36,True,True,True,https://noaa-nws-rtofs-pds.s3.amazonaws.com/rtofs.20240809/rtofs_glo_3dz_f006_6hrly_hvr_US_east.nc
ARGO_GDAC,pfl,aoml/4903545/profiles/D4903545_087.nc|2024-08-14T09:01:19Z|26.98321|-89.31685,aoml/4903545/profiles/D4903545_087.nc,4903545,4903545,26.98321,-89.31685,2024-08-14T09:01:19Z,20240814,2024,1010,1.0,2009.32,18.4821,True,True,True,https://noaa-nws-rtofs-pds.s3.amazonaws.com/rtofs.20240814/rtofs_glo_3dz_f006_6hrly_hvr_US_east.nc
ARGO_GDAC,pfl,aoml/4903545/profiles/D4903545_087.nc|2024-08-14T09:01:19Z|26.98321|-89.31685,aoml/4903545/profiles/D4903545_087.nc,4903545,4903545,26.98321,-89.31685,2024-08-14T09:01:19Z,20240814,2024,847,0.6,99.96,18.6483,True,True,True,https://noaa-nws-rtofs-pds.s3.amazonaws.com/rtofs.20240814/rtofs_glo_3dz_f006_6hrly_hvr_US_east.nc
ARGO_GDAC,pfl,aoml/4903545/profiles/D4903545_088.nc|2024-08-19T09:45:30Z|26.80974|-89.18030,aoml/4903545/profiles/D4903545_088.nc,4903545,4903545,26.80974,-89.1803,2024-08-19T09:45:30Z,20240819,2024,1014,0.48,2015.32,30.684,True,True,True,https://noaa-nws-rtofs-pds.s3.amazonaws.com/rtofs.20240819/rtofs_glo_3dz_f006_6hrly_hvr_US_east.nc
ARGO_GDAC,pfl,aoml/4903545/profiles/D4903545_088.nc|2024-08-19T09:45:30Z|26.80974|-89.18030,aoml/4903545/profiles/D4903545_088.nc,4903545,4903545,26.80974,-89.1803,2024-08-19T09:45:30Z,20240819,2024,778,0.48,99.96,31.398,True,True,True,https://noaa-nws-rtofs-pds.s3.amazonaws.com/rtofs.20240819/rtofs_glo_3dz_f006_6hrly_hvr_US_east.nc
ARGO_GDAC,pfl,aoml/4903545/profiles/D4903545_089.nc|2024-08-24T10:23:18Z|26.63637|-89.14576,aoml/4903545/profiles/D4903545_089.nc,4903545,4903545,26.63637,-89.14576,2024-08-24T10:23:18Z,20240824,2024,1011,0.96,2011.36,29.0306,True,True,True,https://noaa-nws-rtofs-pds.s3.amazonaws.com/rtofs.20240824/rtofs_glo_3dz_f006_6hrly_hvr_US_east.nc
ARGO_GDAC,pfl,aoml/4903545/profiles/D4903545_089.nc|2024-08-24T10:23:18Z|26.63637|-89.14576,aoml/4903545/profiles/D4903545_089.nc,4903545,4903545,26.63637,-89.14576,2024-08-24T10:23:18Z,20240824,2024,706,0.56,100.0,29.2957,True,True,True,https://noaa-nws-rtofs-pds.s3.amazonaws.com/rtofs.20240824/rtofs_glo_3dz_f006_6hrly_hvr_US_east.nc
ARGO_GDAC,pfl,aoml/4903545/profiles/D4903545_090.nc|2024-08-29T11:07:00Z|26.48426|-89.10340,aoml/4903545/profiles/D4903545_090.nc,4903545,4903545,26.48426,-89.1034,2024-08-29T11:07:00Z,20240829,2024,1010,1.04,2009.4,31.2569,True,True,True,https://noaa-nws-rtofs-pds.s3.amazonaws.com/rtofs.20240829/rtofs_glo_3dz_f006_6hrly_hvr_US_east.nc
ARGO_GDAC,pfl,aoml/4903545/profiles/D4903545_090.nc|2024-08-29T11:07:00Z|26.48426|-89.10340,aoml/4903545/profiles/D4903545_090.nc,4903545,4903545,26.48426,-89.1034,2024-08-29T11:07:00Z,20240829,2024,752,0.6,99.92,31.9147,True,True,True,https://noaa-nws-rtofs-pds.s3.amazonaws.com/rtofs.20240829/rtofs_glo_3dz_f006_6hrly_hvr_US_east.nc
ARGO_GDAC,pfl,aoml/4903545/profiles/D4903545_091.nc|2024-09-03T11:44:08Z|26.60760|-88.62666,aoml/4903545/profiles/D4903545_091.nc,4903545,4903545,26.6076,-88.62666,2024-09-03T11:44:08Z,20240903,2024,1010,1.04,2009.32,36.8913,True,True,True,https://noaa-nws-rtofs-pds.s3.amazonaws.com/rtofs.20240903/rtofs_glo_3dz_f006_6hrly_hvr_US_east.nc
ARGO_GDAC,pfl,aoml/4903545/profiles/D4903545_091.nc|2024-09-03T11:44:08Z|26.60760|-88.62666,aoml/4903545/profiles/D4903545_091.nc,4903545,4903545,26.6076,-88.62666,2024-09-03T11:44:08Z,20240903,2024,890,0.64,99.96,37.0133,True,True,True,https://noaa-nws-rtofs-pds.s3.amazonaws.com/rtofs.20240903/rtofs_glo_3dz_f006_6hrly_hvr_US_east.nc
ARGO_GDAC,pfl,aoml/4903545/profiles/D4903545_092.nc|2024-09-08T12:19:30Z|26.86537|-88.02676,aoml/4903545/profiles/D4903545_092.nc,4903545,4903545,26.86537,-88.02676,2024-09-08T12:19:30Z,20240908,2024,1013,0.96,2015.36,18.1085,True,True,True,https://noaa-nws-rtofs-pds.s3.amazonaws.com/rtofs.20240908/rtofs_glo_3dz_f006_6hrly_hvr_US_east.nc
ARGO_GDAC,pfl,aoml/4903545/profiles/D4903545_092.nc|2024-09-08T12:19:30Z|26.86537|-88.02676,aoml/4903545/profiles/D4903545_092.nc,4903545,4903545,26.86537,-88.02676,2024-09-08T12:19:30Z,20240908,2024,813,0.52,99.96,18.3222,True,True,True,https://noaa-nws-rtofs-pds.s3.amazonaws.com/rtofs.20240908/rtofs_glo_3dz_f006_6hrly_hvr_US_east.nc
ARGO_GDAC,pfl,aoml/4903545/profiles/D4903545_093.nc|2024-09-13T13:02:01Z|26.40911|-88.90113,aoml/4903545/profiles/D4903545_093.nc,4903545,4903545,26.40911,-88.90113,2024-09-13T13:02:01Z,20240913,2024,1013,1.08,2015.4,45.7792,True,True,True,https://noaa-nws-rtofs-pds.s3.amazonaws.com/rtofs.20240913/rtofs_glo_3dz_f006_6hrly_hvr_US_east.nc
ARGO_GDAC,pfl,aoml/4903545/profiles/D4903545_093.nc|2024-09-13T13:02:01Z|26.40911|-88.90113,aoml/4903545/profiles/D4903545_093.nc,4903545,4903545,26.40911,-88.90113,2024-09-13T13:02:01Z,20240913,2024,908,0.64,99.92,45.936,True,True,True,https://noaa-nws-rtofs-pds.s3.amazonaws.com/rtofs.20240913/rtofs_glo_3dz_f006_6hrly_hvr_US_east.nc
ARGO_GDAC,pfl,aoml/4903545/profiles/D4903545_094.nc|2024-09-18T13:42:25Z|26.53325|-88.03633,aoml/4903545/profiles/D4903545_094.nc,4903545,4903545,26.53325,-88.03633,2024-09-18T13:42:25Z,20240918,2024,1012,1.04,2013.76,23.0506,True,True,True,https://noaa-nws-rtofs-pds.s3.amazonaws.com/rtofs.20240918/rtofs_glo_3dz_f006_6hrly_hvr_US_east.nc
ARGO_GDAC,pfl,aoml/4903545/profiles/D4903545_094.nc|2024-09-18T13:42:25Z|26.53325|-88.03633,aoml/4903545/profiles/D4903545_094.nc,4903545,4903545,26.53325,-88.03633,2024-09-18T13:42:25Z,20240918,2024,849,0.56,99.88,23.2754,True,True,True,https://noaa-nws-rtofs-pds.s3.amazonaws.com/rtofs.20240918/rtofs_glo_3dz_f006_6hrly_hvr_US_east.nc
ARGO_GDAC,pfl,aoml/4903545/profiles/D4903545_095.nc|2024-09-23T14:37:38Z|27.26277|-86.67946,aoml/4903545/profiles/D4903545_095.nc,4903545,4903545,27.26277,-86.67946,2024-09-23T14:37:38Z,20240923,2024,1013,1.04,2015.52,25.0468,True,True,True,https://noaa-nws-rtofs-pds.s3.amazonaws.com/rtofs.20240923/rtofs_glo_3dz_f006_6hrly_hvr_US_east.nc
ARGO_GDAC,pfl,aoml/4903545/profiles/D4903545_095.nc|2024-09-23T14:37:38Z|27.26277|-86.67946,aoml/4903545/profiles/D4903545_095.nc,4903545,4903545,27.26277,-86.67946,2024-09-23T14:37:38Z,20240923,2024,855,0.6,99.88,25.1244,True,True,True,https://noaa-nws-rtofs-pds.s3.amazonaws.com/rtofs.20240923/rtofs_glo_3dz_f006_6hrly_hvr_US_east.nc
ARGO_GDAC,pfl,aoml/4903545/profiles/D4903545_096.nc|2024-09-28T15:12:19Z|27.79055|-87.47499,aoml/4903545/profiles/D4903545_096.nc,4903545,4903545,27.79055,-87.47499,2024-09-28T15:12:19Z,20240928,2024,1012,0.96,2013.92,35.463,True,True,True,https://noaa-nws-rtofs-pds.s3.amazonaws.com/rtofs.20240928/rtofs_glo_3dz_f006_6hrly_hvr_US_east.nc
ARGO_GDAC,pfl,aoml/4903545/profiles/D4903545_096.nc|2024-09-28T15:12:19Z|27.79055|-87.47499,aoml/4903545/profiles/D4903545_096.nc,4903545,4903545,27.79055,-87.47499,2024-09-28T15:12:19Z,20240928,2024,827,0.56,99.84,36.4006,True,True,True,https://noaa-nws-rtofs-pds.s3.amazonaws.com/rtofs.20240928/rtofs_glo_3dz_f006_6hrly_hvr_US_east.nc
ARGO_GDAC,pfl,aoml/4903545/profiles/D4903545_097.nc|2024-10-03T15:57:39Z|27.77197|-87.49871,aoml/4903545/profiles/D4903545_097.nc,4903545,4903545,27.77197,-87.49871,2024-10-03T15:57:39Z,20241003,2024,1010,1.0,2009.4,38.3454,True,True,True,https://noaa-nws-rtofs-pds.s3.amazonaws.com/rtofs.20241003/rtofs_glo_3dz_f006_6hrly_hvr_US_east.nc
ARGO_GDAC,pfl,aoml/4903545/profiles/D4903545_097.nc|2024-10-03T15:57:39Z|27.77197|-87.49871,aoml/4903545/profiles/D4903545_097.nc,4903545,4903545,27.77197,-87.49871,2024-10-03T15:57:39Z,20241003,2024,875,0.6,99.96,38.5267,True,True,True,https://noaa-nws-rtofs-pds.s3.amazonaws.com/rtofs.20241003/rtofs_glo_3dz_f006_6hrly_hvr_US_east.nc
ARGO_GDAC,pfl,aoml/4903545/profiles/D4903545_098.nc|2024-10-08T16:36:45Z|27.84118|-87.10850,aoml/4903545/profiles/D4903545_098.nc,4903545,4903545,27.84118,-87.1085,2024-10-08T16:36:45Z,20241008,2024,1010,1.04,2009.44,29.4792,True,True,True,https://noaa-nws-rtofs-pds.s3.amazonaws.com/rtofs.20241008/rtofs_glo_3dz_f006_6hrly_hvr_US_east.nc
ARGO_GDAC,pfl,aoml/4903545/profiles/D4903545_098.nc|2024-10-08T16:36:45Z|27.84118|-87.10850,aoml/4903545/profiles/D4903545_098.nc,4903545,4903545,27.84118,-87.1085,2024-10-08T16:36:45Z,20241008,2024,789,0.68,99.96,29.8151,True,True,True,https://noaa-nws-rtofs-pds.s3.amazonaws.com/rtofs.20241008/rtofs_glo_3dz_f006_6hrly_hvr_US_east.nc
ARGO_GDAC,pfl,aoml/4903545/profiles/D4903545_099.nc|2024-10-13T17:23:51Z|27.63089|-86.54783,aoml/4903545/profiles/D4903545_099.nc,4903545,4903545,27.63089,-86.54783,2024-10-13T17:23:51Z,20241013,2024,1014,0.48,2015.84,36.2682,True,True,True,https://noaa-nws-rtofs-pds.s3.amazonaws.com/rtofs.20241013/rtofs_glo_3dz_f006_6hrly_hvr_US_east.nc
ARGO_GDAC,pfl,aoml/4903545/profiles/D4903545_099.nc|2024-10-13T17:23:51Z|27.63089|-86.54783,aoml/4903545/profiles/D4903545_099.nc,4903545,4903545,27.63089,-86.54783,2024-10-13T17:23:51Z,20241013,2024,869,0.48,99.92,37.3571,True,True,True,https://noaa-nws-rtofs-pds.s3.amazonaws.com/rtofs.20241013/rtofs_glo_3dz_f006_6hrly_hvr_US_east.nc
ARGO_GDAC,pfl,aoml/4903545/profiles/D4903545_100.nc|2024-10-18T18:10:34Z|26.99929|-86.01166,aoml/4903545/profiles/D4903545_100.nc,4903545,4903545,26.99929,-86.01166,2024-10-18T18:10:34Z,20241018,2024,1015,0.92,2019.04,42.9987,True,True,True,https://noaa-nws-rtofs-pds.s3.amazonaws.com/rtofs.20241018/rtofs_glo_3dz_f006_6hrly_hvr_US_east.nc
ARGO_GDAC,pfl,aoml/4903545/profiles/D4903545_100.nc|2024-10-18T18:10:34Z|26.99929|-86.01166,aoml/4903545/profiles/D4903545_100.nc,4903545,4903545,26.99929,-86.01166,2024-10-18T18:10:34Z,20241018,2024,936,0.52,99.96,43.2098,True,True,True,https://noaa-nws-rtofs-pds.s3.amazonaws.com/rtofs.20241018/rtofs_glo_3dz_f006_6hrly_hvr_US_east.nc
ARGO_GDAC,pfl,aoml/4903545/profiles/D4903545_101.nc|2024-10-23T18:57:14Z|26.61148|-85.71757,aoml/4903545/profiles/D4903545_101.nc,4903545,4903545,26.61148,-85.71757,2024-10-23T18:57:14Z,20241023,2024,1014,0.96,2017.52,64.1341,True,True,True,https://noaa-nws-rtofs-pds.s3.amazonaws.com/rtofs.20241023/rtofs_glo_3dz_f006_6hrly_hvr_US_east.nc
ARGO_GDAC,pfl,aoml/4903545/profiles/D4903545_101.nc|2024-10-23T18:57:14Z|26.61148|-85.71757,aoml/4903545/profiles/D4903545_101.nc,4903545,4903545,26.61148,-85.71757,2024-10-23T18:57:14Z,20241023,2024,807,0.52,99.96,64.4689,True,True,True,https://noaa-nws-rtofs-pds.s3.amazonaws.com/rtofs.20241023/rtofs_glo_3dz_f006_6hrly_hvr_US_east.nc
ARGO_GDAC,pfl,aoml/4903545/profiles/D4903545_102.nc|2024-10-28T19:36:58Z|26.74050|-85.61926,aoml/4903545/profiles/D4903545_102.nc,4903545,4903545,26.7405,-85.61926,2024-10-28T19:36:58Z,20241028,2024,1015,0.4,2017.2,56.0697,True,True,True,https://noaa-nws-rtofs-pds.s3.amazonaws.com/rtofs.20241028/rtofs_glo_3dz_f006_6hrly_hvr_US_east.nc
ARGO_GDAC,pfl,aoml/4903545/profiles/D4903545_102.nc|2024-10-28T19:36:58Z|26.74050|-85.61926,aoml/4903545/profiles/D4903545_102.nc,4903545,4903545,26.7405,-85.61926,2024-10-28T19:36:58Z,20241028,2024,774,0.4,99.92,56.225,True,True,True,https://noaa-nws-rtofs-pds.s3.amazonaws.com/rtofs.20241028/rtofs_glo_3dz_f006_6hrly_hvr_US_east.nc
ARGO_GDAC,pfl,aoml/4903545/profiles/D4903545_103.nc|2024-11-02T20:29:28Z|27.13026|-85.91030,aoml/4903545/profiles/D4903545_103.nc,4903545,4903545,27.13026,-85.9103,2024-11-02T20:29:28Z,20241102,2024,1010,1.0,2009.56,46.2842,True,True,True,https://noaa-nws-rtofs-pds.s3.amazonaws.com/rtofs.20241102/rtofs_glo_3dz_f006_6hrly_hvr_US_east.nc
ARGO_GDAC,pfl,aoml/4903545/profiles/D4903545_103.nc|2024-11-02T20:29:28Z|27.13026|-85.91030,aoml/4903545/profiles/D4903545_103.nc,4903545,4903545,27.13026,-85.9103,2024-11-02T20:29:28Z,20241102,2024,839,0.6,100.0,46.4992,True,True,True,https://noaa-nws-rtofs-pds.s3.amazonaws.com/rtofs.20241102/rtofs_glo_3dz_f006_6hrly_hvr_US_east.nc
ARGO_GDAC,pfl,aoml/4903545/profiles/D4903545_104.nc|2024-11-07T21:15:43Z|27.13459|-86.37829,aoml/4903545/profiles/D4903545_104.nc,4903545,4903545,27.13459,-86.37829,2024-11-07T21:15:43Z,20241107,2024,1013,1.08,2015.36,76.0645,True,True,True,https://noaa-nws-rtofs-pds.s3.amazonaws.com/rtofs.20241107/rtofs_glo_3dz_f006_6hrly_hvr_US_east.nc
ARGO_GDAC,pfl,aoml/4903545/profiles/D4903545_104.nc|2024-11-07T21:15:43Z|27.13459|-86.37829,aoml/4903545/profiles/D4903545_104.nc,4903545,4903545,27.13459,-86.37829,2024-11-07T21:15:43Z,20241107,2024,894,0.56,99.96,76.4325,True,True,True,https://noaa-nws-rtofs-pds.s3.amazonaws.com/rtofs.20241107/rtofs_glo_3dz_f006_6hrly_hvr_US_east.nc
ARGO_GDAC,pfl,aoml/4903545/profiles/D4903545_105.nc|2024-11-12T21:59:14Z|26.94976|-86.73158,aoml/4903545/profiles/D4903545_105.nc,4903545,4903545,26.94976,-86.73158,2024-11-12T21:59:14Z,20241112,2024,1011,0.44,2009.4,100.98,True,False,True,https://noaa-nws-rtofs-pds.s3.amazonaws.com/rtofs.20241112/rtofs_glo_3dz_f006_6hrly_hvr_US_east.nc
ARGO_GDAC,pfl,aoml/4903545/profiles/D4903545_105.nc|2024-11-12T21:59:14Z|26.94976|-86.73158,aoml/4903545/profiles/D4903545_105.nc,4903545,4903545,26.94976,-86.73158,2024-11-12T21:59:14Z,20241112,2024,685,0.44,99.96,,False,False,True,https://noaa-nws-rtofs-pds.s3.amazonaws.com/rtofs.20241112/rtofs_glo_3dz_f006_6hrly_hvr_US_east.nc
ARGO_GDAC,pfl,aoml/4903545/profiles/D4903545_106.nc|2024-11-17T22:32:33Z|26.62930|-86.95142,aoml/4903545/profiles/D4903545_106.nc,4903545,4903545,26.6293,-86.95142,2024-11-17T22:32:33Z,20241117,2024,1010,0.92,2009.72,114.9095,True,False,True,https://noaa-nws-rtofs-pds.s3.amazonaws.com/rtofs.20241117/rtofs_glo_3dz_f006_6hrly_hvr_US_east.nc
ARGO_GDAC,pfl,aoml/4903545/profiles/D4903545_106.nc|2024-11-17T22:32:33Z|26.62930|-86.95142,aoml/4903545/profiles/D4903545_106.nc,4903545,4903545,26.6293,-86.95142,2024-11-17T22:32:33Z,20241117,2024,623,0.52,99.96,,False,False,True,https://noaa-nws-rtofs-pds.s3.amazonaws.com/rtofs.20241117/rtofs_glo_3dz_f006_6hrly_hvr_US_east.nc
ARGO_GDAC,pfl,aoml/4903545/profiles/D4903545_107.nc|2024-11-22T23:17:05Z|26.38724|-87.15563,aoml/4903545/profiles/D4903545_107.nc,4903545,4903545,26.38724,-87.15563,2024-11-22T23:17:05Z,20241122,2024,1011,1.0,2011.36,142.701,True,False,True,https://noaa-nws-rtofs-pds.s3.amazonaws.com/rtofs.20241122/rtofs_glo_3dz_f006_6hrly_hvr_US_east.nc
ARGO_GDAC,pfl,aoml/4903545/profiles/D4903545_107.nc|2024-11-22T23:17:05Z|26.38724|-87.15563,aoml/4903545/profiles/D4903545_107.nc,4903545,4903545,26.38724,-87.15563,2024-11-22T23:17:05Z,20241122,2024,686,0.6,99.96,,False,False,True,https://noaa-nws-rtofs-pds.s3.amazonaws.com/rtofs.20241122/rtofs_glo_3dz_f006_6hrly_hvr_US_east.nc
ARGO_GDAC,pfl,aoml/4903545/profiles/D4903545_108.nc|2024-11-27T23:59:58Z|26.38176|-87.21012,aoml/4903545/profiles/D4903545_108.nc,4903545,4903545,26.38176,-87.21012,2024-11-27T23:59:58Z,20241127,2024,1013,0.48,2013.84,136.3202,True,False,True,https://noaa-nws-rtofs-pds.s3.amazonaws.com/rtofs.20241127/rtofs_glo_3dz_f006_6hrly_hvr_US_east.nc
ARGO_GDAC,pfl,aoml/4903545/profiles/D4903545_108.nc|2024-11-27T23:59:58Z|26.38176|-87.21012,aoml/4903545/profiles/D4903545_108.nc,4903545,4903545,26.38176,-87.21012,2024-11-27T23:59:58Z,20241127,2024,601,0.48,99.96,,False,False,True,https://noaa-nws-rtofs-pds.s3.amazonaws.com/rtofs.20241127/rtofs_glo_3dz_f006_6hrly_hvr_US_east.nc
ARGO_GDAC,pfl,aoml/4903545/profiles/D4903545_109.nc|2024-12-03T00:42:05Z|26.21410|-87.07244,aoml/4903545/profiles/D4903545_109.nc,4903545,4903545,26.2141,-87.07244,2024-12-03T00:42:05Z,20241203,2024,1011,0.4,2009.32,143.6437,True,False,True,https://noaa-nws-rtofs-pds.s3.amazonaws.com/rtofs.20241203/rtofs_glo_3dz_f006_6hrly_hvr_US_east.nc
ARGO_GDAC,pfl,aoml/4903545/profiles/D4903545_109.nc|2024-12-03T00:42:05Z|26.21410|-87.07244,aoml/4903545/profiles/D4903545_109.nc,4903545,4903545,26.2141,-87.07244,2024-12-03T00:42:05Z,20241203,2024,627,0.4,99.88,,False,False,True,https://noaa-nws-rtofs-pds.s3.amazonaws.com/rtofs.20241203/rtofs_glo_3dz_f006_6hrly_hvr_US_east.nc
ARGO_GDAC,pfl,aoml/4903545/profiles/D4903545_110.nc|2024-12-08T01:23:57Z|26.21241|-86.94477,aoml/4903545/profiles/D4903545_110.nc,4903545,4903545,26.21241,-86.94477,2024-12-08T01:23:57Z,20241208,2024,1014,0.48,2015.28,128.0971,True,False,True,https://noaa-nws-rtofs-pds.s3.amazonaws.com/rtofs.20241208/rtofs_glo_3dz_f006_6hrly_hvr_US_east.nc
ARGO_GDAC,pfl,aoml/4903545/profiles/D4903545_110.nc|2024-12-08T01:23:57Z|26.21241|-86.94477,aoml/4903545/profiles/D4903545_110.nc,4903545,4903545,26.21241,-86.94477,2024-12-08T01:23:57Z,20241208,2024,769,0.48,99.96,,False,False,True,https://noaa-nws-rtofs-pds.s3.amazonaws.com/rtofs.20241208/rtofs_glo_3dz_f006_6hrly_hvr_US_east.nc
ARGO_GDAC,pfl,aoml/4903545/profiles/D4903545_111.nc|2024-12-13T02:05:56Z|26.11700|-86.77087,aoml/4903545/profiles/D4903545_111.nc,4903545,4903545,26.117,-86.77087,2024-12-13T02:05:56Z,20241213,2024,1011,1.04,2011.52,98.3414,True,True,True,https://noaa-nws-rtofs-pds.s3.amazonaws.com/rtofs.20241213/rtofs_glo_3dz_f006_6hrly_hvr_US_east.nc
ARGO_GDAC,pfl,aoml/4903545/profiles/D4903545_111.nc|2024-12-13T02:05:56Z|26.11700|-86.77087,aoml/4903545/profiles/D4903545_111.nc,4903545,4903545,26.117,-86.77087,2024-12-13T02:05:56Z,20241213,2024,911,0.64,100.0,98.3086,True,True,True,https://noaa-nws-rtofs-pds.s3.amazonaws.com/rtofs.20241213/rtofs_glo_3dz_f006_6hrly_hvr_US_east.nc
ARGO_GDAC,pfl,aoml/4903545/profiles/D4903545_112.nc|2024-12-18T02:56:09Z|26.06349|-86.13041,aoml/4903545/profiles/D4903545_112.nc,4903545,4903545,26.06349,-86.13041,2024-12-18T02:56:09Z,20241218,2024,1012,0.44,2011.64,29.6691,True,True,True,https://noaa-nws-rtofs-pds.s3.amazonaws.com/rtofs.20241218/rtofs_glo_3dz_f006_6hrly_hvr_US_east.nc
ARGO_GDAC,pfl,aoml/4903545/profiles/D4903545_112.nc|2024-12-18T02:56:09Z|26.06349|-86.13041,aoml/4903545/profiles/D4903545_112.nc,4903545,4903545,26.06349,-86.13041,2024-12-18T02:56:09Z,20241218,2024,784,0.44,99.92,28.84,True,True,True,https://noaa-nws-rtofs-pds.s3.amazonaws.com/rtofs.20241218/rtofs_glo_3dz_f006_6hrly_hvr_US_east.nc
ARGO_GDAC,pfl,aoml/4903545/profiles/D4903545_113.nc|2024-12-23T03:39:10Z|25.98721|-85.61014,aoml/4903545/profiles/D4903545_113.nc,4903545,4903545,25.98721,-85.61014,2024-12-23T03:39:10Z,20241223,2024,1013,1.04,2015.52,30.063,True,True,True,https://noaa-nws-rtofs-pds.s3.amazonaws.com/rtofs.20241223/rtofs_glo_3dz_f006_6hrly_hvr_US_east.nc
ARGO_GDAC,pfl,aoml/4903545/profiles/D4903545_113.nc|2024-12-23T03:39:10Z|25.98721|-85.61014,aoml/4903545/profiles/D4903545_113.nc,4903545,4903545,25.98721,-85.61014,2024-12-23T03:39:10Z,20241223,2024,835,0.64,100.0,30.46,True,True,True,https://noaa-nws-rtofs-pds.s3.amazonaws.com/rtofs.20241223/rtofs_glo_3dz_f006_6hrly_hvr_US_east.nc
ARGO_GDAC,pfl,aoml/4903545/profiles/D4903545_114.nc|2024-12-28T04:14:11Z|26.02253|-85.52128,aoml/4903545/profiles/D4903545_114.nc,4903545,4903545,26.02253,-85.52128,2024-12-28T04:14:11Z,20241228,2024,1012,1.04,2013.4,83.7422,True,True,True,https://noaa-nws-rtofs-pds.s3.amazonaws.com/rtofs.20241228/rtofs_glo_3dz_f006_6hrly_hvr_US_east.nc
ARGO_GDAC,pfl,aoml/4903545/profiles/D4903545_114.nc|2024-12-28T04:14:11Z|26.02253|-85.52128,aoml/4903545/profiles/D4903545_114.nc,4903545,4903545,26.02253,-85.52128,2024-12-28T04:14:11Z,20241228,2024,846,0.72,99.92,83.76,True,True,True,https://noaa-nws-rtofs-pds.s3.amazonaws.com/rtofs.20241228/rtofs_glo_3dz_f006_6hrly_hvr_US_east.nc
ARGO_GDAC,pfl,aoml/4903545/profiles/D4903545_115.nc|2025-01-02T04:58:09Z|26.11505|-85.81405,aoml/4903545/profiles/D4903545_115.nc,4903545,4903545,26.11505,-85.81405,2025-01-02T04:58:09Z,20250102,2025,1013,1.12,2015.32,40.32,True,True,True,https://noaa-nws-rtofs-pds.s3.amazonaws.com/rtofs.20250102/rtofs_glo_3dz_f006_6hrly_hvr_US_east.nc
ARGO_GDAC,pfl,aoml/4903545/profiles/D4903545_115.nc|2025-01-02T04:58:09Z|26.11505|-85.81405,aoml/4903545/profiles/D4903545_115.nc,4903545,4903545,26.11505,-85.81405,2025-01-02T04:58:09Z,20250102,2025,822,0.8,99.92,40.4333,True,True,True,https://noaa-nws-rtofs-pds.s3.amazonaws.com/rtofs.20250102/rtofs_glo_3dz_f006_6hrly_hvr_US_east.nc
ARGO_GDAC,pfl,aoml/4903545/profiles/D4903545_116.nc|2025-01-07T05:40:44Z|25.98872|-86.01933,aoml/4903545/profiles/D4903545_116.nc,4903545,4903545,25.98872,-86.01933,2025-01-07T05:40:44Z,20250107,2025,1012,0.96,2013.56,43.9832,True,True,True,https://noaa-nws-rtofs-pds.s3.amazonaws.com/rtofs.20250107/rtofs_glo_3dz_f006_6hrly_hvr_US_east.nc
ARGO_GDAC,pfl,aoml/4903545/profiles/D4903545_116.nc|2025-01-07T05:40:44Z|25.98872|-86.01933,aoml/4903545/profiles/D4903545_116.nc,4903545,4903545,25.98872,-86.01933,2025-01-07T05:40:44Z,20250107,2025,716,0.72,99.92,43.9678,True,True,True,https://noaa-nws-rtofs-pds.s3.amazonaws.com/rtofs.20250107/rtofs_glo_3dz_f006_6hrly_hvr_US_east.nc
ARGO_GDAC,pfl,aoml/4903545/profiles/D4903545_117.nc|2025-01-12T06:18:01Z|25.69387|-86.14073,aoml/4903545/profiles/D4903545_117.nc,4903545,4903545,25.69387,-86.14073,2025-01-12T06:18:01Z,20250112,2025,1014,0.36,2015.32,123.0357,True,False,True,https://noaa-nws-rtofs-pds.s3.amazonaws.com/rtofs.20250112/rtofs_glo_3dz_f006_6hrly_hvr_US_east.nc
ARGO_GDAC,pfl,aoml/4903545/profiles/D4903545_117.nc|2025-01-12T06:18:01Z|25.69387|-86.14073,aoml/4903545/profiles/D4903545_117.nc,4903545,4903545,25.69387,-86.14073,2025-01-12T06:18:01Z,20250112,2025,768,0.36,99.92,,False,False,True,https://noaa-nws-rtofs-pds.s3.amazonaws.com/rtofs.20250112/rtofs_glo_3dz_f006_6hrly_hvr_US_east.nc
ARGO_GDAC,pfl,aoml/4903545/profiles/D4903545_118.nc|2025-01-17T06:53:00Z|25.08658|-86.14726,aoml/4903545/profiles/D4903545_118.nc,4903545,4903545,25.08658,-86.14726,2025-01-17T06:53:00Z,20250117,2025,1013,1.08,2015.44,52.8362,True,True,True,https://noaa-nws-rtofs-pds.s3.amazonaws.com/rtofs.20250117/rtofs_glo_3dz_f006_6hrly_hvr_US_east.nc
ARGO_GDAC,pfl,aoml/4903545/profiles/D4903545_118.nc|2025-01-17T06:53:00Z|25.08658|-86.14726,aoml/4903545/profiles/D4903545_118.nc,4903545,4903545,25.08658,-86.14726,2025-01-17T06:53:00Z,20250117,2025,818,0.68,99.88,53.404,True,True,True,https://noaa-nws-rtofs-pds.s3.amazonaws.com/rtofs.20250117/rtofs_glo_3dz_f006_6hrly_hvr_US_east.nc
ARGO_GDAC,pfl,aoml/4903545/profiles/D4903545_119.nc|2025-01-22T07:24:44Z|24.74720|-85.99999,aoml/4903545/profiles/D4903545_119.nc,4903545,4903545,24.7472,-85.99999,2025-01-22T07:24:44Z,20250122,2025,1008,0.92,2005.88,105.8489,True,False,True,https://noaa-nws-rtofs-pds.s3.amazonaws.com/rtofs.20250122/rtofs_glo_3dz_f006_6hrly_hvr_US_east.nc
ARGO_GDAC,pfl,aoml/4903545/profiles/D4903545_119.nc|2025-01-22T07:24:44Z|24.74720|-85.99999,aoml/4903545/profiles/D4903545_119.nc,4903545,4903545,24.7472,-85.99999,2025-01-22T07:24:44Z,20250122,2025,665,0.56,100.0,,False,False,True,https://noaa-nws-rtofs-pds.s3.amazonaws.com/rtofs.20250122/rtofs_glo_3dz_f006_6hrly_hvr_US_east.nc
ARGO_GDAC,pfl,aoml/4903545/profiles/D4903545_120.nc|2025-01-27T08:03:29Z|24.62397|-85.92358,aoml/4903545/profiles/D4903545_120.nc,4903545,4903545,24.62397,-85.92358,2025-01-27T08:03:29Z,20250127,2025,1011,1.04,2011.28,148.8182,True,False,True,https://noaa-nws-rtofs-pds.s3.amazonaws.com/rtofs.20250127/rtofs_glo_3dz_f006_6hrly_hvr_US_east.nc
ARGO_GDAC,pfl,aoml/4903545/profiles/D4903545_120.nc|2025-01-27T08:03:29Z|24.62397|-85.92358,aoml/4903545/profiles/D4903545_120.nc,4903545,4903545,24.62397,-85.92358,2025-01-27T08:03:29Z,20250127,2025,760,0.6,99.92,,False,False,True,https://noaa-nws-rtofs-pds.s3.amazonaws.com/rtofs.20250127/rtofs_glo_3dz_f006_6hrly_hvr_US_east.nc
ARGO_GDAC,pfl,aoml/4903545/profiles/D4903545_121.nc|2025-02-01T08:43:58Z|24.70773|-86.20408,aoml/4903545/profiles/D4903545_121.nc,4903545,4903545,24.70773,-86.20408,2025-02-01T08:43:58Z,20250201,2025,1012,1.04,2013.32,16.8589,True,True,True,https://noaa-nws-rtofs-pds.s3.amazonaws.com/rtofs.20250201/rtofs_glo_3dz_f006_6hrly_hvr_US_east.nc
ARGO_GDAC,pfl,aoml/4903545/profiles/D4903545_121.nc|2025-02-01T08:43:58Z|24.70773|-86.20408,aoml/4903545/profiles/D4903545_121.nc,4903545,4903545,24.70773,-86.20408,2025-02-01T08:43:58Z,20250201,2025,836,0.56,100.0,16.9943,True,True,True,https://noaa-nws-rtofs-pds.s3.amazonaws.com/rtofs.20250201/rtofs_glo_3dz_f006_6hrly_hvr_US_east.nc
ARGO_GDAC,pfl,aoml/4903545/profiles/D4903545_122.nc|2025-02-06T09:25:11Z|24.82367|-86.50014,aoml/4903545/profiles/D4903545_122.nc,4903545,4903545,24.82367,-86.50014,2025-02-06T09:25:11Z,20250206,2025,1009,1.0,2007.32,46.8771,True,True,True,https://noaa-nws-rtofs-pds.s3.amazonaws.com/rtofs.20250206/rtofs_glo_3dz_f006_6hrly_hvr_US_east.nc
ARGO_GDAC,pfl,aoml/4903545/profiles/D4903545_122.nc|2025-02-06T09:25:11Z|24.82367|-86.50014,aoml/4903545/profiles/D4903545_122.nc,4903545,4903545,24.82367,-86.50014,2025-02-06T09:25:11Z,20250206,2025,790,0.52,99.96,47.0071,True,True,True,https://noaa-nws-rtofs-pds.s3.amazonaws.com/rtofs.20250206/rtofs_glo_3dz_f006_6hrly_hvr_US_east.nc
ARGO_GDAC,pfl,aoml/4903545/profiles/D4903545_123.nc|2025-02-11T10:04:32Z|25.34084|-86.52406,aoml/4903545/profiles/D4903545_123.nc,4903545,4903545,25.34084,-86.52406,2025-02-11T10:04:32Z,20250211,2025,1011,1.04,2011.24,28.381,True,True,True,https://noaa-nws-rtofs-pds.s3.amazonaws.com/rtofs.20250211/rtofs_glo_3dz_f006_6hrly_hvr_US_east.nc
ARGO_GDAC,pfl,aoml/4903545/profiles/D4903545_123.nc|2025-02-11T10:04:32Z|25.34084|-86.52406,aoml/4903545/profiles/D4903545_123.nc,4903545,4903545,25.34084,-86.52406,2025-02-11T10:04:32Z,20250211,2025,849,0.56,99.96,28.1089,True,True,True,https://noaa-nws-rtofs-pds.s3.amazonaws.com/rtofs.20250211/rtofs_glo_3dz_f006_6hrly_hvr_US_east.nc
ARGO_GDAC,pfl,aoml/4903545/profiles/D4903545_124.nc|2025-02-16T10:35:22Z|25.29403|-86.02350,aoml/4903545/profiles/D4903545_124.nc,4903545,4903545,25.29403,-86.0235,2025-02-16T10:35:22Z,20250216,2025,1010,1.2,2009.4,56.6923,True,True,True,https://noaa-nws-rtofs-pds.s3.amazonaws.com/rtofs.20250216/rtofs_glo_3dz_f006_6hrly_hvr_US_east.nc
ARGO_GDAC,pfl,aoml/4903545/profiles/D4903545_124.nc|2025-02-16T10:35:22Z|25.29403|-86.02350,aoml/4903545/profiles/D4903545_124.nc,4903545,4903545,25.29403,-86.0235,2025-02-16T10:35:22Z,20250216,2025,792,0.92,99.88,57.0385,True,True,True,https://noaa-nws-rtofs-pds.s3.amazonaws.com/rtofs.20250216/rtofs_glo_3dz_f006_6hrly_hvr_US_east.nc
ARGO_GDAC,pfl,aoml/4903545/profiles/D4903545_125.nc|2025-02-21T11:13:30Z|24.78184|-86.03872,aoml/4903545/profiles/D4903545_125.nc,4903545,4903545,24.78184,-86.03872,2025-02-21T11:13:30Z,20250221,2025,1011,0.44,2009.28,93.4405,True,True,True,https://noaa-nws-rtofs-pds.s3.amazonaws.com/rtofs.20250221/rtofs_glo_3dz_f006_6hrly_hvr_US_east.nc
ARGO_GDAC,pfl,aoml/4903545/profiles/D4903545_125.nc|2025-02-21T11:13:30Z|24.78184|-86.03872,aoml/4903545/profiles/D4903545_125.nc,4903545,4903545,24.78184,-86.03872,2025-02-21T11:13:30Z,20250221,2025,841,0.44,99.96,93.4114,True,True,True,https://noaa-nws-rtofs-pds.s3.amazonaws.com/rtofs.20250221/rtofs_glo_3dz_f006_6hrly_hvr_US_east.nc
ARGO_GDAC,pfl,aoml/4903545/profiles/D4903545_126.nc|2025-02-26T12:02:44Z|24.56285|-86.27290,aoml/4903545/profiles/D4903545_126.nc,4903545,4903545,24.56285,-86.2729,2025-02-26T12:02:44Z,20250226,2025,1014,0.96,2017.72,64.1442,True,True,True,https://noaa-nws-rtofs-pds.s3.amazonaws.com/rtofs.20250226/rtofs_glo_3dz_f006_6hrly_hvr_US_east.nc
ARGO_GDAC,pfl,aoml/4903545/profiles/D4903545_126.nc|2025-02-26T12:02:44Z|24.56285|-86.27290,aoml/4903545/profiles/D4903545_126.nc,4903545,4903545,24.56285,-86.2729,2025-02-26T12:02:44Z,20250226,2025,647,0.52,99.92,64.156,True,True,True,https://noaa-nws-rtofs-pds.s3.amazonaws.com/rtofs.20250226/rtofs_glo_3dz_f006_6hrly_hvr_US_east.nc
ARGO_GDAC,pfl,aoml/4903545/profiles/D4903545_127.nc|2025-03-03T12:46:45Z|24.68225|-86.47081,aoml/4903545/profiles/D4903545_127.nc,4903545,4903545,24.68225,-86.47081,2025-03-03T12:46:45Z,20250303,2025,1012,0.92,2013.36,67.7381,True,True,True,https://noaa-nws-rtofs-pds.s3.amazonaws.com/rtofs.20250303/rtofs_glo_3dz_f006_6hrly_hvr_US_east.nc
ARGO_GDAC,pfl,aoml/4903545/profiles/D4903545_127.nc|2025-03-03T12:46:45Z|24.68225|-86.47081,aoml/4903545/profiles/D4903545_127.nc,4903545,4903545,24.68225,-86.47081,2025-03-03T12:46:45Z,20250303,2025,830,0.56,99.92,67.78,True,True,True,https://noaa-nws-rtofs-pds.s3.amazonaws.com/rtofs.20250303/rtofs_glo_3dz_f006_6hrly_hvr_US_east.nc
ARGO_GDAC,pfl,aoml/4903545/profiles/D4903545_128.nc|2025-03-08T13:30:21Z|24.82757|-86.67985,aoml/4903545/profiles/D4903545_128.nc,4903545,4903545,24.82757,-86.67985,2025-03-08T13:30:21Z,20250308,2025,1010,0.96,2009.28,21.9811,True,True,True,https://noaa-nws-rtofs-pds.s3.amazonaws.com/rtofs.20250308/rtofs_glo_3dz_f006_6hrly_hvr_US_east.nc
ARGO_GDAC,pfl,aoml/4903545/profiles/D4903545_128.nc|2025-03-08T13:30:21Z|24.82757|-86.67985,aoml/4903545/profiles/D4903545_128.nc,4903545,4903545,24.82757,-86.67985,2025-03-08T13:30:21Z,20250308,2025,643,0.56,99.88,21.4001,True,True,True,https://noaa-nws-rtofs-pds.s3.amazonaws.com/rtofs.20250308/rtofs_glo_3dz_f006_6hrly_hvr_US_east.nc
ARGO_GDAC,pfl,aoml/4903545/profiles/D4903545_129.nc|2025-03-13T14:13:20Z|25.09432|-86.98076,aoml/4903545/profiles/D4903545_129.nc,4903545,4903545,25.09432,-86.98076,2025-03-13T14:13:20Z,20250313,2025,1014,0.96,2017.68,64.708,True,True,True,https://noaa-nws-rtofs-pds.s3.amazonaws.com/rtofs.20250313/rtofs_glo_3dz_f006_6hrly_hvr_US_east.nc
ARGO_GDAC,pfl,aoml/4903545/profiles/D4903545_129.nc|2025-03-13T14:13:20Z|25.09432|-86.98076,aoml/4903545/profiles/D4903545_129.nc,4903545,4903545,25.09432,-86.98076,2025-03-13T14:13:20Z,20250313,2025,749,0.52,99.96,65.0667,True,True,True,https://noaa-nws-rtofs-pds.s3.amazonaws.com/rtofs.20250313/rtofs_glo_3dz_f006_6hrly_hvr_US_east.nc
ARGO_GDAC,pfl,aoml/4903545/profiles/D4903545_130.nc|2025-03-18T14:55:39Z|25.66863|-87.32055,aoml/4903545/profiles/D4903545_130.nc,4903545,4903545,25.66863,-87.32055,2025-03-18T14:55:39Z,20250318,2025,1010,1.0,2009.48,61.7589,True,True,True,https://noaa-nws-rtofs-pds.s3.amazonaws.com/rtofs.20250318/rtofs_glo_3dz_f006_6hrly_hvr_US_east.nc
ARGO_GDAC,pfl,aoml/4903545/profiles/D4903545_130.nc|2025-03-18T14:55:39Z|25.66863|-87.32055,aoml/4903545/profiles/D4903545_130.nc,4903545,4903545,25.66863,-87.32055,2025-03-18T14:55:39Z,20250318,2025,853,0.6,99.92,61.8523,True,True,True,https://noaa-nws-rtofs-pds.s3.amazonaws.com/rtofs.20250318/rtofs_glo_3dz_f006_6hrly_hvr_US_east.nc
ARGO_GDAC,pfl,aoml/4903545/profiles/D4903545_131.nc|2025-03-23T15:43:50Z|26.06297|-87.38557,aoml/4903545/profiles/D4903545_131.nc,4903545,4903545,26.06297,-87.38557,2025-03-23T15:43:50Z,20250323,2025,1011,0.4,2009.92,46.6097,True,True,True,https://noaa-nws-rtofs-pds.s3.amazonaws.com/rtofs.20250323/rtofs_glo_3dz_f006_6hrly_hvr_US_east.nc
ARGO_GDAC,pfl,aoml/4903545/profiles/D4903545_131.nc|2025-03-23T15:43:50Z|26.06297|-87.38557,aoml/4903545/profiles/D4903545_131.nc,4903545,4903545,26.06297,-87.38557,2025-03-23T15:43:50Z,20250323,2025,764,0.4,99.88,47.4528,True,True,True,https://noaa-nws-rtofs-pds.s3.amazonaws.com/rtofs.20250323/rtofs_glo_3dz_f006_6hrly_hvr_US_east.nc
ARGO_GDAC,pfl,aoml/4903545/profiles/D4903545_132.nc|2025-03-28T16:24:58Z|26.10821|-87.10108,aoml/4903545/profiles/D4903545_132.nc,4903545,4903545,26.10821,-87.10108,2025-03-28T16:24:58Z,20250328,2025,1014,1.04,2017.0,46.8111,True,True,True,https://noaa-nws-rtofs-pds.s3.amazonaws.com/rtofs.20250328/rtofs_glo_3dz_f006_6hrly_hvr_US_east.nc
ARGO_GDAC,pfl,aoml/4903545/profiles/D4903545_132.nc|2025-03-28T16:24:58Z|26.10821|-87.10108,aoml/4903545/profiles/D4903545_132.nc,4903545,4903545,26.10821,-87.10108,2025-03-28T16:24:58Z,20250328,2025,788,0.56,99.92,47.152,True,True,True,https://noaa-nws-rtofs-pds.s3.amazonaws.com/rtofs.20250328/rtofs_glo_3dz_f006_6hrly_hvr_US_east.nc
ARGO_GDAC,pfl,aoml/4903545/profiles/D4903545_133.nc|2025-04-02T17:15:23Z|26.12402|-87.05432,aoml/4903545/profiles/D4903545_133.nc,4903545,4903545,26.12402,-87.05432,2025-04-02T17:15:23Z,20250402,2025,1013,1.0,2015.32,42.0771,True,True,True,https://noaa-nws-rtofs-pds.s3.amazonaws.com/rtofs.20250402/rtofs_glo_3dz_f006_6hrly_hvr_US_east.nc
ARGO_GDAC,pfl,aoml/4903545/profiles/D4903545_133.nc|2025-04-02T17:15:23Z|26.12402|-87.05432,aoml/4903545/profiles/D4903545_133.nc,4903545,4903545,26.12402,-87.05432,2025-04-02T17:15:23Z,20250402,2025,757,0.52,99.92,42.0,True,True,True,https://noaa-nws-rtofs-pds.s3.amazonaws.com/rtofs.20250402/rtofs_glo_3dz_f006_6hrly_hvr_US_east.nc
ARGO_GDAC,pfl,aoml/4903545/profiles/D4903545_134.nc|2025-04-07T17:56:09Z|26.17086|-87.23880,aoml/4903545/profiles/D4903545_134.nc,4903545,4903545,26.17086,-87.2388,2025-04-07T17:56:09Z,20250407,2025,1012,0.48,2011.4,20.3194,True,True,True,https://noaa-nws-rtofs-pds.s3.amazonaws.com/rtofs.20250407/rtofs_glo_3dz_f006_6hrly_hvr_US_east.nc
ARGO_GDAC,pfl,aoml/4903545/profiles/D4903545_134.nc|2025-04-07T17:56:09Z|26.17086|-87.23880,aoml/4903545/profiles/D4903545_134.nc,4903545,4903545,26.17086,-87.2388,2025-04-07T17:56:09Z,20250407,2025,831,0.48,99.96,20.3996,True,True,True,https://noaa-nws-rtofs-pds.s3.amazonaws.com/rtofs.20250407/rtofs_glo_3dz_f006_6hrly_hvr_US_east.nc
ARGO_GDAC,pfl,aoml/4903545/profiles/D4903545_135.nc|2025-04-12T18:41:08Z|26.16930|-87.22262,aoml/4903545/profiles/D4903545_135.nc,4903545,4903545,26.1693,-87.22262,2025-04-12T18:41:08Z,20250412,2025,1014,1.16,2017.4,76.1066,True,True,True,https://noaa-nws-rtofs-pds.s3.amazonaws.com/rtofs.20250412/rtofs_glo_3dz_f006_6hrly_hvr_US_east.nc
ARGO_GDAC,pfl,aoml/4903545/profiles/D4903545_135.nc|2025-04-12T18:41:08Z|26.16930|-87.22262,aoml/4903545/profiles/D4903545_135.nc,4903545,4903545,26.1693,-87.22262,2025-04-12T18:41:08Z,20250412,2025,858,0.96,99.96,76.3239,True,True,True,https://noaa-nws-rtofs-pds.s3.amazonaws.com/rtofs.20250412/rtofs_glo_3dz_f006_6hrly_hvr_US_east.nc
ARGO_GDAC,pfl,aoml/4903545/profiles/D4903545_136.nc|2025-04-17T19:09:53Z|26.13702|-86.71785,aoml/4903545/profiles/D4903545_136.nc,4903545,4903545,26.13702,-86.71785,2025-04-17T19:09:53Z,20250417,2025,1008,0.96,2005.96,62.8733,True,True,True,https://noaa-nws-rtofs-pds.s3.amazonaws.com/rtofs.20250417/rtofs_glo_3dz_f006_6hrly_hvr_US_east.nc
ARGO_GDAC,pfl,aoml/4903545/profiles/D4903545_136.nc|2025-04-17T19:09:53Z|26.13702|-86.71785,aoml/4903545/profiles/D4903545_136.nc,4903545,4903545,26.13702,-86.71785,2025-04-17T19:09:53Z,20250417,2025,797,0.6,100.0,62.708,True,True,True,https://noaa-nws-rtofs-pds.s3.amazonaws.com/rtofs.20250417/rtofs_glo_3dz_f006_6hrly_hvr_US_east.nc
ARGO_GDAC,pfl,aoml/4903545/profiles/D4903545_137.nc|2025-04-22T19:33:21Z|25.94381|-86.13286,aoml/4903545/profiles/D4903545_137.nc,4903545,4903545,25.94381,-86.13286,2025-04-22T19:33:21Z,20250422,2025,1012,1.0,2013.32,80.746,True,True,True,https://noaa-nws-rtofs-pds.s3.amazonaws.com/rtofs.20250422/rtofs_glo_3dz_f006_6hrly_hvr_US_east.nc
ARGO_GDAC,pfl,aoml/4903545/profiles/D4903545_137.nc|2025-04-22T19:33:21Z|25.94381|-86.13286,aoml/4903545/profiles/D4903545_137.nc,4903545,4903545,25.94381,-86.13286,2025-04-22T19:33:21Z,20250422,2025,622,0.56,99.92,80.0399,True,True,True,https://noaa-nws-rtofs-pds.s3.amazonaws.com/rtofs.20250422/rtofs_glo_3dz_f006_6hrly_hvr_US_east.nc
ARGO_GDAC,pfl,aoml/4903545/profiles/D4903545_138.nc|2025-04-27T20:28:16Z|25.20809|-85.80381,aoml/4903545/profiles/D4903545_138.nc,4903545,4903545,25.20809,-85.80381,2025-04-27T20:28:16Z,20250427,2025,1011,1.0,2011.04,118.5891,True,False,True,https://noaa-nws-rtofs-pds.s3.amazonaws.com/rtofs.20250427/rtofs_glo_3dz_f006_6hrly_hvr_US_east.nc
ARGO_GDAC,pfl,aoml/4903545/profiles/D4903545_138.nc|2025-04-27T20:28:16Z|25.20809|-85.80381,aoml/4903545/profiles/D4903545_138.nc,4903545,4903545,25.20809,-85.80381,2025-04-27T20:28:16Z,20250427,2025,615,0.6,99.88,,False,False,True,https://noaa-nws-rtofs-pds.s3.amazonaws.com/rtofs.20250427/rtofs_glo_3dz_f006_6hrly_hvr_US_east.nc
ARGO_GDAC,pfl,aoml/4903545/profiles/D4903545_139.nc|2025-05-02T21:01:17Z|24.77070|-85.65794,aoml/4903545/profiles/D4903545_139.nc,4903545,4903545,24.7707,-85.65794,2025-05-02T21:01:17Z,20250502,2025,1012,1.04,2013.76,122.1883,True,False,True,https://noaa-nws-rtofs-pds.s3.amazonaws.com/rtofs.20250502/rtofs_glo_3dz_f006_6hrly_hvr_US_east.nc
ARGO_GDAC,pfl,aoml/4903545/profiles/D4903545_139.nc|2025-05-02T21:01:17Z|24.77070|-85.65794,aoml/4903545/profiles/D4903545_139.nc,4903545,4903545,24.7707,-85.65794,2025-05-02T21:01:17Z,20250502,2025,652,0.6,100.0,,False,False,True,https://noaa-nws-rtofs-pds.s3.amazonaws.com/rtofs.20250502/rtofs_glo_3dz_f006_6hrly_hvr_US_east.nc
ARGO_GDAC,pfl,aoml/4903545/profiles/D4903545_140.nc|2025-05-07T21:40:07Z|24.81506|-85.48670,aoml/4903545/profiles/D4903545_140.nc,4903545,4903545,24.81506,-85.4867,2025-05-07T21:40:07Z,20250507,2025,1011,1.0,2011.84,57.7219,True,True,True,https://noaa-nws-rtofs-pds.s3.amazonaws.com/rtofs.20250507/rtofs_glo_3dz_f006_6hrly_hvr_US_east.nc
ARGO_GDAC,pfl,aoml/4903545/profiles/D4903545_140.nc|2025-05-07T21:40:07Z|24.81506|-85.48670,aoml/4903545/profiles/D4903545_140.nc,4903545,4903545,24.81506,-85.4867,2025-05-07T21:40:07Z,20250507,2025,648,0.6,100.0,57.3372,True,True,True,https://noaa-nws-rtofs-pds.s3.amazonaws.com/rtofs.20250507/rtofs_glo_3dz_f006_6hrly_hvr_US_east.nc
ARGO_GDAC,pfl,aoml/4903545/profiles/D4903545_141.nc|2025-05-12T22:14:07Z|25.25698|-85.09246,aoml/4903545/profiles/D4903545_141.nc,4903545,4903545,25.25698,-85.09246,2025-05-12T22:14:07Z,20250512,2025,1012,1.0,2013.32,52.0831,True,True,True,https://noaa-nws-rtofs-pds.s3.amazonaws.com/rtofs.20250512/rtofs_glo_3dz_f006_6hrly_hvr_US_east.nc
ARGO_GDAC,pfl,aoml/4903545/profiles/D4903545_141.nc|2025-05-12T22:14:07Z|25.25698|-85.09246,aoml/4903545/profiles/D4903545_141.nc,4903545,4903545,25.25698,-85.09246,2025-05-12T22:14:07Z,20250512,2025,665,0.56,99.96,52.09,True,True,True,https://noaa-nws-rtofs-pds.s3.amazonaws.com/rtofs.20250512/rtofs_glo_3dz_f006_6hrly_hvr_US_east.nc
ARGO_GDAC,pfl,aoml/4903545/profiles/D4903545_142.nc|2025-05-17T22:57:14Z|26.14445|-85.31201,aoml/4903545/profiles/D4903545_142.nc,4903545,4903545,26.14445,-85.31201,2025-05-17T22:57:14Z,20250517,2025,1013,0.44,2013.24,21.7595,True,True,True,https://noaa-nws-rtofs-pds.s3.amazonaws.com/rtofs.20250517/rtofs_glo_3dz_f006_6hrly_hvr_US_east.nc
ARGO_GDAC,pfl,aoml/4903545/profiles/D4903545_142.nc|2025-05-17T22:57:14Z|26.14445|-85.31201,aoml/4903545/profiles/D4903545_142.nc,4903545,4903545,26.14445,-85.31201,2025-05-17T22:57:14Z,20250517,2025,767,0.44,99.84,21.8475,True,True,True,https://noaa-nws-rtofs-pds.s3.amazonaws.com/rtofs.20250517/rtofs_glo_3dz_f006_6hrly_hvr_US_east.nc
ARGO_GDAC,pfl,aoml/4903545/profiles/D4903545_143.nc|2025-05-22T23:41:32Z|25.80434|-86.21861,aoml/4903545/profiles/D4903545_143.nc,4903545,4903545,25.80434,-86.21861,2025-05-22T23:41:32Z,20250522,2025,1012,1.04,2013.2,25.1602,True,True,True,https://noaa-nws-rtofs-pds.s3.amazonaws.com/rtofs.20250522/rtofs_glo_3dz_f006_6hrly_hvr_US_east.nc
ARGO_GDAC,pfl,aoml/4903545/profiles/D4903545_143.nc|2025-05-22T23:41:32Z|25.80434|-86.21861,aoml/4903545/profiles/D4903545_143.nc,4903545,4903545,25.80434,-86.21861,2025-05-22T23:41:32Z,20250522,2025,763,0.64,99.96,25.0133,True,True,True,https://noaa-nws-rtofs-pds.s3.amazonaws.com/rtofs.20250522/rtofs_glo_3dz_f006_6hrly_hvr_US_east.nc
ARGO_GDAC,pfl,aoml/4903545/profiles/D4903545_144.nc|2025-05-28T00:11:25Z|25.27793|-86.91805,aoml/4903545/profiles/D4903545_144.nc,4903545,4903545,25.27793,-86.91805,2025-05-28T00:11:25Z,20250528,2025,1009,0.96,2007.52,20.9743,True,True,True,https://noaa-nws-rtofs-pds.s3.amazonaws.com/rtofs.20250528/rtofs_glo_3dz_f006_6hrly_hvr_US_east.nc
ARGO_GDAC,pfl,aoml/4903545/profiles/D4903545_144.nc|2025-05-28T00:11:25Z|25.27793|-86.91805,aoml/4903545/profiles/D4903545_144.nc,4903545,4903545,25.27793,-86.91805,2025-05-28T00:11:25Z,20250528,2025,667,0.56,99.96,21.8309,True,True,True,https://noaa-nws-rtofs-pds.s3.amazonaws.com/rtofs.20250528/rtofs_glo_3dz_f006_6hrly_hvr_US_east.nc
ARGO_GDAC,pfl,aoml/4903545/profiles/D4903545_145.nc|2025-06-02T00:52:44Z|25.45115|-87.47175,aoml/4903545/profiles/D4903545_145.nc,4903545,4903545,25.45115,-87.47175,2025-06-02T00:52:44Z,20250602,2025,1014,1.04,2017.12,14.1598,True,True,True,https://noaa-nws-rtofs-pds.s3.amazonaws.com/rtofs.20250602/rtofs_glo_3dz_f006_6hrly_hvr_US_east.nc
ARGO_GDAC,pfl,aoml/4903545/profiles/D4903545_145.nc|2025-06-02T00:52:44Z|25.45115|-87.47175,aoml/4903545/profiles/D4903545_145.nc,4903545,4903545,25.45115,-87.47175,2025-06-02T00:52:44Z,20250602,2025,668,0.6,99.96,14.3,True,True,True,https://noaa-nws-rtofs-pds.s3.amazonaws.com/rtofs.20250602/rtofs_glo_3dz_f006_6hrly_hvr_US_east.nc
ARGO_GDAC,pfl,aoml/4903545/profiles/D4903545_146.nc|2025-06-07T01:28:44Z|25.73881|-87.87658,aoml/4903545/profiles/D4903545_146.nc,4903545,4903545,25.73881,-87.87658,2025-06-07T01:28:44Z,20250607,2025,1010,0.96,2009.4,32.323,True,True,True,https://noaa-nws-rtofs-pds.s3.amazonaws.com/rtofs.20250607/rtofs_glo_3dz_f006_6hrly_hvr_US_east.nc
ARGO_GDAC,pfl,aoml/4903545/profiles/D4903545_146.nc|2025-06-07T01:28:44Z|25.73881|-87.87658,aoml/4903545/profiles/D4903545_146.nc,4903545,4903545,25.73881,-87.87658,2025-06-07T01:28:44Z,20250607,2025,767,0.52,99.96,33.0126,True,True,True,https://noaa-nws-rtofs-pds.s3.amazonaws.com/rtofs.20250607/rtofs_glo_3dz_f006_6hrly_hvr_US_east.nc
ARGO_GDAC,pfl,aoml/4903545/profiles/D4903545_147.nc|2025-06-12T02:13:51Z|25.78650|-88.29738,aoml/4903545/profiles/D4903545_147.nc,4903545,4903545,25.7865,-88.29738,2025-06-12T02:13:51Z,20250612,2025,1011,0.48,2009.52,22.3253,True,True,True,https://noaa-nws-rtofs-pds.s3.amazonaws.com/rtofs.20250612/rtofs_glo_3dz_f006_6hrly_hvr_US_east.nc
ARGO_GDAC,pfl,aoml/4903545/profiles/D4903545_147.nc|2025-06-12T02:13:51Z|25.78650|-88.29738,aoml/4903545/profiles/D4903545_147.nc,4903545,4903545,25.7865,-88.29738,2025-06-12T02:13:51Z,20250612,2025,840,0.48,99.96,22.64,True,True,True,https://noaa-nws-rtofs-pds.s3.amazonaws.com/rtofs.20250612/rtofs_glo_3dz_f006_6hrly_hvr_US_east.nc
ARGO_GDAC,pfl,aoml/4903545/profiles/D4903545_148.nc|2025-06-17T02:58:34Z|25.89775|-88.58667,aoml/4903545/profiles/D4903545_148.nc,4903545,4903545,25.89775,-88.58667,2025-06-17T02:58:34Z,20250617,2025,1009,1.0,2007.2,18.2309,True,True,True,https://noaa-nws-rtofs-pds.s3.amazonaws.com/rtofs.20250617/rtofs_glo_3dz_f006_6hrly_hvr_US_east.nc
ARGO_GDAC,pfl,aoml/4903545/profiles/D4903545_148.nc|2025-06-17T02:58:34Z|25.89775|-88.58667,aoml/4903545/profiles/D4903545_148.nc,4903545,4903545,25.89775,-88.58667,2025-06-17T02:58:34Z,20250617,2025,793,0.64,99.96,18.9435,True,True,True,https://noaa-nws-rtofs-pds.s3.amazonaws.com/rtofs.20250617/rtofs_glo_3dz_f006_6hrly_hvr_US_east.nc
ARGO_GDAC,pfl,aoml/4903545/profiles/D4903545_149.nc|2025-06-22T03:43:18Z|26.00063|-88.81533,aoml/4903545/profiles/D4903545_149.nc,4903545,4903545,26.00063,-88.81533,2025-06-22T03:43:18Z,20250622,2025,1012,1.08,2013.48,17.4533,True,True,True,https://noaa-nws-rtofs-pds.s3.amazonaws.com/rtofs.20250622/rtofs_glo_3dz_f006_6hrly_hvr_US_east.nc
ARGO_GDAC,pfl,aoml/4903545/profiles/D4903545_149.nc|2025-06-22T03:43:18Z|26.00063|-88.81533,aoml/4903545/profiles/D4903545_149.nc,4903545,4903545,26.00063,-88.81533,2025-06-22T03:43:18Z,20250622,2025,866,0.64,99.84,17.8715,True,True,True,https://noaa-nws-rtofs-pds.s3.amazonaws.com/rtofs.20250622/rtofs_glo_3dz_f006_6hrly_hvr_US_east.nc
ARGO_GDAC,pfl,aoml/4903545/profiles/D4903545_150.nc|2025-06-27T04:22:53Z|25.95410|-88.65299,aoml/4903545/profiles/D4903545_150.nc,4903545,4903545,25.9541,-88.65299,2025-06-27T04:22:53Z,20250627,2025,1013,1.04,2015.56,26.168,True,True,True,https://noaa-nws-rtofs-pds.s3.amazonaws.com/rtofs.20250627/rtofs_glo_3dz_f006_6hrly_hvr_US_east.nc
ARGO_GDAC,pfl,aoml/4903545/profiles/D4903545_150.nc|2025-06-27T04:22:53Z|25.95410|-88.65299,aoml/4903545/profiles/D4903545_150.nc,4903545,4903545,25.9541,-88.65299,2025-06-27T04:22:53Z,20250627,2025,876,0.6,99.96,26.814,True,True,True,https://noaa-nws-rtofs-pds.s3.amazonaws.com/rtofs.20250627/rtofs_glo_3dz_f006_6hrly_hvr_US_east.nc
ARGO_GDAC,pfl,aoml/4903545/profiles/D4903545_151.nc|2025-07-02T05:07:34Z|26.04220|-88.24942,aoml/4903545/profiles/D4903545_151.nc,4903545,4903545,26.0422,-88.24942,2025-07-02T05:07:34Z,20250702,2025,1009,0.96,2007.4,52.0552,True,True,True,https://noaa-nws-rtofs-pds.s3.amazonaws.com/rtofs.20250702/rtofs_glo_3dz_f006_6hrly_hvr_US_east.nc
ARGO_GDAC,pfl,aoml/4903545/profiles/D4903545_151.nc|2025-07-02T05:07:34Z|26.04220|-88.24942,aoml/4903545/profiles/D4903545_151.nc,4903545,4903545,26.0422,-88.24942,2025-07-02T05:07:34Z,20250702,2025,705,0.52,99.88,50.6133,True,True,True,https://noaa-nws-rtofs-pds.s3.amazonaws.com/rtofs.20250702/rtofs_glo_3dz_f006_6hrly_hvr_US_east.nc
ARGO_GDAC,pfl,aoml/4903545/profiles/D4903545_152.nc|2025-07-07T05:47:24Z|26.40634|-87.56156,aoml/4903545/profiles/D4903545_152.nc,4903545,4903545,26.40634,-87.56156,2025-07-07T05:47:24Z,20250707,2025,1009,0.48,2005.4,40.6468,True,True,True,https://noaa-nws-rtofs-pds.s3.amazonaws.com/rtofs.20250707/rtofs_glo_3dz_f006_6hrly_hvr_US_east.nc
ARGO_GDAC,pfl,aoml/4903545/profiles/D4903545_152.nc|2025-07-07T05:47:24Z|26.40634|-87.56156,aoml/4903545/profiles/D4903545_152.nc,4903545,4903545,26.40634,-87.56156,2025-07-07T05:47:24Z,20250707,2025,749,0.48,99.96,41.1521,True,True,True,https://noaa-nws-rtofs-pds.s3.amazonaws.com/rtofs.20250707/rtofs_glo_3dz_f006_6hrly_hvr_US_east.nc
ARGO_GDAC,pfl,aoml/4903545/profiles/D4903545_153.nc|2025-07-12T06:29:45Z|27.11990|-87.40071,aoml/4903545/profiles/D4903545_153.nc,4903545,4903545,27.1199,-87.40071,2025-07-12T06:29:45Z,20250712,2025,1012,1.04,2013.56,17.2182,True,True,True,https://noaa-nws-rtofs-pds.s3.amazonaws.com/rtofs.20250712/rtofs_glo_3dz_f006_6hrly_hvr_US_east.nc
ARGO_GDAC,pfl,aoml/4903545/profiles/D4903545_153.nc|2025-07-12T06:29:45Z|27.11990|-87.40071,aoml/4903545/profiles/D4903545_153.nc,4903545,4903545,27.1199,-87.40071,2025-07-12T06:29:45Z,20250712,2025,774,0.56,99.88,17.3627,True,True,True,https://noaa-nws-rtofs-pds.s3.amazonaws.com/rtofs.20250712/rtofs_glo_3dz_f006_6hrly_hvr_US_east.nc
ARGO_GDAC,pfl,aoml/4903545/profiles/D4903545_154.nc|2025-07-17T07:12:33Z|27.50240|-87.18114,aoml/4903545/profiles/D4903545_154.nc,4903545,4903545,27.5024,-87.18114,2025-07-17T07:12:33Z,20250717,2025,1012,1.08,2013.4,18.3901,True,True,True,https://noaa-nws-rtofs-pds.s3.amazonaws.com/rtofs.20250717/rtofs_glo_3dz_f006_6hrly_hvr_US_east.nc
ARGO_GDAC,pfl,aoml/4903545/profiles/D4903545_154.nc|2025-07-17T07:12:33Z|27.50240|-87.18114,aoml/4903545/profiles/D4903545_154.nc,4903545,4903545,27.5024,-87.18114,2025-07-17T07:12:33Z,20250717,2025,835,0.72,100.0,18.2,True,True,True,https://noaa-nws-rtofs-pds.s3.amazonaws.com/rtofs.20250717/rtofs_glo_3dz_f006_6hrly_hvr_US_east.nc
ARGO_GDAC,pfl,aoml/4903545/profiles/D4903545_155.nc|2025-07-22T07:48:57Z|27.51845|-87.10217,aoml/4903545/profiles/D4903545_155.nc,4903545,4903545,27.51845,-87.10217,2025-07-22T07:48:57Z,20250722,2025,1011,1.08,2011.56,13.3004,True,True,True,https://noaa-nws-rtofs-pds.s3.amazonaws.com/rtofs.20250722/rtofs_glo_3dz_f006_6hrly_hvr_US_east.nc
ARGO_GDAC,pfl,aoml/4903545/profiles/D4903545_155.nc|2025-07-22T07:48:57Z|27.51845|-87.10217,aoml/4903545/profiles/D4903545_155.nc,4903545,4903545,27.51845,-87.10217,2025-07-22T07:48:57Z,20250722,2025,820,0.8,99.84,13.1048,True,True,True,https://noaa-nws-rtofs-pds.s3.amazonaws.com/rtofs.20250722/rtofs_glo_3dz_f006_6hrly_hvr_US_east.nc
ARGO_GDAC,pfl,aoml/4903545/profiles/D4903545_156.nc|2025-07-27T08:30:52Z|27.17649|-87.07382,aoml/4903545/profiles/D4903545_156.nc,4903545,4903545,27.17649,-87.07382,2025-07-27T08:30:52Z,20250727,2025,1010,1.0,2009.92,33.4327,True,True,True,https://noaa-nws-rtofs-pds.s3.amazonaws.com/rtofs.20250727/rtofs_glo_3dz_f006_6hrly_hvr_US_east.nc
ARGO_GDAC,pfl,aoml/4903545/profiles/D4903545_156.nc|2025-07-27T08:30:52Z|27.17649|-87.07382,aoml/4903545/profiles/D4903545_156.nc,4903545,4903545,27.17649,-87.07382,2025-07-27T08:30:52Z,20250727,2025,761,0.64,99.96,33.2133,True,True,True,https://noaa-nws-rtofs-pds.s3.amazonaws.com/rtofs.20250727/rtofs_glo_3dz_f006_6hrly_hvr_US_east.nc
ARGO_GDAC,pfl,aoml/4903545/profiles/D4903545_157.nc|2025-08-01T09:08:11Z|26.66332|-87.27060,aoml/4903545/profiles/D4903545_157.nc,4903545,4903545,26.66332,-87.2706,2025-08-01T09:08:11Z,20250801,2025,1013,1.0,2015.48,35.945,True,True,True,https://noaa-nws-rtofs-pds.s3.amazonaws.com/rtofs.20250801/rtofs_glo_3dz_f006_6hrly_hvr_US_east.nc
ARGO_GDAC,pfl,aoml/4903545/profiles/D4903545_157.nc|2025-08-01T09:08:11Z|26.66332|-87.27060,aoml/4903545/profiles/D4903545_157.nc,4903545,4903545,26.66332,-87.2706,2025-08-01T09:08:11Z,20250801,2025,728,0.52,99.92,35.72,True,True,True,https://noaa-nws-rtofs-pds.s3.amazonaws.com/rtofs.20250801/rtofs_glo_3dz_f006_6hrly_hvr_US_east.nc
ARGO_GDAC,pfl,aoml/4903545/profiles/D4903545_158.nc|2025-08-06T09:47:57Z|26.77590|-87.47518,aoml/4903545/profiles/D4903545_158.nc,4903545,4903545,26.7759,-87.47518,2025-08-06T09:47:57Z,20250806,2025,1012,1.08,2014.0,15.7333,True,True,True,https://noaa-nws-rtofs-pds.s3.amazonaws.com/rtofs.20250806/rtofs_glo_3dz_f006_6hrly_hvr_US_east.nc
ARGO_GDAC,pfl,aoml/4903545/profiles/D4903545_158.nc|2025-08-06T09:47:57Z|26.77590|-87.47518,aoml/4903545/profiles/D4903545_158.nc,4903545,4903545,26.7759,-87.47518,2025-08-06T09:47:57Z,20250806,2025,714,0.8,99.92,15.3375,True,True,True,https://noaa-nws-rtofs-pds.s3.amazonaws.com/rtofs.20250806/rtofs_glo_3dz_f006_6hrly_hvr_US_east.nc
ARGO_GDAC,pfl,aoml/4903545/profiles/D4903545_159.nc|2025-08-11T10:32:37Z|27.32688|-87.25399,aoml/4903545/profiles/D4903545_159.nc,4903545,4903545,27.32688,-87.25399,2025-08-11T10:32:37Z,20250811,2025,1014,1.04,2017.32,27.3228,True,True,True,https://noaa-nws-rtofs-pds.s3.amazonaws.com/rtofs.20250811/rtofs_glo_3dz_f006_6hrly_hvr_US_east.nc
ARGO_GDAC,pfl,aoml/4903545/profiles/D4903545_159.nc|2025-08-11T10:32:37Z|27.32688|-87.25399,aoml/4903545/profiles/D4903545_159.nc,4903545,4903545,27.32688,-87.25399,2025-08-11T10:32:37Z,20250811,2025,771,0.56,100.0,27.32,True,True,True,https://noaa-nws-rtofs-pds.s3.amazonaws.com/rtofs.20250811/rtofs_glo_3dz_f006_6hrly_hvr_US_east.nc
ARGO_GDAC,pfl,aoml/4903545/profiles/D4903545_160.nc|2025-08-16T11:15:21Z|27.44327|-86.97274,aoml/4903545/profiles/D4903545_160.nc,4903545,4903545,27.44327,-86.97274,2025-08-16T11:15:21Z,20250816,2025,1008,0.96,2005.64,12.4281,True,True,True,https://noaa-nws-rtofs-pds.s3.amazonaws.com/rtofs.20250816/rtofs_glo_3dz_f006_6hrly_hvr_US_east.nc
ARGO_GDAC,pfl,aoml/4903545/profiles/D4903545_160.nc|2025-08-16T11:15:21Z|27.44327|-86.97274,aoml/4903545/profiles/D4903545_160.nc,4903545,4903545,27.44327,-86.97274,2025-08-16T11:15:21Z,20250816,2025,838,0.52,99.88,11.7054,True,True,True,https://noaa-nws-rtofs-pds.s3.amazonaws.com/rtofs.20250816/rtofs_glo_3dz_f006_6hrly_hvr_US_east.nc
ARGO_GDAC,pfl,aoml/4903545/profiles/D4903545_161.nc|2025-08-21T12:02:12Z|27.31487|-86.56809,aoml/4903545/profiles/D4903545_161.nc,4903545,4903545,27.31487,-86.56809,2025-08-21T12:02:12Z,20250821,2025,1012,1.04,2013.04,36.8036,True,True,True,https://noaa-nws-rtofs-pds.s3.amazonaws.com/rtofs.20250821/rtofs_glo_3dz_f006_6hrly_hvr_US_east.nc
ARGO_GDAC,pfl,aoml/4903545/profiles/D4903545_161.nc|2025-08-21T12:02:12Z|27.31487|-86.56809,aoml/4903545/profiles/D4903545_161.nc,4903545,4903545,27.31487,-86.56809,2025-08-21T12:02:12Z,20250821,2025,847,0.64,99.92,36.935,True,True,True,https://noaa-nws-rtofs-pds.s3.amazonaws.com/rtofs.20250821/rtofs_glo_3dz_f006_6hrly_hvr_US_east.nc
ARGO_GDAC,pfl,aoml/4903545/profiles/D4903545_162.nc|2025-08-26T12:54:47Z|27.15744|-86.47644,aoml/4903545/profiles/D4903545_162.nc,4903545,4903545,27.15744,-86.47644,2025-08-26T12:54:47Z,20250826,2025,1012,1.08,2013.28,15.2713,True,True,True,https://noaa-nws-rtofs-pds.s3.amazonaws.com/rtofs.20250826/rtofs_glo_3dz_f006_6hrly_hvr_US_east.nc
ARGO_GDAC,pfl,aoml/4903545/profiles/D4903545_162.nc|2025-08-26T12:54:47Z|27.15744|-86.47644,aoml/4903545/profiles/D4903545_162.nc,4903545,4903545,27.15744,-86.47644,2025-08-26T12:54:47Z,20250826,2025,839,0.72,100.0,15.64,True,True,True,https://noaa-nws-rtofs-pds.s3.amazonaws.com/rtofs.20250826/rtofs_glo_3dz_f006_6hrly_hvr_US_east.nc
ARGO_GDAC,pfl,aoml/4903545/profiles/D4903545_163.nc|2025-08-31T13:43:36Z|27.20417|-87.13964,aoml/4903545/profiles/D4903545_163.nc,4903545,4903545,27.20417,-87.13964,2025-08-31T13:43:36Z,20250831,2025,1012,1.04,2013.56,15.9232,True,True,True,https://noaa-nws-rtofs-pds.s3.amazonaws.com/rtofs.20250831/rtofs_glo_3dz_f006_6hrly_hvr_US_east.nc
ARGO_GDAC,pfl,aoml/4903545/profiles/D4903545_163.nc|2025-08-31T13:43:36Z|27.20417|-87.13964,aoml/4903545/profiles/D4903545_163.nc,4903545,4903545,27.20417,-87.13964,2025-08-31T13:43:36Z,20250831,2025,919,0.64,99.96,15.9278,True,True,True,https://noaa-nws-rtofs-pds.s3.amazonaws.com/rtofs.20250831/rtofs_glo_3dz_f006_6hrly_hvr_US_east.nc
ARGO_GDAC,pfl,aoml/4903545/profiles/D4903545_164.nc|2025-09-05T14:26:06Z|26.69770|-87.65666,aoml/4903545/profiles/D4903545_164.nc,4903545,4903545,26.6977,-87.65666,2025-09-05T14:26:06Z,20250905,2025,1009,0.48,2005.96,32.8197,True,True,True,https://noaa-nws-rtofs-pds.s3.amazonaws.com/rtofs.20250905/rtofs_glo_3dz_f006_6hrly_hvr_US_east.nc
ARGO_GDAC,pfl,aoml/4903545/profiles/D4903545_164.nc|2025-09-05T14:26:06Z|26.69770|-87.65666,aoml/4903545/profiles/D4903545_164.nc,4903545,4903545,26.6977,-87.65666,2025-09-05T14:26:06Z,20250905,2025,768,0.48,99.92,32.8085,True,True,True,https://noaa-nws-rtofs-pds.s3.amazonaws.com/rtofs.20250905/rtofs_glo_3dz_f006_6hrly_hvr_US_east.nc
ARGO_GDAC,pfl,aoml/4903545/profiles/D4903545_165.nc|2025-09-10T15:01:38Z|26.38218|-88.43155,aoml/4903545/profiles/D4903545_165.nc,4903545,4903545,26.38218,-88.43155,2025-09-10T15:01:38Z,20250910,2025,1010,1.0,2009.16,43.7318,True,True,True,https://noaa-nws-rtofs-pds.s3.amazonaws.com/rtofs.20250910/rtofs_glo_3dz_f006_6hrly_hvr_US_east.nc
ARGO_GDAC,pfl,aoml/4903545/profiles/D4903545_165.nc|2025-09-10T15:01:38Z|26.38218|-88.43155,aoml/4903545/profiles/D4903545_165.nc,4903545,4903545,26.38218,-88.43155,2025-09-10T15:01:38Z,20250910,2025,728,0.52,99.96,43.8726,True,True,True,https://noaa-nws-rtofs-pds.s3.amazonaws.com/rtofs.20250910/rtofs_glo_3dz_f006_6hrly_hvr_US_east.nc
ARGO_GDAC,pfl,aoml/4903545/profiles/D4903545_166.nc|2025-09-15T15:47:14Z|26.63342|-88.77979,aoml/4903545/profiles/D4903545_166.nc,4903545,4903545,26.63342,-88.77979,2025-09-15T15:47:14Z,20250915,2025,1012,1.04,2013.68,52.6154,True,True,True,https://noaa-nws-rtofs-pds.s3.amazonaws.com/rtofs.20250915/rtofs_glo_3dz_f006_6hrly_hvr_US_east.nc
ARGO_GDAC,pfl,aoml/4903545/profiles/D4903545_166.nc|2025-09-15T15:47:14Z|26.63342|-88.77979,aoml/4903545/profiles/D4903545_166.nc,4903545,4903545,26.63342,-88.77979,2025-09-15T15:47:14Z,20250915,2025,716,0.68,99.88,53.1025,True,True,True,https://noaa-nws-rtofs-pds.s3.amazonaws.com/rtofs.20250915/rtofs_glo_3dz_f006_6hrly_hvr_US_east.nc
ARGO_GDAC,pfl,aoml/4903545/profiles/D4903545_167.nc|2025-09-20T16:28:29Z|26.39948|-88.65765,aoml/4903545/profiles/D4903545_167.nc,4903545,4903545,26.39948,-88.65765,2025-09-20T16:28:29Z,20250920,2025,1014,1.04,2017.32,62.3002,True,True,True,https://noaa-nws-rtofs-pds.s3.amazonaws.com/rtofs.20250920/rtofs_glo_3dz_f006_6hrly_hvr_US_east.nc
ARGO_GDAC,pfl,aoml/4903545/profiles/D4903545_167.nc|2025-09-20T16:28:29Z|26.39948|-88.65765,aoml/4903545/profiles/D4903545_167.nc,4903545,4903545,26.39948,-88.65765,2025-09-20T16:28:29Z,20250920,2025,714,0.64,100.0,62.4124,True,True,True,https://noaa-nws-rtofs-pds.s3.amazonaws.com/rtofs.20250920/rtofs_glo_3dz_f006_6hrly_hvr_US_east.nc
ARGO_GDAC,pfl,aoml/4903545/profiles/D4903545_168.nc|2025-09-25T17:14:32Z|26.38879|-88.15216,aoml/4903545/profiles/D4903545_168.nc,4903545,4903545,26.38879,-88.15216,2025-09-25T17:14:32Z,20250925,2025,1012,1.08,2013.32,61.9859,True,True,True,https://noaa-nws-rtofs-pds.s3.amazonaws.com/rtofs.20250925/rtofs_glo_3dz_f006_6hrly_hvr_US_east.nc
ARGO_GDAC,pfl,aoml/4903545/profiles/D4903545_168.nc|2025-09-25T17:14:32Z|26.38879|-88.15216,aoml/4903545/profiles/D4903545_168.nc,4903545,4903545,26.38879,-88.15216,2025-09-25T17:14:32Z,20250925,2025,708,0.68,100.0,62.3111,True,True,True,https://noaa-nws-rtofs-pds.s3.amazonaws.com/rtofs.20250925/rtofs_glo_3dz_f006_6hrly_hvr_US_east.nc
ARGO_GDAC,pfl,aoml/4903545/profiles/D4903545_169.nc|2025-09-30T17:48:43Z|26.36266|-87.65705,aoml/4903545/profiles/D4903545_169.nc,4903545,4903545,26.36266,-87.65705,2025-09-30T17:48:43Z,20250930,2025,1008,1.0,2005.32,52.4876,True,True,True,https://noaa-nws-rtofs-pds.s3.amazonaws.com/rtofs.20250930/rtofs_glo_3dz_f006_6hrly_hvr_US_east.nc
ARGO_GDAC,pfl,aoml/4903545/profiles/D4903545_169.nc|2025-09-30T17:48:43Z|26.36266|-87.65705,aoml/4903545/profiles/D4903545_169.nc,4903545,4903545,26.36266,-87.65705,2025-09-30T17:48:43Z,20250930,2025,697,0.6,99.88,52.9958,True,True,True,https://noaa-nws-rtofs-pds.s3.amazonaws.com/rtofs.20250930/rtofs_glo_3dz_f006_6hrly_hvr_US_east.nc
ARGO_GDAC,pfl,aoml/4903545/profiles/D4903545_170.nc|2025-10-05T18:30:13Z|26.87384|-87.55227,aoml/4903545/profiles/D4903545_170.nc,4903545,4903545,26.87384,-87.55227,2025-10-05T18:30:13Z,20251005,2025,1011,1.0,2011.32,37.6969,True,True,True,https://noaa-nws-rtofs-pds.s3.amazonaws.com/rtofs.20251005/rtofs_glo_3dz_f006_6hrly_hvr_US_east.nc
ARGO_GDAC,pfl,aoml/4903545/profiles/D4903545_170.nc|2025-10-05T18:30:13Z|26.87384|-87.55227,aoml/4903545/profiles/D4903545_170.nc,4903545,4903545,26.87384,-87.55227,2025-10-05T18:30:13Z,20251005,2025,804,0.6,100.0,37.46,True,True,True,https://noaa-nws-rtofs-pds.s3.amazonaws.com/rtofs.20251005/rtofs_glo_3dz_f006_6hrly_hvr_US_east.nc
ARGO_GDAC,pfl,aoml/4903545/profiles/D4903545_171.nc|2025-10-10T19:23:26Z|26.95504|-87.24381,aoml/4903545/profiles/D4903545_171.nc,4903545,4903545,26.95504,-87.24381,2025-10-10T19:23:26Z,20251010,2025,1013,1.04,2015.56,52.2701,True,True,True,https://noaa-nws-rtofs-pds.s3.amazonaws.com/rtofs.20251010/rtofs_glo_3dz_f006_6hrly_hvr_US_east.nc
ARGO_GDAC,pfl,aoml/4903545/profiles/D4903545_171.nc|2025-10-10T19:23:26Z|26.95504|-87.24381,aoml/4903545/profiles/D4903545_171.nc,4903545,4903545,26.95504,-87.24381,2025-10-10T19:23:26Z,20251010,2025,895,0.68,99.92,52.4909,True,True,True,https://noaa-nws-rtofs-pds.s3.amazonaws.com/rtofs.20251010/rtofs_glo_3dz_f006_6hrly_hvr_US_east.nc
ARGO_GDAC,pfl,aoml/4903545/profiles/D4903545_172.nc|2025-10-15T20:11:46Z|26.92494|-87.28436,aoml/4903545/profiles/D4903545_172.nc,4903545,4903545,26.92494,-87.28436,2025-10-15T20:11:46Z,20251015,2025,1008,1.0,2005.04,43.9517,True,True,True,https://noaa-nws-rtofs-pds.s3.amazonaws.com/rtofs.20251015/rtofs_glo_3dz_f006_6hrly_hvr_US_east.nc
ARGO_GDAC,pfl,aoml/4903545/profiles/D4903545_172.nc|2025-10-15T20:11:46Z|26.92494|-87.28436,aoml/4903545/profiles/D4903545_172.nc,4903545,4903545,26.92494,-87.28436,2025-10-15T20:11:46Z,20251015,2025,836,0.52,99.92,44.8937,True,True,True,https://noaa-nws-rtofs-pds.s3.amazonaws.com/rtofs.20251015/rtofs_glo_3dz_f006_6hrly_hvr_US_east.nc
ARGO_GDAC,pfl,aoml/4903545/profiles/D4903545_173.nc|2025-10-20T20:53:25Z|27.19306|-87.45673,aoml/4903545/profiles/D4903545_173.nc,4903545,4903545,27.19306,-87.45673,2025-10-20T20:53:25Z,20251020,2025,1011,1.0,2011.44,33.0267,True,True,True,https://noaa-nws-rtofs-pds.s3.amazonaws.com/rtofs.20251020/rtofs_glo_3dz_f006_6hrly_hvr_US_east.nc
ARGO_GDAC,pfl,aoml/4903545/profiles/D4903545_173.nc|2025-10-20T20:53:25Z|27.19306|-87.45673,aoml/4903545/profiles/D4903545_173.nc,4903545,4903545,27.19306,-87.45673,2025-10-20T20:53:25Z,20251020,2025,797,0.52,99.96,33.6122,True,True,True,https://noaa-nws-rtofs-pds.s3.amazonaws.com/rtofs.20251020/rtofs_glo_3dz_f006_6hrly_hvr_US_east.nc
ARGO_GDAC,pfl,aoml/4903545/profiles/D4903545_174.nc|2025-10-25T21:40:07Z|27.16160|-87.24139,aoml/4903545/profiles/D4903545_174.nc,4903545,4903545,27.1616,-87.24139,2025-10-25T21:40:07Z,20251025,2025,1013,0.44,2013.44,40.2887,True,True,True,https://noaa-nws-rtofs-pds.s3.amazonaws.com/rtofs.20251025/rtofs_glo_3dz_f006_6hrly_hvr_US_east.nc
ARGO_GDAC,pfl,aoml/4903545/profiles/D4903545_174.nc|2025-10-25T21:40:07Z|27.16160|-87.24139,aoml/4903545/profiles/D4903545_174.nc,4903545,4903545,27.1616,-87.24139,2025-10-25T21:40:07Z,20251025,2025,807,0.44,99.88,40.4857,True,True,True,https://noaa-nws-rtofs-pds.s3.amazonaws.com/rtofs.20251025/rtofs_glo_3dz_f006_6hrly_hvr_US_east.nc
ARGO_GDAC,pfl,aoml/4903545/profiles/D4903545_175.nc|2025-10-30T22:24:53Z|26.95822|-86.99245,aoml/4903545/profiles/D4903545_175.nc,4903545,4903545,26.95822,-86.99245,2025-10-30T22:24:53Z,20251030,2025,1008,0.96,2005.28,54.3676,True,True,True,https://noaa-nws-rtofs-pds.s3.amazonaws.com/rtofs.20251030/rtofs_glo_3dz_f006_6hrly_hvr_US_east.nc
ARGO_GDAC,pfl,aoml/4903545/profiles/D4903545_175.nc|2025-10-30T22:24:53Z|26.95822|-86.99245,aoml/4903545/profiles/D4903545_175.nc,4903545,4903545,26.95822,-86.99245,2025-10-30T22:24:53Z,20251030,2025,781,0.6,99.92,55.54,True,True,True,https://noaa-nws-rtofs-pds.s3.amazonaws.com/rtofs.20251030/rtofs_glo_3dz_f006_6hrly_hvr_US_east.nc
ARGO_GDAC,pfl,aoml/4903545/profiles/D4903545_176.nc|2025-11-04T23:03:45Z|26.55965|-87.08637,aoml/4903545/profiles/D4903545_176.nc,4903545,4903545,26.55965,-87.08637,2025-11-04T23:03:45Z,20251104,2025,1008,0.96,2005.24,39.7054,True,True,True,https://noaa-nws-rtofs-pds.s3.amazonaws.com/rtofs.20251104/rtofs_glo_3dz_f006_6hrly_hvr_US_east.nc
ARGO_GDAC,pfl,aoml/4903545/profiles/D4903545_176.nc|2025-11-04T23:03:45Z|26.55965|-87.08637,aoml/4903545/profiles/D4903545_176.nc,4903545,4903545,26.55965,-87.08637,2025-11-04T23:03:45Z,20251104,2025,787,0.6,99.92,39.5999,True,True,True,https://noaa-nws-rtofs-pds.s3.amazonaws.com/rtofs.20251104/rtofs_glo_3dz_f006_6hrly_hvr_US_east.nc
ARGO_GDAC,pfl,aoml/4903545/profiles/R4903545_177.nc|2025-11-09T23:47:02Z|26.17718|-86.71304,aoml/4903545/profiles/R4903545_177.nc,4903545,4903545,26.17718,-86.71304,2025-11-09T23:47:02Z,20251109,2025,1013,0.44,2013.04,29.8026,True,True,True,https://noaa-nws-rtofs-pds.s3.amazonaws.com/rtofs.20251109/rtofs_glo_3dz_f006_6hrly_hvr_US_east.nc
ARGO_GDAC,pfl,aoml/4903545/profiles/R4903545_177.nc|2025-11-09T23:47:02Z|26.17718|-86.71304,aoml/4903545/profiles/R4903545_177.nc,4903545,4903545,26.17718,-86.71304,2025-11-09T23:47:02Z,20251109,2025,852,0.44,99.84,29.54,True,True,True,https://noaa-nws-rtofs-pds.s3.amazonaws.com/rtofs.20251109/rtofs_glo_3dz_f006_6hrly_hvr_US_east.nc
ARGO_GDAC,pfl,aoml/4903545/profiles/R4903545_178.nc|2025-11-15T00:29:24Z|26.21455|-85.99046,aoml/4903545/profiles/R4903545_178.nc,4903545,4903545,26.21455,-85.99046,2025-11-15T00:29:24Z,20251115,2025,1014,0.44,2015.28,64.0444,True,True,True,https://noaa-nws-rtofs-pds.s3.amazonaws.com/rtofs.20251115/rtofs_glo_3dz_f006_6hrly_hvr_US_east.nc
ARGO_GDAC,pfl,aoml/4903545/profiles/R4903545_178.nc|2025-11-15T00:29:24Z|26.21455|-85.99046,aoml/4903545/profiles/R4903545_178.nc,4903545,4903545,26.21455,-85.99046,2025-11-15T00:29:24Z,20251115,2025,816,0.44,99.88,64.4668,True,True,True,https://noaa-nws-rtofs-pds.s3.amazonaws.com/rtofs.20251115/rtofs_glo_3dz_f006_6hrly_hvr_US_east.nc
ARGO_GDAC,pfl,aoml/4903545/profiles/R4903545_179.nc|2025-11-20T01:08:43Z|26.59174|-86.28018,aoml/4903545/profiles/R4903545_179.nc,4903545,4903545,26.59174,-86.28018,2025-11-20T01:08:43Z,20251120,2025,1015,0.48,2017.4,52.5911,True,True,True,https://noaa-nws-rtofs-pds.s3.amazonaws.com/rtofs.20251120/rtofs_glo_3dz_f006_6hrly_hvr_US_east.nc
ARGO_GDAC,pfl,aoml/4903545/profiles/R4903545_179.nc|2025-11-20T01:08:43Z|26.59174|-86.28018,aoml/4903545/profiles/R4903545_179.nc,4903545,4903545,26.59174,-86.28018,2025-11-20T01:08:43Z,20251120,2025,824,0.48,99.92,52.7457,True,True,True,https://noaa-nws-rtofs-pds.s3.amazonaws.com/rtofs.20251120/rtofs_glo_3dz_f006_6hrly_hvr_US_east.nc
ARGO_GDAC,pfl,aoml/4903545/profiles/R4903545_180.nc|2025-11-25T01:53:55Z|26.23523|-86.76092,aoml/4903545/profiles/R4903545_180.nc,4903545,4903545,26.23523,-86.76092,2025-11-25T01:53:55Z,20251125,2025,1014,1.28,2017.28,15.1881,True,True,True,https://noaa-nws-rtofs-pds.s3.amazonaws.com/rtofs.20251125/rtofs_glo_3dz_f006_6hrly_hvr_US_east.nc
ARGO_GDAC,pfl,aoml/4903545/profiles/R4903545_180.nc|2025-11-25T01:53:55Z|26.23523|-86.76092,aoml/4903545/profiles/R4903545_180.nc,4903545,4903545,26.23523,-86.76092,2025-11-25T01:53:55Z,20251125,2025,754,1.12,99.96,14.9636,True,True,True,https://noaa-nws-rtofs-pds.s3.amazonaws.com/rtofs.20251125/rtofs_glo_3dz_f006_6hrly_hvr_US_east.nc
ARGO_GDAC,pfl,aoml/4903545/profiles/R4903545_181.nc|2025-11-30T02:38:19Z|25.82426|-86.59177,aoml/4903545/profiles/R4903545_181.nc,4903545,4903545,25.82426,-86.59177,2025-11-30T02:38:19Z,20251130,2025,1011,0.88,2011.76,91.8904,True,True,True,https://noaa-nws-rtofs-pds.s3.amazonaws.com/rtofs.20251130/rtofs_glo_3dz_f006_6hrly_hvr_US_east.nc
ARGO_GDAC,pfl,aoml/4903545/profiles/R4903545_181.nc|2025-11-30T02:38:19Z|25.82426|-86.59177,aoml/4903545/profiles/R4903545_181.nc,4903545,4903545,25.82426,-86.59177,2025-11-30T02:38:19Z,20251130,2025,727,0.52,99.96,91.9244,True,True,True,https://noaa-nws-rtofs-pds.s3.amazonaws.com/rtofs.20251130/rtofs_glo_3dz_f006_6hrly_hvr_US_east.nc
ARGO_GDAC,pfl,aoml/4903545/profiles/R4903545_182.nc|2025-12-05T03:26:09Z|25.15164|-85.80089,aoml/4903545/profiles/R4903545_182.nc,4903545,4903545,25.15164,-85.80089,2025-12-05T03:26:09Z,20251205,2025,1011,1.0,2011.32,83.8184,True,True,True,https://noaa-nws-rtofs-pds.s3.amazonaws.com/rtofs.20251205/rtofs_glo_3dz_f006_6hrly_hvr_US_east.nc
ARGO_GDAC,pfl,aoml/4903545/profiles/R4903545_182.nc|2025-12-05T03:26:09Z|25.15164|-85.80089,aoml/4903545/profiles/R4903545_182.nc,4903545,4903545,25.15164,-85.80089,2025-12-05T03:26:09Z,20251205,2025,879,0.6,99.96,83.27,True,True,True,https://noaa-nws-rtofs-pds.s3.amazonaws.com/rtofs.20251205/rtofs_glo_3dz_f006_6hrly_hvr_US_east.nc
ARGO_GDAC,pfl,aoml/4903545/profiles/R4903545_183.nc|2025-12-10T04:11:53Z|25.42323|-85.49020,aoml/4903545/profiles/R4903545_183.nc,4903545,4903545,25.42323,-85.4902,2025-12-10T04:11:53Z,20251210,2025,1013,0.96,2015.96,30.9947,True,True,True,https://noaa-nws-rtofs-pds.s3.amazonaws.com/rtofs.20251210/rtofs_glo_3dz_f006_6hrly_hvr_US_east.nc
ARGO_GDAC,pfl,aoml/4903545/profiles/R4903545_183.nc|2025-12-10T04:11:53Z|25.42323|-85.49020,aoml/4903545/profiles/R4903545_183.nc,4903545,4903545,25.42323,-85.4902,2025-12-10T04:11:53Z,20251210,2025,693,0.52,99.96,31.1872,True,True,True,https://noaa-nws-rtofs-pds.s3.amazonaws.com/rtofs.20251210/rtofs_glo_3dz_f006_6hrly_hvr_US_east.nc
ARGO_GDAC,pfl,aoml/4903545/profiles/R4903545_184.nc|2025-12-15T05:06:37Z|25.18601|-86.30660,aoml/4903545/profiles/R4903545_184.nc,4903545,4903545,25.18601,-86.3066,2025-12-15T05:06:37Z,20251215,2025,1010,0.96,2009.76,131.6394,True,False,True,https://noaa-nws-rtofs-pds.s3.amazonaws.com/rtofs.20251215/rtofs_glo_3dz_f006_6hrly_hvr_US_east.nc
ARGO_GDAC,pfl,aoml/4903545/profiles/R4903545_184.nc|2025-12-15T05:06:37Z|25.18601|-86.30660,aoml/4903545/profiles/R4903545_184.nc,4903545,4903545,25.18601,-86.3066,2025-12-15T05:06:37Z,20251215,2025,694,0.52,99.96,,False,False,True,https://noaa-nws-rtofs-pds.s3.amazonaws.com/rtofs.20251215/rtofs_glo_3dz_f006_6hrly_hvr_US_east.nc
ARGO_GDAC,pfl,aoml/4903545/profiles/R4903545_185.nc|2025-12-20T05:46:36Z|24.78234|-86.64617,aoml/4903545/profiles/R4903545_185.nc,4903545,4903545,24.78234,-86.64617,2025-12-20T05:46:36Z,20251220,2025,1009,0.96,2007.92,122.8948,True,False,True,https://noaa-nws-rtofs-pds.s3.amazonaws.com/rtofs.20251220/rtofs_glo_3dz_f006_6hrly_hvr_US_east.nc
ARGO_GDAC,pfl,aoml/4903545/profiles/R4903545_185.nc|2025-12-20T05:46:36Z|24.78234|-86.64617,aoml/4903545/profiles/R4903545_185.nc,4903545,4903545,24.78234,-86.64617,2025-12-20T05:46:36Z,20251220,2025,645,0.52,99.88,,False,False,True,https://noaa-nws-rtofs-pds.s3.amazonaws.com/rtofs.20251220/rtofs_glo_3dz_f006_6hrly_hvr_US_east.nc
ARGO_GDAC,pfl,aoml/4903545/profiles/R4903545_186.nc|2025-12-25T06:33:00Z|24.62966|-86.72479,aoml/4903545/profiles/R4903545_186.nc,4903545,4903545,24.62966,-86.72479,2025-12-25T06:33:00Z,20251225,2025,1013,0.92,2015.76,120.4615,True,False,True,https://noaa-nws-rtofs-pds.s3.amazonaws.com/rtofs.20251225/rtofs_glo_3dz_f006_6hrly_hvr_US_east.nc
ARGO_GDAC,pfl,aoml/4903545/profiles/R4903545_186.nc|2025-12-25T06:33:00Z|24.62966|-86.72479,aoml/4903545/profiles/R4903545_186.nc,4903545,4903545,24.62966,-86.72479,2025-12-25T06:33:00Z,20251225,2025,698,0.52,100.0,,False,False,True,https://noaa-nws-rtofs-pds.s3.amazonaws.com/rtofs.20251225/rtofs_glo_3dz_f006_6hrly_hvr_US_east.nc
ARGO_GDAC,pfl,aoml/4903545/profiles/R4903545_187.nc|2025-12-30T07:12:42Z|24.59246|-86.80109,aoml/4903545/profiles/R4903545_187.nc,4903545,4903545,24.59246,-86.80109,2025-12-30T07:12:42Z,20251230,2025,1014,1.0,2017.28,93.2935,True,True,True,https://noaa-nws-rtofs-pds.s3.amazonaws.com/rtofs.20251230/rtofs_glo_3dz_f006_6hrly_hvr_US_east.nc
ARGO_GDAC,pfl,aoml/4903545/profiles/R4903545_187.nc|2025-12-30T07:12:42Z|24.59246|-86.80109,aoml/4903545/profiles/R4903545_187.nc,4903545,4903545,24.59246,-86.80109,2025-12-30T07:12:42Z,20251230,2025,803,0.56,99.96,93.3435,True,True,True,https://noaa-nws-rtofs-pds.s3.amazonaws.com/rtofs.20251230/rtofs_glo_3dz_f006_6hrly_hvr_US_east.nc
ARGO_GDAC,pfl,aoml/4903546/profiles/D4903546_042.nc|2024-01-02T11:51:25Z|25.29672|-87.82697,aoml/4903546/profiles/D4903546_042.nc,4903546,4903546,25.29672,-87.82697,2024-01-02T11:51:25Z,20240102,2024,1014,0.44,2015.72,55.15,True,True,False,
ARGO_GDAC,pfl,aoml/4903546/profiles/D4903546_042.nc|2024-01-02T11:51:25Z|25.29672|-87.82697,aoml/4903546/profiles/D4903546_042.nc,4903546,4903546,25.29672,-87.82697,2024-01-02T11:51:25Z,20240102,2024,859,0.44,99.76,54.6427,True,True,False,
ARGO_GDAC,pfl,aoml/4903546/profiles/D4903546_043.nc|2024-01-07T12:16:28Z|25.37421|-88.10809,aoml/4903546/profiles/D4903546_043.nc,4903546,4903546,25.37421,-88.10809,2024-01-07T12:16:28Z,20240107,2024,1012,0.96,2015.44,19.8447,True,True,False,
ARGO_GDAC,pfl,aoml/4903546/profiles/D4903546_043.nc|2024-01-07T12:16:28Z|25.37421|-88.10809,aoml/4903546/profiles/D4903546_043.nc,4903546,4903546,25.37421,-88.10809,2024-01-07T12:16:28Z,20240107,2024,834,0.56,99.88,19.3257,True,True,False,
ARGO_GDAC,pfl,aoml/4903546/profiles/D4903546_044.nc|2024-01-12T12:43:43Z|25.39947|-88.28471,aoml/4903546/profiles/D4903546_044.nc,4903546,4903546,25.39947,-88.28471,2024-01-12T12:43:43Z,20240112,2024,1013,0.96,2016.0,36.7532,True,True,False,
ARGO_GDAC,pfl,aoml/4903546/profiles/D4903546_044.nc|2024-01-12T12:43:43Z|25.39947|-88.28471,aoml/4903546/profiles/D4903546_044.nc,4903546,4903546,25.39947,-88.28471,2024-01-12T12:43:43Z,20240112,2024,741,0.52,99.96,36.4257,True,True,False,
ARGO_GDAC,pfl,aoml/4903546/profiles/D4903546_045.nc|2024-01-17T13:11:23Z|25.32235|-88.50086,aoml/4903546/profiles/D4903546_045.nc,4903546,4903546,25.32235,-88.50086,2024-01-17T13:11:23Z,20240117,2024,1014,0.48,2015.88,28.3746,True,True,False,
ARGO_GDAC,pfl,aoml/4903546/profiles/D4903546_045.nc|2024-01-17T13:11:23Z|25.32235|-88.50086,aoml/4903546/profiles/D4903546_045.nc,4903546,4903546,25.32235,-88.50086,2024-01-17T13:11:23Z,20240117,2024,763,0.48,99.76,28.4761,True,True,False,
ARGO_GDAC,pfl,aoml/4903546/profiles/D4903546_046.nc|2024-01-22T13:47:56Z|25.30974|-88.64383,aoml/4903546/profiles/D4903546_046.nc,4903546,4903546,25.30974,-88.64383,2024-01-22T13:47:56Z,20240122,2024,1010,0.96,2009.44,24.6252,True,True,False,
ARGO_GDAC,pfl,aoml/4903546/profiles/D4903546_046.nc|2024-01-22T13:47:56Z|25.30974|-88.64383,aoml/4903546/profiles/D4903546_046.nc,4903546,4903546,25.30974,-88.64383,2024-01-22T13:47:56Z,20240122,2024,910,0.56,99.96,24.1043,True,True,False,
ARGO_GDAC,pfl,aoml/4903546/profiles/D4903546_047.nc|2024-01-27T14:18:02Z|25.36091|-88.83632,aoml/4903546/profiles/D4903546_047.nc,4903546,4903546,25.36091,-88.83632,2024-01-27T14:18:02Z,20240127,2024,1013,1.2,2015.96,16.8973,True,True,True,https://noaa-nws-rtofs-pds.s3.amazonaws.com/rtofs.20240127/rtofs_glo_3dz_f006_6hrly_hvr_US_east.nc
ARGO_GDAC,pfl,aoml/4903546/profiles/D4903546_047.nc|2024-01-27T14:18:02Z|25.36091|-88.83632,aoml/4903546/profiles/D4903546_047.nc,4903546,4903546,25.36091,-88.83632,2024-01-27T14:18:02Z,20240127,2024,773,0.88,99.8,16.7219,True,True,True,https://noaa-nws-rtofs-pds.s3.amazonaws.com/rtofs.20240127/rtofs_glo_3dz_f006_6hrly_hvr_US_east.nc
ARGO_GDAC,pfl,aoml/4903546/profiles/D4903546_048.nc|2024-02-01T14:46:31Z|25.37685|-89.08877,aoml/4903546/profiles/D4903546_048.nc,4903546,4903546,25.37685,-89.08877,2024-02-01T14:46:31Z,20240201,2024,1009,0.44,2005.84,13.9746,True,True,True,https://noaa-nws-rtofs-pds.s3.amazonaws.com/rtofs.20240201/rtofs_glo_3dz_f006_6hrly_hvr_US_east.nc
ARGO_GDAC,pfl,aoml/4903546/profiles/D4903546_048.nc|2024-02-01T14:46:31Z|25.37685|-89.08877,aoml/4903546/profiles/D4903546_048.nc,4903546,4903546,25.37685,-89.08877,2024-02-01T14:46:31Z,20240201,2024,636,0.44,99.92,14.7467,True,True,True,https://noaa-nws-rtofs-pds.s3.amazonaws.com/rtofs.20240201/rtofs_glo_3dz_f006_6hrly_hvr_US_east.nc
ARGO_GDAC,pfl,aoml/4903546/profiles/D4903546_049.nc|2024-02-06T15:09:37Z|25.42320|-89.41294,aoml/4903546/profiles/D4903546_049.nc,4903546,4903546,25.4232,-89.41294,2024-02-06T15:09:37Z,20240206,2024,1007,1.12,2005.12,37.6357,True,True,True,https://noaa-nws-rtofs-pds.s3.amazonaws.com/rtofs.20240206/rtofs_glo_3dz_f006_6hrly_hvr_US_east.nc
ARGO_GDAC,pfl,aoml/4903546/profiles/D4903546_049.nc|2024-02-06T15:09:37Z|25.42320|-89.41294,aoml/4903546/profiles/D4903546_049.nc,4903546,4903546,25.4232,-89.41294,2024-02-06T15:09:37Z,20240206,2024,683,0.84,99.88,37.714,True,True,True,https://noaa-nws-rtofs-pds.s3.amazonaws.com/rtofs.20240206/rtofs_glo_3dz_f006_6hrly_hvr_US_east.nc
ARGO_GDAC,pfl,aoml/4903546/profiles/D4903546_050.nc|2024-02-11T15:37:52Z|25.41760|-89.90825,aoml/4903546/profiles/D4903546_050.nc,4903546,4903546,25.4176,-89.90825,2024-02-11T15:37:52Z,20240211,2024,1009,0.44,2005.96,58.7043,True,True,True,https://noaa-nws-rtofs-pds.s3.amazonaws.com/rtofs.20240211/rtofs_glo_3dz_f006_6hrly_hvr_US_east.nc
ARGO_GDAC,pfl,aoml/4903546/profiles/D4903546_050.nc|2024-02-11T15:37:52Z|25.41760|-89.90825,aoml/4903546/profiles/D4903546_050.nc,4903546,4903546,25.4176,-89.90825,2024-02-11T15:37:52Z,20240211,2024,650,0.4,99.92,59.0,True,True,True,https://noaa-nws-rtofs-pds.s3.amazonaws.com/rtofs.20240211/rtofs_glo_3dz_f006_6hrly_hvr_US_east.nc
ARGO_GDAC,pfl,aoml/4903546/profiles/D4903546_051.nc|2024-02-16T16:06:35Z|25.45105|-90.42285,aoml/4903546/profiles/D4903546_051.nc,4903546,4903546,25.45105,-90.42285,2024-02-16T16:06:35Z,20240216,2024,1008,0.4,2005.16,42.8649,True,True,True,https://noaa-nws-rtofs-pds.s3.amazonaws.com/rtofs.20240216/rtofs_glo_3dz_f006_6hrly_hvr_US_east.nc
ARGO_GDAC,pfl,aoml/4903546/profiles/D4903546_051.nc|2024-02-16T16:06:35Z|25.45105|-90.42285,aoml/4903546/profiles/D4903546_051.nc,4903546,4903546,25.45105,-90.42285,2024-02-16T16:06:35Z,20240216,2024,690,0.4,99.72,42.7686,True,True,True,https://noaa-nws-rtofs-pds.s3.amazonaws.com/rtofs.20240216/rtofs_glo_3dz_f006_6hrly_hvr_US_east.nc
ARGO_GDAC,pfl,aoml/4903546/profiles/D4903546_052.nc|2024-02-21T16:39:26Z|24.83132|-90.61863,aoml/4903546/profiles/D4903546_052.nc,4903546,4903546,24.83132,-90.61863,2024-02-21T16:39:26Z,20240221,2024,1007,1.0,2005.2,73.4301,True,True,True,https://noaa-nws-rtofs-pds.s3.amazonaws.com/rtofs.20240221/rtofs_glo_3dz_f006_6hrly_hvr_US_east.nc
ARGO_GDAC,pfl,aoml/4903546/profiles/D4903546_052.nc|2024-02-21T16:39:26Z|24.83132|-90.61863,aoml/4903546/profiles/D4903546_052.nc,4903546,4903546,24.83132,-90.61863,2024-02-21T16:39:26Z,20240221,2024,686,0.52,100.0,73.04,True,True,True,https://noaa-nws-rtofs-pds.s3.amazonaws.com/rtofs.20240221/rtofs_glo_3dz_f006_6hrly_hvr_US_east.nc
ARGO_GDAC,pfl,aoml/4903546/profiles/D4903546_053.nc|2024-02-26T17:05:04Z|24.87227|-90.00654,aoml/4903546/profiles/D4903546_053.nc,4903546,4903546,24.87227,-90.00654,2024-02-26T17:05:04Z,20240226,2024,1013,0.96,2016.64,26.1981,True,True,True,https://noaa-nws-rtofs-pds.s3.amazonaws.com/rtofs.20240226/rtofs_glo_3dz_f006_6hrly_hvr_US_east.nc
ARGO_GDAC,pfl,aoml/4903546/profiles/D4903546_053.nc|2024-02-26T17:05:04Z|24.87227|-90.00654,aoml/4903546/profiles/D4903546_053.nc,4903546,4903546,24.87227,-90.00654,2024-02-26T17:05:04Z,20240226,2024,636,0.52,99.8,26.1603,True,True,True,https://noaa-nws-rtofs-pds.s3.amazonaws.com/rtofs.20240226/rtofs_glo_3dz_f006_6hrly_hvr_US_east.nc
ARGO_GDAC,pfl,aoml/4903546/profiles/D4903546_054.nc|2024-03-02T17:37:41Z|25.66750|-90.36775,aoml/4903546/profiles/D4903546_054.nc,4903546,4903546,25.6675,-90.36775,2024-03-02T17:37:41Z,20240302,2024,1010,0.92,2011.36,19.9491,True,True,True,https://noaa-nws-rtofs-pds.s3.amazonaws.com/rtofs.20240302/rtofs_glo_3dz_f006_6hrly_hvr_US_east.nc
ARGO_GDAC,pfl,aoml/4903546/profiles/D4903546_054.nc|2024-03-02T17:37:41Z|25.66750|-90.36775,aoml/4903546/profiles/D4903546_054.nc,4903546,4903546,25.6675,-90.36775,2024-03-02T17:37:41Z,20240302,2024,701,0.56,99.96,20.0225,True,True,True,https://noaa-nws-rtofs-pds.s3.amazonaws.com/rtofs.20240302/rtofs_glo_3dz_f006_6hrly_hvr_US_east.nc
ARGO_GDAC,pfl,aoml/4903546/profiles/D4903546_055.nc|2024-03-07T18:02:32Z|25.91914|-91.02137,aoml/4903546/profiles/D4903546_055.nc,4903546,4903546,25.91914,-91.02137,2024-03-07T18:02:32Z,20240307,2024,1007,1.04,2004.52,14.0638,True,True,True,https://noaa-nws-rtofs-pds.s3.amazonaws.com/rtofs.20240307/rtofs_glo_3dz_f006_6hrly_hvr_US_east.nc
ARGO_GDAC,pfl,aoml/4903546/profiles/D4903546_055.nc|2024-03-07T18:02:32Z|25.91914|-91.02137,aoml/4903546/profiles/D4903546_055.nc,4903546,4903546,25.91914,-91.02137,2024-03-07T18:02:32Z,20240307,2024,665,0.52,99.96,14.3755,True,True,True,https://noaa-nws-rtofs-pds.s3.amazonaws.com/rtofs.20240307/rtofs_glo_3dz_f006_6hrly_hvr_US_east.nc
ARGO_GDAC,pfl,aoml/4903546/profiles/D4903546_056.nc|2024-03-12T18:28:46Z|25.77131|-91.55416,aoml/4903546/profiles/D4903546_056.nc,4903546,4903546,25.77131,-91.55416,2024-03-12T18:28:46Z,20240312,2024,1013,1.0,2017.32,40.9943,True,True,True,https://noaa-nws-rtofs-pds.s3.amazonaws.com/rtofs.20240312/rtofs_glo_3dz_f006_6hrly_hvr_US_east.nc
ARGO_GDAC,pfl,aoml/4903546/profiles/D4903546_056.nc|2024-03-12T18:28:46Z|25.77131|-91.55416,aoml/4903546/profiles/D4903546_056.nc,4903546,4903546,25.77131,-91.55416,2024-03-12T18:28:46Z,20240312,2024,643,0.52,99.88,41.68,True,True,True,https://noaa-nws-rtofs-pds.s3.amazonaws.com/rtofs.20240312/rtofs_glo_3dz_f006_6hrly_hvr_US_east.nc
ARGO_GDAC,pfl,aoml/4903546/profiles/D4903546_057.nc|2024-03-17T19:02:19Z|25.67546|-91.98136,aoml/4903546/profiles/D4903546_057.nc,4903546,4903546,25.67546,-91.98136,2024-03-17T19:02:19Z,20240317,2024,1013,1.0,2016.96,25.1708,True,True,True,https://noaa-nws-rtofs-pds.s3.amazonaws.com/rtofs.20240317/rtofs_glo_3dz_f006_6hrly_hvr_US_east.nc
ARGO_GDAC,pfl,aoml/4903546/profiles/D4903546_057.nc|2024-03-17T19:02:19Z|25.67546|-91.98136,aoml/4903546/profiles/D4903546_057.nc,4903546,4903546,25.67546,-91.98136,2024-03-17T19:02:19Z,20240317,2024,683,0.64,99.88,25.1453,True,True,True,https://noaa-nws-rtofs-pds.s3.amazonaws.com/rtofs.20240317/rtofs_glo_3dz_f006_6hrly_hvr_US_east.nc
ARGO_GDAC,pfl,aoml/4903546/profiles/D4903546_058.nc|2024-03-22T19:33:55Z|25.70029|-92.41016,aoml/4903546/profiles/D4903546_058.nc,4903546,4903546,25.70029,-92.41016,2024-03-22T19:33:55Z,20240322,2024,1013,1.0,2015.84,31.8977,True,True,True,https://noaa-nws-rtofs-pds.s3.amazonaws.com/rtofs.20240322/rtofs_glo_3dz_f006_6hrly_hvr_US_east.nc
ARGO_GDAC,pfl,aoml/4903546/profiles/D4903546_058.nc|2024-03-22T19:33:55Z|25.70029|-92.41016,aoml/4903546/profiles/D4903546_058.nc,4903546,4903546,25.70029,-92.41016,2024-03-22T19:33:55Z,20240322,2024,679,0.64,99.72,31.915,True,True,True,https://noaa-nws-rtofs-pds.s3.amazonaws.com/rtofs.20240322/rtofs_glo_3dz_f006_6hrly_hvr_US_east.nc
ARGO_GDAC,pfl,aoml/4903546/profiles/D4903546_059.nc|2024-03-27T20:06:13Z|25.76579|-93.02284,aoml/4903546/profiles/D4903546_059.nc,4903546,4903546,25.76579,-93.02284,2024-03-27T20:06:13Z,20240327,2024,1007,0.96,2005.56,100.6694,True,False,True,https://noaa-nws-rtofs-pds.s3.amazonaws.com/rtofs.20240327/rtofs_glo_3dz_f006_6hrly_hvr_US_east.nc
ARGO_GDAC,pfl,aoml/4903546/profiles/D4903546_059.nc|2024-03-27T20:06:13Z|25.76579|-93.02284,aoml/4903546/profiles/D4903546_059.nc,4903546,4903546,25.76579,-93.02284,2024-03-27T20:06:13Z,20240327,2024,717,0.52,100.0,,False,False,True,https://noaa-nws-rtofs-pds.s3.amazonaws.com/rtofs.20240327/rtofs_glo_3dz_f006_6hrly_hvr_US_east.nc
ARGO_GDAC,pfl,aoml/4903546/profiles/D4903546_060.nc|2024-04-01T20:36:57Z|25.65944|-93.79424,aoml/4903546/profiles/D4903546_060.nc,4903546,4903546,25.65944,-93.79424,2024-04-01T20:36:57Z,20240401,2024,1013,1.08,2016.28,48.2434,True,True,True,https://noaa-nws-rtofs-pds.s3.amazonaws.com/rtofs.20240401/rtofs_glo_3dz_f006_6hrly_hvr_US_east.nc
ARGO_GDAC,pfl,aoml/4903546/profiles/D4903546_060.nc|2024-04-01T20:36:57Z|25.65944|-93.79424,aoml/4903546/profiles/D4903546_060.nc,4903546,4903546,25.65944,-93.79424,2024-04-01T20:36:57Z,20240401,2024,717,0.76,99.96,47.24,True,True,True,https://noaa-nws-rtofs-pds.s3.amazonaws.com/rtofs.20240401/rtofs_glo_3dz_f006_6hrly_hvr_US_east.nc
ARGO_GDAC,pfl,aoml/4903546/profiles/D4903546_061.nc|2024-04-06T21:10:11Z|25.48445|-94.34692,aoml/4903546/profiles/D4903546_061.nc,4903546,4903546,25.48445,-94.34692,2024-04-06T21:10:11Z,20240406,2024,1010,0.48,2008.6,52.251,True,True,True,https://noaa-nws-rtofs-pds.s3.amazonaws.com/rtofs.20240406/rtofs_glo_3dz_f006_6hrly_hvr_US_east.nc
ARGO_GDAC,pfl,aoml/4903546/profiles/D4903546_061.nc|2024-04-06T21:10:11Z|25.48445|-94.34692,aoml/4903546/profiles/D4903546_061.nc,4903546,4903546,25.48445,-94.34692,2024-04-06T21:10:11Z,20240406,2024,711,0.48,100.0,52.024,True,True,True,https://noaa-nws-rtofs-pds.s3.amazonaws.com/rtofs.20240406/rtofs_glo_3dz_f006_6hrly_hvr_US_east.nc
ARGO_GDAC,pfl,aoml/4903546/profiles/D4903546_062.nc|2024-04-11T21:44:47Z|25.34744|-94.50548,aoml/4903546/profiles/D4903546_062.nc,4903546,4903546,25.34744,-94.50548,2024-04-11T21:44:47Z,20240411,2024,1012,1.08,2014.48,75.1962,True,True,True,https://noaa-nws-rtofs-pds.s3.amazonaws.com/rtofs.20240411/rtofs_glo_3dz_f006_6hrly_hvr_US_east.nc
ARGO_GDAC,pfl,aoml/4903546/profiles/D4903546_062.nc|2024-04-11T21:44:47Z|25.34744|-94.50548,aoml/4903546/profiles/D4903546_062.nc,4903546,4903546,25.34744,-94.50548,2024-04-11T21:44:47Z,20240411,2024,717,0.72,99.8,75.4914,True,True,True,https://noaa-nws-rtofs-pds.s3.amazonaws.com/rtofs.20240411/rtofs_glo_3dz_f006_6hrly_hvr_US_east.nc
ARGO_GDAC,pfl,aoml/4903546/profiles/D4903546_063.nc|2024-04-16T22:14:15Z|25.47388|-94.63777,aoml/4903546/profiles/D4903546_063.nc,4903546,4903546,25.47388,-94.63777,2024-04-16T22:14:15Z,20240416,2024,1013,1.0,2016.48,74.1488,True,True,True,https://noaa-nws-rtofs-pds.s3.amazonaws.com/rtofs.20240416/rtofs_glo_3dz_f006_6hrly_hvr_US_east.nc
ARGO_GDAC,pfl,aoml/4903546/profiles/D4903546_063.nc|2024-04-16T22:14:15Z|25.47388|-94.63777,aoml/4903546/profiles/D4903546_063.nc,4903546,4903546,25.47388,-94.63777,2024-04-16T22:14:15Z,20240416,2024,727,0.56,99.96,74.6967,True,True,True,https://noaa-nws-rtofs-pds.s3.amazonaws.com/rtofs.20240416/rtofs_glo_3dz_f006_6hrly_hvr_US_east.nc
ARGO_GDAC,pfl,aoml/4903546/profiles/D4903546_064.nc|2024-04-21T22:49:05Z|25.37828|-95.08902,aoml/4903546/profiles/D4903546_064.nc,4903546,4903546,25.37828,-95.08902,2024-04-21T22:49:05Z,20240421,2024,1010,1.08,2009.68,19.2268,True,True,True,https://noaa-nws-rtofs-pds.s3.amazonaws.com/rtofs.20240421/rtofs_glo_3dz_f006_6hrly_hvr_US_east.nc
ARGO_GDAC,pfl,aoml/4903546/profiles/D4903546_064.nc|2024-04-21T22:49:05Z|25.37828|-95.08902,aoml/4903546/profiles/D4903546_064.nc,4903546,4903546,25.37828,-95.08902,2024-04-21T22:49:05Z,20240421,2024,772,0.72,99.96,15.0917,True,True,True,https://noaa-nws-rtofs-pds.s3.amazonaws.com/rtofs.20240421/rtofs_glo_3dz_f006_6hrly_hvr_US_east.nc
ARGO_GDAC,pfl,aoml/4903546/profiles/D4903546_065.nc|2024-04-26T23:22:32Z|24.87048|-95.32048,aoml/4903546/profiles/D4903546_065.nc,4903546,4903546,24.87048,-95.32048,2024-04-26T23:22:32Z,20240426,2024,1009,1.0,2009.4,34.3561,True,True,True,https://noaa-nws-rtofs-pds.s3.amazonaws.com/rtofs.20240426/rtofs_glo_3dz_f006_6hrly_hvr_US_east.nc
ARGO_GDAC,pfl,aoml/4903546/profiles/D4903546_065.nc|2024-04-26T23:22:32Z|24.87048|-95.32048,aoml/4903546/profiles/D4903546_065.nc,4903546,4903546,24.87048,-95.32048,2024-04-26T23:22:32Z,20240426,2024,758,0.6,99.88,34.5391,True,True,True,https://noaa-nws-rtofs-pds.s3.amazonaws.com/rtofs.20240426/rtofs_glo_3dz_f006_6hrly_hvr_US_east.nc
ARGO_GDAC,pfl,aoml/4903546/profiles/D4903546_066.nc|2024-05-01T23:44:05Z|24.44563|-95.46912,aoml/4903546/profiles/D4903546_066.nc,4903546,4903546,24.44563,-95.46912,2024-05-01T23:44:05Z,20240501,2024,1007,1.04,2004.88,23.8587,True,True,True,https://noaa-nws-rtofs-pds.s3.amazonaws.com/rtofs.20240501/rtofs_glo_3dz_f006_6hrly_hvr_US_east.nc
ARGO_GDAC,pfl,aoml/4903546/profiles/D4903546_066.nc|2024-05-01T23:44:05Z|24.44563|-95.46912,aoml/4903546/profiles/D4903546_066.nc,4903546,4903546,24.44563,-95.46912,2024-05-01T23:44:05Z,20240501,2024,713,0.6,99.88,24.1938,True,True,True,https://noaa-nws-rtofs-pds.s3.amazonaws.com/rtofs.20240501/rtofs_glo_3dz_f006_6hrly_hvr_US_east.nc
ARGO_GDAC,pfl,aoml/4903546/profiles/D4903546_067.nc|2024-05-07T00:15:36Z|24.27129|-95.52514,aoml/4903546/profiles/D4903546_067.nc,4903546,4903546,24.27129,-95.52514,2024-05-07T00:15:36Z,20240507,2024,1012,1.04,2015.24,19.5521,True,True,True,https://noaa-nws-rtofs-pds.s3.amazonaws.com/rtofs.20240507/rtofs_glo_3dz_f006_6hrly_hvr_US_east.nc
ARGO_GDAC,pfl,aoml/4903546/profiles/D4903546_067.nc|2024-05-07T00:15:36Z|24.27129|-95.52514,aoml/4903546/profiles/D4903546_067.nc,4903546,4903546,24.27129,-95.52514,2024-05-07T00:15:36Z,20240507,2024,759,0.6,99.84,20.0051,True,True,True,https://noaa-nws-rtofs-pds.s3.amazonaws.com/rtofs.20240507/rtofs_glo_3dz_f006_6hrly_hvr_US_east.nc
ARGO_GDAC,pfl,aoml/4903546/profiles/D4903546_068.nc|2024-05-12T00:48:41Z|24.27595|-95.59417,aoml/4903546/profiles/D4903546_068.nc,4903546,4903546,24.27595,-95.59417,2024-05-12T00:48:41Z,20240512,2024,1009,1.0,2008.6,11.9071,True,True,True,https://noaa-nws-rtofs-pds.s3.amazonaws.com/rtofs.20240512/rtofs_glo_3dz_f006_6hrly_hvr_US_east.nc
ARGO_GDAC,pfl,aoml/4903546/profiles/D4903546_068.nc|2024-05-12T00:48:41Z|24.27595|-95.59417,aoml/4903546/profiles/D4903546_068.nc,4903546,4903546,24.27595,-95.59417,2024-05-12T00:48:41Z,20240512,2024,762,0.52,99.92,10.94,True,True,True,https://noaa-nws-rtofs-pds.s3.amazonaws.com/rtofs.20240512/rtofs_glo_3dz_f006_6hrly_hvr_US_east.nc
ARGO_GDAC,pfl,aoml/4903546/profiles/D4903546_069.nc|2024-05-17T01:26:55Z|24.46762|-95.64149,aoml/4903546/profiles/D4903546_069.nc,4903546,4903546,24.46762,-95.64149,2024-05-17T01:26:55Z,20240517,2024,1010,1.12,2009.64,19.4245,True,True,True,https://noaa-nws-rtofs-pds.s3.amazonaws.com/rtofs.20240517/rtofs_glo_3dz_f006_6hrly_hvr_US_east.nc
ARGO_GDAC,pfl,aoml/4903546/profiles/D4903546_069.nc|2024-05-17T01:26:55Z|24.46762|-95.64149,aoml/4903546/profiles/D4903546_069.nc,4903546,4903546,24.46762,-95.64149,2024-05-17T01:26:55Z,20240517,2024,811,0.68,99.96,19.669,True,True,True,https://noaa-nws-rtofs-pds.s3.amazonaws.com/rtofs.20240517/rtofs_glo_3dz_f006_6hrly_hvr_US_east.nc
ARGO_GDAC,pfl,aoml/4903546/profiles/D4903546_070.nc|2024-05-22T01:56:48Z|24.65600|-95.59839,aoml/4903546/profiles/D4903546_070.nc,4903546,4903546,24.656,-95.59839,2024-05-22T01:56:48Z,20240522,2024,1012,0.4,2012.92,12.4474,True,True,True,https://noaa-nws-rtofs-pds.s3.amazonaws.com/rtofs.20240522/rtofs_glo_3dz_f006_6hrly_hvr_US_east.nc
ARGO_GDAC,pfl,aoml/4903546/profiles/D4903546_070.nc|2024-05-22T01:56:48Z|24.65600|-95.59839,aoml/4903546/profiles/D4903546_070.nc,4903546,4903546,24.656,-95.59839,2024-05-22T01:56:48Z,20240522,2024,755,0.36,99.92,12.2538,True,True,True,https://noaa-nws-rtofs-pds.s3.amazonaws.com/rtofs.20240522/rtofs_glo_3dz_f006_6hrly_hvr_US_east.nc
ARGO_GDAC,pfl,aoml/4903546/profiles/D4903546_071.nc|2024-05-27T02:30:12Z|24.62074|-95.65303,aoml/4903546/profiles/D4903546_071.nc,4903546,4903546,24.62074,-95.65303,2024-05-27T02:30:12Z,20240527,2024,1011,1.08,2012.32,15.4012,True,True,True,https://noaa-nws-rtofs-pds.s3.amazonaws.com/rtofs.20240527/rtofs_glo_3dz_f006_6hrly_hvr_US_east.nc
ARGO_GDAC,pfl,aoml/4903546/profiles/D4903546_071.nc|2024-05-27T02:30:12Z|24.62074|-95.65303,aoml/4903546/profiles/D4903546_071.nc,4903546,4903546,24.62074,-95.65303,2024-05-27T02:30:12Z,20240527,2024,836,0.72,100.0,15.1938,True,True,True,https://noaa-nws-rtofs-pds.s3.amazonaws.com/rtofs.20240527/rtofs_glo_3dz_f006_6hrly_hvr_US_east.nc
ARGO_GDAC,pfl,aoml/4903546/profiles/D4903546_072.nc|2024-06-01T03:01:53Z|24.36962|-95.87091,aoml/4903546/profiles/D4903546_072.nc,4903546,4903546,24.36962,-95.87091,2024-06-01T03:01:53Z,20240601,2024,1014,0.48,2016.04,13.4684,True,True,True,https://noaa-nws-rtofs-pds.s3.amazonaws.com/rtofs.20240601/rtofs_glo_3dz_f006_6hrly_hvr_US_east.nc
ARGO_GDAC,pfl,aoml/4903546/profiles/D4903546_072.nc|2024-06-01T03:01:53Z|24.36962|-95.87091,aoml/4903546/profiles/D4903546_072.nc,4903546,4903546,24.36962,-95.87091,2024-06-01T03:01:53Z,20240601,2024,759,0.48,100.0,12.96,True,True,True,https://noaa-nws-rtofs-pds.s3.amazonaws.com/rtofs.20240601/rtofs_glo_3dz_f006_6hrly_hvr_US_east.nc
ARGO_GDAC,pfl,aoml/4903546/profiles/D4903546_073.nc|2024-06-06T03:34:32Z|24.03834|-95.90420,aoml/4903546/profiles/D4903546_073.nc,4903546,4903546,24.03834,-95.9042,2024-06-06T03:34:32Z,20240606,2024,1010,1.08,2010.4,19.4503,True,True,True,https://noaa-nws-rtofs-pds.s3.amazonaws.com/rtofs.20240606/rtofs_glo_3dz_f006_6hrly_hvr_US_east.nc
ARGO_GDAC,pfl,aoml/4903546/profiles/D4903546_073.nc|2024-06-06T03:34:32Z|24.03834|-95.90420,aoml/4903546/profiles/D4903546_073.nc,4903546,4903546,24.03834,-95.9042,2024-06-06T03:34:32Z,20240606,2024,758,0.72,99.96,16.4,True,True,True,https://noaa-nws-rtofs-pds.s3.amazonaws.com/rtofs.20240606/rtofs_glo_3dz_f006_6hrly_hvr_US_east.nc
ARGO_GDAC,pfl,aoml/4903546/profiles/D4903546_074.nc|2024-06-11T04:08:05Z|23.95627|-95.92969,aoml/4903546/profiles/D4903546_074.nc,4903546,4903546,23.95627,-95.92969,2024-06-11T04:08:05Z,20240611,2024,1011,1.04,2012.84,24.9043,True,True,True,https://noaa-nws-rtofs-pds.s3.amazonaws.com/rtofs.20240611/rtofs_glo_3dz_f006_6hrly_hvr_US_east.nc
ARGO_GDAC,pfl,aoml/4903546/profiles/D4903546_074.nc|2024-06-11T04:08:05Z|23.95627|-95.92969,aoml/4903546/profiles/D4903546_074.nc,4903546,4903546,23.95627,-95.92969,2024-06-11T04:08:05Z,20240611,2024,836,0.68,99.88,25.29,True,True,True,https://noaa-nws-rtofs-pds.s3.amazonaws.com/rtofs.20240611/rtofs_glo_3dz_f006_6hrly_hvr_US_east.nc
ARGO_GDAC,pfl,aoml/4903546/profiles/D4903546_075.nc|2024-06-16T04:47:16Z|23.93091|-95.89248,aoml/4903546/profiles/D4903546_075.nc,4903546,4903546,23.93091,-95.89248,2024-06-16T04:47:16Z,20240616,2024,1011,0.96,2013.36,19.5607,True,True,True,https://noaa-nws-rtofs-pds.s3.amazonaws.com/rtofs.20240616/rtofs_glo_3dz_f006_6hrly_hvr_US_east.nc
ARGO_GDAC,pfl,aoml/4903546/profiles/D4903546_075.nc|2024-06-16T04:47:16Z|23.93091|-95.89248,aoml/4903546/profiles/D4903546_075.nc,4903546,4903546,23.93091,-95.89248,2024-06-16T04:47:16Z,20240616,2024,757,0.64,99.84,19.9309,True,True,True,https://noaa-nws-rtofs-pds.s3.amazonaws.com/rtofs.20240616/rtofs_glo_3dz_f006_6hrly_hvr_US_east.nc
ARGO_GDAC,pfl,aoml/4903546/profiles/D4903546_076.nc|2024-06-21T05:24:57Z|23.82661|-95.92403,aoml/4903546/profiles/D4903546_076.nc,4903546,4903546,23.82661,-95.92403,2024-06-21T05:24:57Z,20240621,2024,1013,1.0,2016.16,30.1649,True,True,True,https://noaa-nws-rtofs-pds.s3.amazonaws.com/rtofs.20240621/rtofs_glo_3dz_f006_6hrly_hvr_US_east.nc
ARGO_GDAC,pfl,aoml/4903546/profiles/D4903546_076.nc|2024-06-21T05:24:57Z|23.82661|-95.92403,aoml/4903546/profiles/D4903546_076.nc,4903546,4903546,23.82661,-95.92403,2024-06-21T05:24:57Z,20240621,2024,777,0.56,99.84,30.9616,True,True,True,https://noaa-nws-rtofs-pds.s3.amazonaws.com/rtofs.20240621/rtofs_glo_3dz_f006_6hrly_hvr_US_east.nc
ARGO_GDAC,pfl,aoml/4903546/profiles/D4903546_077.nc|2024-06-26T05:57:41Z|23.76457|-95.98696,aoml/4903546/profiles/D4903546_077.nc,4903546,4903546,23.76457,-95.98696,2024-06-26T05:57:41Z,20240626,2024,1007,1.0,2005.0,28.2819,True,True,True,https://noaa-nws-rtofs-pds.s3.amazonaws.com/rtofs.20240626/rtofs_glo_3dz_f006_6hrly_hvr_US_east.nc
ARGO_GDAC,pfl,aoml/4903546/profiles/D4903546_077.nc|2024-06-26T05:57:41Z|23.76457|-95.98696,aoml/4903546/profiles/D4903546_077.nc,4903546,4903546,23.76457,-95.98696,2024-06-26T05:57:41Z,20240626,2024,785,0.6,99.96,29.4722,True,True,True,https://noaa-nws-rtofs-pds.s3.amazonaws.com/rtofs.20240626/rtofs_glo_3dz_f006_6hrly_hvr_US_east.nc
ARGO_GDAC,pfl,aoml/4903546/profiles/D4903546_078.nc|2024-07-01T06:28:07Z|23.73719|-95.98747,aoml/4903546/profiles/D4903546_078.nc,4903546,4903546,23.73719,-95.98747,2024-07-01T06:28:07Z,20240701,2024,1008,1.0,2005.4,30.4034,True,True,True,https://noaa-nws-rtofs-pds.s3.amazonaws.com/rtofs.20240701/rtofs_glo_3dz_f006_6hrly_hvr_US_east.nc
ARGO_GDAC,pfl,aoml/4903546/profiles/D4903546_078.nc|2024-07-01T06:28:07Z|23.73719|-95.98747,aoml/4903546/profiles/D4903546_078.nc,4903546,4903546,23.73719,-95.98747,2024-07-01T06:28:07Z,20240701,2024,757,0.56,99.96,31.2088,True,True,True,https://noaa-nws-rtofs-pds.s3.amazonaws.com/rtofs.20240701/rtofs_glo_3dz_f006_6hrly_hvr_US_east.nc
ARGO_GDAC,pfl,aoml/4903546/profiles/D4903546_079.nc|2024-07-06T07:01:52Z|23.76178|-95.96151,aoml/4903546/profiles/D4903546_079.nc,4903546,4903546,23.76178,-95.96151,2024-07-06T07:01:52Z,20240706,2024,1009,0.96,2009.08,28.5585,True,True,True,https://noaa-nws-rtofs-pds.s3.amazonaws.com/rtofs.20240706/rtofs_glo_3dz_f006_6hrly_hvr_US_east.nc
ARGO_GDAC,pfl,aoml/4903546/profiles/D4903546_079.nc|2024-07-06T07:01:52Z|23.76178|-95.96151,aoml/4903546/profiles/D4903546_079.nc,4903546,4903546,23.76178,-95.96151,2024-07-06T07:01:52Z,20240706,2024,778,0.52,99.8,28.7859,True,True,True,https://noaa-nws-rtofs-pds.s3.amazonaws.com/rtofs.20240706/rtofs_glo_3dz_f006_6hrly_hvr_US_east.nc
ARGO_GDAC,pfl,aoml/4903546/profiles/D4903546_080.nc|2024-07-11T07:30:31Z|23.82819|-95.97652,aoml/4903546/profiles/D4903546_080.nc,4903546,4903546,23.82819,-95.97652,2024-07-11T07:30:31Z,20240711,2024,1012,0.96,2015.08,29.0439,True,True,True,https://noaa-nws-rtofs-pds.s3.amazonaws.com/rtofs.20240711/rtofs_glo_3dz_f006_6hrly_hvr_US_east.nc
ARGO_GDAC,pfl,aoml/4903546/profiles/D4903546_080.nc|2024-07-11T07:30:31Z|23.82819|-95.97652,aoml/4903546/profiles/D4903546_080.nc,4903546,4903546,23.82819,-95.97652,2024-07-11T07:30:31Z,20240711,2024,765,0.52,99.96,29.2945,True,True,True,https://noaa-nws-rtofs-pds.s3.amazonaws.com/rtofs.20240711/rtofs_glo_3dz_f006_6hrly_hvr_US_east.nc
ARGO_GDAC,pfl,aoml/4903546/profiles/D4903546_081.nc|2024-07-16T08:02:19Z|23.89733|-95.91413,aoml/4903546/profiles/D4903546_081.nc,4903546,4903546,23.89733,-95.91413,2024-07-16T08:02:19Z,20240716,2024,1010,1.04,2010.44,19.8332,True,True,True,https://noaa-nws-rtofs-pds.s3.amazonaws.com/rtofs.20240716/rtofs_glo_3dz_f006_6hrly_hvr_US_east.nc
ARGO_GDAC,pfl,aoml/4903546/profiles/D4903546_081.nc|2024-07-16T08:02:19Z|23.89733|-95.91413,aoml/4903546/profiles/D4903546_081.nc,4903546,4903546,23.89733,-95.91413,2024-07-16T08:02:19Z,20240716,2024,776,0.6,99.88,19.8654,True,True,True,https://noaa-nws-rtofs-pds.s3.amazonaws.com/rtofs.20240716/rtofs_glo_3dz_f006_6hrly_hvr_US_east.nc
ARGO_GDAC,pfl,aoml/4903546/profiles/D4903546_082.nc|2024-07-21T08:30:32Z|23.81994|-95.87480,aoml/4903546/profiles/D4903546_082.nc,4903546,4903546,23.81994,-95.8748,2024-07-21T08:30:32Z,20240721,2024,1010,1.08,2010.2,22.5663,True,True,True,https://noaa-nws-rtofs-pds.s3.amazonaws.com/rtofs.20240721/rtofs_glo_3dz_f006_6hrly_hvr_US_east.nc
ARGO_GDAC,pfl,aoml/4903546/profiles/D4903546_082.nc|2024-07-21T08:30:32Z|23.81994|-95.87480,aoml/4903546/profiles/D4903546_082.nc,4903546,4903546,23.81994,-95.8748,2024-07-21T08:30:32Z,20240721,2024,800,0.52,99.96,23.0833,True,True,True,https://noaa-nws-rtofs-pds.s3.amazonaws.com/rtofs.20240721/rtofs_glo_3dz_f006_6hrly_hvr_US_east.nc
ARGO_GDAC,pfl,aoml/4903546/profiles/D4903546_083.nc|2024-07-26T09:01:20Z|23.56931|-95.96702,aoml/4903546/profiles/D4903546_083.nc,4903546,4903546,23.56931,-95.96702,2024-07-26T09:01:20Z,20240726,2024,1009,0.36,2006.92,36.8458,True,True,True,https://noaa-nws-rtofs-pds.s3.amazonaws.com/rtofs.20240726/rtofs_glo_3dz_f006_6hrly_hvr_US_east.nc
ARGO_GDAC,pfl,aoml/4903546/profiles/D4903546_083.nc|2024-07-26T09:01:20Z|23.56931|-95.96702,aoml/4903546/profiles/D4903546_083.nc,4903546,4903546,23.56931,-95.96702,2024-07-26T09:01:20Z,20240726,2024,768,0.36,100.0,38.237,True,True,True,https://noaa-nws-rtofs-pds.s3.amazonaws.com/rtofs.20240726/rtofs_glo_3dz_f006_6hrly_hvr_US_east.nc
ARGO_GDAC,pfl,aoml/4903546/profiles/D4903546_084.nc|2024-07-31T09:45:31Z|23.20587|-96.04706,aoml/4903546/profiles/D4903546_084.nc,4903546,4903546,23.20587,-96.04706,2024-07-31T09:45:31Z,20240731,2024,1012,0.96,2013.76,28.6803,True,True,True,https://noaa-nws-rtofs-pds.s3.amazonaws.com/rtofs.20240731/rtofs_glo_3dz_f006_6hrly_hvr_US_east.nc
ARGO_GDAC,pfl,aoml/4903546/profiles/D4903546_084.nc|2024-07-31T09:45:31Z|23.20587|-96.04706,aoml/4903546/profiles/D4903546_084.nc,4903546,4903546,23.20587,-96.04706,2024-07-31T09:45:31Z,20240731,2024,807,0.56,99.92,28.7383,True,True,True,https://noaa-nws-rtofs-pds.s3.amazonaws.com/rtofs.20240731/rtofs_glo_3dz_f006_6hrly_hvr_US_east.nc
ARGO_GDAC,pfl,aoml/4903546/profiles/D4903546_085.nc|2024-08-05T10:20:00Z|22.92412|-96.12067,aoml/4903546/profiles/D4903546_085.nc,4903546,4903546,22.92412,-96.12067,2024-08-05T10:20:00Z,20240805,2024,1008,0.92,2007.4,13.586,True,True,True,https://noaa-nws-rtofs-pds.s3.amazonaws.com/rtofs.20240805/rtofs_glo_3dz_f006_6hrly_hvr_US_east.nc
ARGO_GDAC,pfl,aoml/4903546/profiles/D4903546_085.nc|2024-08-05T10:20:00Z|22.92412|-96.12067,aoml/4903546/profiles/D4903546_085.nc,4903546,4903546,22.92412,-96.12067,2024-08-05T10:20:00Z,20240805,2024,769,0.64,99.96,13.16,True,True,True,https://noaa-nws-rtofs-pds.s3.amazonaws.com/rtofs.20240805/rtofs_glo_3dz_f006_6hrly_hvr_US_east.nc
ARGO_GDAC,pfl,aoml/4903546/profiles/D4903546_086.nc|2024-08-10T10:58:24Z|22.80314|-96.17166,aoml/4903546/profiles/D4903546_086.nc,4903546,4903546,22.80314,-96.17166,2024-08-10T10:58:24Z,20240810,2024,1013,0.92,2015.88,25.5236,True,True,True,https://noaa-nws-rtofs-pds.s3.amazonaws.com/rtofs.20240810/rtofs_glo_3dz_f006_6hrly_hvr_US_east.nc
ARGO_GDAC,pfl,aoml/4903546/profiles/D4903546_086.nc|2024-08-10T10:58:24Z|22.80314|-96.17166,aoml/4903546/profiles/D4903546_086.nc,4903546,4903546,22.80314,-96.17166,2024-08-10T10:58:24Z,20240810,2024,854,0.52,99.92,25.5819,True,True,True,https://noaa-nws-rtofs-pds.s3.amazonaws.com/rtofs.20240810/rtofs_glo_3dz_f006_6hrly_hvr_US_east.nc
ARGO_GDAC,pfl,aoml/4903546/profiles/D4903546_087.nc|2024-08-15T11:30:32Z|22.79370|-96.17859,aoml/4903546/profiles/D4903546_087.nc,4903546,4903546,22.7937,-96.17859,2024-08-15T11:30:32Z,20240815,2024,1010,1.04,2010.4,27.4086,True,True,True,https://noaa-nws-rtofs-pds.s3.amazonaws.com/rtofs.20240815/rtofs_glo_3dz_f006_6hrly_hvr_US_east.nc
ARGO_GDAC,pfl,aoml/4903546/profiles/D4903546_087.nc|2024-08-15T11:30:32Z|22.79370|-96.17859,aoml/4903546/profiles/D4903546_087.nc,4903546,4903546,22.7937,-96.17859,2024-08-15T11:30:32Z,20240815,2024,859,0.68,100.0,26.9508,True,True,True,https://noaa-nws-rtofs-pds.s3.amazonaws.com/rtofs.20240815/rtofs_glo_3dz_f006_6hrly_hvr_US_east.nc
ARGO_GDAC,pfl,aoml/4903546/profiles/D4903546_088.nc|2024-08-20T12:12:27Z|22.81272|-96.15643,aoml/4903546/profiles/D4903546_088.nc,4903546,4903546,22.81272,-96.15643,2024-08-20T12:12:27Z,20240820,2024,1011,1.04,2013.4,26.54,True,True,True,https://noaa-nws-rtofs-pds.s3.amazonaws.com/rtofs.20240820/rtofs_glo_3dz_f006_6hrly_hvr_US_east.nc
ARGO_GDAC,pfl,aoml/4903546/profiles/D4903546_088.nc|2024-08-20T12:12:27Z|22.81272|-96.15643,aoml/4903546/profiles/D4903546_088.nc,4903546,4903546,22.81272,-96.15643,2024-08-20T12:12:27Z,20240820,2024,795,0.64,99.84,26.274,True,True,True,https://noaa-nws-rtofs-pds.s3.amazonaws.com/rtofs.20240820/rtofs_glo_3dz_f006_6hrly_hvr_US_east.nc
ARGO_GDAC,pfl,aoml/4903546/profiles/D4903546_089.nc|2024-08-25T12:44:17Z|22.70721|-96.18585,aoml/4903546/profiles/D4903546_089.nc,4903546,4903546,22.70721,-96.18585,2024-08-25T12:44:17Z,20240825,2024,1010,1.0,2009.96,19.3151,True,True,True,https://noaa-nws-rtofs-pds.s3.amazonaws.com/rtofs.20240825/rtofs_glo_3dz_f006_6hrly_hvr_US_east.nc
ARGO_GDAC,pfl,aoml/4903546/profiles/D4903546_089.nc|2024-08-25T12:44:17Z|22.70721|-96.18585,aoml/4903546/profiles/D4903546_089.nc,4903546,4903546,22.70721,-96.18585,2024-08-25T12:44:17Z,20240825,2024,830,0.52,99.84,19.2952,True,True,True,https://noaa-nws-rtofs-pds.s3.amazonaws.com/rtofs.20240825/rtofs_glo_3dz_f006_6hrly_hvr_US_east.nc
ARGO_GDAC,pfl,aoml/4903546/profiles/D4903546_090.nc|2024-08-30T13:25:27Z|22.58646|-96.31202,aoml/4903546/profiles/D4903546_090.nc,4903546,4903546,22.58646,-96.31202,2024-08-30T13:25:27Z,20240830,2024,1013,1.04,2017.24,15.6924,True,True,True,https://noaa-nws-rtofs-pds.s3.amazonaws.com/rtofs.20240830/rtofs_glo_3dz_f006_6hrly_hvr_US_east.nc
ARGO_GDAC,pfl,aoml/4903546/profiles/D4903546_090.nc|2024-08-30T13:25:27Z|22.58646|-96.31202,aoml/4903546/profiles/D4903546_090.nc,4903546,4903546,22.58646,-96.31202,2024-08-30T13:25:27Z,20240830,2024,851,0.68,100.0,15.6135,True,True,True,https://noaa-nws-rtofs-pds.s3.amazonaws.com/rtofs.20240830/rtofs_glo_3dz_f006_6hrly_hvr_US_east.nc
ARGO_GDAC,pfl,aoml/4903546/profiles/D4903546_091.nc|2024-09-04T14:04:45Z|22.39666|-96.41773,aoml/4903546/profiles/D4903546_091.nc,4903546,4903546,22.39666,-96.41773,2024-09-04T14:04:45Z,20240904,2024,1013,1.04,2017.2,22.2226,True,True,True,https://noaa-nws-rtofs-pds.s3.amazonaws.com/rtofs.20240904/rtofs_glo_3dz_f006_6hrly_hvr_US_east.nc
ARGO_GDAC,pfl,aoml/4903546/profiles/D4903546_091.nc|2024-09-04T14:04:45Z|22.39666|-96.41773,aoml/4903546/profiles/D4903546_091.nc,4903546,4903546,22.39666,-96.41773,2024-09-04T14:04:45Z,20240904,2024,878,0.68,99.96,22.5429,True,True,True,https://noaa-nws-rtofs-pds.s3.amazonaws.com/rtofs.20240904/rtofs_glo_3dz_f006_6hrly_hvr_US_east.nc
ARGO_GDAC,pfl,aoml/4903546/profiles/D4903546_092.nc|2024-09-09T14:45:27Z|22.29339|-96.42927,aoml/4903546/profiles/D4903546_092.nc,4903546,4903546,22.29339,-96.42927,2024-09-09T14:45:27Z,20240909,2024,1012,1.0,2013.72,39.0494,True,True,True,https://noaa-nws-rtofs-pds.s3.amazonaws.com/rtofs.20240909/rtofs_glo_3dz_f006_6hrly_hvr_US_east.nc
ARGO_GDAC,pfl,aoml/4903546/profiles/D4903546_092.nc|2024-09-09T14:45:27Z|22.29339|-96.42927,aoml/4903546/profiles/D4903546_092.nc,4903546,4903546,22.29339,-96.42927,2024-09-09T14:45:27Z,20240909,2024,976,0.64,99.92,39.5147,True,True,True,https://noaa-nws-rtofs-pds.s3.amazonaws.com/rtofs.20240909/rtofs_glo_3dz_f006_6hrly_hvr_US_east.nc
ARGO_GDAC,pfl,aoml/4903546/profiles/D4903546_093.nc|2024-09-14T15:24:02Z|22.18036|-96.42907,aoml/4903546/profiles/D4903546_093.nc,4903546,4903546,22.18036,-96.42907,2024-09-14T15:24:02Z,20240914,2024,1009,0.48,2006.28,24.8065,True,True,True,https://noaa-nws-rtofs-pds.s3.amazonaws.com/rtofs.20240914/rtofs_glo_3dz_f006_6hrly_hvr_US_east.nc
ARGO_GDAC,pfl,aoml/4903546/profiles/D4903546_093.nc|2024-09-14T15:24:02Z|22.18036|-96.42907,aoml/4903546/profiles/D4903546_093.nc,4903546,4903546,22.18036,-96.42907,2024-09-14T15:24:02Z,20240914,2024,776,0.48,99.96,24.38,True,True,True,https://noaa-nws-rtofs-pds.s3.amazonaws.com/rtofs.20240914/rtofs_glo_3dz_f006_6hrly_hvr_US_east.nc
ARGO_GDAC,pfl,aoml/4903546/profiles/D4903546_094.nc|2024-09-19T16:00:44Z|22.04227|-96.44061,aoml/4903546/profiles/D4903546_094.nc,4903546,4903546,22.04227,-96.44061,2024-09-19T16:00:44Z,20240919,2024,1010,1.08,2009.8,20.0112,True,True,True,https://noaa-nws-rtofs-pds.s3.amazonaws.com/rtofs.20240919/rtofs_glo_3dz_f006_6hrly_hvr_US_east.nc
ARGO_GDAC,pfl,aoml/4903546/profiles/D4903546_094.nc|2024-09-19T16:00:44Z|22.04227|-96.44061,aoml/4903546/profiles/D4903546_094.nc,4903546,4903546,22.04227,-96.44061,2024-09-19T16:00:44Z,20240919,2024,837,0.6,99.96,19.5394,True,True,True,https://noaa-nws-rtofs-pds.s3.amazonaws.com/rtofs.20240919/rtofs_glo_3dz_f006_6hrly_hvr_US_east.nc
ARGO_GDAC,pfl,aoml/4903546/profiles/D4903546_095.nc|2024-09-24T16:38:11Z|21.79836|-96.37093,aoml/4903546/profiles/D4903546_095.nc,4903546,4903546,21.79836,-96.37093,2024-09-24T16:38:11Z,20240924,2024,1010,0.48,2007.68,22.046,True,True,True,https://noaa-nws-rtofs-pds.s3.amazonaws.com/rtofs.20240924/rtofs_glo_3dz_f006_6hrly_hvr_US_east.nc
ARGO_GDAC,pfl,aoml/4903546/profiles/D4903546_095.nc|2024-09-24T16:38:11Z|21.79836|-96.37093,aoml/4903546/profiles/D4903546_095.nc,4903546,4903546,21.79836,-96.37093,2024-09-24T16:38:11Z,20240924,2024,865,0.48,99.96,22.12,True,True,True,https://noaa-nws-rtofs-pds.s3.amazonaws.com/rtofs.20240924/rtofs_glo_3dz_f006_6hrly_hvr_US_east.nc
ARGO_GDAC,pfl,aoml/4903546/profiles/D4903546_096.nc|2024-09-29T17:52:17Z|21.59036|-96.38342,aoml/4903546/profiles/D4903546_096.nc,4903546,4903546,21.59036,-96.38342,2024-09-29T17:52:17Z,20240929,2024,951,0.48,1890.76,31.0595,True,True,True,https://noaa-nws-rtofs-pds.s3.amazonaws.com/rtofs.20240929/rtofs_glo_3dz_f006_6hrly_hvr_US_east.nc
ARGO_GDAC,pfl,aoml/4903546/profiles/D4903546_096.nc|2024-09-29T17:52:17Z|21.59036|-96.38342,aoml/4903546/profiles/D4903546_096.nc,4903546,4903546,21.59036,-96.38342,2024-09-29T17:52:17Z,20240929,2024,778,0.48,99.92,31.6082,True,True,True,https://noaa-nws-rtofs-pds.s3.amazonaws.com/rtofs.20240929/rtofs_glo_3dz_f006_6hrly_hvr_US_east.nc
ARGO_GDAC,pfl,aoml/4903546/profiles/D4903546_097.nc|2024-10-04T19:19:31Z|21.58425|-96.36990,aoml/4903546/profiles/D4903546_097.nc,4903546,4903546,21.58425,-96.3699,2024-10-04T19:19:31Z,20241004,2024,936,1.04,1861.6,38.1489,True,True,True,https://noaa-nws-rtofs-pds.s3.amazonaws.com/rtofs.20241004/rtofs_glo_3dz_f006_6hrly_hvr_US_east.nc
ARGO_GDAC,pfl,aoml/4903546/profiles/D4903546_097.nc|2024-10-04T19:19:31Z|21.58425|-96.36990,aoml/4903546/profiles/D4903546_097.nc,4903546,4903546,21.58425,-96.3699,2024-10-04T19:19:31Z,20241004,2024,950,0.64,99.88,38.9275,True,True,True,https://noaa-nws-rtofs-pds.s3.amazonaws.com/rtofs.20241004/rtofs_glo_3dz_f006_6hrly_hvr_US_east.nc
ARGO_GDAC,pfl,aoml/4903546/profiles/D4903546_098.nc|2024-10-09T20:38:24Z|21.66424|-96.40131,aoml/4903546/profiles/D4903546_098.nc,4903546,4903546,21.66424,-96.40131,2024-10-09T20:38:24Z,20241009,2024,952,0.96,1893.56,18.9686,True,True,True,https://noaa-nws-rtofs-pds.s3.amazonaws.com/rtofs.20241009/rtofs_glo_3dz_f006_6hrly_hvr_US_east.nc
ARGO_GDAC,pfl,aoml/4903546/profiles/D4903546_098.nc|2024-10-09T20:38:24Z|21.66424|-96.40131,aoml/4903546/profiles/D4903546_098.nc,4903546,4903546,21.66424,-96.40131,2024-10-09T20:38:24Z,20241009,2024,829,0.6,99.92,19.3999,True,True,True,https://noaa-nws-rtofs-pds.s3.amazonaws.com/rtofs.20241009/rtofs_glo_3dz_f006_6hrly_hvr_US_east.nc
ARGO_GDAC,pfl,aoml/4903546/profiles/D4903546_099.nc|2024-10-14T21:52:26Z|21.65214|-96.36685,aoml/4903546/profiles/D4903546_099.nc,4903546,4903546,21.65214,-96.36685,2024-10-14T21:52:26Z,20241014,2024,911,0.96,1812.88,29.3489,True,True,True,https://noaa-nws-rtofs-pds.s3.amazonaws.com/rtofs.20241014/rtofs_glo_3dz_f006_6hrly_hvr_US_east.nc
ARGO_GDAC,pfl,aoml/4903546/profiles/D4903546_099.nc|2024-10-14T21:52:26Z|21.65214|-96.36685,aoml/4903546/profiles/D4903546_099.nc,4903546,4903546,21.65214,-96.36685,2024-10-14T21:52:26Z,20241014,2024,789,0.56,99.92,30.0739,True,True,True,https://noaa-nws-rtofs-pds.s3.amazonaws.com/rtofs.20241014/rtofs_glo_3dz_f006_6hrly_hvr_US_east.nc
ARGO_GDAC,pfl,aoml/4903546/profiles/D4903546_100.nc|2024-10-19T22:28:07Z|21.35271|-96.26345,aoml/4903546/profiles/D4903546_100.nc,4903546,4903546,21.35271,-96.26345,2024-10-19T22:28:07Z,20241019,2024,1011,0.96,2011.68,37.8175,True,True,True,https://noaa-nws-rtofs-pds.s3.amazonaws.com/rtofs.20241019/rtofs_glo_3dz_f006_6hrly_hvr_US_east.nc
ARGO_GDAC,pfl,aoml/4903546/profiles/D4903546_100.nc|2024-10-19T22:28:07Z|21.35271|-96.26345,aoml/4903546/profiles/D4903546_100.nc,4903546,4903546,21.35271,-96.26345,2024-10-19T22:28:07Z,20241019,2024,745,0.52,99.92,38.4112,True,True,True,https://noaa-nws-rtofs-pds.s3.amazonaws.com/rtofs.20241019/rtofs_glo_3dz_f006_6hrly_hvr_US_east.nc
ARGO_GDAC,pfl,aoml/4903546/profiles/D4903546_101.nc|2024-10-24T23:44:51Z|21.13038|-96.16260,aoml/4903546/profiles/D4903546_101.nc,4903546,4903546,21.13038,-96.1626,2024-10-24T23:44:51Z,20241024,2024,970,0.48,1928.08,34.5313,True,True,True,https://noaa-nws-rtofs-pds.s3.amazonaws.com/rtofs.20241024/rtofs_glo_3dz_f006_6hrly_hvr_US_east.nc
ARGO_GDAC,pfl,aoml/4903546/profiles/D4903546_101.nc|2024-10-24T23:44:51Z|21.13038|-96.16260,aoml/4903546/profiles/D4903546_101.nc,4903546,4903546,21.13038,-96.1626,2024-10-24T23:44:51Z,20241024,2024,737,0.44,99.96,35.3417,True,True,True,https://noaa-nws-rtofs-pds.s3.amazonaws.com/rtofs.20241024/rtofs_glo_3dz_f006_6hrly_hvr_US_east.nc
ARGO_GDAC,pfl,aoml/4903546/profiles/D4903546_102.nc|2024-10-30T01:06:19Z|21.14759|-96.17785,aoml/4903546/profiles/D4903546_102.nc,4903546,4903546,21.14759,-96.17785,2024-10-30T01:06:19Z,20241030,2024,974,0.96,1938.84,36.7278,True,True,True,https://noaa-nws-rtofs-pds.s3.amazonaws.com/rtofs.20241030/rtofs_glo_3dz_f006_6hrly_hvr_US_east.nc
ARGO_GDAC,pfl,aoml/4903546/profiles/D4903546_102.nc|2024-10-30T01:06:19Z|21.14759|-96.17785,aoml/4903546/profiles/D4903546_102.nc,4903546,4903546,21.14759,-96.17785,2024-10-30T01:06:19Z,20241030,2024,781,0.56,99.88,37.3468,True,True,True,https://noaa-nws-rtofs-pds.s3.amazonaws.com/rtofs.20241030/rtofs_glo_3dz_f006_6hrly_hvr_US_east.nc
ARGO_GDAC,pfl,aoml/4903546/profiles/D4903546_103.nc|2024-11-04T01:46:23Z|21.24101|-96.19458,aoml/4903546/profiles/D4903546_103.nc,4903546,4903546,21.24101,-96.19458,2024-11-04T01:46:23Z,20241104,2024,1014,0.4,2016.08,43.5581,True,True,True,https://noaa-nws-rtofs-pds.s3.amazonaws.com/rtofs.20241104/rtofs_glo_3dz_f006_6hrly_hvr_US_east.nc
ARGO_GDAC,pfl,aoml/4903546/profiles/D4903546_103.nc|2024-11-04T01:46:23Z|21.24101|-96.19458,aoml/4903546/profiles/D4903546_103.nc,4903546,4903546,21.24101,-96.19458,2024-11-04T01:46:23Z,20241104,2024,835,0.4,99.96,44.1619,True,True,True,https://noaa-nws-rtofs-pds.s3.amazonaws.com/rtofs.20241104/rtofs_glo_3dz_f006_6hrly_hvr_US_east.nc
ARGO_GDAC,pfl,aoml/4903546/profiles/D4903546_104.nc|2024-11-09T02:20:36Z|21.27400|-96.19911,aoml/4903546/profiles/D4903546_104.nc,4903546,4903546,21.274,-96.19911,2024-11-09T02:20:36Z,20241109,2024,1012,0.48,2012.64,26.431,True,True,True,https://noaa-nws-rtofs-pds.s3.amazonaws.com/rtofs.20241109/rtofs_glo_3dz_f006_6hrly_hvr_US_east.nc
ARGO_GDAC,pfl,aoml/4903546/profiles/D4903546_104.nc|2024-11-09T02:20:36Z|21.27400|-96.19911,aoml/4903546/profiles/D4903546_104.nc,4903546,4903546,21.274,-96.19911,2024-11-09T02:20:36Z,20241109,2024,814,0.48,99.96,26.3107,True,True,True,https://noaa-nws-rtofs-pds.s3.amazonaws.com/rtofs.20241109/rtofs_glo_3dz_f006_6hrly_hvr_US_east.nc
ARGO_GDAC,pfl,aoml/4903546/profiles/D4903546_105.nc|2024-11-14T02:58:43Z|21.16280|-96.22295,aoml/4903546/profiles/D4903546_105.nc,4903546,4903546,21.1628,-96.22295,2024-11-14T02:58:43Z,20241114,2024,1012,0.48,2011.76,48.3553,True,True,True,https://noaa-nws-rtofs-pds.s3.amazonaws.com/rtofs.20241114/rtofs_glo_3dz_f006_6hrly_hvr_US_east.nc
ARGO_GDAC,pfl,aoml/4903546/profiles/D4903546_105.nc|2024-11-14T02:58:43Z|21.16280|-96.22295,aoml/4903546/profiles/D4903546_105.nc,4903546,4903546,21.1628,-96.22295,2024-11-14T02:58:43Z,20241114,2024,812,0.48,100.0,48.6833,True,True,True,https://noaa-nws-rtofs-pds.s3.amazonaws.com/rtofs.20241114/rtofs_glo_3dz_f006_6hrly_hvr_US_east.nc
ARGO_GDAC,pfl,aoml/4903546/profiles/D4903546_106.nc|2024-11-19T04:33:36Z|20.95480|-96.22264,aoml/4903546/profiles/D4903546_106.nc,4903546,4903546,20.9548,-96.22264,2024-11-19T04:33:36Z,20241119,2024,988,0.44,1964.56,11.5876,True,True,True,https://noaa-nws-rtofs-pds.s3.amazonaws.com/rtofs.20241119/rtofs_glo_3dz_f006_6hrly_hvr_US_east.nc
ARGO_GDAC,pfl,aoml/4903546/profiles/D4903546_106.nc|2024-11-19T04:33:36Z|20.95480|-96.22264,aoml/4903546/profiles/D4903546_106.nc,4903546,4903546,20.9548,-96.22264,2024-11-19T04:33:36Z,20241119,2024,762,0.44,99.88,10.7311,True,True,True,https://noaa-nws-rtofs-pds.s3.amazonaws.com/rtofs.20241119/rtofs_glo_3dz_f006_6hrly_hvr_US_east.nc
ARGO_GDAC,pfl,aoml/4903546/profiles/D4903546_107.nc|2024-11-24T05:50:08Z|20.74970|-96.20933,aoml/4903546/profiles/D4903546_107.nc,4903546,4903546,20.7497,-96.20933,2024-11-24T05:50:08Z,20241124,2024,929,0.44,1845.6,11.9832,True,True,True,https://noaa-nws-rtofs-pds.s3.amazonaws.com/rtofs.20241124/rtofs_glo_3dz_f006_6hrly_hvr_US_east.nc
ARGO_GDAC,pfl,aoml/4903546/profiles/D4903546_107.nc|2024-11-24T05:50:08Z|20.74970|-96.20933,aoml/4903546/profiles/D4903546_107.nc,4903546,4903546,20.7497,-96.20933,2024-11-24T05:50:08Z,20241124,2024,765,0.44,99.88,11.2841,True,True,True,https://noaa-nws-rtofs-pds.s3.amazonaws.com/rtofs.20241124/rtofs_glo_3dz_f006_6hrly_hvr_US_east.nc
ARGO_GDAC,pfl,aoml/4903546/profiles/D4903546_108.nc|2024-11-29T07:04:13Z|20.63268|-96.11489,aoml/4903546/profiles/D4903546_108.nc,4903546,4903546,20.63268,-96.11489,2024-11-29T07:04:13Z,20241129,2024,946,0.96,1881.68,36.6603,True,True,True,https://noaa-nws-rtofs-pds.s3.amazonaws.com/rtofs.20241129/rtofs_glo_3dz_f006_6hrly_hvr_US_east.nc
ARGO_GDAC,pfl,aoml/4903546/profiles/D4903546_108.nc|2024-11-29T07:04:13Z|20.63268|-96.11489,aoml/4903546/profiles/D4903546_108.nc,4903546,4903546,20.63268,-96.11489,2024-11-29T07:04:13Z,20241129,2024,746,0.52,99.88,37.7619,True,True,True,https://noaa-nws-rtofs-pds.s3.amazonaws.com/rtofs.20241129/rtofs_glo_3dz_f006_6hrly_hvr_US_east.nc
ARGO_GDAC,pfl,aoml/4903546/profiles/D4903546_109.nc|2024-12-04T07:59:18Z|20.64201|-96.05858,aoml/4903546/profiles/D4903546_109.nc,4903546,4903546,20.64201,-96.05858,2024-12-04T07:59:18Z,20241204,2024,865,1.0,1720.6,29.3538,True,True,True,https://noaa-nws-rtofs-pds.s3.amazonaws.com/rtofs.20241204/rtofs_glo_3dz_f006_6hrly_hvr_US_east.nc
ARGO_GDAC,pfl,aoml/4903546/profiles/D4903546_109.nc|2024-12-04T07:59:18Z|20.64201|-96.05858,aoml/4903546/profiles/D4903546_109.nc,4903546,4903546,20.64201,-96.05858,2024-12-04T07:59:18Z,20241204,2024,760,0.6,99.8,29.8259,True,True,True,https://noaa-nws-rtofs-pds.s3.amazonaws.com/rtofs.20241204/rtofs_glo_3dz_f006_6hrly_hvr_US_east.nc
ARGO_GDAC,pfl,aoml/4903546/profiles/D4903546_110.nc|2024-12-09T08:39:41Z|20.83286|-96.04249,aoml/4903546/profiles/D4903546_110.nc,4903546,4903546,20.83286,-96.04249,2024-12-09T08:39:41Z,20241209,2024,841,1.04,1671.12,34.7494,True,True,True,https://noaa-nws-rtofs-pds.s3.amazonaws.com/rtofs.20241209/rtofs_glo_3dz_f006_6hrly_hvr_US_east.nc
ARGO_GDAC,pfl,aoml/4903546/profiles/D4903546_110.nc|2024-12-09T08:39:41Z|20.83286|-96.04249,aoml/4903546/profiles/D4903546_110.nc,4903546,4903546,20.83286,-96.04249,2024-12-09T08:39:41Z,20241209,2024,807,0.68,100.0,34.8428,True,True,True,https://noaa-nws-rtofs-pds.s3.amazonaws.com/rtofs.20241209/rtofs_glo_3dz_f006_6hrly_hvr_US_east.nc
ARGO_GDAC,pfl,aoml/4903546/profiles/D4903546_111.nc|2024-12-14T09:21:41Z|20.89519|-96.02043,aoml/4903546/profiles/D4903546_111.nc,4903546,4903546,20.89519,-96.02043,2024-12-14T09:21:41Z,20241214,2024,1012,1.12,2014.44,50.742,True,True,True,https://noaa-nws-rtofs-pds.s3.amazonaws.com/rtofs.20241214/rtofs_glo_3dz_f006_6hrly_hvr_US_east.nc
ARGO_GDAC,pfl,aoml/4903546/profiles/D4903546_111.nc|2024-12-14T09:21:41Z|20.89519|-96.02043,aoml/4903546/profiles/D4903546_111.nc,4903546,4903546,20.89519,-96.02043,2024-12-14T09:21:41Z,20241214,2024,935,0.64,99.88,50.6349,True,True,True,https://noaa-nws-rtofs-pds.s3.amazonaws.com/rtofs.20241214/rtofs_glo_3dz_f006_6hrly_hvr_US_east.nc
ARGO_GDAC,pfl,aoml/4903546/profiles/D4903546_112.nc|2024-12-19T09:59:52Z|20.75700|-96.01140,aoml/4903546/profiles/D4903546_112.nc,4903546,4903546,20.757,-96.0114,2024-12-19T09:59:52Z,20241219,2024,1011,0.4,2010.08,39.4637,True,True,True,https://noaa-nws-rtofs-pds.s3.amazonaws.com/rtofs.20241219/rtofs_glo_3dz_f006_6hrly_hvr_US_east.nc
ARGO_GDAC,pfl,aoml/4903546/profiles/D4903546_112.nc|2024-12-19T09:59:52Z|20.75700|-96.01140,aoml/4903546/profiles/D4903546_112.nc,4903546,4903546,20.757,-96.0114,2024-12-19T09:59:52Z,20241219,2024,727,0.36,99.88,39.8114,True,True,True,https://noaa-nws-rtofs-pds.s3.amazonaws.com/rtofs.20241219/rtofs_glo_3dz_f006_6hrly_hvr_US_east.nc
ARGO_GDAC,pfl,aoml/4903546/profiles/D4903546_113.nc|2024-12-24T10:33:16Z|20.69110|-96.01482,aoml/4903546/profiles/D4903546_113.nc,4903546,4903546,20.6911,-96.01482,2024-12-24T10:33:16Z,20241224,2024,1011,0.48,2010.04,47.9399,True,True,True,https://noaa-nws-rtofs-pds.s3.amazonaws.com/rtofs.20241224/rtofs_glo_3dz_f006_6hrly_hvr_US_east.nc
ARGO_GDAC,pfl,aoml/4903546/profiles/D4903546_113.nc|2024-12-24T10:33:16Z|20.69110|-96.01482,aoml/4903546/profiles/D4903546_113.nc,4903546,4903546,20.6911,-96.01482,2024-12-24T10:33:16Z,20241224,2024,749,0.48,99.92,47.9545,True,True,True,https://noaa-nws-rtofs-pds.s3.amazonaws.com/rtofs.20241224/rtofs_glo_3dz_f006_6hrly_hvr_US_east.nc
ARGO_GDAC,pfl,aoml/4903546/profiles/D4903546_114.nc|2024-12-29T11:42:35Z|20.63500|-96.03133,aoml/4903546/profiles/D4903546_114.nc,4903546,4903546,20.635,-96.03133,2024-12-29T11:42:35Z,20241229,2024,922,1.04,1835.04,39.4968,True,True,True,https://noaa-nws-rtofs-pds.s3.amazonaws.com/rtofs.20241229/rtofs_glo_3dz_f006_6hrly_hvr_US_east.nc
ARGO_GDAC,pfl,aoml/4903546/profiles/D4903546_114.nc|2024-12-29T11:42:35Z|20.63500|-96.03133,aoml/4903546/profiles/D4903546_114.nc,4903546,4903546,20.635,-96.03133,2024-12-29T11:42:35Z,20241229,2024,800,0.6,99.96,39.76,True,True,True,https://noaa-nws-rtofs-pds.s3.amazonaws.com/rtofs.20241229/rtofs_glo_3dz_f006_6hrly_hvr_US_east.nc
ARGO_GDAC,pfl,aoml/4903546/profiles/D4903546_115.nc|2025-01-03T13:02:35Z|20.50601|-96.00211,aoml/4903546/profiles/D4903546_115.nc,4903546,4903546,20.50601,-96.00211,2025-01-03T13:02:35Z,20250103,2025,976,1.0,1943.6,39.7478,True,True,True,https://noaa-nws-rtofs-pds.s3.amazonaws.com/rtofs.20250103/rtofs_glo_3dz_f006_6hrly_hvr_US_east.nc
ARGO_GDAC,pfl,aoml/4903546/profiles/D4903546_115.nc|2025-01-03T13:02:35Z|20.50601|-96.00211,aoml/4903546/profiles/D4903546_115.nc,4903546,4903546,20.50601,-96.00211,2025-01-03T13:02:35Z,20250103,2025,779,0.72,99.92,39.9552,True,True,True,https://noaa-nws-rtofs-pds.s3.amazonaws.com/rtofs.20250103/rtofs_glo_3dz_f006_6hrly_hvr_US_east.nc
ARGO_GDAC,pfl,aoml/4903546/profiles/D4903546_116.nc|2025-01-08T14:29:14Z|20.11620|-96.02234,aoml/4903546/profiles/D4903546_116.nc,4903546,4903546,20.1162,-96.02234,2025-01-08T14:29:14Z,20250108,2025,984,0.36,1956.28,48.094,True,True,True,https://noaa-nws-rtofs-pds.s3.amazonaws.com/rtofs.20250108/rtofs_glo_3dz_f006_6hrly_hvr_US_east.nc
ARGO_GDAC,pfl,aoml/4903546/profiles/D4903546_116.nc|2025-01-08T14:29:14Z|20.11620|-96.02234,aoml/4903546/profiles/D4903546_116.nc,4903546,4903546,20.1162,-96.02234,2025-01-08T14:29:14Z,20250108,2025,899,0.36,99.84,47.9591,True,True,True,https://noaa-nws-rtofs-pds.s3.amazonaws.com/rtofs.20250108/rtofs_glo_3dz_f006_6hrly_hvr_US_east.nc
ARGO_GDAC,pfl,aoml/4903546/profiles/D4903546_117.nc|2025-01-13T15:28:36Z|19.80756|-95.77277,aoml/4903546/profiles/D4903546_117.nc,4903546,4903546,19.80756,-95.77277,2025-01-13T15:28:36Z,20250113,2025,865,1.0,1720.36,56.4634,True,True,True,https://noaa-nws-rtofs-pds.s3.amazonaws.com/rtofs.20250113/rtofs_glo_3dz_f006_6hrly_hvr_US_east.nc
ARGO_GDAC,pfl,aoml/4903546/profiles/D4903546_117.nc|2025-01-13T15:28:36Z|19.80756|-95.77277,aoml/4903546/profiles/D4903546_117.nc,4903546,4903546,19.80756,-95.77277,2025-01-13T15:28:36Z,20250113,2025,788,0.56,100.0,57.1367,True,True,True,https://noaa-nws-rtofs-pds.s3.amazonaws.com/rtofs.20250113/rtofs_glo_3dz_f006_6hrly_hvr_US_east.nc
ARGO_GDAC,pfl,aoml/4903546/profiles/D4903546_118.nc|2025-01-18T16:27:37Z|19.47027|-95.51785,aoml/4903546/profiles/D4903546_118.nc,4903546,4903546,19.47027,-95.51785,2025-01-18T16:27:37Z,20250118,2025,881,1.0,1752.52,55.4925,True,True,True,https://noaa-nws-rtofs-pds.s3.amazonaws.com/rtofs.20250118/rtofs_glo_3dz_f006_6hrly_hvr_US_east.nc
ARGO_GDAC,pfl,aoml/4903546/profiles/D4903546_118.nc|2025-01-18T16:27:37Z|19.47027|-95.51785,aoml/4903546/profiles/D4903546_118.nc,4903546,4903546,19.47027,-95.51785,2025-01-18T16:27:37Z,20250118,2025,801,0.6,100.0,55.9619,True,True,True,https://noaa-nws-rtofs-pds.s3.amazonaws.com/rtofs.20250118/rtofs_glo_3dz_f006_6hrly_hvr_US_east.nc
ARGO_GDAC,pfl,aoml/4903546/profiles/D4903546_119.nc|2025-01-23T17:04:58Z|19.26467|-95.20780,aoml/4903546/profiles/D4903546_119.nc,4903546,4903546,19.26467,-95.2078,2025-01-23T17:04:58Z,20250123,2025,1008,1.0,2005.96,67.6973,True,True,True,https://noaa-nws-rtofs-pds.s3.amazonaws.com/rtofs.20250123/rtofs_glo_3dz_f006_6hrly_hvr_US_east.nc
ARGO_GDAC,pfl,aoml/4903546/profiles/D4903546_119.nc|2025-01-23T17:04:58Z|19.26467|-95.20780,aoml/4903546/profiles/D4903546_119.nc,4903546,4903546,19.26467,-95.2078,2025-01-23T17:04:58Z,20250123,2025,746,0.52,99.84,65.7188,True,True,True,https://noaa-nws-rtofs-pds.s3.amazonaws.com/rtofs.20250123/rtofs_glo_3dz_f006_6hrly_hvr_US_east.nc
ARGO_GDAC,pfl,aoml/4903546/profiles/D4903546_120.nc|2025-01-28T18:33:59Z|19.23694|-94.97752,aoml/4903546/profiles/D4903546_120.nc,4903546,4903546,19.23694,-94.97752,2025-01-28T18:33:59Z,20250128,2025,970,0.96,1930.8,32.6842,True,True,True,https://noaa-nws-rtofs-pds.s3.amazonaws.com/rtofs.20250128/rtofs_glo_3dz_f006_6hrly_hvr_US_east.nc
ARGO_GDAC,pfl,aoml/4903546/profiles/D4903546_120.nc|2025-01-28T18:33:59Z|19.23694|-94.97752,aoml/4903546/profiles/D4903546_120.nc,4903546,4903546,19.23694,-94.97752,2025-01-28T18:33:59Z,20250128,2025,782,0.52,99.96,32.6509,True,True,True,https://noaa-nws-rtofs-pds.s3.amazonaws.com/rtofs.20250128/rtofs_glo_3dz_f006_6hrly_hvr_US_east.nc
ARGO_GDAC,pfl,aoml/4903546/profiles/D4903546_121.nc|2025-02-02T19:51:08Z|19.31387|-94.78728,aoml/4903546/profiles/D4903546_121.nc,4903546,4903546,19.31387,-94.78728,2025-02-02T19:51:08Z,20250202,2025,950,1.04,1890.56,31.6756,True,True,True,https://noaa-nws-rtofs-pds.s3.amazonaws.com/rtofs.20250202/rtofs_glo_3dz_f006_6hrly_hvr_US_east.nc
ARGO_GDAC,pfl,aoml/4903546/profiles/D4903546_121.nc|2025-02-02T19:51:08Z|19.31387|-94.78728,aoml/4903546/profiles/D4903546_121.nc,4903546,4903546,19.31387,-94.78728,2025-02-02T19:51:08Z,20250202,2025,803,0.52,99.84,31.5457,True,True,True,https://noaa-nws-rtofs-pds.s3.amazonaws.com/rtofs.20250202/rtofs_glo_3dz_f006_6hrly_hvr_US_east.nc
ARGO_GDAC,pfl,aoml/4903546/profiles/D4903546_122.nc|2025-02-07T20:48:36Z|19.43234|-94.63305,aoml/4903546/profiles/D4903546_122.nc,4903546,4903546,19.43234,-94.63305,2025-02-07T20:48:36Z,20250207,2025,879,1.08,1748.48,14.3429,True,True,True,https://noaa-nws-rtofs-pds.s3.amazonaws.com/rtofs.20250207/rtofs_glo_3dz_f006_6hrly_hvr_US_east.nc
ARGO_GDAC,pfl,aoml/4903546/profiles/D4903546_122.nc|2025-02-07T20:48:36Z|19.43234|-94.63305,aoml/4903546/profiles/D4903546_122.nc,4903546,4903546,19.43234,-94.63305,2025-02-07T20:48:36Z,20250207,2025,765,0.64,99.88,15.5139,True,True,True,https://noaa-nws-rtofs-pds.s3.amazonaws.com/rtofs.20250207/rtofs_glo_3dz_f006_6hrly_hvr_US_east.nc
ARGO_GDAC,pfl,aoml/4903546/profiles/D4903546_123.nc|2025-02-12T21:46:11Z|19.54996|-94.58166,aoml/4903546/profiles/D4903546_123.nc,4903546,4903546,19.54996,-94.58166,2025-02-12T21:46:11Z,20250212,2025,868,1.04,1726.08,12.6601,True,True,True,https://noaa-nws-rtofs-pds.s3.amazonaws.com/rtofs.20250212/rtofs_glo_3dz_f006_6hrly_hvr_US_east.nc
ARGO_GDAC,pfl,aoml/4903546/profiles/D4903546_123.nc|2025-02-12T21:46:11Z|19.54996|-94.58166,aoml/4903546/profiles/D4903546_123.nc,4903546,4903546,19.54996,-94.58166,2025-02-12T21:46:11Z,20250212,2025,892,0.64,99.96,12.8991,True,True,True,https://noaa-nws-rtofs-pds.s3.amazonaws.com/rtofs.20250212/rtofs_glo_3dz_f006_6hrly_hvr_US_east.nc
ARGO_GDAC,pfl,aoml/4903546/profiles/D4903546_124.nc|2025-02-17T22:46:02Z|19.63102|-94.53470,aoml/4903546/profiles/D4903546_124.nc,4903546,4903546,19.63102,-94.5347,2025-02-17T22:46:02Z,20250217,2025,888,1.04,1766.36,16.8989,True,True,True,https://noaa-nws-rtofs-pds.s3.amazonaws.com/rtofs.20250217/rtofs_glo_3dz_f006_6hrly_hvr_US_east.nc
ARGO_GDAC,pfl,aoml/4903546/profiles/D4903546_124.nc|2025-02-17T22:46:02Z|19.63102|-94.53470,aoml/4903546/profiles/D4903546_124.nc,4903546,4903546,19.63102,-94.5347,2025-02-17T22:46:02Z,20250217,2025,851,0.6,99.92,17.3733,True,True,True,https://noaa-nws-rtofs-pds.s3.amazonaws.com/rtofs.20250217/rtofs_glo_3dz_f006_6hrly_hvr_US_east.nc
ARGO_GDAC,pfl,aoml/4903546/profiles/D4903546_125.nc|2025-02-22T23:33:22Z|19.58669|-94.53825,aoml/4903546/profiles/D4903546_125.nc,4903546,4903546,19.58669,-94.53825,2025-02-22T23:33:22Z,20250222,2025,862,1.12,1714.4,40.1035,True,True,True,https://noaa-nws-rtofs-pds.s3.amazonaws.com/rtofs.20250222/rtofs_glo_3dz_f006_6hrly_hvr_US_east.nc
ARGO_GDAC,pfl,aoml/4903546/profiles/D4903546_125.nc|2025-02-22T23:33:22Z|19.58669|-94.53825,aoml/4903546/profiles/D4903546_125.nc,4903546,4903546,19.58669,-94.53825,2025-02-22T23:33:22Z,20250222,2025,787,0.72,99.96,40.56,True,True,True,https://noaa-nws-rtofs-pds.s3.amazonaws.com/rtofs.20250222/rtofs_glo_3dz_f006_6hrly_hvr_US_east.nc
ARGO_GDAC,pfl,aoml/4903546/profiles/D4903546_126.nc|2025-02-28T00:39:14Z|19.69081|-94.44709,aoml/4903546/profiles/D4903546_126.nc,4903546,4903546,19.69081,-94.44709,2025-02-28T00:39:14Z,20250228,2025,893,1.08,1776.6,34.1646,True,True,True,https://noaa-nws-rtofs-pds.s3.amazonaws.com/rtofs.20250228/rtofs_glo_3dz_f006_6hrly_hvr_US_east.nc
ARGO_GDAC,pfl,aoml/4903546/profiles/D4903546_126.nc|2025-02-28T00:39:14Z|19.69081|-94.44709,aoml/4903546/profiles/D4903546_126.nc,4903546,4903546,19.69081,-94.44709,2025-02-28T00:39:14Z,20250228,2025,934,0.64,99.92,34.3829,True,True,True,https://noaa-nws-rtofs-pds.s3.amazonaws.com/rtofs.20250228/rtofs_glo_3dz_f006_6hrly_hvr_US_east.nc
ARGO_GDAC,pfl,aoml/4903546/profiles/D4903546_127.nc|2025-03-05T01:43:34Z|20.04008|-94.31228,aoml/4903546/profiles/D4903546_127.nc,4903546,4903546,20.04008,-94.31228,2025-03-05T01:43:34Z,20250305,2025,901,1.04,1792.72,18.8491,True,True,True,https://noaa-nws-rtofs-pds.s3.amazonaws.com/rtofs.20250305/rtofs_glo_3dz_f006_6hrly_hvr_US_east.nc
ARGO_GDAC,pfl,aoml/4903546/profiles/D4903546_127.nc|2025-03-05T01:43:34Z|20.04008|-94.31228,aoml/4903546/profiles/D4903546_127.nc,4903546,4903546,20.04008,-94.31228,2025-03-05T01:43:34Z,20250305,2025,859,0.6,99.96,18.88,True,True,True,https://noaa-nws-rtofs-pds.s3.amazonaws.com/rtofs.20250305/rtofs_glo_3dz_f006_6hrly_hvr_US_east.nc
ARGO_GDAC,pfl,aoml/4903546/profiles/D4903546_128.nc|2025-03-10T02:19:19Z|20.17369|-94.12331,aoml/4903546/profiles/D4903546_128.nc,4903546,4903546,20.17369,-94.12331,2025-03-10T02:19:19Z,20250310,2025,809,1.04,1608.76,26.8273,True,True,True,https://noaa-nws-rtofs-pds.s3.amazonaws.com/rtofs.20250310/rtofs_glo_3dz_f006_6hrly_hvr_US_east.nc
ARGO_GDAC,pfl,aoml/4903546/profiles/D4903546_128.nc|2025-03-10T02:19:19Z|20.17369|-94.12331,aoml/4903546/profiles/D4903546_128.nc,4903546,4903546,20.17369,-94.12331,2025-03-10T02:19:19Z,20250310,2025,731,0.72,99.88,27.1453,True,True,True,https://noaa-nws-rtofs-pds.s3.amazonaws.com/rtofs.20250310/rtofs_glo_3dz_f006_6hrly_hvr_US_east.nc
ARGO_GDAC,pfl,aoml/4903546/profiles/D4903546_129.nc|2025-03-15T02:56:28Z|20.18032|-94.18262,aoml/4903546/profiles/D4903546_129.nc,4903546,4903546,20.18032,-94.18262,2025-03-15T02:56:28Z,20250315,2025,774,1.04,1537.92,13.7959,True,True,True,https://noaa-nws-rtofs-pds.s3.amazonaws.com/rtofs.20250315/rtofs_glo_3dz_f006_6hrly_hvr_US_east.nc
ARGO_GDAC,pfl,aoml/4903546/profiles/D4903546_129.nc|2025-03-15T02:56:28Z|20.18032|-94.18262,aoml/4903546/profiles/D4903546_129.nc,4903546,4903546,20.18032,-94.18262,2025-03-15T02:56:28Z,20250315,2025,796,0.6,100.0,13.6726,True,True,True,https://noaa-nws-rtofs-pds.s3.amazonaws.com/rtofs.20250315/rtofs_glo_3dz_f006_6hrly_hvr_US_east.nc
ARGO_GDAC,pfl,aoml/4903546/profiles/D4903546_130.nc|2025-03-20T03:11:17Z|20.22395|-94.17480,aoml/4903546/profiles/D4903546_130.nc,4903546,4903546,20.22395,-94.1748,2025-03-20T03:11:17Z,20250320,2025,709,0.96,1408.44,24.8698,True,True,True,https://noaa-nws-rtofs-pds.s3.amazonaws.com/rtofs.20250320/rtofs_glo_3dz_f006_6hrly_hvr_US_east.nc
ARGO_GDAC,pfl,aoml/4903546/profiles/D4903546_130.nc|2025-03-20T03:11:17Z|20.22395|-94.17480,aoml/4903546/profiles/D4903546_130.nc,4903546,4903546,20.22395,-94.1748,2025-03-20T03:11:17Z,20250320,2025,741,0.6,99.84,25.74,True,True,True,https://noaa-nws-rtofs-pds.s3.amazonaws.com/rtofs.20250320/rtofs_glo_3dz_f006_6hrly_hvr_US_east.nc
ARGO_GDAC,pfl,aoml/4903546/profiles/D4903546_131.nc|2025-03-25T03:54:18Z|20.27502|-94.23436,aoml/4903546/profiles/D4903546_131.nc,4903546,4903546,20.27502,-94.23436,2025-03-25T03:54:18Z,20250325,2025,875,1.16,1740.76,48.1443,True,True,True,https://noaa-nws-rtofs-pds.s3.amazonaws.com/rtofs.20250325/rtofs_glo_3dz_f006_6hrly_hvr_US_east.nc
ARGO_GDAC,pfl,aoml/4903546/profiles/D4903546_131.nc|2025-03-25T03:54:18Z|20.27502|-94.23436,aoml/4903546/profiles/D4903546_131.nc,4903546,4903546,20.27502,-94.23436,2025-03-25T03:54:18Z,20250325,2025,776,0.92,100.0,48.208,True,True,True,https://noaa-nws-rtofs-pds.s3.amazonaws.com/rtofs.20250325/rtofs_glo_3dz_f006_6hrly_hvr_US_east.nc
ARGO_GDAC,pfl,aoml/4903546/profiles/D4903546_132.nc|2025-03-30T04:33:38Z|20.32985|-94.22377,aoml/4903546/profiles/D4903546_132.nc,4903546,4903546,20.32985,-94.22377,2025-03-30T04:33:38Z,20250330,2025,869,1.04,1727.36,17.4888,True,True,True,https://noaa-nws-rtofs-pds.s3.amazonaws.com/rtofs.20250330/rtofs_glo_3dz_f006_6hrly_hvr_US_east.nc
ARGO_GDAC,pfl,aoml/4903546/profiles/D4903546_132.nc|2025-03-30T04:33:38Z|20.32985|-94.22377,aoml/4903546/profiles/D4903546_132.nc,4903546,4903546,20.32985,-94.22377,2025-03-30T04:33:38Z,20250330,2025,745,0.6,99.76,17.4703,True,True,True,https://noaa-nws-rtofs-pds.s3.amazonaws.com/rtofs.20250330/rtofs_glo_3dz_f006_6hrly_hvr_US_east.nc
ARGO_GDAC,pfl,aoml/4903546/profiles/D4903546_133.nc|2025-04-04T05:10:53Z|20.73582|-94.02565,aoml/4903546/profiles/D4903546_133.nc,4903546,4903546,20.73582,-94.02565,2025-04-04T05:10:53Z,20250404,2025,1013,1.0,2015.84,19.028,True,True,True,https://noaa-nws-rtofs-pds.s3.amazonaws.com/rtofs.20250404/rtofs_glo_3dz_f006_6hrly_hvr_US_east.nc
ARGO_GDAC,pfl,aoml/4903546/profiles/D4903546_133.nc|2025-04-04T05:10:53Z|20.73582|-94.02565,aoml/4903546/profiles/D4903546_133.nc,4903546,4903546,20.73582,-94.02565,2025-04-04T05:10:53Z,20250404,2025,853,0.52,99.84,19.288,True,True,True,https://noaa-nws-rtofs-pds.s3.amazonaws.com/rtofs.20250404/rtofs_glo_3dz_f006_6hrly_hvr_US_east.nc
ARGO_GDAC,pfl,aoml/4903546/profiles/D4903546_134.nc|2025-04-09T05:36:01Z|20.99395|-93.71832,aoml/4903546/profiles/D4903546_134.nc,4903546,4903546,20.99395,-93.71832,2025-04-09T05:36:01Z,20250409,2025,1008,1.12,2006.32,53.6801,True,True,True,https://noaa-nws-rtofs-pds.s3.amazonaws.com/rtofs.20250409/rtofs_glo_3dz_f006_6hrly_hvr_US_east.nc
ARGO_GDAC,pfl,aoml/4903546/profiles/D4903546_134.nc|2025-04-09T05:36:01Z|20.99395|-93.71832,aoml/4903546/profiles/D4903546_134.nc,4903546,4903546,20.99395,-93.71832,2025-04-09T05:36:01Z,20250409,2025,799,0.72,99.92,53.88,True,True,True,https://noaa-nws-rtofs-pds.s3.amazonaws.com/rtofs.20250409/rtofs_glo_3dz_f006_6hrly_hvr_US_east.nc
ARGO_GDAC,pfl,aoml/4903546/profiles/D4903546_135.nc|2025-04-14T06:12:56Z|21.04058|-93.48258,aoml/4903546/profiles/D4903546_135.nc,4903546,4903546,21.04058,-93.48258,2025-04-14T06:12:56Z,20250414,2025,1011,1.04,2011.88,44.4561,True,True,True,https://noaa-nws-rtofs-pds.s3.amazonaws.com/rtofs.20250414/rtofs_glo_3dz_f006_6hrly_hvr_US_east.nc
ARGO_GDAC,pfl,aoml/4903546/profiles/D4903546_135.nc|2025-04-14T06:12:56Z|21.04058|-93.48258,aoml/4903546/profiles/D4903546_135.nc,4903546,4903546,21.04058,-93.48258,2025-04-14T06:12:56Z,20250414,2025,795,0.6,99.84,44.536,True,True,True,https://noaa-nws-rtofs-pds.s3.amazonaws.com/rtofs.20250414/rtofs_glo_3dz_f006_6hrly_hvr_US_east.nc
ARGO_GDAC,pfl,aoml/4903546/profiles/D4903546_136.nc|2025-04-19T06:44:48Z|20.98034|-93.30889,aoml/4903546/profiles/D4903546_136.nc,4903546,4903546,20.98034,-93.30889,2025-04-19T06:44:48Z,20250419,2025,1012,1.24,2013.92,47.9815,True,True,True,https://noaa-nws-rtofs-pds.s3.amazonaws.com/rtofs.20250419/rtofs_glo_3dz_f006_6hrly_hvr_US_east.nc
ARGO_GDAC,pfl,aoml/4903546/profiles/D4903546_136.nc|2025-04-19T06:44:48Z|20.98034|-93.30889,aoml/4903546/profiles/D4903546_136.nc,4903546,4903546,20.98034,-93.30889,2025-04-19T06:44:48Z,20250419,2025,810,1.0,99.88,47.9,True,True,True,https://noaa-nws-rtofs-pds.s3.amazonaws.com/rtofs.20250419/rtofs_glo_3dz_f006_6hrly_hvr_US_east.nc
ARGO_GDAC,pfl,aoml/4903546/profiles/D4903546_137.nc|2025-04-24T07:19:17Z|20.84295|-93.28598,aoml/4903546/profiles/D4903546_137.nc,4903546,4903546,20.84295,-93.28598,2025-04-24T07:19:17Z,20250424,2025,1010,1.08,2010.08,29.33,True,True,True,https://noaa-nws-rtofs-pds.s3.amazonaws.com/rtofs.20250424/rtofs_glo_3dz_f006_6hrly_hvr_US_east.nc
ARGO_GDAC,pfl,aoml/4903546/profiles/D4903546_137.nc|2025-04-24T07:19:17Z|20.84295|-93.28598,aoml/4903546/profiles/D4903546_137.nc,4903546,4903546,20.84295,-93.28598,2025-04-24T07:19:17Z,20250424,2025,807,0.68,99.88,29.64,True,True,True,https://noaa-nws-rtofs-pds.s3.amazonaws.com/rtofs.20250424/rtofs_glo_3dz_f006_6hrly_hvr_US_east.nc
ARGO_GDAC,pfl,aoml/4903546/profiles/D4903546_138.nc|2025-04-29T08:07:33Z|20.80807|-93.25791,aoml/4903546/profiles/D4903546_138.nc,4903546,4903546,20.80807,-93.25791,2025-04-29T08:07:33Z,20250429,2025,1011,1.0,2012.12,27.3782,True,True,True,https://noaa-nws-rtofs-pds.s3.amazonaws.com/rtofs.20250429/rtofs_glo_3dz_f006_6hrly_hvr_US_east.nc
ARGO_GDAC,pfl,aoml/4903546/profiles/D4903546_138.nc|2025-04-29T08:07:33Z|20.80807|-93.25791,aoml/4903546/profiles/D4903546_138.nc,4903546,4903546,20.80807,-93.25791,2025-04-29T08:07:33Z,20250429,2025,813,0.68,99.96,26.43,True,True,True,https://noaa-nws-rtofs-pds.s3.amazonaws.com/rtofs.20250429/rtofs_glo_3dz_f006_6hrly_hvr_US_east.nc
ARGO_GDAC,pfl,aoml/4903546/profiles/D4903546_139.nc|2025-05-04T08:47:23Z|20.76920|-93.22483,aoml/4903546/profiles/D4903546_139.nc,4903546,4903546,20.7692,-93.22483,2025-05-04T08:47:23Z,20250504,2025,1008,1.04,2006.56,24.3931,True,True,True,https://noaa-nws-rtofs-pds.s3.amazonaws.com/rtofs.20250504/rtofs_glo_3dz_f006_6hrly_hvr_US_east.nc
ARGO_GDAC,pfl,aoml/4903546/profiles/D4903546_139.nc|2025-05-04T08:47:23Z|20.76920|-93.22483,aoml/4903546/profiles/D4903546_139.nc,4903546,4903546,20.7692,-93.22483,2025-05-04T08:47:23Z,20250504,2025,805,0.68,99.92,24.8266,True,True,True,https://noaa-nws-rtofs-pds.s3.amazonaws.com/rtofs.20250504/rtofs_glo_3dz_f006_6hrly_hvr_US_east.nc
ARGO_GDAC,pfl,aoml/4903546/profiles/D4903546_140.nc|2025-05-09T09:23:12Z|20.70798|-93.17839,aoml/4903546/profiles/D4903546_140.nc,4903546,4903546,20.70798,-93.17839,2025-05-09T09:23:12Z,20250509,2025,1012,1.04,2014.48,24.4226,True,True,True,https://noaa-nws-rtofs-pds.s3.amazonaws.com/rtofs.20250509/rtofs_glo_3dz_f006_6hrly_hvr_US_east.nc
ARGO_GDAC,pfl,aoml/4903546/profiles/D4903546_140.nc|2025-05-09T09:23:12Z|20.70798|-93.17839,aoml/4903546/profiles/D4903546_140.nc,4903546,4903546,20.70798,-93.17839,2025-05-09T09:23:12Z,20250509,2025,826,0.68,100.0,23.86,True,True,True,https://noaa-nws-rtofs-pds.s3.amazonaws.com/rtofs.20250509/rtofs_glo_3dz_f006_6hrly_hvr_US_east.nc
ARGO_GDAC,pfl,aoml/4903546/profiles/D4903546_141.nc|2025-05-14T09:59:50Z|20.65820|-93.15949,aoml/4903546/profiles/D4903546_141.nc,4903546,4903546,20.6582,-93.15949,2025-05-14T09:59:50Z,20250514,2025,1007,1.08,2005.56,24.5713,True,True,True,https://noaa-nws-rtofs-pds.s3.amazonaws.com/rtofs.20250514/rtofs_glo_3dz_f006_6hrly_hvr_US_east.nc
ARGO_GDAC,pfl,aoml/4903546/profiles/D4903546_141.nc|2025-05-14T09:59:50Z|20.65820|-93.15949,aoml/4903546/profiles/D4903546_141.nc,4903546,4903546,20.6582,-93.15949,2025-05-14T09:59:50Z,20250514,2025,769,0.72,99.96,23.84,True,True,True,https://noaa-nws-rtofs-pds.s3.amazonaws.com/rtofs.20250514/rtofs_glo_3dz_f006_6hrly_hvr_US_east.nc
ARGO_GDAC,pfl,aoml/4903546/profiles/R4903546_142.nc|2025-05-19T10:35:57Z|20.65447|-93.10536,aoml/4903546/profiles/R4903546_142.nc,4903546,4903546,20.65447,-93.10536,2025-05-19T10:35:57Z,20250519,2025,1007,1.0,2005.48,20.8186,True,True,True,https://noaa-nws-rtofs-pds.s3.amazonaws.com/rtofs.20250519/rtofs_glo_3dz_f006_6hrly_hvr_US_east.nc
ARGO_GDAC,pfl,aoml/4903546/profiles/R4903546_142.nc|2025-05-19T10:35:57Z|20.65447|-93.10536,aoml/4903546/profiles/R4903546_142.nc,4903546,4903546,20.65447,-93.10536,2025-05-19T10:35:57Z,20250519,2025,618,0.64,99.92,20.4247,True,True,True,https://noaa-nws-rtofs-pds.s3.amazonaws.com/rtofs.20250519/rtofs_glo_3dz_f006_6hrly_hvr_US_east.nc
ARGO_GDAC,pfl,aoml/4903546/profiles/R4903546_143.nc|2025-05-24T11:48:20Z|20.68767|-93.09302,aoml/4903546/profiles/R4903546_143.nc,4903546,4903546,20.68767,-93.09302,2025-05-24T11:48:20Z,20250524,2025,926,0.4,1839.64,16.6312,True,True,True,https://noaa-nws-rtofs-pds.s3.amazonaws.com/rtofs.20250524/rtofs_glo_3dz_f006_6hrly_hvr_US_east.nc
ARGO_GDAC,pfl,aoml/4903546/profiles/R4903546_143.nc|2025-05-24T11:48:20Z|20.68767|-93.09302,aoml/4903546/profiles/R4903546_143.nc,4903546,4903546,20.68767,-93.09302,2025-05-24T11:48:20Z,20250524,2025,598,0.32,99.92,16.5784,True,True,True,https://noaa-nws-rtofs-pds.s3.amazonaws.com/rtofs.20250524/rtofs_glo_3dz_f006_6hrly_hvr_US_east.nc
ARGO_GDAC,pfl,aoml/4903546/profiles/R4903546_144.nc|2025-05-29T13:18:36Z|20.73626|-93.04739,aoml/4903546/profiles/R4903546_144.nc,4903546,4903546,20.73626,-93.04739,2025-05-29T13:18:36Z,20250529,2025,987,1.04,1963.88,25.0338,True,True,True,https://noaa-nws-rtofs-pds.s3.amazonaws.com/rtofs.20250529/rtofs_glo_3dz_f006_6hrly_hvr_US_east.nc
ARGO_GDAC,pfl,aoml/4903546/profiles/R4903546_144.nc|2025-05-29T13:18:36Z|20.73626|-93.04739,aoml/4903546/profiles/R4903546_144.nc,4903546,4903546,20.73626,-93.04739,2025-05-29T13:18:36Z,20250529,2025,619,0.64,99.96,24.9143,True,True,True,https://noaa-nws-rtofs-pds.s3.amazonaws.com/rtofs.20250529/rtofs_glo_3dz_f006_6hrly_hvr_US_east.nc
ARGO_GDAC,pfl,aoml/4903546/profiles/R4903546_145.nc|2025-06-03T14:29:15Z|20.74078|-92.88817,aoml/4903546/profiles/R4903546_145.nc,4903546,4903546,20.74078,-92.88817,2025-06-03T14:29:15Z,20250603,2025,965,0.92,1920.72,13.0894,True,True,True,https://noaa-nws-rtofs-pds.s3.amazonaws.com/rtofs.20250603/rtofs_glo_3dz_f006_6hrly_hvr_US_east.nc
ARGO_GDAC,pfl,aoml/4903546/profiles/R4903546_145.nc|2025-06-03T14:29:15Z|20.74078|-92.88817,aoml/4903546/profiles/R4903546_145.nc,4903546,4903546,20.74078,-92.88817,2025-06-03T14:29:15Z,20250603,2025,595,0.6,99.92,12.8519,True,True,True,https://noaa-nws-rtofs-pds.s3.amazonaws.com/rtofs.20250603/rtofs_glo_3dz_f006_6hrly_hvr_US_east.nc
ARGO_GDAC,pfl,aoml/4903546/profiles/R4903546_146.nc|2025-06-08T15:06:45Z|20.68004|-92.80610,aoml/4903546/profiles/R4903546_146.nc,4903546,4903546,20.68004,-92.8061,2025-06-08T15:06:45Z,20250608,2025,1012,1.04,2014.6,28.6578,True,True,True,https://noaa-nws-rtofs-pds.s3.amazonaws.com/rtofs.20250608/rtofs_glo_3dz_f006_6hrly_hvr_US_east.nc
ARGO_GDAC,pfl,aoml/4903546/profiles/R4903546_146.nc|2025-06-08T15:06:45Z|20.68004|-92.80610,aoml/4903546/profiles/R4903546_146.nc,4903546,4903546,20.68004,-92.8061,2025-06-08T15:06:45Z,20250608,2025,613,0.6,99.84,29.13,True,True,True,https://noaa-nws-rtofs-pds.s3.amazonaws.com/rtofs.20250608/rtofs_glo_3dz_f006_6hrly_hvr_US_east.nc
ARGO_GDAC,pfl,aoml/4903546/profiles/R4903546_147.nc|2025-06-13T16:39:04Z|20.63097|-92.79306,aoml/4903546/profiles/R4903546_147.nc,4903546,4903546,20.63097,-92.79306,2025-06-13T16:39:04Z,20250613,2025,999,0.4,1985.68,30.1846,True,True,True,https://noaa-nws-rtofs-pds.s3.amazonaws.com/rtofs.20250613/rtofs_glo_3dz_f006_6hrly_hvr_US_east.nc
ARGO_GDAC,pfl,aoml/4903546/profiles/R4903546_147.nc|2025-06-13T16:39:04Z|20.63097|-92.79306,aoml/4903546/profiles/R4903546_147.nc,4903546,4903546,20.63097,-92.79306,2025-06-13T16:39:04Z,20250613,2025,625,0.4,99.84,30.7067,True,True,True,https://noaa-nws-rtofs-pds.s3.amazonaws.com/rtofs.20250613/rtofs_glo_3dz_f006_6hrly_hvr_US_east.nc
ARGO_GDAC,pfl,aoml/4903546/profiles/R4903546_148.nc|2025-06-18T17:38:25Z|20.70729|-92.80614,aoml/4903546/profiles/R4903546_148.nc,4903546,4903546,20.70729,-92.80614,2025-06-18T17:38:25Z,20250618,2025,882,0.92,1753.56,36.098,True,True,True,https://noaa-nws-rtofs-pds.s3.amazonaws.com/rtofs.20250618/rtofs_glo_3dz_f006_6hrly_hvr_US_east.nc
ARGO_GDAC,pfl,aoml/4903546/profiles/R4903546_148.nc|2025-06-18T17:38:25Z|20.70729|-92.80614,aoml/4903546/profiles/R4903546_148.nc,4903546,4903546,20.70729,-92.80614,2025-06-18T17:38:25Z,20250618,2025,603,0.52,99.92,36.4253,True,True,True,https://noaa-nws-rtofs-pds.s3.amazonaws.com/rtofs.20250618/rtofs_glo_3dz_f006_6hrly_hvr_US_east.nc
ARGO_GDAC,pfl,aoml/4903546/profiles/R4903546_149.nc|2025-06-23T18:12:33Z|20.69410|-92.71215,aoml/4903546/profiles/R4903546_149.nc,4903546,4903546,20.6941,-92.71215,2025-06-23T18:12:33Z,20250623,2025,1009,0.48,2007.16,40.1943,True,True,True,https://noaa-nws-rtofs-pds.s3.amazonaws.com/rtofs.20250623/rtofs_glo_3dz_f006_6hrly_hvr_US_east.nc
ARGO_GDAC,pfl,aoml/4903546/profiles/R4903546_149.nc|2025-06-23T18:12:33Z|20.69410|-92.71215,aoml/4903546/profiles/R4903546_149.nc,4903546,4903546,20.6941,-92.71215,2025-06-23T18:12:33Z,20250623,2025,625,0.48,99.92,40.8704,True,True,True,https://noaa-nws-rtofs-pds.s3.amazonaws.com/rtofs.20250623/rtofs_glo_3dz_f006_6hrly_hvr_US_east.nc
ARGO_GDAC,pfl,aoml/4903546/profiles/R4903546_150.nc|2025-06-28T18:51:52Z|20.65969|-92.60496,aoml/4903546/profiles/R4903546_150.nc,4903546,4903546,20.65969,-92.60496,2025-06-28T18:51:52Z,20250628,2025,1013,0.96,2015.72,42.4332,True,True,True,https://noaa-nws-rtofs-pds.s3.amazonaws.com/rtofs.20250628/rtofs_glo_3dz_f006_6hrly_hvr_US_east.nc
ARGO_GDAC,pfl,aoml/4903546/profiles/R4903546_150.nc|2025-06-28T18:51:52Z|20.65969|-92.60496,aoml/4903546/profiles/R4903546_150.nc,4903546,4903546,20.65969,-92.60496,2025-06-28T18:51:52Z,20250628,2025,596,0.56,99.84,42.9133,True,True,True,https://noaa-nws-rtofs-pds.s3.amazonaws.com/rtofs.20250628/rtofs_glo_3dz_f006_6hrly_hvr_US_east.nc
ARGO_GDAC,pfl,aoml/4903546/profiles/R4903546_151.nc|2025-07-03T19:27:40Z|20.71008|-92.61498,aoml/4903546/profiles/R4903546_151.nc,4903546,4903546,20.71008,-92.61498,2025-07-03T19:27:40Z,20250703,2025,1012,1.04,2014.88,35.672,True,True,True,https://noaa-nws-rtofs-pds.s3.amazonaws.com/rtofs.20250703/rtofs_glo_3dz_f006_6hrly_hvr_US_east.nc
ARGO_GDAC,pfl,aoml/4903546/profiles/R4903546_151.nc|2025-07-03T19:27:40Z|20.71008|-92.61498,aoml/4903546/profiles/R4903546_151.nc,4903546,4903546,20.71008,-92.61498,2025-07-03T19:27:40Z,20250703,2025,613,0.64,99.96,35.7159,True,True,True,https://noaa-nws-rtofs-pds.s3.amazonaws.com/rtofs.20250703/rtofs_glo_3dz_f006_6hrly_hvr_US_east.nc
ARGO_GDAC,pfl,aoml/4903546/profiles/R4903546_152.nc|2025-07-08T20:09:56Z|20.70691|-92.63308,aoml/4903546/profiles/R4903546_152.nc,4903546,4903546,20.70691,-92.63308,2025-07-08T20:09:56Z,20250708,2025,1012,0.92,2014.68,42.5075,True,True,True,https://noaa-nws-rtofs-pds.s3.amazonaws.com/rtofs.20250708/rtofs_glo_3dz_f006_6hrly_hvr_US_east.nc
ARGO_GDAC,pfl,aoml/4903546/profiles/R4903546_152.nc|2025-07-08T20:09:56Z|20.70691|-92.63308,aoml/4903546/profiles/R4903546_152.nc,4903546,4903546,20.70691,-92.63308,2025-07-08T20:09:56Z,20250708,2025,615,0.6,99.92,42.5808,True,True,True,https://noaa-nws-rtofs-pds.s3.amazonaws.com/rtofs.20250708/rtofs_glo_3dz_f006_6hrly_hvr_US_east.nc
ARGO_GDAC,pfl,aoml/4903546/profiles/R4903546_153.nc|2025-07-13T20:39:13Z|20.62400|-92.62113,aoml/4903546/profiles/R4903546_153.nc,4903546,4903546,20.624,-92.62113,2025-07-13T20:39:13Z,20250713,2025,1007,0.92,2005.32,40.4692,True,True,True,https://noaa-nws-rtofs-pds.s3.amazonaws.com/rtofs.20250713/rtofs_glo_3dz_f006_6hrly_hvr_US_east.nc
ARGO_GDAC,pfl,aoml/4903546/profiles/R4903546_153.nc|2025-07-13T20:39:13Z|20.62400|-92.62113,aoml/4903546/profiles/R4903546_153.nc,4903546,4903546,20.624,-92.62113,2025-07-13T20:39:13Z,20250713,2025,595,0.6,99.92,41.0978,True,True,True,https://noaa-nws-rtofs-pds.s3.amazonaws.com/rtofs.20250713/rtofs_glo_3dz_f006_6hrly_hvr_US_east.nc
ARGO_GDAC,pfl,aoml/4903546/profiles/R4903546_154.nc|2025-07-18T21:17:21Z|20.57092|-92.66591,aoml/4903546/profiles/R4903546_154.nc,4903546,4903546,20.57092,-92.66591,2025-07-18T21:17:21Z,20250718,2025,1014,1.0,2018.16,32.8123,True,True,True,https://noaa-nws-rtofs-pds.s3.amazonaws.com/rtofs.20250718/rtofs_glo_3dz_f006_6hrly_hvr_US_east.nc
ARGO_GDAC,pfl,aoml/4903546/profiles/R4903546_154.nc|2025-07-18T21:17:21Z|20.57092|-92.66591,aoml/4903546/profiles/R4903546_154.nc,4903546,4903546,20.57092,-92.66591,2025-07-18T21:17:21Z,20250718,2025,612,0.64,99.96,32.9533,True,True,True,https://noaa-nws-rtofs-pds.s3.amazonaws.com/rtofs.20250718/rtofs_glo_3dz_f006_6hrly_hvr_US_east.nc
ARGO_GDAC,pfl,aoml/4903546/profiles/R4903546_155.nc|2025-07-23T21:49:30Z|20.57340|-92.70121,aoml/4903546/profiles/R4903546_155.nc,4903546,4903546,20.5734,-92.70121,2025-07-23T21:49:30Z,20250723,2025,1013,1.0,2016.76,28.3588,True,True,True,https://noaa-nws-rtofs-pds.s3.amazonaws.com/rtofs.20250723/rtofs_glo_3dz_f006_6hrly_hvr_US_east.nc
ARGO_GDAC,pfl,aoml/4903546/profiles/R4903546_155.nc|2025-07-23T21:49:30Z|20.57340|-92.70121,aoml/4903546/profiles/R4903546_155.nc,4903546,4903546,20.5734,-92.70121,2025-07-23T21:49:30Z,20250723,2025,652,0.6,100.0,28.64,True,True,True,https://noaa-nws-rtofs-pds.s3.amazonaws.com/rtofs.20250723/rtofs_glo_3dz_f006_6hrly_hvr_US_east.nc
ARGO_GDAC,pfl,aoml/4903546/profiles/R4903546_156.nc|2025-07-28T22:30:21Z|20.50717|-92.69430,aoml/4903546/profiles/R4903546_156.nc,4903546,4903546,20.50717,-92.6943,2025-07-28T22:30:21Z,20250728,2025,1011,0.96,2012.16,38.0877,True,True,True,https://noaa-nws-rtofs-pds.s3.amazonaws.com/rtofs.20250728/rtofs_glo_3dz_f006_6hrly_hvr_US_east.nc
ARGO_GDAC,pfl,aoml/4903546/profiles/R4903546_156.nc|2025-07-28T22:30:21Z|20.50717|-92.69430,aoml/4903546/profiles/R4903546_156.nc,4903546,4903546,20.50717,-92.6943,2025-07-28T22:30:21Z,20250728,2025,616,0.56,99.88,38.8038,True,True,True,https://noaa-nws-rtofs-pds.s3.amazonaws.com/rtofs.20250728/rtofs_glo_3dz_f006_6hrly_hvr_US_east.nc
ARGO_GDAC,pfl,aoml/4903546/profiles/R4903546_157.nc|2025-08-02T23:23:23Z|20.57288|-92.78097,aoml/4903546/profiles/R4903546_157.nc,4903546,4903546,20.57288,-92.78097,2025-08-02T23:23:23Z,20250802,2025,870,0.44,1727.88,34.755,True,True,True,https://noaa-nws-rtofs-pds.s3.amazonaws.com/rtofs.20250802/rtofs_glo_3dz_f006_6hrly_hvr_US_east.nc
ARGO_GDAC,pfl,aoml/4903546/profiles/R4903546_157.nc|2025-08-02T23:23:23Z|20.57288|-92.78097,aoml/4903546/profiles/R4903546_157.nc,4903546,4903546,20.57288,-92.78097,2025-08-02T23:23:23Z,20250802,2025,603,0.44,99.92,35.3103,True,True,True,https://noaa-nws-rtofs-pds.s3.amazonaws.com/rtofs.20250802/rtofs_glo_3dz_f006_6hrly_hvr_US_east.nc
ARGO_GDAC,pfl,aoml/4903546/profiles/R4903546_158.nc|2025-08-08T00:42:40Z|20.68355|-92.84905,aoml/4903546/profiles/R4903546_158.nc,4903546,4903546,20.68355,-92.84905,2025-08-08T00:42:40Z,20250808,2025,961,1.0,1912.08,21.3639,True,True,True,https://noaa-nws-rtofs-pds.s3.amazonaws.com/rtofs.20250808/rtofs_glo_3dz_f006_6hrly_hvr_US_east.nc
ARGO_GDAC,pfl,aoml/4903546/profiles/R4903546_158.nc|2025-08-08T00:42:40Z|20.68355|-92.84905,aoml/4903546/profiles/R4903546_158.nc,4903546,4903546,20.68355,-92.84905,2025-08-08T00:42:40Z,20250808,2025,607,0.52,99.8,21.07,True,True,True,https://noaa-nws-rtofs-pds.s3.amazonaws.com/rtofs.20250808/rtofs_glo_3dz_f006_6hrly_hvr_US_east.nc
ARGO_GDAC,pfl,aoml/4903546/profiles/R4903546_159.nc|2025-08-13T01:50:12Z|20.67150|-92.85341,aoml/4903546/profiles/R4903546_159.nc,4903546,4903546,20.6715,-92.85341,2025-08-13T01:50:12Z,20250813,2025,905,0.96,1799.8,24.3783,True,True,True,https://noaa-nws-rtofs-pds.s3.amazonaws.com/rtofs.20250813/rtofs_glo_3dz_f006_6hrly_hvr_US_east.nc
ARGO_GDAC,pfl,aoml/4903546/profiles/R4903546_159.nc|2025-08-13T01:50:12Z|20.67150|-92.85341,aoml/4903546/profiles/R4903546_159.nc,4903546,4903546,20.6715,-92.85341,2025-08-13T01:50:12Z,20250813,2025,627,0.56,99.96,24.3407,True,True,True,https://noaa-nws-rtofs-pds.s3.amazonaws.com/rtofs.20250813/rtofs_glo_3dz_f006_6hrly_hvr_US_east.nc
ARGO_GDAC,pfl,aoml/4903546/profiles/R4903546_160.nc|2025-08-18T03:24:10Z|20.60140|-92.84282,aoml/4903546/profiles/R4903546_160.nc,4903546,4903546,20.6014,-92.84282,2025-08-18T03:24:10Z,20250818,2025,997,0.44,1982.76,38.2836,True,True,True,https://noaa-nws-rtofs-pds.s3.amazonaws.com/rtofs.20250818/rtofs_glo_3dz_f006_6hrly_hvr_US_east.nc
ARGO_GDAC,pfl,aoml/4903546/profiles/R4903546_160.nc|2025-08-18T03:24:10Z|20.60140|-92.84282,aoml/4903546/profiles/R4903546_160.nc,4903546,4903546,20.6014,-92.84282,2025-08-18T03:24:10Z,20250818,2025,633,0.44,99.84,38.5943,True,True,True,https://noaa-nws-rtofs-pds.s3.amazonaws.com/rtofs.20250818/rtofs_glo_3dz_f006_6hrly_hvr_US_east.nc
ARGO_GDAC,pfl,aoml/4903546/profiles/R4903546_161.nc|2025-08-23T04:03:50Z|20.56289|-92.82092,aoml/4903546/profiles/R4903546_161.nc,4903546,4903546,20.56289,-92.82092,2025-08-23T04:03:50Z,20250823,2025,800,1.0,1590.4,20.7626,True,True,True,https://noaa-nws-rtofs-pds.s3.amazonaws.com/rtofs.20250823/rtofs_glo_3dz_f006_6hrly_hvr_US_east.nc
ARGO_GDAC,pfl,aoml/4903546/profiles/R4903546_161.nc|2025-08-23T04:03:50Z|20.56289|-92.82092,aoml/4903546/profiles/R4903546_161.nc,4903546,4903546,20.56289,-92.82092,2025-08-23T04:03:50Z,20250823,2025,606,0.72,99.72,20.8516,True,True,True,https://noaa-nws-rtofs-pds.s3.amazonaws.com/rtofs.20250823/rtofs_glo_3dz_f006_6hrly_hvr_US_east.nc
ARGO_GDAC,pfl,aoml/4903546/profiles/R4903546_162.nc|2025-08-28T04:20:16Z|20.54201|-92.83728,aoml/4903546/profiles/R4903546_162.nc,4903546,4903546,20.54201,-92.83728,2025-08-28T04:20:16Z,20250828,2025,791,1.04,1572.32,30.7029,True,True,True,https://noaa-nws-rtofs-pds.s3.amazonaws.com/rtofs.20250828/rtofs_glo_3dz_f006_6hrly_hvr_US_east.nc
ARGO_GDAC,pfl,aoml/4903546/profiles/R4903546_162.nc|2025-08-28T04:20:16Z|20.54201|-92.83728,aoml/4903546/profiles/R4903546_162.nc,4903546,4903546,20.54201,-92.83728,2025-08-28T04:20:16Z,20250828,2025,612,0.64,99.92,31.3029,True,True,True,https://noaa-nws-rtofs-pds.s3.amazonaws.com/rtofs.20250828/rtofs_glo_3dz_f006_6hrly_hvr_US_east.nc
ARGO_GDAC,pfl,aoml/4903546/profiles/R4903546_163.nc|2025-09-02T04:56:33Z|20.54816|-92.83324,aoml/4903546/profiles/R4903546_163.nc,4903546,4903546,20.54816,-92.83324,2025-09-02T04:56:33Z,20250902,2025,790,0.48,1568.44,32.4604,True,True,True,https://noaa-nws-rtofs-pds.s3.amazonaws.com/rtofs.20250902/rtofs_glo_3dz_f006_6hrly_hvr_US_east.nc
ARGO_GDAC,pfl,aoml/4903546/profiles/R4903546_163.nc|2025-09-02T04:56:33Z|20.54816|-92.83324,aoml/4903546/profiles/R4903546_163.nc,4903546,4903546,20.54816,-92.83324,2025-09-02T04:56:33Z,20250902,2025,657,0.48,99.76,33.222,True,True,True,https://noaa-nws-rtofs-pds.s3.amazonaws.com/rtofs.20250902/rtofs_glo_3dz_f006_6hrly_hvr_US_east.nc
ARGO_GDAC,pfl,aoml/4903546/profiles/R4903546_164.nc|2025-09-07T05:45:04Z|20.53727|-92.83799,aoml/4903546/profiles/R4903546_164.nc,4903546,4903546,20.53727,-92.83799,2025-09-07T05:45:04Z,20250907,2025,869,0.36,1725.8,25.5389,True,True,True,https://noaa-nws-rtofs-pds.s3.amazonaws.com/rtofs.20250907/rtofs_glo_3dz_f006_6hrly_hvr_US_east.nc
ARGO_GDAC,pfl,aoml/4903546/profiles/R4903546_164.nc|2025-09-07T05:45:04Z|20.53727|-92.83799,aoml/4903546/profiles/R4903546_164.nc,4903546,4903546,20.53727,-92.83799,2025-09-07T05:45:04Z,20250907,2025,607,0.36,99.8,25.8361,True,True,True,https://noaa-nws-rtofs-pds.s3.amazonaws.com/rtofs.20250907/rtofs_glo_3dz_f006_6hrly_hvr_US_east.nc
ARGO_GDAC,pfl,aoml/4903546/profiles/R4903546_165.nc|2025-09-12T06:35:33Z|20.55108|-92.87237,aoml/4903546/profiles/R4903546_165.nc,4903546,4903546,20.55108,-92.87237,2025-09-12T06:35:33Z,20250912,2025,842,0.96,1673.72,26.1236,True,True,True,https://noaa-nws-rtofs-pds.s3.amazonaws.com/rtofs.20250912/rtofs_glo_3dz_f006_6hrly_hvr_US_east.nc
ARGO_GDAC,pfl,aoml/4903546/profiles/R4903546_165.nc|2025-09-12T06:35:33Z|20.55108|-92.87237,aoml/4903546/profiles/R4903546_165.nc,4903546,4903546,20.55108,-92.87237,2025-09-12T06:35:33Z,20250912,2025,648,0.52,99.96,26.0673,True,True,True,https://noaa-nws-rtofs-pds.s3.amazonaws.com/rtofs.20250912/rtofs_glo_3dz_f006_6hrly_hvr_US_east.nc
ARGO_GDAC,pfl,aoml/4903546/profiles/R4903546_166.nc|2025-09-17T08:06:28Z|20.55701|-92.89067,aoml/4903546/profiles/R4903546_166.nc,4903546,4903546,20.55701,-92.89067,2025-09-17T08:06:28Z,20250917,2025,1001,1.08,1993.24,26.4488,True,True,True,https://noaa-nws-rtofs-pds.s3.amazonaws.com/rtofs.20250917/rtofs_glo_3dz_f006_6hrly_hvr_US_east.nc
ARGO_GDAC,pfl,aoml/4903546/profiles/R4903546_166.nc|2025-09-17T08:06:28Z|20.55701|-92.89067,aoml/4903546/profiles/R4903546_166.nc,4903546,4903546,20.55701,-92.89067,2025-09-17T08:06:28Z,20250917,2025,625,0.72,99.92,26.336,True,True,True,https://noaa-nws-rtofs-pds.s3.amazonaws.com/rtofs.20250917/rtofs_glo_3dz_f006_6hrly_hvr_US_east.nc
ARGO_GDAC,pfl,aoml/4903546/profiles/R4903546_167.nc|2025-09-22T08:46:09Z|20.55270|-92.92778,aoml/4903546/profiles/R4903546_167.nc,4903546,4903546,20.5527,-92.92778,2025-09-22T08:46:09Z,20250922,2025,825,0.92,1639.28,33.1621,True,True,True,https://noaa-nws-rtofs-pds.s3.amazonaws.com/rtofs.20250922/rtofs_glo_3dz_f006_6hrly_hvr_US_east.nc
ARGO_GDAC,pfl,aoml/4903546/profiles/R4903546_167.nc|2025-09-22T08:46:09Z|20.55270|-92.92778,aoml/4903546/profiles/R4903546_167.nc,4903546,4903546,20.5527,-92.92778,2025-09-22T08:46:09Z,20250922,2025,612,0.56,99.96,33.85,True,True,True,https://noaa-nws-rtofs-pds.s3.amazonaws.com/rtofs.20250922/rtofs_glo_3dz_f006_6hrly_hvr_US_east.nc
ARGO_GDAC,pfl,aoml/4903546/profiles/R4903546_168.nc|2025-09-27T09:53:39Z|20.54865|-92.95750,aoml/4903546/profiles/R4903546_168.nc,4903546,4903546,20.54865,-92.9575,2025-09-27T09:53:39Z,20250927,2025,917,1.04,1824.88,29.6158,True,True,True,https://noaa-nws-rtofs-pds.s3.amazonaws.com/rtofs.20250927/rtofs_glo_3dz_f006_6hrly_hvr_US_east.nc
ARGO_GDAC,pfl,aoml/4903546/profiles/R4903546_168.nc|2025-09-27T09:53:39Z|20.54865|-92.95750,aoml/4903546/profiles/R4903546_168.nc,4903546,4903546,20.54865,-92.9575,2025-09-27T09:53:39Z,20250927,2025,633,0.64,99.76,30.3008,True,True,True,https://noaa-nws-rtofs-pds.s3.amazonaws.com/rtofs.20250927/rtofs_glo_3dz_f006_6hrly_hvr_US_east.nc
ARGO_GDAC,pfl,aoml/4903546/profiles/R4903546_169.nc|2025-10-02T10:32:54Z|20.56012|-92.94708,aoml/4903546/profiles/R4903546_169.nc,4903546,4903546,20.56012,-92.94708,2025-10-02T10:32:54Z,20251002,2025,783,0.96,1556.52,32.6962,True,True,True,https://noaa-nws-rtofs-pds.s3.amazonaws.com/rtofs.20251002/rtofs_glo_3dz_f006_6hrly_hvr_US_east.nc
ARGO_GDAC,pfl,aoml/4903546/profiles/R4903546_169.nc|2025-10-02T10:32:54Z|20.56012|-92.94708,aoml/4903546/profiles/R4903546_169.nc,4903546,4903546,20.56012,-92.94708,2025-10-02T10:32:54Z,20251002,2025,605,0.64,99.8,33.6702,True,True,True,https://noaa-nws-rtofs-pds.s3.amazonaws.com/rtofs.20251002/rtofs_glo_3dz_f006_6hrly_hvr_US_east.nc
ARGO_GDAC,pfl,aoml/4903546/profiles/R4903546_170.nc|2025-10-07T11:02:48Z|20.56260|-92.94087,aoml/4903546/profiles/R4903546_170.nc,4903546,4903546,20.5626,-92.94087,2025-10-07T11:02:48Z,20251007,2025,768,0.48,1524.04,36.5818,True,True,True,https://noaa-nws-rtofs-pds.s3.amazonaws.com/rtofs.20251007/rtofs_glo_3dz_f006_6hrly_hvr_US_east.nc
ARGO_GDAC,pfl,aoml/4903546/profiles/R4903546_170.nc|2025-10-07T11:02:48Z|20.56260|-92.94087,aoml/4903546/profiles/R4903546_170.nc,4903546,4903546,20.5626,-92.94087,2025-10-07T11:02:48Z,20251007,2025,613,0.48,99.96,37.8949,True,True,True,https://noaa-nws-rtofs-pds.s3.amazonaws.com/rtofs.20251007/rtofs_glo_3dz_f006_6hrly_hvr_US_east.nc
ARGO_GDAC,pfl,aoml/4903546/profiles/R4903546_171.nc|2025-10-12T11:59:43Z|20.55371|-92.92015,aoml/4903546/profiles/R4903546_171.nc,4903546,4903546,20.55371,-92.92015,2025-10-12T11:59:43Z,20251012,2025,850,1.04,1691.04,42.0804,True,True,True,https://noaa-nws-rtofs-pds.s3.amazonaws.com/rtofs.20251012/rtofs_glo_3dz_f006_6hrly_hvr_US_east.nc
ARGO_GDAC,pfl,aoml/4903546/profiles/R4903546_171.nc|2025-10-12T11:59:43Z|20.55371|-92.92015,aoml/4903546/profiles/R4903546_171.nc,4903546,4903546,20.55371,-92.92015,2025-10-12T11:59:43Z,20251012,2025,641,0.72,99.92,43.038,True,True,True,https://noaa-nws-rtofs-pds.s3.amazonaws.com/rtofs.20251012/rtofs_glo_3dz_f006_6hrly_hvr_US_east.nc
ARGO_GDAC,pfl,aoml/4903546/profiles/R4903546_172.nc|2025-10-17T12:58:24Z|20.52726|-92.85252,aoml/4903546/profiles/R4903546_172.nc,4903546,4903546,20.52726,-92.85252,2025-10-17T12:58:24Z,20251017,2025,843,0.48,1673.76,42.012,True,True,True,https://noaa-nws-rtofs-pds.s3.amazonaws.com/rtofs.20251017/rtofs_glo_3dz_f006_6hrly_hvr_US_east.nc
ARGO_GDAC,pfl,aoml/4903546/profiles/R4903546_172.nc|2025-10-17T12:58:24Z|20.52726|-92.85252,aoml/4903546/profiles/R4903546_172.nc,4903546,4903546,20.52726,-92.85252,2025-10-17T12:58:24Z,20251017,2025,639,0.48,99.96,42.0395,True,True,True,https://noaa-nws-rtofs-pds.s3.amazonaws.com/rtofs.20251017/rtofs_glo_3dz_f006_6hrly_hvr_US_east.nc
ARGO_GDAC,pfl,aoml/4903546/profiles/R4903546_173.nc|2025-10-22T14:00:11Z|20.45081|-92.79907,aoml/4903546/profiles/R4903546_173.nc,4903546,4903546,20.45081,-92.79907,2025-10-22T14:00:11Z,20251022,2025,924,1.04,1838.84,12.7424,True,True,True,https://noaa-nws-rtofs-pds.s3.amazonaws.com/rtofs.20251022/rtofs_glo_3dz_f006_6hrly_hvr_US_east.nc
ARGO_GDAC,pfl,aoml/4903546/profiles/R4903546_173.nc|2025-10-22T14:00:11Z|20.45081|-92.79907,aoml/4903546/profiles/R4903546_173.nc,4903546,4903546,20.45081,-92.79907,2025-10-22T14:00:11Z,20251022,2025,659,0.72,99.88,12.72,True,True,True,https://noaa-nws-rtofs-pds.s3.amazonaws.com/rtofs.20251022/rtofs_glo_3dz_f006_6hrly_hvr_US_east.nc
ARGO_GDAC,pfl,aoml/4903546/profiles/R4903546_174.nc|2025-10-27T14:36:20Z|20.42932|-92.75773,aoml/4903546/profiles/R4903546_174.nc,4903546,4903546,20.42932,-92.75773,2025-10-27T14:36:20Z,20251027,2025,799,1.0,1587.6,22.9124,True,True,True,https://noaa-nws-rtofs-pds.s3.amazonaws.com/rtofs.20251027/rtofs_glo_3dz_f006_6hrly_hvr_US_east.nc
ARGO_GDAC,pfl,aoml/4903546/profiles/R4903546_174.nc|2025-10-27T14:36:20Z|20.42932|-92.75773,aoml/4903546/profiles/R4903546_174.nc,4903546,4903546,20.42932,-92.75773,2025-10-27T14:36:20Z,20251027,2025,648,0.56,99.96,23.343,True,True,True,https://noaa-nws-rtofs-pds.s3.amazonaws.com/rtofs.20251027/rtofs_glo_3dz_f006_6hrly_hvr_US_east.nc
ARGO_GDAC,pfl,aoml/4903546/profiles/R4903546_175.nc|2025-11-01T15:24:19Z|20.47102|-92.72707,aoml/4903546/profiles/R4903546_175.nc,4903546,4903546,20.47102,-92.72707,2025-11-01T15:24:19Z,20251101,2025,847,0.48,1681.96,36.0706,True,True,True,https://noaa-nws-rtofs-pds.s3.amazonaws.com/rtofs.20251101/rtofs_glo_3dz_f006_6hrly_hvr_US_east.nc
ARGO_GDAC,pfl,aoml/4903546/profiles/R4903546_175.nc|2025-11-01T15:24:19Z|20.47102|-92.72707,aoml/4903546/profiles/R4903546_175.nc,4903546,4903546,20.47102,-92.72707,2025-11-01T15:24:19Z,20251101,2025,622,0.48,99.84,35.3199,True,True,True,https://noaa-nws-rtofs-pds.s3.amazonaws.com/rtofs.20251101/rtofs_glo_3dz_f006_6hrly_hvr_US_east.nc
ARGO_GDAC,pfl,aoml/4903546/profiles/R4903546_176.nc|2025-11-06T16:45:18Z|20.48693|-92.76748,aoml/4903546/profiles/R4903546_176.nc,4903546,4903546,20.48693,-92.76748,2025-11-06T16:45:18Z,20251106,2025,978,0.96,1946.12,44.6017,True,True,True,https://noaa-nws-rtofs-pds.s3.amazonaws.com/rtofs.20251106/rtofs_glo_3dz_f006_6hrly_hvr_US_east.nc
ARGO_GDAC,pfl,aoml/4903546/profiles/R4903546_176.nc|2025-11-06T16:45:18Z|20.48693|-92.76748,aoml/4903546/profiles/R4903546_176.nc,4903546,4903546,20.48693,-92.76748,2025-11-06T16:45:18Z,20251106,2025,619,0.64,100.0,44.984,True,True,True,https://noaa-nws-rtofs-pds.s3.amazonaws.com/rtofs.20251106/rtofs_glo_3dz_f006_6hrly_hvr_US_east.nc
ARGO_GDAC,pfl,aoml/4903546/profiles/R4903546_177.nc|2025-11-11T17:29:46Z|20.47234|-92.80524,aoml/4903546/profiles/R4903546_177.nc,4903546,4903546,20.47234,-92.80524,2025-11-11T17:29:46Z,20251111,2025,846,0.44,1679.12,38.581,True,True,True,https://noaa-nws-rtofs-pds.s3.amazonaws.com/rtofs.20251111/rtofs_glo_3dz_f006_6hrly_hvr_US_east.nc
ARGO_GDAC,pfl,aoml/4903546/profiles/R4903546_177.nc|2025-11-11T17:29:46Z|20.47234|-92.80524,aoml/4903546/profiles/R4903546_177.nc,4903546,4903546,20.47234,-92.80524,2025-11-11T17:29:46Z,20251111,2025,622,0.44,100.0,38.6802,True,True,True,https://noaa-nws-rtofs-pds.s3.amazonaws.com/rtofs.20251111/rtofs_glo_3dz_f006_6hrly_hvr_US_east.nc
ARGO_GDAC,pfl,aoml/4903546/profiles/R4903546_178.nc|2025-11-16T18:29:16Z|20.51996|-92.90340,aoml/4903546/profiles/R4903546_178.nc,4903546,4903546,20.51996,-92.9034,2025-11-16T18:29:16Z,20251116,2025,896,1.08,1782.28,63.242,True,True,True,https://noaa-nws-rtofs-pds.s3.amazonaws.com/rtofs.20251116/rtofs_glo_3dz_f006_6hrly_hvr_US_east.nc
ARGO_GDAC,pfl,aoml/4903546/profiles/R4903546_178.nc|2025-11-16T18:29:16Z|20.51996|-92.90340,aoml/4903546/profiles/R4903546_178.nc,4903546,4903546,20.51996,-92.9034,2025-11-16T18:29:16Z,20251116,2025,568,0.64,99.92,62.955,True,True,True,https://noaa-nws-rtofs-pds.s3.amazonaws.com/rtofs.20251116/rtofs_glo_3dz_f006_6hrly_hvr_US_east.nc
ARGO_GDAC,pfl,aoml/4903546/profiles/R4903546_179.nc|2025-11-21T19:38:19Z|20.51227|-92.97919,aoml/4903546/profiles/R4903546_179.nc,4903546,4903546,20.51227,-92.97919,2025-11-21T19:38:19Z,20251121,2025,901,0.96,1791.68,50.7881,True,True,True,https://noaa-nws-rtofs-pds.s3.amazonaws.com/rtofs.20251121/rtofs_glo_3dz_f006_6hrly_hvr_US_east.nc
ARGO_GDAC,pfl,aoml/4903546/profiles/R4903546_179.nc|2025-11-21T19:38:19Z|20.51227|-92.97919,aoml/4903546/profiles/R4903546_179.nc,4903546,4903546,20.51227,-92.97919,2025-11-21T19:38:19Z,20251121,2025,591,0.56,99.96,51.5602,True,True,True,https://noaa-nws-rtofs-pds.s3.amazonaws.com/rtofs.20251121/rtofs_glo_3dz_f006_6hrly_hvr_US_east.nc
ARGO_GDAC,pfl,aoml/4903546/profiles/R4903546_180.nc|2025-11-26T20:49:33Z|20.46116|-92.98745,aoml/4903546/profiles/R4903546_180.nc,4903546,4903546,20.46116,-92.98745,2025-11-26T20:49:33Z,20251126,2025,912,1.04,1813.4,46.978,True,True,True,https://noaa-nws-rtofs-pds.s3.amazonaws.com/rtofs.20251126/rtofs_glo_3dz_f006_6hrly_hvr_US_east.nc
ARGO_GDAC,pfl,aoml/4903546/profiles/R4903546_180.nc|2025-11-26T20:49:33Z|20.46116|-92.98745,aoml/4903546/profiles/R4903546_180.nc,4903546,4903546,20.46116,-92.98745,2025-11-26T20:49:33Z,20251126,2025,627,0.56,100.0,46.8519,True,True,True,https://noaa-nws-rtofs-pds.s3.amazonaws.com/rtofs.20251126/rtofs_glo_3dz_f006_6hrly_hvr_US_east.nc
ARGO_GDAC,pfl,aoml/4903546/profiles/R4903546_181.nc|2025-12-01T22:02:11Z|20.45300|-93.06018,aoml/4903546/profiles/R4903546_181.nc,4903546,4903546,20.453,-93.06018,2025-12-01T22:02:11Z,20251201,2025,919,1.0,1827.12,60.2602,True,True,True,https://noaa-nws-rtofs-pds.s3.amazonaws.com/rtofs.20251201/rtofs_glo_3dz_f006_6hrly_hvr_US_east.nc
ARGO_GDAC,pfl,aoml/4903546/profiles/R4903546_181.nc|2025-12-01T22:02:11Z|20.45300|-93.06018,aoml/4903546/profiles/R4903546_181.nc,4903546,4903546,20.453,-93.06018,2025-12-01T22:02:11Z,20251201,2025,604,0.56,100.0,60.3917,True,True,True,https://noaa-nws-rtofs-pds.s3.amazonaws.com/rtofs.20251201/rtofs_glo_3dz_f006_6hrly_hvr_US_east.nc
ARGO_GDAC,pfl,aoml/4903546/profiles/R4903546_182.nc|2025-12-06T22:37:23Z|20.42428|-93.11056,aoml/4903546/profiles/R4903546_182.nc,4903546,4903546,20.42428,-93.11056,2025-12-06T22:37:23Z,20251206,2025,791,1.0,1571.76,61.6984,True,True,True,https://noaa-nws-rtofs-pds.s3.amazonaws.com/rtofs.20251206/rtofs_glo_3dz_f006_6hrly_hvr_US_east.nc
ARGO_GDAC,pfl,aoml/4903546/profiles/R4903546_182.nc|2025-12-06T22:37:23Z|20.42428|-93.11056,aoml/4903546/profiles/R4903546_182.nc,4903546,4903546,20.42428,-93.11056,2025-12-06T22:37:23Z,20251206,2025,582,0.52,99.84,61.9164,True,True,True,https://noaa-nws-rtofs-pds.s3.amazonaws.com/rtofs.20251206/rtofs_glo_3dz_f006_6hrly_hvr_US_east.nc
ARGO_GDAC,pfl,aoml/4903546/profiles/R4903546_183.nc|2025-12-11T23:42:37Z|20.40900|-93.13786,aoml/4903546/profiles/R4903546_183.nc,4903546,4903546,20.409,-93.13786,2025-12-11T23:42:37Z,20251211,2025,887,1.04,1763.36,56.074,True,True,True,https://noaa-nws-rtofs-pds.s3.amazonaws.com/rtofs.20251211/rtofs_glo_3dz_f006_6hrly_hvr_US_east.nc
ARGO_GDAC,pfl,aoml/4903546/profiles/R4903546_183.nc|2025-12-11T23:42:37Z|20.40900|-93.13786,aoml/4903546/profiles/R4903546_183.nc,4903546,4903546,20.409,-93.13786,2025-12-11T23:42:37Z,20251211,2025,599,0.52,100.0,55.9965,True,True,True,https://noaa-nws-rtofs-pds.s3.amazonaws.com/rtofs.20251211/rtofs_glo_3dz_f006_6hrly_hvr_US_east.nc
ARGO_GDAC,pfl,aoml/4903546/profiles/R4903546_184.nc|2025-12-17T00:51:37Z|20.39367|-93.14173,aoml/4903546/profiles/R4903546_184.nc,4903546,4903546,20.39367,-93.14173,2025-12-17T00:51:37Z,20251217,2025,925,1.0,1839.92,45.5326,True,True,True,https://noaa-nws-rtofs-pds.s3.amazonaws.com/rtofs.20251217/rtofs_glo_3dz_f006_6hrly_hvr_US_east.nc
ARGO_GDAC,pfl,aoml/4903546/profiles/R4903546_184.nc|2025-12-17T00:51:37Z|20.39367|-93.14173,aoml/4903546/profiles/R4903546_184.nc,4903546,4903546,20.39367,-93.14173,2025-12-17T00:51:37Z,20251217,2025,598,0.64,99.76,45.6,True,True,True,https://noaa-nws-rtofs-pds.s3.amazonaws.com/rtofs.20251217/rtofs_glo_3dz_f006_6hrly_hvr_US_east.nc
ARGO_GDAC,pfl,aoml/4903546/profiles/R4903546_185.nc|2025-12-22T02:01:21Z|20.38458|-93.15611,aoml/4903546/profiles/R4903546_185.nc,4903546,4903546,20.38458,-93.15611,2025-12-22T02:01:21Z,20251222,2025,918,0.36,1824.56,49.0832,True,True,True,https://noaa-nws-rtofs-pds.s3.amazonaws.com/rtofs.20251222/rtofs_glo_3dz_f006_6hrly_hvr_US_east.nc
ARGO_GDAC,pfl,aoml/4903546/profiles/R4903546_185.nc|2025-12-22T02:01:21Z|20.38458|-93.15611,aoml/4903546/profiles/R4903546_185.nc,4903546,4903546,20.38458,-93.15611,2025-12-22T02:01:21Z,20251222,2025,606,0.32,99.76,49.544,True,True,True,https://noaa-nws-rtofs-pds.s3.amazonaws.com/rtofs.20251222/rtofs_glo_3dz_f006_6hrly_hvr_US_east.nc
ARGO_GDAC,pfl,aoml/4903546/profiles/R4903546_186.nc|2025-12-27T02:55:31Z|20.37400|-93.19656,aoml/4903546/profiles/R4903546_186.nc,4903546,4903546,20.374,-93.19656,2025-12-27T02:55:31Z,20251227,2025,875,0.48,1737.84,62.37,True,True,True,https://noaa-nws-rtofs-pds.s3.amazonaws.com/rtofs.20251227/rtofs_glo_3dz_f006_6hrly_hvr_US_east.nc
ARGO_GDAC,pfl,aoml/4903546/profiles/R4903546_186.nc|2025-12-27T02:55:31Z|20.37400|-93.19656,aoml/4903546/profiles/R4903546_186.nc,4903546,4903546,20.374,-93.19656,2025-12-27T02:55:31Z,20251227,2025,593,0.48,99.88,62.2241,True,True,True,https://noaa-nws-rtofs-pds.s3.amazonaws.com/rtofs.20251227/rtofs_glo_3dz_f006_6hrly_hvr_US_east.nc
ARGO_GDAC,pfl,aoml/4903547/profiles/D4903547_042.nc|2024-01-02T22:35:27Z|27.45577|-87.59294,aoml/4903547/profiles/D4903547_042.nc,4903547,4903547,27.45577,-87.59294,2024-01-02T22:35:27Z,20240102,2024,1013,0.96,2015.08,88.3164,True,True,False,
ARGO_GDAC,pfl,aoml/4903547/profiles/D4903547_042.nc|2024-01-02T22:35:27Z|27.45577|-87.59294,aoml/4903547/profiles/D4903547_042.nc,4903547,4903547,27.45577,-87.59294,2024-01-02T22:35:27Z,20240102,2024,738,0.56,99.92,88.5607,True,True,False,
ARGO_GDAC,pfl,aoml/4903547/profiles/D4903547_043.nc|2024-01-07T23:06:15Z|27.50456|-87.48518,aoml/4903547/profiles/D4903547_043.nc,4903547,4903547,27.50456,-87.48518,2024-01-07T23:06:15Z,20240107,2024,1009,0.44,2005.52,88.2448,True,True,False,
ARGO_GDAC,pfl,aoml/4903547/profiles/D4903547_043.nc|2024-01-07T23:06:15Z|27.50456|-87.48518,aoml/4903547/profiles/D4903547_043.nc,4903547,4903547,27.50456,-87.48518,2024-01-07T23:06:15Z,20240107,2024,631,0.44,99.96,88.4667,True,True,False,
ARGO_GDAC,pfl,aoml/4903547/profiles/D4903547_044.nc|2024-01-12T23:48:06Z|27.39388|-87.46721,aoml/4903547/profiles/D4903547_044.nc,4903547,4903547,27.39388,-87.46721,2024-01-12T23:48:06Z,20240112,2024,1007,1.08,2003.52,87.4576,True,True,False,
ARGO_GDAC,pfl,aoml/4903547/profiles/D4903547_044.nc|2024-01-12T23:48:06Z|27.39388|-87.46721,aoml/4903547/profiles/D4903547_044.nc,4903547,4903547,27.39388,-87.46721,2024-01-12T23:48:06Z,20240112,2024,838,0.72,99.88,87.5895,True,True,False,
ARGO_GDAC,pfl,aoml/4903547/profiles/D4903547_045.nc|2024-01-18T00:23:49Z|27.26542|-87.62067,aoml/4903547/profiles/D4903547_045.nc,4903547,4903547,27.26542,-87.62067,2024-01-18T00:23:49Z,20240118,2024,1008,1.04,2005.88,104.9301,True,False,False,
ARGO_GDAC,pfl,aoml/4903547/profiles/D4903547_045.nc|2024-01-18T00:23:49Z|27.26542|-87.62067,aoml/4903547/profiles/D4903547_045.nc,4903547,4903547,27.26542,-87.62067,2024-01-18T00:23:49Z,20240118,2024,702,0.6,99.92,,False,False,False,
ARGO_GDAC,pfl,aoml/4903547/profiles/D4903547_046.nc|2024-01-23T00:49:52Z|27.28949|-87.58612,aoml/4903547/profiles/D4903547_046.nc,4903547,4903547,27.28949,-87.58612,2024-01-23T00:49:52Z,20240123,2024,1009,0.96,2007.44,13.3124,True,True,False,
ARGO_GDAC,pfl,aoml/4903547/profiles/D4903547_046.nc|2024-01-23T00:49:52Z|27.28949|-87.58612,aoml/4903547/profiles/D4903547_046.nc,4903547,4903547,27.28949,-87.58612,2024-01-23T00:49:52Z,20240123,2024,628,0.56,99.92,14.2008,True,True,False,
ARGO_GDAC,pfl,aoml/4903547/profiles/D4903547_047.nc|2024-01-28T01:21:12Z|27.16860|-87.43812,aoml/4903547/profiles/D4903547_047.nc,4903547,4903547,27.1686,-87.43812,2024-01-28T01:21:12Z,20240128,2024,1010,1.04,2009.96,28.1566,True,True,True,https://noaa-nws-rtofs-pds.s3.amazonaws.com/rtofs.20240128/rtofs_glo_3dz_f006_6hrly_hvr_US_east.nc
ARGO_GDAC,pfl,aoml/4903547/profiles/D4903547_047.nc|2024-01-28T01:21:12Z|27.16860|-87.43812,aoml/4903547/profiles/D4903547_047.nc,4903547,4903547,27.1686,-87.43812,2024-01-28T01:21:12Z,20240128,2024,791,0.56,99.92,28.2914,True,True,True,https://noaa-nws-rtofs-pds.s3.amazonaws.com/rtofs.20240128/rtofs_glo_3dz_f006_6hrly_hvr_US_east.nc
ARGO_GDAC,pfl,aoml/4903547/profiles/D4903547_048.nc|2024-02-02T01:57:02Z|26.71499|-87.16980,aoml/4903547/profiles/D4903547_048.nc,4903547,4903547,26.71499,-87.1698,2024-02-02T01:57:02Z,20240202,2024,1009,1.0,2007.92,62.9915,True,True,True,https://noaa-nws-rtofs-pds.s3.amazonaws.com/rtofs.20240202/rtofs_glo_3dz_f006_6hrly_hvr_US_east.nc
ARGO_GDAC,pfl,aoml/4903547/profiles/D4903547_048.nc|2024-02-02T01:57:02Z|26.71499|-87.16980,aoml/4903547/profiles/D4903547_048.nc,4903547,4903547,26.71499,-87.1698,2024-02-02T01:57:02Z,20240202,2024,799,0.64,100.0,62.3543,True,True,True,https://noaa-nws-rtofs-pds.s3.amazonaws.com/rtofs.20240202/rtofs_glo_3dz_f006_6hrly_hvr_US_east.nc
ARGO_GDAC,pfl,aoml/4903547/profiles/D4903547_049.nc|2024-02-07T02:30:06Z|26.29470|-87.27319,aoml/4903547/profiles/D4903547_049.nc,4903547,4903547,26.2947,-87.27319,2024-02-07T02:30:06Z,20240207,2024,1012,1.0,2013.36,115.9018,True,False,True,https://noaa-nws-rtofs-pds.s3.amazonaws.com/rtofs.20240207/rtofs_glo_3dz_f006_6hrly_hvr_US_east.nc
ARGO_GDAC,pfl,aoml/4903547/profiles/D4903547_049.nc|2024-02-07T02:30:06Z|26.29470|-87.27319,aoml/4903547/profiles/D4903547_049.nc,4903547,4903547,26.2947,-87.27319,2024-02-07T02:30:06Z,20240207,2024,719,0.52,99.92,,False,False,True,https://noaa-nws-rtofs-pds.s3.amazonaws.com/rtofs.20240207/rtofs_glo_3dz_f006_6hrly_hvr_US_east.nc
ARGO_GDAC,pfl,aoml/4903547/profiles/D4903547_050.nc|2024-02-12T03:06:19Z|26.06381|-87.66665,aoml/4903547/profiles/D4903547_050.nc,4903547,4903547,26.06381,-87.66665,2024-02-12T03:06:19Z,20240212,2024,1009,1.04,2007.44,63.176,True,True,True,https://noaa-nws-rtofs-pds.s3.amazonaws.com/rtofs.20240212/rtofs_glo_3dz_f006_6hrly_hvr_US_east.nc
ARGO_GDAC,pfl,aoml/4903547/profiles/D4903547_050.nc|2024-02-12T03:06:19Z|26.06381|-87.66665,aoml/4903547/profiles/D4903547_050.nc,4903547,4903547,26.06381,-87.66665,2024-02-12T03:06:19Z,20240212,2024,805,0.56,99.88,62.6399,True,True,True,https://noaa-nws-rtofs-pds.s3.amazonaws.com/rtofs.20240212/rtofs_glo_3dz_f006_6hrly_hvr_US_east.nc
ARGO_GDAC,pfl,aoml/4903547/profiles/D4903547_051.nc|2024-02-17T03:41:30Z|25.97168|-88.23357,aoml/4903547/profiles/D4903547_051.nc,4903547,4903547,25.97168,-88.23357,2024-02-17T03:41:30Z,20240217,2024,1012,1.08,2013.24,89.8977,True,True,True,https://noaa-nws-rtofs-pds.s3.amazonaws.com/rtofs.20240217/rtofs_glo_3dz_f006_6hrly_hvr_US_east.nc
ARGO_GDAC,pfl,aoml/4903547/profiles/D4903547_051.nc|2024-02-17T03:41:30Z|25.97168|-88.23357,aoml/4903547/profiles/D4903547_051.nc,4903547,4903547,25.97168,-88.23357,2024-02-17T03:41:30Z,20240217,2024,834,0.64,99.92,90.022,True,True,True,https://noaa-nws-rtofs-pds.s3.amazonaws.com/rtofs.20240217/rtofs_glo_3dz_f006_6hrly_hvr_US_east.nc
ARGO_GDAC,pfl,aoml/4903547/profiles/D4903547_052.nc|2024-02-22T04:21:47Z|25.99210|-89.01879,aoml/4903547/profiles/D4903547_052.nc,4903547,4903547,25.9921,-89.01879,2024-02-22T04:21:47Z,20240222,2024,1008,1.08,2005.6,73.0264,True,True,True,https://noaa-nws-rtofs-pds.s3.amazonaws.com/rtofs.20240222/rtofs_glo_3dz_f006_6hrly_hvr_US_east.nc
ARGO_GDAC,pfl,aoml/4903547/profiles/D4903547_052.nc|2024-02-22T04:21:47Z|25.99210|-89.01879,aoml/4903547/profiles/D4903547_052.nc,4903547,4903547,25.9921,-89.01879,2024-02-22T04:21:47Z,20240222,2024,829,0.72,99.92,73.6311,True,True,True,https://noaa-nws-rtofs-pds.s3.amazonaws.com/rtofs.20240222/rtofs_glo_3dz_f006_6hrly_hvr_US_east.nc
ARGO_GDAC,pfl,aoml/4903547/profiles/D4903547_053.nc|2024-02-27T04:53:35Z|26.19656|-89.46551,aoml/4903547/profiles/D4903547_053.nc,4903547,4903547,26.19656,-89.46551,2024-02-27T04:53:35Z,20240227,2024,1013,0.48,2013.52,32.6649,True,True,True,https://noaa-nws-rtofs-pds.s3.amazonaws.com/rtofs.20240227/rtofs_glo_3dz_f006_6hrly_hvr_US_east.nc
ARGO_GDAC,pfl,aoml/4903547/profiles/D4903547_053.nc|2024-02-27T04:53:35Z|26.19656|-89.46551,aoml/4903547/profiles/D4903547_053.nc,4903547,4903547,26.19656,-89.46551,2024-02-27T04:53:35Z,20240227,2024,784,0.48,99.84,32.9376,True,True,True,https://noaa-nws-rtofs-pds.s3.amazonaws.com/rtofs.20240227/rtofs_glo_3dz_f006_6hrly_hvr_US_east.nc
ARGO_GDAC,pfl,aoml/4903547/profiles/D4903547_054.nc|2024-03-03T05:34:24Z|26.30983|-89.37465,aoml/4903547/profiles/D4903547_054.nc,4903547,4903547,26.30983,-89.37465,2024-03-03T05:34:24Z,20240303,2024,1009,0.96,2007.32,16.696,True,True,True,https://noaa-nws-rtofs-pds.s3.amazonaws.com/rtofs.20240303/rtofs_glo_3dz_f006_6hrly_hvr_US_east.nc
ARGO_GDAC,pfl,aoml/4903547/profiles/D4903547_054.nc|2024-03-03T05:34:24Z|26.30983|-89.37465,aoml/4903547/profiles/D4903547_054.nc,4903547,4903547,26.30983,-89.37465,2024-03-03T05:34:24Z,20240303,2024,827,0.52,100.0,16.5467,True,True,True,https://noaa-nws-rtofs-pds.s3.amazonaws.com/rtofs.20240303/rtofs_glo_3dz_f006_6hrly_hvr_US_east.nc
ARGO_GDAC,pfl,aoml/4903547/profiles/D4903547_055.nc|2024-03-08T06:05:11Z|26.07588|-89.33001,aoml/4903547/profiles/D4903547_055.nc,4903547,4903547,26.07588,-89.33001,2024-03-08T06:05:11Z,20240308,2024,1008,1.08,2005.72,47.8441,True,True,True,https://noaa-nws-rtofs-pds.s3.amazonaws.com/rtofs.20240308/rtofs_glo_3dz_f006_6hrly_hvr_US_east.nc
ARGO_GDAC,pfl,aoml/4903547/profiles/D4903547_055.nc|2024-03-08T06:05:11Z|26.07588|-89.33001,aoml/4903547/profiles/D4903547_055.nc,4903547,4903547,26.07588,-89.33001,2024-03-08T06:05:11Z,20240308,2024,824,0.8,100.0,47.8857,True,True,True,https://noaa-nws-rtofs-pds.s3.amazonaws.com/rtofs.20240308/rtofs_glo_3dz_f006_6hrly_hvr_US_east.nc
ARGO_GDAC,pfl,aoml/4903547/profiles/D4903547_056.nc|2024-03-13T06:43:05Z|26.15382|-89.51677,aoml/4903547/profiles/D4903547_056.nc,4903547,4903547,26.15382,-89.51677,2024-03-13T06:43:05Z,20240313,2024,1008,1.04,2005.4,77.7762,True,True,True,https://noaa-nws-rtofs-pds.s3.amazonaws.com/rtofs.20240313/rtofs_glo_3dz_f006_6hrly_hvr_US_east.nc
ARGO_GDAC,pfl,aoml/4903547/profiles/D4903547_056.nc|2024-03-13T06:43:05Z|26.15382|-89.51677,aoml/4903547/profiles/D4903547_056.nc,4903547,4903547,26.15382,-89.51677,2024-03-13T06:43:05Z,20240313,2024,788,0.64,99.92,76.08,True,True,True,https://noaa-nws-rtofs-pds.s3.amazonaws.com/rtofs.20240313/rtofs_glo_3dz_f006_6hrly_hvr_US_east.nc
ARGO_GDAC,pfl,aoml/4903547/profiles/D4903547_057.nc|2024-03-18T07:17:12Z|26.18375|-89.87616,aoml/4903547/profiles/D4903547_057.nc,4903547,4903547,26.18375,-89.87616,2024-03-18T07:17:12Z,20240318,2024,1012,1.0,2013.92,62.4642,True,True,True,https://noaa-nws-rtofs-pds.s3.amazonaws.com/rtofs.20240318/rtofs_glo_3dz_f006_6hrly_hvr_US_east.nc
ARGO_GDAC,pfl,aoml/4903547/profiles/D4903547_057.nc|2024-03-18T07:17:12Z|26.18375|-89.87616,aoml/4903547/profiles/D4903547_057.nc,4903547,4903547,26.18375,-89.87616,2024-03-18T07:17:12Z,20240318,2024,779,0.64,99.96,62.42,True,True,True,https://noaa-nws-rtofs-pds.s3.amazonaws.com/rtofs.20240318/rtofs_glo_3dz_f006_6hrly_hvr_US_east.nc
ARGO_GDAC,pfl,aoml/4903547/profiles/D4903547_058.nc|2024-03-23T07:52:31Z|26.24141|-90.53683,aoml/4903547/profiles/D4903547_058.nc,4903547,4903547,26.24141,-90.53683,2024-03-23T07:52:31Z,20240323,2024,1014,0.44,2015.64,49.1661,True,True,True,https://noaa-nws-rtofs-pds.s3.amazonaws.com/rtofs.20240323/rtofs_glo_3dz_f006_6hrly_hvr_US_east.nc
ARGO_GDAC,pfl,aoml/4903547/profiles/D4903547_058.nc|2024-03-23T07:52:31Z|26.24141|-90.53683,aoml/4903547/profiles/D4903547_058.nc,4903547,4903547,26.24141,-90.53683,2024-03-23T07:52:31Z,20240323,2024,735,0.4,99.92,49.108,True,True,True,https://noaa-nws-rtofs-pds.s3.amazonaws.com/rtofs.20240323/rtofs_glo_3dz_f006_6hrly_hvr_US_east.nc
ARGO_GDAC,pfl,aoml/4903547/profiles/D4903547_059.nc|2024-03-28T08:34:27Z|25.78440|-91.31871,aoml/4903547/profiles/D4903547_059.nc,4903547,4903547,25.7844,-91.31871,2024-03-28T08:34:27Z,20240328,2024,1011,1.04,2011.56,26.4515,True,True,True,https://noaa-nws-rtofs-pds.s3.amazonaws.com/rtofs.20240328/rtofs_glo_3dz_f006_6hrly_hvr_US_east.nc
ARGO_GDAC,pfl,aoml/4903547/profiles/D4903547_059.nc|2024-03-28T08:34:27Z|25.78440|-91.31871,aoml/4903547/profiles/D4903547_059.nc,4903547,4903547,25.7844,-91.31871,2024-03-28T08:34:27Z,20240328,2024,766,0.6,100.0,26.5627,True,True,True,https://noaa-nws-rtofs-pds.s3.amazonaws.com/rtofs.20240328/rtofs_glo_3dz_f006_6hrly_hvr_US_east.nc
ARGO_GDAC,pfl,aoml/4903547/profiles/D4903547_060.nc|2024-04-02T09:08:36Z|25.61354|-91.05649,aoml/4903547/profiles/D4903547_060.nc,4903547,4903547,25.61354,-91.05649,2024-04-02T09:08:36Z,20240402,2024,1010,1.0,2010.08,35.6081,True,True,True,https://noaa-nws-rtofs-pds.s3.amazonaws.com/rtofs.20240402/rtofs_glo_3dz_f006_6hrly_hvr_US_east.nc
ARGO_GDAC,pfl,aoml/4903547/profiles/D4903547_060.nc|2024-04-02T09:08:36Z|25.61354|-91.05649,aoml/4903547/profiles/D4903547_060.nc,4903547,4903547,25.61354,-91.05649,2024-04-02T09:08:36Z,20240402,2024,710,0.6,99.92,36.18,True,True,True,https://noaa-nws-rtofs-pds.s3.amazonaws.com/rtofs.20240402/rtofs_glo_3dz_f006_6hrly_hvr_US_east.nc
ARGO_GDAC,pfl,aoml/4903547/profiles/D4903547_061.nc|2024-04-07T09:43:44Z|25.78341|-91.76775,aoml/4903547/profiles/D4903547_061.nc,4903547,4903547,25.78341,-91.76775,2024-04-07T09:43:44Z,20240407,2024,1007,1.04,2003.56,53.2725,True,True,True,https://noaa-nws-rtofs-pds.s3.amazonaws.com/rtofs.20240407/rtofs_glo_3dz_f006_6hrly_hvr_US_east.nc
ARGO_GDAC,pfl,aoml/4903547/profiles/D4903547_061.nc|2024-04-07T09:43:44Z|25.78341|-91.76775,aoml/4903547/profiles/D4903547_061.nc,4903547,4903547,25.78341,-91.76775,2024-04-07T09:43:44Z,20240407,2024,732,0.64,100.0,54.0392,True,True,True,https://noaa-nws-rtofs-pds.s3.amazonaws.com/rtofs.20240407/rtofs_glo_3dz_f006_6hrly_hvr_US_east.nc
ARGO_GDAC,pfl,aoml/4903547/profiles/D4903547_062.nc|2024-04-12T10:18:47Z|25.79973|-92.57143,aoml/4903547/profiles/D4903547_062.nc,4903547,4903547,25.79973,-92.57143,2024-04-12T10:18:47Z,20240412,2024,1009,1.0,2007.8,49.7357,True,True,True,https://noaa-nws-rtofs-pds.s3.amazonaws.com/rtofs.20240412/rtofs_glo_3dz_f006_6hrly_hvr_US_east.nc
ARGO_GDAC,pfl,aoml/4903547/profiles/D4903547_062.nc|2024-04-12T10:18:47Z|25.79973|-92.57143,aoml/4903547/profiles/D4903547_062.nc,4903547,4903547,25.79973,-92.57143,2024-04-12T10:18:47Z,20240412,2024,686,0.52,99.92,49.9652,True,True,True,https://noaa-nws-rtofs-pds.s3.amazonaws.com/rtofs.20240412/rtofs_glo_3dz_f006_6hrly_hvr_US_east.nc
ARGO_GDAC,pfl,aoml/4903547/profiles/D4903547_063.nc|2024-04-17T10:49:40Z|25.93875|-93.32786,aoml/4903547/profiles/D4903547_063.nc,4903547,4903547,25.93875,-93.32786,2024-04-17T10:49:40Z,20240417,2024,1007,1.0,2003.36,53.8356,True,True,True,https://noaa-nws-rtofs-pds.s3.amazonaws.com/rtofs.20240417/rtofs_glo_3dz_f006_6hrly_hvr_US_east.nc
ARGO_GDAC,pfl,aoml/4903547/profiles/D4903547_063.nc|2024-04-17T10:49:40Z|25.93875|-93.32786,aoml/4903547/profiles/D4903547_063.nc,4903547,4903547,25.93875,-93.32786,2024-04-17T10:49:40Z,20240417,2024,702,0.6,99.92,52.7599,True,True,True,https://noaa-nws-rtofs-pds.s3.amazonaws.com/rtofs.20240417/rtofs_glo_3dz_f006_6hrly_hvr_US_east.nc
ARGO_GDAC,pfl,aoml/4903547/profiles/D4903547_064.nc|2024-04-22T11:28:16Z|25.88085|-94.02538,aoml/4903547/profiles/D4903547_064.nc,4903547,4903547,25.88085,-94.02538,2024-04-22T11:28:16Z,20240422,2024,1008,0.96,2005.36,53.0901,True,True,True,https://noaa-nws-rtofs-pds.s3.amazonaws.com/rtofs.20240422/rtofs_glo_3dz_f006_6hrly_hvr_US_east.nc
ARGO_GDAC,pfl,aoml/4903547/profiles/D4903547_064.nc|2024-04-22T11:28:16Z|25.88085|-94.02538,aoml/4903547/profiles/D4903547_064.nc,4903547,4903547,25.88085,-94.02538,2024-04-22T11:28:16Z,20240422,2024,674,0.6,99.96,52.496,True,True,True,https://noaa-nws-rtofs-pds.s3.amazonaws.com/rtofs.20240422/rtofs_glo_3dz_f006_6hrly_hvr_US_east.nc
ARGO_GDAC,pfl,aoml/4903547/profiles/D4903547_065.nc|2024-04-27T12:06:51Z|25.87295|-94.58789,aoml/4903547/profiles/D4903547_065.nc,4903547,4903547,25.87295,-94.58789,2024-04-27T12:06:51Z,20240427,2024,1012,0.96,2013.12,46.4954,True,True,True,https://noaa-nws-rtofs-pds.s3.amazonaws.com/rtofs.20240427/rtofs_glo_3dz_f006_6hrly_hvr_US_east.nc
ARGO_GDAC,pfl,aoml/4903547/profiles/D4903547_065.nc|2024-04-27T12:06:51Z|25.87295|-94.58789,aoml/4903547/profiles/D4903547_065.nc,4903547,4903547,25.87295,-94.58789,2024-04-27T12:06:51Z,20240427,2024,772,0.52,100.0,46.56,True,True,True,https://noaa-nws-rtofs-pds.s3.amazonaws.com/rtofs.20240427/rtofs_glo_3dz_f006_6hrly_hvr_US_east.nc
ARGO_GDAC,pfl,aoml/4903547/profiles/D4903547_066.nc|2024-05-02T12:53:04Z|25.77307|-94.89202,aoml/4903547/profiles/D4903547_066.nc,4903547,4903547,25.77307,-94.89202,2024-05-02T12:53:04Z,20240502,2024,1009,1.0,2007.96,42.6795,True,True,True,https://noaa-nws-rtofs-pds.s3.amazonaws.com/rtofs.20240502/rtofs_glo_3dz_f006_6hrly_hvr_US_east.nc
ARGO_GDAC,pfl,aoml/4903547/profiles/D4903547_066.nc|2024-05-02T12:53:04Z|25.77307|-94.89202,aoml/4903547/profiles/D4903547_066.nc,4903547,4903547,25.77307,-94.89202,2024-05-02T12:53:04Z,20240502,2024,704,0.6,100.0,42.76,True,True,True,https://noaa-nws-rtofs-pds.s3.amazonaws.com/rtofs.20240502/rtofs_glo_3dz_f006_6hrly_hvr_US_east.nc
ARGO_GDAC,pfl,aoml/4903547/profiles/D4903547_067.nc|2024-05-07T13:25:37Z|25.73053|-94.89263,aoml/4903547/profiles/D4903547_067.nc,4903547,4903547,25.73053,-94.89263,2024-05-07T13:25:37Z,20240507,2024,1008,1.04,2005.72,30.0741,True,True,True,https://noaa-nws-rtofs-pds.s3.amazonaws.com/rtofs.20240507/rtofs_glo_3dz_f006_6hrly_hvr_US_east.nc
ARGO_GDAC,pfl,aoml/4903547/profiles/D4903547_067.nc|2024-05-07T13:25:37Z|25.73053|-94.89263,aoml/4903547/profiles/D4903547_067.nc,4903547,4903547,25.73053,-94.89263,2024-05-07T13:25:37Z,20240507,2024,766,0.6,99.96,30.1844,True,True,True,https://noaa-nws-rtofs-pds.s3.amazonaws.com/rtofs.20240507/rtofs_glo_3dz_f006_6hrly_hvr_US_east.nc
ARGO_GDAC,pfl,aoml/4903547/profiles/D4903547_068.nc|2024-05-12T14:01:27Z|25.76695|-94.62538,aoml/4903547/profiles/D4903547_068.nc,4903547,4903547,25.76695,-94.62538,2024-05-12T14:01:27Z,20240512,2024,1007,1.04,2003.6,30.8861,True,True,True,https://noaa-nws-rtofs-pds.s3.amazonaws.com/rtofs.20240512/rtofs_glo_3dz_f006_6hrly_hvr_US_east.nc
ARGO_GDAC,pfl,aoml/4903547/profiles/D4903547_068.nc|2024-05-12T14:01:27Z|25.76695|-94.62538,aoml/4903547/profiles/D4903547_068.nc,4903547,4903547,25.76695,-94.62538,2024-05-12T14:01:27Z,20240512,2024,752,0.68,99.92,31.5078,True,True,True,https://noaa-nws-rtofs-pds.s3.amazonaws.com/rtofs.20240512/rtofs_glo_3dz_f006_6hrly_hvr_US_east.nc
ARGO_GDAC,pfl,aoml/4903547/profiles/D4903547_069.nc|2024-05-17T14:33:02Z|25.78158|-94.30562,aoml/4903547/profiles/D4903547_069.nc,4903547,4903547,25.78158,-94.30562,2024-05-17T14:33:02Z,20240517,2024,1008,0.96,2006.04,18.9608,True,True,True,https://noaa-nws-rtofs-pds.s3.amazonaws.com/rtofs.20240517/rtofs_glo_3dz_f006_6hrly_hvr_US_east.nc
ARGO_GDAC,pfl,aoml/4903547/profiles/D4903547_069.nc|2024-05-17T14:33:02Z|25.78158|-94.30562,aoml/4903547/profiles/D4903547_069.nc,4903547,4903547,25.78158,-94.30562,2024-05-17T14:33:02Z,20240517,2024,733,0.68,99.96,19.0457,True,True,True,https://noaa-nws-rtofs-pds.s3.amazonaws.com/rtofs.20240517/rtofs_glo_3dz_f006_6hrly_hvr_US_east.nc
ARGO_GDAC,pfl,aoml/4903547/profiles/D4903547_070.nc|2024-05-22T15:03:49Z|25.69090|-94.41978,aoml/4903547/profiles/D4903547_070.nc,4903547,4903547,25.6909,-94.41978,2024-05-22T15:03:49Z,20240522,2024,1007,1.04,2003.44,20.1879,True,True,True,https://noaa-nws-rtofs-pds.s3.amazonaws.com/rtofs.20240522/rtofs_glo_3dz_f006_6hrly_hvr_US_east.nc
ARGO_GDAC,pfl,aoml/4903547/profiles/D4903547_070.nc|2024-05-22T15:03:49Z|25.69090|-94.41978,aoml/4903547/profiles/D4903547_070.nc,4903547,4903547,25.6909,-94.41978,2024-05-22T15:03:49Z,20240522,2024,740,0.64,99.96,20.6887,True,True,True,https://noaa-nws-rtofs-pds.s3.amazonaws.com/rtofs.20240522/rtofs_glo_3dz_f006_6hrly_hvr_US_east.nc
ARGO_GDAC,pfl,aoml/4903547/profiles/D4903547_071.nc|2024-05-27T15:37:15Z|25.49151|-94.67391,aoml/4903547/profiles/D4903547_071.nc,4903547,4903547,25.49151,-94.67391,2024-05-27T15:37:15Z,20240527,2024,1008,1.04,2005.88,12.6718,True,True,True,https://noaa-nws-rtofs-pds.s3.amazonaws.com/rtofs.20240527/rtofs_glo_3dz_f006_6hrly_hvr_US_east.nc
ARGO_GDAC,pfl,aoml/4903547/profiles/D4903547_071.nc|2024-05-27T15:37:15Z|25.49151|-94.67391,aoml/4903547/profiles/D4903547_071.nc,4903547,4903547,25.49151,-94.67391,2024-05-27T15:37:15Z,20240527,2024,749,0.72,99.88,12.945,True,True,True,https://noaa-nws-rtofs-pds.s3.amazonaws.com/rtofs.20240527/rtofs_glo_3dz_f006_6hrly_hvr_US_east.nc
ARGO_GDAC,pfl,aoml/4903547/profiles/D4903547_072.nc|2024-06-01T16:11:46Z|25.29968|-94.90979,aoml/4903547/profiles/D4903547_072.nc,4903547,4903547,25.29968,-94.90979,2024-06-01T16:11:46Z,20240601,2024,1011,1.04,2011.6,18.0259,True,True,True,https://noaa-nws-rtofs-pds.s3.amazonaws.com/rtofs.20240601/rtofs_glo_3dz_f006_6hrly_hvr_US_east.nc
ARGO_GDAC,pfl,aoml/4903547/profiles/D4903547_072.nc|2024-06-01T16:11:46Z|25.29968|-94.90979,aoml/4903547/profiles/D4903547_072.nc,4903547,4903547,25.29968,-94.90979,2024-06-01T16:11:46Z,20240601,2024,758,0.68,100.0,18.36,True,True,True,https://noaa-nws-rtofs-pds.s3.amazonaws.com/rtofs.20240601/rtofs_glo_3dz_f006_6hrly_hvr_US_east.nc
ARGO_GDAC,pfl,aoml/4903547/profiles/D4903547_073.nc|2024-06-06T16:53:21Z|25.05227|-95.12611,aoml/4903547/profiles/D4903547_073.nc,4903547,4903547,25.05227,-95.12611,2024-06-06T16:53:21Z,20240606,2024,1007,1.08,2003.32,22.0793,True,True,True,https://noaa-nws-rtofs-pds.s3.amazonaws.com/rtofs.20240606/rtofs_glo_3dz_f006_6hrly_hvr_US_east.nc
ARGO_GDAC,pfl,aoml/4903547/profiles/D4903547_073.nc|2024-06-06T16:53:21Z|25.05227|-95.12611,aoml/4903547/profiles/D4903547_073.nc,4903547,4903547,25.05227,-95.12611,2024-06-06T16:53:21Z,20240606,2024,800,0.68,99.92,22.2917,True,True,True,https://noaa-nws-rtofs-pds.s3.amazonaws.com/rtofs.20240606/rtofs_glo_3dz_f006_6hrly_hvr_US_east.nc
ARGO_GDAC,pfl,aoml/4903547/profiles/D4903547_074.nc|2024-06-11T17:36:22Z|24.78256|-95.27817,aoml/4903547/profiles/D4903547_074.nc,4903547,4903547,24.78256,-95.27817,2024-06-11T17:36:22Z,20240611,2024,1013,0.48,2013.72,19.0195,True,True,True,https://noaa-nws-rtofs-pds.s3.amazonaws.com/rtofs.20240611/rtofs_glo_3dz_f006_6hrly_hvr_US_east.nc
ARGO_GDAC,pfl,aoml/4903547/profiles/D4903547_074.nc|2024-06-11T17:36:22Z|24.78256|-95.27817,aoml/4903547/profiles/D4903547_074.nc,4903547,4903547,24.78256,-95.27817,2024-06-11T17:36:22Z,20240611,2024,782,0.48,99.96,19.0519,True,True,True,https://noaa-nws-rtofs-pds.s3.amazonaws.com/rtofs.20240611/rtofs_glo_3dz_f006_6hrly_hvr_US_east.nc
ARGO_GDAC,pfl,aoml/4903547/profiles/D4903547_075.nc|2024-06-16T18:11:59Z|24.50664|-95.34322,aoml/4903547/profiles/D4903547_075.nc,4903547,4903547,24.50664,-95.34322,2024-06-16T18:11:59Z,20240616,2024,1011,0.88,2011.48,18.2266,True,True,True,https://noaa-nws-rtofs-pds.s3.amazonaws.com/rtofs.20240616/rtofs_glo_3dz_f006_6hrly_hvr_US_east.nc
ARGO_GDAC,pfl,aoml/4903547/profiles/D4903547_075.nc|2024-06-16T18:11:59Z|24.50664|-95.34322,aoml/4903547/profiles/D4903547_075.nc,4903547,4903547,24.50664,-95.34322,2024-06-16T18:11:59Z,20240616,2024,752,0.52,99.96,18.4,True,True,True,https://noaa-nws-rtofs-pds.s3.amazonaws.com/rtofs.20240616/rtofs_glo_3dz_f006_6hrly_hvr_US_east.nc
ARGO_GDAC,pfl,aoml/4903547/profiles/D4903547_076.nc|2024-06-21T18:42:14Z|24.23685|-95.25378,aoml/4903547/profiles/D4903547_076.nc,4903547,4903547,24.23685,-95.25378,2024-06-21T18:42:14Z,20240621,2024,1009,0.44,2005.72,25.3088,True,True,True,https://noaa-nws-rtofs-pds.s3.amazonaws.com/rtofs.20240621/rtofs_glo_3dz_f006_6hrly_hvr_US_east.nc
ARGO_GDAC,pfl,aoml/4903547/profiles/D4903547_076.nc|2024-06-21T18:42:14Z|24.23685|-95.25378,aoml/4903547/profiles/D4903547_076.nc,4903547,4903547,24.23685,-95.25378,2024-06-21T18:42:14Z,20240621,2024,719,0.44,99.88,25.8379,True,True,True,https://noaa-nws-rtofs-pds.s3.amazonaws.com/rtofs.20240621/rtofs_glo_3dz_f006_6hrly_hvr_US_east.nc
ARGO_GDAC,pfl,aoml/4903547/profiles/D4903547_077.nc|2024-06-26T19:17:18Z|24.02307|-95.15837,aoml/4903547/profiles/D4903547_077.nc,4903547,4903547,24.02307,-95.15837,2024-06-26T19:17:18Z,20240626,2024,1009,0.44,2005.32,23.6067,True,True,True,https://noaa-nws-rtofs-pds.s3.amazonaws.com/rtofs.20240626/rtofs_glo_3dz_f006_6hrly_hvr_US_east.nc
ARGO_GDAC,pfl,aoml/4903547/profiles/D4903547_077.nc|2024-06-26T19:17:18Z|24.02307|-95.15837,aoml/4903547/profiles/D4903547_077.nc,4903547,4903547,24.02307,-95.15837,2024-06-26T19:17:18Z,20240626,2024,756,0.44,99.88,23.1577,True,True,True,https://noaa-nws-rtofs-pds.s3.amazonaws.com/rtofs.20240626/rtofs_glo_3dz_f006_6hrly_hvr_US_east.nc
ARGO_GDAC,pfl,aoml/4903547/profiles/D4903547_078.nc|2024-07-01T19:46:27Z|23.67713|-95.20845,aoml/4903547/profiles/D4903547_078.nc,4903547,4903547,23.67713,-95.20845,2024-07-01T19:46:27Z,20240701,2024,1007,1.0,2003.32,32.0427,True,True,True,https://noaa-nws-rtofs-pds.s3.amazonaws.com/rtofs.20240701/rtofs_glo_3dz_f006_6hrly_hvr_US_east.nc
ARGO_GDAC,pfl,aoml/4903547/profiles/D4903547_078.nc|2024-07-01T19:46:27Z|23.67713|-95.20845,aoml/4903547/profiles/D4903547_078.nc,4903547,4903547,23.67713,-95.20845,2024-07-01T19:46:27Z,20240701,2024,781,0.56,99.96,32.5675,True,True,True,https://noaa-nws-rtofs-pds.s3.amazonaws.com/rtofs.20240701/rtofs_glo_3dz_f006_6hrly_hvr_US_east.nc
ARGO_GDAC,pfl,aoml/4903547/profiles/D4903547_079.nc|2024-07-06T20:21:16Z|23.13535|-95.33038,aoml/4903547/profiles/D4903547_079.nc,4903547,4903547,23.13535,-95.33038,2024-07-06T20:21:16Z,20240706,2024,1013,0.92,2015.4,20.4158,True,True,True,https://noaa-nws-rtofs-pds.s3.amazonaws.com/rtofs.20240706/rtofs_glo_3dz_f006_6hrly_hvr_US_east.nc
ARGO_GDAC,pfl,aoml/4903547/profiles/D4903547_079.nc|2024-07-06T20:21:16Z|23.13535|-95.33038,aoml/4903547/profiles/D4903547_079.nc,4903547,4903547,23.13535,-95.33038,2024-07-06T20:21:16Z,20240706,2024,757,0.52,99.88,20.2907,True,True,True,https://noaa-nws-rtofs-pds.s3.amazonaws.com/rtofs.20240706/rtofs_glo_3dz_f006_6hrly_hvr_US_east.nc
ARGO_GDAC,pfl,aoml/4903547/profiles/D4903547_080.nc|2024-07-11T20:51:35Z|22.65270|-95.42827,aoml/4903547/profiles/D4903547_080.nc,4903547,4903547,22.6527,-95.42827,2024-07-11T20:51:35Z,20240711,2024,1011,0.92,2011.52,33.2567,True,True,True,https://noaa-nws-rtofs-pds.s3.amazonaws.com/rtofs.20240711/rtofs_glo_3dz_f006_6hrly_hvr_US_east.nc
ARGO_GDAC,pfl,aoml/4903547/profiles/D4903547_080.nc|2024-07-11T20:51:35Z|22.65270|-95.42827,aoml/4903547/profiles/D4903547_080.nc,4903547,4903547,22.6527,-95.42827,2024-07-11T20:51:35Z,20240711,2024,768,0.56,99.88,33.4267,True,True,True,https://noaa-nws-rtofs-pds.s3.amazonaws.com/rtofs.20240711/rtofs_glo_3dz_f006_6hrly_hvr_US_east.nc
ARGO_GDAC,pfl,aoml/4903547/profiles/D4903547_081.nc|2024-07-16T21:33:02Z|22.27321|-95.39699,aoml/4903547/profiles/D4903547_081.nc,4903547,4903547,22.27321,-95.39699,2024-07-16T21:33:02Z,20240716,2024,1012,1.04,2013.4,17.2082,True,True,True,https://noaa-nws-rtofs-pds.s3.amazonaws.com/rtofs.20240716/rtofs_glo_3dz_f006_6hrly_hvr_US_east.nc
ARGO_GDAC,pfl,aoml/4903547/profiles/D4903547_081.nc|2024-07-16T21:33:02Z|22.27321|-95.39699,aoml/4903547/profiles/D4903547_081.nc,4903547,4903547,22.27321,-95.39699,2024-07-16T21:33:02Z,20240716,2024,773,0.56,99.92,17.208,True,True,True,https://noaa-nws-rtofs-pds.s3.amazonaws.com/rtofs.20240716/rtofs_glo_3dz_f006_6hrly_hvr_US_east.nc
ARGO_GDAC,pfl,aoml/4903547/profiles/D4903547_082.nc|2024-07-21T22:05:56Z|21.91230|-95.41157,aoml/4903547/profiles/D4903547_082.nc,4903547,4903547,21.9123,-95.41157,2024-07-21T22:05:56Z,20240721,2024,1009,0.44,2005.96,20.8058,True,True,True,https://noaa-nws-rtofs-pds.s3.amazonaws.com/rtofs.20240721/rtofs_glo_3dz_f006_6hrly_hvr_US_east.nc
ARGO_GDAC,pfl,aoml/4903547/profiles/D4903547_082.nc|2024-07-21T22:05:56Z|21.91230|-95.41157,aoml/4903547/profiles/D4903547_082.nc,4903547,4903547,21.9123,-95.41157,2024-07-21T22:05:56Z,20240721,2024,768,0.44,99.92,20.8247,True,True,True,https://noaa-nws-rtofs-pds.s3.amazonaws.com/rtofs.20240721/rtofs_glo_3dz_f006_6hrly_hvr_US_east.nc
ARGO_GDAC,pfl,aoml/4903547/profiles/D4903547_083.nc|2024-07-26T22:44:38Z|21.68807|-95.41055,aoml/4903547/profiles/D4903547_083.nc,4903547,4903547,21.68807,-95.41055,2024-07-26T22:44:38Z,20240726,2024,1011,1.0,2011.16,28.9712,True,True,True,https://noaa-nws-rtofs-pds.s3.amazonaws.com/rtofs.20240726/rtofs_glo_3dz_f006_6hrly_hvr_US_east.nc
ARGO_GDAC,pfl,aoml/4903547/profiles/D4903547_083.nc|2024-07-26T22:44:38Z|21.68807|-95.41055,aoml/4903547/profiles/D4903547_083.nc,4903547,4903547,21.68807,-95.41055,2024-07-26T22:44:38Z,20240726,2024,738,0.6,99.96,29.8955,True,True,True,https://noaa-nws-rtofs-pds.s3.amazonaws.com/rtofs.20240726/rtofs_glo_3dz_f006_6hrly_hvr_US_east.nc
ARGO_GDAC,pfl,aoml/4903547/profiles/D4903547_084.nc|2024-07-31T23:18:01Z|21.57956|-95.39611,aoml/4903547/profiles/D4903547_084.nc,4903547,4903547,21.57956,-95.39611,2024-07-31T23:18:01Z,20240731,2024,1014,0.48,2015.2,25.6598,True,True,True,https://noaa-nws-rtofs-pds.s3.amazonaws.com/rtofs.20240731/rtofs_glo_3dz_f006_6hrly_hvr_US_east.nc
ARGO_GDAC,pfl,aoml/4903547/profiles/D4903547_084.nc|2024-07-31T23:18:01Z|21.57956|-95.39611,aoml/4903547/profiles/D4903547_084.nc,4903547,4903547,21.57956,-95.39611,2024-07-31T23:18:01Z,20240731,2024,841,0.48,99.96,25.8923,True,True,True,https://noaa-nws-rtofs-pds.s3.amazonaws.com/rtofs.20240731/rtofs_glo_3dz_f006_6hrly_hvr_US_east.nc
ARGO_GDAC,pfl,aoml/4903547/profiles/D4903547_085.nc|2024-08-05T23:54:41Z|21.65623|-95.51762,aoml/4903547/profiles/D4903547_085.nc,4903547,4903547,21.65623,-95.51762,2024-08-05T23:54:41Z,20240805,2024,1010,1.04,2009.36,18.351,True,True,True,https://noaa-nws-rtofs-pds.s3.amazonaws.com/rtofs.20240805/rtofs_glo_3dz_f006_6hrly_hvr_US_east.nc
ARGO_GDAC,pfl,aoml/4903547/profiles/D4903547_085.nc|2024-08-05T23:54:41Z|21.65623|-95.51762,aoml/4903547/profiles/D4903547_085.nc,4903547,4903547,21.65623,-95.51762,2024-08-05T23:54:41Z,20240805,2024,783,0.64,99.92,18.2338,True,True,True,https://noaa-nws-rtofs-pds.s3.amazonaws.com/rtofs.20240805/rtofs_glo_3dz_f006_6hrly_hvr_US_east.nc
ARGO_GDAC,pfl,aoml/4903547/profiles/D4903547_086.nc|2024-08-11T00:21:33Z|22.08665|-95.50324,aoml/4903547/profiles/D4903547_086.nc,4903547,4903547,22.08665,-95.50324,2024-08-11T00:21:33Z,20240811,2024,1011,0.96,2012.04,21.0375,True,True,True,https://noaa-nws-rtofs-pds.s3.amazonaws.com/rtofs.20240811/rtofs_glo_3dz_f006_6hrly_hvr_US_east.nc
ARGO_GDAC,pfl,aoml/4903547/profiles/D4903547_086.nc|2024-08-11T00:21:33Z|22.08665|-95.50324,aoml/4903547/profiles/D4903547_086.nc,4903547,4903547,22.08665,-95.50324,2024-08-11T00:21:33Z,20240811,2024,854,0.56,99.88,21.028,True,True,True,https://noaa-nws-rtofs-pds.s3.amazonaws.com/rtofs.20240811/rtofs_glo_3dz_f006_6hrly_hvr_US_east.nc
ARGO_GDAC,pfl,aoml/4903547/profiles/D4903547_087.nc|2024-08-16T00:56:36Z|22.55092|-95.40798,aoml/4903547/profiles/D4903547_087.nc,4903547,4903547,22.55092,-95.40798,2024-08-16T00:56:36Z,20240816,2024,1008,1.04,2005.6,24.5328,True,True,True,https://noaa-nws-rtofs-pds.s3.amazonaws.com/rtofs.20240816/rtofs_glo_3dz_f006_6hrly_hvr_US_east.nc
ARGO_GDAC,pfl,aoml/4903547/profiles/D4903547_087.nc|2024-08-16T00:56:36Z|22.55092|-95.40798,aoml/4903547/profiles/D4903547_087.nc,4903547,4903547,22.55092,-95.40798,2024-08-16T00:56:36Z,20240816,2024,796,0.68,99.96,24.624,True,True,True,https://noaa-nws-rtofs-pds.s3.amazonaws.com/rtofs.20240816/rtofs_glo_3dz_f006_6hrly_hvr_US_east.nc
ARGO_GDAC,pfl,aoml/4903547/profiles/D4903547_088.nc|2024-08-21T01:26:54Z|22.56607|-95.80150,aoml/4903547/profiles/D4903547_088.nc,4903547,4903547,22.56607,-95.8015,2024-08-21T01:26:54Z,20240821,2024,1007,1.04,2003.44,22.9205,True,True,True,https://noaa-nws-rtofs-pds.s3.amazonaws.com/rtofs.20240821/rtofs_glo_3dz_f006_6hrly_hvr_US_east.nc
ARGO_GDAC,pfl,aoml/4903547/profiles/D4903547_088.nc|2024-08-21T01:26:54Z|22.56607|-95.80150,aoml/4903547/profiles/D4903547_088.nc,4903547,4903547,22.56607,-95.8015,2024-08-21T01:26:54Z,20240821,2024,836,0.56,99.88,22.2867,True,True,True,https://noaa-nws-rtofs-pds.s3.amazonaws.com/rtofs.20240821/rtofs_glo_3dz_f006_6hrly_hvr_US_east.nc
ARGO_GDAC,pfl,aoml/4903547/profiles/D4903547_089.nc|2024-08-26T02:03:47Z|22.37471|-95.98820,aoml/4903547/profiles/D4903547_089.nc,4903547,4903547,22.37471,-95.9882,2024-08-26T02:03:47Z,20240826,2024,1008,1.0,2005.36,16.57,True,True,True,https://noaa-nws-rtofs-pds.s3.amazonaws.com/rtofs.20240826/rtofs_glo_3dz_f006_6hrly_hvr_US_east.nc
ARGO_GDAC,pfl,aoml/4903547/profiles/D4903547_089.nc|2024-08-26T02:03:47Z|22.37471|-95.98820,aoml/4903547/profiles/D4903547_089.nc,4903547,4903547,22.37471,-95.9882,2024-08-26T02:03:47Z,20240826,2024,790,0.6,100.0,16.11,True,True,True,https://noaa-nws-rtofs-pds.s3.amazonaws.com/rtofs.20240826/rtofs_glo_3dz_f006_6hrly_hvr_US_east.nc
ARGO_GDAC,pfl,aoml/4903547/profiles/D4903547_090.nc|2024-08-31T02:40:33Z|22.26552|-96.01433,aoml/4903547/profiles/D4903547_090.nc,4903547,4903547,22.26552,-96.01433,2024-08-31T02:40:33Z,20240831,2024,1010,0.96,2009.64,19.6394,True,True,True,https://noaa-nws-rtofs-pds.s3.amazonaws.com/rtofs.20240831/rtofs_glo_3dz_f006_6hrly_hvr_US_east.nc
ARGO_GDAC,pfl,aoml/4903547/profiles/D4903547_090.nc|2024-08-31T02:40:33Z|22.26552|-96.01433,aoml/4903547/profiles/D4903547_090.nc,4903547,4903547,22.26552,-96.01433,2024-08-31T02:40:33Z,20240831,2024,773,0.52,99.96,19.4301,True,True,True,https://noaa-nws-rtofs-pds.s3.amazonaws.com/rtofs.20240831/rtofs_glo_3dz_f006_6hrly_hvr_US_east.nc
ARGO_GDAC,pfl,aoml/4903547/profiles/D4903547_091.nc|2024-09-05T03:19:32Z|22.09937|-96.02860,aoml/4903547/profiles/D4903547_091.nc,4903547,4903547,22.09937,-96.0286,2024-09-05T03:19:32Z,20240905,2024,1009,0.44,2005.6,24.739,True,True,True,https://noaa-nws-rtofs-pds.s3.amazonaws.com/rtofs.20240905/rtofs_glo_3dz_f006_6hrly_hvr_US_east.nc
ARGO_GDAC,pfl,aoml/4903547/profiles/D4903547_091.nc|2024-09-05T03:19:32Z|22.09937|-96.02860,aoml/4903547/profiles/D4903547_091.nc,4903547,4903547,22.09937,-96.0286,2024-09-05T03:19:32Z,20240905,2024,887,0.44,99.88,24.8371,True,True,True,https://noaa-nws-rtofs-pds.s3.amazonaws.com/rtofs.20240905/rtofs_glo_3dz_f006_6hrly_hvr_US_east.nc
ARGO_GDAC,pfl,aoml/4903547/profiles/D4903547_092.nc|2024-09-10T03:55:09Z|21.82696|-96.03848,aoml/4903547/profiles/D4903547_092.nc,4903547,4903547,21.82696,-96.03848,2024-09-10T03:55:09Z,20240910,2024,1012,1.08,2013.4,30.912,True,True,True,https://noaa-nws-rtofs-pds.s3.amazonaws.com/rtofs.20240910/rtofs_glo_3dz_f006_6hrly_hvr_US_east.nc
ARGO_GDAC,pfl,aoml/4903547/profiles/D4903547_092.nc|2024-09-10T03:55:09Z|21.82696|-96.03848,aoml/4903547/profiles/D4903547_092.nc,4903547,4903547,21.82696,-96.03848,2024-09-10T03:55:09Z,20240910,2024,837,0.64,100.0,30.9127,True,True,True,https://noaa-nws-rtofs-pds.s3.amazonaws.com/rtofs.20240910/rtofs_glo_3dz_f006_6hrly_hvr_US_east.nc
ARGO_GDAC,pfl,aoml/4903547/profiles/D4903547_093.nc|2024-09-15T04:29:53Z|21.57240|-95.76963,aoml/4903547/profiles/D4903547_093.nc,4903547,4903547,21.5724,-95.76963,2024-09-15T04:29:53Z,20240915,2024,1012,1.04,2013.84,34.3316,True,True,True,https://noaa-nws-rtofs-pds.s3.amazonaws.com/rtofs.20240915/rtofs_glo_3dz_f006_6hrly_hvr_US_east.nc
ARGO_GDAC,pfl,aoml/4903547/profiles/D4903547_093.nc|2024-09-15T04:29:53Z|21.57240|-95.76963,aoml/4903547/profiles/D4903547_093.nc,4903547,4903547,21.5724,-95.76963,2024-09-15T04:29:53Z,20240915,2024,771,0.6,99.92,34.92,True,True,True,https://noaa-nws-rtofs-pds.s3.amazonaws.com/rtofs.20240915/rtofs_glo_3dz_f006_6hrly_hvr_US_east.nc
ARGO_GDAC,pfl,aoml/4903547/profiles/D4903547_094.nc|2024-09-20T05:07:34Z|21.33889|-95.61695,aoml/4903547/profiles/D4903547_094.nc,4903547,4903547,21.33889,-95.61695,2024-09-20T05:07:34Z,20240920,2024,1014,0.48,2015.4,17.1237,True,True,True,https://noaa-nws-rtofs-pds.s3.amazonaws.com/rtofs.20240920/rtofs_glo_3dz_f006_6hrly_hvr_US_east.nc
ARGO_GDAC,pfl,aoml/4903547/profiles/D4903547_094.nc|2024-09-20T05:07:34Z|21.33889|-95.61695,aoml/4903547/profiles/D4903547_094.nc,4903547,4903547,21.33889,-95.61695,2024-09-20T05:07:34Z,20240920,2024,954,0.48,99.88,17.8062,True,True,True,https://noaa-nws-rtofs-pds.s3.amazonaws.com/rtofs.20240920/rtofs_glo_3dz_f006_6hrly_hvr_US_east.nc
ARGO_GDAC,pfl,aoml/4903547/profiles/D4903547_095.nc|2024-09-25T05:48:26Z|21.12503|-95.54964,aoml/4903547/profiles/D4903547_095.nc,4903547,4903547,21.12503,-95.54964,2024-09-25T05:48:26Z,20240925,2024,1012,0.92,2013.36,22.7196,True,True,True,https://noaa-nws-rtofs-pds.s3.amazonaws.com/rtofs.20240925/rtofs_glo_3dz_f006_6hrly_hvr_US_east.nc
ARGO_GDAC,pfl,aoml/4903547/profiles/D4903547_095.nc|2024-09-25T05:48:26Z|21.12503|-95.54964,aoml/4903547/profiles/D4903547_095.nc,4903547,4903547,21.12503,-95.54964,2024-09-25T05:48:26Z,20240925,2024,905,0.52,99.96,22.5772,True,True,True,https://noaa-nws-rtofs-pds.s3.amazonaws.com/rtofs.20240925/rtofs_glo_3dz_f006_6hrly_hvr_US_east.nc
ARGO_GDAC,pfl,aoml/4903547/profiles/D4903547_096.nc|2024-09-30T06:26:44Z|20.90094|-95.51482,aoml/4903547/profiles/D4903547_096.nc,4903547,4903547,20.90094,-95.51482,2024-09-30T06:26:44Z,20240930,2024,1008,1.0,2005.48,24.0351,True,True,True,https://noaa-nws-rtofs-pds.s3.amazonaws.com/rtofs.20240930/rtofs_glo_3dz_f006_6hrly_hvr_US_east.nc
ARGO_GDAC,pfl,aoml/4903547/profiles/D4903547_096.nc|2024-09-30T06:26:44Z|20.90094|-95.51482,aoml/4903547/profiles/D4903547_096.nc,4903547,4903547,20.90094,-95.51482,2024-09-30T06:26:44Z,20240930,2024,882,0.52,100.0,24.6,True,True,True,https://noaa-nws-rtofs-pds.s3.amazonaws.com/rtofs.20240930/rtofs_glo_3dz_f006_6hrly_hvr_US_east.nc
ARGO_GDAC,pfl,aoml/4903547/profiles/D4903547_097.nc|2024-10-05T07:06:07Z|20.64779|-95.53430,aoml/4903547/profiles/D4903547_097.nc,4903547,4903547,20.64779,-95.5343,2024-10-05T07:06:07Z,20241005,2024,1008,0.48,2003.56,20.4453,True,True,True,https://noaa-nws-rtofs-pds.s3.amazonaws.com/rtofs.20241005/rtofs_glo_3dz_f006_6hrly_hvr_US_east.nc
ARGO_GDAC,pfl,aoml/4903547/profiles/D4903547_097.nc|2024-10-05T07:06:07Z|20.64779|-95.53430,aoml/4903547/profiles/D4903547_097.nc,4903547,4903547,20.64779,-95.5343,2024-10-05T07:06:07Z,20241005,2024,858,0.48,99.96,21.4277,True,True,True,https://noaa-nws-rtofs-pds.s3.amazonaws.com/rtofs.20241005/rtofs_glo_3dz_f006_6hrly_hvr_US_east.nc
ARGO_GDAC,pfl,aoml/4903547/profiles/D4903547_098.nc|2024-10-10T07:46:51Z|20.40985|-95.59048,aoml/4903547/profiles/D4903547_098.nc,4903547,4903547,20.40985,-95.59048,2024-10-10T07:46:51Z,20241010,2024,1013,1.0,2015.28,30.9645,True,True,True,https://noaa-nws-rtofs-pds.s3.amazonaws.com/rtofs.20241010/rtofs_glo_3dz_f006_6hrly_hvr_US_east.nc
ARGO_GDAC,pfl,aoml/4903547/profiles/D4903547_098.nc|2024-10-10T07:46:51Z|20.40985|-95.59048,aoml/4903547/profiles/D4903547_098.nc,4903547,4903547,20.40985,-95.59048,2024-10-10T07:46:51Z,20241010,2024,804,0.68,99.92,31.4393,True,True,True,https://noaa-nws-rtofs-pds.s3.amazonaws.com/rtofs.20241010/rtofs_glo_3dz_f006_6hrly_hvr_US_east.nc
ARGO_GDAC,pfl,aoml/4903547/profiles/D4903547_099.nc|2024-10-15T08:26:45Z|20.14760|-95.56158,aoml/4903547/profiles/D4903547_099.nc,4903547,4903547,20.1476,-95.56158,2024-10-15T08:26:45Z,20241015,2024,1011,0.36,2009.84,34.1263,True,True,True,https://noaa-nws-rtofs-pds.s3.amazonaws.com/rtofs.20241015/rtofs_glo_3dz_f006_6hrly_hvr_US_east.nc
ARGO_GDAC,pfl,aoml/4903547/profiles/D4903547_099.nc|2024-10-15T08:26:45Z|20.14760|-95.56158,aoml/4903547/profiles/D4903547_099.nc,4903547,4903547,20.1476,-95.56158,2024-10-15T08:26:45Z,20241015,2024,718,0.36,99.88,34.1372,True,True,True,https://noaa-nws-rtofs-pds.s3.amazonaws.com/rtofs.20241015/rtofs_glo_3dz_f006_6hrly_hvr_US_east.nc
ARGO_GDAC,pfl,aoml/4903547/profiles/D4903547_100.nc|2024-10-20T09:02:01Z|19.85267|-95.30234,aoml/4903547/profiles/D4903547_100.nc,4903547,4903547,19.85267,-95.30234,2024-10-20T09:02:01Z,20241020,2024,1008,1.0,2005.8,36.1672,True,True,True,https://noaa-nws-rtofs-pds.s3.amazonaws.com/rtofs.20241020/rtofs_glo_3dz_f006_6hrly_hvr_US_east.nc
ARGO_GDAC,pfl,aoml/4903547/profiles/D4903547_100.nc|2024-10-20T09:02:01Z|19.85267|-95.30234,aoml/4903547/profiles/D4903547_100.nc,4903547,4903547,19.85267,-95.30234,2024-10-20T09:02:01Z,20241020,2024,790,0.52,99.96,36.7917,True,True,True,https://noaa-nws-rtofs-pds.s3.amazonaws.com/rtofs.20241020/rtofs_glo_3dz_f006_6hrly_hvr_US_east.nc
ARGO_GDAC,pfl,aoml/4903547/profiles/D4903547_101.nc|2024-10-25T09:51:12Z|19.85707|-94.86995,aoml/4903547/profiles/D4903547_101.nc,4903547,4903547,19.85707,-94.86995,2024-10-25T09:51:12Z,20241025,2024,1012,0.92,2013.76,30.2373,True,True,True,https://noaa-nws-rtofs-pds.s3.amazonaws.com/rtofs.20241025/rtofs_glo_3dz_f006_6hrly_hvr_US_east.nc
ARGO_GDAC,pfl,aoml/4903547/profiles/D4903547_101.nc|2024-10-25T09:51:12Z|19.85707|-94.86995,aoml/4903547/profiles/D4903547_101.nc,4903547,4903547,19.85707,-94.86995,2024-10-25T09:51:12Z,20241025,2024,797,0.56,99.96,30.2552,True,True,True,https://noaa-nws-rtofs-pds.s3.amazonaws.com/rtofs.20241025/rtofs_glo_3dz_f006_6hrly_hvr_US_east.nc
ARGO_GDAC,pfl,aoml/4903547/profiles/D4903547_102.nc|2024-10-30T10:24:35Z|20.52211|-94.44242,aoml/4903547/profiles/D4903547_102.nc,4903547,4903547,20.52211,-94.44242,2024-10-30T10:24:35Z,20241030,2024,1011,0.44,2009.68,34.6868,True,True,True,https://noaa-nws-rtofs-pds.s3.amazonaws.com/rtofs.20241030/rtofs_glo_3dz_f006_6hrly_hvr_US_east.nc
ARGO_GDAC,pfl,aoml/4903547/profiles/D4903547_102.nc|2024-10-30T10:24:35Z|20.52211|-94.44242,aoml/4903547/profiles/D4903547_102.nc,4903547,4903547,20.52211,-94.44242,2024-10-30T10:24:35Z,20241030,2024,826,0.44,99.96,35.4267,True,True,True,https://noaa-nws-rtofs-pds.s3.amazonaws.com/rtofs.20241030/rtofs_glo_3dz_f006_6hrly_hvr_US_east.nc
ARGO_GDAC,pfl,aoml/4903547/profiles/D4903547_103.nc|2024-11-04T10:46:04Z|21.20392|-94.15782,aoml/4903547/profiles/D4903547_103.nc,4903547,4903547,21.20392,-94.15782,2024-11-04T10:46:04Z,20241104,2024,1011,1.0,2011.12,37.6984,True,True,True,https://noaa-nws-rtofs-pds.s3.amazonaws.com/rtofs.20241104/rtofs_glo_3dz_f006_6hrly_hvr_US_east.nc
ARGO_GDAC,pfl,aoml/4903547/profiles/D4903547_103.nc|2024-11-04T10:46:04Z|21.20392|-94.15782,aoml/4903547/profiles/D4903547_103.nc,4903547,4903547,21.20392,-94.15782,2024-11-04T10:46:04Z,20241104,2024,750,0.56,99.76,37.8618,True,True,True,https://noaa-nws-rtofs-pds.s3.amazonaws.com/rtofs.20241104/rtofs_glo_3dz_f006_6hrly_hvr_US_east.nc
ARGO_GDAC,pfl,aoml/4903547/profiles/D4903547_104.nc|2024-11-09T11:25:15Z|21.52275|-93.86826,aoml/4903547/profiles/D4903547_104.nc,4903547,4903547,21.52275,-93.86826,2024-11-09T11:25:15Z,20241109,2024,1010,0.96,2009.48,30.9843,True,True,True,https://noaa-nws-rtofs-pds.s3.amazonaws.com/rtofs.20241109/rtofs_glo_3dz_f006_6hrly_hvr_US_east.nc
ARGO_GDAC,pfl,aoml/4903547/profiles/D4903547_104.nc|2024-11-09T11:25:15Z|21.52275|-93.86826,aoml/4903547/profiles/D4903547_104.nc,4903547,4903547,21.52275,-93.86826,2024-11-09T11:25:15Z,20241109,2024,755,0.56,99.92,30.5642,True,True,True,https://noaa-nws-rtofs-pds.s3.amazonaws.com/rtofs.20241109/rtofs_glo_3dz_f006_6hrly_hvr_US_east.nc
ARGO_GDAC,pfl,aoml/4903547/profiles/D4903547_105.nc|2024-11-14T12:00:00Z|21.58955|-93.68752,aoml/4903547/profiles/D4903547_105.nc,4903547,4903547,21.58955,-93.68752,2024-11-14T12:00:00Z,20241114,2024,1011,1.04,2011.16,50.1701,True,True,True,https://noaa-nws-rtofs-pds.s3.amazonaws.com/rtofs.20241114/rtofs_glo_3dz_f006_6hrly_hvr_US_east.nc
ARGO_GDAC,pfl,aoml/4903547/profiles/D4903547_105.nc|2024-11-14T12:00:00Z|21.58955|-93.68752,aoml/4903547/profiles/D4903547_105.nc,4903547,4903547,21.58955,-93.68752,2024-11-14T12:00:00Z,20241114,2024,761,0.56,99.92,32.9601,True,True,True,https://noaa-nws-rtofs-pds.s3.amazonaws.com/rtofs.20241114/rtofs_glo_3dz_f006_6hrly_hvr_US_east.nc
ARGO_GDAC,pfl,aoml/4903547/profiles/D4903547_106.nc|2024-11-19T12:34:19Z|21.63523|-93.41459,aoml/4903547/profiles/D4903547_106.nc,4903547,4903547,21.63523,-93.41459,2024-11-19T12:34:19Z,20241119,2024,1011,0.48,2009.64,14.9879,True,True,True,https://noaa-nws-rtofs-pds.s3.amazonaws.com/rtofs.20241119/rtofs_glo_3dz_f006_6hrly_hvr_US_east.nc
ARGO_GDAC,pfl,aoml/4903547/profiles/D4903547_106.nc|2024-11-19T12:34:19Z|21.63523|-93.41459,aoml/4903547/profiles/D4903547_106.nc,4903547,4903547,21.63523,-93.41459,2024-11-19T12:34:19Z,20241119,2024,781,0.48,99.96,15.16,True,True,True,https://noaa-nws-rtofs-pds.s3.amazonaws.com/rtofs.20241119/rtofs_glo_3dz_f006_6hrly_hvr_US_east.nc
ARGO_GDAC,pfl,aoml/4903547/profiles/D4903547_107.nc|2024-11-24T13:11:43Z|21.64382|-93.09574,aoml/4903547/profiles/D4903547_107.nc,4903547,4903547,21.64382,-93.09574,2024-11-24T13:11:43Z,20241124,2024,1012,0.48,2011.56,29.6032,True,True,True,https://noaa-nws-rtofs-pds.s3.amazonaws.com/rtofs.20241124/rtofs_glo_3dz_f006_6hrly_hvr_US_east.nc
ARGO_GDAC,pfl,aoml/4903547/profiles/D4903547_107.nc|2024-11-24T13:11:43Z|21.64382|-93.09574,aoml/4903547/profiles/D4903547_107.nc,4903547,4903547,21.64382,-93.09574,2024-11-24T13:11:43Z,20241124,2024,775,0.48,99.92,29.8069,True,True,True,https://noaa-nws-rtofs-pds.s3.amazonaws.com/rtofs.20241124/rtofs_glo_3dz_f006_6hrly_hvr_US_east.nc
ARGO_GDAC,pfl,aoml/4903547/profiles/D4903547_108.nc|2024-11-29T13:46:25Z|21.64563|-92.89831,aoml/4903547/profiles/D4903547_108.nc,4903547,4903547,21.64563,-92.89831,2024-11-29T13:46:25Z,20241129,2024,1008,0.96,2005.44,17.3674,True,True,True,https://noaa-nws-rtofs-pds.s3.amazonaws.com/rtofs.20241129/rtofs_glo_3dz_f006_6hrly_hvr_US_east.nc
ARGO_GDAC,pfl,aoml/4903547/profiles/D4903547_108.nc|2024-11-29T13:46:25Z|21.64563|-92.89831,aoml/4903547/profiles/D4903547_108.nc,4903547,4903547,21.64563,-92.89831,2024-11-29T13:46:25Z,20241129,2024,758,0.52,99.88,17.305,True,True,True,https://noaa-nws-rtofs-pds.s3.amazonaws.com/rtofs.20241129/rtofs_glo_3dz_f006_6hrly_hvr_US_east.nc
ARGO_GDAC,pfl,aoml/4903547/profiles/D4903547_109.nc|2024-12-04T14:28:44Z|21.90296|-92.78183,aoml/4903547/profiles/D4903547_109.nc,4903547,4903547,21.90296,-92.78183,2024-12-04T14:28:44Z,20241204,2024,1013,1.12,2015.52,49.3557,True,True,True,https://noaa-nws-rtofs-pds.s3.amazonaws.com/rtofs.20241204/rtofs_glo_3dz_f006_6hrly_hvr_US_east.nc
ARGO_GDAC,pfl,aoml/4903547/profiles/D4903547_109.nc|2024-12-04T14:28:44Z|21.90296|-92.78183,aoml/4903547/profiles/D4903547_109.nc,4903547,4903547,21.90296,-92.78183,2024-12-04T14:28:44Z,20241204,2024,833,0.76,99.92,49.2972,True,True,True,https://noaa-nws-rtofs-pds.s3.amazonaws.com/rtofs.20241204/rtofs_glo_3dz_f006_6hrly_hvr_US_east.nc
ARGO_GDAC,pfl,aoml/4903547/profiles/D4903547_110.nc|2024-12-09T15:04:52Z|22.15636|-92.53284,aoml/4903547/profiles/D4903547_110.nc,4903547,4903547,22.15636,-92.53284,2024-12-09T15:04:52Z,20241209,2024,1008,1.08,2005.52,59.92,True,True,True,https://noaa-nws-rtofs-pds.s3.amazonaws.com/rtofs.20241209/rtofs_glo_3dz_f006_6hrly_hvr_US_east.nc
ARGO_GDAC,pfl,aoml/4903547/profiles/D4903547_110.nc|2024-12-09T15:04:52Z|22.15636|-92.53284,aoml/4903547/profiles/D4903547_110.nc,4903547,4903547,22.15636,-92.53284,2024-12-09T15:04:52Z,20241209,2024,831,0.64,100.0,59.7644,True,True,True,https://noaa-nws-rtofs-pds.s3.amazonaws.com/rtofs.20241209/rtofs_glo_3dz_f006_6hrly_hvr_US_east.nc
ARGO_GDAC,pfl,aoml/4903547/profiles/D4903547_111.nc|2024-12-14T15:43:18Z|22.33100|-92.12945,aoml/4903547/profiles/D4903547_111.nc,4903547,4903547,22.331,-92.12945,2024-12-14T15:43:18Z,20241214,2024,1010,1.04,2009.48,70.4903,True,True,True,https://noaa-nws-rtofs-pds.s3.amazonaws.com/rtofs.20241214/rtofs_glo_3dz_f006_6hrly_hvr_US_east.nc
ARGO_GDAC,pfl,aoml/4903547/profiles/D4903547_111.nc|2024-12-14T15:43:18Z|22.33100|-92.12945,aoml/4903547/profiles/D4903547_111.nc,4903547,4903547,22.331,-92.12945,2024-12-14T15:43:18Z,20241214,2024,789,0.72,99.88,70.4134,True,True,True,https://noaa-nws-rtofs-pds.s3.amazonaws.com/rtofs.20241214/rtofs_glo_3dz_f006_6hrly_hvr_US_east.nc
ARGO_GDAC,pfl,aoml/4903547/profiles/D4903547_112.nc|2024-12-19T16:16:45Z|22.65598|-91.83744,aoml/4903547/profiles/D4903547_112.nc,4903547,4903547,22.65598,-91.83744,2024-12-19T16:16:45Z,20241219,2024,1007,1.04,2003.44,72.2548,True,True,True,https://noaa-nws-rtofs-pds.s3.amazonaws.com/rtofs.20241219/rtofs_glo_3dz_f006_6hrly_hvr_US_east.nc
ARGO_GDAC,pfl,aoml/4903547/profiles/D4903547_112.nc|2024-12-19T16:16:45Z|22.65598|-91.83744,aoml/4903547/profiles/D4903547_112.nc,4903547,4903547,22.65598,-91.83744,2024-12-19T16:16:45Z,20241219,2024,739,0.68,99.92,72.4929,True,True,True,https://noaa-nws-rtofs-pds.s3.amazonaws.com/rtofs.20241219/rtofs_glo_3dz_f006_6hrly_hvr_US_east.nc
ARGO_GDAC,pfl,aoml/4903547/profiles/D4903547_113.nc|2024-12-24T16:45:26Z|23.04576|-91.84766,aoml/4903547/profiles/D4903547_113.nc,4903547,4903547,23.04576,-91.84766,2024-12-24T16:45:26Z,20241224,2024,1008,1.04,2005.4,85.1068,True,True,True,https://noaa-nws-rtofs-pds.s3.amazonaws.com/rtofs.20241224/rtofs_glo_3dz_f006_6hrly_hvr_US_east.nc
ARGO_GDAC,pfl,aoml/4903547/profiles/D4903547_113.nc|2024-12-24T16:45:26Z|23.04576|-91.84766,aoml/4903547/profiles/D4903547_113.nc,4903547,4903547,23.04576,-91.84766,2024-12-24T16:45:26Z,20241224,2024,708,0.56,99.88,85.843,True,True,True,https://noaa-nws-rtofs-pds.s3.amazonaws.com/rtofs.20241224/rtofs_glo_3dz_f006_6hrly_hvr_US_east.nc
ARGO_GDAC,pfl,aoml/4903547/profiles/D4903547_114.nc|2024-12-29T17:17:57Z|23.46120|-91.98847,aoml/4903547/profiles/D4903547_114.nc,4903547,4903547,23.4612,-91.98847,2024-12-29T17:17:57Z,20241229,2024,1010,1.04,2009.28,27.8524,True,True,True,https://noaa-nws-rtofs-pds.s3.amazonaws.com/rtofs.20241229/rtofs_glo_3dz_f006_6hrly_hvr_US_east.nc
ARGO_GDAC,pfl,aoml/4903547/profiles/D4903547_114.nc|2024-12-29T17:17:57Z|23.46120|-91.98847,aoml/4903547/profiles/D4903547_114.nc,4903547,4903547,23.4612,-91.98847,2024-12-29T17:17:57Z,20241229,2024,774,0.56,99.96,27.8533,True,True,True,https://noaa-nws-rtofs-pds.s3.amazonaws.com/rtofs.20241229/rtofs_glo_3dz_f006_6hrly_hvr_US_east.nc
ARGO_GDAC,pfl,aoml/4903547/profiles/D4903547_115.nc|2025-01-03T17:55:16Z|23.79315|-91.72339,aoml/4903547/profiles/D4903547_115.nc,4903547,4903547,23.79315,-91.72339,2025-01-03T17:55:16Z,20250103,2025,1013,0.96,2015.6,56.8753,True,True,True,https://noaa-nws-rtofs-pds.s3.amazonaws.com/rtofs.20250103/rtofs_glo_3dz_f006_6hrly_hvr_US_east.nc
ARGO_GDAC,pfl,aoml/4903547/profiles/D4903547_115.nc|2025-01-03T17:55:16Z|23.79315|-91.72339,aoml/4903547/profiles/D4903547_115.nc,4903547,4903547,23.79315,-91.72339,2025-01-03T17:55:16Z,20250103,2025,745,0.52,99.88,57.28,True,True,True,https://noaa-nws-rtofs-pds.s3.amazonaws.com/rtofs.20250103/rtofs_glo_3dz_f006_6hrly_hvr_US_east.nc
ARGO_GDAC,pfl,aoml/4903547/profiles/D4903547_116.nc|2025-01-08T18:27:18Z|23.96885|-91.50373,aoml/4903547/profiles/D4903547_116.nc,4903547,4903547,23.96885,-91.50373,2025-01-08T18:27:18Z,20250108,2025,1010,1.0,2009.44,75.7163,True,True,True,https://noaa-nws-rtofs-pds.s3.amazonaws.com/rtofs.20250108/rtofs_glo_3dz_f006_6hrly_hvr_US_east.nc
ARGO_GDAC,pfl,aoml/4903547/profiles/D4903547_116.nc|2025-01-08T18:27:18Z|23.96885|-91.50373,aoml/4903547/profiles/D4903547_116.nc,4903547,4903547,23.96885,-91.50373,2025-01-08T18:27:18Z,20250108,2025,700,0.6,99.84,75.9155,True,True,True,https://noaa-nws-rtofs-pds.s3.amazonaws.com/rtofs.20250108/rtofs_glo_3dz_f006_6hrly_hvr_US_east.nc
ARGO_GDAC,pfl,aoml/4903547/profiles/D4903547_117.nc|2025-01-13T18:55:12Z|24.04307|-91.26806,aoml/4903547/profiles/D4903547_117.nc,4903547,4903547,24.04307,-91.26806,2025-01-13T18:55:12Z,20250113,2025,1008,0.96,2005.44,64.4896,True,True,True,https://noaa-nws-rtofs-pds.s3.amazonaws.com/rtofs.20250113/rtofs_glo_3dz_f006_6hrly_hvr_US_east.nc
ARGO_GDAC,pfl,aoml/4903547/profiles/D4903547_117.nc|2025-01-13T18:55:12Z|24.04307|-91.26806,aoml/4903547/profiles/D4903547_117.nc,4903547,4903547,24.04307,-91.26806,2025-01-13T18:55:12Z,20250113,2025,755,0.6,99.88,65.1543,True,True,True,https://noaa-nws-rtofs-pds.s3.amazonaws.com/rtofs.20250113/rtofs_glo_3dz_f006_6hrly_hvr_US_east.nc
ARGO_GDAC,pfl,aoml/4903547/profiles/D4903547_118.nc|2025-01-18T19:29:58Z|24.01476|-90.90424,aoml/4903547/profiles/D4903547_118.nc,4903547,4903547,24.01476,-90.90424,2025-01-18T19:29:58Z,20250118,2025,1013,1.08,2015.08,53.775,True,True,True,https://noaa-nws-rtofs-pds.s3.amazonaws.com/rtofs.20250118/rtofs_glo_3dz_f006_6hrly_hvr_US_east.nc
ARGO_GDAC,pfl,aoml/4903547/profiles/D4903547_118.nc|2025-01-18T19:29:58Z|24.01476|-90.90424,aoml/4903547/profiles/D4903547_118.nc,4903547,4903547,24.01476,-90.90424,2025-01-18T19:29:58Z,20250118,2025,857,0.76,100.0,53.9752,True,True,True,https://noaa-nws-rtofs-pds.s3.amazonaws.com/rtofs.20250118/rtofs_glo_3dz_f006_6hrly_hvr_US_east.nc
ARGO_GDAC,pfl,aoml/4903547/profiles/D4903547_119.nc|2025-01-23T20:06:48Z|23.96054|-90.63565,aoml/4903547/profiles/D4903547_119.nc,4903547,4903547,23.96054,-90.63565,2025-01-23T20:06:48Z,20250123,2025,1010,0.96,2009.64,59.56,True,True,True,https://noaa-nws-rtofs-pds.s3.amazonaws.com/rtofs.20250123/rtofs_glo_3dz_f006_6hrly_hvr_US_east.nc
ARGO_GDAC,pfl,aoml/4903547/profiles/D4903547_119.nc|2025-01-23T20:06:48Z|23.96054|-90.63565,aoml/4903547/profiles/D4903547_119.nc,4903547,4903547,23.96054,-90.63565,2025-01-23T20:06:48Z,20250123,2025,813,0.56,99.96,59.9627,True,True,True,https://noaa-nws-rtofs-pds.s3.amazonaws.com/rtofs.20250123/rtofs_glo_3dz_f006_6hrly_hvr_US_east.nc
ARGO_GDAC,pfl,aoml/4903547/profiles/D4903547_120.nc|2025-01-28T20:41:48Z|23.80278|-90.60156,aoml/4903547/profiles/D4903547_120.nc,4903547,4903547,23.80278,-90.60156,2025-01-28T20:41:48Z,20250128,2025,1008,1.0,2005.48,64.6562,True,True,True,https://noaa-nws-rtofs-pds.s3.amazonaws.com/rtofs.20250128/rtofs_glo_3dz_f006_6hrly_hvr_US_east.nc
ARGO_GDAC,pfl,aoml/4903547/profiles/D4903547_120.nc|2025-01-28T20:41:48Z|23.80278|-90.60156,aoml/4903547/profiles/D4903547_120.nc,4903547,4903547,23.80278,-90.60156,2025-01-28T20:41:48Z,20250128,2025,796,0.52,99.88,65.5868,True,True,True,https://noaa-nws-rtofs-pds.s3.amazonaws.com/rtofs.20250128/rtofs_glo_3dz_f006_6hrly_hvr_US_east.nc
ARGO_GDAC,pfl,aoml/4903547/profiles/D4903547_121.nc|2025-02-02T21:12:11Z|23.65767|-90.67720,aoml/4903547/profiles/D4903547_121.nc,4903547,4903547,23.65767,-90.6772,2025-02-02T21:12:11Z,20250202,2025,1008,1.04,2005.88,50.2138,True,True,True,https://noaa-nws-rtofs-pds.s3.amazonaws.com/rtofs.20250202/rtofs_glo_3dz_f006_6hrly_hvr_US_east.nc
ARGO_GDAC,pfl,aoml/4903547/profiles/D4903547_121.nc|2025-02-02T21:12:11Z|23.65767|-90.67720,aoml/4903547/profiles/D4903547_121.nc,4903547,4903547,23.65767,-90.6772,2025-02-02T21:12:11Z,20250202,2025,700,0.64,99.92,50.4733,True,True,True,https://noaa-nws-rtofs-pds.s3.amazonaws.com/rtofs.20250202/rtofs_glo_3dz_f006_6hrly_hvr_US_east.nc
ARGO_GDAC,pfl,aoml/4903547/profiles/D4903547_122.nc|2025-02-07T21:44:51Z|23.47791|-90.84951,aoml/4903547/profiles/D4903547_122.nc,4903547,4903547,23.47791,-90.84951,2025-02-07T21:44:51Z,20250207,2025,1013,0.44,2013.48,22.8713,True,True,True,https://noaa-nws-rtofs-pds.s3.amazonaws.com/rtofs.20250207/rtofs_glo_3dz_f006_6hrly_hvr_US_east.nc
ARGO_GDAC,pfl,aoml/4903547/profiles/D4903547_122.nc|2025-02-07T21:44:51Z|23.47791|-90.84951,aoml/4903547/profiles/D4903547_122.nc,4903547,4903547,23.47791,-90.84951,2025-02-07T21:44:51Z,20250207,2025,739,0.44,99.92,23.22,True,True,True,https://noaa-nws-rtofs-pds.s3.amazonaws.com/rtofs.20250207/rtofs_glo_3dz_f006_6hrly_hvr_US_east.nc
ARGO_GDAC,pfl,aoml/4903547/profiles/D4903547_123.nc|2025-02-12T22:12:29Z|23.42263|-90.85615,aoml/4903547/profiles/D4903547_123.nc,4903547,4903547,23.42263,-90.85615,2025-02-12T22:12:29Z,20250212,2025,1009,1.04,2007.48,18.5396,True,True,True,https://noaa-nws-rtofs-pds.s3.amazonaws.com/rtofs.20250212/rtofs_glo_3dz_f006_6hrly_hvr_US_east.nc
ARGO_GDAC,pfl,aoml/4903547/profiles/D4903547_123.nc|2025-02-12T22:12:29Z|23.42263|-90.85615,aoml/4903547/profiles/D4903547_123.nc,4903547,4903547,23.42263,-90.85615,2025-02-12T22:12:29Z,20250212,2025,733,0.56,99.96,17.92,True,True,True,https://noaa-nws-rtofs-pds.s3.amazonaws.com/rtofs.20250212/rtofs_glo_3dz_f006_6hrly_hvr_US_east.nc
ARGO_GDAC,pfl,aoml/4903547/profiles/D4903547_124.nc|2025-02-17T22:54:10Z|23.55245|-90.65859,aoml/4903547/profiles/D4903547_124.nc,4903547,4903547,23.55245,-90.65859,2025-02-17T22:54:10Z,20250217,2025,1010,1.04,2009.32,27.7387,True,True,True,https://noaa-nws-rtofs-pds.s3.amazonaws.com/rtofs.20250217/rtofs_glo_3dz_f006_6hrly_hvr_US_east.nc
ARGO_GDAC,pfl,aoml/4903547/profiles/D4903547_124.nc|2025-02-17T22:54:10Z|23.55245|-90.65859,aoml/4903547/profiles/D4903547_124.nc,4903547,4903547,23.55245,-90.65859,2025-02-17T22:54:10Z,20250217,2025,710,0.72,99.96,27.854,True,True,True,https://noaa-nws-rtofs-pds.s3.amazonaws.com/rtofs.20250217/rtofs_glo_3dz_f006_6hrly_hvr_US_east.nc
ARGO_GDAC,pfl,aoml/4903547/profiles/D4903547_125.nc|2025-02-22T23:30:56Z|23.69224|-90.52877,aoml/4903547/profiles/D4903547_125.nc,4903547,4903547,23.69224,-90.52877,2025-02-22T23:30:56Z,20250222,2025,1010,1.04,2009.16,43.3336,True,True,True,https://noaa-nws-rtofs-pds.s3.amazonaws.com/rtofs.20250222/rtofs_glo_3dz_f006_6hrly_hvr_US_east.nc
ARGO_GDAC,pfl,aoml/4903547/profiles/D4903547_125.nc|2025-02-22T23:30:56Z|23.69224|-90.52877,aoml/4903547/profiles/D4903547_125.nc,4903547,4903547,23.69224,-90.52877,2025-02-22T23:30:56Z,20250222,2025,718,0.64,99.96,43.5402,True,True,True,https://noaa-nws-rtofs-pds.s3.amazonaws.com/rtofs.20250222/rtofs_glo_3dz_f006_6hrly_hvr_US_east.nc
ARGO_GDAC,pfl,aoml/4903547/profiles/D4903547_126.nc|2025-02-28T00:12:53Z|23.73617|-90.35678,aoml/4903547/profiles/D4903547_126.nc,4903547,4903547,23.73617,-90.35678,2025-02-28T00:12:53Z,20250228,2025,1012,1.04,2013.48,14.5314,True,True,True,https://noaa-nws-rtofs-pds.s3.amazonaws.com/rtofs.20250228/rtofs_glo_3dz_f006_6hrly_hvr_US_east.nc
ARGO_GDAC,pfl,aoml/4903547/profiles/D4903547_126.nc|2025-02-28T00:12:53Z|23.73617|-90.35678,aoml/4903547/profiles/D4903547_126.nc,4903547,4903547,23.73617,-90.35678,2025-02-28T00:12:53Z,20250228,2025,821,0.6,99.96,14.3189,True,True,True,https://noaa-nws-rtofs-pds.s3.amazonaws.com/rtofs.20250228/rtofs_glo_3dz_f006_6hrly_hvr_US_east.nc
ARGO_GDAC,pfl,aoml/4903547/profiles/D4903547_127.nc|2025-03-05T00:51:53Z|23.92520|-89.85655,aoml/4903547/profiles/D4903547_127.nc,4903547,4903547,23.9252,-89.85655,2025-03-05T00:51:53Z,20250305,2025,1008,1.16,2005.44,44.6999,True,True,True,https://noaa-nws-rtofs-pds.s3.amazonaws.com/rtofs.20250305/rtofs_glo_3dz_f006_6hrly_hvr_US_east.nc
ARGO_GDAC,pfl,aoml/4903547/profiles/D4903547_127.nc|2025-03-05T00:51:53Z|23.92520|-89.85655,aoml/4903547/profiles/D4903547_127.nc,4903547,4903547,23.9252,-89.85655,2025-03-05T00:51:53Z,20250305,2025,808,0.84,99.96,44.8933,True,True,True,https://noaa-nws-rtofs-pds.s3.amazonaws.com/rtofs.20250305/rtofs_glo_3dz_f006_6hrly_hvr_US_east.nc
ARGO_GDAC,pfl,aoml/4903547/profiles/D4903547_128.nc|2025-03-10T01:27:41Z|24.26180|-89.62729,aoml/4903547/profiles/D4903547_128.nc,4903547,4903547,24.2618,-89.62729,2025-03-10T01:27:41Z,20250310,2025,1013,1.04,2015.4,31.4083,True,True,True,https://noaa-nws-rtofs-pds.s3.amazonaws.com/rtofs.20250310/rtofs_glo_3dz_f006_6hrly_hvr_US_east.nc
ARGO_GDAC,pfl,aoml/4903547/profiles/D4903547_128.nc|2025-03-10T01:27:41Z|24.26180|-89.62729,aoml/4903547/profiles/D4903547_128.nc,4903547,4903547,24.2618,-89.62729,2025-03-10T01:27:41Z,20250310,2025,742,0.68,99.92,31.84,True,True,True,https://noaa-nws-rtofs-pds.s3.amazonaws.com/rtofs.20250310/rtofs_glo_3dz_f006_6hrly_hvr_US_east.nc
ARGO_GDAC,pfl,aoml/4903547/profiles/D4903547_129.nc|2025-03-15T02:11:04Z|24.46287|-89.79230,aoml/4903547/profiles/D4903547_129.nc,4903547,4903547,24.46287,-89.7923,2025-03-15T02:11:04Z,20250315,2025,1007,1.08,2003.4,31.2009,True,True,True,https://noaa-nws-rtofs-pds.s3.amazonaws.com/rtofs.20250315/rtofs_glo_3dz_f006_6hrly_hvr_US_east.nc
ARGO_GDAC,pfl,aoml/4903547/profiles/D4903547_129.nc|2025-03-15T02:11:04Z|24.46287|-89.79230,aoml/4903547/profiles/D4903547_129.nc,4903547,4903547,24.46287,-89.7923,2025-03-15T02:11:04Z,20250315,2025,749,0.68,99.96,31.38,True,True,True,https://noaa-nws-rtofs-pds.s3.amazonaws.com/rtofs.20250315/rtofs_glo_3dz_f006_6hrly_hvr_US_east.nc
ARGO_GDAC,pfl,aoml/4903547/profiles/D4903547_130.nc|2025-03-20T02:45:52Z|24.50381|-89.77279,aoml/4903547/profiles/D4903547_130.nc,4903547,4903547,24.50381,-89.77279,2025-03-20T02:45:52Z,20250320,2025,1009,0.96,2008.0,28.6108,True,True,True,https://noaa-nws-rtofs-pds.s3.amazonaws.com/rtofs.20250320/rtofs_glo_3dz_f006_6hrly_hvr_US_east.nc
ARGO_GDAC,pfl,aoml/4903547/profiles/D4903547_130.nc|2025-03-20T02:45:52Z|24.50381|-89.77279,aoml/4903547/profiles/D4903547_130.nc,4903547,4903547,24.50381,-89.77279,2025-03-20T02:45:52Z,20250320,2025,719,0.56,99.92,29.1999,True,True,True,https://noaa-nws-rtofs-pds.s3.amazonaws.com/rtofs.20250320/rtofs_glo_3dz_f006_6hrly_hvr_US_east.nc
ARGO_GDAC,pfl,aoml/4903547/profiles/D4903547_131.nc|2025-03-25T03:19:35Z|24.46366|-89.37168,aoml/4903547/profiles/D4903547_131.nc,4903547,4903547,24.46366,-89.37168,2025-03-25T03:19:35Z,20250325,2025,1012,1.04,2014.12,52.0943,True,True,True,https://noaa-nws-rtofs-pds.s3.amazonaws.com/rtofs.20250325/rtofs_glo_3dz_f006_6hrly_hvr_US_east.nc
ARGO_GDAC,pfl,aoml/4903547/profiles/D4903547_131.nc|2025-03-25T03:19:35Z|24.46366|-89.37168,aoml/4903547/profiles/D4903547_131.nc,4903547,4903547,24.46366,-89.37168,2025-03-25T03:19:35Z,20250325,2025,702,0.68,99.92,52.6667,True,True,True,https://noaa-nws-rtofs-pds.s3.amazonaws.com/rtofs.20250325/rtofs_glo_3dz_f006_6hrly_hvr_US_east.nc
ARGO_GDAC,pfl,aoml/4903547/profiles/D4903547_132.nc|2025-03-30T03:52:00Z|24.69175|-89.17307,aoml/4903547/profiles/D4903547_132.nc,4903547,4903547,24.69175,-89.17307,2025-03-30T03:52:00Z,20250330,2025,1011,1.04,2011.44,12.8455,True,True,True,https://noaa-nws-rtofs-pds.s3.amazonaws.com/rtofs.20250330/rtofs_glo_3dz_f006_6hrly_hvr_US_east.nc
ARGO_GDAC,pfl,aoml/4903547/profiles/D4903547_132.nc|2025-03-30T03:52:00Z|24.69175|-89.17307,aoml/4903547/profiles/D4903547_132.nc,4903547,4903547,24.69175,-89.17307,2025-03-30T03:52:00Z,20250330,2025,720,0.64,99.92,12.184,True,True,True,https://noaa-nws-rtofs-pds.s3.amazonaws.com/rtofs.20250330/rtofs_glo_3dz_f006_6hrly_hvr_US_east.nc
ARGO_GDAC,pfl,aoml/4903547/profiles/D4903547_133.nc|2025-04-04T04:29:08Z|25.08604|-89.21385,aoml/4903547/profiles/D4903547_133.nc,4903547,4903547,25.08604,-89.21385,2025-04-04T04:29:08Z,20250404,2025,1011,1.04,2012.0,28.3567,True,True,True,https://noaa-nws-rtofs-pds.s3.amazonaws.com/rtofs.20250404/rtofs_glo_3dz_f006_6hrly_hvr_US_east.nc
ARGO_GDAC,pfl,aoml/4903547/profiles/D4903547_133.nc|2025-04-04T04:29:08Z|25.08604|-89.21385,aoml/4903547/profiles/D4903547_133.nc,4903547,4903547,25.08604,-89.21385,2025-04-04T04:29:08Z,20250404,2025,746,0.68,99.88,28.8118,True,True,True,https://noaa-nws-rtofs-pds.s3.amazonaws.com/rtofs.20250404/rtofs_glo_3dz_f006_6hrly_hvr_US_east.nc
ARGO_GDAC,pfl,aoml/4903547/profiles/D4903547_134.nc|2025-04-09T04:52:58Z|25.38799|-89.53885,aoml/4903547/profiles/D4903547_134.nc,4903547,4903547,25.38799,-89.53885,2025-04-09T04:52:58Z,20250409,2025,1010,0.96,2009.68,34.5164,True,True,True,https://noaa-nws-rtofs-pds.s3.amazonaws.com/rtofs.20250409/rtofs_glo_3dz_f006_6hrly_hvr_US_east.nc
ARGO_GDAC,pfl,aoml/4903547/profiles/D4903547_134.nc|2025-04-09T04:52:58Z|25.38799|-89.53885,aoml/4903547/profiles/D4903547_134.nc,4903547,4903547,25.38799,-89.53885,2025-04-09T04:52:58Z,20250409,2025,742,0.68,99.96,34.9001,True,True,True,https://noaa-nws-rtofs-pds.s3.amazonaws.com/rtofs.20250409/rtofs_glo_3dz_f006_6hrly_hvr_US_east.nc
ARGO_GDAC,pfl,aoml/4903547/profiles/D4903547_135.nc|2025-04-14T05:21:46Z|25.38416|-89.66608,aoml/4903547/profiles/D4903547_135.nc,4903547,4903547,25.38416,-89.66608,2025-04-14T05:21:46Z,20250414,2025,1011,1.04,2011.52,16.0203,True,True,True,https://noaa-nws-rtofs-pds.s3.amazonaws.com/rtofs.20250414/rtofs_glo_3dz_f006_6hrly_hvr_US_east.nc
ARGO_GDAC,pfl,aoml/4903547/profiles/D4903547_135.nc|2025-04-14T05:21:46Z|25.38416|-89.66608,aoml/4903547/profiles/D4903547_135.nc,4903547,4903547,25.38416,-89.66608,2025-04-14T05:21:46Z,20250414,2025,725,0.64,99.92,14.9543,True,True,True,https://noaa-nws-rtofs-pds.s3.amazonaws.com/rtofs.20250414/rtofs_glo_3dz_f006_6hrly_hvr_US_east.nc
ARGO_GDAC,pfl,aoml/4903547/profiles/D4903547_136.nc|2025-04-19T05:53:28Z|25.01977|-89.78287,aoml/4903547/profiles/D4903547_136.nc,4903547,4903547,25.01977,-89.78287,2025-04-19T05:53:28Z,20250419,2025,1007,1.08,2003.6,36.3636,True,True,True,https://noaa-nws-rtofs-pds.s3.amazonaws.com/rtofs.20250419/rtofs_glo_3dz_f006_6hrly_hvr_US_east.nc
ARGO_GDAC,pfl,aoml/4903547/profiles/D4903547_136.nc|2025-04-19T05:53:28Z|25.01977|-89.78287,aoml/4903547/profiles/D4903547_136.nc,4903547,4903547,25.01977,-89.78287,2025-04-19T05:53:28Z,20250419,2025,814,0.76,100.0,36.2802,True,True,True,https://noaa-nws-rtofs-pds.s3.amazonaws.com/rtofs.20250419/rtofs_glo_3dz_f006_6hrly_hvr_US_east.nc
ARGO_GDAC,pfl,aoml/4903547/profiles/D4903547_137.nc|2025-04-24T06:36:08Z|24.55307|-89.92052,aoml/4903547/profiles/D4903547_137.nc,4903547,4903547,24.55307,-89.92052,2025-04-24T06:36:08Z,20250424,2025,1011,1.0,2011.36,27.8443,True,True,True,https://noaa-nws-rtofs-pds.s3.amazonaws.com/rtofs.20250424/rtofs_glo_3dz_f006_6hrly_hvr_US_east.nc
ARGO_GDAC,pfl,aoml/4903547/profiles/D4903547_137.nc|2025-04-24T06:36:08Z|24.55307|-89.92052,aoml/4903547/profiles/D4903547_137.nc,4903547,4903547,24.55307,-89.92052,2025-04-24T06:36:08Z,20250424,2025,732,0.68,99.96,27.83,True,True,True,https://noaa-nws-rtofs-pds.s3.amazonaws.com/rtofs.20250424/rtofs_glo_3dz_f006_6hrly_hvr_US_east.nc
ARGO_GDAC,pfl,aoml/4903547/profiles/D4903547_138.nc|2025-04-29T07:04:06Z|24.46733|-89.38970,aoml/4903547/profiles/D4903547_138.nc,4903547,4903547,24.46733,-89.3897,2025-04-29T07:04:06Z,20250429,2025,1010,0.96,2009.04,14.7545,True,True,True,https://noaa-nws-rtofs-pds.s3.amazonaws.com/rtofs.20250429/rtofs_glo_3dz_f006_6hrly_hvr_US_east.nc
ARGO_GDAC,pfl,aoml/4903547/profiles/D4903547_138.nc|2025-04-29T07:04:06Z|24.46733|-89.38970,aoml/4903547/profiles/D4903547_138.nc,4903547,4903547,24.46733,-89.3897,2025-04-29T07:04:06Z,20250429,2025,728,0.6,99.84,14.7531,True,True,True,https://noaa-nws-rtofs-pds.s3.amazonaws.com/rtofs.20250429/rtofs_glo_3dz_f006_6hrly_hvr_US_east.nc
ARGO_GDAC,pfl,aoml/4903547/profiles/D4903547_139.nc|2025-05-04T07:34:44Z|24.79644|-89.01434,aoml/4903547/profiles/D4903547_139.nc,4903547,4903547,24.79644,-89.01434,2025-05-04T07:34:44Z,20250504,2025,1012,1.04,2013.44,20.7821,True,True,True,https://noaa-nws-rtofs-pds.s3.amazonaws.com/rtofs.20250504/rtofs_glo_3dz_f006_6hrly_hvr_US_east.nc
ARGO_GDAC,pfl,aoml/4903547/profiles/D4903547_139.nc|2025-05-04T07:34:44Z|24.79644|-89.01434,aoml/4903547/profiles/D4903547_139.nc,4903547,4903547,24.79644,-89.01434,2025-05-04T07:34:44Z,20250504,2025,763,0.64,99.96,21.1657,True,True,True,https://noaa-nws-rtofs-pds.s3.amazonaws.com/rtofs.20250504/rtofs_glo_3dz_f006_6hrly_hvr_US_east.nc
ARGO_GDAC,pfl,aoml/4903547/profiles/D4903547_140.nc|2025-05-09T08:18:18Z|24.84184|-89.01417,aoml/4903547/profiles/D4903547_140.nc,4903547,4903547,24.84184,-89.01417,2025-05-09T08:18:18Z,20250509,2025,1012,1.0,2013.44,12.4929,True,True,True,https://noaa-nws-rtofs-pds.s3.amazonaws.com/rtofs.20250509/rtofs_glo_3dz_f006_6hrly_hvr_US_east.nc
ARGO_GDAC,pfl,aoml/4903547/profiles/D4903547_140.nc|2025-05-09T08:18:18Z|24.84184|-89.01417,aoml/4903547/profiles/D4903547_140.nc,4903547,4903547,24.84184,-89.01417,2025-05-09T08:18:18Z,20250509,2025,781,0.64,99.92,12.1746,True,True,True,https://noaa-nws-rtofs-pds.s3.amazonaws.com/rtofs.20250509/rtofs_glo_3dz_f006_6hrly_hvr_US_east.nc
ARGO_GDAC,pfl,aoml/4903547/profiles/D4903547_141.nc|2025-05-14T08:52:11Z|24.64331|-88.97044,aoml/4903547/profiles/D4903547_141.nc,4903547,4903547,24.64331,-88.97044,2025-05-14T08:52:11Z,20250514,2025,1008,1.16,2005.68,36.9648,True,True,True,https://noaa-nws-rtofs-pds.s3.amazonaws.com/rtofs.20250514/rtofs_glo_3dz_f006_6hrly_hvr_US_east.nc
ARGO_GDAC,pfl,aoml/4903547/profiles/D4903547_141.nc|2025-05-14T08:52:11Z|24.64331|-88.97044,aoml/4903547/profiles/D4903547_141.nc,4903547,4903547,24.64331,-88.97044,2025-05-14T08:52:11Z,20250514,2025,801,0.84,99.96,37.3314,True,True,True,https://noaa-nws-rtofs-pds.s3.amazonaws.com/rtofs.20250514/rtofs_glo_3dz_f006_6hrly_hvr_US_east.nc
ARGO_GDAC,pfl,aoml/4903547/profiles/D4903547_142.nc|2025-05-19T09:28:28Z|24.39734|-88.98930,aoml/4903547/profiles/D4903547_142.nc,4903547,4903547,24.39734,-88.9893,2025-05-19T09:28:28Z,20250519,2025,1011,1.0,2011.04,23.9234,True,True,True,https://noaa-nws-rtofs-pds.s3.amazonaws.com/rtofs.20250519/rtofs_glo_3dz_f006_6hrly_hvr_US_east.nc
ARGO_GDAC,pfl,aoml/4903547/profiles/D4903547_142.nc|2025-05-19T09:28:28Z|24.39734|-88.98930,aoml/4903547/profiles/D4903547_142.nc,4903547,4903547,24.39734,-88.9893,2025-05-19T09:28:28Z,20250519,2025,798,0.6,99.88,24.1067,True,True,True,https://noaa-nws-rtofs-pds.s3.amazonaws.com/rtofs.20250519/rtofs_glo_3dz_f006_6hrly_hvr_US_east.nc
ARGO_GDAC,pfl,aoml/4903547/profiles/R4903547_143.nc|2025-05-24T10:03:57Z|24.27187|-88.99367,aoml/4903547/profiles/R4903547_143.nc,4903547,4903547,24.27187,-88.99367,2025-05-24T10:03:57Z,20250524,2025,1009,1.0,2007.48,17.7833,True,True,True,https://noaa-nws-rtofs-pds.s3.amazonaws.com/rtofs.20250524/rtofs_glo_3dz_f006_6hrly_hvr_US_east.nc
ARGO_GDAC,pfl,aoml/4903547/profiles/R4903547_143.nc|2025-05-24T10:03:57Z|24.27187|-88.99367,aoml/4903547/profiles/R4903547_143.nc,4903547,4903547,24.27187,-88.99367,2025-05-24T10:03:57Z,20250524,2025,800,0.6,99.92,16.4002,True,True,True,https://noaa-nws-rtofs-pds.s3.amazonaws.com/rtofs.20250524/rtofs_glo_3dz_f006_6hrly_hvr_US_east.nc
ARGO_GDAC,pfl,aoml/4903547/profiles/R4903547_144.nc|2025-05-29T10:36:37Z|24.22655|-88.98930,aoml/4903547/profiles/R4903547_144.nc,4903547,4903547,24.22655,-88.9893,2025-05-29T10:36:37Z,20250529,2025,1013,0.28,2013.56,23.4821,True,True,True,https://noaa-nws-rtofs-pds.s3.amazonaws.com/rtofs.20250529/rtofs_glo_3dz_f006_6hrly_hvr_US_east.nc
ARGO_GDAC,pfl,aoml/4903547/profiles/R4903547_144.nc|2025-05-29T10:36:37Z|24.22655|-88.98930,aoml/4903547/profiles/R4903547_144.nc,4903547,4903547,24.22655,-88.9893,2025-05-29T10:36:37Z,20250529,2025,747,0.28,99.88,23.958,True,True,True,https://noaa-nws-rtofs-pds.s3.amazonaws.com/rtofs.20250529/rtofs_glo_3dz_f006_6hrly_hvr_US_east.nc
ARGO_GDAC,pfl,aoml/4903547/profiles/R4903547_145.nc|2025-06-03T11:13:49Z|24.26391|-88.90113,aoml/4903547/profiles/R4903547_145.nc,4903547,4903547,24.26391,-88.90113,2025-06-03T11:13:49Z,20250603,2025,1010,0.4,2007.56,11.6826,True,True,True,https://noaa-nws-rtofs-pds.s3.amazonaws.com/rtofs.20250603/rtofs_glo_3dz_f006_6hrly_hvr_US_east.nc
ARGO_GDAC,pfl,aoml/4903547/profiles/R4903547_145.nc|2025-06-03T11:13:49Z|24.26391|-88.90113,aoml/4903547/profiles/R4903547_145.nc,4903547,4903547,24.26391,-88.90113,2025-06-03T11:13:49Z,20250603,2025,761,0.36,99.96,10.7214,True,True,True,https://noaa-nws-rtofs-pds.s3.amazonaws.com/rtofs.20250603/rtofs_glo_3dz_f006_6hrly_hvr_US_east.nc
ARGO_GDAC,pfl,aoml/4903547/profiles/R4903547_146.nc|2025-06-08T11:46:53Z|24.29786|-88.82636,aoml/4903547/profiles/R4903547_146.nc,4903547,4903547,24.29786,-88.82636,2025-06-08T11:46:53Z,20250608,2025,1009,1.0,2007.4,12.572,True,True,True,https://noaa-nws-rtofs-pds.s3.amazonaws.com/rtofs.20250608/rtofs_glo_3dz_f006_6hrly_hvr_US_east.nc
ARGO_GDAC,pfl,aoml/4903547/profiles/R4903547_146.nc|2025-06-08T11:46:53Z|24.29786|-88.82636,aoml/4903547/profiles/R4903547_146.nc,4903547,4903547,24.29786,-88.82636,2025-06-08T11:46:53Z,20250608,2025,786,0.52,100.0,12.809,True,True,True,https://noaa-nws-rtofs-pds.s3.amazonaws.com/rtofs.20250608/rtofs_glo_3dz_f006_6hrly_hvr_US_east.nc
ARGO_GDAC,pfl,aoml/4903547/profiles/R4903547_147.nc|2025-06-13T12:24:18Z|24.45627|-88.63680,aoml/4903547/profiles/R4903547_147.nc,4903547,4903547,24.45627,-88.6368,2025-06-13T12:24:18Z,20250613,2025,1013,1.16,2016.0,22.5087,True,True,True,https://noaa-nws-rtofs-pds.s3.amazonaws.com/rtofs.20250613/rtofs_glo_3dz_f006_6hrly_hvr_US_east.nc
ARGO_GDAC,pfl,aoml/4903547/profiles/R4903547_147.nc|2025-06-13T12:24:18Z|24.45627|-88.63680,aoml/4903547/profiles/R4903547_147.nc,4903547,4903547,24.45627,-88.6368,2025-06-13T12:24:18Z,20250613,2025,795,0.88,100.0,23.0764,True,True,True,https://noaa-nws-rtofs-pds.s3.amazonaws.com/rtofs.20250613/rtofs_glo_3dz_f006_6hrly_hvr_US_east.nc
ARGO_GDAC,pfl,aoml/4903547/profiles/R4903547_148.nc|2025-06-18T12:59:52Z|24.58465|-88.57369,aoml/4903547/profiles/R4903547_148.nc,4903547,4903547,24.58465,-88.57369,2025-06-18T12:59:52Z,20250618,2025,1013,1.04,2015.52,31.3075,True,True,True,https://noaa-nws-rtofs-pds.s3.amazonaws.com/rtofs.20250618/rtofs_glo_3dz_f006_6hrly_hvr_US_east.nc
ARGO_GDAC,pfl,aoml/4903547/profiles/R4903547_148.nc|2025-06-18T12:59:52Z|24.58465|-88.57369,aoml/4903547/profiles/R4903547_148.nc,4903547,4903547,24.58465,-88.57369,2025-06-18T12:59:52Z,20250618,2025,783,0.56,100.0,31.8,True,True,True,https://noaa-nws-rtofs-pds.s3.amazonaws.com/rtofs.20250618/rtofs_glo_3dz_f006_6hrly_hvr_US_east.nc
ARGO_GDAC,pfl,aoml/4903547/profiles/R4903547_149.nc|2025-06-23T13:28:53Z|24.62006|-88.61729,aoml/4903547/profiles/R4903547_149.nc,4903547,4903547,24.62006,-88.61729,2025-06-23T13:28:53Z,20250623,2025,1011,0.44,2009.44,18.3347,True,True,True,https://noaa-nws-rtofs-pds.s3.amazonaws.com/rtofs.20250623/rtofs_glo_3dz_f006_6hrly_hvr_US_east.nc
ARGO_GDAC,pfl,aoml/4903547/profiles/R4903547_149.nc|2025-06-23T13:28:53Z|24.62006|-88.61729,aoml/4903547/profiles/R4903547_149.nc,4903547,4903547,24.62006,-88.61729,2025-06-23T13:28:53Z,20250623,2025,764,0.44,99.84,18.2898,True,True,True,https://noaa-nws-rtofs-pds.s3.amazonaws.com/rtofs.20250623/rtofs_glo_3dz_f006_6hrly_hvr_US_east.nc
ARGO_GDAC,pfl,aoml/4903547/profiles/R4903547_150.nc|2025-06-28T14:00:13Z|24.66865|-88.56763,aoml/4903547/profiles/R4903547_150.nc,4903547,4903547,24.66865,-88.56763,2025-06-28T14:00:13Z,20250628,2025,1014,0.48,2015.4,23.6867,True,True,True,https://noaa-nws-rtofs-pds.s3.amazonaws.com/rtofs.20250628/rtofs_glo_3dz_f006_6hrly_hvr_US_east.nc
ARGO_GDAC,pfl,aoml/4903547/profiles/R4903547_150.nc|2025-06-28T14:00:13Z|24.66865|-88.56763,aoml/4903547/profiles/R4903547_150.nc,4903547,4903547,24.66865,-88.56763,2025-06-28T14:00:13Z,20250628,2025,837,0.48,99.84,24.1254,True,True,True,https://noaa-nws-rtofs-pds.s3.amazonaws.com/rtofs.20250628/rtofs_glo_3dz_f006_6hrly_hvr_US_east.nc
ARGO_GDAC,pfl,aoml/4903547/profiles/R4903547_151.nc|2025-07-03T14:48:58Z|24.97687|-88.37223,aoml/4903547/profiles/R4903547_151.nc,4903547,4903547,24.97687,-88.37223,2025-07-03T14:48:58Z,20250703,2025,1012,0.48,2011.52,20.2949,True,True,True,https://noaa-nws-rtofs-pds.s3.amazonaws.com/rtofs.20250703/rtofs_glo_3dz_f006_6hrly_hvr_US_east.nc
ARGO_GDAC,pfl,aoml/4903547/profiles/R4903547_151.nc|2025-07-03T14:48:58Z|24.97687|-88.37223,aoml/4903547/profiles/R4903547_151.nc,4903547,4903547,24.97687,-88.37223,2025-07-03T14:48:58Z,20250703,2025,889,0.48,99.92,20.6358,True,True,True,https://noaa-nws-rtofs-pds.s3.amazonaws.com/rtofs.20250703/rtofs_glo_3dz_f006_6hrly_hvr_US_east.nc
ARGO_GDAC,pfl,aoml/4903547/profiles/R4903547_152.nc|2025-07-08T15:25:49Z|25.27466|-88.19662,aoml/4903547/profiles/R4903547_152.nc,4903547,4903547,25.27466,-88.19662,2025-07-08T15:25:49Z,20250708,2025,1009,0.48,2005.44,28.7311,True,True,True,https://noaa-nws-rtofs-pds.s3.amazonaws.com/rtofs.20250708/rtofs_glo_3dz_f006_6hrly_hvr_US_east.nc
ARGO_GDAC,pfl,aoml/4903547/profiles/R4903547_152.nc|2025-07-08T15:25:49Z|25.27466|-88.19662,aoml/4903547/profiles/R4903547_152.nc,4903547,4903547,25.27466,-88.19662,2025-07-08T15:25:49Z,20250708,2025,763,0.48,99.92,28.401,True,True,True,https://noaa-nws-rtofs-pds.s3.amazonaws.com/rtofs.20250708/rtofs_glo_3dz_f006_6hrly_hvr_US_east.nc
ARGO_GDAC,pfl,aoml/4903547/profiles/R4903547_153.nc|2025-07-13T15:58:29Z|25.41007|-88.20853,aoml/4903547/profiles/R4903547_153.nc,4903547,4903547,25.41007,-88.20853,2025-07-13T15:58:29Z,20250713,2025,1011,1.0,2011.48,33.5752,True,True,True,https://noaa-nws-rtofs-pds.s3.amazonaws.com/rtofs.20250713/rtofs_glo_3dz_f006_6hrly_hvr_US_east.nc
ARGO_GDAC,pfl,aoml/4903547/profiles/R4903547_153.nc|2025-07-13T15:58:29Z|25.41007|-88.20853,aoml/4903547/profiles/R4903547_153.nc,4903547,4903547,25.41007,-88.20853,2025-07-13T15:58:29Z,20250713,2025,804,0.64,99.88,33.4468,True,True,True,https://noaa-nws-rtofs-pds.s3.amazonaws.com/rtofs.20250713/rtofs_glo_3dz_f006_6hrly_hvr_US_east.nc
ARGO_GDAC,pfl,aoml/4903547/profiles/R4903547_154.nc|2025-07-18T16:30:57Z|25.51717|-88.41205,aoml/4903547/profiles/R4903547_154.nc,4903547,4903547,25.51717,-88.41205,2025-07-18T16:30:57Z,20250718,2025,1013,1.0,2015.44,20.4354,True,True,True,https://noaa-nws-rtofs-pds.s3.amazonaws.com/rtofs.20250718/rtofs_glo_3dz_f006_6hrly_hvr_US_east.nc
ARGO_GDAC,pfl,aoml/4903547/profiles/R4903547_154.nc|2025-07-18T16:30:57Z|25.51717|-88.41205,aoml/4903547/profiles/R4903547_154.nc,4903547,4903547,25.51717,-88.41205,2025-07-18T16:30:57Z,20250718,2025,787,0.52,99.88,20.632,True,True,True,https://noaa-nws-rtofs-pds.s3.amazonaws.com/rtofs.20250718/rtofs_glo_3dz_f006_6hrly_hvr_US_east.nc
ARGO_GDAC,pfl,aoml/4903547/profiles/R4903547_155.nc|2025-07-23T17:06:49Z|26.03893|-88.85808,aoml/4903547/profiles/R4903547_155.nc,4903547,4903547,26.03893,-88.85808,2025-07-23T17:06:49Z,20250723,2025,1008,0.96,2005.36,17.4545,True,True,True,https://noaa-nws-rtofs-pds.s3.amazonaws.com/rtofs.20250723/rtofs_glo_3dz_f006_6hrly_hvr_US_east.nc
ARGO_GDAC,pfl,aoml/4903547/profiles/R4903547_155.nc|2025-07-23T17:06:49Z|26.03893|-88.85808,aoml/4903547/profiles/R4903547_155.nc,4903547,4903547,26.03893,-88.85808,2025-07-23T17:06:49Z,20250723,2025,836,0.6,99.96,18.085,True,True,True,https://noaa-nws-rtofs-pds.s3.amazonaws.com/rtofs.20250723/rtofs_glo_3dz_f006_6hrly_hvr_US_east.nc
ARGO_GDAC,pfl,aoml/4903547/profiles/R4903547_156.nc|2025-07-28T17:40:15Z|26.43889|-89.15065,aoml/4903547/profiles/R4903547_156.nc,4903547,4903547,26.43889,-89.15065,2025-07-28T17:40:15Z,20250728,2025,1011,1.0,2011.6,18.2796,True,True,True,https://noaa-nws-rtofs-pds.s3.amazonaws.com/rtofs.20250728/rtofs_glo_3dz_f006_6hrly_hvr_US_east.nc
ARGO_GDAC,pfl,aoml/4903547/profiles/R4903547_156.nc|2025-07-28T17:40:15Z|26.43889|-89.15065,aoml/4903547/profiles/R4903547_156.nc,4903547,4903547,26.43889,-89.15065,2025-07-28T17:40:15Z,20250728,2025,802,0.56,100.0,18.1186,True,True,True,https://noaa-nws-rtofs-pds.s3.amazonaws.com/rtofs.20250728/rtofs_glo_3dz_f006_6hrly_hvr_US_east.nc
ARGO_GDAC,pfl,aoml/4903547/profiles/R4903547_157.nc|2025-08-02T18:09:46Z|26.26943|-89.03033,aoml/4903547/profiles/R4903547_157.nc,4903547,4903547,26.26943,-89.03033,2025-08-02T18:09:46Z,20250802,2025,1009,1.04,2007.36,20.1117,True,True,True,https://noaa-nws-rtofs-pds.s3.amazonaws.com/rtofs.20250802/rtofs_glo_3dz_f006_6hrly_hvr_US_east.nc
ARGO_GDAC,pfl,aoml/4903547/profiles/R4903547_157.nc|2025-08-02T18:09:46Z|26.26943|-89.03033,aoml/4903547/profiles/R4903547_157.nc,4903547,4903547,26.26943,-89.03033,2025-08-02T18:09:46Z,20250802,2025,839,0.64,100.0,20.3617,True,True,True,https://noaa-nws-rtofs-pds.s3.amazonaws.com/rtofs.20250802/rtofs_glo_3dz_f006_6hrly_hvr_US_east.nc
ARGO_GDAC,pfl,aoml/4903547/profiles/R4903547_158.nc|2025-08-07T18:46:27Z|26.28065|-88.90764,aoml/4903547/profiles/R4903547_158.nc,4903547,4903547,26.28065,-88.90764,2025-08-07T18:46:27Z,20250807,2025,1011,0.96,2011.56,10.9061,True,True,True,https://noaa-nws-rtofs-pds.s3.amazonaws.com/rtofs.20250807/rtofs_glo_3dz_f006_6hrly_hvr_US_east.nc
ARGO_GDAC,pfl,aoml/4903547/profiles/R4903547_158.nc|2025-08-07T18:46:27Z|26.28065|-88.90764,aoml/4903547/profiles/R4903547_158.nc,4903547,4903547,26.28065,-88.90764,2025-08-07T18:46:27Z,20250807,2025,783,0.52,99.88,10.754,True,True,True,https://noaa-nws-rtofs-pds.s3.amazonaws.com/rtofs.20250807/rtofs_glo_3dz_f006_6hrly_hvr_US_east.nc
ARGO_GDAC,pfl,aoml/4903547/profiles/R4903547_159.nc|2025-08-12T19:27:32Z|26.11729|-89.38140,aoml/4903547/profiles/R4903547_159.nc,4903547,4903547,26.11729,-89.3814,2025-08-12T19:27:32Z,20250812,2025,1010,1.12,2009.4,25.6403,True,True,True,https://noaa-nws-rtofs-pds.s3.amazonaws.com/rtofs.20250812/rtofs_glo_3dz_f006_6hrly_hvr_US_east.nc
ARGO_GDAC,pfl,aoml/4903547/profiles/R4903547_159.nc|2025-08-12T19:27:32Z|26.11729|-89.38140,aoml/4903547/profiles/R4903547_159.nc,4903547,4903547,26.11729,-89.3814,2025-08-12T19:27:32Z,20250812,2025,887,0.84,99.92,25.7086,True,True,True,https://noaa-nws-rtofs-pds.s3.amazonaws.com/rtofs.20250812/rtofs_glo_3dz_f006_6hrly_hvr_US_east.nc
ARGO_GDAC,pfl,aoml/4903547/profiles/R4903547_160.nc|2025-08-17T20:08:50Z|26.15875|-89.71781,aoml/4903547/profiles/R4903547_160.nc,4903547,4903547,26.15875,-89.71781,2025-08-17T20:08:50Z,20250817,2025,1012,1.04,2013.6,19.6235,True,True,True,https://noaa-nws-rtofs-pds.s3.amazonaws.com/rtofs.20250817/rtofs_glo_3dz_f006_6hrly_hvr_US_east.nc
ARGO_GDAC,pfl,aoml/4903547/profiles/R4903547_160.nc|2025-08-17T20:08:50Z|26.15875|-89.71781,aoml/4903547/profiles/R4903547_160.nc,4903547,4903547,26.15875,-89.71781,2025-08-17T20:08:50Z,20250817,2025,911,0.64,99.84,19.5866,True,True,True,https://noaa-nws-rtofs-pds.s3.amazonaws.com/rtofs.20250817/rtofs_glo_3dz_f006_6hrly_hvr_US_east.nc
ARGO_GDAC,pfl,aoml/4903547/profiles/R4903547_161.nc|2025-08-22T20:47:09Z|26.13635|-90.00255,aoml/4903547/profiles/R4903547_161.nc,4903547,4903547,26.13635,-90.00255,2025-08-22T20:47:09Z,20250822,2025,1012,1.08,2014.04,19.3945,True,True,True,https://noaa-nws-rtofs-pds.s3.amazonaws.com/rtofs.20250822/rtofs_glo_3dz_f006_6hrly_hvr_US_east.nc
ARGO_GDAC,pfl,aoml/4903547/profiles/R4903547_161.nc|2025-08-22T20:47:09Z|26.13635|-90.00255,aoml/4903547/profiles/R4903547_161.nc,4903547,4903547,26.13635,-90.00255,2025-08-22T20:47:09Z,20250822,2025,884,0.68,99.96,19.6,True,True,True,https://noaa-nws-rtofs-pds.s3.amazonaws.com/rtofs.20250822/rtofs_glo_3dz_f006_6hrly_hvr_US_east.nc
ARGO_GDAC,pfl,aoml/4903547/profiles/R4903547_162.nc|2025-08-27T21:24:22Z|26.19272|-90.17254,aoml/4903547/profiles/R4903547_162.nc,4903547,4903547,26.19272,-90.17254,2025-08-27T21:24:22Z,20250827,2025,1010,1.04,2009.4,11.6767,True,True,True,https://noaa-nws-rtofs-pds.s3.amazonaws.com/rtofs.20250827/rtofs_glo_3dz_f006_6hrly_hvr_US_east.nc
ARGO_GDAC,pfl,aoml/4903547/profiles/R4903547_162.nc|2025-08-27T21:24:22Z|26.19272|-90.17254,aoml/4903547/profiles/R4903547_162.nc,4903547,4903547,26.19272,-90.17254,2025-08-27T21:24:22Z,20250827,2025,757,0.56,100.0,11.495,True,True,True,https://noaa-nws-rtofs-pds.s3.amazonaws.com/rtofs.20250827/rtofs_glo_3dz_f006_6hrly_hvr_US_east.nc
ARGO_GDAC,pfl,aoml/4903547/profiles/R4903547_163.nc|2025-09-01T22:03:23Z|26.23002|-90.47562,aoml/4903547/profiles/R4903547_163.nc,4903547,4903547,26.23002,-90.47562,2025-09-01T22:03:23Z,20250901,2025,1013,1.04,2015.16,12.542,True,True,True,https://noaa-nws-rtofs-pds.s3.amazonaws.com/rtofs.20250901/rtofs_glo_3dz_f006_6hrly_hvr_US_east.nc
ARGO_GDAC,pfl,aoml/4903547/profiles/R4903547_163.nc|2025-09-01T22:03:23Z|26.23002|-90.47562,aoml/4903547/profiles/R4903547_163.nc,4903547,4903547,26.23002,-90.47562,2025-09-01T22:03:23Z,20250901,2025,815,0.64,99.92,12.6023,True,True,True,https://noaa-nws-rtofs-pds.s3.amazonaws.com/rtofs.20250901/rtofs_glo_3dz_f006_6hrly_hvr_US_east.nc
ARGO_GDAC,pfl,aoml/4903547/profiles/R4903547_164.nc|2025-09-06T22:34:10Z|26.08580|-91.00187,aoml/4903547/profiles/R4903547_164.nc,4903547,4903547,26.0858,-91.00187,2025-09-06T22:34:10Z,20250906,2025,1008,1.04,2005.48,21.6522,True,True,True,https://noaa-nws-rtofs-pds.s3.amazonaws.com/rtofs.20250906/rtofs_glo_3dz_f006_6hrly_hvr_US_east.nc
ARGO_GDAC,pfl,aoml/4903547/profiles/R4903547_164.nc|2025-09-06T22:34:10Z|26.08580|-91.00187,aoml/4903547/profiles/R4903547_164.nc,4903547,4903547,26.0858,-91.00187,2025-09-06T22:34:10Z,20250906,2025,799,0.64,99.92,21.9373,True,True,True,https://noaa-nws-rtofs-pds.s3.amazonaws.com/rtofs.20250906/rtofs_glo_3dz_f006_6hrly_hvr_US_east.nc
ARGO_GDAC,pfl,aoml/4903547/profiles/R4903547_165.nc|2025-09-11T23:10:41Z|25.74276|-91.38207,aoml/4903547/profiles/R4903547_165.nc,4903547,4903547,25.74276,-91.38207,2025-09-11T23:10:41Z,20250911,2025,1008,1.08,2005.12,21.9009,True,True,True,https://noaa-nws-rtofs-pds.s3.amazonaws.com/rtofs.20250911/rtofs_glo_3dz_f006_6hrly_hvr_US_east.nc
ARGO_GDAC,pfl,aoml/4903547/profiles/R4903547_165.nc|2025-09-11T23:10:41Z|25.74276|-91.38207,aoml/4903547/profiles/R4903547_165.nc,4903547,4903547,25.74276,-91.38207,2025-09-11T23:10:41Z,20250911,2025,827,0.84,100.0,22.1157,True,True,True,https://noaa-nws-rtofs-pds.s3.amazonaws.com/rtofs.20250911/rtofs_glo_3dz_f006_6hrly_hvr_US_east.nc
ARGO_GDAC,pfl,aoml/4903547/profiles/R4903547_166.nc|2025-09-16T23:44:46Z|25.52560|-91.38637,aoml/4903547/profiles/R4903547_166.nc,4903547,4903547,25.5256,-91.38637,2025-09-16T23:44:46Z,20250916,2025,1008,0.92,2005.0,24.3076,True,True,True,https://noaa-nws-rtofs-pds.s3.amazonaws.com/rtofs.20250916/rtofs_glo_3dz_f006_6hrly_hvr_US_east.nc
ARGO_GDAC,pfl,aoml/4903547/profiles/R4903547_166.nc|2025-09-16T23:44:46Z|25.52560|-91.38637,aoml/4903547/profiles/R4903547_166.nc,4903547,4903547,25.5256,-91.38637,2025-09-16T23:44:46Z,20250916,2025,865,0.56,99.96,24.5503,True,True,True,https://noaa-nws-rtofs-pds.s3.amazonaws.com/rtofs.20250916/rtofs_glo_3dz_f006_6hrly_hvr_US_east.nc
ARGO_GDAC,pfl,aoml/4903547/profiles/R4903547_167.nc|2025-09-22T00:19:24Z|25.49513|-91.28063,aoml/4903547/profiles/R4903547_167.nc,4903547,4903547,25.49513,-91.28063,2025-09-22T00:19:24Z,20250922,2025,1012,1.04,2013.36,28.4454,True,True,True,https://noaa-nws-rtofs-pds.s3.amazonaws.com/rtofs.20250922/rtofs_glo_3dz_f006_6hrly_hvr_US_east.nc
ARGO_GDAC,pfl,aoml/4903547/profiles/R4903547_167.nc|2025-09-22T00:19:24Z|25.49513|-91.28063,aoml/4903547/profiles/R4903547_167.nc,4903547,4903547,25.49513,-91.28063,2025-09-22T00:19:24Z,20250922,2025,897,0.52,99.96,29.0,True,True,True,https://noaa-nws-rtofs-pds.s3.amazonaws.com/rtofs.20250922/rtofs_glo_3dz_f006_6hrly_hvr_US_east.nc
ARGO_GDAC,pfl,aoml/4903547/profiles/R4903547_168.nc|2025-09-27T00:59:33Z|25.70686|-91.20236,aoml/4903547/profiles/R4903547_168.nc,4903547,4903547,25.70686,-91.20236,2025-09-27T00:59:33Z,20250927,2025,1013,1.04,2015.84,40.9831,True,True,True,https://noaa-nws-rtofs-pds.s3.amazonaws.com/rtofs.20250927/rtofs_glo_3dz_f006_6hrly_hvr_US_east.nc
ARGO_GDAC,pfl,aoml/4903547/profiles/R4903547_168.nc|2025-09-27T00:59:33Z|25.70686|-91.20236,aoml/4903547/profiles/R4903547_168.nc,4903547,4903547,25.70686,-91.20236,2025-09-27T00:59:33Z,20250927,2025,858,0.72,99.96,42.0734,True,True,True,https://noaa-nws-rtofs-pds.s3.amazonaws.com/rtofs.20250927/rtofs_glo_3dz_f006_6hrly_hvr_US_east.nc
ARGO_GDAC,pfl,aoml/4903547/profiles/R4903547_169.nc|2025-10-02T01:28:16Z|25.73353|-91.35814,aoml/4903547/profiles/R4903547_169.nc,4903547,4903547,25.73353,-91.35814,2025-10-02T01:28:16Z,20251002,2025,1007,1.04,2003.6,27.1565,True,True,True,https://noaa-nws-rtofs-pds.s3.amazonaws.com/rtofs.20251002/rtofs_glo_3dz_f006_6hrly_hvr_US_east.nc
ARGO_GDAC,pfl,aoml/4903547/profiles/R4903547_169.nc|2025-10-02T01:28:16Z|25.73353|-91.35814,aoml/4903547/profiles/R4903547_169.nc,4903547,4903547,25.73353,-91.35814,2025-10-02T01:28:16Z,20251002,2025,786,0.64,99.88,27.64,True,True,True,https://noaa-nws-rtofs-pds.s3.amazonaws.com/rtofs.20251002/rtofs_glo_3dz_f006_6hrly_hvr_US_east.nc
ARGO_GDAC,pfl,aoml/4903547/profiles/R4903547_170.nc|2025-10-07T02:06:14Z|25.45841|-91.36534,aoml/4903547/profiles/R4903547_170.nc,4903547,4903547,25.45841,-91.36534,2025-10-07T02:06:14Z,20251007,2025,1012,0.44,2011.72,50.2197,True,True,True,https://noaa-nws-rtofs-pds.s3.amazonaws.com/rtofs.20251007/rtofs_glo_3dz_f006_6hrly_hvr_US_east.nc
ARGO_GDAC,pfl,aoml/4903547/profiles/R4903547_170.nc|2025-10-07T02:06:14Z|25.45841|-91.36534,aoml/4903547/profiles/R4903547_170.nc,4903547,4903547,25.45841,-91.36534,2025-10-07T02:06:14Z,20251007,2025,765,0.44,99.92,26.3748,True,True,True,https://noaa-nws-rtofs-pds.s3.amazonaws.com/rtofs.20251007/rtofs_glo_3dz_f006_6hrly_hvr_US_east.nc
ARGO_GDAC,pfl,aoml/4903547/profiles/R4903547_171.nc|2025-10-12T02:39:31Z|25.23447|-91.45408,aoml/4903547/profiles/R4903547_171.nc,4903547,4903547,25.23447,-91.45408,2025-10-12T02:39:31Z,20251012,2025,1008,1.12,2005.32,29.2197,True,True,True,https://noaa-nws-rtofs-pds.s3.amazonaws.com/rtofs.20251012/rtofs_glo_3dz_f006_6hrly_hvr_US_east.nc
ARGO_GDAC,pfl,aoml/4903547/profiles/R4903547_171.nc|2025-10-12T02:39:31Z|25.23447|-91.45408,aoml/4903547/profiles/R4903547_171.nc,4903547,4903547,25.23447,-91.45408,2025-10-12T02:39:31Z,20251012,2025,778,0.8,99.88,29.296,True,True,True,https://noaa-nws-rtofs-pds.s3.amazonaws.com/rtofs.20251012/rtofs_glo_3dz_f006_6hrly_hvr_US_east.nc
ARGO_GDAC,pfl,aoml/4903547/profiles/R4903547_172.nc|2025-10-17T03:20:04Z|25.34732|-91.64790,aoml/4903547/profiles/R4903547_172.nc,4903547,4903547,25.34732,-91.6479,2025-10-17T03:20:04Z,20251017,2025,1013,0.44,2013.12,53.192,True,True,True,https://noaa-nws-rtofs-pds.s3.amazonaws.com/rtofs.20251017/rtofs_glo_3dz_f006_6hrly_hvr_US_east.nc
ARGO_GDAC,pfl,aoml/4903547/profiles/R4903547_172.nc|2025-10-17T03:20:04Z|25.34732|-91.64790,aoml/4903547/profiles/R4903547_172.nc,4903547,4903547,25.34732,-91.6479,2025-10-17T03:20:04Z,20251017,2025,837,0.44,99.92,53.984,True,True,True,https://noaa-nws-rtofs-pds.s3.amazonaws.com/rtofs.20251017/rtofs_glo_3dz_f006_6hrly_hvr_US_east.nc
ARGO_GDAC,pfl,aoml/4903547/profiles/R4903547_173.nc|2025-10-22T03:55:53Z|25.62536|-91.37798,aoml/4903547/profiles/R4903547_173.nc,4903547,4903547,25.62536,-91.37798,2025-10-22T03:55:53Z,20251022,2025,1009,0.4,2005.28,50.5176,True,True,True,https://noaa-nws-rtofs-pds.s3.amazonaws.com/rtofs.20251022/rtofs_glo_3dz_f006_6hrly_hvr_US_east.nc
ARGO_GDAC,pfl,aoml/4903547/profiles/R4903547_173.nc|2025-10-22T03:55:53Z|25.62536|-91.37798,aoml/4903547/profiles/R4903547_173.nc,4903547,4903547,25.62536,-91.37798,2025-10-22T03:55:53Z,20251022,2025,781,0.4,99.92,51.1225,True,True,True,https://noaa-nws-rtofs-pds.s3.amazonaws.com/rtofs.20251022/rtofs_glo_3dz_f006_6hrly_hvr_US_east.nc
ARGO_GDAC,pfl,aoml/4903547/profiles/R4903547_174.nc|2025-10-27T04:39:31Z|25.97918|-90.84710,aoml/4903547/profiles/R4903547_174.nc,4903547,4903547,25.97918,-90.8471,2025-10-27T04:39:31Z,20251027,2025,1013,1.0,2016.04,62.3792,True,True,True,https://noaa-nws-rtofs-pds.s3.amazonaws.com/rtofs.20251027/rtofs_glo_3dz_f006_6hrly_hvr_US_east.nc
ARGO_GDAC,pfl,aoml/4903547/profiles/R4903547_174.nc|2025-10-27T04:39:31Z|25.97918|-90.84710,aoml/4903547/profiles/R4903547_174.nc,4903547,4903547,25.97918,-90.8471,2025-10-27T04:39:31Z,20251027,2025,791,0.56,99.88,63.8012,True,True,True,https://noaa-nws-rtofs-pds.s3.amazonaws.com/rtofs.20251027/rtofs_glo_3dz_f006_6hrly_hvr_US_east.nc
ARGO_GDAC,pfl,aoml/4903547/profiles/R4903547_175.nc|2025-11-01T05:17:02Z|26.35447|-90.64507,aoml/4903547/profiles/R4903547_175.nc,4903547,4903547,26.35447,-90.64507,2025-11-01T05:17:02Z,20251101,2025,1010,0.44,2007.44,74.1456,True,True,True,https://noaa-nws-rtofs-pds.s3.amazonaws.com/rtofs.20251101/rtofs_glo_3dz_f006_6hrly_hvr_US_east.nc
ARGO_GDAC,pfl,aoml/4903547/profiles/R4903547_175.nc|2025-11-01T05:17:02Z|26.35447|-90.64507,aoml/4903547/profiles/R4903547_175.nc,4903547,4903547,26.35447,-90.64507,2025-11-01T05:17:02Z,20251101,2025,767,0.44,99.92,74.7403,True,True,True,https://noaa-nws-rtofs-pds.s3.amazonaws.com/rtofs.20251101/rtofs_glo_3dz_f006_6hrly_hvr_US_east.nc
ARGO_GDAC,pfl,aoml/4903547/profiles/R4903547_176.nc|2025-11-06T05:50:28Z|26.44708|-90.60170,aoml/4903547/profiles/R4903547_176.nc,4903547,4903547,26.44708,-90.6017,2025-11-06T05:50:28Z,20251106,2025,1010,0.36,2007.56,62.4123,True,True,True,https://noaa-nws-rtofs-pds.s3.amazonaws.com/rtofs.20251106/rtofs_glo_3dz_f006_6hrly_hvr_US_east.nc
ARGO_GDAC,pfl,aoml/4903547/profiles/R4903547_176.nc|2025-11-06T05:50:28Z|26.44708|-90.60170,aoml/4903547/profiles/R4903547_176.nc,4903547,4903547,26.44708,-90.6017,2025-11-06T05:50:28Z,20251106,2025,759,0.36,99.96,62.48,True,True,True,https://noaa-nws-rtofs-pds.s3.amazonaws.com/rtofs.20251106/rtofs_glo_3dz_f006_6hrly_hvr_US_east.nc
ARGO_GDAC,pfl,aoml/4903547/profiles/R4903547_177.nc|2025-11-11T06:22:16Z|26.51469|-90.47333,aoml/4903547/profiles/R4903547_177.nc,4903547,4903547,26.51469,-90.47333,2025-11-11T06:22:16Z,20251111,2025,1011,1.04,2011.28,80.9623,True,True,True,https://noaa-nws-rtofs-pds.s3.amazonaws.com/rtofs.20251111/rtofs_glo_3dz_f006_6hrly_hvr_US_east.nc
ARGO_GDAC,pfl,aoml/4903547/profiles/R4903547_177.nc|2025-11-11T06:22:16Z|26.51469|-90.47333,aoml/4903547/profiles/R4903547_177.nc,4903547,4903547,26.51469,-90.47333,2025-11-11T06:22:16Z,20251111,2025,837,0.72,99.84,81.7564,True,True,True,https://noaa-nws-rtofs-pds.s3.amazonaws.com/rtofs.20251111/rtofs_glo_3dz_f006_6hrly_hvr_US_east.nc
ARGO_GDAC,pfl,aoml/4903547/profiles/R4903547_178.nc|2025-11-16T06:53:57Z|26.56186|-90.14875,aoml/4903547/profiles/R4903547_178.nc,4903547,4903547,26.56186,-90.14875,2025-11-16T06:53:57Z,20251116,2025,1008,0.96,2005.4,78.1733,True,True,True,https://noaa-nws-rtofs-pds.s3.amazonaws.com/rtofs.20251116/rtofs_glo_3dz_f006_6hrly_hvr_US_east.nc
ARGO_GDAC,pfl,aoml/4903547/profiles/R4903547_178.nc|2025-11-16T06:53:57Z|26.56186|-90.14875,aoml/4903547/profiles/R4903547_178.nc,4903547,4903547,26.56186,-90.14875,2025-11-16T06:53:57Z,20251116,2025,728,0.52,100.0,79.2061,True,True,True,https://noaa-nws-rtofs-pds.s3.amazonaws.com/rtofs.20251116/rtofs_glo_3dz_f006_6hrly_hvr_US_east.nc
ARGO_GDAC,pfl,aoml/4903547/profiles/R4903547_179.nc|2025-11-21T07:25:11Z|26.39865|-89.75553,aoml/4903547/profiles/R4903547_179.nc,4903547,4903547,26.39865,-89.75553,2025-11-21T07:25:11Z,20251121,2025,1011,0.96,2011.08,118.5904,True,False,True,https://noaa-nws-rtofs-pds.s3.amazonaws.com/rtofs.20251121/rtofs_glo_3dz_f006_6hrly_hvr_US_east.nc
ARGO_GDAC,pfl,aoml/4903547/profiles/R4903547_179.nc|2025-11-21T07:25:11Z|26.39865|-89.75553,aoml/4903547/profiles/R4903547_179.nc,4903547,4903547,26.39865,-89.75553,2025-11-21T07:25:11Z,20251121,2025,581,0.6,99.96,,False,False,True,https://noaa-nws-rtofs-pds.s3.amazonaws.com/rtofs.20251121/rtofs_glo_3dz_f006_6hrly_hvr_US_east.nc
ARGO_GDAC,pfl,aoml/4903547/profiles/R4903547_180.nc|2025-11-26T08:01:54Z|26.77291|-89.33898,aoml/4903547/profiles/R4903547_180.nc,4903547,4903547,26.77291,-89.33898,2025-11-26T08:01:54Z,20251126,2025,1008,0.96,2005.72,40.1958,True,True,True,https://noaa-nws-rtofs-pds.s3.amazonaws.com/rtofs.20251126/rtofs_glo_3dz_f006_6hrly_hvr_US_east.nc
ARGO_GDAC,pfl,aoml/4903547/profiles/R4903547_180.nc|2025-11-26T08:01:54Z|26.77291|-89.33898,aoml/4903547/profiles/R4903547_180.nc,4903547,4903547,26.77291,-89.33898,2025-11-26T08:01:54Z,20251126,2025,822,0.52,100.0,36.0799,True,True,True,https://noaa-nws-rtofs-pds.s3.amazonaws.com/rtofs.20251126/rtofs_glo_3dz_f006_6hrly_hvr_US_east.nc
ARGO_GDAC,pfl,aoml/4903547/profiles/R4903547_181.nc|2025-12-01T08:35:31Z|26.58787|-89.03617,aoml/4903547/profiles/R4903547_181.nc,4903547,4903547,26.58787,-89.03617,2025-12-01T08:35:31Z,20251201,2025,1011,1.16,2011.96,58.4838,True,True,True,https://noaa-nws-rtofs-pds.s3.amazonaws.com/rtofs.20251201/rtofs_glo_3dz_f006_6hrly_hvr_US_east.nc
ARGO_GDAC,pfl,aoml/4903547/profiles/R4903547_181.nc|2025-12-01T08:35:31Z|26.58787|-89.03617,aoml/4903547/profiles/R4903547_181.nc,4903547,4903547,26.58787,-89.03617,2025-12-01T08:35:31Z,20251201,2025,830,0.88,99.96,58.7411,True,True,True,https://noaa-nws-rtofs-pds.s3.amazonaws.com/rtofs.20251201/rtofs_glo_3dz_f006_6hrly_hvr_US_east.nc
ARGO_GDAC,pfl,aoml/4903547/profiles/R4903547_182.nc|2025-12-06T09:09:16Z|26.41772|-89.08369,aoml/4903547/profiles/R4903547_182.nc,4903547,4903547,26.41772,-89.08369,2025-12-06T09:09:16Z,20251206,2025,1011,1.04,2011.24,18.356,True,True,True,https://noaa-nws-rtofs-pds.s3.amazonaws.com/rtofs.20251206/rtofs_glo_3dz_f006_6hrly_hvr_US_east.nc
ARGO_GDAC,pfl,aoml/4903547/profiles/R4903547_182.nc|2025-12-06T09:09:16Z|26.41772|-89.08369,aoml/4903547/profiles/R4903547_182.nc,4903547,4903547,26.41772,-89.08369,2025-12-06T09:09:16Z,20251206,2025,775,0.6,99.88,18.3151,True,True,True,https://noaa-nws-rtofs-pds.s3.amazonaws.com/rtofs.20251206/rtofs_glo_3dz_f006_6hrly_hvr_US_east.nc
ARGO_GDAC,pfl,aoml/4903547/profiles/R4903547_183.nc|2025-12-11T09:43:01Z|26.42493|-89.01169,aoml/4903547/profiles/R4903547_183.nc,4903547,4903547,26.42493,-89.01169,2025-12-11T09:43:01Z,20251211,2025,1009,1.0,2007.48,68.2389,True,True,True,https://noaa-nws-rtofs-pds.s3.amazonaws.com/rtofs.20251211/rtofs_glo_3dz_f006_6hrly_hvr_US_east.nc
ARGO_GDAC,pfl,aoml/4903547/profiles/R4903547_183.nc|2025-12-11T09:43:01Z|26.42493|-89.01169,aoml/4903547/profiles/R4903547_183.nc,4903547,4903547,26.42493,-89.01169,2025-12-11T09:43:01Z,20251211,2025,745,0.56,99.88,68.6229,True,True,True,https://noaa-nws-rtofs-pds.s3.amazonaws.com/rtofs.20251211/rtofs_glo_3dz_f006_6hrly_hvr_US_east.nc
ARGO_GDAC,pfl,aoml/4903547/profiles/R4903547_184.nc|2025-12-16T10:16:02Z|26.34159|-88.83184,aoml/4903547/profiles/R4903547_184.nc,4903547,4903547,26.34159,-88.83184,2025-12-16T10:16:02Z,20251216,2025,1013,0.4,2013.52,68.6241,True,True,True,https://noaa-nws-rtofs-pds.s3.amazonaws.com/rtofs.20251216/rtofs_glo_3dz_f006_6hrly_hvr_US_east.nc
ARGO_GDAC,pfl,aoml/4903547/profiles/R4903547_184.nc|2025-12-16T10:16:02Z|26.34159|-88.83184,aoml/4903547/profiles/R4903547_184.nc,4903547,4903547,26.34159,-88.83184,2025-12-16T10:16:02Z,20251216,2025,698,0.4,99.84,69.6298,True,True,True,https://noaa-nws-rtofs-pds.s3.amazonaws.com/rtofs.20251216/rtofs_glo_3dz_f006_6hrly_hvr_US_east.nc
ARGO_GDAC,pfl,aoml/4903547/profiles/R4903547_185.nc|2025-12-21T10:47:42Z|26.28751|-88.46376,aoml/4903547/profiles/R4903547_185.nc,4903547,4903547,26.28751,-88.46376,2025-12-21T10:47:42Z,20251221,2025,1009,1.0,2007.48,11.5316,True,True,True,https://noaa-nws-rtofs-pds.s3.amazonaws.com/rtofs.20251221/rtofs_glo_3dz_f006_6hrly_hvr_US_east.nc
ARGO_GDAC,pfl,aoml/4903547/profiles/R4903547_185.nc|2025-12-21T10:47:42Z|26.28751|-88.46376,aoml/4903547/profiles/R4903547_185.nc,4903547,4903547,26.28751,-88.46376,2025-12-21T10:47:42Z,20251221,2025,826,0.52,99.92,11.6579,True,True,True,https://noaa-nws-rtofs-pds.s3.amazonaws.com/rtofs.20251221/rtofs_glo_3dz_f006_6hrly_hvr_US_east.nc
ARGO_GDAC,pfl,aoml/4903547/profiles/R4903547_186.nc|2025-12-26T11:17:16Z|26.17777|-87.65429,aoml/4903547/profiles/R4903547_186.nc,4903547,4903547,26.17777,-87.65429,2025-12-26T11:17:16Z,20251226,2025,1012,0.44,2011.44,87.5541,True,True,True,https://noaa-nws-rtofs-pds.s3.amazonaws.com/rtofs.20251226/rtofs_glo_3dz_f006_6hrly_hvr_US_east.nc
ARGO_GDAC,pfl,aoml/4903547/profiles/R4903547_186.nc|2025-12-26T11:17:16Z|26.17777|-87.65429,aoml/4903547/profiles/R4903547_186.nc,4903547,4903547,26.17777,-87.65429,2025-12-26T11:17:16Z,20251226,2025,798,0.44,100.0,87.3633,True,True,True,https://noaa-nws-rtofs-pds.s3.amazonaws.com/rtofs.20251226/rtofs_glo_3dz_f006_6hrly_hvr_US_east.nc
ARGO_GDAC,pfl,aoml/4903547/profiles/R4903547_187.nc|2025-12-31T11:49:19Z|26.46612|-86.90753,aoml/4903547/profiles/R4903547_187.nc,4903547,4903547,26.46612,-86.90753,2025-12-31T11:49:19Z,20251231,2025,1011,1.0,2011.4,106.033,True,False,True,https://noaa-nws-rtofs-pds.s3.amazonaws.com/rtofs.20251231/rtofs_glo_3dz_f006_6hrly_hvr_US_east.nc
ARGO_GDAC,pfl,aoml/4903547/profiles/R4903547_187.nc|2025-12-31T11:49:19Z|26.46612|-86.90753,aoml/4903547/profiles/R4903547_187.nc,4903547,4903547,26.46612,-86.90753,2025-12-31T11:49:19Z,20251231,2025,601,0.56,100.0,,False,False,True,https://noaa-nws-rtofs-pds.s3.amazonaws.com/rtofs.20251231/rtofs_glo_3dz_f006_6hrly_hvr_US_east.nc
ARGO_GDAC,pfl,aoml/4903548/profiles/D4903548_042.nc|2024-01-02T04:44:34Z|24.12361|-86.02099,aoml/4903548/profiles/D4903548_042.nc,4903548,4903548,24.12361,-86.02099,2024-01-02T04:44:34Z,20240102,2024,1011,1.04,2011.72,144.1464,True,False,False,
ARGO_GDAC,pfl,aoml/4903548/profiles/D4903548_042.nc|2024-01-02T04:44:34Z|24.12361|-86.02099,aoml/4903548/profiles/D4903548_042.nc,4903548,4903548,24.12361,-86.02099,2024-01-02T04:44:34Z,20240102,2024,808,0.64,99.96,,False,False,False,
ARGO_GDAC,pfl,aoml/4903548/profiles/D4903548_043.nc|2024-01-07T05:28:14Z|24.13379|-85.96482,aoml/4903548/profiles/D4903548_043.nc,4903548,4903548,24.13379,-85.96482,2024-01-07T05:28:14Z,20240107,2024,1007,1.0,2003.96,144.36,True,False,False,
ARGO_GDAC,pfl,aoml/4903548/profiles/D4903548_043.nc|2024-01-07T05:28:14Z|24.13379|-85.96482,aoml/4903548/profiles/D4903548_043.nc,4903548,4903548,24.13379,-85.96482,2024-01-07T05:28:14Z,20240107,2024,840,0.64,99.96,,False,False,False,
ARGO_GDAC,pfl,aoml/4903548/profiles/D4903548_044.nc|2024-01-12T06:05:06Z|24.01502|-85.69268,aoml/4903548/profiles/D4903548_044.nc,4903548,4903548,24.01502,-85.69268,2024-01-12T06:05:06Z,20240112,2024,1008,1.0,2005.24,87.0401,True,True,False,
ARGO_GDAC,pfl,aoml/4903548/profiles/D4903548_044.nc|2024-01-12T06:05:06Z|24.01502|-85.69268,aoml/4903548/profiles/D4903548_044.nc,4903548,4903548,24.01502,-85.69268,2024-01-12T06:05:06Z,20240112,2024,827,0.56,99.88,86.31,True,True,False,
ARGO_GDAC,pfl,aoml/4903548/profiles/D4903548_045.nc|2024-01-17T06:43:49Z|23.92675|-85.55357,aoml/4903548/profiles/D4903548_045.nc,4903548,4903548,23.92675,-85.55357,2024-01-17T06:43:49Z,20240117,2024,1010,1.04,2009.52,139.3771,True,False,False,
ARGO_GDAC,pfl,aoml/4903548/profiles/D4903548_045.nc|2024-01-17T06:43:49Z|23.92675|-85.55357,aoml/4903548/profiles/D4903548_045.nc,4903548,4903548,23.92675,-85.55357,2024-01-17T06:43:49Z,20240117,2024,860,0.56,99.96,,False,False,False,
ARGO_GDAC,pfl,aoml/4903548/profiles/D4903548_046.nc|2024-01-22T07:27:30Z|23.84928|-85.57835,aoml/4903548/profiles/D4903548_046.nc,4903548,4903548,23.84928,-85.57835,2024-01-22T07:27:30Z,20240122,2024,1012,0.48,2011.24,135.26,True,False,False,
ARGO_GDAC,pfl,aoml/4903548/profiles/D4903548_046.nc|2024-01-22T07:27:30Z|23.84928|-85.57835,aoml/4903548/profiles/D4903548_046.nc,4903548,4903548,23.84928,-85.57835,2024-01-22T07:27:30Z,20240122,2024,772,0.48,99.96,,False,False,False,
ARGO_GDAC,pfl,aoml/4903548/profiles/D4903548_047.nc|2024-01-27T08:14:42Z|23.96671|-85.65248,aoml/4903548/profiles/D4903548_047.nc,4903548,4903548,23.96671,-85.65248,2024-01-27T08:14:42Z,20240127,2024,1011,1.24,2011.36,130.6051,True,False,True,https://noaa-nws-rtofs-pds.s3.amazonaws.com/rtofs.20240127/rtofs_glo_3dz_f006_6hrly_hvr_US_east.nc
ARGO_GDAC,pfl,aoml/4903548/profiles/D4903548_047.nc|2024-01-27T08:14:42Z|23.96671|-85.65248,aoml/4903548/profiles/D4903548_047.nc,4903548,4903548,23.96671,-85.65248,2024-01-27T08:14:42Z,20240127,2024,846,1.04,100.0,80.92,True,True,True,https://noaa-nws-rtofs-pds.s3.amazonaws.com/rtofs.20240127/rtofs_glo_3dz_f006_6hrly_hvr_US_east.nc
ARGO_GDAC,pfl,aoml/4903548/profiles/D4903548_048.nc|2024-02-01T08:53:15Z|24.30242|-85.39590,aoml/4903548/profiles/D4903548_048.nc,4903548,4903548,24.30242,-85.3959,2024-02-01T08:53:15Z,20240201,2024,1012,1.0,2014.04,77.9893,True,True,True,https://noaa-nws-rtofs-pds.s3.amazonaws.com/rtofs.20240201/rtofs_glo_3dz_f006_6hrly_hvr_US_east.nc
ARGO_GDAC,pfl,aoml/4903548/profiles/D4903548_048.nc|2024-02-01T08:53:15Z|24.30242|-85.39590,aoml/4903548/profiles/D4903548_048.nc,4903548,4903548,24.30242,-85.3959,2024-02-01T08:53:15Z,20240201,2024,800,0.52,99.92,78.04,True,True,True,https://noaa-nws-rtofs-pds.s3.amazonaws.com/rtofs.20240201/rtofs_glo_3dz_f006_6hrly_hvr_US_east.nc
ARGO_GDAC,pfl,aoml/4903548/profiles/D4903548_049.nc|2024-02-06T09:35:12Z|24.63581|-85.64949,aoml/4903548/profiles/D4903548_049.nc,4903548,4903548,24.63581,-85.64949,2024-02-06T09:35:12Z,20240206,2024,1007,1.0,2003.88,98.039,True,True,True,https://noaa-nws-rtofs-pds.s3.amazonaws.com/rtofs.20240206/rtofs_glo_3dz_f006_6hrly_hvr_US_east.nc
ARGO_GDAC,pfl,aoml/4903548/profiles/D4903548_049.nc|2024-02-06T09:35:12Z|24.63581|-85.64949,aoml/4903548/profiles/D4903548_049.nc,4903548,4903548,24.63581,-85.64949,2024-02-06T09:35:12Z,20240206,2024,837,0.52,99.88,98.3046,True,True,True,https://noaa-nws-rtofs-pds.s3.amazonaws.com/rtofs.20240206/rtofs_glo_3dz_f006_6hrly_hvr_US_east.nc
ARGO_GDAC,pfl,aoml/4903548/profiles/D4903548_050.nc|2024-02-11T10:20:56Z|24.87358|-86.10117,aoml/4903548/profiles/D4903548_050.nc,4903548,4903548,24.87358,-86.10117,2024-02-11T10:20:56Z,20240211,2024,1009,1.0,2007.84,133.0085,True,False,True,https://noaa-nws-rtofs-pds.s3.amazonaws.com/rtofs.20240211/rtofs_glo_3dz_f006_6hrly_hvr_US_east.nc
ARGO_GDAC,pfl,aoml/4903548/profiles/D4903548_050.nc|2024-02-11T10:20:56Z|24.87358|-86.10117,aoml/4903548/profiles/D4903548_050.nc,4903548,4903548,24.87358,-86.10117,2024-02-11T10:20:56Z,20240211,2024,832,0.6,99.96,,False,False,True,https://noaa-nws-rtofs-pds.s3.amazonaws.com/rtofs.20240211/rtofs_glo_3dz_f006_6hrly_hvr_US_east.nc
ARGO_GDAC,pfl,aoml/4903548/profiles/D4903548_051.nc|2024-02-16T11:04:55Z|25.25759|-85.90748,aoml/4903548/profiles/D4903548_051.nc,4903548,4903548,25.25759,-85.90748,2024-02-16T11:04:55Z,20240216,2024,1011,1.04,2011.56,41.7467,True,True,True,https://noaa-nws-rtofs-pds.s3.amazonaws.com/rtofs.20240216/rtofs_glo_3dz_f006_6hrly_hvr_US_east.nc
ARGO_GDAC,pfl,aoml/4903548/profiles/D4903548_051.nc|2024-02-16T11:04:55Z|25.25759|-85.90748,aoml/4903548/profiles/D4903548_051.nc,4903548,4903548,25.25759,-85.90748,2024-02-16T11:04:55Z,20240216,2024,837,0.68,99.92,41.465,True,True,True,https://noaa-nws-rtofs-pds.s3.amazonaws.com/rtofs.20240216/rtofs_glo_3dz_f006_6hrly_hvr_US_east.nc
ARGO_GDAC,pfl,aoml/4903548/profiles/D4903548_052.nc|2024-02-21T11:32:24Z|25.69263|-85.70886,aoml/4903548/profiles/D4903548_052.nc,4903548,4903548,25.69263,-85.70886,2024-02-21T11:32:24Z,20240221,2024,1010,0.92,2009.72,62.837,True,True,True,https://noaa-nws-rtofs-pds.s3.amazonaws.com/rtofs.20240221/rtofs_glo_3dz_f006_6hrly_hvr_US_east.nc
ARGO_GDAC,pfl,aoml/4903548/profiles/D4903548_052.nc|2024-02-21T11:32:24Z|25.69263|-85.70886,aoml/4903548/profiles/D4903548_052.nc,4903548,4903548,25.69263,-85.70886,2024-02-21T11:32:24Z,20240221,2024,738,0.52,100.0,62.69,True,True,True,https://noaa-nws-rtofs-pds.s3.amazonaws.com/rtofs.20240221/rtofs_glo_3dz_f006_6hrly_hvr_US_east.nc
ARGO_GDAC,pfl,aoml/4903548/profiles/D4903548_053.nc|2024-02-26T12:15:41Z|26.02445|-85.99609,aoml/4903548/profiles/D4903548_053.nc,4903548,4903548,26.02445,-85.99609,2024-02-26T12:15:41Z,20240226,2024,1008,1.0,2005.12,19.8554,True,True,True,https://noaa-nws-rtofs-pds.s3.amazonaws.com/rtofs.20240226/rtofs_glo_3dz_f006_6hrly_hvr_US_east.nc
ARGO_GDAC,pfl,aoml/4903548/profiles/D4903548_053.nc|2024-02-26T12:15:41Z|26.02445|-85.99609,aoml/4903548/profiles/D4903548_053.nc,4903548,4903548,26.02445,-85.99609,2024-02-26T12:15:41Z,20240226,2024,726,0.52,99.96,19.5584,True,True,True,https://noaa-nws-rtofs-pds.s3.amazonaws.com/rtofs.20240226/rtofs_glo_3dz_f006_6hrly_hvr_US_east.nc
ARGO_GDAC,pfl,aoml/4903548/profiles/D4903548_054.nc|2024-03-02T12:46:43Z|26.27729|-86.13208,aoml/4903548/profiles/D4903548_054.nc,4903548,4903548,26.27729,-86.13208,2024-03-02T12:46:43Z,20240302,2024,1010,1.0,2009.36,17.2588,True,True,True,https://noaa-nws-rtofs-pds.s3.amazonaws.com/rtofs.20240302/rtofs_glo_3dz_f006_6hrly_hvr_US_east.nc
ARGO_GDAC,pfl,aoml/4903548/profiles/D4903548_054.nc|2024-03-02T12:46:43Z|26.27729|-86.13208,aoml/4903548/profiles/D4903548_054.nc,4903548,4903548,26.27729,-86.13208,2024-03-02T12:46:43Z,20240302,2024,719,0.56,100.0,16.74,True,True,True,https://noaa-nws-rtofs-pds.s3.amazonaws.com/rtofs.20240302/rtofs_glo_3dz_f006_6hrly_hvr_US_east.nc
ARGO_GDAC,pfl,aoml/4903548/profiles/D4903548_055.nc|2024-03-07T13:27:20Z|26.48611|-85.93865,aoml/4903548/profiles/D4903548_055.nc,4903548,4903548,26.48611,-85.93865,2024-03-07T13:27:20Z,20240307,2024,1008,1.0,2005.6,63.7245,True,True,True,https://noaa-nws-rtofs-pds.s3.amazonaws.com/rtofs.20240307/rtofs_glo_3dz_f006_6hrly_hvr_US_east.nc
ARGO_GDAC,pfl,aoml/4903548/profiles/D4903548_055.nc|2024-03-07T13:27:20Z|26.48611|-85.93865,aoml/4903548/profiles/D4903548_055.nc,4903548,4903548,26.48611,-85.93865,2024-03-07T13:27:20Z,20240307,2024,518,0.6,99.96,57.102,True,True,True,https://noaa-nws-rtofs-pds.s3.amazonaws.com/rtofs.20240307/rtofs_glo_3dz_f006_6hrly_hvr_US_east.nc
ARGO_GDAC,pfl,aoml/4903548/profiles/D4903548_056.nc|2024-03-12T14:05:42Z|26.44049|-85.69589,aoml/4903548/profiles/D4903548_056.nc,4903548,4903548,26.44049,-85.69589,2024-03-12T14:05:42Z,20240312,2024,1010,1.0,2010.0,44.8253,True,True,True,https://noaa-nws-rtofs-pds.s3.amazonaws.com/rtofs.20240312/rtofs_glo_3dz_f006_6hrly_hvr_US_east.nc
ARGO_GDAC,pfl,aoml/4903548/profiles/D4903548_056.nc|2024-03-12T14:05:42Z|26.44049|-85.69589,aoml/4903548/profiles/D4903548_056.nc,4903548,4903548,26.44049,-85.69589,2024-03-12T14:05:42Z,20240312,2024,751,0.64,99.88,44.824,True,True,True,https://noaa-nws-rtofs-pds.s3.amazonaws.com/rtofs.20240312/rtofs_glo_3dz_f006_6hrly_hvr_US_east.nc
ARGO_GDAC,pfl,aoml/4903548/profiles/D4903548_057.nc|2024-03-17T14:42:41Z|26.41749|-85.52688,aoml/4903548/profiles/D4903548_057.nc,4903548,4903548,26.41749,-85.52688,2024-03-17T14:42:41Z,20240317,2024,1012,1.0,2013.68,29.481,True,True,True,https://noaa-nws-rtofs-pds.s3.amazonaws.com/rtofs.20240317/rtofs_glo_3dz_f006_6hrly_hvr_US_east.nc
ARGO_GDAC,pfl,aoml/4903548/profiles/D4903548_057.nc|2024-03-17T14:42:41Z|26.41749|-85.52688,aoml/4903548/profiles/D4903548_057.nc,4903548,4903548,26.41749,-85.52688,2024-03-17T14:42:41Z,20240317,2024,765,0.56,99.96,29.1734,True,True,True,https://noaa-nws-rtofs-pds.s3.amazonaws.com/rtofs.20240317/rtofs_glo_3dz_f006_6hrly_hvr_US_east.nc
ARGO_GDAC,pfl,aoml/4903548/profiles/D4903548_058.nc|2024-03-22T15:25:54Z|26.88464|-85.74064,aoml/4903548/profiles/D4903548_058.nc,4903548,4903548,26.88464,-85.74064,2024-03-22T15:25:54Z,20240322,2024,1009,1.0,2008.12,17.9563,True,True,True,https://noaa-nws-rtofs-pds.s3.amazonaws.com/rtofs.20240322/rtofs_glo_3dz_f006_6hrly_hvr_US_east.nc
ARGO_GDAC,pfl,aoml/4903548/profiles/D4903548_058.nc|2024-03-22T15:25:54Z|26.88464|-85.74064,aoml/4903548/profiles/D4903548_058.nc,4903548,4903548,26.88464,-85.74064,2024-03-22T15:25:54Z,20240322,2024,733,0.6,99.92,18.2044,True,True,True,https://noaa-nws-rtofs-pds.s3.amazonaws.com/rtofs.20240322/rtofs_glo_3dz_f006_6hrly_hvr_US_east.nc
ARGO_GDAC,pfl,aoml/4903548/profiles/D4903548_059.nc|2024-03-27T15:53:03Z|26.85783|-86.70312,aoml/4903548/profiles/D4903548_059.nc,4903548,4903548,26.85783,-86.70312,2024-03-27T15:53:03Z,20240327,2024,1011,0.96,2011.64,41.7703,True,True,True,https://noaa-nws-rtofs-pds.s3.amazonaws.com/rtofs.20240327/rtofs_glo_3dz_f006_6hrly_hvr_US_east.nc
ARGO_GDAC,pfl,aoml/4903548/profiles/D4903548_059.nc|2024-03-27T15:53:03Z|26.85783|-86.70312,aoml/4903548/profiles/D4903548_059.nc,4903548,4903548,26.85783,-86.70312,2024-03-27T15:53:03Z,20240327,2024,732,0.56,100.0,41.9541,True,True,True,https://noaa-nws-rtofs-pds.s3.amazonaws.com/rtofs.20240327/rtofs_glo_3dz_f006_6hrly_hvr_US_east.nc
ARGO_GDAC,pfl,aoml/4903548/profiles/D4903548_060.nc|2024-04-01T16:27:31Z|26.12099|-87.49578,aoml/4903548/profiles/D4903548_060.nc,4903548,4903548,26.12099,-87.49578,2024-04-01T16:27:31Z,20240401,2024,1013,1.0,2015.88,29.666,True,True,True,https://noaa-nws-rtofs-pds.s3.amazonaws.com/rtofs.20240401/rtofs_glo_3dz_f006_6hrly_hvr_US_east.nc
ARGO_GDAC,pfl,aoml/4903548/profiles/D4903548_060.nc|2024-04-01T16:27:31Z|26.12099|-87.49578,aoml/4903548/profiles/D4903548_060.nc,4903548,4903548,26.12099,-87.49578,2024-04-01T16:27:31Z,20240401,2024,724,0.64,99.92,29.9225,True,True,True,https://noaa-nws-rtofs-pds.s3.amazonaws.com/rtofs.20240401/rtofs_glo_3dz_f006_6hrly_hvr_US_east.nc
ARGO_GDAC,pfl,aoml/4903548/profiles/D4903548_061.nc|2024-04-06T17:10:23Z|25.83212|-88.23880,aoml/4903548/profiles/D4903548_061.nc,4903548,4903548,25.83212,-88.2388,2024-04-06T17:10:23Z,20240406,2024,1009,1.0,2007.56,136.7325,True,False,True,https://noaa-nws-rtofs-pds.s3.amazonaws.com/rtofs.20240406/rtofs_glo_3dz_f006_6hrly_hvr_US_east.nc
ARGO_GDAC,pfl,aoml/4903548/profiles/D4903548_061.nc|2024-04-06T17:10:23Z|25.83212|-88.23880,aoml/4903548/profiles/D4903548_061.nc,4903548,4903548,25.83212,-88.2388,2024-04-06T17:10:23Z,20240406,2024,781,0.6,99.92,,False,False,True,https://noaa-nws-rtofs-pds.s3.amazonaws.com/rtofs.20240406/rtofs_glo_3dz_f006_6hrly_hvr_US_east.nc
ARGO_GDAC,pfl,aoml/4903548/profiles/D4903548_062.nc|2024-04-11T17:45:09Z|25.79469|-89.07515,aoml/4903548/profiles/D4903548_062.nc,4903548,4903548,25.79469,-89.07515,2024-04-11T17:45:09Z,20240411,2024,1009,1.04,2007.32,154.2612,True,False,True,https://noaa-nws-rtofs-pds.s3.amazonaws.com/rtofs.20240411/rtofs_glo_3dz_f006_6hrly_hvr_US_east.nc
ARGO_GDAC,pfl,aoml/4903548/profiles/D4903548_062.nc|2024-04-11T17:45:09Z|25.79469|-89.07515,aoml/4903548/profiles/D4903548_062.nc,4903548,4903548,25.79469,-89.07515,2024-04-11T17:45:09Z,20240411,2024,796,0.68,99.92,,False,False,True,https://noaa-nws-rtofs-pds.s3.amazonaws.com/rtofs.20240411/rtofs_glo_3dz_f006_6hrly_hvr_US_east.nc
ARGO_GDAC,pfl,aoml/4903548/profiles/D4903548_063.nc|2024-04-16T18:21:05Z|25.84960|-89.93098,aoml/4903548/profiles/D4903548_063.nc,4903548,4903548,25.8496,-89.93098,2024-04-16T18:21:05Z,20240416,2024,1007,1.04,2004.08,145.2137,True,False,True,https://noaa-nws-rtofs-pds.s3.amazonaws.com/rtofs.20240416/rtofs_glo_3dz_f006_6hrly_hvr_US_east.nc
ARGO_GDAC,pfl,aoml/4903548/profiles/D4903548_063.nc|2024-04-16T18:21:05Z|25.84960|-89.93098,aoml/4903548/profiles/D4903548_063.nc,4903548,4903548,25.8496,-89.93098,2024-04-16T18:21:05Z,20240416,2024,781,0.6,99.88,,False,False,True,https://noaa-nws-rtofs-pds.s3.amazonaws.com/rtofs.20240416/rtofs_glo_3dz_f006_6hrly_hvr_US_east.nc
ARGO_GDAC,pfl,aoml/4903548/profiles/D4903548_064.nc|2024-04-21T18:50:45Z|25.65421|-90.62050,aoml/4903548/profiles/D4903548_064.nc,4903548,4903548,25.65421,-90.6205,2024-04-21T18:50:45Z,20240421,2024,1009,1.04,2007.88,13.5626,True,True,True,https://noaa-nws-rtofs-pds.s3.amazonaws.com/rtofs.20240421/rtofs_glo_3dz_f006_6hrly_hvr_US_east.nc
ARGO_GDAC,pfl,aoml/4903548/profiles/D4903548_064.nc|2024-04-21T18:50:45Z|25.65421|-90.62050,aoml/4903548/profiles/D4903548_064.nc,4903548,4903548,25.65421,-90.6205,2024-04-21T18:50:45Z,20240421,2024,690,0.64,99.96,13.2733,True,True,True,https://noaa-nws-rtofs-pds.s3.amazonaws.com/rtofs.20240421/rtofs_glo_3dz_f006_6hrly_hvr_US_east.nc
ARGO_GDAC,pfl,aoml/4903548/profiles/D4903548_065.nc|2024-04-26T19:29:11Z|25.87754|-90.53657,aoml/4903548/profiles/D4903548_065.nc,4903548,4903548,25.87754,-90.53657,2024-04-26T19:29:11Z,20240426,2024,1011,1.32,2012.16,50.889,True,True,True,https://noaa-nws-rtofs-pds.s3.amazonaws.com/rtofs.20240426/rtofs_glo_3dz_f006_6hrly_hvr_US_east.nc
ARGO_GDAC,pfl,aoml/4903548/profiles/D4903548_065.nc|2024-04-26T19:29:11Z|25.87754|-90.53657,aoml/4903548/profiles/D4903548_065.nc,4903548,4903548,25.87754,-90.53657,2024-04-26T19:29:11Z,20240426,2024,719,1.2,99.84,51.064,True,True,True,https://noaa-nws-rtofs-pds.s3.amazonaws.com/rtofs.20240426/rtofs_glo_3dz_f006_6hrly_hvr_US_east.nc
ARGO_GDAC,pfl,aoml/4903548/profiles/D4903548_066.nc|2024-05-01T20:10:44Z|26.42842|-90.67248,aoml/4903548/profiles/D4903548_066.nc,4903548,4903548,26.42842,-90.67248,2024-05-01T20:10:44Z,20240501,2024,1012,1.0,2013.4,36.8351,True,True,True,https://noaa-nws-rtofs-pds.s3.amazonaws.com/rtofs.20240501/rtofs_glo_3dz_f006_6hrly_hvr_US_east.nc
ARGO_GDAC,pfl,aoml/4903548/profiles/D4903548_066.nc|2024-05-01T20:10:44Z|26.42842|-90.67248,aoml/4903548/profiles/D4903548_066.nc,4903548,4903548,26.42842,-90.67248,2024-05-01T20:10:44Z,20240501,2024,709,0.52,99.88,37.1467,True,True,True,https://noaa-nws-rtofs-pds.s3.amazonaws.com/rtofs.20240501/rtofs_glo_3dz_f006_6hrly_hvr_US_east.nc
ARGO_GDAC,pfl,aoml/4903548/profiles/D4903548_067.nc|2024-05-06T20:53:03Z|26.88645|-89.86868,aoml/4903548/profiles/D4903548_067.nc,4903548,4903548,26.88645,-89.86868,2024-05-06T20:53:03Z,20240506,2024,1011,1.04,2011.32,17.8905,True,True,True,https://noaa-nws-rtofs-pds.s3.amazonaws.com/rtofs.20240506/rtofs_glo_3dz_f006_6hrly_hvr_US_east.nc
ARGO_GDAC,pfl,aoml/4903548/profiles/D4903548_067.nc|2024-05-06T20:53:03Z|26.88645|-89.86868,aoml/4903548/profiles/D4903548_067.nc,4903548,4903548,26.88645,-89.86868,2024-05-06T20:53:03Z,20240506,2024,848,0.56,99.92,17.892,True,True,True,https://noaa-nws-rtofs-pds.s3.amazonaws.com/rtofs.20240506/rtofs_glo_3dz_f006_6hrly_hvr_US_east.nc
ARGO_GDAC,pfl,aoml/4903548/profiles/D4903548_068.nc|2024-05-11T21:37:27Z|26.45126|-89.87183,aoml/4903548/profiles/D4903548_068.nc,4903548,4903548,26.45126,-89.87183,2024-05-11T21:37:27Z,20240511,2024,1013,1.04,2015.72,22.3987,True,True,True,https://noaa-nws-rtofs-pds.s3.amazonaws.com/rtofs.20240511/rtofs_glo_3dz_f006_6hrly_hvr_US_east.nc
ARGO_GDAC,pfl,aoml/4903548/profiles/D4903548_068.nc|2024-05-11T21:37:27Z|26.45126|-89.87183,aoml/4903548/profiles/D4903548_068.nc,4903548,4903548,26.45126,-89.87183,2024-05-11T21:37:27Z,20240511,2024,806,0.64,100.0,22.5573,True,True,True,https://noaa-nws-rtofs-pds.s3.amazonaws.com/rtofs.20240511/rtofs_glo_3dz_f006_6hrly_hvr_US_east.nc
ARGO_GDAC,pfl,aoml/4903548/profiles/D4903548_069.nc|2024-05-16T22:20:07Z|26.73119|-89.50766,aoml/4903548/profiles/D4903548_069.nc,4903548,4903548,26.73119,-89.50766,2024-05-16T22:20:07Z,20240516,2024,1009,1.12,2007.36,39.7002,True,True,True,https://noaa-nws-rtofs-pds.s3.amazonaws.com/rtofs.20240516/rtofs_glo_3dz_f006_6hrly_hvr_US_east.nc
ARGO_GDAC,pfl,aoml/4903548/profiles/D4903548_069.nc|2024-05-16T22:20:07Z|26.73119|-89.50766,aoml/4903548/profiles/D4903548_069.nc,4903548,4903548,26.73119,-89.50766,2024-05-16T22:20:07Z,20240516,2024,808,0.68,100.0,39.54,True,True,True,https://noaa-nws-rtofs-pds.s3.amazonaws.com/rtofs.20240516/rtofs_glo_3dz_f006_6hrly_hvr_US_east.nc
ARGO_GDAC,pfl,aoml/4903548/profiles/D4903548_070.nc|2024-05-21T22:59:22Z|26.95859|-89.65368,aoml/4903548/profiles/D4903548_070.nc,4903548,4903548,26.95859,-89.65368,2024-05-21T22:59:22Z,20240521,2024,1012,1.08,2014.0,16.9815,True,True,True,https://noaa-nws-rtofs-pds.s3.amazonaws.com/rtofs.20240521/rtofs_glo_3dz_f006_6hrly_hvr_US_east.nc
ARGO_GDAC,pfl,aoml/4903548/profiles/D4903548_070.nc|2024-05-21T22:59:22Z|26.95859|-89.65368,aoml/4903548/profiles/D4903548_070.nc,4903548,4903548,26.95859,-89.65368,2024-05-21T22:59:22Z,20240521,2024,769,0.72,99.88,16.9067,True,True,True,https://noaa-nws-rtofs-pds.s3.amazonaws.com/rtofs.20240521/rtofs_glo_3dz_f006_6hrly_hvr_US_east.nc
ARGO_GDAC,pfl,aoml/4903548/profiles/D4903548_071.nc|2024-05-26T23:39:32Z|26.82080|-89.95802,aoml/4903548/profiles/D4903548_071.nc,4903548,4903548,26.8208,-89.95802,2024-05-26T23:39:32Z,20240526,2024,1009,1.04,2007.84,14.9094,True,True,True,https://noaa-nws-rtofs-pds.s3.amazonaws.com/rtofs.20240526/rtofs_glo_3dz_f006_6hrly_hvr_US_east.nc
ARGO_GDAC,pfl,aoml/4903548/profiles/D4903548_071.nc|2024-05-26T23:39:32Z|26.82080|-89.95802,aoml/4903548/profiles/D4903548_071.nc,4903548,4903548,26.8208,-89.95802,2024-05-26T23:39:32Z,20240526,2024,832,0.68,99.92,15.4844,True,True,True,https://noaa-nws-rtofs-pds.s3.amazonaws.com/rtofs.20240526/rtofs_glo_3dz_f006_6hrly_hvr_US_east.nc
ARGO_GDAC,pfl,aoml/4903548/profiles/D4903548_072.nc|2024-06-01T00:18:36Z|26.72383|-90.14903,aoml/4903548/profiles/D4903548_072.nc,4903548,4903548,26.72383,-90.14903,2024-06-01T00:18:36Z,20240601,2024,1009,0.96,2007.68,19.5411,True,True,True,https://noaa-nws-rtofs-pds.s3.amazonaws.com/rtofs.20240601/rtofs_glo_3dz_f006_6hrly_hvr_US_east.nc
ARGO_GDAC,pfl,aoml/4903548/profiles/D4903548_072.nc|2024-06-01T00:18:36Z|26.72383|-90.14903,aoml/4903548/profiles/D4903548_072.nc,4903548,4903548,26.72383,-90.14903,2024-06-01T00:18:36Z,20240601,2024,813,0.52,99.88,20.1267,True,True,True,https://noaa-nws-rtofs-pds.s3.amazonaws.com/rtofs.20240601/rtofs_glo_3dz_f006_6hrly_hvr_US_east.nc
ARGO_GDAC,pfl,aoml/4903548/profiles/D4903548_073.nc|2024-06-06T00:56:39Z|26.72543|-90.04172,aoml/4903548/profiles/D4903548_073.nc,4903548,4903548,26.72543,-90.04172,2024-06-06T00:56:39Z,20240606,2024,1012,0.48,2011.88,29.3456,True,True,True,https://noaa-nws-rtofs-pds.s3.amazonaws.com/rtofs.20240606/rtofs_glo_3dz_f006_6hrly_hvr_US_east.nc
ARGO_GDAC,pfl,aoml/4903548/profiles/D4903548_073.nc|2024-06-06T00:56:39Z|26.72543|-90.04172,aoml/4903548/profiles/D4903548_073.nc,4903548,4903548,26.72543,-90.04172,2024-06-06T00:56:39Z,20240606,2024,763,0.48,99.96,29.87,True,True,True,https://noaa-nws-rtofs-pds.s3.amazonaws.com/rtofs.20240606/rtofs_glo_3dz_f006_6hrly_hvr_US_east.nc
ARGO_GDAC,pfl,aoml/4903548/profiles/D4903548_074.nc|2024-06-11T01:31:20Z|26.48625|-89.85373,aoml/4903548/profiles/D4903548_074.nc,4903548,4903548,26.48625,-89.85373,2024-06-11T01:31:20Z,20240611,2024,1009,0.44,2005.96,14.5786,True,True,True,https://noaa-nws-rtofs-pds.s3.amazonaws.com/rtofs.20240611/rtofs_glo_3dz_f006_6hrly_hvr_US_east.nc
ARGO_GDAC,pfl,aoml/4903548/profiles/D4903548_074.nc|2024-06-11T01:31:20Z|26.48625|-89.85373,aoml/4903548/profiles/D4903548_074.nc,4903548,4903548,26.48625,-89.85373,2024-06-11T01:31:20Z,20240611,2024,790,0.44,99.96,14.4133,True,True,True,https://noaa-nws-rtofs-pds.s3.amazonaws.com/rtofs.20240611/rtofs_glo_3dz_f006_6hrly_hvr_US_east.nc
ARGO_GDAC,pfl,aoml/4903548/profiles/D4903548_075.nc|2024-06-16T02:10:37Z|26.39058|-89.79237,aoml/4903548/profiles/D4903548_075.nc,4903548,4903548,26.39058,-89.79237,2024-06-16T02:10:37Z,20240616,2024,1011,1.0,2011.76,20.4557,True,True,True,https://noaa-nws-rtofs-pds.s3.amazonaws.com/rtofs.20240616/rtofs_glo_3dz_f006_6hrly_hvr_US_east.nc
ARGO_GDAC,pfl,aoml/4903548/profiles/D4903548_075.nc|2024-06-16T02:10:37Z|26.39058|-89.79237,aoml/4903548/profiles/D4903548_075.nc,4903548,4903548,26.39058,-89.79237,2024-06-16T02:10:37Z,20240616,2024,816,0.64,99.96,20.6474,True,True,True,https://noaa-nws-rtofs-pds.s3.amazonaws.com/rtofs.20240616/rtofs_glo_3dz_f006_6hrly_hvr_US_east.nc
ARGO_GDAC,pfl,aoml/4903548/profiles/D4903548_076.nc|2024-06-21T02:53:43Z|26.55789|-89.75020,aoml/4903548/profiles/D4903548_076.nc,4903548,4903548,26.55789,-89.7502,2024-06-21T02:53:43Z,20240621,2024,1011,1.0,2012.04,40.2577,True,True,True,https://noaa-nws-rtofs-pds.s3.amazonaws.com/rtofs.20240621/rtofs_glo_3dz_f006_6hrly_hvr_US_east.nc
ARGO_GDAC,pfl,aoml/4903548/profiles/D4903548_076.nc|2024-06-21T02:53:43Z|26.55789|-89.75020,aoml/4903548/profiles/D4903548_076.nc,4903548,4903548,26.55789,-89.7502,2024-06-21T02:53:43Z,20240621,2024,773,0.64,99.92,40.2625,True,True,True,https://noaa-nws-rtofs-pds.s3.amazonaws.com/rtofs.20240621/rtofs_glo_3dz_f006_6hrly_hvr_US_east.nc
ARGO_GDAC,pfl,aoml/4903548/profiles/D4903548_077.nc|2024-06-26T03:35:08Z|26.52124|-89.62632,aoml/4903548/profiles/D4903548_077.nc,4903548,4903548,26.52124,-89.62632,2024-06-26T03:35:08Z,20240626,2024,1013,0.48,2014.12,24.8,True,True,True,https://noaa-nws-rtofs-pds.s3.amazonaws.com/rtofs.20240626/rtofs_glo_3dz_f006_6hrly_hvr_US_east.nc
ARGO_GDAC,pfl,aoml/4903548/profiles/D4903548_077.nc|2024-06-26T03:35:08Z|26.52124|-89.62632,aoml/4903548/profiles/D4903548_077.nc,4903548,4903548,26.52124,-89.62632,2024-06-26T03:35:08Z,20240626,2024,796,0.48,100.0,24.4733,True,True,True,https://noaa-nws-rtofs-pds.s3.amazonaws.com/rtofs.20240626/rtofs_glo_3dz_f006_6hrly_hvr_US_east.nc
ARGO_GDAC,pfl,aoml/4903548/profiles/D4903548_078.nc|2024-07-01T04:14:02Z|26.43049|-89.59320,aoml/4903548/profiles/D4903548_078.nc,4903548,4903548,26.43049,-89.5932,2024-07-01T04:14:02Z,20240701,2024,1007,1.04,2003.84,18.8059,True,True,True,https://noaa-nws-rtofs-pds.s3.amazonaws.com/rtofs.20240701/rtofs_glo_3dz_f006_6hrly_hvr_US_east.nc
ARGO_GDAC,pfl,aoml/4903548/profiles/D4903548_078.nc|2024-07-01T04:14:02Z|26.43049|-89.59320,aoml/4903548/profiles/D4903548_078.nc,4903548,4903548,26.43049,-89.5932,2024-07-01T04:14:02Z,20240701,2024,770,0.6,99.92,19.1289,True,True,True,https://noaa-nws-rtofs-pds.s3.amazonaws.com/rtofs.20240701/rtofs_glo_3dz_f006_6hrly_hvr_US_east.nc
ARGO_GDAC,pfl,aoml/4903548/profiles/D4903548_079.nc|2024-07-06T04:51:59Z|26.33106|-89.63028,aoml/4903548/profiles/D4903548_079.nc,4903548,4903548,26.33106,-89.63028,2024-07-06T04:51:59Z,20240706,2024,1013,0.48,2013.64,15.6158,True,True,True,https://noaa-nws-rtofs-pds.s3.amazonaws.com/rtofs.20240706/rtofs_glo_3dz_f006_6hrly_hvr_US_east.nc
ARGO_GDAC,pfl,aoml/4903548/profiles/D4903548_079.nc|2024-07-06T04:51:59Z|26.33106|-89.63028,aoml/4903548/profiles/D4903548_079.nc,4903548,4903548,26.33106,-89.63028,2024-07-06T04:51:59Z,20240706,2024,796,0.48,99.96,15.4341,True,True,True,https://noaa-nws-rtofs-pds.s3.amazonaws.com/rtofs.20240706/rtofs_glo_3dz_f006_6hrly_hvr_US_east.nc
ARGO_GDAC,pfl,aoml/4903548/profiles/D4903548_080.nc|2024-07-11T05:30:10Z|26.33813|-89.45323,aoml/4903548/profiles/D4903548_080.nc,4903548,4903548,26.33813,-89.45323,2024-07-11T05:30:10Z,20240711,2024,1012,1.04,2014.16,34.987,True,True,True,https://noaa-nws-rtofs-pds.s3.amazonaws.com/rtofs.20240711/rtofs_glo_3dz_f006_6hrly_hvr_US_east.nc
ARGO_GDAC,pfl,aoml/4903548/profiles/D4903548_080.nc|2024-07-11T05:30:10Z|26.33813|-89.45323,aoml/4903548/profiles/D4903548_080.nc,4903548,4903548,26.33813,-89.45323,2024-07-11T05:30:10Z,20240711,2024,767,0.6,99.96,35.016,True,True,True,https://noaa-nws-rtofs-pds.s3.amazonaws.com/rtofs.20240711/rtofs_glo_3dz_f006_6hrly_hvr_US_east.nc
ARGO_GDAC,pfl,aoml/4903548/profiles/D4903548_081.nc|2024-07-16T06:13:15Z|26.23658|-89.36206,aoml/4903548/profiles/D4903548_081.nc,4903548,4903548,26.23658,-89.36206,2024-07-16T06:13:15Z,20240716,2024,1013,0.96,2015.04,13.4583,True,True,True,https://noaa-nws-rtofs-pds.s3.amazonaws.com/rtofs.20240716/rtofs_glo_3dz_f006_6hrly_hvr_US_east.nc
ARGO_GDAC,pfl,aoml/4903548/profiles/D4903548_081.nc|2024-07-16T06:13:15Z|26.23658|-89.36206,aoml/4903548/profiles/D4903548_081.nc,4903548,4903548,26.23658,-89.36206,2024-07-16T06:13:15Z,20240716,2024,841,0.56,99.96,13.5786,True,True,True,https://noaa-nws-rtofs-pds.s3.amazonaws.com/rtofs.20240716/rtofs_glo_3dz_f006_6hrly_hvr_US_east.nc
ARGO_GDAC,pfl,aoml/4903548/profiles/D4903548_082.nc|2024-07-21T06:52:52Z|26.31803|-89.64586,aoml/4903548/profiles/D4903548_082.nc,4903548,4903548,26.31803,-89.64586,2024-07-21T06:52:52Z,20240721,2024,1011,0.48,2009.84,19.1804,True,True,True,https://noaa-nws-rtofs-pds.s3.amazonaws.com/rtofs.20240721/rtofs_glo_3dz_f006_6hrly_hvr_US_east.nc
ARGO_GDAC,pfl,aoml/4903548/profiles/D4903548_082.nc|2024-07-21T06:52:52Z|26.31803|-89.64586,aoml/4903548/profiles/D4903548_082.nc,4903548,4903548,26.31803,-89.64586,2024-07-21T06:52:52Z,20240721,2024,759,0.48,99.92,19.436,True,True,True,https://noaa-nws-rtofs-pds.s3.amazonaws.com/rtofs.20240721/rtofs_glo_3dz_f006_6hrly_hvr_US_east.nc
ARGO_GDAC,pfl,aoml/4903548/profiles/D4903548_083.nc|2024-07-26T07:28:35Z|26.43862|-89.91158,aoml/4903548/profiles/D4903548_083.nc,4903548,4903548,26.43862,-89.91158,2024-07-26T07:28:35Z,20240726,2024,1013,1.08,2015.16,12.7494,True,True,True,https://noaa-nws-rtofs-pds.s3.amazonaws.com/rtofs.20240726/rtofs_glo_3dz_f006_6hrly_hvr_US_east.nc
ARGO_GDAC,pfl,aoml/4903548/profiles/D4903548_083.nc|2024-07-26T07:28:35Z|26.43862|-89.91158,aoml/4903548/profiles/D4903548_083.nc,4903548,4903548,26.43862,-89.91158,2024-07-26T07:28:35Z,20240726,2024,799,0.68,99.96,12.6786,True,True,True,https://noaa-nws-rtofs-pds.s3.amazonaws.com/rtofs.20240726/rtofs_glo_3dz_f006_6hrly_hvr_US_east.nc
ARGO_GDAC,pfl,aoml/4903548/profiles/D4903548_084.nc|2024-07-31T08:17:03Z|26.52797|-89.73823,aoml/4903548/profiles/D4903548_084.nc,4903548,4903548,26.52797,-89.73823,2024-07-31T08:17:03Z,20240731,2024,1011,1.04,2011.4,11.2824,True,True,True,https://noaa-nws-rtofs-pds.s3.amazonaws.com/rtofs.20240731/rtofs_glo_3dz_f006_6hrly_hvr_US_east.nc
ARGO_GDAC,pfl,aoml/4903548/profiles/D4903548_084.nc|2024-07-31T08:17:03Z|26.52797|-89.73823,aoml/4903548/profiles/D4903548_084.nc,4903548,4903548,26.52797,-89.73823,2024-07-31T08:17:03Z,20240731,2024,787,0.64,99.88,12.1124,True,True,True,https://noaa-nws-rtofs-pds.s3.amazonaws.com/rtofs.20240731/rtofs_glo_3dz_f006_6hrly_hvr_US_east.nc
ARGO_GDAC,pfl,aoml/4903548/profiles/D4903548_085.nc|2024-08-05T09:00:47Z|26.58163|-89.62378,aoml/4903548/profiles/D4903548_085.nc,4903548,4903548,26.58163,-89.62378,2024-08-05T09:00:47Z,20240805,2024,1012,1.04,2013.76,16.6471,True,True,True,https://noaa-nws-rtofs-pds.s3.amazonaws.com/rtofs.20240805/rtofs_glo_3dz_f006_6hrly_hvr_US_east.nc
ARGO_GDAC,pfl,aoml/4903548/profiles/D4903548_085.nc|2024-08-05T09:00:47Z|26.58163|-89.62378,aoml/4903548/profiles/D4903548_085.nc,4903548,4903548,26.58163,-89.62378,2024-08-05T09:00:47Z,20240805,2024,870,0.64,100.0,17.1055,True,True,True,https://noaa-nws-rtofs-pds.s3.amazonaws.com/rtofs.20240805/rtofs_glo_3dz_f006_6hrly_hvr_US_east.nc
ARGO_GDAC,pfl,aoml/4903548/profiles/D4903548_086.nc|2024-08-10T09:41:31Z|26.27900|-89.96135,aoml/4903548/profiles/D4903548_086.nc,4903548,4903548,26.279,-89.96135,2024-08-10T09:41:31Z,20240810,2024,1007,1.0,2003.84,18.2413,True,True,True,https://noaa-nws-rtofs-pds.s3.amazonaws.com/rtofs.20240810/rtofs_glo_3dz_f006_6hrly_hvr_US_east.nc
ARGO_GDAC,pfl,aoml/4903548/profiles/D4903548_086.nc|2024-08-10T09:41:31Z|26.27900|-89.96135,aoml/4903548/profiles/D4903548_086.nc,4903548,4903548,26.279,-89.96135,2024-08-10T09:41:31Z,20240810,2024,866,0.56,99.84,18.6503,True,True,True,https://noaa-nws-rtofs-pds.s3.amazonaws.com/rtofs.20240810/rtofs_glo_3dz_f006_6hrly_hvr_US_east.nc
ARGO_GDAC,pfl,aoml/4903548/profiles/D4903548_087.nc|2024-08-15T10:21:05Z|26.39062|-89.68536,aoml/4903548/profiles/D4903548_087.nc,4903548,4903548,26.39062,-89.68536,2024-08-15T10:21:05Z,20240815,2024,1010,1.0,2009.24,14.1603,True,True,True,https://noaa-nws-rtofs-pds.s3.amazonaws.com/rtofs.20240815/rtofs_glo_3dz_f006_6hrly_hvr_US_east.nc
ARGO_GDAC,pfl,aoml/4903548/profiles/D4903548_087.nc|2024-08-15T10:21:05Z|26.39062|-89.68536,aoml/4903548/profiles/D4903548_087.nc,4903548,4903548,26.39062,-89.68536,2024-08-15T10:21:05Z,20240815,2024,944,0.6,99.96,14.1343,True,True,True,https://noaa-nws-rtofs-pds.s3.amazonaws.com/rtofs.20240815/rtofs_glo_3dz_f006_6hrly_hvr_US_east.nc
ARGO_GDAC,pfl,aoml/4903548/profiles/D4903548_088.nc|2024-08-20T11:01:28Z|26.43439|-89.60425,aoml/4903548/profiles/D4903548_088.nc,4903548,4903548,26.43439,-89.60425,2024-08-20T11:01:28Z,20240820,2024,1010,1.0,2009.08,20.2751,True,True,True,https://noaa-nws-rtofs-pds.s3.amazonaws.com/rtofs.20240820/rtofs_glo_3dz_f006_6hrly_hvr_US_east.nc
ARGO_GDAC,pfl,aoml/4903548/profiles/D4903548_088.nc|2024-08-20T11:01:28Z|26.43439|-89.60425,aoml/4903548/profiles/D4903548_088.nc,4903548,4903548,26.43439,-89.60425,2024-08-20T11:01:28Z,20240820,2024,778,0.56,99.96,20.4435,True,True,True,https://noaa-nws-rtofs-pds.s3.amazonaws.com/rtofs.20240820/rtofs_glo_3dz_f006_6hrly_hvr_US_east.nc
ARGO_GDAC,pfl,aoml/4903548/profiles/D4903548_089.nc|2024-08-25T11:41:44Z|26.51913|-89.79204,aoml/4903548/profiles/D4903548_089.nc,4903548,4903548,26.51913,-89.79204,2024-08-25T11:41:44Z,20240825,2024,1011,1.0,2011.64,35.5668,True,True,True,https://noaa-nws-rtofs-pds.s3.amazonaws.com/rtofs.20240825/rtofs_glo_3dz_f006_6hrly_hvr_US_east.nc
ARGO_GDAC,pfl,aoml/4903548/profiles/D4903548_089.nc|2024-08-25T11:41:44Z|26.51913|-89.79204,aoml/4903548/profiles/D4903548_089.nc,4903548,4903548,26.51913,-89.79204,2024-08-25T11:41:44Z,20240825,2024,804,0.56,99.92,35.7732,True,True,True,https://noaa-nws-rtofs-pds.s3.amazonaws.com/rtofs.20240825/rtofs_glo_3dz_f006_6hrly_hvr_US_east.nc
ARGO_GDAC,pfl,aoml/4903548/profiles/D4903548_090.nc|2024-08-30T12:19:12Z|26.71398|-90.09838,aoml/4903548/profiles/D4903548_090.nc,4903548,4903548,26.71398,-90.09838,2024-08-30T12:19:12Z,20240830,2024,1010,1.04,2009.16,30.7881,True,True,True,https://noaa-nws-rtofs-pds.s3.amazonaws.com/rtofs.20240830/rtofs_glo_3dz_f006_6hrly_hvr_US_east.nc
ARGO_GDAC,pfl,aoml/4903548/profiles/D4903548_090.nc|2024-08-30T12:19:12Z|26.71398|-90.09838,aoml/4903548/profiles/D4903548_090.nc,4903548,4903548,26.71398,-90.09838,2024-08-30T12:19:12Z,20240830,2024,866,0.6,99.96,30.8436,True,True,True,https://noaa-nws-rtofs-pds.s3.amazonaws.com/rtofs.20240830/rtofs_glo_3dz_f006_6hrly_hvr_US_east.nc
ARGO_GDAC,pfl,aoml/4903548/profiles/D4903548_091.nc|2024-09-04T13:05:46Z|27.01739|-89.88673,aoml/4903548/profiles/D4903548_091.nc,4903548,4903548,27.01739,-89.88673,2024-09-04T13:05:46Z,20240904,2024,1012,0.44,2011.72,32.4894,True,True,True,https://noaa-nws-rtofs-pds.s3.amazonaws.com/rtofs.20240904/rtofs_glo_3dz_f006_6hrly_hvr_US_east.nc
ARGO_GDAC,pfl,aoml/4903548/profiles/D4903548_091.nc|2024-09-04T13:05:46Z|27.01739|-89.88673,aoml/4903548/profiles/D4903548_091.nc,4903548,4903548,27.01739,-89.88673,2024-09-04T13:05:46Z,20240904,2024,850,0.44,99.92,32.9167,True,True,True,https://noaa-nws-rtofs-pds.s3.amazonaws.com/rtofs.20240904/rtofs_glo_3dz_f006_6hrly_hvr_US_east.nc
ARGO_GDAC,pfl,aoml/4903548/profiles/D4903548_092.nc|2024-09-09T13:46:00Z|26.96001|-89.69671,aoml/4903548/profiles/D4903548_092.nc,4903548,4903548,26.96001,-89.69671,2024-09-09T13:46:00Z,20240909,2024,1010,1.0,2009.12,41.0107,True,True,True,https://noaa-nws-rtofs-pds.s3.amazonaws.com/rtofs.20240909/rtofs_glo_3dz_f006_6hrly_hvr_US_east.nc
ARGO_GDAC,pfl,aoml/4903548/profiles/D4903548_092.nc|2024-09-09T13:46:00Z|26.96001|-89.69671,aoml/4903548/profiles/D4903548_092.nc,4903548,4903548,26.96001,-89.69671,2024-09-09T13:46:00Z,20240909,2024,848,0.64,99.96,41.3169,True,True,True,https://noaa-nws-rtofs-pds.s3.amazonaws.com/rtofs.20240909/rtofs_glo_3dz_f006_6hrly_hvr_US_east.nc
ARGO_GDAC,pfl,aoml/4903548/profiles/D4903548_093.nc|2024-09-14T14:25:56Z|26.94959|-90.10774,aoml/4903548/profiles/D4903548_093.nc,4903548,4903548,26.94959,-90.10774,2024-09-14T14:25:56Z,20240914,2024,1010,0.96,2010.08,53.6295,True,True,True,https://noaa-nws-rtofs-pds.s3.amazonaws.com/rtofs.20240914/rtofs_glo_3dz_f006_6hrly_hvr_US_east.nc
ARGO_GDAC,pfl,aoml/4903548/profiles/D4903548_093.nc|2024-09-14T14:25:56Z|26.94959|-90.10774,aoml/4903548/profiles/D4903548_093.nc,4903548,4903548,26.94959,-90.10774,2024-09-14T14:25:56Z,20240914,2024,763,0.52,99.92,53.944,True,True,True,https://noaa-nws-rtofs-pds.s3.amazonaws.com/rtofs.20240914/rtofs_glo_3dz_f006_6hrly_hvr_US_east.nc
ARGO_GDAC,pfl,aoml/4903548/profiles/D4903548_094.nc|2024-09-19T15:10:43Z|26.91375|-89.70539,aoml/4903548/profiles/D4903548_094.nc,4903548,4903548,26.91375,-89.70539,2024-09-19T15:10:43Z,20240919,2024,1012,1.0,2013.76,40.9116,True,True,True,https://noaa-nws-rtofs-pds.s3.amazonaws.com/rtofs.20240919/rtofs_glo_3dz_f006_6hrly_hvr_US_east.nc
ARGO_GDAC,pfl,aoml/4903548/profiles/D4903548_094.nc|2024-09-19T15:10:43Z|26.91375|-89.70539,aoml/4903548/profiles/D4903548_094.nc,4903548,4903548,26.91375,-89.70539,2024-09-19T15:10:43Z,20240919,2024,867,0.6,99.92,40.96,True,True,True,https://noaa-nws-rtofs-pds.s3.amazonaws.com/rtofs.20240919/rtofs_glo_3dz_f006_6hrly_hvr_US_east.nc
ARGO_GDAC,pfl,aoml/4903548/profiles/D4903548_095.nc|2024-09-24T15:48:51Z|27.20434|-89.78816,aoml/4903548/profiles/D4903548_095.nc,4903548,4903548,27.20434,-89.78816,2024-09-24T15:48:51Z,20240924,2024,1011,1.04,2011.68,13.3628,True,True,True,https://noaa-nws-rtofs-pds.s3.amazonaws.com/rtofs.20240924/rtofs_glo_3dz_f006_6hrly_hvr_US_east.nc
ARGO_GDAC,pfl,aoml/4903548/profiles/D4903548_095.nc|2024-09-24T15:48:51Z|27.20434|-89.78816,aoml/4903548/profiles/D4903548_095.nc,4903548,4903548,27.20434,-89.78816,2024-09-24T15:48:51Z,20240924,2024,930,0.64,99.96,13.2977,True,True,True,https://noaa-nws-rtofs-pds.s3.amazonaws.com/rtofs.20240924/rtofs_glo_3dz_f006_6hrly_hvr_US_east.nc
ARGO_GDAC,pfl,aoml/4903548/profiles/D4903548_096.nc|2024-09-29T16:34:19Z|27.15116|-89.70664,aoml/4903548/profiles/D4903548_096.nc,4903548,4903548,27.15116,-89.70664,2024-09-29T16:34:19Z,20240929,2024,1012,1.08,2013.44,14.452,True,True,True,https://noaa-nws-rtofs-pds.s3.amazonaws.com/rtofs.20240929/rtofs_glo_3dz_f006_6hrly_hvr_US_east.nc
ARGO_GDAC,pfl,aoml/4903548/profiles/D4903548_096.nc|2024-09-29T16:34:19Z|27.15116|-89.70664,aoml/4903548/profiles/D4903548_096.nc,4903548,4903548,27.15116,-89.70664,2024-09-29T16:34:19Z,20240929,2024,1002,0.64,99.92,14.0743,True,True,True,https://noaa-nws-rtofs-pds.s3.amazonaws.com/rtofs.20240929/rtofs_glo_3dz_f006_6hrly_hvr_US_east.nc
ARGO_GDAC,pfl,aoml/4903548/profiles/D4903548_097.nc|2024-10-04T17:08:45Z|27.14458|-89.53181,aoml/4903548/profiles/D4903548_097.nc,4903548,4903548,27.14458,-89.53181,2024-10-04T17:08:45Z,20241004,2024,1008,1.04,2005.68,28.5193,True,True,True,https://noaa-nws-rtofs-pds.s3.amazonaws.com/rtofs.20241004/rtofs_glo_3dz_f006_6hrly_hvr_US_east.nc
ARGO_GDAC,pfl,aoml/4903548/profiles/D4903548_097.nc|2024-10-04T17:08:45Z|27.14458|-89.53181,aoml/4903548/profiles/D4903548_097.nc,4903548,4903548,27.14458,-89.53181,2024-10-04T17:08:45Z,20241004,2024,879,0.6,100.0,29.1732,True,True,True,https://noaa-nws-rtofs-pds.s3.amazonaws.com/rtofs.20241004/rtofs_glo_3dz_f006_6hrly_hvr_US_east.nc
ARGO_GDAC,pfl,aoml/4903548/profiles/D4903548_098.nc|2024-10-09T17:49:40Z|27.27476|-89.39326,aoml/4903548/profiles/D4903548_098.nc,4903548,4903548,27.27476,-89.39326,2024-10-09T17:49:40Z,20241009,2024,1008,1.08,2005.24,33.7907,True,True,True,https://noaa-nws-rtofs-pds.s3.amazonaws.com/rtofs.20241009/rtofs_glo_3dz_f006_6hrly_hvr_US_east.nc
ARGO_GDAC,pfl,aoml/4903548/profiles/D4903548_098.nc|2024-10-09T17:49:40Z|27.27476|-89.39326,aoml/4903548/profiles/D4903548_098.nc,4903548,4903548,27.27476,-89.39326,2024-10-09T17:49:40Z,20241009,2024,874,0.64,99.92,33.408,True,True,True,https://noaa-nws-rtofs-pds.s3.amazonaws.com/rtofs.20241009/rtofs_glo_3dz_f006_6hrly_hvr_US_east.nc
ARGO_GDAC,pfl,aoml/4903548/profiles/D4903548_099.nc|2024-10-14T18:44:11Z|27.01463|-89.52871,aoml/4903548/profiles/D4903548_099.nc,4903548,4903548,27.01463,-89.52871,2024-10-14T18:44:11Z,20241014,2024,1013,0.44,2013.04,34.0239,True,True,True,https://noaa-nws-rtofs-pds.s3.amazonaws.com/rtofs.20241014/rtofs_glo_3dz_f006_6hrly_hvr_US_east.nc
ARGO_GDAC,pfl,aoml/4903548/profiles/D4903548_099.nc|2024-10-14T18:44:11Z|27.01463|-89.52871,aoml/4903548/profiles/D4903548_099.nc,4903548,4903548,27.01463,-89.52871,2024-10-14T18:44:11Z,20241014,2024,990,0.44,99.96,33.752,True,True,True,https://noaa-nws-rtofs-pds.s3.amazonaws.com/rtofs.20241014/rtofs_glo_3dz_f006_6hrly_hvr_US_east.nc
ARGO_GDAC,pfl,aoml/4903548/profiles/D4903548_100.nc|2024-10-19T19:21:18Z|26.80121|-89.61263,aoml/4903548/profiles/D4903548_100.nc,4903548,4903548,26.80121,-89.61263,2024-10-19T19:21:18Z,20241019,2024,1010,1.08,2010.0,43.0487,True,True,True,https://noaa-nws-rtofs-pds.s3.amazonaws.com/rtofs.20241019/rtofs_glo_3dz_f006_6hrly_hvr_US_east.nc
ARGO_GDAC,pfl,aoml/4903548/profiles/D4903548_100.nc|2024-10-19T19:21:18Z|26.80121|-89.61263,aoml/4903548/profiles/D4903548_100.nc,4903548,4903548,26.80121,-89.61263,2024-10-19T19:21:18Z,20241019,2024,894,0.64,99.92,42.9765,True,True,True,https://noaa-nws-rtofs-pds.s3.amazonaws.com/rtofs.20241019/rtofs_glo_3dz_f006_6hrly_hvr_US_east.nc
ARGO_GDAC,pfl,aoml/4903548/profiles/D4903548_101.nc|2024-10-24T20:10:16Z|27.05829|-89.58769,aoml/4903548/profiles/D4903548_101.nc,4903548,4903548,27.05829,-89.58769,2024-10-24T20:10:16Z,20241024,2024,1010,1.0,2009.52,13.8293,True,True,True,https://noaa-nws-rtofs-pds.s3.amazonaws.com/rtofs.20241024/rtofs_glo_3dz_f006_6hrly_hvr_US_east.nc
ARGO_GDAC,pfl,aoml/4903548/profiles/D4903548_101.nc|2024-10-24T20:10:16Z|27.05829|-89.58769,aoml/4903548/profiles/D4903548_101.nc,4903548,4903548,27.05829,-89.58769,2024-10-24T20:10:16Z,20241024,2024,834,0.6,99.96,13.5894,True,True,True,https://noaa-nws-rtofs-pds.s3.amazonaws.com/rtofs.20241024/rtofs_glo_3dz_f006_6hrly_hvr_US_east.nc
ARGO_GDAC,pfl,aoml/4903548/profiles/D4903548_102.nc|2024-10-29T20:49:57Z|26.91739|-89.59023,aoml/4903548/profiles/D4903548_102.nc,4903548,4903548,26.91739,-89.59023,2024-10-29T20:49:57Z,20241029,2024,1012,1.0,2014.0,50.5687,True,True,True,https://noaa-nws-rtofs-pds.s3.amazonaws.com/rtofs.20241029/rtofs_glo_3dz_f006_6hrly_hvr_US_east.nc
ARGO_GDAC,pfl,aoml/4903548/profiles/D4903548_102.nc|2024-10-29T20:49:57Z|26.91739|-89.59023,aoml/4903548/profiles/D4903548_102.nc,4903548,4903548,26.91739,-89.59023,2024-10-29T20:49:57Z,20241029,2024,823,0.56,99.92,50.3,True,True,True,https://noaa-nws-rtofs-pds.s3.amazonaws.com/rtofs.20241029/rtofs_glo_3dz_f006_6hrly_hvr_US_east.nc
ARGO_GDAC,pfl,aoml/4903548/profiles/D4903548_103.nc|2024-11-03T21:35:42Z|27.02490|-89.49538,aoml/4903548/profiles/D4903548_103.nc,4903548,4903548,27.0249,-89.49538,2024-11-03T21:35:42Z,20241103,2024,1009,1.04,2008.08,46.1715,True,True,True,https://noaa-nws-rtofs-pds.s3.amazonaws.com/rtofs.20241103/rtofs_glo_3dz_f006_6hrly_hvr_US_east.nc
ARGO_GDAC,pfl,aoml/4903548/profiles/D4903548_103.nc|2024-11-03T21:35:42Z|27.02490|-89.49538,aoml/4903548/profiles/D4903548_103.nc,4903548,4903548,27.0249,-89.49538,2024-11-03T21:35:42Z,20241103,2024,824,0.64,99.92,46.12,True,True,True,https://noaa-nws-rtofs-pds.s3.amazonaws.com/rtofs.20241103/rtofs_glo_3dz_f006_6hrly_hvr_US_east.nc
ARGO_GDAC,pfl,aoml/4903548/profiles/D4903548_104.nc|2024-11-08T22:21:30Z|27.09872|-89.72322,aoml/4903548/profiles/D4903548_104.nc,4903548,4903548,27.09872,-89.72322,2024-11-08T22:21:30Z,20241108,2024,1008,1.04,2005.72,28.9194,True,True,True,https://noaa-nws-rtofs-pds.s3.amazonaws.com/rtofs.20241108/rtofs_glo_3dz_f006_6hrly_hvr_US_east.nc
ARGO_GDAC,pfl,aoml/4903548/profiles/D4903548_104.nc|2024-11-08T22:21:30Z|27.09872|-89.72322,aoml/4903548/profiles/D4903548_104.nc,4903548,4903548,27.09872,-89.72322,2024-11-08T22:21:30Z,20241108,2024,762,0.56,100.0,28.3509,True,True,True,https://noaa-nws-rtofs-pds.s3.amazonaws.com/rtofs.20241108/rtofs_glo_3dz_f006_6hrly_hvr_US_east.nc
ARGO_GDAC,pfl,aoml/4903548/profiles/D4903548_105.nc|2024-11-13T23:01:34Z|26.96092|-89.88771,aoml/4903548/profiles/D4903548_105.nc,4903548,4903548,26.96092,-89.88771,2024-11-13T23:01:34Z,20241113,2024,1013,0.92,2015.28,45.7539,True,True,True,https://noaa-nws-rtofs-pds.s3.amazonaws.com/rtofs.20241113/rtofs_glo_3dz_f006_6hrly_hvr_US_east.nc
ARGO_GDAC,pfl,aoml/4903548/profiles/D4903548_105.nc|2024-11-13T23:01:34Z|26.96092|-89.88771,aoml/4903548/profiles/D4903548_105.nc,4903548,4903548,26.96092,-89.88771,2024-11-13T23:01:34Z,20241113,2024,754,0.52,100.0,45.9,True,True,True,https://noaa-nws-rtofs-pds.s3.amazonaws.com/rtofs.20241113/rtofs_glo_3dz_f006_6hrly_hvr_US_east.nc
ARGO_GDAC,pfl,aoml/4903548/profiles/D4903548_106.nc|2024-11-18T23:47:36Z|26.94701|-90.06020,aoml/4903548/profiles/D4903548_106.nc,4903548,4903548,26.94701,-90.0602,2024-11-18T23:47:36Z,20241118,2024,1012,1.04,2013.68,52.4156,True,True,True,https://noaa-nws-rtofs-pds.s3.amazonaws.com/rtofs.20241118/rtofs_glo_3dz_f006_6hrly_hvr_US_east.nc
ARGO_GDAC,pfl,aoml/4903548/profiles/D4903548_106.nc|2024-11-18T23:47:36Z|26.94701|-90.06020,aoml/4903548/profiles/D4903548_106.nc,4903548,4903548,26.94701,-90.0602,2024-11-18T23:47:36Z,20241118,2024,1020,1.04,99.96,52.8459,True,True,True,https://noaa-nws-rtofs-pds.s3.amazonaws.com/rtofs.20241118/rtofs_glo_3dz_f006_6hrly_hvr_US_east.nc
ARGO_GDAC,pfl,aoml/4903548/profiles/D4903548_107.nc|2024-11-24T00:29:32Z|26.92169|-90.29849,aoml/4903548/profiles/D4903548_107.nc,4903548,4903548,26.92169,-90.29849,2024-11-24T00:29:32Z,20241124,2024,1012,1.04,2013.36,52.8958,True,True,True,https://noaa-nws-rtofs-pds.s3.amazonaws.com/rtofs.20241124/rtofs_glo_3dz_f006_6hrly_hvr_US_east.nc
ARGO_GDAC,pfl,aoml/4903548/profiles/D4903548_107.nc|2024-11-24T00:29:32Z|26.92169|-90.29849,aoml/4903548/profiles/D4903548_107.nc,4903548,4903548,26.92169,-90.29849,2024-11-24T00:29:32Z,20241124,2024,789,0.68,99.88,53.4688,True,True,True,https://noaa-nws-rtofs-pds.s3.amazonaws.com/rtofs.20241124/rtofs_glo_3dz_f006_6hrly_hvr_US_east.nc
ARGO_GDAC,pfl,aoml/4903548/profiles/D4903548_108.nc|2024-11-29T01:19:19Z|26.72709|-90.51886,aoml/4903548/profiles/D4903548_108.nc,4903548,4903548,26.72709,-90.51886,2024-11-29T01:19:19Z,20241129,2024,1011,1.08,2012.04,70.045,True,True,True,https://noaa-nws-rtofs-pds.s3.amazonaws.com/rtofs.20241129/rtofs_glo_3dz_f006_6hrly_hvr_US_east.nc
ARGO_GDAC,pfl,aoml/4903548/profiles/D4903548_108.nc|2024-11-29T01:19:19Z|26.72709|-90.51886,aoml/4903548/profiles/D4903548_108.nc,4903548,4903548,26.72709,-90.51886,2024-11-29T01:19:19Z,20241129,2024,826,0.76,99.84,70.3783,True,True,True,https://noaa-nws-rtofs-pds.s3.amazonaws.com/rtofs.20241129/rtofs_glo_3dz_f006_6hrly_hvr_US_east.nc
ARGO_GDAC,pfl,aoml/4903548/profiles/D4903548_109.nc|2024-12-04T02:06:15Z|26.61115|-90.64170,aoml/4903548/profiles/D4903548_109.nc,4903548,4903548,26.61115,-90.6417,2024-12-04T02:06:15Z,20241204,2024,1008,1.04,2005.12,44.9737,True,True,True,https://noaa-nws-rtofs-pds.s3.amazonaws.com/rtofs.20241204/rtofs_glo_3dz_f006_6hrly_hvr_US_east.nc
ARGO_GDAC,pfl,aoml/4903548/profiles/D4903548_109.nc|2024-12-04T02:06:15Z|26.61115|-90.64170,aoml/4903548/profiles/D4903548_109.nc,4903548,4903548,26.61115,-90.6417,2024-12-04T02:06:15Z,20241204,2024,854,0.68,99.88,44.23,True,True,True,https://noaa-nws-rtofs-pds.s3.amazonaws.com/rtofs.20241204/rtofs_glo_3dz_f006_6hrly_hvr_US_east.nc
ARGO_GDAC,pfl,aoml/4903548/profiles/D4903548_110.nc|2024-12-09T02:53:35Z|26.51750|-90.36972,aoml/4903548/profiles/D4903548_110.nc,4903548,4903548,26.5175,-90.36972,2024-12-09T02:53:35Z,20241209,2024,1012,1.04,2013.08,62.6832,True,True,True,https://noaa-nws-rtofs-pds.s3.amazonaws.com/rtofs.20241209/rtofs_glo_3dz_f006_6hrly_hvr_US_east.nc
ARGO_GDAC,pfl,aoml/4903548/profiles/D4903548_110.nc|2024-12-09T02:53:35Z|26.51750|-90.36972,aoml/4903548/profiles/D4903548_110.nc,4903548,4903548,26.5175,-90.36972,2024-12-09T02:53:35Z,20241209,2024,779,0.68,99.96,62.9499,True,True,True,https://noaa-nws-rtofs-pds.s3.amazonaws.com/rtofs.20241209/rtofs_glo_3dz_f006_6hrly_hvr_US_east.nc
ARGO_GDAC,pfl,aoml/4903548/profiles/D4903548_111.nc|2024-12-14T03:42:24Z|26.67068|-90.02555,aoml/4903548/profiles/D4903548_111.nc,4903548,4903548,26.67068,-90.02555,2024-12-14T03:42:24Z,20241214,2024,1008,1.04,2005.52,79.0013,True,True,True,https://noaa-nws-rtofs-pds.s3.amazonaws.com/rtofs.20241214/rtofs_glo_3dz_f006_6hrly_hvr_US_east.nc
ARGO_GDAC,pfl,aoml/4903548/profiles/D4903548_111.nc|2024-12-14T03:42:24Z|26.67068|-90.02555,aoml/4903548/profiles/D4903548_111.nc,4903548,4903548,26.67068,-90.02555,2024-12-14T03:42:24Z,20241214,2024,768,0.52,99.96,79.12,True,True,True,https://noaa-nws-rtofs-pds.s3.amazonaws.com/rtofs.20241214/rtofs_glo_3dz_f006_6hrly_hvr_US_east.nc
ARGO_GDAC,pfl,aoml/4903548/profiles/D4903548_112.nc|2024-12-19T04:19:19Z|26.55462|-89.70046,aoml/4903548/profiles/D4903548_112.nc,4903548,4903548,26.55462,-89.70046,2024-12-19T04:19:19Z,20241219,2024,1012,1.08,2014.2,139.4412,True,False,True,https://noaa-nws-rtofs-pds.s3.amazonaws.com/rtofs.20241219/rtofs_glo_3dz_f006_6hrly_hvr_US_east.nc
ARGO_GDAC,pfl,aoml/4903548/profiles/D4903548_112.nc|2024-12-19T04:19:19Z|26.55462|-89.70046,aoml/4903548/profiles/D4903548_112.nc,4903548,4903548,26.55462,-89.70046,2024-12-19T04:19:19Z,20241219,2024,775,0.72,99.96,,False,False,True,https://noaa-nws-rtofs-pds.s3.amazonaws.com/rtofs.20241219/rtofs_glo_3dz_f006_6hrly_hvr_US_east.nc
ARGO_GDAC,pfl,aoml/4903548/profiles/D4903548_113.nc|2024-12-24T04:54:46Z|26.48184|-89.63871,aoml/4903548/profiles/D4903548_113.nc,4903548,4903548,26.48184,-89.63871,2024-12-24T04:54:46Z,20241224,2024,1007,1.04,2003.72,153.6426,True,False,True,https://noaa-nws-rtofs-pds.s3.amazonaws.com/rtofs.20241224/rtofs_glo_3dz_f006_6hrly_hvr_US_east.nc
ARGO_GDAC,pfl,aoml/4903548/profiles/D4903548_113.nc|2024-12-24T04:54:46Z|26.48184|-89.63871,aoml/4903548/profiles/D4903548_113.nc,4903548,4903548,26.48184,-89.63871,2024-12-24T04:54:46Z,20241224,2024,856,0.68,99.96,,False,False,True,https://noaa-nws-rtofs-pds.s3.amazonaws.com/rtofs.20241224/rtofs_glo_3dz_f006_6hrly_hvr_US_east.nc
ARGO_GDAC,pfl,aoml/4903548/profiles/D4903548_114.nc|2024-12-29T05:29:57Z|26.27659|-89.47129,aoml/4903548/profiles/D4903548_114.nc,4903548,4903548,26.27659,-89.47129,2024-12-29T05:29:57Z,20241229,2024,1010,0.48,2007.8,178.3891,True,False,True,https://noaa-nws-rtofs-pds.s3.amazonaws.com/rtofs.20241229/rtofs_glo_3dz_f006_6hrly_hvr_US_east.nc
ARGO_GDAC,pfl,aoml/4903548/profiles/D4903548_114.nc|2024-12-29T05:29:57Z|26.27659|-89.47129,aoml/4903548/profiles/D4903548_114.nc,4903548,4903548,26.27659,-89.47129,2024-12-29T05:29:57Z,20241229,2024,822,0.48,99.88,,False,False,True,https://noaa-nws-rtofs-pds.s3.amazonaws.com/rtofs.20241229/rtofs_glo_3dz_f006_6hrly_hvr_US_east.nc
ARGO_GDAC,pfl,aoml/4903548/profiles/D4903548_115.nc|2025-01-03T06:12:18Z|26.04566|-89.01632,aoml/4903548/profiles/D4903548_115.nc,4903548,4903548,26.04566,-89.01632,2025-01-03T06:12:18Z,20250103,2025,1011,0.44,2009.2,182.89,True,False,True,https://noaa-nws-rtofs-pds.s3.amazonaws.com/rtofs.20250103/rtofs_glo_3dz_f006_6hrly_hvr_US_east.nc
ARGO_GDAC,pfl,aoml/4903548/profiles/D4903548_115.nc|2025-01-03T06:12:18Z|26.04566|-89.01632,aoml/4903548/profiles/D4903548_115.nc,4903548,4903548,26.04566,-89.01632,2025-01-03T06:12:18Z,20250103,2025,841,0.44,99.88,,False,False,True,https://noaa-nws-rtofs-pds.s3.amazonaws.com/rtofs.20250103/rtofs_glo_3dz_f006_6hrly_hvr_US_east.nc
ARGO_GDAC,pfl,aoml/4903548/profiles/D4903548_116.nc|2025-01-08T06:48:15Z|26.29253|-89.09640,aoml/4903548/profiles/D4903548_116.nc,4903548,4903548,26.29253,-89.0964,2025-01-08T06:48:15Z,20250108,2025,1011,0.44,2009.24,192.2838,True,False,True,https://noaa-nws-rtofs-pds.s3.amazonaws.com/rtofs.20250108/rtofs_glo_3dz_f006_6hrly_hvr_US_east.nc
ARGO_GDAC,pfl,aoml/4903548/profiles/D4903548_116.nc|2025-01-08T06:48:15Z|26.29253|-89.09640,aoml/4903548/profiles/D4903548_116.nc,4903548,4903548,26.29253,-89.0964,2025-01-08T06:48:15Z,20250108,2025,830,0.44,99.88,,False,False,True,https://noaa-nws-rtofs-pds.s3.amazonaws.com/rtofs.20250108/rtofs_glo_3dz_f006_6hrly_hvr_US_east.nc
ARGO_GDAC,pfl,aoml/4903548/profiles/D4903548_117.nc|2025-01-13T07:30:18Z|26.52950|-89.22086,aoml/4903548/profiles/D4903548_117.nc,4903548,4903548,26.5295,-89.22086,2025-01-13T07:30:18Z,20250113,2025,1008,0.96,2006.08,181.9436,True,False,True,https://noaa-nws-rtofs-pds.s3.amazonaws.com/rtofs.20250113/rtofs_glo_3dz_f006_6hrly_hvr_US_east.nc
ARGO_GDAC,pfl,aoml/4903548/profiles/D4903548_117.nc|2025-01-13T07:30:18Z|26.52950|-89.22086,aoml/4903548/profiles/D4903548_117.nc,4903548,4903548,26.5295,-89.22086,2025-01-13T07:30:18Z,20250113,2025,721,0.52,99.84,,False,False,True,https://noaa-nws-rtofs-pds.s3.amazonaws.com/rtofs.20250113/rtofs_glo_3dz_f006_6hrly_hvr_US_east.nc
ARGO_GDAC,pfl,aoml/4903548/profiles/D4903548_118.nc|2025-01-18T08:05:57Z|26.62017|-89.25605,aoml/4903548/profiles/D4903548_118.nc,4903548,4903548,26.62017,-89.25605,2025-01-18T08:05:57Z,20250118,2025,1007,1.12,2004.12,162.0477,True,False,True,https://noaa-nws-rtofs-pds.s3.amazonaws.com/rtofs.20250118/rtofs_glo_3dz_f006_6hrly_hvr_US_east.nc
ARGO_GDAC,pfl,aoml/4903548/profiles/D4903548_118.nc|2025-01-18T08:05:57Z|26.62017|-89.25605,aoml/4903548/profiles/D4903548_118.nc,4903548,4903548,26.62017,-89.25605,2025-01-18T08:05:57Z,20250118,2025,798,0.76,99.88,,False,False,True,https://noaa-nws-rtofs-pds.s3.amazonaws.com/rtofs.20250118/rtofs_glo_3dz_f006_6hrly_hvr_US_east.nc
ARGO_GDAC,pfl,aoml/4903548/profiles/D4903548_119.nc|2025-01-23T08:47:11Z|26.72716|-89.33808,aoml/4903548/profiles/D4903548_119.nc,4903548,4903548,26.72716,-89.33808,2025-01-23T08:47:11Z,20250123,2025,1007,1.04,2003.68,117.6101,True,False,True,https://noaa-nws-rtofs-pds.s3.amazonaws.com/rtofs.20250123/rtofs_glo_3dz_f006_6hrly_hvr_US_east.nc
ARGO_GDAC,pfl,aoml/4903548/profiles/D4903548_119.nc|2025-01-23T08:47:11Z|26.72716|-89.33808,aoml/4903548/profiles/D4903548_119.nc,4903548,4903548,26.72716,-89.33808,2025-01-23T08:47:11Z,20250123,2025,831,0.6,99.92,,False,False,True,https://noaa-nws-rtofs-pds.s3.amazonaws.com/rtofs.20250123/rtofs_glo_3dz_f006_6hrly_hvr_US_east.nc
ARGO_GDAC,pfl,aoml/4903548/profiles/D4903548_120.nc|2025-01-28T09:21:11Z|26.69775|-89.51345,aoml/4903548/profiles/D4903548_120.nc,4903548,4903548,26.69775,-89.51345,2025-01-28T09:21:11Z,20250128,2025,1011,1.0,2011.56,157.0799,True,False,True,https://noaa-nws-rtofs-pds.s3.amazonaws.com/rtofs.20250128/rtofs_glo_3dz_f006_6hrly_hvr_US_east.nc
ARGO_GDAC,pfl,aoml/4903548/profiles/D4903548_120.nc|2025-01-28T09:21:11Z|26.69775|-89.51345,aoml/4903548/profiles/D4903548_120.nc,4903548,4903548,26.69775,-89.51345,2025-01-28T09:21:11Z,20250128,2025,816,0.6,99.96,,False,False,True,https://noaa-nws-rtofs-pds.s3.amazonaws.com/rtofs.20250128/rtofs_glo_3dz_f006_6hrly_hvr_US_east.nc
ARGO_GDAC,pfl,aoml/4903548/profiles/D4903548_121.nc|2025-02-02T10:06:52Z|26.62020|-89.56885,aoml/4903548/profiles/D4903548_121.nc,4903548,4903548,26.6202,-89.56885,2025-02-02T10:06:52Z,20250202,2025,1012,1.04,2013.24,88.2132,True,True,True,https://noaa-nws-rtofs-pds.s3.amazonaws.com/rtofs.20250202/rtofs_glo_3dz_f006_6hrly_hvr_US_east.nc
ARGO_GDAC,pfl,aoml/4903548/profiles/D4903548_121.nc|2025-02-02T10:06:52Z|26.62020|-89.56885,aoml/4903548/profiles/D4903548_121.nc,4903548,4903548,26.6202,-89.56885,2025-02-02T10:06:52Z,20250202,2025,831,0.64,99.96,88.44,True,True,True,https://noaa-nws-rtofs-pds.s3.amazonaws.com/rtofs.20250202/rtofs_glo_3dz_f006_6hrly_hvr_US_east.nc
ARGO_GDAC,pfl,aoml/4903548/profiles/D4903548_122.nc|2025-02-07T10:46:23Z|26.57549|-89.54203,aoml/4903548/profiles/D4903548_122.nc,4903548,4903548,26.57549,-89.54203,2025-02-07T10:46:23Z,20250207,2025,1007,1.0,2003.88,180.0775,True,False,True,https://noaa-nws-rtofs-pds.s3.amazonaws.com/rtofs.20250207/rtofs_glo_3dz_f006_6hrly_hvr_US_east.nc
ARGO_GDAC,pfl,aoml/4903548/profiles/D4903548_122.nc|2025-02-07T10:46:23Z|26.57549|-89.54203,aoml/4903548/profiles/D4903548_122.nc,4903548,4903548,26.57549,-89.54203,2025-02-07T10:46:23Z,20250207,2025,746,0.6,100.0,,False,False,True,https://noaa-nws-rtofs-pds.s3.amazonaws.com/rtofs.20250207/rtofs_glo_3dz_f006_6hrly_hvr_US_east.nc
ARGO_GDAC,pfl,aoml/4903548/profiles/D4903548_123.nc|2025-02-12T11:32:20Z|26.63896|-89.76227,aoml/4903548/profiles/D4903548_123.nc,4903548,4903548,26.63896,-89.76227,2025-02-12T11:32:20Z,20250212,2025,1012,1.04,2013.76,52.6611,True,True,True,https://noaa-nws-rtofs-pds.s3.amazonaws.com/rtofs.20250212/rtofs_glo_3dz_f006_6hrly_hvr_US_east.nc
ARGO_GDAC,pfl,aoml/4903548/profiles/D4903548_123.nc|2025-02-12T11:32:20Z|26.63896|-89.76227,aoml/4903548/profiles/D4903548_123.nc,4903548,4903548,26.63896,-89.76227,2025-02-12T11:32:20Z,20250212,2025,830,0.64,99.92,52.7067,True,True,True,https://noaa-nws-rtofs-pds.s3.amazonaws.com/rtofs.20250212/rtofs_glo_3dz_f006_6hrly_hvr_US_east.nc
ARGO_GDAC,pfl,aoml/4903548/profiles/D4903548_124.nc|2025-02-17T12:11:39Z|26.70912|-90.15646,aoml/4903548/profiles/D4903548_124.nc,4903548,4903548,26.70912,-90.15646,2025-02-17T12:11:39Z,20250217,2025,1011,0.48,2009.56,62.1627,True,True,True,https://noaa-nws-rtofs-pds.s3.amazonaws.com/rtofs.20250217/rtofs_glo_3dz_f006_6hrly_hvr_US_east.nc
ARGO_GDAC,pfl,aoml/4903548/profiles/D4903548_124.nc|2025-02-17T12:11:39Z|26.70912|-90.15646,aoml/4903548/profiles/D4903548_124.nc,4903548,4903548,26.70912,-90.15646,2025-02-17T12:11:39Z,20250217,2025,808,0.48,99.88,62.48,True,True,True,https://noaa-nws-rtofs-pds.s3.amazonaws.com/rtofs.20250217/rtofs_glo_3dz_f006_6hrly_hvr_US_east.nc
ARGO_GDAC,pfl,aoml/4903548/profiles/D4903548_125.nc|2025-02-22T12:47:42Z|26.71565|-90.40517,aoml/4903548/profiles/D4903548_125.nc,4903548,4903548,26.71565,-90.40517,2025-02-22T12:47:42Z,20250222,2025,1012,1.28,2013.44,97.8684,True,True,True,https://noaa-nws-rtofs-pds.s3.amazonaws.com/rtofs.20250222/rtofs_glo_3dz_f006_6hrly_hvr_US_east.nc
ARGO_GDAC,pfl,aoml/4903548/profiles/D4903548_125.nc|2025-02-22T12:47:42Z|26.71565|-90.40517,aoml/4903548/profiles/D4903548_125.nc,4903548,4903548,26.71565,-90.40517,2025-02-22T12:47:42Z,20250222,2025,730,1.2,100.0,97.5714,True,True,True,https://noaa-nws-rtofs-pds.s3.amazonaws.com/rtofs.20250222/rtofs_glo_3dz_f006_6hrly_hvr_US_east.nc
ARGO_GDAC,pfl,aoml/4903548/profiles/D4903548_126.nc|2025-02-27T13:32:00Z|26.58328|-90.49256,aoml/4903548/profiles/D4903548_126.nc,4903548,4903548,26.58328,-90.49256,2025-02-27T13:32:00Z,20250227,2025,1011,0.92,2012.0,79.5046,True,True,True,https://noaa-nws-rtofs-pds.s3.amazonaws.com/rtofs.20250227/rtofs_glo_3dz_f006_6hrly_hvr_US_east.nc
ARGO_GDAC,pfl,aoml/4903548/profiles/D4903548_126.nc|2025-02-27T13:32:00Z|26.58328|-90.49256,aoml/4903548/profiles/D4903548_126.nc,4903548,4903548,26.58328,-90.49256,2025-02-27T13:32:00Z,20250227,2025,707,0.52,99.96,79.7232,True,True,True,https://noaa-nws-rtofs-pds.s3.amazonaws.com/rtofs.20250227/rtofs_glo_3dz_f006_6hrly_hvr_US_east.nc
ARGO_GDAC,pfl,aoml/4903548/profiles/D4903548_127.nc|2025-03-04T14:13:51Z|26.40328|-90.78472,aoml/4903548/profiles/D4903548_127.nc,4903548,4903548,26.40328,-90.78472,2025-03-04T14:13:51Z,20250304,2025,1008,1.04,2005.76,170.5659,True,False,True,https://noaa-nws-rtofs-pds.s3.amazonaws.com/rtofs.20250304/rtofs_glo_3dz_f006_6hrly_hvr_US_east.nc
ARGO_GDAC,pfl,aoml/4903548/profiles/D4903548_127.nc|2025-03-04T14:13:51Z|26.40328|-90.78472,aoml/4903548/profiles/D4903548_127.nc,4903548,4903548,26.40328,-90.78472,2025-03-04T14:13:51Z,20250304,2025,784,0.76,99.92,,False,False,True,https://noaa-nws-rtofs-pds.s3.amazonaws.com/rtofs.20250304/rtofs_glo_3dz_f006_6hrly_hvr_US_east.nc
ARGO_GDAC,pfl,aoml/4903548/profiles/D4903548_128.nc|2025-03-09T14:55:01Z|26.39938|-90.79139,aoml/4903548/profiles/D4903548_128.nc,4903548,4903548,26.39938,-90.79139,2025-03-09T14:55:01Z,20250309,2025,1011,1.0,2012.0,141.568,True,False,True,https://noaa-nws-rtofs-pds.s3.amazonaws.com/rtofs.20250309/rtofs_glo_3dz_f006_6hrly_hvr_US_east.nc
ARGO_GDAC,pfl,aoml/4903548/profiles/D4903548_128.nc|2025-03-09T14:55:01Z|26.39938|-90.79139,aoml/4903548/profiles/D4903548_128.nc,4903548,4903548,26.39938,-90.79139,2025-03-09T14:55:01Z,20250309,2025,819,0.56,99.92,,False,False,True,https://noaa-nws-rtofs-pds.s3.amazonaws.com/rtofs.20250309/rtofs_glo_3dz_f006_6hrly_hvr_US_east.nc
ARGO_GDAC,pfl,aoml/4903548/profiles/D4903548_129.nc|2025-03-14T15:42:37Z|26.28656|-89.87159,aoml/4903548/profiles/D4903548_129.nc,4903548,4903548,26.28656,-89.87159,2025-03-14T15:42:37Z,20250314,2025,1009,1.0,2007.96,44.1288,True,True,True,https://noaa-nws-rtofs-pds.s3.amazonaws.com/rtofs.20250314/rtofs_glo_3dz_f006_6hrly_hvr_US_east.nc
ARGO_GDAC,pfl,aoml/4903548/profiles/D4903548_129.nc|2025-03-14T15:42:37Z|26.28656|-89.87159,aoml/4903548/profiles/D4903548_129.nc,4903548,4903548,26.28656,-89.87159,2025-03-14T15:42:37Z,20250314,2025,817,0.56,99.92,44.3268,True,True,True,https://noaa-nws-rtofs-pds.s3.amazonaws.com/rtofs.20250314/rtofs_glo_3dz_f006_6hrly_hvr_US_east.nc
ARGO_GDAC,pfl,aoml/4903548/profiles/D4903548_130.nc|2025-03-19T16:13:43Z|25.21300|-89.55002,aoml/4903548/profiles/D4903548_130.nc,4903548,4903548,25.213,-89.55002,2025-03-19T16:13:43Z,20250319,2025,1008,0.96,2005.68,31.272,True,True,True,https://noaa-nws-rtofs-pds.s3.amazonaws.com/rtofs.20250319/rtofs_glo_3dz_f006_6hrly_hvr_US_east.nc
ARGO_GDAC,pfl,aoml/4903548/profiles/D4903548_130.nc|2025-03-19T16:13:43Z|25.21300|-89.55002,aoml/4903548/profiles/D4903548_130.nc,4903548,4903548,25.213,-89.55002,2025-03-19T16:13:43Z,20250319,2025,699,0.56,99.96,31.08,True,True,True,https://noaa-nws-rtofs-pds.s3.amazonaws.com/rtofs.20250319/rtofs_glo_3dz_f006_6hrly_hvr_US_east.nc
ARGO_GDAC,pfl,aoml/4903548/profiles/D4903548_131.nc|2025-03-24T16:51:41Z|25.49681|-89.34358,aoml/4903548/profiles/D4903548_131.nc,4903548,4903548,25.49681,-89.34358,2025-03-24T16:51:41Z,20250324,2025,1012,0.96,2014.16,70.7618,True,True,True,https://noaa-nws-rtofs-pds.s3.amazonaws.com/rtofs.20250324/rtofs_glo_3dz_f006_6hrly_hvr_US_east.nc
ARGO_GDAC,pfl,aoml/4903548/profiles/D4903548_131.nc|2025-03-24T16:51:41Z|25.49681|-89.34358,aoml/4903548/profiles/D4903548_131.nc,4903548,4903548,25.49681,-89.34358,2025-03-24T16:51:41Z,20250324,2025,699,0.52,99.96,71.17,True,True,True,https://noaa-nws-rtofs-pds.s3.amazonaws.com/rtofs.20250324/rtofs_glo_3dz_f006_6hrly_hvr_US_east.nc
ARGO_GDAC,pfl,aoml/4903548/profiles/D4903548_132.nc|2025-03-29T17:30:44Z|25.22011|-89.77990,aoml/4903548/profiles/D4903548_132.nc,4903548,4903548,25.22011,-89.7799,2025-03-29T17:30:44Z,20250329,2025,1010,1.28,2009.6,13.5547,True,True,True,https://noaa-nws-rtofs-pds.s3.amazonaws.com/rtofs.20250329/rtofs_glo_3dz_f006_6hrly_hvr_US_east.nc
ARGO_GDAC,pfl,aoml/4903548/profiles/D4903548_132.nc|2025-03-29T17:30:44Z|25.22011|-89.77990,aoml/4903548/profiles/D4903548_132.nc,4903548,4903548,25.22011,-89.7799,2025-03-29T17:30:44Z,20250329,2025,722,1.04,99.88,13.9633,True,True,True,https://noaa-nws-rtofs-pds.s3.amazonaws.com/rtofs.20250329/rtofs_glo_3dz_f006_6hrly_hvr_US_east.nc
ARGO_GDAC,pfl,aoml/4903548/profiles/D4903548_133.nc|2025-04-03T18:14:39Z|25.42149|-90.25662,aoml/4903548/profiles/D4903548_133.nc,4903548,4903548,25.42149,-90.25662,2025-04-03T18:14:39Z,20250403,2025,1011,0.96,2011.88,28.9252,True,True,True,https://noaa-nws-rtofs-pds.s3.amazonaws.com/rtofs.20250403/rtofs_glo_3dz_f006_6hrly_hvr_US_east.nc
ARGO_GDAC,pfl,aoml/4903548/profiles/D4903548_133.nc|2025-04-03T18:14:39Z|25.42149|-90.25662,aoml/4903548/profiles/D4903548_133.nc,4903548,4903548,25.42149,-90.25662,2025-04-03T18:14:39Z,20250403,2025,789,0.52,99.88,28.48,True,True,True,https://noaa-nws-rtofs-pds.s3.amazonaws.com/rtofs.20250403/rtofs_glo_3dz_f006_6hrly_hvr_US_east.nc
ARGO_GDAC,pfl,aoml/4903548/profiles/D4903548_134.nc|2025-04-08T19:00:25Z|25.77080|-90.70121,aoml/4903548/profiles/D4903548_134.nc,4903548,4903548,25.7708,-90.70121,2025-04-08T19:00:25Z,20250408,2025,1010,1.04,2009.4,74.4876,True,True,True,https://noaa-nws-rtofs-pds.s3.amazonaws.com/rtofs.20250408/rtofs_glo_3dz_f006_6hrly_hvr_US_east.nc
ARGO_GDAC,pfl,aoml/4903548/profiles/D4903548_134.nc|2025-04-08T19:00:25Z|25.77080|-90.70121,aoml/4903548/profiles/D4903548_134.nc,4903548,4903548,25.7708,-90.70121,2025-04-08T19:00:25Z,20250408,2025,786,0.72,99.96,74.34,True,True,True,https://noaa-nws-rtofs-pds.s3.amazonaws.com/rtofs.20250408/rtofs_glo_3dz_f006_6hrly_hvr_US_east.nc
ARGO_GDAC,pfl,aoml/4903548/profiles/D4903548_135.nc|2025-04-13T19:39:23Z|25.90364|-91.41018,aoml/4903548/profiles/D4903548_135.nc,4903548,4903548,25.90364,-91.41018,2025-04-13T19:39:23Z,20250413,2025,1009,1.04,2008.04,160.9392,True,False,True,https://noaa-nws-rtofs-pds.s3.amazonaws.com/rtofs.20250413/rtofs_glo_3dz_f006_6hrly_hvr_US_east.nc
ARGO_GDAC,pfl,aoml/4903548/profiles/D4903548_135.nc|2025-04-13T19:39:23Z|25.90364|-91.41018,aoml/4903548/profiles/D4903548_135.nc,4903548,4903548,25.90364,-91.41018,2025-04-13T19:39:23Z,20250413,2025,782,0.64,100.0,,False,False,True,https://noaa-nws-rtofs-pds.s3.amazonaws.com/rtofs.20250413/rtofs_glo_3dz_f006_6hrly_hvr_US_east.nc
ARGO_GDAC,pfl,aoml/4903548/profiles/D4903548_136.nc|2025-04-18T20:19:05Z|25.93682|-91.66625,aoml/4903548/profiles/D4903548_136.nc,4903548,4903548,25.93682,-91.66625,2025-04-18T20:19:05Z,20250418,2025,1008,1.08,2005.88,81.0834,True,True,True,https://noaa-nws-rtofs-pds.s3.amazonaws.com/rtofs.20250418/rtofs_glo_3dz_f006_6hrly_hvr_US_east.nc
ARGO_GDAC,pfl,aoml/4903548/profiles/D4903548_136.nc|2025-04-18T20:19:05Z|25.93682|-91.66625,aoml/4903548/profiles/D4903548_136.nc,4903548,4903548,25.93682,-91.66625,2025-04-18T20:19:05Z,20250418,2025,777,0.72,100.0,76.6799,True,True,True,https://noaa-nws-rtofs-pds.s3.amazonaws.com/rtofs.20250418/rtofs_glo_3dz_f006_6hrly_hvr_US_east.nc
ARGO_GDAC,pfl,aoml/4903548/profiles/D4903548_137.nc|2025-04-23T20:57:34Z|25.90816|-91.57251,aoml/4903548/profiles/D4903548_137.nc,4903548,4903548,25.90816,-91.57251,2025-04-23T20:57:34Z,20250423,2025,1009,1.04,2007.6,26.6168,True,True,True,https://noaa-nws-rtofs-pds.s3.amazonaws.com/rtofs.20250423/rtofs_glo_3dz_f006_6hrly_hvr_US_east.nc
ARGO_GDAC,pfl,aoml/4903548/profiles/D4903548_137.nc|2025-04-23T20:57:34Z|25.90816|-91.57251,aoml/4903548/profiles/D4903548_137.nc,4903548,4903548,25.90816,-91.57251,2025-04-23T20:57:34Z,20250423,2025,803,0.64,99.96,26.84,True,True,True,https://noaa-nws-rtofs-pds.s3.amazonaws.com/rtofs.20250423/rtofs_glo_3dz_f006_6hrly_hvr_US_east.nc
ARGO_GDAC,pfl,aoml/4903548/profiles/D4903548_138.nc|2025-04-28T21:27:10Z|26.14755|-92.08220,aoml/4903548/profiles/D4903548_138.nc,4903548,4903548,26.14755,-92.0822,2025-04-28T21:27:10Z,20250428,2025,1014,1.04,2017.52,20.3113,True,True,True,https://noaa-nws-rtofs-pds.s3.amazonaws.com/rtofs.20250428/rtofs_glo_3dz_f006_6hrly_hvr_US_east.nc
ARGO_GDAC,pfl,aoml/4903548/profiles/D4903548_138.nc|2025-04-28T21:27:10Z|26.14755|-92.08220,aoml/4903548/profiles/D4903548_138.nc,4903548,4903548,26.14755,-92.0822,2025-04-28T21:27:10Z,20250428,2025,796,0.68,99.96,20.28,True,True,True,https://noaa-nws-rtofs-pds.s3.amazonaws.com/rtofs.20250428/rtofs_glo_3dz_f006_6hrly_hvr_US_east.nc
ARGO_GDAC,pfl,aoml/4903548/profiles/D4903548_139.nc|2025-05-03T21:57:17Z|26.36225|-92.30948,aoml/4903548/profiles/D4903548_139.nc,4903548,4903548,26.36225,-92.30948,2025-05-03T21:57:17Z,20250503,2025,1008,1.04,2005.6,32.7989,True,True,True,https://noaa-nws-rtofs-pds.s3.amazonaws.com/rtofs.20250503/rtofs_glo_3dz_f006_6hrly_hvr_US_east.nc
ARGO_GDAC,pfl,aoml/4903548/profiles/D4903548_139.nc|2025-05-03T21:57:17Z|26.36225|-92.30948,aoml/4903548/profiles/D4903548_139.nc,4903548,4903548,26.36225,-92.30948,2025-05-03T21:57:17Z,20250503,2025,813,0.64,100.0,32.4218,True,True,True,https://noaa-nws-rtofs-pds.s3.amazonaws.com/rtofs.20250503/rtofs_glo_3dz_f006_6hrly_hvr_US_east.nc
ARGO_GDAC,pfl,aoml/4903548/profiles/D4903548_140.nc|2025-05-08T22:38:04Z|26.35390|-91.99093,aoml/4903548/profiles/D4903548_140.nc,4903548,4903548,26.3539,-91.99093,2025-05-08T22:38:04Z,20250508,2025,1011,1.08,2011.92,38.1546,True,True,True,https://noaa-nws-rtofs-pds.s3.amazonaws.com/rtofs.20250508/rtofs_glo_3dz_f006_6hrly_hvr_US_east.nc
ARGO_GDAC,pfl,aoml/4903548/profiles/D4903548_140.nc|2025-05-08T22:38:04Z|26.35390|-91.99093,aoml/4903548/profiles/D4903548_140.nc,4903548,4903548,26.3539,-91.99093,2025-05-08T22:38:04Z,20250508,2025,847,0.72,99.92,38.5123,True,True,True,https://noaa-nws-rtofs-pds.s3.amazonaws.com/rtofs.20250508/rtofs_glo_3dz_f006_6hrly_hvr_US_east.nc
ARGO_GDAC,pfl,aoml/4903548/profiles/D4903548_141.nc|2025-05-13T23:14:07Z|26.25231|-91.82883,aoml/4903548/profiles/D4903548_141.nc,4903548,4903548,26.25231,-91.82883,2025-05-13T23:14:07Z,20250513,2025,1009,1.04,2007.16,50.3555,True,True,True,https://noaa-nws-rtofs-pds.s3.amazonaws.com/rtofs.20250513/rtofs_glo_3dz_f006_6hrly_hvr_US_east.nc
ARGO_GDAC,pfl,aoml/4903548/profiles/D4903548_141.nc|2025-05-13T23:14:07Z|26.25231|-91.82883,aoml/4903548/profiles/D4903548_141.nc,4903548,4903548,26.25231,-91.82883,2025-05-13T23:14:07Z,20250513,2025,875,0.76,99.92,50.125,True,True,True,https://noaa-nws-rtofs-pds.s3.amazonaws.com/rtofs.20250513/rtofs_glo_3dz_f006_6hrly_hvr_US_east.nc
ARGO_GDAC,pfl,aoml/4903548/profiles/D4903548_142.nc|2025-05-18T23:54:00Z|26.35993|-91.87729,aoml/4903548/profiles/D4903548_142.nc,4903548,4903548,26.35993,-91.87729,2025-05-18T23:54:00Z,20250518,2025,1008,1.08,2005.16,19.4416,True,True,True,https://noaa-nws-rtofs-pds.s3.amazonaws.com/rtofs.20250518/rtofs_glo_3dz_f006_6hrly_hvr_US_east.nc
ARGO_GDAC,pfl,aoml/4903548/profiles/D4903548_142.nc|2025-05-18T23:54:00Z|26.35993|-91.87729,aoml/4903548/profiles/D4903548_142.nc,4903548,4903548,26.35993,-91.87729,2025-05-18T23:54:00Z,20250518,2025,856,0.6,99.92,19.9435,True,True,True,https://noaa-nws-rtofs-pds.s3.amazonaws.com/rtofs.20250518/rtofs_glo_3dz_f006_6hrly_hvr_US_east.nc
ARGO_GDAC,pfl,aoml/4903548/profiles/R4903548_143.nc|2025-05-24T01:16:29Z|26.42446|-91.86643,aoml/4903548/profiles/R4903548_143.nc,4903548,4903548,26.42446,-91.86643,2025-05-24T01:16:29Z,20250524,2025,974,0.48,1935.52,12.2178,True,True,True,https://noaa-nws-rtofs-pds.s3.amazonaws.com/rtofs.20250524/rtofs_glo_3dz_f006_6hrly_hvr_US_east.nc
ARGO_GDAC,pfl,aoml/4903548/profiles/R4903548_143.nc|2025-05-24T01:16:29Z|26.42446|-91.86643,aoml/4903548/profiles/R4903548_143.nc,4903548,4903548,26.42446,-91.86643,2025-05-24T01:16:29Z,20250524,2025,816,0.48,99.92,11.77,True,True,True,https://noaa-nws-rtofs-pds.s3.amazonaws.com/rtofs.20250524/rtofs_glo_3dz_f006_6hrly_hvr_US_east.nc
ARGO_GDAC,pfl,aoml/4903548/profiles/R4903548_144.nc|2025-05-29T02:00:57Z|26.40897|-91.81165,aoml/4903548/profiles/R4903548_144.nc,4903548,4903548,26.40897,-91.81165,2025-05-29T02:00:57Z,20250529,2025,1012,0.48,2011.04,23.7955,True,True,True,https://noaa-nws-rtofs-pds.s3.amazonaws.com/rtofs.20250529/rtofs_glo_3dz_f006_6hrly_hvr_US_east.nc
ARGO_GDAC,pfl,aoml/4903548/profiles/R4903548_144.nc|2025-05-29T02:00:57Z|26.40897|-91.81165,aoml/4903548/profiles/R4903548_144.nc,4903548,4903548,26.40897,-91.81165,2025-05-29T02:00:57Z,20250529,2025,856,0.48,99.92,23.9,True,True,True,https://noaa-nws-rtofs-pds.s3.amazonaws.com/rtofs.20250529/rtofs_glo_3dz_f006_6hrly_hvr_US_east.nc
ARGO_GDAC,pfl,aoml/4903548/profiles/R4903548_145.nc|2025-06-03T02:38:45Z|26.44009|-91.68480,aoml/4903548/profiles/R4903548_145.nc,4903548,4903548,26.44009,-91.6848,2025-06-03T02:38:45Z,20250603,2025,1010,1.0,2009.08,15.3412,True,True,True,https://noaa-nws-rtofs-pds.s3.amazonaws.com/rtofs.20250603/rtofs_glo_3dz_f006_6hrly_hvr_US_east.nc
ARGO_GDAC,pfl,aoml/4903548/profiles/R4903548_145.nc|2025-06-03T02:38:45Z|26.44009|-91.68480,aoml/4903548/profiles/R4903548_145.nc,4903548,4903548,26.44009,-91.6848,2025-06-03T02:38:45Z,20250603,2025,776,0.56,99.88,15.2533,True,True,True,https://noaa-nws-rtofs-pds.s3.amazonaws.com/rtofs.20250603/rtofs_glo_3dz_f006_6hrly_hvr_US_east.nc
ARGO_GDAC,pfl,aoml/4903548/profiles/R4903548_146.nc|2025-06-08T03:19:13Z|26.49688|-91.57265,aoml/4903548/profiles/R4903548_146.nc,4903548,4903548,26.49688,-91.57265,2025-06-08T03:19:13Z,20250608,2025,1011,0.96,2011.88,16.5426,True,True,True,https://noaa-nws-rtofs-pds.s3.amazonaws.com/rtofs.20250608/rtofs_glo_3dz_f006_6hrly_hvr_US_east.nc
ARGO_GDAC,pfl,aoml/4903548/profiles/R4903548_146.nc|2025-06-08T03:19:13Z|26.49688|-91.57265,aoml/4903548/profiles/R4903548_146.nc,4903548,4903548,26.49688,-91.57265,2025-06-08T03:19:13Z,20250608,2025,784,0.56,99.96,12.7203,True,True,True,https://noaa-nws-rtofs-pds.s3.amazonaws.com/rtofs.20250608/rtofs_glo_3dz_f006_6hrly_hvr_US_east.nc
ARGO_GDAC,pfl,aoml/4903548/profiles/R4903548_147.nc|2025-06-13T04:03:39Z|26.44564|-91.54981,aoml/4903548/profiles/R4903548_147.nc,4903548,4903548,26.44564,-91.54981,2025-06-13T04:03:39Z,20250613,2025,1012,1.04,2013.92,15.917,True,True,True,https://noaa-nws-rtofs-pds.s3.amazonaws.com/rtofs.20250613/rtofs_glo_3dz_f006_6hrly_hvr_US_east.nc
ARGO_GDAC,pfl,aoml/4903548/profiles/R4903548_147.nc|2025-06-13T04:03:39Z|26.44564|-91.54981,aoml/4903548/profiles/R4903548_147.nc,4903548,4903548,26.44564,-91.54981,2025-06-13T04:03:39Z,20250613,2025,858,0.64,99.92,16.348,True,True,True,https://noaa-nws-rtofs-pds.s3.amazonaws.com/rtofs.20250613/rtofs_glo_3dz_f006_6hrly_hvr_US_east.nc
ARGO_GDAC,pfl,aoml/4903548/profiles/R4903548_148.nc|2025-06-18T04:50:33Z|26.39637|-91.59627,aoml/4903548/profiles/R4903548_148.nc,4903548,4903548,26.39637,-91.59627,2025-06-18T04:50:33Z,20250618,2025,1013,1.0,2015.04,24.5647,True,True,True,https://noaa-nws-rtofs-pds.s3.amazonaws.com/rtofs.20250618/rtofs_glo_3dz_f006_6hrly_hvr_US_east.nc
ARGO_GDAC,pfl,aoml/4903548/profiles/R4903548_148.nc|2025-06-18T04:50:33Z|26.39637|-91.59627,aoml/4903548/profiles/R4903548_148.nc,4903548,4903548,26.39637,-91.59627,2025-06-18T04:50:33Z,20250618,2025,854,0.68,99.96,24.88,True,True,True,https://noaa-nws-rtofs-pds.s3.amazonaws.com/rtofs.20250618/rtofs_glo_3dz_f006_6hrly_hvr_US_east.nc
ARGO_GDAC,pfl,aoml/4903548/profiles/R4903548_149.nc|2025-06-23T05:29:44Z|26.38320|-91.56868,aoml/4903548/profiles/R4903548_149.nc,4903548,4903548,26.3832,-91.56868,2025-06-23T05:29:44Z,20250623,2025,1010,1.0,2010.12,12.5202,True,True,True,https://noaa-nws-rtofs-pds.s3.amazonaws.com/rtofs.20250623/rtofs_glo_3dz_f006_6hrly_hvr_US_east.nc
ARGO_GDAC,pfl,aoml/4903548/profiles/R4903548_149.nc|2025-06-23T05:29:44Z|26.38320|-91.56868,aoml/4903548/profiles/R4903548_149.nc,4903548,4903548,26.3832,-91.56868,2025-06-23T05:29:44Z,20250623,2025,800,0.6,99.84,13.2138,True,True,True,https://noaa-nws-rtofs-pds.s3.amazonaws.com/rtofs.20250623/rtofs_glo_3dz_f006_6hrly_hvr_US_east.nc
ARGO_GDAC,pfl,aoml/4903548/profiles/R4903548_150.nc|2025-06-28T06:14:24Z|26.25839|-91.37227,aoml/4903548/profiles/R4903548_150.nc,4903548,4903548,26.25839,-91.37227,2025-06-28T06:14:24Z,20250628,2025,1010,1.0,2009.24,25.8186,True,True,True,https://noaa-nws-rtofs-pds.s3.amazonaws.com/rtofs.20250628/rtofs_glo_3dz_f006_6hrly_hvr_US_east.nc
ARGO_GDAC,pfl,aoml/4903548/profiles/R4903548_150.nc|2025-06-28T06:14:24Z|26.25839|-91.37227,aoml/4903548/profiles/R4903548_150.nc,4903548,4903548,26.25839,-91.37227,2025-06-28T06:14:24Z,20250628,2025,840,0.56,99.92,25.6565,True,True,True,https://noaa-nws-rtofs-pds.s3.amazonaws.com/rtofs.20250628/rtofs_glo_3dz_f006_6hrly_hvr_US_east.nc
ARGO_GDAC,pfl,aoml/4903548/profiles/R4903548_151.nc|2025-07-03T06:49:12Z|26.10930|-91.35959,aoml/4903548/profiles/R4903548_151.nc,4903548,4903548,26.1093,-91.35959,2025-07-03T06:49:12Z,20250703,2025,1008,1.0,2006.0,29.1344,True,True,True,https://noaa-nws-rtofs-pds.s3.amazonaws.com/rtofs.20250703/rtofs_glo_3dz_f006_6hrly_hvr_US_east.nc
ARGO_GDAC,pfl,aoml/4903548/profiles/R4903548_151.nc|2025-07-03T06:49:12Z|26.10930|-91.35959,aoml/4903548/profiles/R4903548_151.nc,4903548,4903548,26.1093,-91.35959,2025-07-03T06:49:12Z,20250703,2025,832,0.56,99.92,30.3567,True,True,True,https://noaa-nws-rtofs-pds.s3.amazonaws.com/rtofs.20250703/rtofs_glo_3dz_f006_6hrly_hvr_US_east.nc
ARGO_GDAC,pfl,aoml/4903548/profiles/R4903548_152.nc|2025-07-08T07:30:14Z|26.13435|-91.18623,aoml/4903548/profiles/R4903548_152.nc,4903548,4903548,26.13435,-91.18623,2025-07-08T07:30:14Z,20250708,2025,1009,0.96,2007.2,16.7333,True,True,True,https://noaa-nws-rtofs-pds.s3.amazonaws.com/rtofs.20250708/rtofs_glo_3dz_f006_6hrly_hvr_US_east.nc
ARGO_GDAC,pfl,aoml/4903548/profiles/R4903548_152.nc|2025-07-08T07:30:14Z|26.13435|-91.18623,aoml/4903548/profiles/R4903548_152.nc,4903548,4903548,26.13435,-91.18623,2025-07-08T07:30:14Z,20250708,2025,794,0.52,99.96,16.62,True,True,True,https://noaa-nws-rtofs-pds.s3.amazonaws.com/rtofs.20250708/rtofs_glo_3dz_f006_6hrly_hvr_US_east.nc
ARGO_GDAC,pfl,aoml/4903548/profiles/R4903548_153.nc|2025-07-13T08:08:58Z|26.23897|-90.99661,aoml/4903548/profiles/R4903548_153.nc,4903548,4903548,26.23897,-90.99661,2025-07-13T08:08:58Z,20250713,2025,1014,0.44,2015.56,22.4347,True,True,True,https://noaa-nws-rtofs-pds.s3.amazonaws.com/rtofs.20250713/rtofs_glo_3dz_f006_6hrly_hvr_US_east.nc
ARGO_GDAC,pfl,aoml/4903548/profiles/R4903548_153.nc|2025-07-13T08:08:58Z|26.23897|-90.99661,aoml/4903548/profiles/R4903548_153.nc,4903548,4903548,26.23897,-90.99661,2025-07-13T08:08:58Z,20250713,2025,878,0.44,99.96,22.4986,True,True,True,https://noaa-nws-rtofs-pds.s3.amazonaws.com/rtofs.20250713/rtofs_glo_3dz_f006_6hrly_hvr_US_east.nc
ARGO_GDAC,pfl,aoml/4903548/profiles/R4903548_154.nc|2025-07-18T08:54:59Z|26.36537|-90.80296,aoml/4903548/profiles/R4903548_154.nc,4903548,4903548,26.36537,-90.80296,2025-07-18T08:54:59Z,20250718,2025,1014,0.48,2015.12,14.1918,True,True,True,https://noaa-nws-rtofs-pds.s3.amazonaws.com/rtofs.20250718/rtofs_glo_3dz_f006_6hrly_hvr_US_east.nc
ARGO_GDAC,pfl,aoml/4903548/profiles/R4903548_154.nc|2025-07-18T08:54:59Z|26.36537|-90.80296,aoml/4903548/profiles/R4903548_154.nc,4903548,4903548,26.36537,-90.80296,2025-07-18T08:54:59Z,20250718,2025,799,0.48,99.92,14.265,True,True,True,https://noaa-nws-rtofs-pds.s3.amazonaws.com/rtofs.20250718/rtofs_glo_3dz_f006_6hrly_hvr_US_east.nc
ARGO_GDAC,pfl,aoml/4903548/profiles/R4903548_155.nc|2025-07-23T09:31:05Z|26.37824|-90.39358,aoml/4903548/profiles/R4903548_155.nc,4903548,4903548,26.37824,-90.39358,2025-07-23T09:31:05Z,20250723,2025,1013,1.0,2015.64,16.8476,True,True,True,https://noaa-nws-rtofs-pds.s3.amazonaws.com/rtofs.20250723/rtofs_glo_3dz_f006_6hrly_hvr_US_east.nc
ARGO_GDAC,pfl,aoml/4903548/profiles/R4903548_155.nc|2025-07-23T09:31:05Z|26.37824|-90.39358,aoml/4903548/profiles/R4903548_155.nc,4903548,4903548,26.37824,-90.39358,2025-07-23T09:31:05Z,20250723,2025,787,0.6,99.84,17.0933,True,True,True,https://noaa-nws-rtofs-pds.s3.amazonaws.com/rtofs.20250723/rtofs_glo_3dz_f006_6hrly_hvr_US_east.nc
ARGO_GDAC,pfl,aoml/4903548/profiles/R4903548_156.nc|2025-07-28T10:12:37Z|26.25591|-90.66666,aoml/4903548/profiles/R4903548_156.nc,4903548,4903548,26.25591,-90.66666,2025-07-28T10:12:37Z,20250728,2025,1010,1.0,2009.16,18.2808,True,True,True,https://noaa-nws-rtofs-pds.s3.amazonaws.com/rtofs.20250728/rtofs_glo_3dz_f006_6hrly_hvr_US_east.nc
ARGO_GDAC,pfl,aoml/4903548/profiles/R4903548_156.nc|2025-07-28T10:12:37Z|26.25591|-90.66666,aoml/4903548/profiles/R4903548_156.nc,4903548,4903548,26.25591,-90.66666,2025-07-28T10:12:37Z,20250728,2025,791,0.52,100.0,18.92,True,True,True,https://noaa-nws-rtofs-pds.s3.amazonaws.com/rtofs.20250728/rtofs_glo_3dz_f006_6hrly_hvr_US_east.nc
ARGO_GDAC,pfl,aoml/4903548/profiles/R4903548_157.nc|2025-08-02T10:49:48Z|25.99294|-91.18151,aoml/4903548/profiles/R4903548_157.nc,4903548,4903548,25.99294,-91.18151,2025-08-02T10:49:48Z,20250802,2025,1008,1.0,2005.92,17.9113,True,True,True,https://noaa-nws-rtofs-pds.s3.amazonaws.com/rtofs.20250802/rtofs_glo_3dz_f006_6hrly_hvr_US_east.nc
ARGO_GDAC,pfl,aoml/4903548/profiles/R4903548_157.nc|2025-08-02T10:49:48Z|25.99294|-91.18151,aoml/4903548/profiles/R4903548_157.nc,4903548,4903548,25.99294,-91.18151,2025-08-02T10:49:48Z,20250802,2025,948,0.6,99.88,18.0262,True,True,True,https://noaa-nws-rtofs-pds.s3.amazonaws.com/rtofs.20250802/rtofs_glo_3dz_f006_6hrly_hvr_US_east.nc
ARGO_GDAC,pfl,aoml/4903548/profiles/R4903548_158.nc|2025-08-07T11:32:03Z|25.72679|-91.46921,aoml/4903548/profiles/R4903548_158.nc,4903548,4903548,25.72679,-91.46921,2025-08-07T11:32:03Z,20250807,2025,1008,1.04,2005.32,17.8157,True,True,True,https://noaa-nws-rtofs-pds.s3.amazonaws.com/rtofs.20250807/rtofs_glo_3dz_f006_6hrly_hvr_US_east.nc
ARGO_GDAC,pfl,aoml/4903548/profiles/R4903548_158.nc|2025-08-07T11:32:03Z|25.72679|-91.46921,aoml/4903548/profiles/R4903548_158.nc,4903548,4903548,25.72679,-91.46921,2025-08-07T11:32:03Z,20250807,2025,898,0.68,99.96,16.7436,True,True,True,https://noaa-nws-rtofs-pds.s3.amazonaws.com/rtofs.20250807/rtofs_glo_3dz_f006_6hrly_hvr_US_east.nc
ARGO_GDAC,pfl,aoml/4903548/profiles/R4903548_159.nc|2025-08-12T12:10:26Z|25.53978|-91.76737,aoml/4903548/profiles/R4903548_159.nc,4903548,4903548,25.53978,-91.76737,2025-08-12T12:10:26Z,20250812,2025,1008,1.04,2006.16,15.9336,True,True,True,https://noaa-nws-rtofs-pds.s3.amazonaws.com/rtofs.20250812/rtofs_glo_3dz_f006_6hrly_hvr_US_east.nc
ARGO_GDAC,pfl,aoml/4903548/profiles/R4903548_159.nc|2025-08-12T12:10:26Z|25.53978|-91.76737,aoml/4903548/profiles/R4903548_159.nc,4903548,4903548,25.53978,-91.76737,2025-08-12T12:10:26Z,20250812,2025,875,0.6,99.92,16.0473,True,True,True,https://noaa-nws-rtofs-pds.s3.amazonaws.com/rtofs.20250812/rtofs_glo_3dz_f006_6hrly_hvr_US_east.nc
ARGO_GDAC,pfl,aoml/4903548/profiles/R4903548_160.nc|2025-08-17T12:50:31Z|25.62964|-91.97777,aoml/4903548/profiles/R4903548_160.nc,4903548,4903548,25.62964,-91.97777,2025-08-17T12:50:31Z,20250817,2025,1008,1.08,2005.08,11.6307,True,True,True,https://noaa-nws-rtofs-pds.s3.amazonaws.com/rtofs.20250817/rtofs_glo_3dz_f006_6hrly_hvr_US_east.nc
ARGO_GDAC,pfl,aoml/4903548/profiles/R4903548_160.nc|2025-08-17T12:50:31Z|25.62964|-91.97777,aoml/4903548/profiles/R4903548_160.nc,4903548,4903548,25.62964,-91.97777,2025-08-17T12:50:31Z,20250817,2025,842,0.8,99.96,12.059,True,True,True,https://noaa-nws-rtofs-pds.s3.amazonaws.com/rtofs.20250817/rtofs_glo_3dz_f006_6hrly_hvr_US_east.nc
ARGO_GDAC,pfl,aoml/4903548/profiles/R4903548_161.nc|2025-08-22T13:35:09Z|25.69433|-91.98325,aoml/4903548/profiles/R4903548_161.nc,4903548,4903548,25.69433,-91.98325,2025-08-22T13:35:09Z,20250822,2025,1010,1.08,2010.0,23.3828,True,True,True,https://noaa-nws-rtofs-pds.s3.amazonaws.com/rtofs.20250822/rtofs_glo_3dz_f006_6hrly_hvr_US_east.nc
ARGO_GDAC,pfl,aoml/4903548/profiles/R4903548_161.nc|2025-08-22T13:35:09Z|25.69433|-91.98325,aoml/4903548/profiles/R4903548_161.nc,4903548,4903548,25.69433,-91.98325,2025-08-22T13:35:09Z,20250822,2025,997,0.68,99.88,23.6992,True,True,True,https://noaa-nws-rtofs-pds.s3.amazonaws.com/rtofs.20250822/rtofs_glo_3dz_f006_6hrly_hvr_US_east.nc
ARGO_GDAC,pfl,aoml/4903548/profiles/R4903548_162.nc|2025-08-27T14:09:02Z|25.58627|-92.03567,aoml/4903548/profiles/R4903548_162.nc,4903548,4903548,25.58627,-92.03567,2025-08-27T14:09:02Z,20250827,2025,1008,1.04,2005.44,24.3197,True,True,True,https://noaa-nws-rtofs-pds.s3.amazonaws.com/rtofs.20250827/rtofs_glo_3dz_f006_6hrly_hvr_US_east.nc
ARGO_GDAC,pfl,aoml/4903548/profiles/R4903548_162.nc|2025-08-27T14:09:02Z|25.58627|-92.03567,aoml/4903548/profiles/R4903548_162.nc,4903548,4903548,25.58627,-92.03567,2025-08-27T14:09:02Z,20250827,2025,894,0.6,99.84,24.2603,True,True,True,https://noaa-nws-rtofs-pds.s3.amazonaws.com/rtofs.20250827/rtofs_glo_3dz_f006_6hrly_hvr_US_east.nc
ARGO_GDAC,pfl,aoml/4903548/profiles/R4903548_163.nc|2025-09-01T14:53:48Z|25.69574|-92.15617,aoml/4903548/profiles/R4903548_163.nc,4903548,4903548,25.69574,-92.15617,2025-09-01T14:53:48Z,20250901,2025,1008,1.0,2005.12,21.0668,True,True,True,https://noaa-nws-rtofs-pds.s3.amazonaws.com/rtofs.20250901/rtofs_glo_3dz_f006_6hrly_hvr_US_east.nc
ARGO_GDAC,pfl,aoml/4903548/profiles/R4903548_163.nc|2025-09-01T14:53:48Z|25.69574|-92.15617,aoml/4903548/profiles/R4903548_163.nc,4903548,4903548,25.69574,-92.15617,2025-09-01T14:53:48Z,20250901,2025,852,0.6,99.96,20.9694,True,True,True,https://noaa-nws-rtofs-pds.s3.amazonaws.com/rtofs.20250901/rtofs_glo_3dz_f006_6hrly_hvr_US_east.nc
ARGO_GDAC,pfl,aoml/4903548/profiles/R4903548_164.nc|2025-09-06T15:32:13Z|25.76653|-92.77070,aoml/4903548/profiles/R4903548_164.nc,4903548,4903548,25.76653,-92.7707,2025-09-06T15:32:13Z,20250906,2025,1012,0.96,2014.08,20.3762,True,True,True,https://noaa-nws-rtofs-pds.s3.amazonaws.com/rtofs.20250906/rtofs_glo_3dz_f006_6hrly_hvr_US_east.nc
ARGO_GDAC,pfl,aoml/4903548/profiles/R4903548_164.nc|2025-09-06T15:32:13Z|25.76653|-92.77070,aoml/4903548/profiles/R4903548_164.nc,4903548,4903548,25.76653,-92.7707,2025-09-06T15:32:13Z,20250906,2025,871,0.52,100.0,20.576,True,True,True,https://noaa-nws-rtofs-pds.s3.amazonaws.com/rtofs.20250906/rtofs_glo_3dz_f006_6hrly_hvr_US_east.nc
ARGO_GDAC,pfl,aoml/4903548/profiles/R4903548_165.nc|2025-09-11T16:19:47Z|26.01877|-93.23527,aoml/4903548/profiles/R4903548_165.nc,4903548,4903548,26.01877,-93.23527,2025-09-11T16:19:47Z,20250911,2025,1012,1.04,2013.76,12.9982,True,True,True,https://noaa-nws-rtofs-pds.s3.amazonaws.com/rtofs.20250911/rtofs_glo_3dz_f006_6hrly_hvr_US_east.nc
ARGO_GDAC,pfl,aoml/4903548/profiles/R4903548_165.nc|2025-09-11T16:19:47Z|26.01877|-93.23527,aoml/4903548/profiles/R4903548_165.nc,4903548,4903548,26.01877,-93.23527,2025-09-11T16:19:47Z,20250911,2025,945,0.68,99.96,12.9067,True,True,True,https://noaa-nws-rtofs-pds.s3.amazonaws.com/rtofs.20250911/rtofs_glo_3dz_f006_6hrly_hvr_US_east.nc
ARGO_GDAC,pfl,aoml/4903548/profiles/R4903548_166.nc|2025-09-16T17:01:05Z|26.03019|-93.87384,aoml/4903548/profiles/R4903548_166.nc,4903548,4903548,26.03019,-93.87384,2025-09-16T17:01:05Z,20250916,2025,1012,1.04,2013.88,27.5796,True,True,True,https://noaa-nws-rtofs-pds.s3.amazonaws.com/rtofs.20250916/rtofs_glo_3dz_f006_6hrly_hvr_US_east.nc
ARGO_GDAC,pfl,aoml/4903548/profiles/R4903548_166.nc|2025-09-16T17:01:05Z|26.03019|-93.87384,aoml/4903548/profiles/R4903548_166.nc,4903548,4903548,26.03019,-93.87384,2025-09-16T17:01:05Z,20250916,2025,865,0.6,99.96,27.7744,True,True,True,https://noaa-nws-rtofs-pds.s3.amazonaws.com/rtofs.20250916/rtofs_glo_3dz_f006_6hrly_hvr_US_east.nc
ARGO_GDAC,pfl,aoml/4903548/profiles/R4903548_167.nc|2025-09-21T17:42:34Z|26.10220|-94.12006,aoml/4903548/profiles/R4903548_167.nc,4903548,4903548,26.1022,-94.12006,2025-09-21T17:42:34Z,20250921,2025,1013,1.0,2015.28,34.1153,True,True,True,https://noaa-nws-rtofs-pds.s3.amazonaws.com/rtofs.20250921/rtofs_glo_3dz_f006_6hrly_hvr_US_east.nc
ARGO_GDAC,pfl,aoml/4903548/profiles/R4903548_167.nc|2025-09-21T17:42:34Z|26.10220|-94.12006,aoml/4903548/profiles/R4903548_167.nc,4903548,4903548,26.1022,-94.12006,2025-09-21T17:42:34Z,20250921,2025,877,0.56,99.92,34.3667,True,True,True,https://noaa-nws-rtofs-pds.s3.amazonaws.com/rtofs.20250921/rtofs_glo_3dz_f006_6hrly_hvr_US_east.nc
ARGO_GDAC,pfl,aoml/4903548/profiles/R4903548_168.nc|2025-09-26T18:25:56Z|26.12896|-94.09657,aoml/4903548/profiles/R4903548_168.nc,4903548,4903548,26.12896,-94.09657,2025-09-26T18:25:56Z,20250926,2025,1012,1.0,2014.04,17.8919,True,True,True,https://noaa-nws-rtofs-pds.s3.amazonaws.com/rtofs.20250926/rtofs_glo_3dz_f006_6hrly_hvr_US_east.nc
ARGO_GDAC,pfl,aoml/4903548/profiles/R4903548_168.nc|2025-09-26T18:25:56Z|26.12896|-94.09657,aoml/4903548/profiles/R4903548_168.nc,4903548,4903548,26.12896,-94.09657,2025-09-26T18:25:56Z,20250926,2025,796,0.6,99.96,16.56,True,True,True,https://noaa-nws-rtofs-pds.s3.amazonaws.com/rtofs.20250926/rtofs_glo_3dz_f006_6hrly_hvr_US_east.nc
ARGO_GDAC,pfl,aoml/4903548/profiles/R4903548_169.nc|2025-10-01T19:13:01Z|26.16440|-94.06001,aoml/4903548/profiles/R4903548_169.nc,4903548,4903548,26.1644,-94.06001,2025-10-01T19:13:01Z,20251001,2025,1011,1.12,2011.72,15.8816,True,True,True,https://noaa-nws-rtofs-pds.s3.amazonaws.com/rtofs.20251001/rtofs_glo_3dz_f006_6hrly_hvr_US_east.nc
ARGO_GDAC,pfl,aoml/4903548/profiles/R4903548_169.nc|2025-10-01T19:13:01Z|26.16440|-94.06001,aoml/4903548/profiles/R4903548_169.nc,4903548,4903548,26.1644,-94.06001,2025-10-01T19:13:01Z,20251001,2025,779,0.72,99.92,15.9667,True,True,True,https://noaa-nws-rtofs-pds.s3.amazonaws.com/rtofs.20251001/rtofs_glo_3dz_f006_6hrly_hvr_US_east.nc
ARGO_GDAC,pfl,aoml/4903548/profiles/R4903548_170.nc|2025-10-06T19:56:44Z|26.21992|-94.21022,aoml/4903548/profiles/R4903548_170.nc,4903548,4903548,26.21992,-94.21022,2025-10-06T19:56:44Z,20251006,2025,1011,1.04,2011.48,24.6093,True,True,True,https://noaa-nws-rtofs-pds.s3.amazonaws.com/rtofs.20251006/rtofs_glo_3dz_f006_6hrly_hvr_US_east.nc
ARGO_GDAC,pfl,aoml/4903548/profiles/R4903548_170.nc|2025-10-06T19:56:44Z|26.21992|-94.21022,aoml/4903548/profiles/R4903548_170.nc,4903548,4903548,26.21992,-94.21022,2025-10-06T19:56:44Z,20251006,2025,877,0.72,100.0,25.1921,True,True,True,https://noaa-nws-rtofs-pds.s3.amazonaws.com/rtofs.20251006/rtofs_glo_3dz_f006_6hrly_hvr_US_east.nc
ARGO_GDAC,pfl,aoml/4903548/profiles/R4903548_171.nc|2025-10-11T20:48:29Z|26.32370|-94.40764,aoml/4903548/profiles/R4903548_171.nc,4903548,4903548,26.3237,-94.40764,2025-10-11T20:48:29Z,20251011,2025,1007,1.0,2003.92,38.7229,True,True,True,https://noaa-nws-rtofs-pds.s3.amazonaws.com/rtofs.20251011/rtofs_glo_3dz_f006_6hrly_hvr_US_east.nc
ARGO_GDAC,pfl,aoml/4903548/profiles/R4903548_171.nc|2025-10-11T20:48:29Z|26.32370|-94.40764,aoml/4903548/profiles/R4903548_171.nc,4903548,4903548,26.3237,-94.40764,2025-10-11T20:48:29Z,20251011,2025,848,0.52,99.92,39.01,True,True,True,https://noaa-nws-rtofs-pds.s3.amazonaws.com/rtofs.20251011/rtofs_glo_3dz_f006_6hrly_hvr_US_east.nc
ARGO_GDAC,pfl,aoml/4903548/profiles/R4903548_172.nc|2025-10-16T21:34:15Z|26.35637|-94.47414,aoml/4903548/profiles/R4903548_172.nc,4903548,4903548,26.35637,-94.47414,2025-10-16T21:34:15Z,20251016,2025,1013,1.0,2015.72,27.2297,True,True,True,https://noaa-nws-rtofs-pds.s3.amazonaws.com/rtofs.20251016/rtofs_glo_3dz_f006_6hrly_hvr_US_east.nc
ARGO_GDAC,pfl,aoml/4903548/profiles/R4903548_172.nc|2025-10-16T21:34:15Z|26.35637|-94.47414,aoml/4903548/profiles/R4903548_172.nc,4903548,4903548,26.35637,-94.47414,2025-10-16T21:34:15Z,20251016,2025,851,0.6,100.0,27.7227,True,True,True,https://noaa-nws-rtofs-pds.s3.amazonaws.com/rtofs.20251016/rtofs_glo_3dz_f006_6hrly_hvr_US_east.nc
ARGO_GDAC,pfl,aoml/4903548/profiles/R4903548_173.nc|2025-10-21T22:19:23Z|26.34819|-94.55973,aoml/4903548/profiles/R4903548_173.nc,4903548,4903548,26.34819,-94.55973,2025-10-21T22:19:23Z,20251021,2025,1012,1.0,2013.28,36.3763,True,True,True,https://noaa-nws-rtofs-pds.s3.amazonaws.com/rtofs.20251021/rtofs_glo_3dz_f006_6hrly_hvr_US_east.nc
ARGO_GDAC,pfl,aoml/4903548/profiles/R4903548_173.nc|2025-10-21T22:19:23Z|26.34819|-94.55973,aoml/4903548/profiles/R4903548_173.nc,4903548,4903548,26.34819,-94.55973,2025-10-21T22:19:23Z,20251021,2025,818,0.6,99.84,32.3133,True,True,True,https://noaa-nws-rtofs-pds.s3.amazonaws.com/rtofs.20251021/rtofs_glo_3dz_f006_6hrly_hvr_US_east.nc
ARGO_GDAC,pfl,aoml/4903548/profiles/R4903548_174.nc|2025-10-26T22:52:45Z|26.41423|-94.51622,aoml/4903548/profiles/R4903548_174.nc,4903548,4903548,26.41423,-94.51622,2025-10-26T22:52:45Z,20251026,2025,1008,1.0,2006.0,22.4289,True,True,True,https://noaa-nws-rtofs-pds.s3.amazonaws.com/rtofs.20251026/rtofs_glo_3dz_f006_6hrly_hvr_US_east.nc
ARGO_GDAC,pfl,aoml/4903548/profiles/R4903548_174.nc|2025-10-26T22:52:45Z|26.41423|-94.51622,aoml/4903548/profiles/R4903548_174.nc,4903548,4903548,26.41423,-94.51622,2025-10-26T22:52:45Z,20251026,2025,784,0.52,100.0,21.6538,True,True,True,https://noaa-nws-rtofs-pds.s3.amazonaws.com/rtofs.20251026/rtofs_glo_3dz_f006_6hrly_hvr_US_east.nc
ARGO_GDAC,pfl,aoml/4903548/profiles/R4903548_175.nc|2025-10-31T23:36:38Z|26.33793|-94.55889,aoml/4903548/profiles/R4903548_175.nc,4903548,4903548,26.33793,-94.55889,2025-10-31T23:36:38Z,20251031,2025,1012,1.0,2013.32,30.2962,True,True,True,https://noaa-nws-rtofs-pds.s3.amazonaws.com/rtofs.20251031/rtofs_glo_3dz_f006_6hrly_hvr_US_east.nc
ARGO_GDAC,pfl,aoml/4903548/profiles/R4903548_175.nc|2025-10-31T23:36:38Z|26.33793|-94.55889,aoml/4903548/profiles/R4903548_175.nc,4903548,4903548,26.33793,-94.55889,2025-10-31T23:36:38Z,20251031,2025,845,0.64,99.88,27.9866,True,True,True,https://noaa-nws-rtofs-pds.s3.amazonaws.com/rtofs.20251031/rtofs_glo_3dz_f006_6hrly_hvr_US_east.nc
ARGO_GDAC,pfl,aoml/4903548/profiles/R4903548_176.nc|2025-11-06T00:20:08Z|26.23886|-94.63004,aoml/4903548/profiles/R4903548_176.nc,4903548,4903548,26.23886,-94.63004,2025-11-06T00:20:08Z,20251106,2025,1012,0.92,2013.2,42.0106,True,True,True,https://noaa-nws-rtofs-pds.s3.amazonaws.com/rtofs.20251106/rtofs_glo_3dz_f006_6hrly_hvr_US_east.nc
ARGO_GDAC,pfl,aoml/4903548/profiles/R4903548_176.nc|2025-11-06T00:20:08Z|26.23886|-94.63004,aoml/4903548/profiles/R4903548_176.nc,4903548,4903548,26.23886,-94.63004,2025-11-06T00:20:08Z,20251106,2025,840,0.52,99.92,42.11,True,True,True,https://noaa-nws-rtofs-pds.s3.amazonaws.com/rtofs.20251106/rtofs_glo_3dz_f006_6hrly_hvr_US_east.nc
ARGO_GDAC,pfl,aoml/4903548/profiles/R4903548_177.nc|2025-11-11T01:05:05Z|26.18696|-94.71673,aoml/4903548/profiles/R4903548_177.nc,4903548,4903548,26.18696,-94.71673,2025-11-11T01:05:05Z,20251111,2025,1013,1.04,2015.04,49.5623,True,True,True,https://noaa-nws-rtofs-pds.s3.amazonaws.com/rtofs.20251111/rtofs_glo_3dz_f006_6hrly_hvr_US_east.nc
ARGO_GDAC,pfl,aoml/4903548/profiles/R4903548_177.nc|2025-11-11T01:05:05Z|26.18696|-94.71673,aoml/4903548/profiles/R4903548_177.nc,4903548,4903548,26.18696,-94.71673,2025-11-11T01:05:05Z,20251111,2025,832,0.6,99.92,49.656,True,True,True,https://noaa-nws-rtofs-pds.s3.amazonaws.com/rtofs.20251111/rtofs_glo_3dz_f006_6hrly_hvr_US_east.nc
ARGO_GDAC,pfl,aoml/4903548/profiles/R4903548_178.nc|2025-11-16T01:43:19Z|26.08107|-94.83360,aoml/4903548/profiles/R4903548_178.nc,4903548,4903548,26.08107,-94.8336,2025-11-16T01:43:19Z,20251116,2025,1011,0.44,2010.12,38.7629,True,True,True,https://noaa-nws-rtofs-pds.s3.amazonaws.com/rtofs.20251116/rtofs_glo_3dz_f006_6hrly_hvr_US_east.nc
ARGO_GDAC,pfl,aoml/4903548/profiles/R4903548_178.nc|2025-11-16T01:43:19Z|26.08107|-94.83360,aoml/4903548/profiles/R4903548_178.nc,4903548,4903548,26.08107,-94.8336,2025-11-16T01:43:19Z,20251116,2025,746,0.44,99.8,38.78,True,True,True,https://noaa-nws-rtofs-pds.s3.amazonaws.com/rtofs.20251116/rtofs_glo_3dz_f006_6hrly_hvr_US_east.nc
ARGO_GDAC,pfl,aoml/4903548/profiles/R4903548_179.nc|2025-11-21T02:25:58Z|25.93840|-95.06596,aoml/4903548/profiles/R4903548_179.nc,4903548,4903548,25.9384,-95.06596,2025-11-21T02:25:58Z,20251121,2025,1013,1.0,2015.08,15.1383,True,True,True,https://noaa-nws-rtofs-pds.s3.amazonaws.com/rtofs.20251121/rtofs_glo_3dz_f006_6hrly_hvr_US_east.nc
ARGO_GDAC,pfl,aoml/4903548/profiles/R4903548_179.nc|2025-11-21T02:25:58Z|25.93840|-95.06596,aoml/4903548/profiles/R4903548_179.nc,4903548,4903548,25.9384,-95.06596,2025-11-21T02:25:58Z,20251121,2025,867,0.64,99.92,14.558,True,True,True,https://noaa-nws-rtofs-pds.s3.amazonaws.com/rtofs.20251121/rtofs_glo_3dz_f006_6hrly_hvr_US_east.nc
ARGO_GDAC,pfl,aoml/4903548/profiles/R4903548_180.nc|2025-11-26T03:03:05Z|25.66492|-95.19044,aoml/4903548/profiles/R4903548_180.nc,4903548,4903548,25.66492,-95.19044,2025-11-26T03:03:05Z,20251126,2025,1013,0.44,2013.8,68.4066,True,True,True,https://noaa-nws-rtofs-pds.s3.amazonaws.com/rtofs.20251126/rtofs_glo_3dz_f006_6hrly_hvr_US_east.nc
ARGO_GDAC,pfl,aoml/4903548/profiles/R4903548_180.nc|2025-11-26T03:03:05Z|25.66492|-95.19044,aoml/4903548/profiles/R4903548_180.nc,4903548,4903548,25.66492,-95.19044,2025-11-26T03:03:05Z,20251126,2025,724,0.44,99.88,69.44,True,True,True,https://noaa-nws-rtofs-pds.s3.amazonaws.com/rtofs.20251126/rtofs_glo_3dz_f006_6hrly_hvr_US_east.nc
ARGO_GDAC,pfl,aoml/4903548/profiles/R4903548_181.nc|2025-12-01T03:38:53Z|25.76578|-94.96076,aoml/4903548/profiles/R4903548_181.nc,4903548,4903548,25.76578,-94.96076,2025-12-01T03:38:53Z,20251201,2025,1009,1.04,2008.08,76.008,True,True,True,https://noaa-nws-rtofs-pds.s3.amazonaws.com/rtofs.20251201/rtofs_glo_3dz_f006_6hrly_hvr_US_east.nc
ARGO_GDAC,pfl,aoml/4903548/profiles/R4903548_181.nc|2025-12-01T03:38:53Z|25.76578|-94.96076,aoml/4903548/profiles/R4903548_181.nc,4903548,4903548,25.76578,-94.96076,2025-12-01T03:38:53Z,20251201,2025,817,0.76,99.96,76.3082,True,True,True,https://noaa-nws-rtofs-pds.s3.amazonaws.com/rtofs.20251201/rtofs_glo_3dz_f006_6hrly_hvr_US_east.nc
ARGO_GDAC,pfl,aoml/4903548/profiles/R4903548_182.nc|2025-12-06T04:24:11Z|25.70856|-95.14867,aoml/4903548/profiles/R4903548_182.nc,4903548,4903548,25.70856,-95.14867,2025-12-06T04:24:11Z,20251206,2025,1012,0.96,2014.04,44.4723,True,True,True,https://noaa-nws-rtofs-pds.s3.amazonaws.com/rtofs.20251206/rtofs_glo_3dz_f006_6hrly_hvr_US_east.nc
ARGO_GDAC,pfl,aoml/4903548/profiles/R4903548_182.nc|2025-12-06T04:24:11Z|25.70856|-95.14867,aoml/4903548/profiles/R4903548_182.nc,4903548,4903548,25.70856,-95.14867,2025-12-06T04:24:11Z,20251206,2025,781,0.52,99.84,45.8323,True,True,True,https://noaa-nws-rtofs-pds.s3.amazonaws.com/rtofs.20251206/rtofs_glo_3dz_f006_6hrly_hvr_US_east.nc
ARGO_GDAC,pfl,aoml/4903548/profiles/R4903548_183.nc|2025-12-11T05:09:01Z|25.37529|-95.24680,aoml/4903548/profiles/R4903548_183.nc,4903548,4903548,25.37529,-95.2468,2025-12-11T05:09:01Z,20251211,2025,1010,0.96,2009.28,45.7673,True,True,True,https://noaa-nws-rtofs-pds.s3.amazonaws.com/rtofs.20251211/rtofs_glo_3dz_f006_6hrly_hvr_US_east.nc
ARGO_GDAC,pfl,aoml/4903548/profiles/R4903548_183.nc|2025-12-11T05:09:01Z|25.37529|-95.24680,aoml/4903548/profiles/R4903548_183.nc,4903548,4903548,25.37529,-95.2468,2025-12-11T05:09:01Z,20251211,2025,836,0.52,99.96,44.8776,True,True,True,https://noaa-nws-rtofs-pds.s3.amazonaws.com/rtofs.20251211/rtofs_glo_3dz_f006_6hrly_hvr_US_east.nc
ARGO_GDAC,pfl,aoml/4903548/profiles/R4903548_184.nc|2025-12-16T05:47:50Z|25.25344|-95.38967,aoml/4903548/profiles/R4903548_184.nc,4903548,4903548,25.25344,-95.38967,2025-12-16T05:47:50Z,20251216,2025,1011,1.04,2011.32,46.3301,True,True,True,https://noaa-nws-rtofs-pds.s3.amazonaws.com/rtofs.20251216/rtofs_glo_3dz_f006_6hrly_hvr_US_east.nc
ARGO_GDAC,pfl,aoml/4903548/profiles/R4903548_184.nc|2025-12-16T05:47:50Z|25.25344|-95.38967,aoml/4903548/profiles/R4903548_184.nc,4903548,4903548,25.25344,-95.38967,2025-12-16T05:47:50Z,20251216,2025,880,0.64,99.96,46.7008,True,True,True,https://noaa-nws-rtofs-pds.s3.amazonaws.com/rtofs.20251216/rtofs_glo_3dz_f006_6hrly_hvr_US_east.nc
ARGO_GDAC,pfl,aoml/4903548/profiles/R4903548_185.nc|2025-12-21T06:35:17Z|25.19021|-95.48373,aoml/4903548/profiles/R4903548_185.nc,4903548,4903548,25.19021,-95.48373,2025-12-21T06:35:17Z,20251221,2025,1011,0.44,2009.92,36.8001,True,True,True,https://noaa-nws-rtofs-pds.s3.amazonaws.com/rtofs.20251221/rtofs_glo_3dz_f006_6hrly_hvr_US_east.nc
ARGO_GDAC,pfl,aoml/4903548/profiles/R4903548_185.nc|2025-12-21T06:35:17Z|25.19021|-95.48373,aoml/4903548/profiles/R4903548_185.nc,4903548,4903548,25.19021,-95.48373,2025-12-21T06:35:17Z,20251221,2025,821,0.44,99.96,36.7173,True,True,True,https://noaa-nws-rtofs-pds.s3.amazonaws.com/rtofs.20251221/rtofs_glo_3dz_f006_6hrly_hvr_US_east.nc
ARGO_GDAC,pfl,aoml/4903548/profiles/R4903548_186.nc|2025-12-26T07:15:12Z|25.22098|-95.46204,aoml/4903548/profiles/R4903548_186.nc,4903548,4903548,25.22098,-95.46204,2025-12-26T07:15:12Z,20251226,2025,1008,1.0,2005.28,13.1211,True,True,True,https://noaa-nws-rtofs-pds.s3.amazonaws.com/rtofs.20251226/rtofs_glo_3dz_f006_6hrly_hvr_US_east.nc
ARGO_GDAC,pfl,aoml/4903548/profiles/R4903548_186.nc|2025-12-26T07:15:12Z|25.22098|-95.46204,aoml/4903548/profiles/R4903548_186.nc,4903548,4903548,25.22098,-95.46204,2025-12-26T07:15:12Z,20251226,2025,744,0.52,99.88,13.4855,True,True,True,https://noaa-nws-rtofs-pds.s3.amazonaws.com/rtofs.20251226/rtofs_glo_3dz_f006_6hrly_hvr_US_east.nc
ARGO_GDAC,pfl,aoml/4903548/profiles/R4903548_187.nc|2025-12-31T07:58:54Z|25.33828|-95.36625,aoml/4903548/profiles/R4903548_187.nc,4903548,4903548,25.33828,-95.36625,2025-12-31T07:58:54Z,20251231,2025,1013,1.16,2015.84,46.4562,True,True,True,https://noaa-nws-rtofs-pds.s3.amazonaws.com/rtofs.20251231/rtofs_glo_3dz_f006_6hrly_hvr_US_east.nc
ARGO_GDAC,pfl,aoml/4903548/profiles/R4903548_187.nc|2025-12-31T07:58:54Z|25.33828|-95.36625,aoml/4903548/profiles/R4903548_187.nc,4903548,4903548,25.33828,-95.36625,2025-12-31T07:58:54Z,20251231,2025,747,1.04,99.8,43.6233,True,True,True,https://noaa-nws-rtofs-pds.s3.amazonaws.com/rtofs.20251231/rtofs_glo_3dz_f006_6hrly_hvr_US_east.nc
ARGO_GDAC,pfl,aoml/4903549/profiles/D4903549_042.nc|2024-01-01T23:49:03Z|25.02759|-86.57315,aoml/4903549/profiles/D4903549_042.nc,4903549,4903549,25.02759,-86.57315,2024-01-01T23:49:03Z,20240101,2024,903,0.48,1793.44,121.9281,True,False,False,
ARGO_GDAC,pfl,aoml/4903549/profiles/D4903549_042.nc|2024-01-01T23:49:03Z|25.02759|-86.57315,aoml/4903549/profiles/D4903549_042.nc,4903549,4903549,25.02759,-86.57315,2024-01-01T23:49:03Z,20240101,2024,647,0.48,99.92,,False,False,False,
ARGO_GDAC,pfl,aoml/4903549/profiles/D4903549_043.nc|2024-01-07T00:43:33Z|24.96742|-87.06862,aoml/4903549/profiles/D4903549_043.nc,4903549,4903549,24.96742,-87.06862,2024-01-07T00:43:33Z,20240107,2024,897,1.08,1783.48,130.7511,True,False,False,
ARGO_GDAC,pfl,aoml/4903549/profiles/D4903549_043.nc|2024-01-07T00:43:33Z|24.96742|-87.06862,aoml/4903549/profiles/D4903549_043.nc,4903549,4903549,24.96742,-87.06862,2024-01-07T00:43:33Z,20240107,2024,672,0.6,99.96,,False,False,False,
ARGO_GDAC,pfl,aoml/4903549/profiles/D4903549_044.nc|2024-01-12T01:39:48Z|25.18286|-87.22018,aoml/4903549/profiles/D4903549_044.nc,4903549,4903549,25.18286,-87.22018,2024-01-12T01:39:48Z,20240112,2024,904,1.04,1797.56,122.2381,True,False,False,
ARGO_GDAC,pfl,aoml/4903549/profiles/D4903549_044.nc|2024-01-12T01:39:48Z|25.18286|-87.22018,aoml/4903549/profiles/D4903549_044.nc,4903549,4903549,25.18286,-87.22018,2024-01-12T01:39:48Z,20240112,2024,612,0.64,99.96,,False,False,False,
ARGO_GDAC,pfl,aoml/4903549/profiles/D4903549_045.nc|2024-01-17T02:41:37Z|25.34858|-87.46277,aoml/4903549/profiles/D4903549_045.nc,4903549,4903549,25.34858,-87.46277,2024-01-17T02:41:37Z,20240117,2024,893,1.08,1775.4,87.5713,True,True,False,
ARGO_GDAC,pfl,aoml/4903549/profiles/D4903549_045.nc|2024-01-17T02:41:37Z|25.34858|-87.46277,aoml/4903549/profiles/D4903549_045.nc,4903549,4903549,25.34858,-87.46277,2024-01-17T02:41:37Z,20240117,2024,835,0.64,99.84,87.94,True,True,False,
ARGO_GDAC,pfl,aoml/4903549/profiles/D4903549_046.nc|2024-01-22T03:39:37Z|25.48932|-87.88680,aoml/4903549/profiles/D4903549_046.nc,4903549,4903549,25.48932,-87.8868,2024-01-22T03:39:37Z,20240122,2024,891,1.08,1771.4,83.456,True,True,False,
ARGO_GDAC,pfl,aoml/4903549/profiles/D4903549_046.nc|2024-01-22T03:39:37Z|25.48932|-87.88680,aoml/4903549/profiles/D4903549_046.nc,4903549,4903549,25.48932,-87.8868,2024-01-22T03:39:37Z,20240122,2024,712,0.68,99.96,83.24,True,True,False,
ARGO_GDAC,pfl,aoml/4903549/profiles/D4903549_047.nc|2024-01-27T04:36:53Z|25.67004|-88.40504,aoml/4903549/profiles/D4903549_047.nc,4903549,4903549,25.67004,-88.40504,2024-01-27T04:36:53Z,20240127,2024,899,1.04,1787.44,16.5115,True,True,True,https://noaa-nws-rtofs-pds.s3.amazonaws.com/rtofs.20240127/rtofs_glo_3dz_f006_6hrly_hvr_US_east.nc
ARGO_GDAC,pfl,aoml/4903549/profiles/D4903549_047.nc|2024-01-27T04:36:53Z|25.67004|-88.40504,aoml/4903549/profiles/D4903549_047.nc,4903549,4903549,25.67004,-88.40504,2024-01-27T04:36:53Z,20240127,2024,781,0.68,99.84,16.4482,True,True,True,https://noaa-nws-rtofs-pds.s3.amazonaws.com/rtofs.20240127/rtofs_glo_3dz_f006_6hrly_hvr_US_east.nc
ARGO_GDAC,pfl,aoml/4903549/profiles/D4903549_048.nc|2024-02-01T05:34:13Z|25.81251|-88.56770,aoml/4903549/profiles/D4903549_048.nc,4903549,4903549,25.81251,-88.5677,2024-02-01T05:34:13Z,20240201,2024,908,1.0,1805.76,12.3421,True,True,True,https://noaa-nws-rtofs-pds.s3.amazonaws.com/rtofs.20240201/rtofs_glo_3dz_f006_6hrly_hvr_US_east.nc
ARGO_GDAC,pfl,aoml/4903549/profiles/D4903549_048.nc|2024-02-01T05:34:13Z|25.81251|-88.56770,aoml/4903549/profiles/D4903549_048.nc,4903549,4903549,25.81251,-88.5677,2024-02-01T05:34:13Z,20240201,2024,884,0.56,100.0,12.3483,True,True,True,https://noaa-nws-rtofs-pds.s3.amazonaws.com/rtofs.20240201/rtofs_glo_3dz_f006_6hrly_hvr_US_east.nc
ARGO_GDAC,pfl,aoml/4903549/profiles/D4903549_049.nc|2024-02-06T06:49:04Z|25.78002|-88.45929,aoml/4903549/profiles/D4903549_049.nc,4903549,4903549,25.78002,-88.45929,2024-02-06T06:49:04Z,20240206,2024,927,1.0,1843.52,20.7326,True,True,True,https://noaa-nws-rtofs-pds.s3.amazonaws.com/rtofs.20240206/rtofs_glo_3dz_f006_6hrly_hvr_US_east.nc
ARGO_GDAC,pfl,aoml/4903549/profiles/D4903549_049.nc|2024-02-06T06:49:04Z|25.78002|-88.45929,aoml/4903549/profiles/D4903549_049.nc,4903549,4903549,25.78002,-88.45929,2024-02-06T06:49:04Z,20240206,2024,819,0.56,99.96,21.0232,True,True,True,https://noaa-nws-rtofs-pds.s3.amazonaws.com/rtofs.20240206/rtofs_glo_3dz_f006_6hrly_hvr_US_east.nc
ARGO_GDAC,pfl,aoml/4903549/profiles/D4903549_050.nc|2024-02-11T07:41:38Z|25.66528|-88.55310,aoml/4903549/profiles/D4903549_050.nc,4903549,4903549,25.66528,-88.5531,2024-02-11T07:41:38Z,20240211,2024,892,1.04,1773.48,13.6447,True,True,True,https://noaa-nws-rtofs-pds.s3.amazonaws.com/rtofs.20240211/rtofs_glo_3dz_f006_6hrly_hvr_US_east.nc
ARGO_GDAC,pfl,aoml/4903549/profiles/D4903549_050.nc|2024-02-11T07:41:38Z|25.66528|-88.55310,aoml/4903549/profiles/D4903549_050.nc,4903549,4903549,25.66528,-88.5531,2024-02-11T07:41:38Z,20240211,2024,879,0.56,99.96,14.0157,True,True,True,https://noaa-nws-rtofs-pds.s3.amazonaws.com/rtofs.20240211/rtofs_glo_3dz_f006_6hrly_hvr_US_east.nc
ARGO_GDAC,pfl,aoml/4903549/profiles/D4903549_051.nc|2024-02-16T08:41:20Z|25.72119|-88.66325,aoml/4903549/profiles/D4903549_051.nc,4903549,4903549,25.72119,-88.66325,2024-02-16T08:41:20Z,20240216,2024,909,0.96,1807.56,38.496,True,True,True,https://noaa-nws-rtofs-pds.s3.amazonaws.com/rtofs.20240216/rtofs_glo_3dz_f006_6hrly_hvr_US_east.nc
ARGO_GDAC,pfl,aoml/4903549/profiles/D4903549_051.nc|2024-02-16T08:41:20Z|25.72119|-88.66325,aoml/4903549/profiles/D4903549_051.nc,4903549,4903549,25.72119,-88.66325,2024-02-16T08:41:20Z,20240216,2024,831,0.56,100.0,38.2427,True,True,True,https://noaa-nws-rtofs-pds.s3.amazonaws.com/rtofs.20240216/rtofs_glo_3dz_f006_6hrly_hvr_US_east.nc
ARGO_GDAC,pfl,aoml/4903549/profiles/D4903549_052.nc|2024-02-21T09:37:14Z|25.81623|-89.05185,aoml/4903549/profiles/D4903549_052.nc,4903549,4903549,25.81623,-89.05185,2024-02-21T09:37:14Z,20240221,2024,896,0.96,1781.44,47.0417,True,True,True,https://noaa-nws-rtofs-pds.s3.amazonaws.com/rtofs.20240221/rtofs_glo_3dz_f006_6hrly_hvr_US_east.nc
ARGO_GDAC,pfl,aoml/4903549/profiles/D4903549_052.nc|2024-02-21T09:37:14Z|25.81623|-89.05185,aoml/4903549/profiles/D4903549_052.nc,4903549,4903549,25.81623,-89.05185,2024-02-21T09:37:14Z,20240221,2024,846,0.52,99.88,46.64,True,True,True,https://noaa-nws-rtofs-pds.s3.amazonaws.com/rtofs.20240221/rtofs_glo_3dz_f006_6hrly_hvr_US_east.nc
ARGO_GDAC,pfl,aoml/4903549/profiles/D4903549_053.nc|2024-02-26T10:35:03Z|25.92665|-89.12326,aoml/4903549/profiles/D4903549_053.nc,4903549,4903549,25.92665,-89.12326,2024-02-26T10:35:03Z,20240226,2024,893,0.96,1775.84,18.2882,True,True,True,https://noaa-nws-rtofs-pds.s3.amazonaws.com/rtofs.20240226/rtofs_glo_3dz_f006_6hrly_hvr_US_east.nc
ARGO_GDAC,pfl,aoml/4903549/profiles/D4903549_053.nc|2024-02-26T10:35:03Z|25.92665|-89.12326,aoml/4903549/profiles/D4903549_053.nc,4903549,4903549,25.92665,-89.12326,2024-02-26T10:35:03Z,20240226,2024,804,0.52,100.0,18.2611,True,True,True,https://noaa-nws-rtofs-pds.s3.amazonaws.com/rtofs.20240226/rtofs_glo_3dz_f006_6hrly_hvr_US_east.nc
ARGO_GDAC,pfl,aoml/4903549/profiles/D4903549_054.nc|2024-03-02T11:30:09Z|25.82746|-89.05359,aoml/4903549/profiles/D4903549_054.nc,4903549,4903549,25.82746,-89.05359,2024-03-02T11:30:09Z,20240302,2024,889,0.96,1767.6,54.4206,True,True,True,https://noaa-nws-rtofs-pds.s3.amazonaws.com/rtofs.20240302/rtofs_glo_3dz_f006_6hrly_hvr_US_east.nc
ARGO_GDAC,pfl,aoml/4903549/profiles/D4903549_054.nc|2024-03-02T11:30:09Z|25.82746|-89.05359,aoml/4903549/profiles/D4903549_054.nc,4903549,4903549,25.82746,-89.05359,2024-03-02T11:30:09Z,20240302,2024,814,0.56,99.88,54.0068,True,True,True,https://noaa-nws-rtofs-pds.s3.amazonaws.com/rtofs.20240302/rtofs_glo_3dz_f006_6hrly_hvr_US_east.nc
ARGO_GDAC,pfl,aoml/4903549/profiles/D4903549_055.nc|2024-03-07T12:26:10Z|25.37075|-88.96235,aoml/4903549/profiles/D4903549_055.nc,4903549,4903549,25.37075,-88.96235,2024-03-07T12:26:10Z,20240307,2024,901,1.0,1791.52,51.2633,True,True,True,https://noaa-nws-rtofs-pds.s3.amazonaws.com/rtofs.20240307/rtofs_glo_3dz_f006_6hrly_hvr_US_east.nc
ARGO_GDAC,pfl,aoml/4903549/profiles/D4903549_055.nc|2024-03-07T12:26:10Z|25.37075|-88.96235,aoml/4903549/profiles/D4903549_055.nc,4903549,4903549,25.37075,-88.96235,2024-03-07T12:26:10Z,20240307,2024,924,0.56,99.92,51.44,True,True,True,https://noaa-nws-rtofs-pds.s3.amazonaws.com/rtofs.20240307/rtofs_glo_3dz_f006_6hrly_hvr_US_east.nc
ARGO_GDAC,pfl,aoml/4903549/profiles/D4903549_056.nc|2024-03-12T13:23:54Z|25.24375|-88.72913,aoml/4903549/profiles/D4903549_056.nc,4903549,4903549,25.24375,-88.72913,2024-03-12T13:23:54Z,20240312,2024,894,0.48,1775.76,30.1688,True,True,True,https://noaa-nws-rtofs-pds.s3.amazonaws.com/rtofs.20240312/rtofs_glo_3dz_f006_6hrly_hvr_US_east.nc
ARGO_GDAC,pfl,aoml/4903549/profiles/D4903549_056.nc|2024-03-12T13:23:54Z|25.24375|-88.72913,aoml/4903549/profiles/D4903549_056.nc,4903549,4903549,25.24375,-88.72913,2024-03-12T13:23:54Z,20240312,2024,840,0.48,100.0,30.5295,True,True,True,https://noaa-nws-rtofs-pds.s3.amazonaws.com/rtofs.20240312/rtofs_glo_3dz_f006_6hrly_hvr_US_east.nc
ARGO_GDAC,pfl,aoml/4903549/profiles/D4903549_057.nc|2024-03-17T14:21:53Z|25.63344|-88.91545,aoml/4903549/profiles/D4903549_057.nc,4903549,4903549,25.63344,-88.91545,2024-03-17T14:21:53Z,20240317,2024,904,0.4,1795.32,65.8732,True,True,True,https://noaa-nws-rtofs-pds.s3.amazonaws.com/rtofs.20240317/rtofs_glo_3dz_f006_6hrly_hvr_US_east.nc
ARGO_GDAC,pfl,aoml/4903549/profiles/D4903549_057.nc|2024-03-17T14:21:53Z|25.63344|-88.91545,aoml/4903549/profiles/D4903549_057.nc,4903549,4903549,25.63344,-88.91545,2024-03-17T14:21:53Z,20240317,2024,750,0.4,99.96,65.6,True,True,True,https://noaa-nws-rtofs-pds.s3.amazonaws.com/rtofs.20240317/rtofs_glo_3dz_f006_6hrly_hvr_US_east.nc
ARGO_GDAC,pfl,aoml/4903549/profiles/D4903549_058.nc|2024-03-22T15:16:38Z|25.94506|-89.71392,aoml/4903549/profiles/D4903549_058.nc,4903549,4903549,25.94506,-89.71392,2024-03-22T15:16:38Z,20240322,2024,905,0.92,1800.24,39.7797,True,True,True,https://noaa-nws-rtofs-pds.s3.amazonaws.com/rtofs.20240322/rtofs_glo_3dz_f006_6hrly_hvr_US_east.nc
ARGO_GDAC,pfl,aoml/4903549/profiles/D4903549_058.nc|2024-03-22T15:16:38Z|25.94506|-89.71392,aoml/4903549/profiles/D4903549_058.nc,4903549,4903549,25.94506,-89.71392,2024-03-22T15:16:38Z,20240322,2024,851,0.52,99.92,39.64,True,True,True,https://noaa-nws-rtofs-pds.s3.amazonaws.com/rtofs.20240322/rtofs_glo_3dz_f006_6hrly_hvr_US_east.nc
ARGO_GDAC,pfl,aoml/4903549/profiles/D4903549_059.nc|2024-03-27T16:13:58Z|26.24923|-90.25896,aoml/4903549/profiles/D4903549_059.nc,4903549,4903549,26.24923,-90.25896,2024-03-27T16:13:58Z,20240327,2024,911,0.96,1811.28,36.3002,True,True,True,https://noaa-nws-rtofs-pds.s3.amazonaws.com/rtofs.20240327/rtofs_glo_3dz_f006_6hrly_hvr_US_east.nc
ARGO_GDAC,pfl,aoml/4903549/profiles/D4903549_059.nc|2024-03-27T16:13:58Z|26.24923|-90.25896,aoml/4903549/profiles/D4903549_059.nc,4903549,4903549,26.24923,-90.25896,2024-03-27T16:13:58Z,20240327,2024,828,0.56,99.96,36.5387,True,True,True,https://noaa-nws-rtofs-pds.s3.amazonaws.com/rtofs.20240327/rtofs_glo_3dz_f006_6hrly_hvr_US_east.nc
ARGO_GDAC,pfl,aoml/4903549/profiles/D4903549_060.nc|2024-04-01T17:06:38Z|26.39244|-90.57810,aoml/4903549/profiles/D4903549_060.nc,4903549,4903549,26.39244,-90.5781,2024-04-01T17:06:38Z,20240401,2024,904,0.44,1795.44,48.2432,True,True,True,https://noaa-nws-rtofs-pds.s3.amazonaws.com/rtofs.20240401/rtofs_glo_3dz_f006_6hrly_hvr_US_east.nc
ARGO_GDAC,pfl,aoml/4903549/profiles/D4903549_060.nc|2024-04-01T17:06:38Z|26.39244|-90.57810,aoml/4903549/profiles/D4903549_060.nc,4903549,4903549,26.39244,-90.5781,2024-04-01T17:06:38Z,20240401,2024,821,0.44,99.88,48.554,True,True,True,https://noaa-nws-rtofs-pds.s3.amazonaws.com/rtofs.20240401/rtofs_glo_3dz_f006_6hrly_hvr_US_east.nc
ARGO_GDAC,pfl,aoml/4903549/profiles/D4903549_061.nc|2024-04-06T18:10:46Z|26.37578|-90.07616,aoml/4903549/profiles/D4903549_061.nc,4903549,4903549,26.37578,-90.07616,2024-04-06T18:10:46Z,20240406,2024,926,0.44,1839.44,27.22,True,True,True,https://noaa-nws-rtofs-pds.s3.amazonaws.com/rtofs.20240406/rtofs_glo_3dz_f006_6hrly_hvr_US_east.nc
ARGO_GDAC,pfl,aoml/4903549/profiles/D4903549_061.nc|2024-04-06T18:10:46Z|26.37578|-90.07616,aoml/4903549/profiles/D4903549_061.nc,4903549,4903549,26.37578,-90.07616,2024-04-06T18:10:46Z,20240406,2024,772,0.44,99.96,27.93,True,True,True,https://noaa-nws-rtofs-pds.s3.amazonaws.com/rtofs.20240406/rtofs_glo_3dz_f006_6hrly_hvr_US_east.nc
ARGO_GDAC,pfl,aoml/4903549/profiles/D4903549_062.nc|2024-04-11T19:02:28Z|26.28753|-89.85122,aoml/4903549/profiles/D4903549_062.nc,4903549,4903549,26.28753,-89.85122,2024-04-11T19:02:28Z,20240411,2024,893,1.08,1775.0,128.1042,True,False,True,https://noaa-nws-rtofs-pds.s3.amazonaws.com/rtofs.20240411/rtofs_glo_3dz_f006_6hrly_hvr_US_east.nc
ARGO_GDAC,pfl,aoml/4903549/profiles/D4903549_062.nc|2024-04-11T19:02:28Z|26.28753|-89.85122,aoml/4903549/profiles/D4903549_062.nc,4903549,4903549,26.28753,-89.85122,2024-04-11T19:02:28Z,20240411,2024,660,0.8,99.96,,False,False,True,https://noaa-nws-rtofs-pds.s3.amazonaws.com/rtofs.20240411/rtofs_glo_3dz_f006_6hrly_hvr_US_east.nc
ARGO_GDAC,pfl,aoml/4903549/profiles/D4903549_063.nc|2024-04-16T20:04:46Z|26.34568|-90.19510,aoml/4903549/profiles/D4903549_063.nc,4903549,4903549,26.34568,-90.1951,2024-04-16T20:04:46Z,20240416,2024,896,0.44,1779.72,132.0608,True,False,True,https://noaa-nws-rtofs-pds.s3.amazonaws.com/rtofs.20240416/rtofs_glo_3dz_f006_6hrly_hvr_US_east.nc
ARGO_GDAC,pfl,aoml/4903549/profiles/D4903549_063.nc|2024-04-16T20:04:46Z|26.34568|-90.19510,aoml/4903549/profiles/D4903549_063.nc,4903549,4903549,26.34568,-90.1951,2024-04-16T20:04:46Z,20240416,2024,642,0.44,99.84,,False,False,True,https://noaa-nws-rtofs-pds.s3.amazonaws.com/rtofs.20240416/rtofs_glo_3dz_f006_6hrly_hvr_US_east.nc
ARGO_GDAC,pfl,aoml/4903549/profiles/D4903549_064.nc|2024-04-21T20:53:23Z|26.53910|-90.59183,aoml/4903549/profiles/D4903549_064.nc,4903549,4903549,26.5391,-90.59183,2024-04-21T20:53:23Z,20240421,2024,882,0.92,1753.0,32.4128,True,True,True,https://noaa-nws-rtofs-pds.s3.amazonaws.com/rtofs.20240421/rtofs_glo_3dz_f006_6hrly_hvr_US_east.nc
ARGO_GDAC,pfl,aoml/4903549/profiles/D4903549_064.nc|2024-04-21T20:53:23Z|26.53910|-90.59183,aoml/4903549/profiles/D4903549_064.nc,4903549,4903549,26.5391,-90.59183,2024-04-21T20:53:23Z,20240421,2024,616,0.56,99.84,31.9601,True,True,True,https://noaa-nws-rtofs-pds.s3.amazonaws.com/rtofs.20240421/rtofs_glo_3dz_f006_6hrly_hvr_US_east.nc
ARGO_GDAC,pfl,aoml/4903549/profiles/D4903549_065.nc|2024-04-26T21:40:14Z|26.80674|-90.00780,aoml/4903549/profiles/D4903549_065.nc,4903549,4903549,26.80674,-90.0078,2024-04-26T21:40:14Z,20240426,2024,897,1.04,1783.64,116.1632,True,False,True,https://noaa-nws-rtofs-pds.s3.amazonaws.com/rtofs.20240426/rtofs_glo_3dz_f006_6hrly_hvr_US_east.nc
ARGO_GDAC,pfl,aoml/4903549/profiles/D4903549_065.nc|2024-04-26T21:40:14Z|26.80674|-90.00780,aoml/4903549/profiles/D4903549_065.nc,4903549,4903549,26.80674,-90.0078,2024-04-26T21:40:14Z,20240426,2024,630,0.68,99.88,,False,False,True,https://noaa-nws-rtofs-pds.s3.amazonaws.com/rtofs.20240426/rtofs_glo_3dz_f006_6hrly_hvr_US_east.nc
ARGO_GDAC,pfl,aoml/4903549/profiles/D4903549_066.nc|2024-05-01T22:35:29Z|26.67868|-89.33552,aoml/4903549/profiles/D4903549_066.nc,4903549,4903549,26.67868,-89.33552,2024-05-01T22:35:29Z,20240501,2024,891,0.96,1771.52,89.2961,True,True,True,https://noaa-nws-rtofs-pds.s3.amazonaws.com/rtofs.20240501/rtofs_glo_3dz_f006_6hrly_hvr_US_east.nc
ARGO_GDAC,pfl,aoml/4903549/profiles/D4903549_066.nc|2024-05-01T22:35:29Z|26.67868|-89.33552,aoml/4903549/profiles/D4903549_066.nc,4903549,4903549,26.67868,-89.33552,2024-05-01T22:35:29Z,20240501,2024,627,0.56,99.96,89.6107,True,True,True,https://noaa-nws-rtofs-pds.s3.amazonaws.com/rtofs.20240501/rtofs_glo_3dz_f006_6hrly_hvr_US_east.nc
ARGO_GDAC,pfl,aoml/4903549/profiles/D4903549_067.nc|2024-05-06T23:31:49Z|26.77633|-89.35228,aoml/4903549/profiles/D4903549_067.nc,4903549,4903549,26.77633,-89.35228,2024-05-06T23:31:49Z,20240506,2024,895,1.04,1780.08,14.312,True,True,True,https://noaa-nws-rtofs-pds.s3.amazonaws.com/rtofs.20240506/rtofs_glo_3dz_f006_6hrly_hvr_US_east.nc
ARGO_GDAC,pfl,aoml/4903549/profiles/D4903549_067.nc|2024-05-06T23:31:49Z|26.77633|-89.35228,aoml/4903549/profiles/D4903549_067.nc,4903549,4903549,26.77633,-89.35228,2024-05-06T23:31:49Z,20240506,2024,795,0.68,99.92,14.0229,True,True,True,https://noaa-nws-rtofs-pds.s3.amazonaws.com/rtofs.20240506/rtofs_glo_3dz_f006_6hrly_hvr_US_east.nc
ARGO_GDAC,pfl,aoml/4903549/profiles/D4903549_068.nc|2024-05-12T00:24:30Z|26.93572|-89.34607,aoml/4903549/profiles/D4903549_068.nc,4903549,4903549,26.93572,-89.34607,2024-05-12T00:24:30Z,20240512,2024,887,1.04,1763.56,17.4848,True,True,True,https://noaa-nws-rtofs-pds.s3.amazonaws.com/rtofs.20240512/rtofs_glo_3dz_f006_6hrly_hvr_US_east.nc
ARGO_GDAC,pfl,aoml/4903549/profiles/D4903549_068.nc|2024-05-12T00:24:30Z|26.93572|-89.34607,aoml/4903549/profiles/D4903549_068.nc,4903549,4903549,26.93572,-89.34607,2024-05-12T00:24:30Z,20240512,2024,791,0.64,99.92,17.808,True,True,True,https://noaa-nws-rtofs-pds.s3.amazonaws.com/rtofs.20240512/rtofs_glo_3dz_f006_6hrly_hvr_US_east.nc
ARGO_GDAC,pfl,aoml/4903549/profiles/D4903549_069.nc|2024-05-17T01:31:26Z|26.73175|-89.09521,aoml/4903549/profiles/D4903549_069.nc,4903549,4903549,26.73175,-89.09521,2024-05-17T01:31:26Z,20240517,2024,905,1.04,1799.16,29.7366,True,True,True,https://noaa-nws-rtofs-pds.s3.amazonaws.com/rtofs.20240517/rtofs_glo_3dz_f006_6hrly_hvr_US_east.nc
ARGO_GDAC,pfl,aoml/4903549/profiles/D4903549_069.nc|2024-05-17T01:31:26Z|26.73175|-89.09521,aoml/4903549/profiles/D4903549_069.nc,4903549,4903549,26.73175,-89.09521,2024-05-17T01:31:26Z,20240517,2024,801,0.52,99.92,30.2001,True,True,True,https://noaa-nws-rtofs-pds.s3.amazonaws.com/rtofs.20240517/rtofs_glo_3dz_f006_6hrly_hvr_US_east.nc
ARGO_GDAC,pfl,aoml/4903549/profiles/D4903549_070.nc|2024-05-22T02:23:02Z|26.88421|-89.10604,aoml/4903549/profiles/D4903549_070.nc,4903549,4903549,26.88421,-89.10604,2024-05-22T02:23:02Z,20240522,2024,891,1.04,1772.0,25.3749,True,True,True,https://noaa-nws-rtofs-pds.s3.amazonaws.com/rtofs.20240522/rtofs_glo_3dz_f006_6hrly_hvr_US_east.nc
ARGO_GDAC,pfl,aoml/4903549/profiles/D4903549_070.nc|2024-05-22T02:23:02Z|26.88421|-89.10604,aoml/4903549/profiles/D4903549_070.nc,4903549,4903549,26.88421,-89.10604,2024-05-22T02:23:02Z,20240522,2024,828,0.68,100.0,25.6873,True,True,True,https://noaa-nws-rtofs-pds.s3.amazonaws.com/rtofs.20240522/rtofs_glo_3dz_f006_6hrly_hvr_US_east.nc
ARGO_GDAC,pfl,aoml/4903549/profiles/D4903549_071.nc|2024-05-27T03:18:35Z|26.84614|-89.14798,aoml/4903549/profiles/D4903549_071.nc,4903549,4903549,26.84614,-89.14798,2024-05-27T03:18:35Z,20240527,2024,891,1.0,1771.6,13.5346,True,True,True,https://noaa-nws-rtofs-pds.s3.amazonaws.com/rtofs.20240527/rtofs_glo_3dz_f006_6hrly_hvr_US_east.nc
ARGO_GDAC,pfl,aoml/4903549/profiles/D4903549_071.nc|2024-05-27T03:18:35Z|26.84614|-89.14798,aoml/4903549/profiles/D4903549_071.nc,4903549,4903549,26.84614,-89.14798,2024-05-27T03:18:35Z,20240527,2024,892,0.6,99.96,13.59,True,True,True,https://noaa-nws-rtofs-pds.s3.amazonaws.com/rtofs.20240527/rtofs_glo_3dz_f006_6hrly_hvr_US_east.nc
ARGO_GDAC,pfl,aoml/4903549/profiles/D4903549_072.nc|2024-06-01T04:15:54Z|26.81994|-89.22861,aoml/4903549/profiles/D4903549_072.nc,4903549,4903549,26.81994,-89.22861,2024-06-01T04:15:54Z,20240601,2024,899,1.04,1787.48,12.8524,True,True,True,https://noaa-nws-rtofs-pds.s3.amazonaws.com/rtofs.20240601/rtofs_glo_3dz_f006_6hrly_hvr_US_east.nc
ARGO_GDAC,pfl,aoml/4903549/profiles/D4903549_072.nc|2024-06-01T04:15:54Z|26.81994|-89.22861,aoml/4903549/profiles/D4903549_072.nc,4903549,4903549,26.81994,-89.22861,2024-06-01T04:15:54Z,20240601,2024,881,0.68,99.96,13.4231,True,True,True,https://noaa-nws-rtofs-pds.s3.amazonaws.com/rtofs.20240601/rtofs_glo_3dz_f006_6hrly_hvr_US_east.nc
ARGO_GDAC,pfl,aoml/4903549/profiles/D4903549_073.nc|2024-06-06T05:25:46Z|26.71343|-89.03799,aoml/4903549/profiles/D4903549_073.nc,4903549,4903549,26.71343,-89.03799,2024-06-06T05:25:46Z,20240606,2024,925,1.0,1840.32,18.8081,True,True,True,https://noaa-nws-rtofs-pds.s3.amazonaws.com/rtofs.20240606/rtofs_glo_3dz_f006_6hrly_hvr_US_east.nc
ARGO_GDAC,pfl,aoml/4903549/profiles/D4903549_073.nc|2024-06-06T05:25:46Z|26.71343|-89.03799,aoml/4903549/profiles/D4903549_073.nc,4903549,4903549,26.71343,-89.03799,2024-06-06T05:25:46Z,20240606,2024,938,0.68,99.92,18.6847,True,True,True,https://noaa-nws-rtofs-pds.s3.amazonaws.com/rtofs.20240606/rtofs_glo_3dz_f006_6hrly_hvr_US_east.nc
ARGO_GDAC,pfl,aoml/4903549/profiles/D4903549_074.nc|2024-06-11T06:27:42Z|26.74999|-88.82227,aoml/4903549/profiles/D4903549_074.nc,4903549,4903549,26.74999,-88.82227,2024-06-11T06:27:42Z,20240611,2024,911,1.12,1811.48,14.3701,True,True,True,https://noaa-nws-rtofs-pds.s3.amazonaws.com/rtofs.20240611/rtofs_glo_3dz_f006_6hrly_hvr_US_east.nc
ARGO_GDAC,pfl,aoml/4903549/profiles/D4903549_074.nc|2024-06-11T06:27:42Z|26.74999|-88.82227,aoml/4903549/profiles/D4903549_074.nc,4903549,4903549,26.74999,-88.82227,2024-06-11T06:27:42Z,20240611,2024,941,0.76,99.92,14.9111,True,True,True,https://noaa-nws-rtofs-pds.s3.amazonaws.com/rtofs.20240611/rtofs_glo_3dz_f006_6hrly_hvr_US_east.nc
ARGO_GDAC,pfl,aoml/4903549/profiles/D4903549_075.nc|2024-06-16T07:20:31Z|26.22645|-88.42049,aoml/4903549/profiles/D4903549_075.nc,4903549,4903549,26.22645,-88.42049,2024-06-16T07:20:31Z,20240616,2024,902,1.2,1793.44,10.7074,True,True,True,https://noaa-nws-rtofs-pds.s3.amazonaws.com/rtofs.20240616/rtofs_glo_3dz_f006_6hrly_hvr_US_east.nc
ARGO_GDAC,pfl,aoml/4903549/profiles/D4903549_075.nc|2024-06-16T07:20:31Z|26.22645|-88.42049,aoml/4903549/profiles/D4903549_075.nc,4903549,4903549,26.22645,-88.42049,2024-06-16T07:20:31Z,20240616,2024,899,0.88,99.96,11.2931,True,True,True,https://noaa-nws-rtofs-pds.s3.amazonaws.com/rtofs.20240616/rtofs_glo_3dz_f006_6hrly_hvr_US_east.nc
ARGO_GDAC,pfl,aoml/4903549/profiles/D4903549_076.nc|2024-06-21T08:23:34Z|26.48686|-88.43931,aoml/4903549/profiles/D4903549_076.nc,4903549,4903549,26.48686,-88.43931,2024-06-21T08:23:34Z,20240621,2024,907,1.08,1803.04,32.3748,True,True,True,https://noaa-nws-rtofs-pds.s3.amazonaws.com/rtofs.20240621/rtofs_glo_3dz_f006_6hrly_hvr_US_east.nc
ARGO_GDAC,pfl,aoml/4903549/profiles/D4903549_076.nc|2024-06-21T08:23:34Z|26.48686|-88.43931,aoml/4903549/profiles/D4903549_076.nc,4903549,4903549,26.48686,-88.43931,2024-06-21T08:23:34Z,20240621,2024,857,0.64,99.88,32.8492,True,True,True,https://noaa-nws-rtofs-pds.s3.amazonaws.com/rtofs.20240621/rtofs_glo_3dz_f006_6hrly_hvr_US_east.nc
ARGO_GDAC,pfl,aoml/4903549/profiles/D4903549_077.nc|2024-06-26T09:26:23Z|26.78296|-88.61574,aoml/4903549/profiles/D4903549_077.nc,4903549,4903549,26.78296,-88.61574,2024-06-26T09:26:23Z,20240626,2024,909,1.08,1807.52,19.483,True,True,True,https://noaa-nws-rtofs-pds.s3.amazonaws.com/rtofs.20240626/rtofs_glo_3dz_f006_6hrly_hvr_US_east.nc
ARGO_GDAC,pfl,aoml/4903549/profiles/D4903549_077.nc|2024-06-26T09:26:23Z|26.78296|-88.61574,aoml/4903549/profiles/D4903549_077.nc,4903549,4903549,26.78296,-88.61574,2024-06-26T09:26:23Z,20240626,2024,946,0.68,100.0,19.9,True,True,True,https://noaa-nws-rtofs-pds.s3.amazonaws.com/rtofs.20240626/rtofs_glo_3dz_f006_6hrly_hvr_US_east.nc
ARGO_GDAC,pfl,aoml/4903549/profiles/D4903549_078.nc|2024-07-01T10:27:19Z|26.95087|-88.30188,aoml/4903549/profiles/D4903549_078.nc,4903549,4903549,26.95087,-88.30188,2024-07-01T10:27:19Z,20240701,2024,906,1.08,1801.48,11.2493,True,True,True,https://noaa-nws-rtofs-pds.s3.amazonaws.com/rtofs.20240701/rtofs_glo_3dz_f006_6hrly_hvr_US_east.nc
ARGO_GDAC,pfl,aoml/4903549/profiles/D4903549_078.nc|2024-07-01T10:27:19Z|26.95087|-88.30188,aoml/4903549/profiles/D4903549_078.nc,4903549,4903549,26.95087,-88.30188,2024-07-01T10:27:19Z,20240701,2024,888,0.64,99.96,11.0032,True,True,True,https://noaa-nws-rtofs-pds.s3.amazonaws.com/rtofs.20240701/rtofs_glo_3dz_f006_6hrly_hvr_US_east.nc
ARGO_GDAC,pfl,aoml/4903549/profiles/D4903549_079.nc|2024-07-06T11:16:57Z|26.65671|-88.21551,aoml/4903549/profiles/D4903549_079.nc,4903549,4903549,26.65671,-88.21551,2024-07-06T11:16:57Z,20240706,2024,888,1.08,1765.48,19.2106,True,True,True,https://noaa-nws-rtofs-pds.s3.amazonaws.com/rtofs.20240706/rtofs_glo_3dz_f006_6hrly_hvr_US_east.nc
ARGO_GDAC,pfl,aoml/4903549/profiles/D4903549_079.nc|2024-07-06T11:16:57Z|26.65671|-88.21551,aoml/4903549/profiles/D4903549_079.nc,4903549,4903549,26.65671,-88.21551,2024-07-06T11:16:57Z,20240706,2024,881,0.72,99.88,19.805,True,True,True,https://noaa-nws-rtofs-pds.s3.amazonaws.com/rtofs.20240706/rtofs_glo_3dz_f006_6hrly_hvr_US_east.nc
ARGO_GDAC,pfl,aoml/4903549/profiles/D4903549_080.nc|2024-07-11T12:18:44Z|26.84757|-87.47826,aoml/4903549/profiles/D4903549_080.nc,4903549,4903549,26.84757,-87.47826,2024-07-11T12:18:44Z,20240711,2024,904,1.08,1797.48,29.3515,True,True,True,https://noaa-nws-rtofs-pds.s3.amazonaws.com/rtofs.20240711/rtofs_glo_3dz_f006_6hrly_hvr_US_east.nc
ARGO_GDAC,pfl,aoml/4903549/profiles/D4903549_080.nc|2024-07-11T12:18:44Z|26.84757|-87.47826,aoml/4903549/profiles/D4903549_080.nc,4903549,4903549,26.84757,-87.47826,2024-07-11T12:18:44Z,20240711,2024,901,0.64,99.96,29.3,True,True,True,https://noaa-nws-rtofs-pds.s3.amazonaws.com/rtofs.20240711/rtofs_glo_3dz_f006_6hrly_hvr_US_east.nc
ARGO_GDAC,pfl,aoml/4903549/profiles/D4903549_081.nc|2024-07-16T13:09:20Z|26.86369|-86.93401,aoml/4903549/profiles/D4903549_081.nc,4903549,4903549,26.86369,-86.93401,2024-07-16T13:09:20Z,20240716,2024,885,1.0,1759.32,16.5819,True,True,True,https://noaa-nws-rtofs-pds.s3.amazonaws.com/rtofs.20240716/rtofs_glo_3dz_f006_6hrly_hvr_US_east.nc
ARGO_GDAC,pfl,aoml/4903549/profiles/D4903549_081.nc|2024-07-16T13:09:20Z|26.86369|-86.93401,aoml/4903549/profiles/D4903549_081.nc,4903549,4903549,26.86369,-86.93401,2024-07-16T13:09:20Z,20240716,2024,776,0.64,99.92,16.4667,True,True,True,https://noaa-nws-rtofs-pds.s3.amazonaws.com/rtofs.20240716/rtofs_glo_3dz_f006_6hrly_hvr_US_east.nc
ARGO_GDAC,pfl,aoml/4903549/profiles/D4903549_082.nc|2024-07-21T13:57:38Z|26.77518|-86.61180,aoml/4903549/profiles/D4903549_082.nc,4903549,4903549,26.77518,-86.6118,2024-07-21T13:57:38Z,20240721,2024,889,1.04,1768.16,16.6579,True,True,True,https://noaa-nws-rtofs-pds.s3.amazonaws.com/rtofs.20240721/rtofs_glo_3dz_f006_6hrly_hvr_US_east.nc
ARGO_GDAC,pfl,aoml/4903549/profiles/D4903549_082.nc|2024-07-21T13:57:38Z|26.77518|-86.61180,aoml/4903549/profiles/D4903549_082.nc,4903549,4903549,26.77518,-86.6118,2024-07-21T13:57:38Z,20240721,2024,796,0.64,99.88,16.5867,True,True,True,https://noaa-nws-rtofs-pds.s3.amazonaws.com/rtofs.20240721/rtofs_glo_3dz_f006_6hrly_hvr_US_east.nc
ARGO_GDAC,pfl,aoml/4903549/profiles/D4903549_083.nc|2024-07-26T14:55:24Z|26.29104|-86.39897,aoml/4903549/profiles/D4903549_083.nc,4903549,4903549,26.29104,-86.39897,2024-07-26T14:55:24Z,20240726,2024,899,1.04,1787.48,38.2325,True,True,True,https://noaa-nws-rtofs-pds.s3.amazonaws.com/rtofs.20240726/rtofs_glo_3dz_f006_6hrly_hvr_US_east.nc
ARGO_GDAC,pfl,aoml/4903549/profiles/D4903549_083.nc|2024-07-26T14:55:24Z|26.29104|-86.39897,aoml/4903549/profiles/D4903549_083.nc,4903549,4903549,26.29104,-86.39897,2024-07-26T14:55:24Z,20240726,2024,832,0.68,99.96,38.5467,True,True,True,https://noaa-nws-rtofs-pds.s3.amazonaws.com/rtofs.20240726/rtofs_glo_3dz_f006_6hrly_hvr_US_east.nc
ARGO_GDAC,pfl,aoml/4903549/profiles/D4903549_084.nc|2024-07-31T15:52:41Z|26.09199|-86.36658,aoml/4903549/profiles/D4903549_084.nc,4903549,4903549,26.09199,-86.36658,2024-07-31T15:52:41Z,20240731,2024,897,1.32,1783.04,12.4416,True,True,True,https://noaa-nws-rtofs-pds.s3.amazonaws.com/rtofs.20240731/rtofs_glo_3dz_f006_6hrly_hvr_US_east.nc
ARGO_GDAC,pfl,aoml/4903549/profiles/D4903549_084.nc|2024-07-31T15:52:41Z|26.09199|-86.36658,aoml/4903549/profiles/D4903549_084.nc,4903549,4903549,26.09199,-86.36658,2024-07-31T15:52:41Z,20240731,2024,975,1.16,99.92,12.4114,True,True,True,https://noaa-nws-rtofs-pds.s3.amazonaws.com/rtofs.20240731/rtofs_glo_3dz_f006_6hrly_hvr_US_east.nc
ARGO_GDAC,pfl,aoml/4903549/profiles/D4903549_085.nc|2024-08-05T16:36:46Z|25.95864|-86.12148,aoml/4903549/profiles/D4903549_085.nc,4903549,4903549,25.95864,-86.12148,2024-08-05T16:36:46Z,20240805,2024,887,0.48,1761.76,28.5511,True,True,True,https://noaa-nws-rtofs-pds.s3.amazonaws.com/rtofs.20240805/rtofs_glo_3dz_f006_6hrly_hvr_US_east.nc
ARGO_GDAC,pfl,aoml/4903549/profiles/D4903549_085.nc|2024-08-05T16:36:46Z|25.95864|-86.12148,aoml/4903549/profiles/D4903549_085.nc,4903549,4903549,25.95864,-86.12148,2024-08-05T16:36:46Z,20240805,2024,971,0.48,99.96,28.944,True,True,True,https://noaa-nws-rtofs-pds.s3.amazonaws.com/rtofs.20240805/rtofs_glo_3dz_f006_6hrly_hvr_US_east.nc
ARGO_GDAC,pfl,aoml/4903549/profiles/D4903549_086.nc|2024-08-10T17:33:09Z|25.71237|-86.55907,aoml/4903549/profiles/D4903549_086.nc,4903549,4903549,25.71237,-86.55907,2024-08-10T17:33:09Z,20240810,2024,908,1.04,1806.08,22.0209,True,True,True,https://noaa-nws-rtofs-pds.s3.amazonaws.com/rtofs.20240810/rtofs_glo_3dz_f006_6hrly_hvr_US_east.nc
ARGO_GDAC,pfl,aoml/4903549/profiles/D4903549_086.nc|2024-08-10T17:33:09Z|25.71237|-86.55907,aoml/4903549/profiles/D4903549_086.nc,4903549,4903549,25.71237,-86.55907,2024-08-10T17:33:09Z,20240810,2024,852,0.64,99.92,22.6001,True,True,True,https://noaa-nws-rtofs-pds.s3.amazonaws.com/rtofs.20240810/rtofs_glo_3dz_f006_6hrly_hvr_US_east.nc
ARGO_GDAC,pfl,aoml/4903549/profiles/D4903549_087.nc|2024-08-15T18:40:19Z|25.60662|-87.48379,aoml/4903549/profiles/D4903549_087.nc,4903549,4903549,25.60662,-87.48379,2024-08-15T18:40:19Z,20240815,2024,924,0.48,1836.04,16.624,True,True,True,https://noaa-nws-rtofs-pds.s3.amazonaws.com/rtofs.20240815/rtofs_glo_3dz_f006_6hrly_hvr_US_east.nc
ARGO_GDAC,pfl,aoml/4903549/profiles/D4903549_087.nc|2024-08-15T18:40:19Z|25.60662|-87.48379,aoml/4903549/profiles/D4903549_087.nc,4903549,4903549,25.60662,-87.48379,2024-08-15T18:40:19Z,20240815,2024,816,0.48,99.92,17.1908,True,True,True,https://noaa-nws-rtofs-pds.s3.amazonaws.com/rtofs.20240815/rtofs_glo_3dz_f006_6hrly_hvr_US_east.nc
ARGO_GDAC,pfl,aoml/4903549/profiles/D4903549_088.nc|2024-08-20T19:35:21Z|25.61778|-87.34774,aoml/4903549/profiles/D4903549_088.nc,4903549,4903549,25.61778,-87.34774,2024-08-20T19:35:21Z,20240820,2024,888,0.92,1765.12,36.3779,True,True,True,https://noaa-nws-rtofs-pds.s3.amazonaws.com/rtofs.20240820/rtofs_glo_3dz_f006_6hrly_hvr_US_east.nc
ARGO_GDAC,pfl,aoml/4903549/profiles/D4903549_088.nc|2024-08-20T19:35:21Z|25.61778|-87.34774,aoml/4903549/profiles/D4903549_088.nc,4903549,4903549,25.61778,-87.34774,2024-08-20T19:35:21Z,20240820,2024,884,0.52,100.0,36.648,True,True,True,https://noaa-nws-rtofs-pds.s3.amazonaws.com/rtofs.20240820/rtofs_glo_3dz_f006_6hrly_hvr_US_east.nc
ARGO_GDAC,pfl,aoml/4903549/profiles/D4903549_089.nc|2024-08-25T20:30:09Z|25.88790|-87.72443,aoml/4903549/profiles/D4903549_089.nc,4903549,4903549,25.8879,-87.72443,2024-08-25T20:30:09Z,20240825,2024,884,1.0,1757.4,16.0402,True,True,True,https://noaa-nws-rtofs-pds.s3.amazonaws.com/rtofs.20240825/rtofs_glo_3dz_f006_6hrly_hvr_US_east.nc
ARGO_GDAC,pfl,aoml/4903549/profiles/D4903549_089.nc|2024-08-25T20:30:09Z|25.88790|-87.72443,aoml/4903549/profiles/D4903549_089.nc,4903549,4903549,25.8879,-87.72443,2024-08-25T20:30:09Z,20240825,2024,914,0.6,99.92,16.1879,True,True,True,https://noaa-nws-rtofs-pds.s3.amazonaws.com/rtofs.20240825/rtofs_glo_3dz_f006_6hrly_hvr_US_east.nc
ARGO_GDAC,pfl,aoml/4903549/profiles/D4903549_090.nc|2024-08-30T21:22:51Z|26.37605|-88.93267,aoml/4903549/profiles/D4903549_090.nc,4903549,4903549,26.37605,-88.93267,2024-08-30T21:22:51Z,20240830,2024,879,1.04,1747.84,26.9993,True,True,True,https://noaa-nws-rtofs-pds.s3.amazonaws.com/rtofs.20240830/rtofs_glo_3dz_f006_6hrly_hvr_US_east.nc
ARGO_GDAC,pfl,aoml/4903549/profiles/D4903549_090.nc|2024-08-30T21:22:51Z|26.37605|-88.93267,aoml/4903549/profiles/D4903549_090.nc,4903549,4903549,26.37605,-88.93267,2024-08-30T21:22:51Z,20240830,2024,761,0.6,99.92,27.9137,True,True,True,https://noaa-nws-rtofs-pds.s3.amazonaws.com/rtofs.20240830/rtofs_glo_3dz_f006_6hrly_hvr_US_east.nc
ARGO_GDAC,pfl,aoml/4903549/profiles/D4903549_091.nc|2024-09-04T22:18:38Z|26.73543|-89.14505,aoml/4903549/profiles/D4903549_091.nc,4903549,4903549,26.73543,-89.14505,2024-09-04T22:18:38Z,20240904,2024,895,1.0,1779.36,30.3637,True,True,True,https://noaa-nws-rtofs-pds.s3.amazonaws.com/rtofs.20240904/rtofs_glo_3dz_f006_6hrly_hvr_US_east.nc
ARGO_GDAC,pfl,aoml/4903549/profiles/D4903549_091.nc|2024-09-04T22:18:38Z|26.73543|-89.14505,aoml/4903549/profiles/D4903549_091.nc,4903549,4903549,26.73543,-89.14505,2024-09-04T22:18:38Z,20240904,2024,771,0.56,99.88,30.9951,True,True,True,https://noaa-nws-rtofs-pds.s3.amazonaws.com/rtofs.20240904/rtofs_glo_3dz_f006_6hrly_hvr_US_east.nc
ARGO_GDAC,pfl,aoml/4903549/profiles/D4903549_092.nc|2024-09-09T23:15:41Z|26.33656|-89.24777,aoml/4903549/profiles/D4903549_092.nc,4903549,4903549,26.33656,-89.24777,2024-09-09T23:15:41Z,20240909,2024,888,1.08,1765.44,30.1257,True,True,True,https://noaa-nws-rtofs-pds.s3.amazonaws.com/rtofs.20240909/rtofs_glo_3dz_f006_6hrly_hvr_US_east.nc
ARGO_GDAC,pfl,aoml/4903549/profiles/D4903549_092.nc|2024-09-09T23:15:41Z|26.33656|-89.24777,aoml/4903549/profiles/D4903549_092.nc,4903549,4903549,26.33656,-89.24777,2024-09-09T23:15:41Z,20240909,2024,780,0.68,99.92,30.2605,True,True,True,https://noaa-nws-rtofs-pds.s3.amazonaws.com/rtofs.20240909/rtofs_glo_3dz_f006_6hrly_hvr_US_east.nc
ARGO_GDAC,pfl,aoml/4903549/profiles/D4903549_093.nc|2024-09-15T00:10:51Z|26.11511|-88.71145,aoml/4903549/profiles/D4903549_093.nc,4903549,4903549,26.11511,-88.71145,2024-09-15T00:10:51Z,20240915,2024,886,1.0,1761.56,32.9116,True,True,True,https://noaa-nws-rtofs-pds.s3.amazonaws.com/rtofs.20240915/rtofs_glo_3dz_f006_6hrly_hvr_US_east.nc
ARGO_GDAC,pfl,aoml/4903549/profiles/D4903549_093.nc|2024-09-15T00:10:51Z|26.11511|-88.71145,aoml/4903549/profiles/D4903549_093.nc,4903549,4903549,26.11511,-88.71145,2024-09-15T00:10:51Z,20240915,2024,873,0.6,99.92,33.1027,True,True,True,https://noaa-nws-rtofs-pds.s3.amazonaws.com/rtofs.20240915/rtofs_glo_3dz_f006_6hrly_hvr_US_east.nc
ARGO_GDAC,pfl,aoml/4903549/profiles/D4903549_094.nc|2024-09-20T00:59:32Z|26.29363|-88.01489,aoml/4903549/profiles/D4903549_094.nc,4903549,4903549,26.29363,-88.01489,2024-09-20T00:59:32Z,20240920,2024,892,1.12,1773.56,22.7036,True,True,True,https://noaa-nws-rtofs-pds.s3.amazonaws.com/rtofs.20240920/rtofs_glo_3dz_f006_6hrly_hvr_US_east.nc
ARGO_GDAC,pfl,aoml/4903549/profiles/D4903549_094.nc|2024-09-20T00:59:32Z|26.29363|-88.01489,aoml/4903549/profiles/D4903549_094.nc,4903549,4903549,26.29363,-88.01489,2024-09-20T00:59:32Z,20240920,2024,965,0.76,99.88,23.0,True,True,True,https://noaa-nws-rtofs-pds.s3.amazonaws.com/rtofs.20240920/rtofs_glo_3dz_f006_6hrly_hvr_US_east.nc
ARGO_GDAC,pfl,aoml/4903549/profiles/D4903549_095.nc|2024-09-25T01:58:59Z|26.75769|-87.02166,aoml/4903549/profiles/D4903549_095.nc,4903549,4903549,26.75769,-87.02166,2024-09-25T01:58:59Z,20240925,2024,899,1.0,1788.12,32.4153,True,True,True,https://noaa-nws-rtofs-pds.s3.amazonaws.com/rtofs.20240925/rtofs_glo_3dz_f006_6hrly_hvr_US_east.nc
ARGO_GDAC,pfl,aoml/4903549/profiles/D4903549_095.nc|2024-09-25T01:58:59Z|26.75769|-87.02166,aoml/4903549/profiles/D4903549_095.nc,4903549,4903549,26.75769,-87.02166,2024-09-25T01:58:59Z,20240925,2024,804,0.52,99.88,32.0711,True,True,True,https://noaa-nws-rtofs-pds.s3.amazonaws.com/rtofs.20240925/rtofs_glo_3dz_f006_6hrly_hvr_US_east.nc
ARGO_GDAC,pfl,aoml/4903549/profiles/D4903549_096.nc|2024-09-30T02:48:33Z|27.52895|-87.31725,aoml/4903549/profiles/D4903549_096.nc,4903549,4903549,27.52895,-87.31725,2024-09-30T02:48:33Z,20240930,2024,896,0.96,1781.52,45.1703,True,True,True,https://noaa-nws-rtofs-pds.s3.amazonaws.com/rtofs.20240930/rtofs_glo_3dz_f006_6hrly_hvr_US_east.nc
ARGO_GDAC,pfl,aoml/4903549/profiles/D4903549_096.nc|2024-09-30T02:48:33Z|27.52895|-87.31725,aoml/4903549/profiles/D4903549_096.nc,4903549,4903549,27.52895,-87.31725,2024-09-30T02:48:33Z,20240930,2024,971,0.52,99.96,45.7467,True,True,True,https://noaa-nws-rtofs-pds.s3.amazonaws.com/rtofs.20240930/rtofs_glo_3dz_f006_6hrly_hvr_US_east.nc
ARGO_GDAC,pfl,aoml/4903549/profiles/D4903549_097.nc|2024-10-05T03:34:07Z|26.82173|-87.48267,aoml/4903549/profiles/D4903549_097.nc,4903549,4903549,26.82173,-87.48267,2024-10-05T03:34:07Z,20241005,2024,885,1.04,1759.6,57.1649,True,True,True,https://noaa-nws-rtofs-pds.s3.amazonaws.com/rtofs.20241005/rtofs_glo_3dz_f006_6hrly_hvr_US_east.nc
ARGO_GDAC,pfl,aoml/4903549/profiles/D4903549_097.nc|2024-10-05T03:34:07Z|26.82173|-87.48267,aoml/4903549/profiles/D4903549_097.nc,4903549,4903549,26.82173,-87.48267,2024-10-05T03:34:07Z,20241005,2024,988,0.6,99.88,57.8815,True,True,True,https://noaa-nws-rtofs-pds.s3.amazonaws.com/rtofs.20241005/rtofs_glo_3dz_f006_6hrly_hvr_US_east.nc
ARGO_GDAC,pfl,aoml/4903549/profiles/D4903549_098.nc|2024-10-10T04:30:58Z|26.16200|-87.49813,aoml/4903549/profiles/D4903549_098.nc,4903549,4903549,26.162,-87.49813,2024-10-10T04:30:58Z,20241010,2024,902,0.96,1793.48,61.3284,True,True,True,https://noaa-nws-rtofs-pds.s3.amazonaws.com/rtofs.20241010/rtofs_glo_3dz_f006_6hrly_hvr_US_east.nc
ARGO_GDAC,pfl,aoml/4903549/profiles/D4903549_098.nc|2024-10-10T04:30:58Z|26.16200|-87.49813,aoml/4903549/profiles/D4903549_098.nc,4903549,4903549,26.162,-87.49813,2024-10-10T04:30:58Z,20241010,2024,785,0.6,99.92,61.736,True,True,True,https://noaa-nws-rtofs-pds.s3.amazonaws.com/rtofs.20241010/rtofs_glo_3dz_f006_6hrly_hvr_US_east.nc
ARGO_GDAC,pfl,aoml/4903549/profiles/D4903549_099.nc|2024-10-15T05:31:12Z|26.15126|-86.95602,aoml/4903549/profiles/D4903549_099.nc,4903549,4903549,26.15126,-86.95602,2024-10-15T05:31:12Z,20241015,2024,899,1.04,1787.08,96.0371,True,True,True,https://noaa-nws-rtofs-pds.s3.amazonaws.com/rtofs.20241015/rtofs_glo_3dz_f006_6hrly_hvr_US_east.nc
ARGO_GDAC,pfl,aoml/4903549/profiles/D4903549_099.nc|2024-10-15T05:31:12Z|26.15126|-86.95602,aoml/4903549/profiles/D4903549_099.nc,4903549,4903549,26.15126,-86.95602,2024-10-15T05:31:12Z,20241015,2024,818,0.6,99.96,95.8737,True,True,True,https://noaa-nws-rtofs-pds.s3.amazonaws.com/rtofs.20241015/rtofs_glo_3dz_f006_6hrly_hvr_US_east.nc
ARGO_GDAC,pfl,aoml/4903549/profiles/D4903549_100.nc|2024-10-20T06:25:05Z|26.72775|-87.28686,aoml/4903549/profiles/D4903549_100.nc,4903549,4903549,26.72775,-87.28686,2024-10-20T06:25:05Z,20241020,2024,877,0.44,1741.92,96.3933,True,True,True,https://noaa-nws-rtofs-pds.s3.amazonaws.com/rtofs.20241020/rtofs_glo_3dz_f006_6hrly_hvr_US_east.nc
ARGO_GDAC,pfl,aoml/4903549/profiles/D4903549_100.nc|2024-10-20T06:25:05Z|26.72775|-87.28686,aoml/4903549/profiles/D4903549_100.nc,4903549,4903549,26.72775,-87.28686,2024-10-20T06:25:05Z,20241020,2024,727,0.44,99.96,96.7812,True,True,True,https://noaa-nws-rtofs-pds.s3.amazonaws.com/rtofs.20241020/rtofs_glo_3dz_f006_6hrly_hvr_US_east.nc
ARGO_GDAC,pfl,aoml/4903549/profiles/D4903549_101.nc|2024-10-25T07:14:58Z|27.00732|-86.71148,aoml/4903549/profiles/D4903549_101.nc,4903549,4903549,27.00732,-86.71148,2024-10-25T07:14:58Z,20241025,2024,885,1.08,1760.04,94.3532,True,True,True,https://noaa-nws-rtofs-pds.s3.amazonaws.com/rtofs.20241025/rtofs_glo_3dz_f006_6hrly_hvr_US_east.nc
ARGO_GDAC,pfl,aoml/4903549/profiles/D4903549_101.nc|2024-10-25T07:14:58Z|27.00732|-86.71148,aoml/4903549/profiles/D4903549_101.nc,4903549,4903549,27.00732,-86.71148,2024-10-25T07:14:58Z,20241025,2024,740,0.68,99.84,94.58,True,True,True,https://noaa-nws-rtofs-pds.s3.amazonaws.com/rtofs.20241025/rtofs_glo_3dz_f006_6hrly_hvr_US_east.nc
ARGO_GDAC,pfl,aoml/4903549/profiles/D4903549_102.nc|2024-10-30T08:07:52Z|26.98445|-86.49964,aoml/4903549/profiles/D4903549_102.nc,4903549,4903549,26.98445,-86.49964,2024-10-30T08:07:52Z,20241030,2024,889,1.28,1767.24,86.364,True,True,True,https://noaa-nws-rtofs-pds.s3.amazonaws.com/rtofs.20241030/rtofs_glo_3dz_f006_6hrly_hvr_US_east.nc
ARGO_GDAC,pfl,aoml/4903549/profiles/D4903549_102.nc|2024-10-30T08:07:52Z|26.98445|-86.49964,aoml/4903549/profiles/D4903549_102.nc,4903549,4903549,26.98445,-86.49964,2024-10-30T08:07:52Z,20241030,2024,704,1.08,99.92,86.803,True,True,True,https://noaa-nws-rtofs-pds.s3.amazonaws.com/rtofs.20241030/rtofs_glo_3dz_f006_6hrly_hvr_US_east.nc
ARGO_GDAC,pfl,aoml/4903549/profiles/D4903549_103.nc|2024-11-04T09:05:05Z|26.90057|-86.65646,aoml/4903549/profiles/D4903549_103.nc,4903549,4903549,26.90057,-86.65646,2024-11-04T09:05:05Z,20241104,2024,886,1.04,1761.52,76.0405,True,True,True,https://noaa-nws-rtofs-pds.s3.amazonaws.com/rtofs.20241104/rtofs_glo_3dz_f006_6hrly_hvr_US_east.nc
ARGO_GDAC,pfl,aoml/4903549/profiles/D4903549_103.nc|2024-11-04T09:05:05Z|26.90057|-86.65646,aoml/4903549/profiles/D4903549_103.nc,4903549,4903549,26.90057,-86.65646,2024-11-04T09:05:05Z,20241104,2024,777,0.6,99.92,73.9601,True,True,True,https://noaa-nws-rtofs-pds.s3.amazonaws.com/rtofs.20241104/rtofs_glo_3dz_f006_6hrly_hvr_US_east.nc
ARGO_GDAC,pfl,aoml/4903549/profiles/D4903549_104.nc|2024-11-09T10:01:08Z|26.70167|-86.91631,aoml/4903549/profiles/D4903549_104.nc,4903549,4903549,26.70167,-86.91631,2024-11-09T10:01:08Z,20241109,2024,884,1.0,1757.12,115.2524,True,False,True,https://noaa-nws-rtofs-pds.s3.amazonaws.com/rtofs.20241109/rtofs_glo_3dz_f006_6hrly_hvr_US_east.nc
ARGO_GDAC,pfl,aoml/4903549/profiles/D4903549_104.nc|2024-11-09T10:01:08Z|26.70167|-86.91631,aoml/4903549/profiles/D4903549_104.nc,4903549,4903549,26.70167,-86.91631,2024-11-09T10:01:08Z,20241109,2024,780,0.56,99.88,,False,False,True,https://noaa-nws-rtofs-pds.s3.amazonaws.com/rtofs.20241109/rtofs_glo_3dz_f006_6hrly_hvr_US_east.nc
ARGO_GDAC,pfl,aoml/4903549/profiles/D4903549_105.nc|2024-11-14T10:56:45Z|26.76348|-87.27891,aoml/4903549/profiles/D4903549_105.nc,4903549,4903549,26.76348,-87.27891,2024-11-14T10:56:45Z,20241114,2024,879,1.04,1747.64,120.1939,True,False,True,https://noaa-nws-rtofs-pds.s3.amazonaws.com/rtofs.20241114/rtofs_glo_3dz_f006_6hrly_hvr_US_east.nc
ARGO_GDAC,pfl,aoml/4903549/profiles/D4903549_105.nc|2024-11-14T10:56:45Z|26.76348|-87.27891,aoml/4903549/profiles/D4903549_105.nc,4903549,4903549,26.76348,-87.27891,2024-11-14T10:56:45Z,20241114,2024,801,0.64,99.88,,False,False,True,https://noaa-nws-rtofs-pds.s3.amazonaws.com/rtofs.20241114/rtofs_glo_3dz_f006_6hrly_hvr_US_east.nc
ARGO_GDAC,pfl,aoml/4903549/profiles/D4903549_106.nc|2024-11-19T11:56:53Z|26.77531|-87.15167,aoml/4903549/profiles/D4903549_106.nc,4903549,4903549,26.77531,-87.15167,2024-11-19T11:56:53Z,20241119,2024,900,0.96,1789.52,126.0244,True,False,True,https://noaa-nws-rtofs-pds.s3.amazonaws.com/rtofs.20241119/rtofs_glo_3dz_f006_6hrly_hvr_US_east.nc
ARGO_GDAC,pfl,aoml/4903549/profiles/D4903549_106.nc|2024-11-19T11:56:53Z|26.77531|-87.15167,aoml/4903549/profiles/D4903549_106.nc,4903549,4903549,26.77531,-87.15167,2024-11-19T11:56:53Z,20241119,2024,620,0.52,99.92,,False,False,True,https://noaa-nws-rtofs-pds.s3.amazonaws.com/rtofs.20241119/rtofs_glo_3dz_f006_6hrly_hvr_US_east.nc
ARGO_GDAC,pfl,aoml/4903549/profiles/D4903549_107.nc|2024-11-24T12:57:15Z|26.61800|-86.87346,aoml/4903549/profiles/D4903549_107.nc,4903549,4903549,26.618,-86.87346,2024-11-24T12:57:15Z,20241124,2024,888,1.04,1765.6,129.0211,True,False,True,https://noaa-nws-rtofs-pds.s3.amazonaws.com/rtofs.20241124/rtofs_glo_3dz_f006_6hrly_hvr_US_east.nc
ARGO_GDAC,pfl,aoml/4903549/profiles/D4903549_107.nc|2024-11-24T12:57:15Z|26.61800|-86.87346,aoml/4903549/profiles/D4903549_107.nc,4903549,4903549,26.618,-86.87346,2024-11-24T12:57:15Z,20241124,2024,733,0.72,99.96,,False,False,True,https://noaa-nws-rtofs-pds.s3.amazonaws.com/rtofs.20241124/rtofs_glo_3dz_f006_6hrly_hvr_US_east.nc
ARGO_GDAC,pfl,aoml/4903549/profiles/D4903549_108.nc|2024-11-29T13:53:19Z|26.55057|-86.55341,aoml/4903549/profiles/D4903549_108.nc,4903549,4903549,26.55057,-86.55341,2024-11-29T13:53:19Z,20241129,2024,891,0.96,1771.48,120.5116,True,False,True,https://noaa-nws-rtofs-pds.s3.amazonaws.com/rtofs.20241129/rtofs_glo_3dz_f006_6hrly_hvr_US_east.nc
ARGO_GDAC,pfl,aoml/4903549/profiles/D4903549_108.nc|2024-11-29T13:53:19Z|26.55057|-86.55341,aoml/4903549/profiles/D4903549_108.nc,4903549,4903549,26.55057,-86.55341,2024-11-29T13:53:19Z,20241129,2024,670,0.52,99.96,,False,False,True,https://noaa-nws-rtofs-pds.s3.amazonaws.com/rtofs.20241129/rtofs_glo_3dz_f006_6hrly_hvr_US_east.nc
ARGO_GDAC,pfl,aoml/4903549/profiles/D4903549_109.nc|2024-12-04T14:40:49Z|26.74748|-86.35681,aoml/4903549/profiles/D4903549_109.nc,4903549,4903549,26.74748,-86.35681,2024-12-04T14:40:49Z,20241204,2024,891,1.04,1771.12,92.8875,True,True,True,https://noaa-nws-rtofs-pds.s3.amazonaws.com/rtofs.20241204/rtofs_glo_3dz_f006_6hrly_hvr_US_east.nc
ARGO_GDAC,pfl,aoml/4903549/profiles/D4903549_109.nc|2024-12-04T14:40:49Z|26.74748|-86.35681,aoml/4903549/profiles/D4903549_109.nc,4903549,4903549,26.74748,-86.35681,2024-12-04T14:40:49Z,20241204,2024,710,0.72,100.0,93.27,True,True,True,https://noaa-nws-rtofs-pds.s3.amazonaws.com/rtofs.20241204/rtofs_glo_3dz_f006_6hrly_hvr_US_east.nc
ARGO_GDAC,pfl,aoml/4903549/profiles/D4903549_110.nc|2024-12-09T15:32:21Z|26.67507|-86.75887,aoml/4903549/profiles/D4903549_110.nc,4903549,4903549,26.67507,-86.75887,2024-12-09T15:32:21Z,20241209,2024,891,0.96,1771.92,110.0143,True,False,True,https://noaa-nws-rtofs-pds.s3.amazonaws.com/rtofs.20241209/rtofs_glo_3dz_f006_6hrly_hvr_US_east.nc
ARGO_GDAC,pfl,aoml/4903549/profiles/D4903549_110.nc|2024-12-09T15:32:21Z|26.67507|-86.75887,aoml/4903549/profiles/D4903549_110.nc,4903549,4903549,26.67507,-86.75887,2024-12-09T15:32:21Z,20241209,2024,659,0.52,99.96,,False,False,True,https://noaa-nws-rtofs-pds.s3.amazonaws.com/rtofs.20241209/rtofs_glo_3dz_f006_6hrly_hvr_US_east.nc
ARGO_GDAC,pfl,aoml/4903549/profiles/D4903549_111.nc|2024-12-14T16:26:26Z|26.36673|-87.18873,aoml/4903549/profiles/D4903549_111.nc,4903549,4903549,26.36673,-87.18873,2024-12-14T16:26:26Z,20241214,2024,887,1.08,1763.56,118.7152,True,False,True,https://noaa-nws-rtofs-pds.s3.amazonaws.com/rtofs.20241214/rtofs_glo_3dz_f006_6hrly_hvr_US_east.nc
ARGO_GDAC,pfl,aoml/4903549/profiles/D4903549_111.nc|2024-12-14T16:26:26Z|26.36673|-87.18873,aoml/4903549/profiles/D4903549_111.nc,4903549,4903549,26.36673,-87.18873,2024-12-14T16:26:26Z,20241214,2024,676,0.68,99.92,,False,False,True,https://noaa-nws-rtofs-pds.s3.amazonaws.com/rtofs.20241214/rtofs_glo_3dz_f006_6hrly_hvr_US_east.nc
ARGO_GDAC,pfl,aoml/4903549/profiles/D4903549_112.nc|2024-12-19T17:28:46Z|26.35161|-87.53550,aoml/4903549/profiles/D4903549_112.nc,4903549,4903549,26.35161,-87.5355,2024-12-19T17:28:46Z,20241219,2024,892,0.96,1773.52,151.6432,True,False,True,https://noaa-nws-rtofs-pds.s3.amazonaws.com/rtofs.20241219/rtofs_glo_3dz_f006_6hrly_hvr_US_east.nc
ARGO_GDAC,pfl,aoml/4903549/profiles/D4903549_112.nc|2024-12-19T17:28:46Z|26.35161|-87.53550,aoml/4903549/profiles/D4903549_112.nc,4903549,4903549,26.35161,-87.5355,2024-12-19T17:28:46Z,20241219,2024,668,0.52,99.84,,False,False,True,https://noaa-nws-rtofs-pds.s3.amazonaws.com/rtofs.20241219/rtofs_glo_3dz_f006_6hrly_hvr_US_east.nc
ARGO_GDAC,pfl,aoml/4903549/profiles/D4903549_113.nc|2024-12-24T18:21:34Z|26.46881|-87.57026,aoml/4903549/profiles/D4903549_113.nc,4903549,4903549,26.46881,-87.57026,2024-12-24T18:21:34Z,20241224,2024,884,1.0,1758.2,149.5763,True,False,True,https://noaa-nws-rtofs-pds.s3.amazonaws.com/rtofs.20241224/rtofs_glo_3dz_f006_6hrly_hvr_US_east.nc
ARGO_GDAC,pfl,aoml/4903549/profiles/D4903549_113.nc|2024-12-24T18:21:34Z|26.46881|-87.57026,aoml/4903549/profiles/D4903549_113.nc,4903549,4903549,26.46881,-87.57026,2024-12-24T18:21:34Z,20241224,2024,586,0.64,99.84,,False,False,True,https://noaa-nws-rtofs-pds.s3.amazonaws.com/rtofs.20241224/rtofs_glo_3dz_f006_6hrly_hvr_US_east.nc
ARGO_GDAC,pfl,aoml/4903549/profiles/D4903549_114.nc|2024-12-29T19:16:37Z|26.39687|-87.32879,aoml/4903549/profiles/D4903549_114.nc,4903549,4903549,26.39687,-87.32879,2024-12-29T19:16:37Z,20241229,2024,892,1.0,1773.52,76.4826,True,True,True,https://noaa-nws-rtofs-pds.s3.amazonaws.com/rtofs.20241229/rtofs_glo_3dz_f006_6hrly_hvr_US_east.nc
ARGO_GDAC,pfl,aoml/4903549/profiles/D4903549_114.nc|2024-12-29T19:16:37Z|26.39687|-87.32879,aoml/4903549/profiles/D4903549_114.nc,4903549,4903549,26.39687,-87.32879,2024-12-29T19:16:37Z,20241229,2024,629,0.56,99.92,76.32,True,True,True,https://noaa-nws-rtofs-pds.s3.amazonaws.com/rtofs.20241229/rtofs_glo_3dz_f006_6hrly_hvr_US_east.nc
ARGO_GDAC,pfl,aoml/4903549/profiles/D4903549_115.nc|2025-01-03T20:15:14Z|26.31279|-87.06012,aoml/4903549/profiles/D4903549_115.nc,4903549,4903549,26.31279,-87.06012,2025-01-03T20:15:14Z,20250103,2025,891,1.04,1771.48,70.1059,True,True,True,https://noaa-nws-rtofs-pds.s3.amazonaws.com/rtofs.20250103/rtofs_glo_3dz_f006_6hrly_hvr_US_east.nc
ARGO_GDAC,pfl,aoml/4903549/profiles/D4903549_115.nc|2025-01-03T20:15:14Z|26.31279|-87.06012,aoml/4903549/profiles/D4903549_115.nc,4903549,4903549,26.31279,-87.06012,2025-01-03T20:15:14Z,20250103,2025,669,0.64,99.92,70.2133,True,True,True,https://noaa-nws-rtofs-pds.s3.amazonaws.com/rtofs.20250103/rtofs_glo_3dz_f006_6hrly_hvr_US_east.nc
ARGO_GDAC,pfl,aoml/4903549/profiles/D4903549_116.nc|2025-01-08T21:14:15Z|26.50414|-87.08133,aoml/4903549/profiles/D4903549_116.nc,4903549,4903549,26.50414,-87.08133,2025-01-08T21:14:15Z,20250108,2025,887,0.96,1763.36,74.8571,True,True,True,https://noaa-nws-rtofs-pds.s3.amazonaws.com/rtofs.20250108/rtofs_glo_3dz_f006_6hrly_hvr_US_east.nc
ARGO_GDAC,pfl,aoml/4903549/profiles/D4903549_116.nc|2025-01-08T21:14:15Z|26.50414|-87.08133,aoml/4903549/profiles/D4903549_116.nc,4903549,4903549,26.50414,-87.08133,2025-01-08T21:14:15Z,20250108,2025,774,0.56,99.96,74.6267,True,True,True,https://noaa-nws-rtofs-pds.s3.amazonaws.com/rtofs.20250108/rtofs_glo_3dz_f006_6hrly_hvr_US_east.nc
ARGO_GDAC,pfl,aoml/4903549/profiles/D4903549_117.nc|2025-01-13T22:03:41Z|26.75630|-87.30269,aoml/4903549/profiles/D4903549_117.nc,4903549,4903549,26.7563,-87.30269,2025-01-13T22:03:41Z,20250113,2025,878,0.96,1745.4,23.2815,True,True,True,https://noaa-nws-rtofs-pds.s3.amazonaws.com/rtofs.20250113/rtofs_glo_3dz_f006_6hrly_hvr_US_east.nc
ARGO_GDAC,pfl,aoml/4903549/profiles/D4903549_117.nc|2025-01-13T22:03:41Z|26.75630|-87.30269,aoml/4903549/profiles/D4903549_117.nc,4903549,4903549,26.7563,-87.30269,2025-01-13T22:03:41Z,20250113,2025,833,0.52,99.96,23.4133,True,True,True,https://noaa-nws-rtofs-pds.s3.amazonaws.com/rtofs.20250113/rtofs_glo_3dz_f006_6hrly_hvr_US_east.nc
ARGO_GDAC,pfl,aoml/4903549/profiles/D4903549_118.nc|2025-01-18T22:53:10Z|26.89419|-87.13138,aoml/4903549/profiles/D4903549_118.nc,4903549,4903549,26.89419,-87.13138,2025-01-18T22:53:10Z,20250118,2025,892,1.04,1773.08,25.1406,True,True,True,https://noaa-nws-rtofs-pds.s3.amazonaws.com/rtofs.20250118/rtofs_glo_3dz_f006_6hrly_hvr_US_east.nc
ARGO_GDAC,pfl,aoml/4903549/profiles/D4903549_118.nc|2025-01-18T22:53:10Z|26.89419|-87.13138,aoml/4903549/profiles/D4903549_118.nc,4903549,4903549,26.89419,-87.13138,2025-01-18T22:53:10Z,20250118,2025,806,0.64,100.0,25.3161,True,True,True,https://noaa-nws-rtofs-pds.s3.amazonaws.com/rtofs.20250118/rtofs_glo_3dz_f006_6hrly_hvr_US_east.nc
ARGO_GDAC,pfl,aoml/4903549/profiles/D4903549_119.nc|2025-01-23T23:49:56Z|27.03686|-86.78840,aoml/4903549/profiles/D4903549_119.nc,4903549,4903549,27.03686,-86.7884,2025-01-23T23:49:56Z,20250123,2025,888,1.04,1765.24,101.142,True,False,True,https://noaa-nws-rtofs-pds.s3.amazonaws.com/rtofs.20250123/rtofs_glo_3dz_f006_6hrly_hvr_US_east.nc
ARGO_GDAC,pfl,aoml/4903549/profiles/D4903549_119.nc|2025-01-23T23:49:56Z|27.03686|-86.78840,aoml/4903549/profiles/D4903549_119.nc,4903549,4903549,27.03686,-86.7884,2025-01-23T23:49:56Z,20250123,2025,824,0.6,99.96,,False,False,True,https://noaa-nws-rtofs-pds.s3.amazonaws.com/rtofs.20250123/rtofs_glo_3dz_f006_6hrly_hvr_US_east.nc
ARGO_GDAC,pfl,aoml/4903549/profiles/D4903549_120.nc|2025-01-29T00:51:52Z|27.16222|-86.76268,aoml/4903549/profiles/D4903549_120.nc,4903549,4903549,27.16222,-86.76268,2025-01-29T00:51:52Z,20250129,2025,906,0.4,1799.88,97.0625,True,True,True,https://noaa-nws-rtofs-pds.s3.amazonaws.com/rtofs.20250129/rtofs_glo_3dz_f006_6hrly_hvr_US_east.nc
ARGO_GDAC,pfl,aoml/4903549/profiles/D4903549_120.nc|2025-01-29T00:51:52Z|27.16222|-86.76268,aoml/4903549/profiles/D4903549_120.nc,4903549,4903549,27.16222,-86.76268,2025-01-29T00:51:52Z,20250129,2025,671,0.4,99.92,96.86,True,True,True,https://noaa-nws-rtofs-pds.s3.amazonaws.com/rtofs.20250129/rtofs_glo_3dz_f006_6hrly_hvr_US_east.nc
ARGO_GDAC,pfl,aoml/4903549/profiles/D4903549_121.nc|2025-02-03T01:52:20Z|27.21192|-86.75857,aoml/4903549/profiles/D4903549_121.nc,4903549,4903549,27.21192,-86.75857,2025-02-03T01:52:20Z,20250203,2025,894,1.04,1777.72,27.2885,True,True,True,https://noaa-nws-rtofs-pds.s3.amazonaws.com/rtofs.20250203/rtofs_glo_3dz_f006_6hrly_hvr_US_east.nc
ARGO_GDAC,pfl,aoml/4903549/profiles/D4903549_121.nc|2025-02-03T01:52:20Z|27.21192|-86.75857,aoml/4903549/profiles/D4903549_121.nc,4903549,4903549,27.21192,-86.75857,2025-02-03T01:52:20Z,20250203,2025,885,0.64,99.88,27.1,True,True,True,https://noaa-nws-rtofs-pds.s3.amazonaws.com/rtofs.20250203/rtofs_glo_3dz_f006_6hrly_hvr_US_east.nc
ARGO_GDAC,pfl,aoml/4903549/profiles/D4903549_122.nc|2025-02-08T02:42:59Z|27.42486|-86.82205,aoml/4903549/profiles/D4903549_122.nc,4903549,4903549,27.42486,-86.82205,2025-02-08T02:42:59Z,20250208,2025,894,1.0,1777.08,21.8583,True,True,True,https://noaa-nws-rtofs-pds.s3.amazonaws.com/rtofs.20250208/rtofs_glo_3dz_f006_6hrly_hvr_US_east.nc
ARGO_GDAC,pfl,aoml/4903549/profiles/D4903549_122.nc|2025-02-08T02:42:59Z|27.42486|-86.82205,aoml/4903549/profiles/D4903549_122.nc,4903549,4903549,27.42486,-86.82205,2025-02-08T02:42:59Z,20250208,2025,837,0.52,99.96,21.6533,True,True,True,https://noaa-nws-rtofs-pds.s3.amazonaws.com/rtofs.20250208/rtofs_glo_3dz_f006_6hrly_hvr_US_east.nc
ARGO_GDAC,pfl,aoml/4903549/profiles/D4903549_123.nc|2025-02-13T03:46:03Z|27.67860|-86.84804,aoml/4903549/profiles/D4903549_123.nc,4903549,4903549,27.6786,-86.84804,2025-02-13T03:46:03Z,20250213,2025,901,1.0,1791.8,14.5301,True,True,True,https://noaa-nws-rtofs-pds.s3.amazonaws.com/rtofs.20250213/rtofs_glo_3dz_f006_6hrly_hvr_US_east.nc
ARGO_GDAC,pfl,aoml/4903549/profiles/D4903549_123.nc|2025-02-13T03:46:03Z|27.67860|-86.84804,aoml/4903549/profiles/D4903549_123.nc,4903549,4903549,27.6786,-86.84804,2025-02-13T03:46:03Z,20250213,2025,832,0.6,99.88,14.7853,True,True,True,https://noaa-nws-rtofs-pds.s3.amazonaws.com/rtofs.20250213/rtofs_glo_3dz_f006_6hrly_hvr_US_east.nc
ARGO_GDAC,pfl,aoml/4903549/profiles/D4903549_124.nc|2025-02-18T04:38:59Z|27.80831|-86.84159,aoml/4903549/profiles/D4903549_124.nc,4903549,4903549,27.80831,-86.84159,2025-02-18T04:38:59Z,20250218,2025,888,1.04,1765.52,27.2752,True,True,True,https://noaa-nws-rtofs-pds.s3.amazonaws.com/rtofs.20250218/rtofs_glo_3dz_f006_6hrly_hvr_US_east.nc
ARGO_GDAC,pfl,aoml/4903549/profiles/D4903549_124.nc|2025-02-18T04:38:59Z|27.80831|-86.84159,aoml/4903549/profiles/D4903549_124.nc,4903549,4903549,27.80831,-86.84159,2025-02-18T04:38:59Z,20250218,2025,801,0.64,100.0,27.32,True,True,True,https://noaa-nws-rtofs-pds.s3.amazonaws.com/rtofs.20250218/rtofs_glo_3dz_f006_6hrly_hvr_US_east.nc
ARGO_GDAC,pfl,aoml/4903549/profiles/D4903549_125.nc|2025-02-23T05:37:11Z|27.83319|-86.84445,aoml/4903549/profiles/D4903549_125.nc,4903549,4903549,27.83319,-86.84445,2025-02-23T05:37:11Z,20250223,2025,899,0.36,1785.6,52.6009,True,True,True,https://noaa-nws-rtofs-pds.s3.amazonaws.com/rtofs.20250223/rtofs_glo_3dz_f006_6hrly_hvr_US_east.nc
ARGO_GDAC,pfl,aoml/4903549/profiles/D4903549_125.nc|2025-02-23T05:37:11Z|27.83319|-86.84445,aoml/4903549/profiles/D4903549_125.nc,4903549,4903549,27.83319,-86.84445,2025-02-23T05:37:11Z,20250223,2025,774,0.36,99.96,53.676,True,True,True,https://noaa-nws-rtofs-pds.s3.amazonaws.com/rtofs.20250223/rtofs_glo_3dz_f006_6hrly_hvr_US_east.nc
ARGO_GDAC,pfl,aoml/4903549/profiles/D4903549_126.nc|2025-02-28T06:31:24Z|27.90597|-86.84937,aoml/4903549/profiles/D4903549_126.nc,4903549,4903549,27.90597,-86.84937,2025-02-28T06:31:24Z,20250228,2025,887,1.04,1763.92,104.0196,True,False,True,https://noaa-nws-rtofs-pds.s3.amazonaws.com/rtofs.20250228/rtofs_glo_3dz_f006_6hrly_hvr_US_east.nc
ARGO_GDAC,pfl,aoml/4903549/profiles/D4903549_126.nc|2025-02-28T06:31:24Z|27.90597|-86.84937,aoml/4903549/profiles/D4903549_126.nc,4903549,4903549,27.90597,-86.84937,2025-02-28T06:31:24Z,20250228,2025,823,0.64,99.96,,False,False,True,https://noaa-nws-rtofs-pds.s3.amazonaws.com/rtofs.20250228/rtofs_glo_3dz_f006_6hrly_hvr_US_east.nc
ARGO_GDAC,pfl,aoml/4903549/profiles/D4903549_127.nc|2025-03-05T07:23:02Z|27.82897|-86.82718,aoml/4903549/profiles/D4903549_127.nc,4903549,4903549,27.82897,-86.82718,2025-03-05T07:23:02Z,20250305,2025,885,1.08,1759.28,118.1483,True,False,True,https://noaa-nws-rtofs-pds.s3.amazonaws.com/rtofs.20250305/rtofs_glo_3dz_f006_6hrly_hvr_US_east.nc
ARGO_GDAC,pfl,aoml/4903549/profiles/D4903549_127.nc|2025-03-05T07:23:02Z|27.82897|-86.82718,aoml/4903549/profiles/D4903549_127.nc,4903549,4903549,27.82897,-86.82718,2025-03-05T07:23:02Z,20250305,2025,815,0.72,99.88,,False,False,True,https://noaa-nws-rtofs-pds.s3.amazonaws.com/rtofs.20250305/rtofs_glo_3dz_f006_6hrly_hvr_US_east.nc
ARGO_GDAC,pfl,aoml/4903549/profiles/D4903549_128.nc|2025-03-10T08:13:11Z|27.68790|-86.91671,aoml/4903549/profiles/D4903549_128.nc,4903549,4903549,27.6879,-86.91671,2025-03-10T08:13:11Z,20250310,2025,888,0.44,1763.6,31.8287,True,True,True,https://noaa-nws-rtofs-pds.s3.amazonaws.com/rtofs.20250310/rtofs_glo_3dz_f006_6hrly_hvr_US_east.nc
ARGO_GDAC,pfl,aoml/4903549/profiles/D4903549_128.nc|2025-03-10T08:13:11Z|27.68790|-86.91671,aoml/4903549/profiles/D4903549_128.nc,4903549,4903549,27.6879,-86.91671,2025-03-10T08:13:11Z,20250310,2025,760,0.44,99.96,31.28,True,True,True,https://noaa-nws-rtofs-pds.s3.amazonaws.com/rtofs.20250310/rtofs_glo_3dz_f006_6hrly_hvr_US_east.nc
ARGO_GDAC,pfl,aoml/4903549/profiles/D4903549_129.nc|2025-03-15T09:11:58Z|27.59942|-86.91742,aoml/4903549/profiles/D4903549_129.nc,4903549,4903549,27.59942,-86.91742,2025-03-15T09:11:58Z,20250315,2025,901,0.96,1791.44,16.8279,True,True,True,https://noaa-nws-rtofs-pds.s3.amazonaws.com/rtofs.20250315/rtofs_glo_3dz_f006_6hrly_hvr_US_east.nc
ARGO_GDAC,pfl,aoml/4903549/profiles/D4903549_129.nc|2025-03-15T09:11:58Z|27.59942|-86.91742,aoml/4903549/profiles/D4903549_129.nc,4903549,4903549,27.59942,-86.91742,2025-03-15T09:11:58Z,20250315,2025,819,0.56,99.96,17.22,True,True,True,https://noaa-nws-rtofs-pds.s3.amazonaws.com/rtofs.20250315/rtofs_glo_3dz_f006_6hrly_hvr_US_east.nc
ARGO_GDAC,pfl,aoml/4903549/profiles/D4903549_130.nc|2025-03-20T09:57:33Z|27.63074|-86.92538,aoml/4903549/profiles/D4903549_130.nc,4903549,4903549,27.63074,-86.92538,2025-03-20T09:57:33Z,20250320,2025,882,1.04,1753.52,58.4665,True,True,True,https://noaa-nws-rtofs-pds.s3.amazonaws.com/rtofs.20250320/rtofs_glo_3dz_f006_6hrly_hvr_US_east.nc
ARGO_GDAC,pfl,aoml/4903549/profiles/D4903549_130.nc|2025-03-20T09:57:33Z|27.63074|-86.92538,aoml/4903549/profiles/D4903549_130.nc,4903549,4903549,27.63074,-86.92538,2025-03-20T09:57:33Z,20250320,2025,840,0.56,99.92,58.9,True,True,True,https://noaa-nws-rtofs-pds.s3.amazonaws.com/rtofs.20250320/rtofs_glo_3dz_f006_6hrly_hvr_US_east.nc
ARGO_GDAC,pfl,aoml/4903549/profiles/D4903549_131.nc|2025-03-25T10:47:11Z|27.59902|-86.91168,aoml/4903549/profiles/D4903549_131.nc,4903549,4903549,27.59902,-86.91168,2025-03-25T10:47:11Z,20250325,2025,880,1.0,1749.72,13.0152,True,True,True,https://noaa-nws-rtofs-pds.s3.amazonaws.com/rtofs.20250325/rtofs_glo_3dz_f006_6hrly_hvr_US_east.nc
ARGO_GDAC,pfl,aoml/4903549/profiles/D4903549_131.nc|2025-03-25T10:47:11Z|27.59902|-86.91168,aoml/4903549/profiles/D4903549_131.nc,4903549,4903549,27.59902,-86.91168,2025-03-25T10:47:11Z,20250325,2025,845,0.56,100.0,13.0787,True,True,True,https://noaa-nws-rtofs-pds.s3.amazonaws.com/rtofs.20250325/rtofs_glo_3dz_f006_6hrly_hvr_US_east.nc
ARGO_GDAC,pfl,aoml/4903549/profiles/D4903549_132.nc|2025-03-30T11:52:26Z|27.52169|-86.87363,aoml/4903549/profiles/D4903549_132.nc,4903549,4903549,27.52169,-86.87363,2025-03-30T11:52:26Z,20250330,2025,903,0.96,1795.72,33.7129,True,True,True,https://noaa-nws-rtofs-pds.s3.amazonaws.com/rtofs.20250330/rtofs_glo_3dz_f006_6hrly_hvr_US_east.nc
ARGO_GDAC,pfl,aoml/4903549/profiles/D4903549_132.nc|2025-03-30T11:52:26Z|27.52169|-86.87363,aoml/4903549/profiles/D4903549_132.nc,4903549,4903549,27.52169,-86.87363,2025-03-30T11:52:26Z,20250330,2025,817,0.56,99.88,34.1016,True,True,True,https://noaa-nws-rtofs-pds.s3.amazonaws.com/rtofs.20250330/rtofs_glo_3dz_f006_6hrly_hvr_US_east.nc
ARGO_GDAC,pfl,aoml/4903549/profiles/D4903549_133.nc|2025-04-04T12:51:16Z|27.51068|-86.97856,aoml/4903549/profiles/D4903549_133.nc,4903549,4903549,27.51068,-86.97856,2025-04-04T12:51:16Z,20250404,2025,897,1.04,1783.12,20.5673,True,True,True,https://noaa-nws-rtofs-pds.s3.amazonaws.com/rtofs.20250404/rtofs_glo_3dz_f006_6hrly_hvr_US_east.nc
ARGO_GDAC,pfl,aoml/4903549/profiles/D4903549_133.nc|2025-04-04T12:51:16Z|27.51068|-86.97856,aoml/4903549/profiles/D4903549_133.nc,4903549,4903549,27.51068,-86.97856,2025-04-04T12:51:16Z,20250404,2025,855,0.56,100.0,21.5057,True,True,True,https://noaa-nws-rtofs-pds.s3.amazonaws.com/rtofs.20250404/rtofs_glo_3dz_f006_6hrly_hvr_US_east.nc
ARGO_GDAC,pfl,aoml/4903549/profiles/D4903549_134.nc|2025-04-09T13:46:43Z|27.49078|-87.13491,aoml/4903549/profiles/D4903549_134.nc,4903549,4903549,27.49078,-87.13491,2025-04-09T13:46:43Z,20250409,2025,897,0.4,1781.56,36.7554,True,True,True,https://noaa-nws-rtofs-pds.s3.amazonaws.com/rtofs.20250409/rtofs_glo_3dz_f006_6hrly_hvr_US_east.nc
ARGO_GDAC,pfl,aoml/4903549/profiles/D4903549_134.nc|2025-04-09T13:46:43Z|27.49078|-87.13491,aoml/4903549/profiles/D4903549_134.nc,4903549,4903549,27.49078,-87.13491,2025-04-09T13:46:43Z,20250409,2025,860,0.4,99.96,37.224,True,True,True,https://noaa-nws-rtofs-pds.s3.amazonaws.com/rtofs.20250409/rtofs_glo_3dz_f006_6hrly_hvr_US_east.nc
ARGO_GDAC,pfl,aoml/4903549/profiles/D4903549_135.nc|2025-04-14T14:34:45Z|27.35476|-87.50561,aoml/4903549/profiles/D4903549_135.nc,4903549,4903549,27.35476,-87.50561,2025-04-14T14:34:45Z,20250414,2025,887,0.44,1762.16,36.0759,True,True,True,https://noaa-nws-rtofs-pds.s3.amazonaws.com/rtofs.20250414/rtofs_glo_3dz_f006_6hrly_hvr_US_east.nc
ARGO_GDAC,pfl,aoml/4903549/profiles/D4903549_135.nc|2025-04-14T14:34:45Z|27.35476|-87.50561,aoml/4903549/profiles/D4903549_135.nc,4903549,4903549,27.35476,-87.50561,2025-04-14T14:34:45Z,20250414,2025,792,0.44,99.92,35.9754,True,True,True,https://noaa-nws-rtofs-pds.s3.amazonaws.com/rtofs.20250414/rtofs_glo_3dz_f006_6hrly_hvr_US_east.nc
ARGO_GDAC,pfl,aoml/4903549/profiles/D4903549_136.nc|2025-04-19T15:18:57Z|27.04508|-87.99436,aoml/4903549/profiles/D4903549_136.nc,4903549,4903549,27.04508,-87.99436,2025-04-19T15:18:57Z,20250419,2025,873,0.44,1734.08,31.6153,True,True,True,https://noaa-nws-rtofs-pds.s3.amazonaws.com/rtofs.20250419/rtofs_glo_3dz_f006_6hrly_hvr_US_east.nc
ARGO_GDAC,pfl,aoml/4903549/profiles/D4903549_136.nc|2025-04-19T15:18:57Z|27.04508|-87.99436,aoml/4903549/profiles/D4903549_136.nc,4903549,4903549,27.04508,-87.99436,2025-04-19T15:18:57Z,20250419,2025,796,0.44,99.92,32.0825,True,True,True,https://noaa-nws-rtofs-pds.s3.amazonaws.com/rtofs.20250419/rtofs_glo_3dz_f006_6hrly_hvr_US_east.nc
ARGO_GDAC,pfl,aoml/4903549/profiles/D4903549_137.nc|2025-04-24T16:14:27Z|26.86191|-88.32280,aoml/4903549/profiles/D4903549_137.nc,4903549,4903549,26.86191,-88.3228,2025-04-24T16:14:27Z,20250424,2025,901,0.96,1791.48,28.3463,True,True,True,https://noaa-nws-rtofs-pds.s3.amazonaws.com/rtofs.20250424/rtofs_glo_3dz_f006_6hrly_hvr_US_east.nc
ARGO_GDAC,pfl,aoml/4903549/profiles/D4903549_137.nc|2025-04-24T16:14:27Z|26.86191|-88.32280,aoml/4903549/profiles/D4903549_137.nc,4903549,4903549,26.86191,-88.3228,2025-04-24T16:14:27Z,20250424,2025,819,0.56,99.92,28.54,True,True,True,https://noaa-nws-rtofs-pds.s3.amazonaws.com/rtofs.20250424/rtofs_glo_3dz_f006_6hrly_hvr_US_east.nc
ARGO_GDAC,pfl,aoml/4903549/profiles/D4903549_138.nc|2025-04-29T17:07:13Z|27.07646|-88.04663,aoml/4903549/profiles/D4903549_138.nc,4903549,4903549,27.07646,-88.04663,2025-04-29T17:07:13Z,20250429,2025,889,0.48,1765.64,16.621,True,True,True,https://noaa-nws-rtofs-pds.s3.amazonaws.com/rtofs.20250429/rtofs_glo_3dz_f006_6hrly_hvr_US_east.nc
ARGO_GDAC,pfl,aoml/4903549/profiles/D4903549_138.nc|2025-04-29T17:07:13Z|27.07646|-88.04663,aoml/4903549/profiles/D4903549_138.nc,4903549,4903549,27.07646,-88.04663,2025-04-29T17:07:13Z,20250429,2025,809,0.48,99.92,16.5034,True,True,True,https://noaa-nws-rtofs-pds.s3.amazonaws.com/rtofs.20250429/rtofs_glo_3dz_f006_6hrly_hvr_US_east.nc
ARGO_GDAC,pfl,aoml/4903549/profiles/D4903549_139.nc|2025-05-04T18:00:33Z|27.56234|-87.46210,aoml/4903549/profiles/D4903549_139.nc,4903549,4903549,27.56234,-87.4621,2025-05-04T18:00:33Z,20250504,2025,890,0.48,1767.72,20.1518,True,True,True,https://noaa-nws-rtofs-pds.s3.amazonaws.com/rtofs.20250504/rtofs_glo_3dz_f006_6hrly_hvr_US_east.nc
ARGO_GDAC,pfl,aoml/4903549/profiles/D4903549_139.nc|2025-05-04T18:00:33Z|27.56234|-87.46210,aoml/4903549/profiles/D4903549_139.nc,4903549,4903549,27.56234,-87.4621,2025-05-04T18:00:33Z,20250504,2025,851,0.48,99.92,20.24,True,True,True,https://noaa-nws-rtofs-pds.s3.amazonaws.com/rtofs.20250504/rtofs_glo_3dz_f006_6hrly_hvr_US_east.nc
ARGO_GDAC,pfl,aoml/4903549/profiles/D4903549_140.nc|2025-05-09T21:15:57Z|27.67042|-87.36289,aoml/4903549/profiles/D4903549_140.nc,4903549,4903549,27.67042,-87.36289,2025-05-09T21:15:57Z,20250509,2025,1007,1.08,2003.48,14.7431,True,True,True,https://noaa-nws-rtofs-pds.s3.amazonaws.com/rtofs.20250509/rtofs_glo_3dz_f006_6hrly_hvr_US_east.nc
ARGO_GDAC,pfl,aoml/4903549/profiles/D4903549_140.nc|2025-05-09T21:15:57Z|27.67042|-87.36289,aoml/4903549/profiles/D4903549_140.nc,4903549,4903549,27.67042,-87.36289,2025-05-09T21:15:57Z,20250509,2025,873,0.8,99.96,14.5511,True,True,True,https://noaa-nws-rtofs-pds.s3.amazonaws.com/rtofs.20250509/rtofs_glo_3dz_f006_6hrly_hvr_US_east.nc
ARGO_GDAC,pfl,aoml/4903549/profiles/D4903549_141.nc|2025-05-15T00:28:09Z|27.74420|-87.21516,aoml/4903549/profiles/D4903549_141.nc,4903549,4903549,27.7442,-87.21516,2025-05-15T00:28:09Z,20250515,2025,1009,1.04,2008.0,15.6968,True,True,True,https://noaa-nws-rtofs-pds.s3.amazonaws.com/rtofs.20250515/rtofs_glo_3dz_f006_6hrly_hvr_US_east.nc
ARGO_GDAC,pfl,aoml/4903549/profiles/D4903549_141.nc|2025-05-15T00:28:09Z|27.74420|-87.21516,aoml/4903549/profiles/D4903549_141.nc,4903549,4903549,27.7442,-87.21516,2025-05-15T00:28:09Z,20250515,2025,799,0.68,99.96,15.974,True,True,True,https://noaa-nws-rtofs-pds.s3.amazonaws.com/rtofs.20250515/rtofs_glo_3dz_f006_6hrly_hvr_US_east.nc
ARGO_GDAC,pfl,aoml/4903549/profiles/D4903549_142.nc|2025-05-20T03:46:29Z|27.82600|-87.39194,aoml/4903549/profiles/D4903549_142.nc,4903549,4903549,27.826,-87.39194,2025-05-20T03:46:29Z,20250520,2025,1008,1.08,2005.4,13.2769,True,True,True,https://noaa-nws-rtofs-pds.s3.amazonaws.com/rtofs.20250520/rtofs_glo_3dz_f006_6hrly_hvr_US_east.nc
ARGO_GDAC,pfl,aoml/4903549/profiles/D4903549_142.nc|2025-05-20T03:46:29Z|27.82600|-87.39194,aoml/4903549/profiles/D4903549_142.nc,4903549,4903549,27.826,-87.39194,2025-05-20T03:46:29Z,20250520,2025,804,0.68,99.92,13.3822,True,True,True,https://noaa-nws-rtofs-pds.s3.amazonaws.com/rtofs.20250520/rtofs_glo_3dz_f006_6hrly_hvr_US_east.nc
ARGO_GDAC,pfl,aoml/4903549/profiles/D4903549_143.nc|2025-05-25T07:05:01Z|27.77573|-87.70595,aoml/4903549/profiles/D4903549_143.nc,4903549,4903549,27.77573,-87.70595,2025-05-25T07:05:01Z,20250525,2025,1007,1.08,2003.52,13.0409,True,True,True,https://noaa-nws-rtofs-pds.s3.amazonaws.com/rtofs.20250525/rtofs_glo_3dz_f006_6hrly_hvr_US_east.nc
ARGO_GDAC,pfl,aoml/4903549/profiles/D4903549_143.nc|2025-05-25T07:05:01Z|27.77573|-87.70595,aoml/4903549/profiles/D4903549_143.nc,4903549,4903549,27.77573,-87.70595,2025-05-25T07:05:01Z,20250525,2025,798,0.72,99.96,13.3667,True,True,True,https://noaa-nws-rtofs-pds.s3.amazonaws.com/rtofs.20250525/rtofs_glo_3dz_f006_6hrly_hvr_US_east.nc
ARGO_GDAC,pfl,aoml/4903549/profiles/D4903549_144.nc|2025-05-30T10:22:49Z|27.57784|-87.89571,aoml/4903549/profiles/D4903549_144.nc,4903549,4903549,27.57784,-87.89571,2025-05-30T10:22:49Z,20250530,2025,1009,1.12,2007.52,13.9484,True,True,True,https://noaa-nws-rtofs-pds.s3.amazonaws.com/rtofs.20250530/rtofs_glo_3dz_f006_6hrly_hvr_US_east.nc
ARGO_GDAC,pfl,aoml/4903549/profiles/D4903549_144.nc|2025-05-30T10:22:49Z|27.57784|-87.89571,aoml/4903549/profiles/D4903549_144.nc,4903549,4903549,27.57784,-87.89571,2025-05-30T10:22:49Z,20250530,2025,868,0.8,99.96,14.1581,True,True,True,https://noaa-nws-rtofs-pds.s3.amazonaws.com/rtofs.20250530/rtofs_glo_3dz_f006_6hrly_hvr_US_east.nc
ARGO_GDAC,pfl,aoml/4903549/profiles/D4903549_145.nc|2025-06-04T13:45:25Z|27.61692|-87.79690,aoml/4903549/profiles/D4903549_145.nc,4903549,4903549,27.61692,-87.7969,2025-06-04T13:45:25Z,20250604,2025,1009,0.4,2006.2,16.2729,True,True,True,https://noaa-nws-rtofs-pds.s3.amazonaws.com/rtofs.20250604/rtofs_glo_3dz_f006_6hrly_hvr_US_east.nc
ARGO_GDAC,pfl,aoml/4903549/profiles/D4903549_145.nc|2025-06-04T13:45:25Z|27.61692|-87.79690,aoml/4903549/profiles/D4903549_145.nc,4903549,4903549,27.61692,-87.7969,2025-06-04T13:45:25Z,20250604,2025,804,0.4,99.84,16.5422,True,True,True,https://noaa-nws-rtofs-pds.s3.amazonaws.com/rtofs.20250604/rtofs_glo_3dz_f006_6hrly_hvr_US_east.nc
ARGO_GDAC,pfl,aoml/4903549/profiles/D4903549_146.nc|2025-06-09T17:15:58Z|27.74282|-87.63314,aoml/4903549/profiles/D4903549_146.nc,4903549,4903549,27.74282,-87.63314,2025-06-09T17:15:58Z,20250609,2025,1009,0.96,2007.12,11.7944,True,True,True,https://noaa-nws-rtofs-pds.s3.amazonaws.com/rtofs.20250609/rtofs_glo_3dz_f006_6hrly_hvr_US_east.nc
ARGO_GDAC,pfl,aoml/4903549/profiles/D4903549_146.nc|2025-06-09T17:15:58Z|27.74282|-87.63314,aoml/4903549/profiles/D4903549_146.nc,4903549,4903549,27.74282,-87.63314,2025-06-09T17:15:58Z,20250609,2025,800,0.56,100.0,12.1186,True,True,True,https://noaa-nws-rtofs-pds.s3.amazonaws.com/rtofs.20250609/rtofs_glo_3dz_f006_6hrly_hvr_US_east.nc
ARGO_GDAC,pfl,aoml/4903549/profiles/D4903549_147.nc|2025-06-14T20:32:17Z|27.90047|-87.38615,aoml/4903549/profiles/D4903549_147.nc,4903549,4903549,27.90047,-87.38615,2025-06-14T20:32:17Z,20250614,2025,1006,0.92,2001.48,12.4984,True,True,True,https://noaa-nws-rtofs-pds.s3.amazonaws.com/rtofs.20250614/rtofs_glo_3dz_f006_6hrly_hvr_US_east.nc
ARGO_GDAC,pfl,aoml/4903549/profiles/D4903549_147.nc|2025-06-14T20:32:17Z|27.90047|-87.38615,aoml/4903549/profiles/D4903549_147.nc,4903549,4903549,27.90047,-87.38615,2025-06-14T20:32:17Z,20250614,2025,759,0.52,99.92,13.1238,True,True,True,https://noaa-nws-rtofs-pds.s3.amazonaws.com/rtofs.20250614/rtofs_glo_3dz_f006_6hrly_hvr_US_east.nc
ARGO_GDAC,pfl,aoml/4903549/profiles/D4903549_148.nc|2025-06-20T00:06:16Z|28.03764|-87.60207,aoml/4903549/profiles/D4903549_148.nc,4903549,4903549,28.03764,-87.60207,2025-06-20T00:06:16Z,20250620,2025,1009,1.16,2007.52,11.426,True,True,True,https://noaa-nws-rtofs-pds.s3.amazonaws.com/rtofs.20250620/rtofs_glo_3dz_f006_6hrly_hvr_US_east.nc
ARGO_GDAC,pfl,aoml/4903549/profiles/D4903549_148.nc|2025-06-20T00:06:16Z|28.03764|-87.60207,aoml/4903549/profiles/D4903549_148.nc,4903549,4903549,28.03764,-87.60207,2025-06-20T00:06:16Z,20250620,2025,828,0.84,99.92,11.679,True,True,True,https://noaa-nws-rtofs-pds.s3.amazonaws.com/rtofs.20250620/rtofs_glo_3dz_f006_6hrly_hvr_US_east.nc
ARGO_GDAC,pfl,aoml/4903549/profiles/D4903549_149.nc|2025-06-25T03:27:17Z|27.99785|-87.82856,aoml/4903549/profiles/D4903549_149.nc,4903549,4903549,27.99785,-87.82856,2025-06-25T03:27:17Z,20250625,2025,1008,0.48,2004.36,12.7405,True,True,True,https://noaa-nws-rtofs-pds.s3.amazonaws.com/rtofs.20250625/rtofs_glo_3dz_f006_6hrly_hvr_US_east.nc
ARGO_GDAC,pfl,aoml/4903549/profiles/D4903549_149.nc|2025-06-25T03:27:17Z|27.99785|-87.82856,aoml/4903549/profiles/D4903549_149.nc,4903549,4903549,27.99785,-87.82856,2025-06-25T03:27:17Z,20250625,2025,802,0.48,99.84,13.1298,True,True,True,https://noaa-nws-rtofs-pds.s3.amazonaws.com/rtofs.20250625/rtofs_glo_3dz_f006_6hrly_hvr_US_east.nc
ARGO_GDAC,pfl,aoml/4903549/profiles/D4903549_150.nc|2025-06-30T06:51:20Z|27.92946|-87.64171,aoml/4903549/profiles/D4903549_150.nc,4903549,4903549,27.92946,-87.64171,2025-06-30T06:51:20Z,20250630,2025,1008,0.4,2003.8,16.6597,True,True,True,https://noaa-nws-rtofs-pds.s3.amazonaws.com/rtofs.20250630/rtofs_glo_3dz_f006_6hrly_hvr_US_east.nc
ARGO_GDAC,pfl,aoml/4903549/profiles/D4903549_150.nc|2025-06-30T06:51:20Z|27.92946|-87.64171,aoml/4903549/profiles/D4903549_150.nc,4903549,4903549,27.92946,-87.64171,2025-06-30T06:51:20Z,20250630,2025,853,0.4,99.96,17.0104,True,True,True,https://noaa-nws-rtofs-pds.s3.amazonaws.com/rtofs.20250630/rtofs_glo_3dz_f006_6hrly_hvr_US_east.nc
ARGO_GDAC,pfl,aoml/4903549/profiles/D4903549_151.nc|2025-07-05T10:19:35Z|27.89246|-87.80908,aoml/4903549/profiles/D4903549_151.nc,4903549,4903549,27.89246,-87.80908,2025-07-05T10:19:35Z,20250705,2025,1010,0.48,2007.44,25.8291,True,True,True,https://noaa-nws-rtofs-pds.s3.amazonaws.com/rtofs.20250705/rtofs_glo_3dz_f006_6hrly_hvr_US_east.nc
ARGO_GDAC,pfl,aoml/4903549/profiles/D4903549_151.nc|2025-07-05T10:19:35Z|27.89246|-87.80908,aoml/4903549/profiles/D4903549_151.nc,4903549,4903549,27.89246,-87.80908,2025-07-05T10:19:35Z,20250705,2025,746,0.48,99.92,25.9486,True,True,True,https://noaa-nws-rtofs-pds.s3.amazonaws.com/rtofs.20250705/rtofs_glo_3dz_f006_6hrly_hvr_US_east.nc
ARGO_GDAC,pfl,aoml/4903549/profiles/D4903549_152.nc|2025-07-10T14:01:45Z|27.98247|-88.11495,aoml/4903549/profiles/D4903549_152.nc,4903549,4903549,27.98247,-88.11495,2025-07-10T14:01:45Z,20250710,2025,1007,0.96,2003.6,13.2672,True,True,True,https://noaa-nws-rtofs-pds.s3.amazonaws.com/rtofs.20250710/rtofs_glo_3dz_f006_6hrly_hvr_US_east.nc
ARGO_GDAC,pfl,aoml/4903549/profiles/D4903549_152.nc|2025-07-10T14:01:45Z|27.98247|-88.11495,aoml/4903549/profiles/D4903549_152.nc,4903549,4903549,27.98247,-88.11495,2025-07-10T14:01:45Z,20250710,2025,798,0.52,99.92,11.9072,True,True,True,https://noaa-nws-rtofs-pds.s3.amazonaws.com/rtofs.20250710/rtofs_glo_3dz_f006_6hrly_hvr_US_east.nc
ARGO_GDAC,pfl,aoml/4903549/profiles/D4903549_153.nc|2025-07-15T17:31:12Z|28.06306|-87.93933,aoml/4903549/profiles/D4903549_153.nc,4903549,4903549,28.06306,-87.93933,2025-07-15T17:31:12Z,20250715,2025,1007,1.12,2003.4,17.2616,True,True,True,https://noaa-nws-rtofs-pds.s3.amazonaws.com/rtofs.20250715/rtofs_glo_3dz_f006_6hrly_hvr_US_east.nc
ARGO_GDAC,pfl,aoml/4903549/profiles/D4903549_153.nc|2025-07-15T17:31:12Z|28.06306|-87.93933,aoml/4903549/profiles/D4903549_153.nc,4903549,4903549,28.06306,-87.93933,2025-07-15T17:31:12Z,20250715,2025,824,0.8,99.96,16.555,True,True,True,https://noaa-nws-rtofs-pds.s3.amazonaws.com/rtofs.20250715/rtofs_glo_3dz_f006_6hrly_hvr_US_east.nc
ARGO_GDAC,pfl,aoml/4903549/profiles/D4903549_154.nc|2025-07-20T21:01:03Z|27.94605|-87.91561,aoml/4903549/profiles/D4903549_154.nc,4903549,4903549,27.94605,-87.91561,2025-07-20T21:01:03Z,20250720,2025,1007,1.08,2003.72,12.086,True,True,True,https://noaa-nws-rtofs-pds.s3.amazonaws.com/rtofs.20250720/rtofs_glo_3dz_f006_6hrly_hvr_US_east.nc
ARGO_GDAC,pfl,aoml/4903549/profiles/D4903549_154.nc|2025-07-20T21:01:03Z|27.94605|-87.91561,aoml/4903549/profiles/D4903549_154.nc,4903549,4903549,27.94605,-87.91561,2025-07-20T21:01:03Z,20250720,2025,892,0.72,99.96,11.8524,True,True,True,https://noaa-nws-rtofs-pds.s3.amazonaws.com/rtofs.20250720/rtofs_glo_3dz_f006_6hrly_hvr_US_east.nc
ARGO_GDAC,pfl,aoml/4903549/profiles/D4903549_155.nc|2025-07-26T00:26:27Z|27.97956|-87.89030,aoml/4903549/profiles/D4903549_155.nc,4903549,4903549,27.97956,-87.8903,2025-07-26T00:26:27Z,20250726,2025,1008,1.0,2006.2,15.4264,True,True,True,https://noaa-nws-rtofs-pds.s3.amazonaws.com/rtofs.20250726/rtofs_glo_3dz_f006_6hrly_hvr_US_east.nc
ARGO_GDAC,pfl,aoml/4903549/profiles/D4903549_155.nc|2025-07-26T00:26:27Z|27.97956|-87.89030,aoml/4903549/profiles/D4903549_155.nc,4903549,4903549,27.97956,-87.8903,2025-07-26T00:26:27Z,20250726,2025,834,0.6,99.88,10.7765,True,True,True,https://noaa-nws-rtofs-pds.s3.amazonaws.com/rtofs.20250726/rtofs_glo_3dz_f006_6hrly_hvr_US_east.nc
ARGO_GDAC,pfl,aoml/4903549/profiles/D4903549_156.nc|2025-07-31T03:56:45Z|27.94744|-87.83130,aoml/4903549/profiles/D4903549_156.nc,4903549,4903549,27.94744,-87.8313,2025-07-31T03:56:45Z,20250731,2025,1009,0.96,2008.04,17.0052,True,True,True,https://noaa-nws-rtofs-pds.s3.amazonaws.com/rtofs.20250731/rtofs_glo_3dz_f006_6hrly_hvr_US_east.nc
ARGO_GDAC,pfl,aoml/4903549/profiles/D4903549_156.nc|2025-07-31T03:56:45Z|27.94744|-87.83130,aoml/4903549/profiles/D4903549_156.nc,4903549,4903549,27.94744,-87.8313,2025-07-31T03:56:45Z,20250731,2025,836,0.52,100.0,16.7,True,True,True,https://noaa-nws-rtofs-pds.s3.amazonaws.com/rtofs.20250731/rtofs_glo_3dz_f006_6hrly_hvr_US_east.nc
ARGO_GDAC,pfl,aoml/4903549/profiles/D4903549_157.nc|2025-08-05T07:32:32Z|27.96390|-87.99550,aoml/4903549/profiles/D4903549_157.nc,4903549,4903549,27.9639,-87.9955,2025-08-05T07:32:32Z,20250805,2025,1009,0.48,2006.16,19.4273,True,True,True,https://noaa-nws-rtofs-pds.s3.amazonaws.com/rtofs.20250805/rtofs_glo_3dz_f006_6hrly_hvr_US_east.nc
ARGO_GDAC,pfl,aoml/4903549/profiles/D4903549_157.nc|2025-08-05T07:32:32Z|27.96390|-87.99550,aoml/4903549/profiles/D4903549_157.nc,4903549,4903549,27.9639,-87.9955,2025-08-05T07:32:32Z,20250805,2025,779,0.48,99.88,18.1801,True,True,True,https://noaa-nws-rtofs-pds.s3.amazonaws.com/rtofs.20250805/rtofs_glo_3dz_f006_6hrly_hvr_US_east.nc
ARGO_GDAC,pfl,aoml/4903549/profiles/D4903549_158.nc|2025-08-10T11:09:22Z|27.95911|-88.27267,aoml/4903549/profiles/D4903549_158.nc,4903549,4903549,27.95911,-88.27267,2025-08-10T11:09:22Z,20250810,2025,1006,2.44,2003.48,11.1245,True,True,True,https://noaa-nws-rtofs-pds.s3.amazonaws.com/rtofs.20250810/rtofs_glo_3dz_f006_6hrly_hvr_US_east.nc
ARGO_GDAC,pfl,aoml/4903549/profiles/D4903549_158.nc|2025-08-10T11:09:22Z|27.95911|-88.27267,aoml/4903549/profiles/D4903549_158.nc,4903549,4903549,27.95911,-88.27267,2025-08-10T11:09:22Z,20250810,2025,1002,2.4,100.0,11.0468,True,True,True,https://noaa-nws-rtofs-pds.s3.amazonaws.com/rtofs.20250810/rtofs_glo_3dz_f006_6hrly_hvr_US_east.nc
ARGO_GDAC,pfl,aoml/4903549/profiles/D4903549_159.nc|2025-08-15T14:57:48Z|28.08471|-87.94426,aoml/4903549/profiles/D4903549_159.nc,4903549,4903549,28.08471,-87.94426,2025-08-15T14:57:48Z,20250815,2025,1000,9.92,2007.2,13.8134,True,True,True,https://noaa-nws-rtofs-pds.s3.amazonaws.com/rtofs.20250815/rtofs_glo_3dz_f006_6hrly_hvr_US_east.nc
ARGO_GDAC,pfl,aoml/4903549/profiles/D4903549_159.nc|2025-08-15T14:57:48Z|28.08471|-87.94426,aoml/4903549/profiles/D4903549_159.nc,4903549,4903549,28.08471,-87.94426,2025-08-15T14:57:48Z,20250815,2025,922,9.64,99.92,14.016,True,True,True,https://noaa-nws-rtofs-pds.s3.amazonaws.com/rtofs.20250815/rtofs_glo_3dz_f006_6hrly_hvr_US_east.nc
ARGO_GDAC,pfl,aoml/4903549/profiles/D4903549_160.nc|2025-08-20T18:35:09Z|28.02193|-88.29225,aoml/4903549/profiles/D4903549_160.nc,4903549,4903549,28.02193,-88.29225,2025-08-20T18:35:09Z,20250820,2025,1007,1.12,2003.48,13.1167,True,True,True,https://noaa-nws-rtofs-pds.s3.amazonaws.com/rtofs.20250820/rtofs_glo_3dz_f006_6hrly_hvr_US_east.nc
ARGO_GDAC,pfl,aoml/4903549/profiles/D4903549_160.nc|2025-08-20T18:35:09Z|28.02193|-88.29225,aoml/4903549/profiles/D4903549_160.nc,4903549,4903549,28.02193,-88.29225,2025-08-20T18:35:09Z,20250820,2025,874,0.8,99.96,13.269,True,True,True,https://noaa-nws-rtofs-pds.s3.amazonaws.com/rtofs.20250820/rtofs_glo_3dz_f006_6hrly_hvr_US_east.nc
ARGO_GDAC,pfl,aoml/4903549/profiles/D4903549_161.nc|2025-08-25T22:06:20Z|27.96355|-88.57263,aoml/4903549/profiles/D4903549_161.nc,4903549,4903549,27.96355,-88.57263,2025-08-25T22:06:20Z,20250825,2025,1009,1.0,2008.2,10.9076,True,True,True,https://noaa-nws-rtofs-pds.s3.amazonaws.com/rtofs.20250825/rtofs_glo_3dz_f006_6hrly_hvr_US_east.nc
ARGO_GDAC,pfl,aoml/4903549/profiles/D4903549_161.nc|2025-08-25T22:06:20Z|27.96355|-88.57263,aoml/4903549/profiles/D4903549_161.nc,4903549,4903549,27.96355,-88.57263,2025-08-25T22:06:20Z,20250825,2025,936,0.6,99.96,10.9943,True,True,True,https://noaa-nws-rtofs-pds.s3.amazonaws.com/rtofs.20250825/rtofs_glo_3dz_f006_6hrly_hvr_US_east.nc
ARGO_GDAC,pfl,aoml/4903549/profiles/D4903549_162.nc|2025-08-31T01:35:42Z|27.91749|-88.57472,aoml/4903549/profiles/D4903549_162.nc,4903549,4903549,27.91749,-88.57472,2025-08-31T01:35:42Z,20250831,2025,1008,1.08,2005.12,11.0592,True,True,True,https://noaa-nws-rtofs-pds.s3.amazonaws.com/rtofs.20250831/rtofs_glo_3dz_f006_6hrly_hvr_US_east.nc
ARGO_GDAC,pfl,aoml/4903549/profiles/D4903549_162.nc|2025-08-31T01:35:42Z|27.91749|-88.57472,aoml/4903549/profiles/D4903549_162.nc,4903549,4903549,27.91749,-88.57472,2025-08-31T01:35:42Z,20250831,2025,1020,3.68,99.92,11.0816,True,True,True,https://noaa-nws-rtofs-pds.s3.amazonaws.com/rtofs.20250831/rtofs_glo_3dz_f006_6hrly_hvr_US_east.nc
ARGO_GDAC,pfl,aoml/4903549/profiles/D4903549_163.nc|2025-09-05T05:11:30Z|27.97074|-88.61665,aoml/4903549/profiles/D4903549_163.nc,4903549,4903549,27.97074,-88.61665,2025-09-05T05:11:30Z,20250905,2025,1007,1.08,2003.92,20.2918,True,True,True,https://noaa-nws-rtofs-pds.s3.amazonaws.com/rtofs.20250905/rtofs_glo_3dz_f006_6hrly_hvr_US_east.nc
ARGO_GDAC,pfl,aoml/4903549/profiles/D4903549_163.nc|2025-09-05T05:11:30Z|27.97074|-88.61665,aoml/4903549/profiles/D4903549_163.nc,4903549,4903549,27.97074,-88.61665,2025-09-05T05:11:30Z,20250905,2025,962,0.68,99.96,20.2426,True,True,True,https://noaa-nws-rtofs-pds.s3.amazonaws.com/rtofs.20250905/rtofs_glo_3dz_f006_6hrly_hvr_US_east.nc
ARGO_GDAC,pfl,aoml/4903549/profiles/D4903549_164.nc|2025-09-10T09:12:57Z|27.98228|-88.65137,aoml/4903549/profiles/D4903549_164.nc,4903549,4903549,27.98228,-88.65137,2025-09-10T09:12:57Z,20250910,2025,999,1.12,1987.24,13.2122,True,True,True,https://noaa-nws-rtofs-pds.s3.amazonaws.com/rtofs.20250910/rtofs_glo_3dz_f006_6hrly_hvr_US_east.nc
ARGO_GDAC,pfl,aoml/4903549/profiles/D4903549_164.nc|2025-09-10T09:12:57Z|27.98228|-88.65137,aoml/4903549/profiles/D4903549_164.nc,4903549,4903549,27.98228,-88.65137,2025-09-10T09:12:57Z,20250910,2025,845,0.8,99.92,13.6005,True,True,True,https://noaa-nws-rtofs-pds.s3.amazonaws.com/rtofs.20250910/rtofs_glo_3dz_f006_6hrly_hvr_US_east.nc
ARGO_GDAC,pfl,aoml/4903549/profiles/D4903549_165.nc|2025-09-15T12:56:54Z|27.81443|-88.69241,aoml/4903549/profiles/D4903549_165.nc,4903549,4903549,27.81443,-88.69241,2025-09-15T12:56:54Z,20250915,2025,922,1.08,1833.28,20.1958,True,True,True,https://noaa-nws-rtofs-pds.s3.amazonaws.com/rtofs.20250915/rtofs_glo_3dz_f006_6hrly_hvr_US_east.nc
ARGO_GDAC,pfl,aoml/4903549/profiles/D4903549_165.nc|2025-09-15T12:56:54Z|27.81443|-88.69241,aoml/4903549/profiles/D4903549_165.nc,4903549,4903549,27.81443,-88.69241,2025-09-15T12:56:54Z,20250915,2025,910,0.56,100.0,20.1704,True,True,True,https://noaa-nws-rtofs-pds.s3.amazonaws.com/rtofs.20250915/rtofs_glo_3dz_f006_6hrly_hvr_US_east.nc
ARGO_GDAC,pfl,aoml/4903549/profiles/D4903549_166.nc|2025-09-20T16:40:35Z|27.82092|-88.69517,aoml/4903549/profiles/D4903549_166.nc,4903549,4903549,27.82092,-88.69517,2025-09-20T16:40:35Z,20250920,2025,927,0.44,1842.16,34.0804,True,True,True,https://noaa-nws-rtofs-pds.s3.amazonaws.com/rtofs.20250920/rtofs_glo_3dz_f006_6hrly_hvr_US_east.nc
ARGO_GDAC,pfl,aoml/4903549/profiles/D4903549_166.nc|2025-09-20T16:40:35Z|27.82092|-88.69517,aoml/4903549/profiles/D4903549_166.nc,4903549,4903549,27.82092,-88.69517,2025-09-20T16:40:35Z,20250920,2025,842,0.44,99.84,34.225,True,True,True,https://noaa-nws-rtofs-pds.s3.amazonaws.com/rtofs.20250920/rtofs_glo_3dz_f006_6hrly_hvr_US_east.nc
ARGO_GDAC,pfl,aoml/4903549/profiles/D4903549_167.nc|2025-09-25T20:28:06Z|27.78328|-88.66755,aoml/4903549/profiles/D4903549_167.nc,4903549,4903549,27.78328,-88.66755,2025-09-25T20:28:06Z,20250925,2025,957,1.04,1903.48,13.7328,True,True,True,https://noaa-nws-rtofs-pds.s3.amazonaws.com/rtofs.20250925/rtofs_glo_3dz_f006_6hrly_hvr_US_east.nc
ARGO_GDAC,pfl,aoml/4903549/profiles/D4903549_167.nc|2025-09-25T20:28:06Z|27.78328|-88.66755,aoml/4903549/profiles/D4903549_167.nc,4903549,4903549,27.78328,-88.66755,2025-09-25T20:28:06Z,20250925,2025,877,0.6,99.96,13.4139,True,True,True,https://noaa-nws-rtofs-pds.s3.amazonaws.com/rtofs.20250925/rtofs_glo_3dz_f006_6hrly_hvr_US_east.nc
ARGO_GDAC,pfl,aoml/4903549/profiles/D4903549_168.nc|2025-10-01T00:05:30Z|27.68913|-88.65703,aoml/4903549/profiles/D4903549_168.nc,4903549,4903549,27.68913,-88.65703,2025-10-01T00:05:30Z,20251001,2025,907,0.44,1801.44,35.562,True,True,True,https://noaa-nws-rtofs-pds.s3.amazonaws.com/rtofs.20251001/rtofs_glo_3dz_f006_6hrly_hvr_US_east.nc
ARGO_GDAC,pfl,aoml/4903549/profiles/D4903549_168.nc|2025-10-01T00:05:30Z|27.68913|-88.65703,aoml/4903549/profiles/D4903549_168.nc,4903549,4903549,27.68913,-88.65703,2025-10-01T00:05:30Z,20251001,2025,790,0.44,99.92,35.9826,True,True,True,https://noaa-nws-rtofs-pds.s3.amazonaws.com/rtofs.20251001/rtofs_glo_3dz_f006_6hrly_hvr_US_east.nc
ARGO_GDAC,pfl,aoml/4903549/profiles/D4903549_169.nc|2025-10-06T03:33:06Z|27.66122|-88.81585,aoml/4903549/profiles/D4903549_169.nc,4903549,4903549,27.66122,-88.81585,2025-10-06T03:33:06Z,20251006,2025,875,1.08,1739.92,28.4782,True,True,True,https://noaa-nws-rtofs-pds.s3.amazonaws.com/rtofs.20251006/rtofs_glo_3dz_f006_6hrly_hvr_US_east.nc
ARGO_GDAC,pfl,aoml/4903549/profiles/D4903549_169.nc|2025-10-06T03:33:06Z|27.66122|-88.81585,aoml/4903549/profiles/D4903549_169.nc,4903549,4903549,27.66122,-88.81585,2025-10-06T03:33:06Z,20251006,2025,919,0.72,99.96,29.031,True,True,True,https://noaa-nws-rtofs-pds.s3.amazonaws.com/rtofs.20251006/rtofs_glo_3dz_f006_6hrly_hvr_US_east.nc
ARGO_GDAC,pfl,aoml/4903549/profiles/D4903549_170.nc|2025-10-11T07:08:28Z|27.64407|-88.73380,aoml/4903549/profiles/D4903549_170.nc,4903549,4903549,27.64407,-88.7338,2025-10-11T07:08:28Z,20251011,2025,921,1.08,1831.24,33.0022,True,True,True,https://noaa-nws-rtofs-pds.s3.amazonaws.com/rtofs.20251011/rtofs_glo_3dz_f006_6hrly_hvr_US_east.nc
ARGO_GDAC,pfl,aoml/4903549/profiles/D4903549_170.nc|2025-10-11T07:08:28Z|27.64407|-88.73380,aoml/4903549/profiles/D4903549_170.nc,4903549,4903549,27.64407,-88.7338,2025-10-11T07:08:28Z,20251011,2025,903,0.72,99.92,33.4061,True,True,True,https://noaa-nws-rtofs-pds.s3.amazonaws.com/rtofs.20251011/rtofs_glo_3dz_f006_6hrly_hvr_US_east.nc
ARGO_GDAC,pfl,aoml/4903549/profiles/D4903549_171.nc|2025-10-16T10:37:47Z|27.68111|-88.68536,aoml/4903549/profiles/D4903549_171.nc,4903549,4903549,27.68111,-88.68536,2025-10-16T10:37:47Z,20251016,2025,882,0.36,1751.88,36.6306,True,True,True,https://noaa-nws-rtofs-pds.s3.amazonaws.com/rtofs.20251016/rtofs_glo_3dz_f006_6hrly_hvr_US_east.nc
ARGO_GDAC,pfl,aoml/4903549/profiles/D4903549_171.nc|2025-10-16T10:37:47Z|27.68111|-88.68536,aoml/4903549/profiles/D4903549_171.nc,4903549,4903549,27.68111,-88.68536,2025-10-16T10:37:47Z,20251016,2025,944,0.36,99.92,37.6217,True,True,True,https://noaa-nws-rtofs-pds.s3.amazonaws.com/rtofs.20251016/rtofs_glo_3dz_f006_6hrly_hvr_US_east.nc
ARGO_GDAC,pfl,aoml/4903549/profiles/D4903549_172.nc|2025-10-21T14:23:02Z|27.50978|-88.53234,aoml/4903549/profiles/D4903549_172.nc,4903549,4903549,27.50978,-88.53234,2025-10-21T14:23:02Z,20251021,2025,1007,0.48,2002.0,45.1265,True,True,True,https://noaa-nws-rtofs-pds.s3.amazonaws.com/rtofs.20251021/rtofs_glo_3dz_f006_6hrly_hvr_US_east.nc
ARGO_GDAC,pfl,aoml/4903549/profiles/D4903549_172.nc|2025-10-21T14:23:02Z|27.50978|-88.53234,aoml/4903549/profiles/D4903549_172.nc,4903549,4903549,27.50978,-88.53234,2025-10-21T14:23:02Z,20251021,2025,831,0.48,99.96,45.5536,True,True,True,https://noaa-nws-rtofs-pds.s3.amazonaws.com/rtofs.20251021/rtofs_glo_3dz_f006_6hrly_hvr_US_east.nc
ARGO_GDAC,pfl,aoml/4903549/profiles/D4903549_173.nc|2025-10-26T18:02:46Z|27.36881|-88.86430,aoml/4903549/profiles/D4903549_173.nc,4903549,4903549,27.36881,-88.8643,2025-10-26T18:02:46Z,20251026,2025,1010,0.48,2008.08,12.9617,True,True,True,https://noaa-nws-rtofs-pds.s3.amazonaws.com/rtofs.20251026/rtofs_glo_3dz_f006_6hrly_hvr_US_east.nc
ARGO_GDAC,pfl,aoml/4903549/profiles/D4903549_173.nc|2025-10-26T18:02:46Z|27.36881|-88.86430,aoml/4903549/profiles/D4903549_173.nc,4903549,4903549,27.36881,-88.8643,2025-10-26T18:02:46Z,20251026,2025,902,0.48,99.92,13.3125,True,True,True,https://noaa-nws-rtofs-pds.s3.amazonaws.com/rtofs.20251026/rtofs_glo_3dz_f006_6hrly_hvr_US_east.nc
ARGO_GDAC,pfl,aoml/4903549/profiles/D4903549_174.nc|2025-10-31T21:24:00Z|27.06983|-88.70888,aoml/4903549/profiles/D4903549_174.nc,4903549,4903549,27.06983,-88.70888,2025-10-31T21:24:00Z,20251031,2025,1008,1.08,2005.76,51.2068,True,True,True,https://noaa-nws-rtofs-pds.s3.amazonaws.com/rtofs.20251031/rtofs_glo_3dz_f006_6hrly_hvr_US_east.nc
ARGO_GDAC,pfl,aoml/4903549/profiles/D4903549_174.nc|2025-10-31T21:24:00Z|27.06983|-88.70888,aoml/4903549/profiles/D4903549_174.nc,4903549,4903549,27.06983,-88.70888,2025-10-31T21:24:00Z,20251031,2025,967,0.64,99.92,51.5333,True,True,True,https://noaa-nws-rtofs-pds.s3.amazonaws.com/rtofs.20251031/rtofs_glo_3dz_f006_6hrly_hvr_US_east.nc
ARGO_GDAC,pfl,aoml/4903549/profiles/D4903549_175.nc|2025-11-06T00:51:28Z|26.64630|-88.83549,aoml/4903549/profiles/D4903549_175.nc,4903549,4903549,26.6463,-88.83549,2025-11-06T00:51:28Z,20251106,2025,1009,0.44,2005.52,54.851,True,True,True,https://noaa-nws-rtofs-pds.s3.amazonaws.com/rtofs.20251106/rtofs_glo_3dz_f006_6hrly_hvr_US_east.nc
ARGO_GDAC,pfl,aoml/4903549/profiles/D4903549_175.nc|2025-11-06T00:51:28Z|26.64630|-88.83549,aoml/4903549/profiles/D4903549_175.nc,4903549,4903549,26.6463,-88.83549,2025-11-06T00:51:28Z,20251106,2025,744,0.44,99.92,54.6914,True,True,True,https://noaa-nws-rtofs-pds.s3.amazonaws.com/rtofs.20251106/rtofs_glo_3dz_f006_6hrly_hvr_US_east.nc
ARGO_GDAC,pfl,aoml/4903549/profiles/D4903549_176.nc|2025-11-11T04:36:20Z|26.49865|-88.90063,aoml/4903549/profiles/D4903549_176.nc,4903549,4903549,26.49865,-88.90063,2025-11-11T04:36:20Z,20251111,2025,1008,1.04,2006.2,77.2503,True,True,True,https://noaa-nws-rtofs-pds.s3.amazonaws.com/rtofs.20251111/rtofs_glo_3dz_f006_6hrly_hvr_US_east.nc
ARGO_GDAC,pfl,aoml/4903549/profiles/D4903549_176.nc|2025-11-11T04:36:20Z|26.49865|-88.90063,aoml/4903549/profiles/D4903549_176.nc,4903549,4903549,26.49865,-88.90063,2025-11-11T04:36:20Z,20251111,2025,793,0.68,99.92,77.7151,True,True,True,https://noaa-nws-rtofs-pds.s3.amazonaws.com/rtofs.20251111/rtofs_glo_3dz_f006_6hrly_hvr_US_east.nc
ARGO_GDAC,pfl,aoml/4903549/profiles/D4903549_177.nc|2025-11-16T08:12:58Z|26.54119|-89.16605,aoml/4903549/profiles/D4903549_177.nc,4903549,4903549,26.54119,-89.16605,2025-11-16T08:12:58Z,20251116,2025,1008,1.0,2005.56,75.348,True,True,True,https://noaa-nws-rtofs-pds.s3.amazonaws.com/rtofs.20251116/rtofs_glo_3dz_f006_6hrly_hvr_US_east.nc
ARGO_GDAC,pfl,aoml/4903549/profiles/D4903549_177.nc|2025-11-16T08:12:58Z|26.54119|-89.16605,aoml/4903549/profiles/D4903549_177.nc,4903549,4903549,26.54119,-89.16605,2025-11-16T08:12:58Z,20251116,2025,808,0.56,99.96,75.31,True,True,True,https://noaa-nws-rtofs-pds.s3.amazonaws.com/rtofs.20251116/rtofs_glo_3dz_f006_6hrly_hvr_US_east.nc
ARGO_GDAC,pfl,aoml/4903549/profiles/D4903549_178.nc|2025-11-21T12:06:03Z|26.94629|-89.30105,aoml/4903549/profiles/D4903549_178.nc,4903549,4903549,26.94629,-89.30105,2025-11-21T12:06:03Z,20251121,2025,1010,0.36,2007.8,65.3188,True,True,True,https://noaa-nws-rtofs-pds.s3.amazonaws.com/rtofs.20251121/rtofs_glo_3dz_f006_6hrly_hvr_US_east.nc
ARGO_GDAC,pfl,aoml/4903549/profiles/D4903549_178.nc|2025-11-21T12:06:03Z|26.94629|-89.30105,aoml/4903549/profiles/D4903549_178.nc,4903549,4903549,26.94629,-89.30105,2025-11-21T12:06:03Z,20251121,2025,731,0.36,99.96,65.6133,True,True,True,https://noaa-nws-rtofs-pds.s3.amazonaws.com/rtofs.20251121/rtofs_glo_3dz_f006_6hrly_hvr_US_east.nc
ARGO_GDAC,pfl,aoml/4903549/profiles/D4903549_179.nc|2025-11-26T15:47:13Z|26.93620|-89.35322,aoml/4903549/profiles/D4903549_179.nc,4903549,4903549,26.9362,-89.35322,2025-11-26T15:47:13Z,20251126,2025,1008,1.0,2006.4,38.8547,True,True,True,https://noaa-nws-rtofs-pds.s3.amazonaws.com/rtofs.20251126/rtofs_glo_3dz_f006_6hrly_hvr_US_east.nc
ARGO_GDAC,pfl,aoml/4903549/profiles/D4903549_179.nc|2025-11-26T15:47:13Z|26.93620|-89.35322,aoml/4903549/profiles/D4903549_179.nc,4903549,4903549,26.9362,-89.35322,2025-11-26T15:47:13Z,20251126,2025,873,0.68,99.92,38.5169,True,True,True,https://noaa-nws-rtofs-pds.s3.amazonaws.com/rtofs.20251126/rtofs_glo_3dz_f006_6hrly_hvr_US_east.nc
ARGO_GDAC,pfl,aoml/4903549/profiles/D4903549_180.nc|2025-12-01T19:31:19Z|26.85993|-89.22807,aoml/4903549/profiles/D4903549_180.nc,4903549,4903549,26.85993,-89.22807,2025-12-01T19:31:19Z,20251201,2025,1007,1.0,2003.2,64.6912,True,True,True,https://noaa-nws-rtofs-pds.s3.amazonaws.com/rtofs.20251201/rtofs_glo_3dz_f006_6hrly_hvr_US_east.nc
ARGO_GDAC,pfl,aoml/4903549/profiles/D4903549_180.nc|2025-12-01T19:31:19Z|26.85993|-89.22807,aoml/4903549/profiles/D4903549_180.nc,4903549,4903549,26.85993,-89.22807,2025-12-01T19:31:19Z,20251201,2025,822,0.56,99.96,65.4459,True,True,True,https://noaa-nws-rtofs-pds.s3.amazonaws.com/rtofs.20251201/rtofs_glo_3dz_f006_6hrly_hvr_US_east.nc
ARGO_GDAC,pfl,aoml/4903549/profiles/R4903549_181.nc|2025-12-06T23:04:16Z|26.91337|-89.16466,aoml/4903549/profiles/R4903549_181.nc,4903549,4903549,26.91337,-89.16466,2025-12-06T23:04:16Z,20251206,2025,1006,1.0,2001.8,69.0309,True,True,True,https://noaa-nws-rtofs-pds.s3.amazonaws.com/rtofs.20251206/rtofs_glo_3dz_f006_6hrly_hvr_US_east.nc
ARGO_GDAC,pfl,aoml/4903549/profiles/R4903549_181.nc|2025-12-06T23:04:16Z|26.91337|-89.16466,aoml/4903549/profiles/R4903549_181.nc,4903549,4903549,26.91337,-89.16466,2025-12-06T23:04:16Z,20251206,2025,819,0.64,99.92,68.988,True,True,True,https://noaa-nws-rtofs-pds.s3.amazonaws.com/rtofs.20251206/rtofs_glo_3dz_f006_6hrly_hvr_US_east.nc
ARGO_GDAC,pfl,aoml/4903549/profiles/R4903549_182.nc|2025-12-12T02:36:42Z|27.12068|-89.32211,aoml/4903549/profiles/R4903549_182.nc,4903549,4903549,27.12068,-89.32211,2025-12-12T02:36:42Z,20251212,2025,1006,1.04,2002.08,51.9005,True,True,True,https://noaa-nws-rtofs-pds.s3.amazonaws.com/rtofs.20251212/rtofs_glo_3dz_f006_6hrly_hvr_US_east.nc
ARGO_GDAC,pfl,aoml/4903549/profiles/R4903549_182.nc|2025-12-12T02:36:42Z|27.12068|-89.32211,aoml/4903549/profiles/R4903549_182.nc,4903549,4903549,27.12068,-89.32211,2025-12-12T02:36:42Z,20251212,2025,792,0.6,99.96,51.7066,True,True,True,https://noaa-nws-rtofs-pds.s3.amazonaws.com/rtofs.20251212/rtofs_glo_3dz_f006_6hrly_hvr_US_east.nc
ARGO_GDAC,pfl,aoml/4903549/profiles/R4903549_183.nc|2025-12-17T06:25:28Z|27.05439|-89.41719,aoml/4903549/profiles/R4903549_183.nc,4903549,4903549,27.05439,-89.41719,2025-12-17T06:25:28Z,20251217,2025,1008,1.0,2006.36,56.7152,True,True,True,https://noaa-nws-rtofs-pds.s3.amazonaws.com/rtofs.20251217/rtofs_glo_3dz_f006_6hrly_hvr_US_east.nc
ARGO_GDAC,pfl,aoml/4903549/profiles/R4903549_183.nc|2025-12-17T06:25:28Z|27.05439|-89.41719,aoml/4903549/profiles/R4903549_183.nc,4903549,4903549,27.05439,-89.41719,2025-12-17T06:25:28Z,20251217,2025,830,0.6,99.92,56.9476,True,True,True,https://noaa-nws-rtofs-pds.s3.amazonaws.com/rtofs.20251217/rtofs_glo_3dz_f006_6hrly_hvr_US_east.nc
ARGO_GDAC,pfl,aoml/4903549/profiles/R4903549_184.nc|2025-12-22T09:52:49Z|27.06181|-89.46973,aoml/4903549/profiles/R4903549_184.nc,4903549,4903549,27.06181,-89.46973,2025-12-22T09:52:49Z,20251222,2025,1006,1.0,2001.88,46.4596,True,True,True,https://noaa-nws-rtofs-pds.s3.amazonaws.com/rtofs.20251222/rtofs_glo_3dz_f006_6hrly_hvr_US_east.nc
ARGO_GDAC,pfl,aoml/4903549/profiles/R4903549_184.nc|2025-12-22T09:52:49Z|27.06181|-89.46973,aoml/4903549/profiles/R4903549_184.nc,4903549,4903549,27.06181,-89.46973,2025-12-22T09:52:49Z,20251222,2025,882,0.6,99.96,46.152,True,True,True,https://noaa-nws-rtofs-pds.s3.amazonaws.com/rtofs.20251222/rtofs_glo_3dz_f006_6hrly_hvr_US_east.nc
ARGO_GDAC,pfl,aoml/4903549/profiles/R4903549_185.nc|2025-12-27T13:25:32Z|27.07950|-89.60629,aoml/4903549/profiles/R4903549_185.nc,4903549,4903549,27.0795,-89.60629,2025-12-27T13:25:32Z,20251227,2025,1007,0.96,2003.48,57.1789,True,True,True,https://noaa-nws-rtofs-pds.s3.amazonaws.com/rtofs.20251227/rtofs_glo_3dz_f006_6hrly_hvr_US_east.nc
ARGO_GDAC,pfl,aoml/4903549/profiles/R4903549_185.nc|2025-12-27T13:25:32Z|27.07950|-89.60629,aoml/4903549/profiles/R4903549_185.nc,4903549,4903549,27.0795,-89.60629,2025-12-27T13:25:32Z,20251227,2025,820,0.6,99.88,57.5989,True,True,True,https://noaa-nws-rtofs-pds.s3.amazonaws.com/rtofs.20251227/rtofs_glo_3dz_f006_6hrly_hvr_US_east.nc
ARGO_GDAC,pfl,aoml/4903550/profiles/D4903550_042.nc|2024-01-01T16:32:48Z|24.51371|-89.42332,aoml/4903550/profiles/D4903550_042.nc,4903550,4903550,24.51371,-89.42332,2024-01-01T16:32:48Z,20240101,2024,1014,0.44,2016.16,108.7763,True,False,False,
ARGO_GDAC,pfl,aoml/4903550/profiles/D4903550_042.nc|2024-01-01T16:32:48Z|24.51371|-89.42332,aoml/4903550/profiles/D4903550_042.nc,4903550,4903550,24.51371,-89.42332,2024-01-01T16:32:48Z,20240101,2024,758,0.44,99.96,,False,False,False,
ARGO_GDAC,pfl,aoml/4903550/profiles/D4903550_043.nc|2024-01-06T17:15:52Z|24.69618|-89.27539,aoml/4903550/profiles/D4903550_043.nc,4903550,4903550,24.69618,-89.27539,2024-01-06T17:15:52Z,20240106,2024,1010,1.0,2009.64,17.0529,True,True,False,
ARGO_GDAC,pfl,aoml/4903550/profiles/D4903550_043.nc|2024-01-06T17:15:52Z|24.69618|-89.27539,aoml/4903550/profiles/D4903550_043.nc,4903550,4903550,24.69618,-89.27539,2024-01-06T17:15:52Z,20240106,2024,869,0.68,99.96,17.2662,True,True,False,
ARGO_GDAC,pfl,aoml/4903550/profiles/D4903550_044.nc|2024-01-11T18:02:10Z|24.99582|-89.53507,aoml/4903550/profiles/D4903550_044.nc,4903550,4903550,24.99582,-89.53507,2024-01-11T18:02:10Z,20240111,2024,1013,0.4,2013.8,77.7944,True,True,False,
ARGO_GDAC,pfl,aoml/4903550/profiles/D4903550_044.nc|2024-01-11T18:02:10Z|24.99582|-89.53507,aoml/4903550/profiles/D4903550_044.nc,4903550,4903550,24.99582,-89.53507,2024-01-11T18:02:10Z,20240111,2024,803,0.4,99.88,77.96,True,True,False,
ARGO_GDAC,pfl,aoml/4903550/profiles/D4903550_045.nc|2024-01-16T18:45:43Z|25.27279|-90.09069,aoml/4903550/profiles/D4903550_045.nc,4903550,4903550,25.27279,-90.09069,2024-01-16T18:45:43Z,20240116,2024,1014,0.32,2015.96,156.4058,True,False,False,
ARGO_GDAC,pfl,aoml/4903550/profiles/D4903550_045.nc|2024-01-16T18:45:43Z|25.27279|-90.09069,aoml/4903550/profiles/D4903550_045.nc,4903550,4903550,25.27279,-90.09069,2024-01-16T18:45:43Z,20240116,2024,542,0.32,99.88,,False,False,False,
ARGO_GDAC,pfl,aoml/4903550/profiles/D4903550_046.nc|2024-01-21T19:22:32Z|25.42147|-90.61282,aoml/4903550/profiles/D4903550_046.nc,4903550,4903550,25.42147,-90.61282,2024-01-21T19:22:32Z,20240121,2024,1008,0.96,2005.68,176.5958,True,False,False,
ARGO_GDAC,pfl,aoml/4903550/profiles/D4903550_046.nc|2024-01-21T19:22:32Z|25.42147|-90.61282,aoml/4903550/profiles/D4903550_046.nc,4903550,4903550,25.42147,-90.61282,2024-01-21T19:22:32Z,20240121,2024,679,0.56,99.88,,False,False,False,
ARGO_GDAC,pfl,aoml/4903550/profiles/D4903550_047.nc|2024-01-26T20:01:31Z|25.50344|-90.88254,aoml/4903550/profiles/D4903550_047.nc,4903550,4903550,25.50344,-90.88254,2024-01-26T20:01:31Z,20240126,2024,1009,1.12,2007.76,183.7703,True,False,False,
ARGO_GDAC,pfl,aoml/4903550/profiles/D4903550_047.nc|2024-01-26T20:01:31Z|25.50344|-90.88254,aoml/4903550/profiles/D4903550_047.nc,4903550,4903550,25.50344,-90.88254,2024-01-26T20:01:31Z,20240126,2024,802,0.8,99.92,,False,False,False,
ARGO_GDAC,pfl,aoml/4903550/profiles/D4903550_048.nc|2024-01-31T20:47:39Z|25.52117|-90.74220,aoml/4903550/profiles/D4903550_048.nc,4903550,4903550,25.52117,-90.7422,2024-01-31T20:47:39Z,20240131,2024,1009,0.48,2005.52,189.8735,True,False,True,https://noaa-nws-rtofs-pds.s3.amazonaws.com/rtofs.20240131/rtofs_glo_3dz_f006_6hrly_hvr_US_east.nc
ARGO_GDAC,pfl,aoml/4903550/profiles/D4903550_048.nc|2024-01-31T20:47:39Z|25.52117|-90.74220,aoml/4903550/profiles/D4903550_048.nc,4903550,4903550,25.52117,-90.7422,2024-01-31T20:47:39Z,20240131,2024,808,0.48,99.84,,False,False,True,https://noaa-nws-rtofs-pds.s3.amazonaws.com/rtofs.20240131/rtofs_glo_3dz_f006_6hrly_hvr_US_east.nc
ARGO_GDAC,pfl,aoml/4903550/profiles/D4903550_050.nc|2024-02-10T22:08:15Z|25.14043|-90.51146,aoml/4903550/profiles/D4903550_050.nc,4903550,4903550,25.14043,-90.51146,2024-02-10T22:08:15Z,20240210,2024,1012,1.0,2013.48,130.6206,True,False,True,https://noaa-nws-rtofs-pds.s3.amazonaws.com/rtofs.20240210/rtofs_glo_3dz_f006_6hrly_hvr_US_east.nc
ARGO_GDAC,pfl,aoml/4903550/profiles/D4903550_050.nc|2024-02-10T22:08:15Z|25.14043|-90.51146,aoml/4903550/profiles/D4903550_050.nc,4903550,4903550,25.14043,-90.51146,2024-02-10T22:08:15Z,20240210,2024,868,0.64,99.92,,False,False,True,https://noaa-nws-rtofs-pds.s3.amazonaws.com/rtofs.20240210/rtofs_glo_3dz_f006_6hrly_hvr_US_east.nc
ARGO_GDAC,pfl,aoml/4903550/profiles/D4903550_051.nc|2024-02-15T22:59:19Z|24.80991|-90.21706,aoml/4903550/profiles/D4903550_051.nc,4903550,4903550,24.80991,-90.21706,2024-02-15T22:59:19Z,20240215,2024,1010,1.0,2010.04,12.7149,True,True,True,https://noaa-nws-rtofs-pds.s3.amazonaws.com/rtofs.20240215/rtofs_glo_3dz_f006_6hrly_hvr_US_east.nc
ARGO_GDAC,pfl,aoml/4903550/profiles/D4903550_051.nc|2024-02-15T22:59:19Z|24.80991|-90.21706,aoml/4903550/profiles/D4903550_051.nc,4903550,4903550,24.80991,-90.21706,2024-02-15T22:59:19Z,20240215,2024,812,0.56,99.84,12.8118,True,True,True,https://noaa-nws-rtofs-pds.s3.amazonaws.com/rtofs.20240215/rtofs_glo_3dz_f006_6hrly_hvr_US_east.nc
ARGO_GDAC,pfl,aoml/4903550/profiles/D4903550_052.nc|2024-02-20T23:36:56Z|24.69035|-89.78825,aoml/4903550/profiles/D4903550_052.nc,4903550,4903550,24.69035,-89.78825,2024-02-20T23:36:56Z,20240220,2024,1011,0.48,2009.84,27.2102,True,True,True,https://noaa-nws-rtofs-pds.s3.amazonaws.com/rtofs.20240220/rtofs_glo_3dz_f006_6hrly_hvr_US_east.nc
ARGO_GDAC,pfl,aoml/4903550/profiles/D4903550_052.nc|2024-02-20T23:36:56Z|24.69035|-89.78825,aoml/4903550/profiles/D4903550_052.nc,4903550,4903550,24.69035,-89.78825,2024-02-20T23:36:56Z,20240220,2024,750,0.48,99.92,26.9516,True,True,True,https://noaa-nws-rtofs-pds.s3.amazonaws.com/rtofs.20240220/rtofs_glo_3dz_f006_6hrly_hvr_US_east.nc
ARGO_GDAC,pfl,aoml/4903550/profiles/D4903550_053.nc|2024-02-26T00:09:25Z|25.01594|-89.41631,aoml/4903550/profiles/D4903550_053.nc,4903550,4903550,25.01594,-89.41631,2024-02-26T00:09:25Z,20240226,2024,1011,1.08,2011.56,16.3986,True,True,True,https://noaa-nws-rtofs-pds.s3.amazonaws.com/rtofs.20240226/rtofs_glo_3dz_f006_6hrly_hvr_US_east.nc
ARGO_GDAC,pfl,aoml/4903550/profiles/D4903550_053.nc|2024-02-26T00:09:25Z|25.01594|-89.41631,aoml/4903550/profiles/D4903550_053.nc,4903550,4903550,25.01594,-89.41631,2024-02-26T00:09:25Z,20240226,2024,786,0.64,99.84,16.699,True,True,True,https://noaa-nws-rtofs-pds.s3.amazonaws.com/rtofs.20240226/rtofs_glo_3dz_f006_6hrly_hvr_US_east.nc
ARGO_GDAC,pfl,aoml/4903550/profiles/D4903550_054.nc|2024-03-02T00:53:20Z|25.20269|-89.34630,aoml/4903550/profiles/D4903550_054.nc,4903550,4903550,25.20269,-89.3463,2024-03-02T00:53:20Z,20240302,2024,1010,1.08,2010.16,12.804,True,True,True,https://noaa-nws-rtofs-pds.s3.amazonaws.com/rtofs.20240302/rtofs_glo_3dz_f006_6hrly_hvr_US_east.nc
ARGO_GDAC,pfl,aoml/4903550/profiles/D4903550_054.nc|2024-03-02T00:53:20Z|25.20269|-89.34630,aoml/4903550/profiles/D4903550_054.nc,4903550,4903550,25.20269,-89.3463,2024-03-02T00:53:20Z,20240302,2024,836,0.72,99.96,14.54,True,True,True,https://noaa-nws-rtofs-pds.s3.amazonaws.com/rtofs.20240302/rtofs_glo_3dz_f006_6hrly_hvr_US_east.nc
ARGO_GDAC,pfl,aoml/4903550/profiles/D4903550_055.nc|2024-03-07T01:37:36Z|24.93114|-89.16370,aoml/4903550/profiles/D4903550_055.nc,4903550,4903550,24.93114,-89.1637,2024-03-07T01:37:36Z,20240307,2024,1009,1.12,2008.2,22.6275,True,True,True,https://noaa-nws-rtofs-pds.s3.amazonaws.com/rtofs.20240307/rtofs_glo_3dz_f006_6hrly_hvr_US_east.nc
ARGO_GDAC,pfl,aoml/4903550/profiles/D4903550_055.nc|2024-03-07T01:37:36Z|24.93114|-89.16370,aoml/4903550/profiles/D4903550_055.nc,4903550,4903550,24.93114,-89.1637,2024-03-07T01:37:36Z,20240307,2024,811,0.72,99.88,22.26,True,True,True,https://noaa-nws-rtofs-pds.s3.amazonaws.com/rtofs.20240307/rtofs_glo_3dz_f006_6hrly_hvr_US_east.nc
ARGO_GDAC,pfl,aoml/4903550/profiles/D4903550_056.nc|2024-03-12T02:17:20Z|24.79020|-88.74714,aoml/4903550/profiles/D4903550_056.nc,4903550,4903550,24.7902,-88.74714,2024-03-12T02:17:20Z,20240312,2024,1013,0.92,2015.12,20.3737,True,True,True,https://noaa-nws-rtofs-pds.s3.amazonaws.com/rtofs.20240312/rtofs_glo_3dz_f006_6hrly_hvr_US_east.nc
ARGO_GDAC,pfl,aoml/4903550/profiles/D4903550_056.nc|2024-03-12T02:17:20Z|24.79020|-88.74714,aoml/4903550/profiles/D4903550_056.nc,4903550,4903550,24.7902,-88.74714,2024-03-12T02:17:20Z,20240312,2024,802,0.52,100.0,20.3459,True,True,True,https://noaa-nws-rtofs-pds.s3.amazonaws.com/rtofs.20240312/rtofs_glo_3dz_f006_6hrly_hvr_US_east.nc
ARGO_GDAC,pfl,aoml/4903550/profiles/D4903550_057.nc|2024-03-17T03:02:14Z|25.16077|-88.31385,aoml/4903550/profiles/D4903550_057.nc,4903550,4903550,25.16077,-88.31385,2024-03-17T03:02:14Z,20240317,2024,1013,1.0,2015.84,18.3355,True,True,True,https://noaa-nws-rtofs-pds.s3.amazonaws.com/rtofs.20240317/rtofs_glo_3dz_f006_6hrly_hvr_US_east.nc
ARGO_GDAC,pfl,aoml/4903550/profiles/D4903550_057.nc|2024-03-17T03:02:14Z|25.16077|-88.31385,aoml/4903550/profiles/D4903550_057.nc,4903550,4903550,25.16077,-88.31385,2024-03-17T03:02:14Z,20240317,2024,788,0.64,99.92,18.2888,True,True,True,https://noaa-nws-rtofs-pds.s3.amazonaws.com/rtofs.20240317/rtofs_glo_3dz_f006_6hrly_hvr_US_east.nc
ARGO_GDAC,pfl,aoml/4903550/profiles/D4903550_058.nc|2024-03-22T03:45:25Z|25.47771|-88.41784,aoml/4903550/profiles/D4903550_058.nc,4903550,4903550,25.47771,-88.41784,2024-03-22T03:45:25Z,20240322,2024,1011,0.4,2009.0,26.6005,True,True,True,https://noaa-nws-rtofs-pds.s3.amazonaws.com/rtofs.20240322/rtofs_glo_3dz_f006_6hrly_hvr_US_east.nc
ARGO_GDAC,pfl,aoml/4903550/profiles/D4903550_058.nc|2024-03-22T03:45:25Z|25.47771|-88.41784,aoml/4903550/profiles/D4903550_058.nc,4903550,4903550,25.47771,-88.41784,2024-03-22T03:45:25Z,20240322,2024,816,0.4,99.96,27.4562,True,True,True,https://noaa-nws-rtofs-pds.s3.amazonaws.com/rtofs.20240322/rtofs_glo_3dz_f006_6hrly_hvr_US_east.nc
ARGO_GDAC,pfl,aoml/4903550/profiles/D4903550_059.nc|2024-03-27T04:28:50Z|25.02735|-88.50749,aoml/4903550/profiles/D4903550_059.nc,4903550,4903550,25.02735,-88.50749,2024-03-27T04:28:50Z,20240327,2024,1009,1.16,2008.0,58.912,True,True,True,https://noaa-nws-rtofs-pds.s3.amazonaws.com/rtofs.20240327/rtofs_glo_3dz_f006_6hrly_hvr_US_east.nc
ARGO_GDAC,pfl,aoml/4903550/profiles/D4903550_059.nc|2024-03-27T04:28:50Z|25.02735|-88.50749,aoml/4903550/profiles/D4903550_059.nc,4903550,4903550,25.02735,-88.50749,2024-03-27T04:28:50Z,20240327,2024,789,0.88,99.96,59.4975,True,True,True,https://noaa-nws-rtofs-pds.s3.amazonaws.com/rtofs.20240327/rtofs_glo_3dz_f006_6hrly_hvr_US_east.nc
ARGO_GDAC,pfl,aoml/4903550/profiles/D4903550_060.nc|2024-04-01T05:17:41Z|24.43203|-89.06246,aoml/4903550/profiles/D4903550_060.nc,4903550,4903550,24.43203,-89.06246,2024-04-01T05:17:41Z,20240401,2024,1012,1.12,2013.36,17.9522,True,True,True,https://noaa-nws-rtofs-pds.s3.amazonaws.com/rtofs.20240401/rtofs_glo_3dz_f006_6hrly_hvr_US_east.nc
ARGO_GDAC,pfl,aoml/4903550/profiles/D4903550_060.nc|2024-04-01T05:17:41Z|24.43203|-89.06246,aoml/4903550/profiles/D4903550_060.nc,4903550,4903550,24.43203,-89.06246,2024-04-01T05:17:41Z,20240401,2024,868,0.72,99.88,19.04,True,True,True,https://noaa-nws-rtofs-pds.s3.amazonaws.com/rtofs.20240401/rtofs_glo_3dz_f006_6hrly_hvr_US_east.nc
ARGO_GDAC,pfl,aoml/4903550/profiles/D4903550_061.nc|2024-04-06T05:53:21Z|24.20165|-89.04604,aoml/4903550/profiles/D4903550_061.nc,4903550,4903550,24.20165,-89.04604,2024-04-06T05:53:21Z,20240406,2024,1010,0.44,2007.28,45.223,True,True,True,https://noaa-nws-rtofs-pds.s3.amazonaws.com/rtofs.20240406/rtofs_glo_3dz_f006_6hrly_hvr_US_east.nc
ARGO_GDAC,pfl,aoml/4903550/profiles/D4903550_061.nc|2024-04-06T05:53:21Z|24.20165|-89.04604,aoml/4903550/profiles/D4903550_061.nc,4903550,4903550,24.20165,-89.04604,2024-04-06T05:53:21Z,20240406,2024,791,0.44,99.8,45.8018,True,True,True,https://noaa-nws-rtofs-pds.s3.amazonaws.com/rtofs.20240406/rtofs_glo_3dz_f006_6hrly_hvr_US_east.nc
ARGO_GDAC,pfl,aoml/4903550/profiles/D4903550_062.nc|2024-04-11T06:31:40Z|24.43458|-88.91758,aoml/4903550/profiles/D4903550_062.nc,4903550,4903550,24.43458,-88.91758,2024-04-11T06:31:40Z,20240411,2024,1012,0.92,2013.56,53.2468,True,True,True,https://noaa-nws-rtofs-pds.s3.amazonaws.com/rtofs.20240411/rtofs_glo_3dz_f006_6hrly_hvr_US_east.nc
ARGO_GDAC,pfl,aoml/4903550/profiles/D4903550_062.nc|2024-04-11T06:31:40Z|24.43458|-88.91758,aoml/4903550/profiles/D4903550_062.nc,4903550,4903550,24.43458,-88.91758,2024-04-11T06:31:40Z,20240411,2024,771,0.52,99.96,53.2,True,True,True,https://noaa-nws-rtofs-pds.s3.amazonaws.com/rtofs.20240411/rtofs_glo_3dz_f006_6hrly_hvr_US_east.nc
ARGO_GDAC,pfl,aoml/4903550/profiles/D4903550_063.nc|2024-04-16T07:12:05Z|24.39229|-89.04866,aoml/4903550/profiles/D4903550_063.nc,4903550,4903550,24.39229,-89.04866,2024-04-16T07:12:05Z,20240416,2024,1011,1.04,2012.04,25.7193,True,True,True,https://noaa-nws-rtofs-pds.s3.amazonaws.com/rtofs.20240416/rtofs_glo_3dz_f006_6hrly_hvr_US_east.nc
ARGO_GDAC,pfl,aoml/4903550/profiles/D4903550_063.nc|2024-04-16T07:12:05Z|24.39229|-89.04866,aoml/4903550/profiles/D4903550_063.nc,4903550,4903550,24.39229,-89.04866,2024-04-16T07:12:05Z,20240416,2024,778,0.64,100.0,25.52,True,True,True,https://noaa-nws-rtofs-pds.s3.amazonaws.com/rtofs.20240416/rtofs_glo_3dz_f006_6hrly_hvr_US_east.nc
ARGO_GDAC,pfl,aoml/4903550/profiles/D4903550_064.nc|2024-04-21T07:57:51Z|24.20917|-89.00071,aoml/4903550/profiles/D4903550_064.nc,4903550,4903550,24.20917,-89.00071,2024-04-21T07:57:51Z,20240421,2024,1012,1.0,2013.52,18.9574,True,True,True,https://noaa-nws-rtofs-pds.s3.amazonaws.com/rtofs.20240421/rtofs_glo_3dz_f006_6hrly_hvr_US_east.nc
ARGO_GDAC,pfl,aoml/4903550/profiles/D4903550_064.nc|2024-04-21T07:57:51Z|24.20917|-89.00071,aoml/4903550/profiles/D4903550_064.nc,4903550,4903550,24.20917,-89.00071,2024-04-21T07:57:51Z,20240421,2024,810,0.56,99.88,18.68,True,True,True,https://noaa-nws-rtofs-pds.s3.amazonaws.com/rtofs.20240421/rtofs_glo_3dz_f006_6hrly_hvr_US_east.nc
ARGO_GDAC,pfl,aoml/4903550/profiles/D4903550_065.nc|2024-04-26T08:37:02Z|24.37673|-88.95096,aoml/4903550/profiles/D4903550_065.nc,4903550,4903550,24.37673,-88.95096,2024-04-26T08:37:02Z,20240426,2024,1010,0.96,2010.0,26.1733,True,True,True,https://noaa-nws-rtofs-pds.s3.amazonaws.com/rtofs.20240426/rtofs_glo_3dz_f006_6hrly_hvr_US_east.nc
ARGO_GDAC,pfl,aoml/4903550/profiles/D4903550_065.nc|2024-04-26T08:37:02Z|24.37673|-88.95096,aoml/4903550/profiles/D4903550_065.nc,4903550,4903550,24.37673,-88.95096,2024-04-26T08:37:02Z,20240426,2024,808,0.56,99.96,25.9761,True,True,True,https://noaa-nws-rtofs-pds.s3.amazonaws.com/rtofs.20240426/rtofs_glo_3dz_f006_6hrly_hvr_US_east.nc
ARGO_GDAC,pfl,aoml/4903550/profiles/D4903550_066.nc|2024-05-01T09:16:28Z|24.59588|-88.98459,aoml/4903550/profiles/D4903550_066.nc,4903550,4903550,24.59588,-88.98459,2024-05-01T09:16:28Z,20240501,2024,1010,0.96,2009.2,19.845,True,True,True,https://noaa-nws-rtofs-pds.s3.amazonaws.com/rtofs.20240501/rtofs_glo_3dz_f006_6hrly_hvr_US_east.nc
ARGO_GDAC,pfl,aoml/4903550/profiles/D4903550_066.nc|2024-05-01T09:16:28Z|24.59588|-88.98459,aoml/4903550/profiles/D4903550_066.nc,4903550,4903550,24.59588,-88.98459,2024-05-01T09:16:28Z,20240501,2024,765,0.52,99.84,19.7896,True,True,True,https://noaa-nws-rtofs-pds.s3.amazonaws.com/rtofs.20240501/rtofs_glo_3dz_f006_6hrly_hvr_US_east.nc
ARGO_GDAC,pfl,aoml/4903550/profiles/D4903550_067.nc|2024-05-06T09:53:40Z|24.81168|-89.04544,aoml/4903550/profiles/D4903550_067.nc,4903550,4903550,24.81168,-89.04544,2024-05-06T09:53:40Z,20240506,2024,1011,1.0,2012.12,19.3134,True,True,True,https://noaa-nws-rtofs-pds.s3.amazonaws.com/rtofs.20240506/rtofs_glo_3dz_f006_6hrly_hvr_US_east.nc
ARGO_GDAC,pfl,aoml/4903550/profiles/D4903550_067.nc|2024-05-06T09:53:40Z|24.81168|-89.04544,aoml/4903550/profiles/D4903550_067.nc,4903550,4903550,24.81168,-89.04544,2024-05-06T09:53:40Z,20240506,2024,820,0.52,99.84,19.4453,True,True,True,https://noaa-nws-rtofs-pds.s3.amazonaws.com/rtofs.20240506/rtofs_glo_3dz_f006_6hrly_hvr_US_east.nc
ARGO_GDAC,pfl,aoml/4903550/profiles/D4903550_068.nc|2024-05-11T10:32:34Z|24.99306|-89.20338,aoml/4903550/profiles/D4903550_068.nc,4903550,4903550,24.99306,-89.20338,2024-05-11T10:32:34Z,20240511,2024,1008,1.0,2005.68,22.4128,True,True,True,https://noaa-nws-rtofs-pds.s3.amazonaws.com/rtofs.20240511/rtofs_glo_3dz_f006_6hrly_hvr_US_east.nc
ARGO_GDAC,pfl,aoml/4903550/profiles/D4903550_068.nc|2024-05-11T10:32:34Z|24.99306|-89.20338,aoml/4903550/profiles/D4903550_068.nc,4903550,4903550,24.99306,-89.20338,2024-05-11T10:32:34Z,20240511,2024,827,0.56,99.84,22.315,True,True,True,https://noaa-nws-rtofs-pds.s3.amazonaws.com/rtofs.20240511/rtofs_glo_3dz_f006_6hrly_hvr_US_east.nc
ARGO_GDAC,pfl,aoml/4903550/profiles/D4903550_069.nc|2024-05-16T11:15:24Z|25.02355|-89.45379,aoml/4903550/profiles/D4903550_069.nc,4903550,4903550,25.02355,-89.45379,2024-05-16T11:15:24Z,20240516,2024,1012,1.04,2013.76,30.5369,True,True,True,https://noaa-nws-rtofs-pds.s3.amazonaws.com/rtofs.20240516/rtofs_glo_3dz_f006_6hrly_hvr_US_east.nc
ARGO_GDAC,pfl,aoml/4903550/profiles/D4903550_069.nc|2024-05-16T11:15:24Z|25.02355|-89.45379,aoml/4903550/profiles/D4903550_069.nc,4903550,4903550,25.02355,-89.45379,2024-05-16T11:15:24Z,20240516,2024,822,0.64,99.88,31.316,True,True,True,https://noaa-nws-rtofs-pds.s3.amazonaws.com/rtofs.20240516/rtofs_glo_3dz_f006_6hrly_hvr_US_east.nc
ARGO_GDAC,pfl,aoml/4903550/profiles/D4903550_070.nc|2024-05-21T11:48:39Z|24.82462|-89.66005,aoml/4903550/profiles/D4903550_070.nc,4903550,4903550,24.82462,-89.66005,2024-05-21T11:48:39Z,20240521,2024,1007,1.0,2004.0,19.7838,True,True,True,https://noaa-nws-rtofs-pds.s3.amazonaws.com/rtofs.20240521/rtofs_glo_3dz_f006_6hrly_hvr_US_east.nc
ARGO_GDAC,pfl,aoml/4903550/profiles/D4903550_070.nc|2024-05-21T11:48:39Z|24.82462|-89.66005,aoml/4903550/profiles/D4903550_070.nc,4903550,4903550,24.82462,-89.66005,2024-05-21T11:48:39Z,20240521,2024,865,0.6,99.92,20.1555,True,True,True,https://noaa-nws-rtofs-pds.s3.amazonaws.com/rtofs.20240521/rtofs_glo_3dz_f006_6hrly_hvr_US_east.nc
ARGO_GDAC,pfl,aoml/4903550/profiles/D4903550_071.nc|2024-05-26T12:24:20Z|24.57479|-89.68819,aoml/4903550/profiles/D4903550_071.nc,4903550,4903550,24.57479,-89.68819,2024-05-26T12:24:20Z,20240526,2024,1013,0.96,2016.0,19.6527,True,True,True,https://noaa-nws-rtofs-pds.s3.amazonaws.com/rtofs.20240526/rtofs_glo_3dz_f006_6hrly_hvr_US_east.nc
ARGO_GDAC,pfl,aoml/4903550/profiles/D4903550_071.nc|2024-05-26T12:24:20Z|24.57479|-89.68819,aoml/4903550/profiles/D4903550_071.nc,4903550,4903550,24.57479,-89.68819,2024-05-26T12:24:20Z,20240526,2024,823,0.6,99.84,19.6521,True,True,True,https://noaa-nws-rtofs-pds.s3.amazonaws.com/rtofs.20240526/rtofs_glo_3dz_f006_6hrly_hvr_US_east.nc
ARGO_GDAC,pfl,aoml/4903550/profiles/D4903550_072.nc|2024-05-31T13:10:03Z|24.43665|-89.55615,aoml/4903550/profiles/D4903550_072.nc,4903550,4903550,24.43665,-89.55615,2024-05-31T13:10:03Z,20240531,2024,1011,0.48,2009.4,18.6415,True,True,True,https://noaa-nws-rtofs-pds.s3.amazonaws.com/rtofs.20240531/rtofs_glo_3dz_f006_6hrly_hvr_US_east.nc
ARGO_GDAC,pfl,aoml/4903550/profiles/D4903550_072.nc|2024-05-31T13:10:03Z|24.43665|-89.55615,aoml/4903550/profiles/D4903550_072.nc,4903550,4903550,24.43665,-89.55615,2024-05-31T13:10:03Z,20240531,2024,883,0.48,100.0,18.4362,True,True,True,https://noaa-nws-rtofs-pds.s3.amazonaws.com/rtofs.20240531/rtofs_glo_3dz_f006_6hrly_hvr_US_east.nc
ARGO_GDAC,pfl,aoml/4903550/profiles/D4903550_073.nc|2024-06-05T13:51:48Z|24.46826|-89.38179,aoml/4903550/profiles/D4903550_073.nc,4903550,4903550,24.46826,-89.38179,2024-06-05T13:51:48Z,20240605,2024,1013,0.96,2015.52,17.723,True,True,True,https://noaa-nws-rtofs-pds.s3.amazonaws.com/rtofs.20240605/rtofs_glo_3dz_f006_6hrly_hvr_US_east.nc
ARGO_GDAC,pfl,aoml/4903550/profiles/D4903550_073.nc|2024-06-05T13:51:48Z|24.46826|-89.38179,aoml/4903550/profiles/D4903550_073.nc,4903550,4903550,24.46826,-89.38179,2024-06-05T13:51:48Z,20240605,2024,857,0.56,99.84,17.8705,True,True,True,https://noaa-nws-rtofs-pds.s3.amazonaws.com/rtofs.20240605/rtofs_glo_3dz_f006_6hrly_hvr_US_east.nc
ARGO_GDAC,pfl,aoml/4903550/profiles/D4903550_074.nc|2024-06-10T14:30:29Z|24.67051|-89.27580,aoml/4903550/profiles/D4903550_074.nc,4903550,4903550,24.67051,-89.2758,2024-06-10T14:30:29Z,20240610,2024,1008,1.04,2005.16,12.6625,True,True,True,https://noaa-nws-rtofs-pds.s3.amazonaws.com/rtofs.20240610/rtofs_glo_3dz_f006_6hrly_hvr_US_east.nc
ARGO_GDAC,pfl,aoml/4903550/profiles/D4903550_074.nc|2024-06-10T14:30:29Z|24.67051|-89.27580,aoml/4903550/profiles/D4903550_074.nc,4903550,4903550,24.67051,-89.2758,2024-06-10T14:30:29Z,20240610,2024,879,0.64,99.92,13.1106,True,True,True,https://noaa-nws-rtofs-pds.s3.amazonaws.com/rtofs.20240610/rtofs_glo_3dz_f006_6hrly_hvr_US_east.nc
ARGO_GDAC,pfl,aoml/4903550/profiles/D4903550_075.nc|2024-06-15T15:13:31Z|24.88826|-89.27769,aoml/4903550/profiles/D4903550_075.nc,4903550,4903550,24.88826,-89.27769,2024-06-15T15:13:31Z,20240615,2024,1013,1.04,2016.08,14.1904,True,True,True,https://noaa-nws-rtofs-pds.s3.amazonaws.com/rtofs.20240615/rtofs_glo_3dz_f006_6hrly_hvr_US_east.nc
ARGO_GDAC,pfl,aoml/4903550/profiles/D4903550_075.nc|2024-06-15T15:13:31Z|24.88826|-89.27769,aoml/4903550/profiles/D4903550_075.nc,4903550,4903550,24.88826,-89.27769,2024-06-15T15:13:31Z,20240615,2024,864,0.6,100.0,14.2123,True,True,True,https://noaa-nws-rtofs-pds.s3.amazonaws.com/rtofs.20240615/rtofs_glo_3dz_f006_6hrly_hvr_US_east.nc
ARGO_GDAC,pfl,aoml/4903550/profiles/D4903550_076.nc|2024-06-20T15:58:28Z|25.07044|-89.28674,aoml/4903550/profiles/D4903550_076.nc,4903550,4903550,25.07044,-89.28674,2024-06-20T15:58:28Z,20240620,2024,1013,1.08,2015.28,34.0188,True,True,True,https://noaa-nws-rtofs-pds.s3.amazonaws.com/rtofs.20240620/rtofs_glo_3dz_f006_6hrly_hvr_US_east.nc
ARGO_GDAC,pfl,aoml/4903550/profiles/D4903550_076.nc|2024-06-20T15:58:28Z|25.07044|-89.28674,aoml/4903550/profiles/D4903550_076.nc,4903550,4903550,25.07044,-89.28674,2024-06-20T15:58:28Z,20240620,2024,936,0.68,99.88,34.3816,True,True,True,https://noaa-nws-rtofs-pds.s3.amazonaws.com/rtofs.20240620/rtofs_glo_3dz_f006_6hrly_hvr_US_east.nc
ARGO_GDAC,pfl,aoml/4903550/profiles/D4903550_077.nc|2024-06-25T16:36:30Z|25.17200|-89.30966,aoml/4903550/profiles/D4903550_077.nc,4903550,4903550,25.172,-89.30966,2024-06-25T16:36:30Z,20240625,2024,1011,1.0,2011.92,23.0775,True,True,True,https://noaa-nws-rtofs-pds.s3.amazonaws.com/rtofs.20240625/rtofs_glo_3dz_f006_6hrly_hvr_US_east.nc
ARGO_GDAC,pfl,aoml/4903550/profiles/D4903550_077.nc|2024-06-25T16:36:30Z|25.17200|-89.30966,aoml/4903550/profiles/D4903550_077.nc,4903550,4903550,25.172,-89.30966,2024-06-25T16:36:30Z,20240625,2024,858,0.64,99.96,22.78,True,True,True,https://noaa-nws-rtofs-pds.s3.amazonaws.com/rtofs.20240625/rtofs_glo_3dz_f006_6hrly_hvr_US_east.nc
ARGO_GDAC,pfl,aoml/4903550/profiles/D4903550_078.nc|2024-06-30T17:16:13Z|25.17198|-89.31991,aoml/4903550/profiles/D4903550_078.nc,4903550,4903550,25.17198,-89.31991,2024-06-30T17:16:13Z,20240630,2024,1008,1.04,2005.32,22.1208,True,True,True,https://noaa-nws-rtofs-pds.s3.amazonaws.com/rtofs.20240630/rtofs_glo_3dz_f006_6hrly_hvr_US_east.nc
ARGO_GDAC,pfl,aoml/4903550/profiles/D4903550_078.nc|2024-06-30T17:16:13Z|25.17198|-89.31991,aoml/4903550/profiles/D4903550_078.nc,4903550,4903550,25.17198,-89.31991,2024-06-30T17:16:13Z,20240630,2024,897,0.64,99.92,22.3213,True,True,True,https://noaa-nws-rtofs-pds.s3.amazonaws.com/rtofs.20240630/rtofs_glo_3dz_f006_6hrly_hvr_US_east.nc
ARGO_GDAC,pfl,aoml/4903550/profiles/D4903550_079.nc|2024-07-05T18:04:40Z|25.13601|-89.36436,aoml/4903550/profiles/D4903550_079.nc,4903550,4903550,25.13601,-89.36436,2024-07-05T18:04:40Z,20240705,2024,1014,1.0,2017.44,17.9694,True,True,True,https://noaa-nws-rtofs-pds.s3.amazonaws.com/rtofs.20240705/rtofs_glo_3dz_f006_6hrly_hvr_US_east.nc
ARGO_GDAC,pfl,aoml/4903550/profiles/D4903550_079.nc|2024-07-05T18:04:40Z|25.13601|-89.36436,aoml/4903550/profiles/D4903550_079.nc,4903550,4903550,25.13601,-89.36436,2024-07-05T18:04:40Z,20240705,2024,944,0.56,99.96,18.0933,True,True,True,https://noaa-nws-rtofs-pds.s3.amazonaws.com/rtofs.20240705/rtofs_glo_3dz_f006_6hrly_hvr_US_east.nc
ARGO_GDAC,pfl,aoml/4903550/profiles/D4903550_080.nc|2024-07-10T18:43:18Z|25.00588|-89.42915,aoml/4903550/profiles/D4903550_080.nc,4903550,4903550,25.00588,-89.42915,2024-07-10T18:43:18Z,20240710,2024,1007,1.04,2004.16,26.0898,True,True,True,https://noaa-nws-rtofs-pds.s3.amazonaws.com/rtofs.20240710/rtofs_glo_3dz_f006_6hrly_hvr_US_east.nc
ARGO_GDAC,pfl,aoml/4903550/profiles/D4903550_080.nc|2024-07-10T18:43:18Z|25.00588|-89.42915,aoml/4903550/profiles/D4903550_080.nc,4903550,4903550,25.00588,-89.42915,2024-07-10T18:43:18Z,20240710,2024,974,0.6,99.96,26.248,True,True,True,https://noaa-nws-rtofs-pds.s3.amazonaws.com/rtofs.20240710/rtofs_glo_3dz_f006_6hrly_hvr_US_east.nc
ARGO_GDAC,pfl,aoml/4903550/profiles/D4903550_081.nc|2024-07-15T19:29:51Z|24.92615|-89.18852,aoml/4903550/profiles/D4903550_081.nc,4903550,4903550,24.92615,-89.18852,2024-07-15T19:29:51Z,20240715,2024,1013,1.0,2015.64,13.1392,True,True,True,https://noaa-nws-rtofs-pds.s3.amazonaws.com/rtofs.20240715/rtofs_glo_3dz_f006_6hrly_hvr_US_east.nc
ARGO_GDAC,pfl,aoml/4903550/profiles/D4903550_081.nc|2024-07-15T19:29:51Z|24.92615|-89.18852,aoml/4903550/profiles/D4903550_081.nc,4903550,4903550,24.92615,-89.18852,2024-07-15T19:29:51Z,20240715,2024,914,0.64,99.92,12.4909,True,True,True,https://noaa-nws-rtofs-pds.s3.amazonaws.com/rtofs.20240715/rtofs_glo_3dz_f006_6hrly_hvr_US_east.nc
ARGO_GDAC,pfl,aoml/4903550/profiles/D4903550_082.nc|2024-07-20T20:09:29Z|25.24992|-89.03710,aoml/4903550/profiles/D4903550_082.nc,4903550,4903550,25.24992,-89.0371,2024-07-20T20:09:29Z,20240720,2024,1008,1.04,2005.64,14.5331,True,True,True,https://noaa-nws-rtofs-pds.s3.amazonaws.com/rtofs.20240720/rtofs_glo_3dz_f006_6hrly_hvr_US_east.nc
ARGO_GDAC,pfl,aoml/4903550/profiles/D4903550_082.nc|2024-07-20T20:09:29Z|25.24992|-89.03710,aoml/4903550/profiles/D4903550_082.nc,4903550,4903550,25.24992,-89.0371,2024-07-20T20:09:29Z,20240720,2024,916,0.68,100.0,14.766,True,True,True,https://noaa-nws-rtofs-pds.s3.amazonaws.com/rtofs.20240720/rtofs_glo_3dz_f006_6hrly_hvr_US_east.nc
ARGO_GDAC,pfl,aoml/4903550/profiles/D4903550_083.nc|2024-07-25T20:47:13Z|25.38424|-88.92775,aoml/4903550/profiles/D4903550_083.nc,4903550,4903550,25.38424,-88.92775,2024-07-25T20:47:13Z,20240725,2024,1012,1.0,2013.44,15.6065,True,True,True,https://noaa-nws-rtofs-pds.s3.amazonaws.com/rtofs.20240725/rtofs_glo_3dz_f006_6hrly_hvr_US_east.nc
ARGO_GDAC,pfl,aoml/4903550/profiles/D4903550_083.nc|2024-07-25T20:47:13Z|25.38424|-88.92775,aoml/4903550/profiles/D4903550_083.nc,4903550,4903550,25.38424,-88.92775,2024-07-25T20:47:13Z,20240725,2024,928,0.6,99.96,15.6717,True,True,True,https://noaa-nws-rtofs-pds.s3.amazonaws.com/rtofs.20240725/rtofs_glo_3dz_f006_6hrly_hvr_US_east.nc
ARGO_GDAC,pfl,aoml/4903550/profiles/D4903550_084.nc|2024-07-30T21:24:02Z|25.35198|-88.80302,aoml/4903550/profiles/D4903550_084.nc,4903550,4903550,25.35198,-88.80302,2024-07-30T21:24:02Z,20240730,2024,1010,1.0,2009.92,21.4984,True,True,True,https://noaa-nws-rtofs-pds.s3.amazonaws.com/rtofs.20240730/rtofs_glo_3dz_f006_6hrly_hvr_US_east.nc
ARGO_GDAC,pfl,aoml/4903550/profiles/D4903550_084.nc|2024-07-30T21:24:02Z|25.35198|-88.80302,aoml/4903550/profiles/D4903550_084.nc,4903550,4903550,25.35198,-88.80302,2024-07-30T21:24:02Z,20240730,2024,813,0.52,99.88,21.8425,True,True,True,https://noaa-nws-rtofs-pds.s3.amazonaws.com/rtofs.20240730/rtofs_glo_3dz_f006_6hrly_hvr_US_east.nc
ARGO_GDAC,pfl,aoml/4903550/profiles/D4903550_085.nc|2024-08-04T22:02:39Z|25.25901|-88.38731,aoml/4903550/profiles/D4903550_085.nc,4903550,4903550,25.25901,-88.38731,2024-08-04T22:02:39Z,20240804,2024,1009,0.96,2007.48,29.1771,True,True,True,https://noaa-nws-rtofs-pds.s3.amazonaws.com/rtofs.20240804/rtofs_glo_3dz_f006_6hrly_hvr_US_east.nc
ARGO_GDAC,pfl,aoml/4903550/profiles/D4903550_085.nc|2024-08-04T22:02:39Z|25.25901|-88.38731,aoml/4903550/profiles/D4903550_085.nc,4903550,4903550,25.25901,-88.38731,2024-08-04T22:02:39Z,20240804,2024,768,0.6,99.92,29.3967,True,True,True,https://noaa-nws-rtofs-pds.s3.amazonaws.com/rtofs.20240804/rtofs_glo_3dz_f006_6hrly_hvr_US_east.nc
ARGO_GDAC,pfl,aoml/4903550/profiles/D4903550_086.nc|2024-08-09T22:40:55Z|25.20220|-88.01945,aoml/4903550/profiles/D4903550_086.nc,4903550,4903550,25.2022,-88.01945,2024-08-09T22:40:55Z,20240809,2024,1008,1.0,2005.6,29.4695,True,True,True,https://noaa-nws-rtofs-pds.s3.amazonaws.com/rtofs.20240809/rtofs_glo_3dz_f006_6hrly_hvr_US_east.nc
ARGO_GDAC,pfl,aoml/4903550/profiles/D4903550_086.nc|2024-08-09T22:40:55Z|25.20220|-88.01945,aoml/4903550/profiles/D4903550_086.nc,4903550,4903550,25.2022,-88.01945,2024-08-09T22:40:55Z,20240809,2024,784,0.52,99.92,29.776,True,True,True,https://noaa-nws-rtofs-pds.s3.amazonaws.com/rtofs.20240809/rtofs_glo_3dz_f006_6hrly_hvr_US_east.nc
ARGO_GDAC,pfl,aoml/4903550/profiles/D4903550_087.nc|2024-08-14T23:14:33Z|24.93795|-86.69406,aoml/4903550/profiles/D4903550_087.nc,4903550,4903550,24.93795,-86.69406,2024-08-14T23:14:33Z,20240814,2024,1012,1.0,2014.12,30.2172,True,True,True,https://noaa-nws-rtofs-pds.s3.amazonaws.com/rtofs.20240814/rtofs_glo_3dz_f006_6hrly_hvr_US_east.nc
ARGO_GDAC,pfl,aoml/4903550/profiles/D4903550_087.nc|2024-08-14T23:14:33Z|24.93795|-86.69406,aoml/4903550/profiles/D4903550_087.nc,4903550,4903550,24.93795,-86.69406,2024-08-14T23:14:33Z,20240814,2024,789,0.6,99.92,30.3648,True,True,True,https://noaa-nws-rtofs-pds.s3.amazonaws.com/rtofs.20240814/rtofs_glo_3dz_f006_6hrly_hvr_US_east.nc
ARGO_GDAC,pfl,aoml/4903550/profiles/D4903550_088.nc|2024-08-19T23:56:06Z|25.20292|-85.54102,aoml/4903550/profiles/D4903550_088.nc,4903550,4903550,25.20292,-85.54102,2024-08-19T23:56:06Z,20240819,2024,1008,1.12,2005.96,16.2196,True,True,True,https://noaa-nws-rtofs-pds.s3.amazonaws.com/rtofs.20240819/rtofs_glo_3dz_f006_6hrly_hvr_US_east.nc
ARGO_GDAC,pfl,aoml/4903550/profiles/D4903550_088.nc|2024-08-19T23:56:06Z|25.20292|-85.54102,aoml/4903550/profiles/D4903550_088.nc,4903550,4903550,25.20292,-85.54102,2024-08-19T23:56:06Z,20240819,2024,949,0.68,99.92,15.9133,True,True,True,https://noaa-nws-rtofs-pds.s3.amazonaws.com/rtofs.20240819/rtofs_glo_3dz_f006_6hrly_hvr_US_east.nc
ARGO_GDAC,pfl,aoml/4903550/profiles/D4903550_089.nc|2024-08-25T00:35:32Z|24.78106|-85.20664,aoml/4903550/profiles/D4903550_089.nc,4903550,4903550,24.78106,-85.20664,2024-08-25T00:35:32Z,20240825,2024,1011,0.36,2009.08,23.5387,True,True,True,https://noaa-nws-rtofs-pds.s3.amazonaws.com/rtofs.20240825/rtofs_glo_3dz_f006_6hrly_hvr_US_east.nc
ARGO_GDAC,pfl,aoml/4903550/profiles/D4903550_089.nc|2024-08-25T00:35:32Z|24.78106|-85.20664,aoml/4903550/profiles/D4903550_089.nc,4903550,4903550,24.78106,-85.20664,2024-08-25T00:35:32Z,20240825,2024,888,0.36,99.92,23.6017,True,True,True,https://noaa-nws-rtofs-pds.s3.amazonaws.com/rtofs.20240825/rtofs_glo_3dz_f006_6hrly_hvr_US_east.nc
ARGO_GDAC,pfl,aoml/4903550/profiles/D4903550_090.nc|2024-08-30T01:04:39Z|24.39575|-85.06302,aoml/4903550/profiles/D4903550_090.nc,4903550,4903550,24.39575,-85.06302,2024-08-30T01:04:39Z,20240830,2024,1011,0.48,2009.92,38.5633,True,True,True,https://noaa-nws-rtofs-pds.s3.amazonaws.com/rtofs.20240830/rtofs_glo_3dz_f006_6hrly_hvr_US_east.nc
ARGO_GDAC,pfl,aoml/4903550/profiles/D4903550_090.nc|2024-08-30T01:04:39Z|24.39575|-85.06302,aoml/4903550/profiles/D4903550_090.nc,4903550,4903550,24.39575,-85.06302,2024-08-30T01:04:39Z,20240830,2024,800,0.48,99.88,38.6158,True,True,True,https://noaa-nws-rtofs-pds.s3.amazonaws.com/rtofs.20240830/rtofs_glo_3dz_f006_6hrly_hvr_US_east.nc
ARGO_GDAC,pfl,aoml/4903550/profiles/D4903550_091.nc|2024-09-04T01:44:45Z|24.23675|-84.89583,aoml/4903550/profiles/D4903550_091.nc,4903550,4903550,24.23675,-84.89583,2024-09-04T01:44:45Z,20240904,2024,1013,0.4,2013.24,53.7692,True,True,True,https://noaa-nws-rtofs-pds.s3.amazonaws.com/rtofs.20240904/rtofs_glo_3dz_f006_6hrly_hvr_US_east.nc
ARGO_GDAC,pfl,aoml/4903550/profiles/D4903550_091.nc|2024-09-04T01:44:45Z|24.23675|-84.89583,aoml/4903550/profiles/D4903550_091.nc,4903550,4903550,24.23675,-84.89583,2024-09-04T01:44:45Z,20240904,2024,838,0.4,99.96,53.8105,True,True,True,https://noaa-nws-rtofs-pds.s3.amazonaws.com/rtofs.20240904/rtofs_glo_3dz_f006_6hrly_hvr_US_east.nc
ARGO_GDAC,pfl,aoml/4903550/profiles/D4903550_092.nc|2024-09-09T02:20:16Z|24.33652|-84.82418,aoml/4903550/profiles/D4903550_092.nc,4903550,4903550,24.33652,-84.82418,2024-09-09T02:20:16Z,20240909,2024,1013,0.44,2013.36,42.5474,True,True,True,https://noaa-nws-rtofs-pds.s3.amazonaws.com/rtofs.20240909/rtofs_glo_3dz_f006_6hrly_hvr_US_east.nc
ARGO_GDAC,pfl,aoml/4903550/profiles/D4903550_092.nc|2024-09-09T02:20:16Z|24.33652|-84.82418,aoml/4903550/profiles/D4903550_092.nc,4903550,4903550,24.33652,-84.82418,2024-09-09T02:20:16Z,20240909,2024,757,0.44,100.0,43.24,True,True,True,https://noaa-nws-rtofs-pds.s3.amazonaws.com/rtofs.20240909/rtofs_glo_3dz_f006_6hrly_hvr_US_east.nc
ARGO_GDAC,pfl,aoml/4903550/profiles/D4903550_093.nc|2024-09-14T03:01:10Z|24.39578|-84.80121,aoml/4903550/profiles/D4903550_093.nc,4903550,4903550,24.39578,-84.80121,2024-09-14T03:01:10Z,20240914,2024,1011,0.4,2009.72,54.8517,True,True,True,https://noaa-nws-rtofs-pds.s3.amazonaws.com/rtofs.20240914/rtofs_glo_3dz_f006_6hrly_hvr_US_east.nc
ARGO_GDAC,pfl,aoml/4903550/profiles/D4903550_093.nc|2024-09-14T03:01:10Z|24.39578|-84.80121,aoml/4903550/profiles/D4903550_093.nc,4903550,4903550,24.39578,-84.80121,2024-09-14T03:01:10Z,20240914,2024,774,0.4,99.84,55.172,True,True,True,https://noaa-nws-rtofs-pds.s3.amazonaws.com/rtofs.20240914/rtofs_glo_3dz_f006_6hrly_hvr_US_east.nc
ARGO_GDAC,pfl,aoml/4903550/profiles/D4903550_094.nc|2024-09-19T03:40:01Z|24.74731|-84.74786,aoml/4903550/profiles/D4903550_094.nc,4903550,4903550,24.74731,-84.74786,2024-09-19T03:40:01Z,20240919,2024,1010,0.48,2007.24,45.4753,True,True,True,https://noaa-nws-rtofs-pds.s3.amazonaws.com/rtofs.20240919/rtofs_glo_3dz_f006_6hrly_hvr_US_east.nc
ARGO_GDAC,pfl,aoml/4903550/profiles/D4903550_094.nc|2024-09-19T03:40:01Z|24.74731|-84.74786,aoml/4903550/profiles/D4903550_094.nc,4903550,4903550,24.74731,-84.74786,2024-09-19T03:40:01Z,20240919,2024,1011,0.48,99.96,32.43,True,True,True,https://noaa-nws-rtofs-pds.s3.amazonaws.com/rtofs.20240919/rtofs_glo_3dz_f006_6hrly_hvr_US_east.nc
ARGO_GDAC,pfl,aoml/4903550/profiles/D4903550_095.nc|2024-09-24T04:32:40Z|25.10633|-85.20311,aoml/4903550/profiles/D4903550_095.nc,4903550,4903550,25.10633,-85.20311,2024-09-24T04:32:40Z,20240924,2024,1011,0.4,2010.2,31.5455,True,True,True,https://noaa-nws-rtofs-pds.s3.amazonaws.com/rtofs.20240924/rtofs_glo_3dz_f006_6hrly_hvr_US_east.nc
ARGO_GDAC,pfl,aoml/4903550/profiles/D4903550_095.nc|2024-09-24T04:32:40Z|25.10633|-85.20311,aoml/4903550/profiles/D4903550_095.nc,4903550,4903550,25.10633,-85.20311,2024-09-24T04:32:40Z,20240924,2024,1020,4.04,99.92,30.7388,True,True,True,https://noaa-nws-rtofs-pds.s3.amazonaws.com/rtofs.20240924/rtofs_glo_3dz_f006_6hrly_hvr_US_east.nc
ARGO_GDAC,pfl,aoml/4903550/profiles/D4903550_096.nc|2024-09-29T05:16:19Z|25.26286|-86.10289,aoml/4903550/profiles/D4903550_096.nc,4903550,4903550,25.26286,-86.10289,2024-09-29T05:16:19Z,20240929,2024,1011,1.04,2011.32,63.033,True,True,True,https://noaa-nws-rtofs-pds.s3.amazonaws.com/rtofs.20240929/rtofs_glo_3dz_f006_6hrly_hvr_US_east.nc
ARGO_GDAC,pfl,aoml/4903550/profiles/D4903550_096.nc|2024-09-29T05:16:19Z|25.26286|-86.10289,aoml/4903550/profiles/D4903550_096.nc,4903550,4903550,25.26286,-86.10289,2024-09-29T05:16:19Z,20240929,2024,854,0.64,99.84,63.16,True,True,True,https://noaa-nws-rtofs-pds.s3.amazonaws.com/rtofs.20240929/rtofs_glo_3dz_f006_6hrly_hvr_US_east.nc
ARGO_GDAC,pfl,aoml/4903550/profiles/D4903550_097.nc|2024-10-04T06:00:07Z|25.46803|-86.23948,aoml/4903550/profiles/D4903550_097.nc,4903550,4903550,25.46803,-86.23948,2024-10-04T06:00:07Z,20241004,2024,1011,1.0,2012.2,77.3799,True,True,True,https://noaa-nws-rtofs-pds.s3.amazonaws.com/rtofs.20241004/rtofs_glo_3dz_f006_6hrly_hvr_US_east.nc
ARGO_GDAC,pfl,aoml/4903550/profiles/D4903550_097.nc|2024-10-04T06:00:07Z|25.46803|-86.23948,aoml/4903550/profiles/D4903550_097.nc,4903550,4903550,25.46803,-86.23948,2024-10-04T06:00:07Z,20241004,2024,882,0.56,99.88,77.84,True,True,True,https://noaa-nws-rtofs-pds.s3.amazonaws.com/rtofs.20241004/rtofs_glo_3dz_f006_6hrly_hvr_US_east.nc
ARGO_GDAC,pfl,aoml/4903550/profiles/D4903550_098.nc|2024-10-09T06:43:46Z|25.15189|-86.07690,aoml/4903550/profiles/D4903550_098.nc,4903550,4903550,25.15189,-86.0769,2024-10-09T06:43:46Z,20241009,2024,1011,1.0,2011.6,68.4668,True,True,True,https://noaa-nws-rtofs-pds.s3.amazonaws.com/rtofs.20241009/rtofs_glo_3dz_f006_6hrly_hvr_US_east.nc
ARGO_GDAC,pfl,aoml/4903550/profiles/D4903550_098.nc|2024-10-09T06:43:46Z|25.15189|-86.07690,aoml/4903550/profiles/D4903550_098.nc,4903550,4903550,25.15189,-86.0769,2024-10-09T06:43:46Z,20241009,2024,834,0.52,100.0,68.8,True,True,True,https://noaa-nws-rtofs-pds.s3.amazonaws.com/rtofs.20241009/rtofs_glo_3dz_f006_6hrly_hvr_US_east.nc
ARGO_GDAC,pfl,aoml/4903550/profiles/D4903550_099.nc|2024-10-14T07:18:25Z|24.70385|-86.34925,aoml/4903550/profiles/D4903550_099.nc,4903550,4903550,24.70385,-86.34925,2024-10-14T07:18:25Z,20241014,2024,1012,0.96,2013.8,76.7843,True,True,True,https://noaa-nws-rtofs-pds.s3.amazonaws.com/rtofs.20241014/rtofs_glo_3dz_f006_6hrly_hvr_US_east.nc
ARGO_GDAC,pfl,aoml/4903550/profiles/D4903550_099.nc|2024-10-14T07:18:25Z|24.70385|-86.34925,aoml/4903550/profiles/D4903550_099.nc,4903550,4903550,24.70385,-86.34925,2024-10-14T07:18:25Z,20241014,2024,759,0.52,99.88,77.1991,True,True,True,https://noaa-nws-rtofs-pds.s3.amazonaws.com/rtofs.20241014/rtofs_glo_3dz_f006_6hrly_hvr_US_east.nc
ARGO_GDAC,pfl,aoml/4903550/profiles/D4903550_100.nc|2024-10-19T07:59:49Z|24.62846|-86.68662,aoml/4903550/profiles/D4903550_100.nc,4903550,4903550,24.62846,-86.68662,2024-10-19T07:59:49Z,20241019,2024,1010,1.12,2009.08,81.8322,True,True,True,https://noaa-nws-rtofs-pds.s3.amazonaws.com/rtofs.20241019/rtofs_glo_3dz_f006_6hrly_hvr_US_east.nc
ARGO_GDAC,pfl,aoml/4903550/profiles/D4903550_100.nc|2024-10-19T07:59:49Z|24.62846|-86.68662,aoml/4903550/profiles/D4903550_100.nc,4903550,4903550,24.62846,-86.68662,2024-10-19T07:59:49Z,20241019,2024,806,0.88,99.92,81.5201,True,True,True,https://noaa-nws-rtofs-pds.s3.amazonaws.com/rtofs.20241019/rtofs_glo_3dz_f006_6hrly_hvr_US_east.nc
ARGO_GDAC,pfl,aoml/4903550/profiles/D4903550_101.nc|2024-10-24T08:39:44Z|24.58064|-86.78056,aoml/4903550/profiles/D4903550_101.nc,4903550,4903550,24.58064,-86.78056,2024-10-24T08:39:44Z,20241024,2024,1011,1.08,2011.16,92.5633,True,True,True,https://noaa-nws-rtofs-pds.s3.amazonaws.com/rtofs.20241024/rtofs_glo_3dz_f006_6hrly_hvr_US_east.nc
ARGO_GDAC,pfl,aoml/4903550/profiles/D4903550_101.nc|2024-10-24T08:39:44Z|24.58064|-86.78056,aoml/4903550/profiles/D4903550_101.nc,4903550,4903550,24.58064,-86.78056,2024-10-24T08:39:44Z,20241024,2024,693,0.68,99.96,92.6254,True,True,True,https://noaa-nws-rtofs-pds.s3.amazonaws.com/rtofs.20241024/rtofs_glo_3dz_f006_6hrly_hvr_US_east.nc
ARGO_GDAC,pfl,aoml/4903550/profiles/D4903550_102.nc|2024-10-29T10:01:32Z|24.43558|-86.65012,aoml/4903550/profiles/D4903550_102.nc,4903550,4903550,24.43558,-86.65012,2024-10-29T10:01:32Z,20241029,2024,950,0.96,1890.08,81.2606,True,True,True,https://noaa-nws-rtofs-pds.s3.amazonaws.com/rtofs.20241029/rtofs_glo_3dz_f006_6hrly_hvr_US_east.nc
ARGO_GDAC,pfl,aoml/4903550/profiles/D4903550_102.nc|2024-10-29T10:01:32Z|24.43558|-86.65012,aoml/4903550/profiles/D4903550_102.nc,4903550,4903550,24.43558,-86.65012,2024-10-29T10:01:32Z,20241029,2024,791,0.6,99.92,81.4666,True,True,True,https://noaa-nws-rtofs-pds.s3.amazonaws.com/rtofs.20241029/rtofs_glo_3dz_f006_6hrly_hvr_US_east.nc
ARGO_GDAC,pfl,aoml/4903550/profiles/D4903550_103.nc|2024-11-03T11:18:11Z|24.22810|-86.38912,aoml/4903550/profiles/D4903550_103.nc,4903550,4903550,24.2281,-86.38912,2024-11-03T11:18:11Z,20241103,2024,916,1.08,1821.32,30.483,True,True,True,https://noaa-nws-rtofs-pds.s3.amazonaws.com/rtofs.20241103/rtofs_glo_3dz_f006_6hrly_hvr_US_east.nc
ARGO_GDAC,pfl,aoml/4903550/profiles/D4903550_103.nc|2024-11-03T11:18:11Z|24.22810|-86.38912,aoml/4903550/profiles/D4903550_103.nc,4903550,4903550,24.2281,-86.38912,2024-11-03T11:18:11Z,20241103,2024,879,0.64,99.96,30.6,True,True,True,https://noaa-nws-rtofs-pds.s3.amazonaws.com/rtofs.20241103/rtofs_glo_3dz_f006_6hrly_hvr_US_east.nc
ARGO_GDAC,pfl,aoml/4903550/profiles/D4903550_104.nc|2024-11-08T12:40:04Z|24.04197|-86.19204,aoml/4903550/profiles/D4903550_104.nc,4903550,4903550,24.04197,-86.19204,2024-11-08T12:40:04Z,20241108,2024,933,1.0,1855.12,64.8719,True,True,True,https://noaa-nws-rtofs-pds.s3.amazonaws.com/rtofs.20241108/rtofs_glo_3dz_f006_6hrly_hvr_US_east.nc
ARGO_GDAC,pfl,aoml/4903550/profiles/D4903550_104.nc|2024-11-08T12:40:04Z|24.04197|-86.19204,aoml/4903550/profiles/D4903550_104.nc,4903550,4903550,24.04197,-86.19204,2024-11-08T12:40:04Z,20241108,2024,765,0.52,100.0,64.9964,True,True,True,https://noaa-nws-rtofs-pds.s3.amazonaws.com/rtofs.20241108/rtofs_glo_3dz_f006_6hrly_hvr_US_east.nc
ARGO_GDAC,pfl,aoml/4903550/profiles/D4903550_105.nc|2024-11-13T12:16:41Z|23.93754|-86.03857,aoml/4903550/profiles/D4903550_105.nc,4903550,4903550,23.93754,-86.03857,2024-11-13T12:16:41Z,20241113,2024,895,0.32,1778.36,79.8821,True,True,True,https://noaa-nws-rtofs-pds.s3.amazonaws.com/rtofs.20241113/rtofs_glo_3dz_f006_6hrly_hvr_US_east.nc
ARGO_GDAC,pfl,aoml/4903550/profiles/D4903550_105.nc|2024-11-13T12:16:41Z|23.93754|-86.03857,aoml/4903550/profiles/D4903550_105.nc,4903550,4903550,23.93754,-86.03857,2024-11-13T12:16:41Z,20241113,2024,405,0.2,99.92,80.02,True,True,True,https://noaa-nws-rtofs-pds.s3.amazonaws.com/rtofs.20241113/rtofs_glo_3dz_f006_6hrly_hvr_US_east.nc
ARGO_GDAC,pfl,aoml/4903550/profiles/D4903550_106.nc|2024-11-18T12:45:36Z|24.06578|-86.00666,aoml/4903550/profiles/D4903550_106.nc,4903550,4903550,24.06578,-86.00666,2024-11-18T12:45:36Z,20241118,2024,1012,0.96,2013.04,64.941,True,True,True,https://noaa-nws-rtofs-pds.s3.amazonaws.com/rtofs.20241118/rtofs_glo_3dz_f006_6hrly_hvr_US_east.nc
ARGO_GDAC,pfl,aoml/4903550/profiles/D4903550_106.nc|2024-11-18T12:45:36Z|24.06578|-86.00666,aoml/4903550/profiles/D4903550_106.nc,4903550,4903550,24.06578,-86.00666,2024-11-18T12:45:36Z,20241118,2024,769,0.52,99.96,65.1445,True,True,True,https://noaa-nws-rtofs-pds.s3.amazonaws.com/rtofs.20241118/rtofs_glo_3dz_f006_6hrly_hvr_US_east.nc
ARGO_GDAC,pfl,aoml/4903550/profiles/D4903550_107.nc|2024-11-23T13:24:34Z|24.55214|-86.31767,aoml/4903550/profiles/D4903550_107.nc,4903550,4903550,24.55214,-86.31767,2024-11-23T13:24:34Z,20241123,2024,1012,1.04,2014.16,19.3076,True,True,True,https://noaa-nws-rtofs-pds.s3.amazonaws.com/rtofs.20241123/rtofs_glo_3dz_f006_6hrly_hvr_US_east.nc
ARGO_GDAC,pfl,aoml/4903550/profiles/D4903550_107.nc|2024-11-23T13:24:34Z|24.55214|-86.31767,aoml/4903550/profiles/D4903550_107.nc,4903550,4903550,24.55214,-86.31767,2024-11-23T13:24:34Z,20241123,2024,920,0.52,100.0,19.184,True,True,True,https://noaa-nws-rtofs-pds.s3.amazonaws.com/rtofs.20241123/rtofs_glo_3dz_f006_6hrly_hvr_US_east.nc
ARGO_GDAC,pfl,aoml/4903550/profiles/D4903550_108.nc|2024-11-28T14:10:15Z|25.29276|-86.06520,aoml/4903550/profiles/D4903550_108.nc,4903550,4903550,25.29276,-86.0652,2024-11-28T14:10:15Z,20241128,2024,1012,0.96,2014.08,27.9064,True,True,True,https://noaa-nws-rtofs-pds.s3.amazonaws.com/rtofs.20241128/rtofs_glo_3dz_f006_6hrly_hvr_US_east.nc
ARGO_GDAC,pfl,aoml/4903550/profiles/D4903550_108.nc|2024-11-28T14:10:15Z|25.29276|-86.06520,aoml/4903550/profiles/D4903550_108.nc,4903550,4903550,25.29276,-86.0652,2024-11-28T14:10:15Z,20241128,2024,828,0.52,100.0,27.8955,True,True,True,https://noaa-nws-rtofs-pds.s3.amazonaws.com/rtofs.20241128/rtofs_glo_3dz_f006_6hrly_hvr_US_east.nc
ARGO_GDAC,pfl,aoml/4903550/profiles/D4903550_109.nc|2024-12-03T14:44:42Z|25.44040|-85.45323,aoml/4903550/profiles/D4903550_109.nc,4903550,4903550,25.4404,-85.45323,2024-12-03T14:44:42Z,20241203,2024,1010,1.08,2009.56,40.75,True,True,True,https://noaa-nws-rtofs-pds.s3.amazonaws.com/rtofs.20241203/rtofs_glo_3dz_f006_6hrly_hvr_US_east.nc
ARGO_GDAC,pfl,aoml/4903550/profiles/D4903550_109.nc|2024-12-03T14:44:42Z|25.44040|-85.45323,aoml/4903550/profiles/D4903550_109.nc,4903550,4903550,25.4404,-85.45323,2024-12-03T14:44:42Z,20241203,2024,924,0.64,99.88,40.8495,True,True,True,https://noaa-nws-rtofs-pds.s3.amazonaws.com/rtofs.20241203/rtofs_glo_3dz_f006_6hrly_hvr_US_east.nc
ARGO_GDAC,pfl,aoml/4903550/profiles/D4903550_110.nc|2024-12-08T15:30:11Z|24.77600|-85.41494,aoml/4903550/profiles/D4903550_110.nc,4903550,4903550,24.776,-85.41494,2024-12-08T15:30:11Z,20241208,2024,1012,1.0,2013.2,95.3213,True,True,True,https://noaa-nws-rtofs-pds.s3.amazonaws.com/rtofs.20241208/rtofs_glo_3dz_f006_6hrly_hvr_US_east.nc
ARGO_GDAC,pfl,aoml/4903550/profiles/D4903550_110.nc|2024-12-08T15:30:11Z|24.77600|-85.41494,aoml/4903550/profiles/D4903550_110.nc,4903550,4903550,24.776,-85.41494,2024-12-08T15:30:11Z,20241208,2024,785,0.6,99.84,95.6057,True,True,True,https://noaa-nws-rtofs-pds.s3.amazonaws.com/rtofs.20241208/rtofs_glo_3dz_f006_6hrly_hvr_US_east.nc
ARGO_GDAC,pfl,aoml/4903550/profiles/D4903550_111.nc|2024-12-13T16:06:56Z|24.65700|-85.91966,aoml/4903550/profiles/D4903550_111.nc,4903550,4903550,24.657,-85.91966,2024-12-13T16:06:56Z,20241213,2024,1008,0.96,2005.52,70.5241,True,True,True,https://noaa-nws-rtofs-pds.s3.amazonaws.com/rtofs.20241213/rtofs_glo_3dz_f006_6hrly_hvr_US_east.nc
ARGO_GDAC,pfl,aoml/4903550/profiles/D4903550_111.nc|2024-12-13T16:06:56Z|24.65700|-85.91966,aoml/4903550/profiles/D4903550_111.nc,4903550,4903550,24.657,-85.91966,2024-12-13T16:06:56Z,20241213,2024,815,0.56,99.92,71.1844,True,True,True,https://noaa-nws-rtofs-pds.s3.amazonaws.com/rtofs.20241213/rtofs_glo_3dz_f006_6hrly_hvr_US_east.nc
ARGO_GDAC,pfl,aoml/4903550/profiles/D4903550_112.nc|2024-12-18T16:41:07Z|24.90548|-86.35863,aoml/4903550/profiles/D4903550_112.nc,4903550,4903550,24.90548,-86.35863,2024-12-18T16:41:07Z,20241218,2024,1008,1.0,2005.64,25.6233,True,True,True,https://noaa-nws-rtofs-pds.s3.amazonaws.com/rtofs.20241218/rtofs_glo_3dz_f006_6hrly_hvr_US_east.nc
ARGO_GDAC,pfl,aoml/4903550/profiles/D4903550_112.nc|2024-12-18T16:41:07Z|24.90548|-86.35863,aoml/4903550/profiles/D4903550_112.nc,4903550,4903550,24.90548,-86.35863,2024-12-18T16:41:07Z,20241218,2024,852,0.56,99.92,25.3904,True,True,True,https://noaa-nws-rtofs-pds.s3.amazonaws.com/rtofs.20241218/rtofs_glo_3dz_f006_6hrly_hvr_US_east.nc
ARGO_GDAC,pfl,aoml/4903550/profiles/D4903550_113.nc|2024-12-23T17:22:08Z|25.36826|-86.36582,aoml/4903550/profiles/D4903550_113.nc,4903550,4903550,25.36826,-86.36582,2024-12-23T17:22:08Z,20241223,2024,1013,1.0,2015.36,33.9923,True,True,True,https://noaa-nws-rtofs-pds.s3.amazonaws.com/rtofs.20241223/rtofs_glo_3dz_f006_6hrly_hvr_US_east.nc
ARGO_GDAC,pfl,aoml/4903550/profiles/D4903550_113.nc|2024-12-23T17:22:08Z|25.36826|-86.36582,aoml/4903550/profiles/D4903550_113.nc,4903550,4903550,25.36826,-86.36582,2024-12-23T17:22:08Z,20241223,2024,729,0.6,99.96,33.805,True,True,True,https://noaa-nws-rtofs-pds.s3.amazonaws.com/rtofs.20241223/rtofs_glo_3dz_f006_6hrly_hvr_US_east.nc
ARGO_GDAC,pfl,aoml/4903550/profiles/D4903550_114.nc|2024-12-28T17:54:04Z|25.06513|-85.82017,aoml/4903550/profiles/D4903550_114.nc,4903550,4903550,25.06513,-85.82017,2024-12-28T17:54:04Z,20241228,2024,1011,1.08,2011.04,12.43,True,True,True,https://noaa-nws-rtofs-pds.s3.amazonaws.com/rtofs.20241228/rtofs_glo_3dz_f006_6hrly_hvr_US_east.nc
ARGO_GDAC,pfl,aoml/4903550/profiles/D4903550_114.nc|2024-12-28T17:54:04Z|25.06513|-85.82017,aoml/4903550/profiles/D4903550_114.nc,4903550,4903550,25.06513,-85.82017,2024-12-28T17:54:04Z,20241228,2024,720,0.68,100.0,12.7474,True,True,True,https://noaa-nws-rtofs-pds.s3.amazonaws.com/rtofs.20241228/rtofs_glo_3dz_f006_6hrly_hvr_US_east.nc
ARGO_GDAC,pfl,aoml/4903550/profiles/D4903550_115.nc|2025-01-02T18:27:31Z|24.60209|-85.95923,aoml/4903550/profiles/D4903550_115.nc,4903550,4903550,24.60209,-85.95923,2025-01-02T18:27:31Z,20250102,2025,1008,1.0,2005.32,103.1776,True,False,True,https://noaa-nws-rtofs-pds.s3.amazonaws.com/rtofs.20250102/rtofs_glo_3dz_f006_6hrly_hvr_US_east.nc
ARGO_GDAC,pfl,aoml/4903550/profiles/D4903550_115.nc|2025-01-02T18:27:31Z|24.60209|-85.95923,aoml/4903550/profiles/D4903550_115.nc,4903550,4903550,24.60209,-85.95923,2025-01-02T18:27:31Z,20250102,2025,745,0.64,100.0,,False,False,True,https://noaa-nws-rtofs-pds.s3.amazonaws.com/rtofs.20250102/rtofs_glo_3dz_f006_6hrly_hvr_US_east.nc
ARGO_GDAC,pfl,aoml/4903550/profiles/D4903550_116.nc|2025-01-07T19:08:55Z|24.47202|-86.17300,aoml/4903550/profiles/D4903550_116.nc,4903550,4903550,24.47202,-86.173,2025-01-07T19:08:55Z,20250107,2025,1013,0.4,2013.6,37.8658,True,True,True,https://noaa-nws-rtofs-pds.s3.amazonaws.com/rtofs.20250107/rtofs_glo_3dz_f006_6hrly_hvr_US_east.nc
ARGO_GDAC,pfl,aoml/4903550/profiles/D4903550_116.nc|2025-01-07T19:08:55Z|24.47202|-86.17300,aoml/4903550/profiles/D4903550_116.nc,4903550,4903550,24.47202,-86.173,2025-01-07T19:08:55Z,20250107,2025,657,0.4,99.8,37.92,True,True,True,https://noaa-nws-rtofs-pds.s3.amazonaws.com/rtofs.20250107/rtofs_glo_3dz_f006_6hrly_hvr_US_east.nc
ARGO_GDAC,pfl,aoml/4903550/profiles/D4903550_117.nc|2025-01-12T19:42:24Z|24.44192|-86.24614,aoml/4903550/profiles/D4903550_117.nc,4903550,4903550,24.44192,-86.24614,2025-01-12T19:42:24Z,20250112,2025,1010,1.04,2009.8,34.9869,True,True,True,https://noaa-nws-rtofs-pds.s3.amazonaws.com/rtofs.20250112/rtofs_glo_3dz_f006_6hrly_hvr_US_east.nc
ARGO_GDAC,pfl,aoml/4903550/profiles/D4903550_117.nc|2025-01-12T19:42:24Z|24.44192|-86.24614,aoml/4903550/profiles/D4903550_117.nc,4903550,4903550,24.44192,-86.24614,2025-01-12T19:42:24Z,20250112,2025,692,0.68,100.0,35.1736,True,True,True,https://noaa-nws-rtofs-pds.s3.amazonaws.com/rtofs.20250112/rtofs_glo_3dz_f006_6hrly_hvr_US_east.nc
ARGO_GDAC,pfl,aoml/4903550/profiles/D4903550_118.nc|2025-01-17T20:22:55Z|24.29050|-86.13772,aoml/4903550/profiles/D4903550_118.nc,4903550,4903550,24.2905,-86.13772,2025-01-17T20:22:55Z,20250117,2025,1012,1.04,2014.08,134.9319,True,False,True,https://noaa-nws-rtofs-pds.s3.amazonaws.com/rtofs.20250117/rtofs_glo_3dz_f006_6hrly_hvr_US_east.nc
ARGO_GDAC,pfl,aoml/4903550/profiles/D4903550_118.nc|2025-01-17T20:22:55Z|24.29050|-86.13772,aoml/4903550/profiles/D4903550_118.nc,4903550,4903550,24.2905,-86.13772,2025-01-17T20:22:55Z,20250117,2025,652,0.64,99.96,,False,False,True,https://noaa-nws-rtofs-pds.s3.amazonaws.com/rtofs.20250117/rtofs_glo_3dz_f006_6hrly_hvr_US_east.nc
ARGO_GDAC,pfl,aoml/4903550/profiles/D4903550_119.nc|2025-01-22T20:58:20Z|24.08555|-85.80547,aoml/4903550/profiles/D4903550_119.nc,4903550,4903550,24.08555,-85.80547,2025-01-22T20:58:20Z,20250122,2025,1012,1.04,2013.64,68.3647,True,True,True,https://noaa-nws-rtofs-pds.s3.amazonaws.com/rtofs.20250122/rtofs_glo_3dz_f006_6hrly_hvr_US_east.nc
ARGO_GDAC,pfl,aoml/4903550/profiles/D4903550_119.nc|2025-01-22T20:58:20Z|24.08555|-85.80547,aoml/4903550/profiles/D4903550_119.nc,4903550,4903550,24.08555,-85.80547,2025-01-22T20:58:20Z,20250122,2025,671,0.56,99.96,68.4543,True,True,True,https://noaa-nws-rtofs-pds.s3.amazonaws.com/rtofs.20250122/rtofs_glo_3dz_f006_6hrly_hvr_US_east.nc
ARGO_GDAC,pfl,aoml/4903550/profiles/D4903550_120.nc|2025-01-27T21:43:33Z|23.94021|-85.39702,aoml/4903550/profiles/D4903550_120.nc,4903550,4903550,23.94021,-85.39702,2025-01-27T21:43:33Z,20250127,2025,1012,0.48,2011.0,74.7457,True,True,True,https://noaa-nws-rtofs-pds.s3.amazonaws.com/rtofs.20250127/rtofs_glo_3dz_f006_6hrly_hvr_US_east.nc
ARGO_GDAC,pfl,aoml/4903550/profiles/D4903550_120.nc|2025-01-27T21:43:33Z|23.94021|-85.39702,aoml/4903550/profiles/D4903550_120.nc,4903550,4903550,23.94021,-85.39702,2025-01-27T21:43:33Z,20250127,2025,724,0.48,99.92,75.8073,True,True,True,https://noaa-nws-rtofs-pds.s3.amazonaws.com/rtofs.20250127/rtofs_glo_3dz_f006_6hrly_hvr_US_east.nc
ARGO_GDAC,pfl,aoml/4903550/profiles/D4903550_121.nc|2025-02-01T22:15:55Z|23.84264|-85.19043,aoml/4903550/profiles/D4903550_121.nc,4903550,4903550,23.84264,-85.19043,2025-02-01T22:15:55Z,20250201,2025,1012,1.04,2013.04,80.1447,True,True,True,https://noaa-nws-rtofs-pds.s3.amazonaws.com/rtofs.20250201/rtofs_glo_3dz_f006_6hrly_hvr_US_east.nc
ARGO_GDAC,pfl,aoml/4903550/profiles/D4903550_121.nc|2025-02-01T22:15:55Z|23.84264|-85.19043,aoml/4903550/profiles/D4903550_121.nc,4903550,4903550,23.84264,-85.19043,2025-02-01T22:15:55Z,20250201,2025,723,0.6,99.84,80.3096,True,True,True,https://noaa-nws-rtofs-pds.s3.amazonaws.com/rtofs.20250201/rtofs_glo_3dz_f006_6hrly_hvr_US_east.nc
ARGO_GDAC,pfl,aoml/4903550/profiles/D4903550_122.nc|2025-02-06T22:50:01Z|23.82123|-85.02829,aoml/4903550/profiles/D4903550_122.nc,4903550,4903550,23.82123,-85.02829,2025-02-06T22:50:01Z,20250206,2025,1012,1.0,2014.16,71.6029,True,True,True,https://noaa-nws-rtofs-pds.s3.amazonaws.com/rtofs.20250206/rtofs_glo_3dz_f006_6hrly_hvr_US_east.nc
ARGO_GDAC,pfl,aoml/4903550/profiles/D4903550_122.nc|2025-02-06T22:50:01Z|23.82123|-85.02829,aoml/4903550/profiles/D4903550_122.nc,4903550,4903550,23.82123,-85.02829,2025-02-06T22:50:01Z,20250206,2025,727,0.56,99.92,71.1947,True,True,True,https://noaa-nws-rtofs-pds.s3.amazonaws.com/rtofs.20250206/rtofs_glo_3dz_f006_6hrly_hvr_US_east.nc
ARGO_GDAC,pfl,aoml/4903550/profiles/D4903550_123.nc|2025-02-11T23:26:58Z|23.88467|-84.81827,aoml/4903550/profiles/D4903550_123.nc,4903550,4903550,23.88467,-84.81827,2025-02-11T23:26:58Z,20250211,2025,1010,0.96,2009.72,14.4483,True,True,True,https://noaa-nws-rtofs-pds.s3.amazonaws.com/rtofs.20250211/rtofs_glo_3dz_f006_6hrly_hvr_US_east.nc
ARGO_GDAC,pfl,aoml/4903550/profiles/D4903550_123.nc|2025-02-11T23:26:58Z|23.88467|-84.81827,aoml/4903550/profiles/D4903550_123.nc,4903550,4903550,23.88467,-84.81827,2025-02-11T23:26:58Z,20250211,2025,717,0.68,99.92,14.616,True,True,True,https://noaa-nws-rtofs-pds.s3.amazonaws.com/rtofs.20250211/rtofs_glo_3dz_f006_6hrly_hvr_US_east.nc
ARGO_GDAC,pfl,aoml/4903550/profiles/D4903550_124.nc|2025-02-17T00:03:25Z|24.03530|-84.62312,aoml/4903550/profiles/D4903550_124.nc,4903550,4903550,24.0353,-84.62312,2025-02-17T00:03:25Z,20250217,2025,1009,0.48,2005.96,29.1507,True,True,True,https://noaa-nws-rtofs-pds.s3.amazonaws.com/rtofs.20250217/rtofs_glo_3dz_f006_6hrly_hvr_US_east.nc
ARGO_GDAC,pfl,aoml/4903550/profiles/D4903550_124.nc|2025-02-17T00:03:25Z|24.03530|-84.62312,aoml/4903550/profiles/D4903550_124.nc,4903550,4903550,24.0353,-84.62312,2025-02-17T00:03:25Z,20250217,2025,711,0.48,99.88,28.76,True,True,True,https://noaa-nws-rtofs-pds.s3.amazonaws.com/rtofs.20250217/rtofs_glo_3dz_f006_6hrly_hvr_US_east.nc
ARGO_GDAC,pfl,aoml/4903550/profiles/D4903550_125.nc|2025-02-22T00:46:32Z|23.98404|-84.74935,aoml/4903550/profiles/D4903550_125.nc,4903550,4903550,23.98404,-84.74935,2025-02-22T00:46:32Z,20250222,2025,1012,1.0,2013.68,84.3673,True,True,True,https://noaa-nws-rtofs-pds.s3.amazonaws.com/rtofs.20250222/rtofs_glo_3dz_f006_6hrly_hvr_US_east.nc
ARGO_GDAC,pfl,aoml/4903550/profiles/D4903550_125.nc|2025-02-22T00:46:32Z|23.98404|-84.74935,aoml/4903550/profiles/D4903550_125.nc,4903550,4903550,23.98404,-84.74935,2025-02-22T00:46:32Z,20250222,2025,680,0.56,99.92,84.69,True,True,True,https://noaa-nws-rtofs-pds.s3.amazonaws.com/rtofs.20250222/rtofs_glo_3dz_f006_6hrly_hvr_US_east.nc
ARGO_GDAC,pfl,aoml/4903550/profiles/D4903550_126.nc|2025-02-27T01:29:18Z|24.20322|-84.72785,aoml/4903550/profiles/D4903550_126.nc,4903550,4903550,24.20322,-84.72785,2025-02-27T01:29:18Z,20250227,2025,1012,0.96,2013.28,31.1679,True,True,True,https://noaa-nws-rtofs-pds.s3.amazonaws.com/rtofs.20250227/rtofs_glo_3dz_f006_6hrly_hvr_US_east.nc
ARGO_GDAC,pfl,aoml/4903550/profiles/D4903550_126.nc|2025-02-27T01:29:18Z|24.20322|-84.72785,aoml/4903550/profiles/D4903550_126.nc,4903550,4903550,24.20322,-84.72785,2025-02-27T01:29:18Z,20250227,2025,828,0.52,99.84,30.24,True,True,True,https://noaa-nws-rtofs-pds.s3.amazonaws.com/rtofs.20250227/rtofs_glo_3dz_f006_6hrly_hvr_US_east.nc
ARGO_GDAC,pfl,aoml/4903550/profiles/D4903550_127.nc|2025-03-04T02:12:01Z|24.32344|-84.68134,aoml/4903550/profiles/D4903550_127.nc,4903550,4903550,24.32344,-84.68134,2025-03-04T02:12:01Z,20250304,2025,1014,0.4,2015.36,35.2667,True,True,True,https://noaa-nws-rtofs-pds.s3.amazonaws.com/rtofs.20250304/rtofs_glo_3dz_f006_6hrly_hvr_US_east.nc
ARGO_GDAC,pfl,aoml/4903550/profiles/D4903550_127.nc|2025-03-04T02:12:01Z|24.32344|-84.68134,aoml/4903550/profiles/D4903550_127.nc,4903550,4903550,24.32344,-84.68134,2025-03-04T02:12:01Z,20250304,2025,798,0.4,100.0,35.5348,True,True,True,https://noaa-nws-rtofs-pds.s3.amazonaws.com/rtofs.20250304/rtofs_glo_3dz_f006_6hrly_hvr_US_east.nc
ARGO_GDAC,pfl,aoml/4903550/profiles/D4903550_128.nc|2025-03-09T02:55:51Z|24.44690|-84.63664,aoml/4903550/profiles/D4903550_128.nc,4903550,4903550,24.4469,-84.63664,2025-03-09T02:55:51Z,20250309,2025,1011,1.0,2011.68,13.0702,True,True,True,https://noaa-nws-rtofs-pds.s3.amazonaws.com/rtofs.20250309/rtofs_glo_3dz_f006_6hrly_hvr_US_east.nc
ARGO_GDAC,pfl,aoml/4903550/profiles/D4903550_128.nc|2025-03-09T02:55:51Z|24.44690|-84.63664,aoml/4903550/profiles/D4903550_128.nc,4903550,4903550,24.4469,-84.63664,2025-03-09T02:55:51Z,20250309,2025,861,0.56,99.88,12.7886,True,True,True,https://noaa-nws-rtofs-pds.s3.amazonaws.com/rtofs.20250309/rtofs_glo_3dz_f006_6hrly_hvr_US_east.nc
ARGO_GDAC,pfl,aoml/4903550/profiles/D4903550_129.nc|2025-03-14T03:38:04Z|24.58207|-84.69922,aoml/4903550/profiles/D4903550_129.nc,4903550,4903550,24.58207,-84.69922,2025-03-14T03:38:04Z,20250314,2025,1012,0.44,2011.88,14.6417,True,True,True,https://noaa-nws-rtofs-pds.s3.amazonaws.com/rtofs.20250314/rtofs_glo_3dz_f006_6hrly_hvr_US_east.nc
ARGO_GDAC,pfl,aoml/4903550/profiles/D4903550_129.nc|2025-03-14T03:38:04Z|24.58207|-84.69922,aoml/4903550/profiles/D4903550_129.nc,4903550,4903550,24.58207,-84.69922,2025-03-14T03:38:04Z,20250314,2025,911,0.44,99.96,14.96,True,True,True,https://noaa-nws-rtofs-pds.s3.amazonaws.com/rtofs.20250314/rtofs_glo_3dz_f006_6hrly_hvr_US_east.nc
ARGO_GDAC,pfl,aoml/4903550/profiles/D4903550_130.nc|2025-03-19T04:20:30Z|24.67929|-84.83175,aoml/4903550/profiles/D4903550_130.nc,4903550,4903550,24.67929,-84.83175,2025-03-19T04:20:30Z,20250319,2025,1010,1.08,2009.88,69.3495,True,True,True,https://noaa-nws-rtofs-pds.s3.amazonaws.com/rtofs.20250319/rtofs_glo_3dz_f006_6hrly_hvr_US_east.nc
ARGO_GDAC,pfl,aoml/4903550/profiles/D4903550_130.nc|2025-03-19T04:20:30Z|24.67929|-84.83175,aoml/4903550/profiles/D4903550_130.nc,4903550,4903550,24.67929,-84.83175,2025-03-19T04:20:30Z,20250319,2025,816,0.64,99.92,69.216,True,True,True,https://noaa-nws-rtofs-pds.s3.amazonaws.com/rtofs.20250319/rtofs_glo_3dz_f006_6hrly_hvr_US_east.nc
ARGO_GDAC,pfl,aoml/4903550/profiles/D4903550_131.nc|2025-03-24T05:02:16Z|24.52526|-85.09386,aoml/4903550/profiles/D4903550_131.nc,4903550,4903550,24.52526,-85.09386,2025-03-24T05:02:16Z,20250324,2025,1008,1.04,2005.48,28.918,True,True,True,https://noaa-nws-rtofs-pds.s3.amazonaws.com/rtofs.20250324/rtofs_glo_3dz_f006_6hrly_hvr_US_east.nc
ARGO_GDAC,pfl,aoml/4903550/profiles/D4903550_131.nc|2025-03-24T05:02:16Z|24.52526|-85.09386,aoml/4903550/profiles/D4903550_131.nc,4903550,4903550,24.52526,-85.09386,2025-03-24T05:02:16Z,20250324,2025,904,0.68,99.88,28.8609,True,True,True,https://noaa-nws-rtofs-pds.s3.amazonaws.com/rtofs.20250324/rtofs_glo_3dz_f006_6hrly_hvr_US_east.nc
ARGO_GDAC,pfl,aoml/4903550/profiles/D4903550_132.nc|2025-03-29T05:54:43Z|24.15985|-85.19244,aoml/4903550/profiles/D4903550_132.nc,4903550,4903550,24.15985,-85.19244,2025-03-29T05:54:43Z,20250329,2025,1013,1.04,2015.56,63.4461,True,True,True,https://noaa-nws-rtofs-pds.s3.amazonaws.com/rtofs.20250329/rtofs_glo_3dz_f006_6hrly_hvr_US_east.nc
ARGO_GDAC,pfl,aoml/4903550/profiles/D4903550_132.nc|2025-03-29T05:54:43Z|24.15985|-85.19244,aoml/4903550/profiles/D4903550_132.nc,4903550,4903550,24.15985,-85.19244,2025-03-29T05:54:43Z,20250329,2025,871,0.68,99.96,63.7,True,True,True,https://noaa-nws-rtofs-pds.s3.amazonaws.com/rtofs.20250329/rtofs_glo_3dz_f006_6hrly_hvr_US_east.nc
ARGO_GDAC,pfl,aoml/4903550/profiles/D4903550_133.nc|2025-04-03T06:25:16Z|23.94251|-85.10414,aoml/4903550/profiles/D4903550_133.nc,4903550,4903550,23.94251,-85.10414,2025-04-03T06:25:16Z,20250403,2025,1012,0.44,2011.44,12.4341,True,True,True,https://noaa-nws-rtofs-pds.s3.amazonaws.com/rtofs.20250403/rtofs_glo_3dz_f006_6hrly_hvr_US_east.nc
ARGO_GDAC,pfl,aoml/4903550/profiles/D4903550_133.nc|2025-04-03T06:25:16Z|23.94251|-85.10414,aoml/4903550/profiles/D4903550_133.nc,4903550,4903550,23.94251,-85.10414,2025-04-03T06:25:16Z,20250403,2025,754,0.44,99.84,13.2466,True,True,True,https://noaa-nws-rtofs-pds.s3.amazonaws.com/rtofs.20250403/rtofs_glo_3dz_f006_6hrly_hvr_US_east.nc
ARGO_GDAC,pfl,aoml/4903550/profiles/D4903550_134.nc|2025-04-08T07:13:13Z|23.63128|-84.73151,aoml/4903550/profiles/D4903550_134.nc,4903550,4903550,23.63128,-84.73151,2025-04-08T07:13:13Z,20250408,2025,1012,1.04,2013.84,48.44,True,True,True,https://noaa-nws-rtofs-pds.s3.amazonaws.com/rtofs.20250408/rtofs_glo_3dz_f006_6hrly_hvr_US_east.nc
ARGO_GDAC,pfl,aoml/4903550/profiles/D4903550_134.nc|2025-04-08T07:13:13Z|23.63128|-84.73151,aoml/4903550/profiles/D4903550_134.nc,4903550,4903550,23.63128,-84.73151,2025-04-08T07:13:13Z,20250408,2025,886,0.6,99.96,50.1829,True,True,True,https://noaa-nws-rtofs-pds.s3.amazonaws.com/rtofs.20250408/rtofs_glo_3dz_f006_6hrly_hvr_US_east.nc
ARGO_GDAC,pfl,aoml/4903550/profiles/D4903550_135.nc|2025-04-13T07:59:13Z|23.63351|-84.41210,aoml/4903550/profiles/D4903550_135.nc,4903550,4903550,23.63351,-84.4121,2025-04-13T07:59:13Z,20250413,2025,1012,0.48,2011.44,31.5794,True,True,True,https://noaa-nws-rtofs-pds.s3.amazonaws.com/rtofs.20250413/rtofs_glo_3dz_f006_6hrly_hvr_US_east.nc
ARGO_GDAC,pfl,aoml/4903550/profiles/D4903550_135.nc|2025-04-13T07:59:13Z|23.63351|-84.41210,aoml/4903550/profiles/D4903550_135.nc,4903550,4903550,23.63351,-84.4121,2025-04-13T07:59:13Z,20250413,2025,810,0.48,99.92,31.3321,True,True,True,https://noaa-nws-rtofs-pds.s3.amazonaws.com/rtofs.20250413/rtofs_glo_3dz_f006_6hrly_hvr_US_east.nc
ARGO_GDAC,pfl,aoml/4903550/profiles/D4903550_136.nc|2025-04-18T08:36:02Z|23.71234|-84.31702,aoml/4903550/profiles/D4903550_136.nc,4903550,4903550,23.71234,-84.31702,2025-04-18T08:36:02Z,20250418,2025,1012,0.96,2013.2,16.4874,True,True,True,https://noaa-nws-rtofs-pds.s3.amazonaws.com/rtofs.20250418/rtofs_glo_3dz_f006_6hrly_hvr_US_east.nc
ARGO_GDAC,pfl,aoml/4903550/profiles/D4903550_136.nc|2025-04-18T08:36:02Z|23.71234|-84.31702,aoml/4903550/profiles/D4903550_136.nc,4903550,4903550,23.71234,-84.31702,2025-04-18T08:36:02Z,20250418,2025,788,0.56,99.88,16.8,True,True,True,https://noaa-nws-rtofs-pds.s3.amazonaws.com/rtofs.20250418/rtofs_glo_3dz_f006_6hrly_hvr_US_east.nc
ARGO_GDAC,pfl,aoml/4903550/profiles/D4903550_137.nc|2025-04-23T09:04:19Z|23.79409|-84.37957,aoml/4903550/profiles/D4903550_137.nc,4903550,4903550,23.79409,-84.37957,2025-04-23T09:04:19Z,20250423,2025,1009,0.4,2005.44,33.2543,True,True,True,https://noaa-nws-rtofs-pds.s3.amazonaws.com/rtofs.20250423/rtofs_glo_3dz_f006_6hrly_hvr_US_east.nc
ARGO_GDAC,pfl,aoml/4903550/profiles/D4903550_137.nc|2025-04-23T09:04:19Z|23.79409|-84.37957,aoml/4903550/profiles/D4903550_137.nc,4903550,4903550,23.79409,-84.37957,2025-04-23T09:04:19Z,20250423,2025,847,0.4,100.0,33.464,True,True,True,https://noaa-nws-rtofs-pds.s3.amazonaws.com/rtofs.20250423/rtofs_glo_3dz_f006_6hrly_hvr_US_east.nc
ARGO_GDAC,pfl,aoml/4903550/profiles/D4903550_138.nc|2025-04-28T09:39:05Z|23.62371|-84.17362,aoml/4903550/profiles/D4903550_138.nc,4903550,4903550,23.62371,-84.17362,2025-04-28T09:39:05Z,20250428,2025,1013,1.08,2015.64,23.7318,True,True,True,https://noaa-nws-rtofs-pds.s3.amazonaws.com/rtofs.20250428/rtofs_glo_3dz_f006_6hrly_hvr_US_east.nc
ARGO_GDAC,pfl,aoml/4903550/profiles/D4903550_138.nc|2025-04-28T09:39:05Z|23.62371|-84.17362,aoml/4903550/profiles/D4903550_138.nc,4903550,4903550,23.62371,-84.17362,2025-04-28T09:39:05Z,20250428,2025,864,0.8,99.84,23.8933,True,True,True,https://noaa-nws-rtofs-pds.s3.amazonaws.com/rtofs.20250428/rtofs_glo_3dz_f006_6hrly_hvr_US_east.nc
ARGO_GDAC,pfl,aoml/4903550/profiles/D4903550_139.nc|2025-05-03T10:24:20Z|23.34523|-83.92276,aoml/4903550/profiles/D4903550_139.nc,4903550,4903550,23.34523,-83.92276,2025-05-03T10:24:20Z,20250503,2025,1008,1.08,2005.96,11.6647,True,True,True,https://noaa-nws-rtofs-pds.s3.amazonaws.com/rtofs.20250503/rtofs_glo_3dz_f006_6hrly_hvr_US_east.nc
ARGO_GDAC,pfl,aoml/4903550/profiles/D4903550_139.nc|2025-05-03T10:24:20Z|23.34523|-83.92276,aoml/4903550/profiles/D4903550_139.nc,4903550,4903550,23.34523,-83.92276,2025-05-03T10:24:20Z,20250503,2025,877,0.64,99.96,11.6237,True,True,True,https://noaa-nws-rtofs-pds.s3.amazonaws.com/rtofs.20250503/rtofs_glo_3dz_f006_6hrly_hvr_US_east.nc
ARGO_GDAC,pfl,aoml/4903550/profiles/D4903550_140.nc|2025-05-08T11:07:48Z|23.39218|-83.82409,aoml/4903550/profiles/D4903550_140.nc,4903550,4903550,23.39218,-83.82409,2025-05-08T11:07:48Z,20250508,2025,1013,1.04,2016.24,48.2687,True,True,True,https://noaa-nws-rtofs-pds.s3.amazonaws.com/rtofs.20250508/rtofs_glo_3dz_f006_6hrly_hvr_US_east.nc
ARGO_GDAC,pfl,aoml/4903550/profiles/D4903550_140.nc|2025-05-08T11:07:48Z|23.39218|-83.82409,aoml/4903550/profiles/D4903550_140.nc,4903550,4903550,23.39218,-83.82409,2025-05-08T11:07:48Z,20250508,2025,965,0.6,99.84,48.0686,True,True,True,https://noaa-nws-rtofs-pds.s3.amazonaws.com/rtofs.20250508/rtofs_glo_3dz_f006_6hrly_hvr_US_east.nc
ARGO_GDAC,pfl,aoml/4903550/profiles/D4903550_141.nc|2025-05-13T12:11:47Z|23.41822|-83.79540,aoml/4903550/profiles/D4903550_141.nc,4903550,4903550,23.41822,-83.7954,2025-05-13T12:11:47Z,20250513,2025,916,1.0,1821.12,14.7095,True,True,True,https://noaa-nws-rtofs-pds.s3.amazonaws.com/rtofs.20250513/rtofs_glo_3dz_f006_6hrly_hvr_US_east.nc
ARGO_GDAC,pfl,aoml/4903550/profiles/D4903550_141.nc|2025-05-13T12:11:47Z|23.41822|-83.79540,aoml/4903550/profiles/D4903550_141.nc,4903550,4903550,23.41822,-83.7954,2025-05-13T12:11:47Z,20250513,2025,889,0.56,100.0,14.9569,True,True,True,https://noaa-nws-rtofs-pds.s3.amazonaws.com/rtofs.20250513/rtofs_glo_3dz_f006_6hrly_hvr_US_east.nc
ARGO_GDAC,pfl,aoml/4903550/profiles/D4903550_142.nc|2025-05-18T13:09:34Z|23.42651|-83.76187,aoml/4903550/profiles/D4903550_142.nc,4903550,4903550,23.42651,-83.76187,2025-05-18T13:09:34Z,20250518,2025,855,1.0,1699.24,28.8567,True,True,True,https://noaa-nws-rtofs-pds.s3.amazonaws.com/rtofs.20250518/rtofs_glo_3dz_f006_6hrly_hvr_US_east.nc
ARGO_GDAC,pfl,aoml/4903550/profiles/D4903550_142.nc|2025-05-18T13:09:34Z|23.42651|-83.76187,aoml/4903550/profiles/D4903550_142.nc,4903550,4903550,23.42651,-83.76187,2025-05-18T13:09:34Z,20250518,2025,882,0.56,99.96,29.3334,True,True,True,https://noaa-nws-rtofs-pds.s3.amazonaws.com/rtofs.20250518/rtofs_glo_3dz_f006_6hrly_hvr_US_east.nc
ARGO_GDAC,pfl,aoml/4903550/profiles/D4903550_143.nc|2025-05-23T13:58:03Z|23.34799|-83.83072,aoml/4903550/profiles/D4903550_143.nc,4903550,4903550,23.34799,-83.83072,2025-05-23T13:58:03Z,20250523,2025,1014,1.0,2017.6,17.8301,True,True,True,https://noaa-nws-rtofs-pds.s3.amazonaws.com/rtofs.20250523/rtofs_glo_3dz_f006_6hrly_hvr_US_east.nc
ARGO_GDAC,pfl,aoml/4903550/profiles/D4903550_143.nc|2025-05-23T13:58:03Z|23.34799|-83.83072,aoml/4903550/profiles/D4903550_143.nc,4903550,4903550,23.34799,-83.83072,2025-05-23T13:58:03Z,20250523,2025,784,0.68,99.96,17.475,True,True,True,https://noaa-nws-rtofs-pds.s3.amazonaws.com/rtofs.20250523/rtofs_glo_3dz_f006_6hrly_hvr_US_east.nc
ARGO_GDAC,pfl,aoml/4903550/profiles/D4903550_144.nc|2025-05-28T14:33:50Z|23.30184|-83.97472,aoml/4903550/profiles/D4903550_144.nc,4903550,4903550,23.30184,-83.97472,2025-05-28T14:33:50Z,20250528,2025,1014,1.08,2017.44,13.7723,True,True,True,https://noaa-nws-rtofs-pds.s3.amazonaws.com/rtofs.20250528/rtofs_glo_3dz_f006_6hrly_hvr_US_east.nc
ARGO_GDAC,pfl,aoml/4903550/profiles/D4903550_144.nc|2025-05-28T14:33:50Z|23.30184|-83.97472,aoml/4903550/profiles/D4903550_144.nc,4903550,4903550,23.30184,-83.97472,2025-05-28T14:33:50Z,20250528,2025,802,0.68,99.96,13.64,True,True,True,https://noaa-nws-rtofs-pds.s3.amazonaws.com/rtofs.20250528/rtofs_glo_3dz_f006_6hrly_hvr_US_east.nc
ARGO_GDAC,pfl,aoml/4903550/profiles/D4903550_145.nc|2025-06-02T15:04:49Z|23.34001|-84.08831,aoml/4903550/profiles/D4903550_145.nc,4903550,4903550,23.34001,-84.08831,2025-06-02T15:04:49Z,20250602,2025,1012,1.08,2013.36,11.292,True,True,True,https://noaa-nws-rtofs-pds.s3.amazonaws.com/rtofs.20250602/rtofs_glo_3dz_f006_6hrly_hvr_US_east.nc
ARGO_GDAC,pfl,aoml/4903550/profiles/D4903550_145.nc|2025-06-02T15:04:49Z|23.34001|-84.08831,aoml/4903550/profiles/D4903550_145.nc,4903550,4903550,23.34001,-84.08831,2025-06-02T15:04:49Z,20250602,2025,750,0.64,99.88,11.6515,True,True,True,https://noaa-nws-rtofs-pds.s3.amazonaws.com/rtofs.20250602/rtofs_glo_3dz_f006_6hrly_hvr_US_east.nc
ARGO_GDAC,pfl,aoml/4903550/profiles/D4903550_146.nc|2025-06-07T15:45:05Z|23.38774|-84.22051,aoml/4903550/profiles/D4903550_146.nc,4903550,4903550,23.38774,-84.22051,2025-06-07T15:45:05Z,20250607,2025,1007,1.16,2004.0,14.6606,True,True,True,https://noaa-nws-rtofs-pds.s3.amazonaws.com/rtofs.20250607/rtofs_glo_3dz_f006_6hrly_hvr_US_east.nc
ARGO_GDAC,pfl,aoml/4903550/profiles/D4903550_146.nc|2025-06-07T15:45:05Z|23.38774|-84.22051,aoml/4903550/profiles/D4903550_146.nc,4903550,4903550,23.38774,-84.22051,2025-06-07T15:45:05Z,20250607,2025,809,0.84,99.88,14.9333,True,True,True,https://noaa-nws-rtofs-pds.s3.amazonaws.com/rtofs.20250607/rtofs_glo_3dz_f006_6hrly_hvr_US_east.nc
ARGO_GDAC,pfl,aoml/4903550/profiles/D4903550_147.nc|2025-06-12T16:29:50Z|23.45468|-84.11611,aoml/4903550/profiles/D4903550_147.nc,4903550,4903550,23.45468,-84.11611,2025-06-12T16:29:50Z,20250612,2025,1014,1.04,2017.04,15.3338,True,True,True,https://noaa-nws-rtofs-pds.s3.amazonaws.com/rtofs.20250612/rtofs_glo_3dz_f006_6hrly_hvr_US_east.nc
ARGO_GDAC,pfl,aoml/4903550/profiles/D4903550_147.nc|2025-06-12T16:29:50Z|23.45468|-84.11611,aoml/4903550/profiles/D4903550_147.nc,4903550,4903550,23.45468,-84.11611,2025-06-12T16:29:50Z,20250612,2025,817,0.64,99.96,15.6471,True,True,True,https://noaa-nws-rtofs-pds.s3.amazonaws.com/rtofs.20250612/rtofs_glo_3dz_f006_6hrly_hvr_US_east.nc
ARGO_GDAC,pfl,aoml/4903550/profiles/D4903550_148.nc|2025-06-17T17:12:35Z|23.69895|-84.10153,aoml/4903550/profiles/D4903550_148.nc,4903550,4903550,23.69895,-84.10153,2025-06-17T17:12:35Z,20250617,2025,1015,0.48,2017.04,24.2791,True,True,True,https://noaa-nws-rtofs-pds.s3.amazonaws.com/rtofs.20250617/rtofs_glo_3dz_f006_6hrly_hvr_US_east.nc
ARGO_GDAC,pfl,aoml/4903550/profiles/D4903550_148.nc|2025-06-17T17:12:35Z|23.69895|-84.10153,aoml/4903550/profiles/D4903550_148.nc,4903550,4903550,23.69895,-84.10153,2025-06-17T17:12:35Z,20250617,2025,806,0.48,99.88,24.6633,True,True,True,https://noaa-nws-rtofs-pds.s3.amazonaws.com/rtofs.20250617/rtofs_glo_3dz_f006_6hrly_hvr_US_east.nc
ARGO_GDAC,pfl,aoml/4903550/profiles/D4903550_149.nc|2025-06-22T17:51:47Z|23.81160|-84.20305,aoml/4903550/profiles/D4903550_149.nc,4903550,4903550,23.8116,-84.20305,2025-06-22T17:51:47Z,20250622,2025,1013,1.04,2015.04,32.0906,True,True,True,https://noaa-nws-rtofs-pds.s3.amazonaws.com/rtofs.20250622/rtofs_glo_3dz_f006_6hrly_hvr_US_east.nc
ARGO_GDAC,pfl,aoml/4903550/profiles/D4903550_149.nc|2025-06-22T17:51:47Z|23.81160|-84.20305,aoml/4903550/profiles/D4903550_149.nc,4903550,4903550,23.8116,-84.20305,2025-06-22T17:51:47Z,20250622,2025,806,0.68,99.92,32.1219,True,True,True,https://noaa-nws-rtofs-pds.s3.amazonaws.com/rtofs.20250622/rtofs_glo_3dz_f006_6hrly_hvr_US_east.nc
ARGO_GDAC,pfl,aoml/4903550/profiles/D4903550_150.nc|2025-06-27T18:38:52Z|24.03248|-84.42198,aoml/4903550/profiles/D4903550_150.nc,4903550,4903550,24.03248,-84.42198,2025-06-27T18:38:52Z,20250627,2025,1014,1.08,2017.72,23.8872,True,True,True,https://noaa-nws-rtofs-pds.s3.amazonaws.com/rtofs.20250627/rtofs_glo_3dz_f006_6hrly_hvr_US_east.nc
ARGO_GDAC,pfl,aoml/4903550/profiles/D4903550_150.nc|2025-06-27T18:38:52Z|24.03248|-84.42198,aoml/4903550/profiles/D4903550_150.nc,4903550,4903550,24.03248,-84.42198,2025-06-27T18:38:52Z,20250627,2025,884,0.72,99.96,24.136,True,True,True,https://noaa-nws-rtofs-pds.s3.amazonaws.com/rtofs.20250627/rtofs_glo_3dz_f006_6hrly_hvr_US_east.nc
ARGO_GDAC,pfl,aoml/4903550/profiles/D4903550_151.nc|2025-07-02T19:17:19Z|24.13664|-84.86960,aoml/4903550/profiles/D4903550_151.nc,4903550,4903550,24.13664,-84.8696,2025-07-02T19:17:19Z,20250702,2025,1008,1.0,2005.52,30.2942,True,True,True,https://noaa-nws-rtofs-pds.s3.amazonaws.com/rtofs.20250702/rtofs_glo_3dz_f006_6hrly_hvr_US_east.nc
ARGO_GDAC,pfl,aoml/4903550/profiles/D4903550_151.nc|2025-07-02T19:17:19Z|24.13664|-84.86960,aoml/4903550/profiles/D4903550_151.nc,4903550,4903550,24.13664,-84.8696,2025-07-02T19:17:19Z,20250702,2025,839,0.64,99.92,30.75,True,True,True,https://noaa-nws-rtofs-pds.s3.amazonaws.com/rtofs.20250702/rtofs_glo_3dz_f006_6hrly_hvr_US_east.nc
ARGO_GDAC,pfl,aoml/4903550/profiles/D4903550_152.nc|2025-07-07T19:56:46Z|23.85293|-85.16002,aoml/4903550/profiles/D4903550_152.nc,4903550,4903550,23.85293,-85.16002,2025-07-07T19:56:46Z,20250707,2025,1012,1.04,2014.04,44.7553,True,True,True,https://noaa-nws-rtofs-pds.s3.amazonaws.com/rtofs.20250707/rtofs_glo_3dz_f006_6hrly_hvr_US_east.nc
ARGO_GDAC,pfl,aoml/4903550/profiles/D4903550_152.nc|2025-07-07T19:56:46Z|23.85293|-85.16002,aoml/4903550/profiles/D4903550_152.nc,4903550,4903550,23.85293,-85.16002,2025-07-07T19:56:46Z,20250707,2025,866,0.68,100.0,44.27,True,True,True,https://noaa-nws-rtofs-pds.s3.amazonaws.com/rtofs.20250707/rtofs_glo_3dz_f006_6hrly_hvr_US_east.nc
ARGO_GDAC,pfl,aoml/4903550/profiles/D4903550_153.nc|2025-07-12T20:34:43Z|24.22629|-84.51655,aoml/4903550/profiles/D4903550_153.nc,4903550,4903550,24.22629,-84.51655,2025-07-12T20:34:43Z,20250712,2025,1014,0.96,2018.24,23.9747,True,True,True,https://noaa-nws-rtofs-pds.s3.amazonaws.com/rtofs.20250712/rtofs_glo_3dz_f006_6hrly_hvr_US_east.nc
ARGO_GDAC,pfl,aoml/4903550/profiles/D4903550_153.nc|2025-07-12T20:34:43Z|24.22629|-84.51655,aoml/4903550/profiles/D4903550_153.nc,4903550,4903550,24.22629,-84.51655,2025-07-12T20:34:43Z,20250712,2025,876,0.56,99.96,23.4133,True,True,True,https://noaa-nws-rtofs-pds.s3.amazonaws.com/rtofs.20250712/rtofs_glo_3dz_f006_6hrly_hvr_US_east.nc
ARGO_GDAC,pfl,aoml/4903550/profiles/D4903550_154.nc|2025-07-17T21:15:46Z|24.51425|-84.36612,aoml/4903550/profiles/D4903550_154.nc,4903550,4903550,24.51425,-84.36612,2025-07-17T21:15:46Z,20250717,2025,1008,1.0,2005.92,30.3586,True,True,True,https://noaa-nws-rtofs-pds.s3.amazonaws.com/rtofs.20250717/rtofs_glo_3dz_f006_6hrly_hvr_US_east.nc
ARGO_GDAC,pfl,aoml/4903550/profiles/D4903550_154.nc|2025-07-17T21:15:46Z|24.51425|-84.36612,aoml/4903550/profiles/D4903550_154.nc,4903550,4903550,24.51425,-84.36612,2025-07-17T21:15:46Z,20250717,2025,944,0.56,99.92,30.96,True,True,True,https://noaa-nws-rtofs-pds.s3.amazonaws.com/rtofs.20250717/rtofs_glo_3dz_f006_6hrly_hvr_US_east.nc
ARGO_GDAC,pfl,aoml/4903550/profiles/D4903550_155.nc|2025-07-22T21:48:10Z|24.70165|-84.49615,aoml/4903550/profiles/D4903550_155.nc,4903550,4903550,24.70165,-84.49615,2025-07-22T21:48:10Z,20250722,2025,1011,1.0,2011.8,19.6144,True,True,True,https://noaa-nws-rtofs-pds.s3.amazonaws.com/rtofs.20250722/rtofs_glo_3dz_f006_6hrly_hvr_US_east.nc
ARGO_GDAC,pfl,aoml/4903550/profiles/D4903550_155.nc|2025-07-22T21:48:10Z|24.70165|-84.49615,aoml/4903550/profiles/D4903550_155.nc,4903550,4903550,24.70165,-84.49615,2025-07-22T21:48:10Z,20250722,2025,863,0.64,100.0,19.9056,True,True,True,https://noaa-nws-rtofs-pds.s3.amazonaws.com/rtofs.20250722/rtofs_glo_3dz_f006_6hrly_hvr_US_east.nc
ARGO_GDAC,pfl,aoml/4903550/profiles/D4903550_156.nc|2025-07-27T22:27:56Z|25.08877|-84.88546,aoml/4903550/profiles/D4903550_156.nc,4903550,4903550,25.08877,-84.88546,2025-07-27T22:27:56Z,20250727,2025,1014,1.12,2017.56,14.216,True,True,True,https://noaa-nws-rtofs-pds.s3.amazonaws.com/rtofs.20250727/rtofs_glo_3dz_f006_6hrly_hvr_US_east.nc
ARGO_GDAC,pfl,aoml/4903550/profiles/D4903550_156.nc|2025-07-27T22:27:56Z|25.08877|-84.88546,aoml/4903550/profiles/D4903550_156.nc,4903550,4903550,25.08877,-84.88546,2025-07-27T22:27:56Z,20250727,2025,997,0.76,99.92,14.3941,True,True,True,https://noaa-nws-rtofs-pds.s3.amazonaws.com/rtofs.20250727/rtofs_glo_3dz_f006_6hrly_hvr_US_east.nc
ARGO_GDAC,pfl,aoml/4903550/profiles/D4903550_157.nc|2025-08-01T23:15:13Z|25.01075|-85.56046,aoml/4903550/profiles/D4903550_157.nc,4903550,4903550,25.01075,-85.56046,2025-08-01T23:15:13Z,20250801,2025,1009,1.0,2007.36,14.4534,True,True,True,https://noaa-nws-rtofs-pds.s3.amazonaws.com/rtofs.20250801/rtofs_glo_3dz_f006_6hrly_hvr_US_east.nc
ARGO_GDAC,pfl,aoml/4903550/profiles/D4903550_157.nc|2025-08-01T23:15:13Z|25.01075|-85.56046,aoml/4903550/profiles/D4903550_157.nc,4903550,4903550,25.01075,-85.56046,2025-08-01T23:15:13Z,20250801,2025,982,0.68,99.92,14.2533,True,True,True,https://noaa-nws-rtofs-pds.s3.amazonaws.com/rtofs.20250801/rtofs_glo_3dz_f006_6hrly_hvr_US_east.nc
ARGO_GDAC,pfl,aoml/4903550/profiles/D4903550_158.nc|2025-08-07T00:00:44Z|24.91282|-86.21259,aoml/4903550/profiles/D4903550_158.nc,4903550,4903550,24.91282,-86.21259,2025-08-07T00:00:44Z,20250807,2025,1013,0.44,2013.52,24.6696,True,True,True,https://noaa-nws-rtofs-pds.s3.amazonaws.com/rtofs.20250807/rtofs_glo_3dz_f006_6hrly_hvr_US_east.nc
ARGO_GDAC,pfl,aoml/4903550/profiles/D4903550_158.nc|2025-08-07T00:00:44Z|24.91282|-86.21259,aoml/4903550/profiles/D4903550_158.nc,4903550,4903550,24.91282,-86.21259,2025-08-07T00:00:44Z,20250807,2025,802,0.44,99.96,24.81,True,True,True,https://noaa-nws-rtofs-pds.s3.amazonaws.com/rtofs.20250807/rtofs_glo_3dz_f006_6hrly_hvr_US_east.nc
ARGO_GDAC,pfl,aoml/4903550/profiles/D4903550_159.nc|2025-08-12T00:43:23Z|24.64003|-86.36341,aoml/4903550/profiles/D4903550_159.nc,4903550,4903550,24.64003,-86.36341,2025-08-12T00:43:23Z,20250812,2025,1009,0.44,2005.8,36.0355,True,True,True,https://noaa-nws-rtofs-pds.s3.amazonaws.com/rtofs.20250812/rtofs_glo_3dz_f006_6hrly_hvr_US_east.nc
ARGO_GDAC,pfl,aoml/4903550/profiles/D4903550_159.nc|2025-08-12T00:43:23Z|24.64003|-86.36341,aoml/4903550/profiles/D4903550_159.nc,4903550,4903550,24.64003,-86.36341,2025-08-12T00:43:23Z,20250812,2025,798,0.44,99.84,36.1641,True,True,True,https://noaa-nws-rtofs-pds.s3.amazonaws.com/rtofs.20250812/rtofs_glo_3dz_f006_6hrly_hvr_US_east.nc
ARGO_GDAC,pfl,aoml/4903550/profiles/D4903550_160.nc|2025-08-17T01:22:08Z|24.18276|-85.93504,aoml/4903550/profiles/D4903550_160.nc,4903550,4903550,24.18276,-85.93504,2025-08-17T01:22:08Z,20250817,2025,1012,1.08,2013.2,20.9701,True,True,True,https://noaa-nws-rtofs-pds.s3.amazonaws.com/rtofs.20250817/rtofs_glo_3dz_f006_6hrly_hvr_US_east.nc
ARGO_GDAC,pfl,aoml/4903550/profiles/D4903550_160.nc|2025-08-17T01:22:08Z|24.18276|-85.93504,aoml/4903550/profiles/D4903550_160.nc,4903550,4903550,24.18276,-85.93504,2025-08-17T01:22:08Z,20250817,2025,823,0.68,100.0,21.1628,True,True,True,https://noaa-nws-rtofs-pds.s3.amazonaws.com/rtofs.20250817/rtofs_glo_3dz_f006_6hrly_hvr_US_east.nc
ARGO_GDAC,pfl,aoml/4903550/profiles/D4903550_161.nc|2025-08-22T02:06:31Z|24.01439|-85.29858,aoml/4903550/profiles/D4903550_161.nc,4903550,4903550,24.01439,-85.29858,2025-08-22T02:06:31Z,20250822,2025,1010,0.36,2007.36,12.0612,True,True,True,https://noaa-nws-rtofs-pds.s3.amazonaws.com/rtofs.20250822/rtofs_glo_3dz_f006_6hrly_hvr_US_east.nc
ARGO_GDAC,pfl,aoml/4903550/profiles/D4903550_161.nc|2025-08-22T02:06:31Z|24.01439|-85.29858,aoml/4903550/profiles/D4903550_161.nc,4903550,4903550,24.01439,-85.29858,2025-08-22T02:06:31Z,20250822,2025,797,0.36,99.88,12.56,True,True,True,https://noaa-nws-rtofs-pds.s3.amazonaws.com/rtofs.20250822/rtofs_glo_3dz_f006_6hrly_hvr_US_east.nc
ARGO_GDAC,pfl,aoml/4903550/profiles/D4903550_162.nc|2025-08-24T14:51:11Z|24.24436|-84.88047,aoml/4903550/profiles/D4903550_162.nc,4903550,4903550,24.24436,-84.88047,2025-08-24T14:51:11Z,20250824,2025,1013,1.04,2015.8,16.1599,True,True,True,https://noaa-nws-rtofs-pds.s3.amazonaws.com/rtofs.20250824/rtofs_glo_3dz_f006_6hrly_hvr_US_east.nc
ARGO_GDAC,pfl,aoml/4903550/profiles/D4903550_162.nc|2025-08-24T14:51:11Z|24.24436|-84.88047,aoml/4903550/profiles/D4903550_162.nc,4903550,4903550,24.24436,-84.88047,2025-08-24T14:51:11Z,20250824,2025,918,0.68,99.96,16.12,True,True,True,https://noaa-nws-rtofs-pds.s3.amazonaws.com/rtofs.20250824/rtofs_glo_3dz_f006_6hrly_hvr_US_east.nc
ARGO_GDAC,pfl,aoml/4903550/profiles/D4903550_163.nc|2025-08-27T03:23:08Z|24.41780|-84.66959,aoml/4903550/profiles/D4903550_163.nc,4903550,4903550,24.4178,-84.66959,2025-08-27T03:23:08Z,20250827,2025,1013,1.12,2015.4,13.7123,True,True,True,https://noaa-nws-rtofs-pds.s3.amazonaws.com/rtofs.20250827/rtofs_glo_3dz_f006_6hrly_hvr_US_east.nc
ARGO_GDAC,pfl,aoml/4903550/profiles/D4903550_163.nc|2025-08-27T03:23:08Z|24.41780|-84.66959,aoml/4903550/profiles/D4903550_163.nc,4903550,4903550,24.4178,-84.66959,2025-08-27T03:23:08Z,20250827,2025,1010,0.72,99.96,13.5764,True,True,True,https://noaa-nws-rtofs-pds.s3.amazonaws.com/rtofs.20250827/rtofs_glo_3dz_f006_6hrly_hvr_US_east.nc
ARGO_GDAC,pfl,aoml/4903550/profiles/D4903550_164.nc|2025-08-29T16:09:28Z|24.35487|-84.61925,aoml/4903550/profiles/D4903550_164.nc,4903550,4903550,24.35487,-84.61925,2025-08-29T16:09:28Z,20250829,2025,1013,1.04,2015.04,35.4301,True,True,True,https://noaa-nws-rtofs-pds.s3.amazonaws.com/rtofs.20250829/rtofs_glo_3dz_f006_6hrly_hvr_US_east.nc
ARGO_GDAC,pfl,aoml/4903550/profiles/D4903550_164.nc|2025-08-29T16:09:28Z|24.35487|-84.61925,aoml/4903550/profiles/D4903550_164.nc,4903550,4903550,24.35487,-84.61925,2025-08-29T16:09:28Z,20250829,2025,981,0.52,99.92,35.0819,True,True,True,https://noaa-nws-rtofs-pds.s3.amazonaws.com/rtofs.20250829/rtofs_glo_3dz_f006_6hrly_hvr_US_east.nc
ARGO_GDAC,pfl,aoml/4903550/profiles/D4903550_165.nc|2025-09-01T04:48:55Z|24.27293|-84.69651,aoml/4903550/profiles/D4903550_165.nc,4903550,4903550,24.27293,-84.69651,2025-09-01T04:48:55Z,20250901,2025,1010,1.04,2010.12,16.1336,True,True,True,https://noaa-nws-rtofs-pds.s3.amazonaws.com/rtofs.20250901/rtofs_glo_3dz_f006_6hrly_hvr_US_east.nc
ARGO_GDAC,pfl,aoml/4903550/profiles/D4903550_165.nc|2025-09-01T04:48:55Z|24.27293|-84.69651,aoml/4903550/profiles/D4903550_165.nc,4903550,4903550,24.27293,-84.69651,2025-09-01T04:48:55Z,20250901,2025,841,0.56,99.92,15.5415,True,True,True,https://noaa-nws-rtofs-pds.s3.amazonaws.com/rtofs.20250901/rtofs_glo_3dz_f006_6hrly_hvr_US_east.nc
ARGO_GDAC,pfl,aoml/4903550/profiles/D4903550_166.nc|2025-09-03T17:30:41Z|24.17272|-84.80988,aoml/4903550/profiles/D4903550_166.nc,4903550,4903550,24.17272,-84.80988,2025-09-03T17:30:41Z,20250903,2025,1013,1.04,2015.0,30.4751,True,True,True,https://noaa-nws-rtofs-pds.s3.amazonaws.com/rtofs.20250903/rtofs_glo_3dz_f006_6hrly_hvr_US_east.nc
ARGO_GDAC,pfl,aoml/4903550/profiles/D4903550_166.nc|2025-09-03T17:30:41Z|24.17272|-84.80988,aoml/4903550/profiles/D4903550_166.nc,4903550,4903550,24.17272,-84.80988,2025-09-03T17:30:41Z,20250903,2025,849,0.72,99.84,30.8933,True,True,True,https://noaa-nws-rtofs-pds.s3.amazonaws.com/rtofs.20250903/rtofs_glo_3dz_f006_6hrly_hvr_US_east.nc
ARGO_GDAC,pfl,aoml/4903550/profiles/D4903550_167.nc|2025-09-06T06:11:34Z|24.03497|-84.91270,aoml/4903550/profiles/D4903550_167.nc,4903550,4903550,24.03497,-84.9127,2025-09-06T06:11:34Z,20250906,2025,1012,0.4,2011.32,37.0308,True,True,True,https://noaa-nws-rtofs-pds.s3.amazonaws.com/rtofs.20250906/rtofs_glo_3dz_f006_6hrly_hvr_US_east.nc
ARGO_GDAC,pfl,aoml/4903550/profiles/D4903550_167.nc|2025-09-06T06:11:34Z|24.03497|-84.91270,aoml/4903550/profiles/D4903550_167.nc,4903550,4903550,24.03497,-84.9127,2025-09-06T06:11:34Z,20250906,2025,788,0.4,100.0,38.005,True,True,True,https://noaa-nws-rtofs-pds.s3.amazonaws.com/rtofs.20250906/rtofs_glo_3dz_f006_6hrly_hvr_US_east.nc
ARGO_GDAC,pfl,aoml/4903550/profiles/D4903550_168.nc|2025-09-08T18:49:29Z|23.86156|-84.94013,aoml/4903550/profiles/D4903550_168.nc,4903550,4903550,23.86156,-84.94013,2025-09-08T18:49:29Z,20250908,2025,1011,1.08,2011.12,40.8578,True,True,True,https://noaa-nws-rtofs-pds.s3.amazonaws.com/rtofs.20250908/rtofs_glo_3dz_f006_6hrly_hvr_US_east.nc
ARGO_GDAC,pfl,aoml/4903550/profiles/D4903550_168.nc|2025-09-08T18:49:29Z|23.86156|-84.94013,aoml/4903550/profiles/D4903550_168.nc,4903550,4903550,23.86156,-84.94013,2025-09-08T18:49:29Z,20250908,2025,868,0.72,100.0,41.1586,True,True,True,https://noaa-nws-rtofs-pds.s3.amazonaws.com/rtofs.20250908/rtofs_glo_3dz_f006_6hrly_hvr_US_east.nc
ARGO_GDAC,pfl,aoml/4903550/profiles/D4903550_169.nc|2025-09-11T07:35:54Z|23.71376|-84.85613,aoml/4903550/profiles/D4903550_169.nc,4903550,4903550,23.71376,-84.85613,2025-09-11T07:35:54Z,20250911,2025,1014,1.0,2017.24,31.1452,True,True,True,https://noaa-nws-rtofs-pds.s3.amazonaws.com/rtofs.20250911/rtofs_glo_3dz_f006_6hrly_hvr_US_east.nc
ARGO_GDAC,pfl,aoml/4903550/profiles/D4903550_169.nc|2025-09-11T07:35:54Z|23.71376|-84.85613,aoml/4903550/profiles/D4903550_169.nc,4903550,4903550,23.71376,-84.85613,2025-09-11T07:35:54Z,20250911,2025,811,0.56,99.96,31.6733,True,True,True,https://noaa-nws-rtofs-pds.s3.amazonaws.com/rtofs.20250911/rtofs_glo_3dz_f006_6hrly_hvr_US_east.nc
ARGO_GDAC,pfl,aoml/4903550/profiles/D4903550_170.nc|2025-09-13T20:14:30Z|23.72390|-84.70936,aoml/4903550/profiles/D4903550_170.nc,4903550,4903550,23.7239,-84.70936,2025-09-13T20:14:30Z,20250913,2025,1010,0.44,2008.2,40.2225,True,True,True,https://noaa-nws-rtofs-pds.s3.amazonaws.com/rtofs.20250913/rtofs_glo_3dz_f006_6hrly_hvr_US_east.nc
ARGO_GDAC,pfl,aoml/4903550/profiles/D4903550_170.nc|2025-09-13T20:14:30Z|23.72390|-84.70936,aoml/4903550/profiles/D4903550_170.nc,4903550,4903550,23.7239,-84.70936,2025-09-13T20:14:30Z,20250913,2025,770,0.44,100.0,40.6208,True,True,True,https://noaa-nws-rtofs-pds.s3.amazonaws.com/rtofs.20250913/rtofs_glo_3dz_f006_6hrly_hvr_US_east.nc
ARGO_GDAC,pfl,aoml/4903550/profiles/D4903550_171.nc|2025-09-16T08:54:36Z|23.81473|-84.64924,aoml/4903550/profiles/D4903550_171.nc,4903550,4903550,23.81473,-84.64924,2025-09-16T08:54:36Z,20250916,2025,1011,1.04,2012.0,42.0483,True,True,True,https://noaa-nws-rtofs-pds.s3.amazonaws.com/rtofs.20250916/rtofs_glo_3dz_f006_6hrly_hvr_US_east.nc
ARGO_GDAC,pfl,aoml/4903550/profiles/D4903550_171.nc|2025-09-16T08:54:36Z|23.81473|-84.64924,aoml/4903550/profiles/D4903550_171.nc,4903550,4903550,23.81473,-84.64924,2025-09-16T08:54:36Z,20250916,2025,845,0.56,99.92,42.432,True,True,True,https://noaa-nws-rtofs-pds.s3.amazonaws.com/rtofs.20250916/rtofs_glo_3dz_f006_6hrly_hvr_US_east.nc
ARGO_GDAC,pfl,aoml/4903550/profiles/D4903550_172.nc|2025-09-18T21:28:11Z|23.87996|-84.67339,aoml/4903550/profiles/D4903550_172.nc,4903550,4903550,23.87996,-84.67339,2025-09-18T21:28:11Z,20250918,2025,1015,0.48,2017.88,53.0125,True,True,True,https://noaa-nws-rtofs-pds.s3.amazonaws.com/rtofs.20250918/rtofs_glo_3dz_f006_6hrly_hvr_US_east.nc
ARGO_GDAC,pfl,aoml/4903550/profiles/D4903550_172.nc|2025-09-18T21:28:11Z|23.87996|-84.67339,aoml/4903550/profiles/D4903550_172.nc,4903550,4903550,23.87996,-84.67339,2025-09-18T21:28:11Z,20250918,2025,807,0.48,99.88,53.7811,True,True,True,https://noaa-nws-rtofs-pds.s3.amazonaws.com/rtofs.20250918/rtofs_glo_3dz_f006_6hrly_hvr_US_east.nc
ARGO_GDAC,pfl,aoml/4903550/profiles/D4903550_173.nc|2025-09-21T10:14:27Z|23.89795|-84.74770,aoml/4903550/profiles/D4903550_173.nc,4903550,4903550,23.89795,-84.7477,2025-09-21T10:14:27Z,20250921,2025,1012,1.04,2013.68,60.6657,True,True,True,https://noaa-nws-rtofs-pds.s3.amazonaws.com/rtofs.20250921/rtofs_glo_3dz_f006_6hrly_hvr_US_east.nc
ARGO_GDAC,pfl,aoml/4903550/profiles/D4903550_173.nc|2025-09-21T10:14:27Z|23.89795|-84.74770,aoml/4903550/profiles/D4903550_173.nc,4903550,4903550,23.89795,-84.7477,2025-09-21T10:14:27Z,20250921,2025,871,0.56,100.0,61.1067,True,True,True,https://noaa-nws-rtofs-pds.s3.amazonaws.com/rtofs.20250921/rtofs_glo_3dz_f006_6hrly_hvr_US_east.nc
ARGO_GDAC,pfl,aoml/4903550/profiles/D4903550_174.nc|2025-09-23T22:57:49Z|23.85480|-84.82761,aoml/4903550/profiles/D4903550_174.nc,4903550,4903550,23.8548,-84.82761,2025-09-23T22:57:49Z,20250923,2025,1014,1.04,2017.92,52.3979,True,True,True,https://noaa-nws-rtofs-pds.s3.amazonaws.com/rtofs.20250923/rtofs_glo_3dz_f006_6hrly_hvr_US_east.nc
ARGO_GDAC,pfl,aoml/4903550/profiles/D4903550_174.nc|2025-09-23T22:57:49Z|23.85480|-84.82761,aoml/4903550/profiles/D4903550_174.nc,4903550,4903550,23.8548,-84.82761,2025-09-23T22:57:49Z,20250923,2025,859,0.56,99.88,52.5686,True,True,True,https://noaa-nws-rtofs-pds.s3.amazonaws.com/rtofs.20250923/rtofs_glo_3dz_f006_6hrly_hvr_US_east.nc
ARGO_GDAC,pfl,aoml/4903550/profiles/D4903550_175.nc|2025-09-26T11:46:12Z|23.75259|-84.84538,aoml/4903550/profiles/D4903550_175.nc,4903550,4903550,23.75259,-84.84538,2025-09-26T11:46:12Z,20250926,2025,1011,1.08,2011.68,46.3101,True,True,True,https://noaa-nws-rtofs-pds.s3.amazonaws.com/rtofs.20250926/rtofs_glo_3dz_f006_6hrly_hvr_US_east.nc
ARGO_GDAC,pfl,aoml/4903550/profiles/D4903550_175.nc|2025-09-26T11:46:12Z|23.75259|-84.84538,aoml/4903550/profiles/D4903550_175.nc,4903550,4903550,23.75259,-84.84538,2025-09-26T11:46:12Z,20250926,2025,880,0.68,99.88,46.1689,True,True,True,https://noaa-nws-rtofs-pds.s3.amazonaws.com/rtofs.20250926/rtofs_glo_3dz_f006_6hrly_hvr_US_east.nc
ARGO_GDAC,pfl,aoml/4903550/profiles/D4903550_176.nc|2025-09-29T00:28:05Z|23.67209|-84.77680,aoml/4903550/profiles/D4903550_176.nc,4903550,4903550,23.67209,-84.7768,2025-09-29T00:28:05Z,20250929,2025,1014,1.0,2017.04,39.0398,True,True,True,https://noaa-nws-rtofs-pds.s3.amazonaws.com/rtofs.20250929/rtofs_glo_3dz_f006_6hrly_hvr_US_east.nc
ARGO_GDAC,pfl,aoml/4903550/profiles/D4903550_176.nc|2025-09-29T00:28:05Z|23.67209|-84.77680,aoml/4903550/profiles/D4903550_176.nc,4903550,4903550,23.67209,-84.7768,2025-09-29T00:28:05Z,20250929,2025,838,0.6,99.84,39.0057,True,True,True,https://noaa-nws-rtofs-pds.s3.amazonaws.com/rtofs.20250929/rtofs_glo_3dz_f006_6hrly_hvr_US_east.nc
ARGO_GDAC,pfl,aoml/4903550/profiles/D4903550_177.nc|2025-10-01T13:12:55Z|23.63597|-84.72449,aoml/4903550/profiles/D4903550_177.nc,4903550,4903550,23.63597,-84.72449,2025-10-01T13:12:55Z,20251001,2025,1009,1.0,2008.2,55.2554,True,True,True,https://noaa-nws-rtofs-pds.s3.amazonaws.com/rtofs.20251001/rtofs_glo_3dz_f006_6hrly_hvr_US_east.nc
ARGO_GDAC,pfl,aoml/4903550/profiles/D4903550_177.nc|2025-10-01T13:12:55Z|23.63597|-84.72449,aoml/4903550/profiles/D4903550_177.nc,4903550,4903550,23.63597,-84.72449,2025-10-01T13:12:55Z,20251001,2025,851,0.6,99.88,55.1067,True,True,True,https://noaa-nws-rtofs-pds.s3.amazonaws.com/rtofs.20251001/rtofs_glo_3dz_f006_6hrly_hvr_US_east.nc
ARGO_GDAC,pfl,aoml/4903550/profiles/D4903550_178.nc|2025-10-04T01:50:27Z|23.59474|-84.70370,aoml/4903550/profiles/D4903550_178.nc,4903550,4903550,23.59474,-84.7037,2025-10-04T01:50:27Z,20251004,2025,1008,1.0,2005.88,46.2062,True,True,True,https://noaa-nws-rtofs-pds.s3.amazonaws.com/rtofs.20251004/rtofs_glo_3dz_f006_6hrly_hvr_US_east.nc
ARGO_GDAC,pfl,aoml/4903550/profiles/D4903550_178.nc|2025-10-04T01:50:27Z|23.59474|-84.70370,aoml/4903550/profiles/D4903550_178.nc,4903550,4903550,23.59474,-84.7037,2025-10-04T01:50:27Z,20251004,2025,777,0.52,99.84,46.4165,True,True,True,https://noaa-nws-rtofs-pds.s3.amazonaws.com/rtofs.20251004/rtofs_glo_3dz_f006_6hrly_hvr_US_east.nc
ARGO_GDAC,pfl,aoml/4903550/profiles/D4903550_179.nc|2025-10-06T14:29:39Z|23.59786|-84.73285,aoml/4903550/profiles/D4903550_179.nc,4903550,4903550,23.59786,-84.73285,2025-10-06T14:29:39Z,20251006,2025,1010,0.96,2009.68,58.6624,True,True,True,https://noaa-nws-rtofs-pds.s3.amazonaws.com/rtofs.20251006/rtofs_glo_3dz_f006_6hrly_hvr_US_east.nc
ARGO_GDAC,pfl,aoml/4903550/profiles/D4903550_179.nc|2025-10-06T14:29:39Z|23.59786|-84.73285,aoml/4903550/profiles/D4903550_179.nc,4903550,4903550,23.59786,-84.73285,2025-10-06T14:29:39Z,20251006,2025,822,0.52,100.0,59.364,True,True,True,https://noaa-nws-rtofs-pds.s3.amazonaws.com/rtofs.20251006/rtofs_glo_3dz_f006_6hrly_hvr_US_east.nc
ARGO_GDAC,pfl,aoml/4903550/profiles/D4903550_180.nc|2025-10-09T02:56:19Z|23.65401|-84.74417,aoml/4903550/profiles/D4903550_180.nc,4903550,4903550,23.65401,-84.74417,2025-10-09T02:56:19Z,20251009,2025,1013,1.04,2015.04,57.6962,True,True,True,https://noaa-nws-rtofs-pds.s3.amazonaws.com/rtofs.20251009/rtofs_glo_3dz_f006_6hrly_hvr_US_east.nc
ARGO_GDAC,pfl,aoml/4903550/profiles/D4903550_180.nc|2025-10-09T02:56:19Z|23.65401|-84.74417,aoml/4903550/profiles/D4903550_180.nc,4903550,4903550,23.65401,-84.74417,2025-10-09T02:56:19Z,20251009,2025,792,0.64,99.92,56.6436,True,True,True,https://noaa-nws-rtofs-pds.s3.amazonaws.com/rtofs.20251009/rtofs_glo_3dz_f006_6hrly_hvr_US_east.nc
ARGO_GDAC,pfl,aoml/4903550/profiles/D4903550_181.nc|2025-10-11T15:36:11Z|23.68724|-84.64316,aoml/4903550/profiles/D4903550_181.nc,4903550,4903550,23.68724,-84.64316,2025-10-11T15:36:11Z,20251011,2025,1010,1.08,2009.6,60.1046,True,True,True,https://noaa-nws-rtofs-pds.s3.amazonaws.com/rtofs.20251011/rtofs_glo_3dz_f006_6hrly_hvr_US_east.nc
ARGO_GDAC,pfl,aoml/4903550/profiles/D4903550_181.nc|2025-10-11T15:36:11Z|23.68724|-84.64316,aoml/4903550/profiles/D4903550_181.nc,4903550,4903550,23.68724,-84.64316,2025-10-11T15:36:11Z,20251011,2025,890,0.64,99.96,60.0193,True,True,True,https://noaa-nws-rtofs-pds.s3.amazonaws.com/rtofs.20251011/rtofs_glo_3dz_f006_6hrly_hvr_US_east.nc
ARGO_GDAC,pfl,aoml/4903550/profiles/D4903550_182.nc|2025-10-14T04:20:49Z|23.68049|-84.50605,aoml/4903550/profiles/D4903550_182.nc,4903550,4903550,23.68049,-84.50605,2025-10-14T04:20:49Z,20251014,2025,1008,1.0,2006.12,72.618,True,True,True,https://noaa-nws-rtofs-pds.s3.amazonaws.com/rtofs.20251014/rtofs_glo_3dz_f006_6hrly_hvr_US_east.nc
ARGO_GDAC,pfl,aoml/4903550/profiles/D4903550_182.nc|2025-10-14T04:20:49Z|23.68049|-84.50605,aoml/4903550/profiles/D4903550_182.nc,4903550,4903550,23.68049,-84.50605,2025-10-14T04:20:49Z,20251014,2025,817,0.64,99.96,72.5239,True,True,True,https://noaa-nws-rtofs-pds.s3.amazonaws.com/rtofs.20251014/rtofs_glo_3dz_f006_6hrly_hvr_US_east.nc
ARGO_GDAC,pfl,aoml/4903550/profiles/D4903550_183.nc|2025-10-16T17:02:44Z|23.64809|-84.41337,aoml/4903550/profiles/D4903550_183.nc,4903550,4903550,23.64809,-84.41337,2025-10-16T17:02:44Z,20251016,2025,1012,1.04,2014.16,74.6401,True,True,True,https://noaa-nws-rtofs-pds.s3.amazonaws.com/rtofs.20251016/rtofs_glo_3dz_f006_6hrly_hvr_US_east.nc
ARGO_GDAC,pfl,aoml/4903550/profiles/D4903550_183.nc|2025-10-16T17:02:44Z|23.64809|-84.41337,aoml/4903550/profiles/D4903550_183.nc,4903550,4903550,23.64809,-84.41337,2025-10-16T17:02:44Z,20251016,2025,871,0.64,99.84,75.1375,True,True,True,https://noaa-nws-rtofs-pds.s3.amazonaws.com/rtofs.20251016/rtofs_glo_3dz_f006_6hrly_hvr_US_east.nc
ARGO_GDAC,pfl,aoml/4903550/profiles/D4903550_184.nc|2025-10-19T05:36:19Z|23.58459|-84.34441,aoml/4903550/profiles/D4903550_184.nc,4903550,4903550,23.58459,-84.34441,2025-10-19T05:36:19Z,20251019,2025,1008,1.08,2005.44,81.1041,True,True,True,https://noaa-nws-rtofs-pds.s3.amazonaws.com/rtofs.20251019/rtofs_glo_3dz_f006_6hrly_hvr_US_east.nc
ARGO_GDAC,pfl,aoml/4903550/profiles/D4903550_184.nc|2025-10-19T05:36:19Z|23.58459|-84.34441,aoml/4903550/profiles/D4903550_184.nc,4903550,4903550,23.58459,-84.34441,2025-10-19T05:36:19Z,20251019,2025,825,0.76,99.92,80.904,True,True,True,https://noaa-nws-rtofs-pds.s3.amazonaws.com/rtofs.20251019/rtofs_glo_3dz_f006_6hrly_hvr_US_east.nc
ARGO_GDAC,pfl,aoml/4903550/profiles/D4903550_185.nc|2025-10-21T18:14:51Z|23.49069|-84.31302,aoml/4903550/profiles/D4903550_185.nc,4903550,4903550,23.49069,-84.31302,2025-10-21T18:14:51Z,20251021,2025,1013,1.04,2015.6,65.7645,True,True,True,https://noaa-nws-rtofs-pds.s3.amazonaws.com/rtofs.20251021/rtofs_glo_3dz_f006_6hrly_hvr_US_east.nc
ARGO_GDAC,pfl,aoml/4903550/profiles/D4903550_185.nc|2025-10-21T18:14:51Z|23.49069|-84.31302,aoml/4903550/profiles/D4903550_185.nc,4903550,4903550,23.49069,-84.31302,2025-10-21T18:14:51Z,20251021,2025,871,0.72,99.96,65.828,True,True,True,https://noaa-nws-rtofs-pds.s3.amazonaws.com/rtofs.20251021/rtofs_glo_3dz_f006_6hrly_hvr_US_east.nc
ARGO_GDAC,pfl,aoml/4903550/profiles/D4903550_186.nc|2025-10-24T06:56:20Z|23.41896|-84.28895,aoml/4903550/profiles/D4903550_186.nc,4903550,4903550,23.41896,-84.28895,2025-10-24T06:56:20Z,20251024,2025,1011,1.08,2011.04,88.311,True,True,True,https://noaa-nws-rtofs-pds.s3.amazonaws.com/rtofs.20251024/rtofs_glo_3dz_f006_6hrly_hvr_US_east.nc
ARGO_GDAC,pfl,aoml/4903550/profiles/D4903550_186.nc|2025-10-24T06:56:20Z|23.41896|-84.28895,aoml/4903550/profiles/D4903550_186.nc,4903550,4903550,23.41896,-84.28895,2025-10-24T06:56:20Z,20251024,2025,793,0.68,99.96,88.567,True,True,True,https://noaa-nws-rtofs-pds.s3.amazonaws.com/rtofs.20251024/rtofs_glo_3dz_f006_6hrly_hvr_US_east.nc
ARGO_GDAC,pfl,aoml/4903550/profiles/D4903550_187.nc|2025-10-26T19:39:48Z|23.30654|-84.27843,aoml/4903550/profiles/D4903550_187.nc,4903550,4903550,23.30654,-84.27843,2025-10-26T19:39:48Z,20251026,2025,1013,1.08,2015.8,88.3169,True,True,True,https://noaa-nws-rtofs-pds.s3.amazonaws.com/rtofs.20251026/rtofs_glo_3dz_f006_6hrly_hvr_US_east.nc
ARGO_GDAC,pfl,aoml/4903550/profiles/D4903550_187.nc|2025-10-26T19:39:48Z|23.30654|-84.27843,aoml/4903550/profiles/D4903550_187.nc,4903550,4903550,23.30654,-84.27843,2025-10-26T19:39:48Z,20251026,2025,808,0.8,99.88,88.6778,True,True,True,https://noaa-nws-rtofs-pds.s3.amazonaws.com/rtofs.20251026/rtofs_glo_3dz_f006_6hrly_hvr_US_east.nc
ARGO_GDAC,pfl,aoml/4903550/profiles/D4903550_188.nc|2025-10-29T08:17:27Z|23.19790|-84.26833,aoml/4903550/profiles/D4903550_188.nc,4903550,4903550,23.1979,-84.26833,2025-10-29T08:17:27Z,20251029,2025,1009,1.16,2007.12,94.0045,True,True,True,https://noaa-nws-rtofs-pds.s3.amazonaws.com/rtofs.20251029/rtofs_glo_3dz_f006_6hrly_hvr_US_east.nc
ARGO_GDAC,pfl,aoml/4903550/profiles/D4903550_188.nc|2025-10-29T08:17:27Z|23.19790|-84.26833,aoml/4903550/profiles/D4903550_188.nc,4903550,4903550,23.1979,-84.26833,2025-10-29T08:17:27Z,20251029,2025,848,0.88,99.96,94.2486,True,True,True,https://noaa-nws-rtofs-pds.s3.amazonaws.com/rtofs.20251029/rtofs_glo_3dz_f006_6hrly_hvr_US_east.nc
ARGO_GDAC,pfl,aoml/4903550/profiles/D4903550_189.nc|2025-10-31T20:58:39Z|23.11616|-84.28839,aoml/4903550/profiles/D4903550_189.nc,4903550,4903550,23.11616,-84.28839,2025-10-31T20:58:39Z,20251031,2025,1010,1.0,2009.96,100.2492,True,False,True,https://noaa-nws-rtofs-pds.s3.amazonaws.com/rtofs.20251031/rtofs_glo_3dz_f006_6hrly_hvr_US_east.nc
ARGO_GDAC,pfl,aoml/4903550/profiles/D4903550_189.nc|2025-10-31T20:58:39Z|23.11616|-84.28839,aoml/4903550/profiles/D4903550_189.nc,4903550,4903550,23.11616,-84.28839,2025-10-31T20:58:39Z,20251031,2025,798,0.56,99.96,,False,False,True,https://noaa-nws-rtofs-pds.s3.amazonaws.com/rtofs.20251031/rtofs_glo_3dz_f006_6hrly_hvr_US_east.nc
ARGO_GDAC,pfl,aoml/4903550/profiles/D4903550_190.nc|2025-11-03T09:39:48Z|23.08186|-84.30380,aoml/4903550/profiles/D4903550_190.nc,4903550,4903550,23.08186,-84.3038,2025-11-03T09:39:48Z,20251103,2025,1012,1.0,2014.16,95.2757,True,True,True,https://noaa-nws-rtofs-pds.s3.amazonaws.com/rtofs.20251103/rtofs_glo_3dz_f006_6hrly_hvr_US_east.nc
ARGO_GDAC,pfl,aoml/4903550/profiles/D4903550_190.nc|2025-11-03T09:39:48Z|23.08186|-84.30380,aoml/4903550/profiles/D4903550_190.nc,4903550,4903550,23.08186,-84.3038,2025-11-03T09:39:48Z,20251103,2025,754,0.56,100.0,95.8116,True,True,True,https://noaa-nws-rtofs-pds.s3.amazonaws.com/rtofs.20251103/rtofs_glo_3dz_f006_6hrly_hvr_US_east.nc
ARGO_GDAC,pfl,aoml/4903550/profiles/D4903550_191.nc|2025-11-05T22:22:10Z|23.12799|-84.23713,aoml/4903550/profiles/D4903550_191.nc,4903550,4903550,23.12799,-84.23713,2025-11-05T22:22:10Z,20251105,2025,1012,0.96,2013.36,88.6823,True,True,True,https://noaa-nws-rtofs-pds.s3.amazonaws.com/rtofs.20251105/rtofs_glo_3dz_f006_6hrly_hvr_US_east.nc
ARGO_GDAC,pfl,aoml/4903550/profiles/D4903550_191.nc|2025-11-05T22:22:10Z|23.12799|-84.23713,aoml/4903550/profiles/D4903550_191.nc,4903550,4903550,23.12799,-84.23713,2025-11-05T22:22:10Z,20251105,2025,784,0.52,99.96,89.0641,True,True,True,https://noaa-nws-rtofs-pds.s3.amazonaws.com/rtofs.20251105/rtofs_glo_3dz_f006_6hrly_hvr_US_east.nc
ARGO_GDAC,pfl,aoml/4903550/profiles/D4903550_192.nc|2025-11-08T11:08:19Z|23.19568|-84.15801,aoml/4903550/profiles/D4903550_192.nc,4903550,4903550,23.19568,-84.15801,2025-11-08T11:08:19Z,20251108,2025,1014,1.2,2017.0,106.8497,True,False,True,https://noaa-nws-rtofs-pds.s3.amazonaws.com/rtofs.20251108/rtofs_glo_3dz_f006_6hrly_hvr_US_east.nc
ARGO_GDAC,pfl,aoml/4903550/profiles/D4903550_192.nc|2025-11-08T11:08:19Z|23.19568|-84.15801,aoml/4903550/profiles/D4903550_192.nc,4903550,4903550,23.19568,-84.15801,2025-11-08T11:08:19Z,20251108,2025,738,1.04,99.96,,False,False,True,https://noaa-nws-rtofs-pds.s3.amazonaws.com/rtofs.20251108/rtofs_glo_3dz_f006_6hrly_hvr_US_east.nc
ARGO_GDAC,pfl,aoml/4903550/profiles/D4903550_193.nc|2025-11-13T11:52:45Z|23.29388|-84.04056,aoml/4903550/profiles/D4903550_193.nc,4903550,4903550,23.29388,-84.04056,2025-11-13T11:52:45Z,20251113,2025,1009,1.16,2007.2,123.0001,True,False,True,https://noaa-nws-rtofs-pds.s3.amazonaws.com/rtofs.20251113/rtofs_glo_3dz_f006_6hrly_hvr_US_east.nc
ARGO_GDAC,pfl,aoml/4903550/profiles/D4903550_193.nc|2025-11-13T11:52:45Z|23.29388|-84.04056,aoml/4903550/profiles/D4903550_193.nc,4903550,4903550,23.29388,-84.04056,2025-11-13T11:52:45Z,20251113,2025,663,0.84,99.96,,False,False,True,https://noaa-nws-rtofs-pds.s3.amazonaws.com/rtofs.20251113/rtofs_glo_3dz_f006_6hrly_hvr_US_east.nc
ARGO_GDAC,pfl,aoml/4903550/profiles/D4903550_194.nc|2025-11-18T12:31:32Z|23.33699|-84.02261,aoml/4903550/profiles/D4903550_194.nc,4903550,4903550,23.33699,-84.02261,2025-11-18T12:31:32Z,20251118,2025,1012,1.04,2014.0,123.3161,True,False,True,https://noaa-nws-rtofs-pds.s3.amazonaws.com/rtofs.20251118/rtofs_glo_3dz_f006_6hrly_hvr_US_east.nc
ARGO_GDAC,pfl,aoml/4903550/profiles/D4903550_194.nc|2025-11-18T12:31:32Z|23.33699|-84.02261,aoml/4903550/profiles/D4903550_194.nc,4903550,4903550,23.33699,-84.02261,2025-11-18T12:31:32Z,20251118,2025,670,0.6,99.84,,False,False,True,https://noaa-nws-rtofs-pds.s3.amazonaws.com/rtofs.20251118/rtofs_glo_3dz_f006_6hrly_hvr_US_east.nc
ARGO_GDAC,pfl,aoml/4903550/profiles/D4903550_195.nc|2025-11-23T13:13:12Z|23.34643|-84.12150,aoml/4903550/profiles/D4903550_195.nc,4903550,4903550,23.34643,-84.1215,2025-11-23T13:13:12Z,20251123,2025,1011,1.04,2011.76,116.9456,True,False,True,https://noaa-nws-rtofs-pds.s3.amazonaws.com/rtofs.20251123/rtofs_glo_3dz_f006_6hrly_hvr_US_east.nc
ARGO_GDAC,pfl,aoml/4903550/profiles/D4903550_195.nc|2025-11-23T13:13:12Z|23.34643|-84.12150,aoml/4903550/profiles/D4903550_195.nc,4903550,4903550,23.34643,-84.1215,2025-11-23T13:13:12Z,20251123,2025,772,0.56,99.88,,False,False,True,https://noaa-nws-rtofs-pds.s3.amazonaws.com/rtofs.20251123/rtofs_glo_3dz_f006_6hrly_hvr_US_east.nc
ARGO_GDAC,pfl,aoml/4903550/profiles/D4903550_196.nc|2025-11-28T13:51:30Z|23.14204|-83.97859,aoml/4903550/profiles/D4903550_196.nc,4903550,4903550,23.14204,-83.97859,2025-11-28T13:51:30Z,20251128,2025,1010,1.08,2009.84,115.3884,True,False,True,https://noaa-nws-rtofs-pds.s3.amazonaws.com/rtofs.20251128/rtofs_glo_3dz_f006_6hrly_hvr_US_east.nc
ARGO_GDAC,pfl,aoml/4903550/profiles/D4903550_196.nc|2025-11-28T13:51:30Z|23.14204|-83.97859,aoml/4903550/profiles/D4903550_196.nc,4903550,4903550,23.14204,-83.97859,2025-11-28T13:51:30Z,20251128,2025,796,0.72,99.96,,False,False,True,https://noaa-nws-rtofs-pds.s3.amazonaws.com/rtofs.20251128/rtofs_glo_3dz_f006_6hrly_hvr_US_east.nc
ARGO_GDAC,pfl,aoml/4903550/profiles/D4903550_197.nc|2025-12-03T14:31:09Z|23.08379|-84.14614,aoml/4903550/profiles/D4903550_197.nc,4903550,4903550,23.08379,-84.14614,2025-12-03T14:31:09Z,20251203,2025,1010,0.96,2009.72,108.862,True,False,True,https://noaa-nws-rtofs-pds.s3.amazonaws.com/rtofs.20251203/rtofs_glo_3dz_f006_6hrly_hvr_US_east.nc
ARGO_GDAC,pfl,aoml/4903550/profiles/D4903550_197.nc|2025-12-03T14:31:09Z|23.08379|-84.14614,aoml/4903550/profiles/D4903550_197.nc,4903550,4903550,23.08379,-84.14614,2025-12-03T14:31:09Z,20251203,2025,746,0.52,99.88,,False,False,True,https://noaa-nws-rtofs-pds.s3.amazonaws.com/rtofs.20251203/rtofs_glo_3dz_f006_6hrly_hvr_US_east.nc
ARGO_GDAC,pfl,aoml/4903550/profiles/D4903550_198.nc|2025-12-08T14:54:58Z|23.24929|-84.04974,aoml/4903550/profiles/D4903550_198.nc,4903550,4903550,23.24929,-84.04974,2025-12-08T14:54:58Z,20251208,2025,1008,1.04,2005.04,122.1713,True,False,True,https://noaa-nws-rtofs-pds.s3.amazonaws.com/rtofs.20251208/rtofs_glo_3dz_f006_6hrly_hvr_US_east.nc
ARGO_GDAC,pfl,aoml/4903550/profiles/D4903550_198.nc|2025-12-08T14:54:58Z|23.24929|-84.04974,aoml/4903550/profiles/D4903550_198.nc,4903550,4903550,23.24929,-84.04974,2025-12-08T14:54:58Z,20251208,2025,764,0.64,99.88,,False,False,True,https://noaa-nws-rtofs-pds.s3.amazonaws.com/rtofs.20251208/rtofs_glo_3dz_f006_6hrly_hvr_US_east.nc
ARGO_GDAC,pfl,aoml/4903550/profiles/D4903550_199.nc|2025-12-13T15:29:29Z|23.38606|-84.12103,aoml/4903550/profiles/D4903550_199.nc,4903550,4903550,23.38606,-84.12103,2025-12-13T15:29:29Z,20251213,2025,1012,1.04,2013.64,120.34,True,False,True,https://noaa-nws-rtofs-pds.s3.amazonaws.com/rtofs.20251213/rtofs_glo_3dz_f006_6hrly_hvr_US_east.nc
ARGO_GDAC,pfl,aoml/4903550/profiles/D4903550_199.nc|2025-12-13T15:29:29Z|23.38606|-84.12103,aoml/4903550/profiles/D4903550_199.nc,4903550,4903550,23.38606,-84.12103,2025-12-13T15:29:29Z,20251213,2025,787,0.68,100.0,,False,False,True,https://noaa-nws-rtofs-pds.s3.amazonaws.com/rtofs.20251213/rtofs_glo_3dz_f006_6hrly_hvr_US_east.nc
ARGO_GDAC,pfl,aoml/4903550/profiles/D4903550_200.nc|2025-12-18T16:16:15Z|23.48637|-84.16934,aoml/4903550/profiles/D4903550_200.nc,4903550,4903550,23.48637,-84.16934,2025-12-18T16:16:15Z,20251218,2025,1011,1.0,2011.68,129.622,True,False,True,https://noaa-nws-rtofs-pds.s3.amazonaws.com/rtofs.20251218/rtofs_glo_3dz_f006_6hrly_hvr_US_east.nc
ARGO_GDAC,pfl,aoml/4903550/profiles/D4903550_200.nc|2025-12-18T16:16:15Z|23.48637|-84.16934,aoml/4903550/profiles/D4903550_200.nc,4903550,4903550,23.48637,-84.16934,2025-12-18T16:16:15Z,20251218,2025,696,0.64,99.88,,False,False,True,https://noaa-nws-rtofs-pds.s3.amazonaws.com/rtofs.20251218/rtofs_glo_3dz_f006_6hrly_hvr_US_east.nc
ARGO_GDAC,pfl,aoml/4903550/profiles/D4903550_201.nc|2025-12-23T16:54:08Z|23.56640|-84.15091,aoml/4903550/profiles/D4903550_201.nc,4903550,4903550,23.5664,-84.15091,2025-12-23T16:54:08Z,20251223,2025,1014,1.04,2018.16,122.1434,True,False,True,https://noaa-nws-rtofs-pds.s3.amazonaws.com/rtofs.20251223/rtofs_glo_3dz_f006_6hrly_hvr_US_east.nc
ARGO_GDAC,pfl,aoml/4903550/profiles/D4903550_201.nc|2025-12-23T16:54:08Z|23.56640|-84.15091,aoml/4903550/profiles/D4903550_201.nc,4903550,4903550,23.5664,-84.15091,2025-12-23T16:54:08Z,20251223,2025,772,0.72,99.92,,False,False,True,https://noaa-nws-rtofs-pds.s3.amazonaws.com/rtofs.20251223/rtofs_glo_3dz_f006_6hrly_hvr_US_east.nc
ARGO_GDAC,pfl,aoml/4903550/profiles/D4903550_202.nc|2025-12-28T17:40:10Z|23.68387|-84.15969,aoml/4903550/profiles/D4903550_202.nc,4903550,4903550,23.68387,-84.15969,2025-12-28T17:40:10Z,20251228,2025,1012,1.0,2013.72,85.9227,True,True,True,https://noaa-nws-rtofs-pds.s3.amazonaws.com/rtofs.20251228/rtofs_glo_3dz_f006_6hrly_hvr_US_east.nc
ARGO_GDAC,pfl,aoml/4903550/profiles/D4903550_202.nc|2025-12-28T17:40:10Z|23.68387|-84.15969,aoml/4903550/profiles/D4903550_202.nc,4903550,4903550,23.68387,-84.15969,2025-12-28T17:40:10Z,20251228,2025,751,0.6,99.92,85.588,True,True,True,https://noaa-nws-rtofs-pds.s3.amazonaws.com/rtofs.20251228/rtofs_glo_3dz_f006_6hrly_hvr_US_east.nc
ARGO_GDAC,pfl,aoml/4903551/profiles/D4903551_042.nc|2024-01-01T15:20:26Z|25.34073|-86.69662,aoml/4903551/profiles/D4903551_042.nc,4903551,4903551,25.34073,-86.69662,2024-01-01T15:20:26Z,20240101,2024,1012,0.96,2013.72,82.1352,True,True,False,
ARGO_GDAC,pfl,aoml/4903551/profiles/D4903551_042.nc|2024-01-01T15:20:26Z|25.34073|-86.69662,aoml/4903551/profiles/D4903551_042.nc,4903551,4903551,25.34073,-86.69662,2024-01-01T15:20:26Z,20240101,2024,705,0.56,99.84,82.056,True,True,False,
ARGO_GDAC,pfl,aoml/4903551/profiles/D4903551_043.nc|2024-01-06T15:59:40Z|25.25457|-86.92403,aoml/4903551/profiles/D4903551_043.nc,4903551,4903551,25.25457,-86.92403,2024-01-06T15:59:40Z,20240106,2024,1010,1.0,2010.0,22.3741,True,True,False,
ARGO_GDAC,pfl,aoml/4903551/profiles/D4903551_043.nc|2024-01-06T15:59:40Z|25.25457|-86.92403,aoml/4903551/profiles/D4903551_043.nc,4903551,4903551,25.25457,-86.92403,2024-01-06T15:59:40Z,20240106,2024,671,0.6,99.88,22.6829,True,True,False,
ARGO_GDAC,pfl,aoml/4903551/profiles/D4903551_044.nc|2024-01-11T16:48:43Z|25.25953|-87.06692,aoml/4903551/profiles/D4903551_044.nc,4903551,4903551,25.25953,-87.06692,2024-01-11T16:48:43Z,20240111,2024,1008,0.96,2006.28,32.8002,True,True,False,
ARGO_GDAC,pfl,aoml/4903551/profiles/D4903551_044.nc|2024-01-11T16:48:43Z|25.25953|-87.06692,aoml/4903551/profiles/D4903551_044.nc,4903551,4903551,25.25953,-87.06692,2024-01-11T16:48:43Z,20240111,2024,683,0.6,99.8,33.1066,True,True,False,
ARGO_GDAC,pfl,aoml/4903551/profiles/D4903551_045.nc|2024-01-16T17:38:17Z|25.29410|-87.18430,aoml/4903551/profiles/D4903551_045.nc,4903551,4903551,25.2941,-87.1843,2024-01-16T17:38:17Z,20240116,2024,1009,1.0,2007.36,52.7681,True,True,False,
ARGO_GDAC,pfl,aoml/4903551/profiles/D4903551_045.nc|2024-01-16T17:38:17Z|25.29410|-87.18430,aoml/4903551/profiles/D4903551_045.nc,4903551,4903551,25.2941,-87.1843,2024-01-16T17:38:17Z,20240116,2024,691,0.52,99.8,53.224,True,True,False,
ARGO_GDAC,pfl,aoml/4903551/profiles/D4903551_046.nc|2024-01-21T18:17:40Z|25.34080|-87.33846,aoml/4903551/profiles/D4903551_046.nc,4903551,4903551,25.3408,-87.33846,2024-01-21T18:17:40Z,20240121,2024,1010,0.48,2007.4,121.6461,True,False,False,
ARGO_GDAC,pfl,aoml/4903551/profiles/D4903551_046.nc|2024-01-21T18:17:40Z|25.34080|-87.33846,aoml/4903551/profiles/D4903551_046.nc,4903551,4903551,25.3408,-87.33846,2024-01-21T18:17:40Z,20240121,2024,624,0.48,99.96,,False,False,False,
ARGO_GDAC,pfl,aoml/4903551/profiles/D4903551_047.nc|2024-01-26T19:03:46Z|25.34825|-87.44241,aoml/4903551/profiles/D4903551_047.nc,4903551,4903551,25.34825,-87.44241,2024-01-26T19:03:46Z,20240126,2024,1011,1.12,2011.56,136.7017,True,False,False,
ARGO_GDAC,pfl,aoml/4903551/profiles/D4903551_047.nc|2024-01-26T19:03:46Z|25.34825|-87.44241,aoml/4903551/profiles/D4903551_047.nc,4903551,4903551,25.34825,-87.44241,2024-01-26T19:03:46Z,20240126,2024,645,0.8,99.88,,False,False,False,
ARGO_GDAC,pfl,aoml/4903551/profiles/D4903551_048.nc|2024-01-31T19:46:44Z|25.47122|-87.56209,aoml/4903551/profiles/D4903551_048.nc,4903551,4903551,25.47122,-87.56209,2024-01-31T19:46:44Z,20240131,2024,1007,1.24,2003.44,134.0939,True,False,True,https://noaa-nws-rtofs-pds.s3.amazonaws.com/rtofs.20240131/rtofs_glo_3dz_f006_6hrly_hvr_US_east.nc
ARGO_GDAC,pfl,aoml/4903551/profiles/D4903551_048.nc|2024-01-31T19:46:44Z|25.47122|-87.56209,aoml/4903551/profiles/D4903551_048.nc,4903551,4903551,25.47122,-87.56209,2024-01-31T19:46:44Z,20240131,2024,659,1.12,99.88,,False,False,True,https://noaa-nws-rtofs-pds.s3.amazonaws.com/rtofs.20240131/rtofs_glo_3dz_f006_6hrly_hvr_US_east.nc
ARGO_GDAC,pfl,aoml/4903551/profiles/D4903551_049.nc|2024-02-05T20:32:42Z|25.62605|-87.82428,aoml/4903551/profiles/D4903551_049.nc,4903551,4903551,25.62605,-87.82428,2024-02-05T20:32:42Z,20240205,2024,1007,1.36,2004.16,92.9605,True,True,True,https://noaa-nws-rtofs-pds.s3.amazonaws.com/rtofs.20240205/rtofs_glo_3dz_f006_6hrly_hvr_US_east.nc
ARGO_GDAC,pfl,aoml/4903551/profiles/D4903551_049.nc|2024-02-05T20:32:42Z|25.62605|-87.82428,aoml/4903551/profiles/D4903551_049.nc,4903551,4903551,25.62605,-87.82428,2024-02-05T20:32:42Z,20240205,2024,765,1.08,99.92,93.19,True,True,True,https://noaa-nws-rtofs-pds.s3.amazonaws.com/rtofs.20240205/rtofs_glo_3dz_f006_6hrly_hvr_US_east.nc
ARGO_GDAC,pfl,aoml/4903551/profiles/D4903551_050.nc|2024-02-10T21:17:40Z|25.55603|-88.11399,aoml/4903551/profiles/D4903551_050.nc,4903551,4903551,25.55603,-88.11399,2024-02-10T21:17:40Z,20240210,2024,1012,1.28,2013.68,79.4429,True,True,True,https://noaa-nws-rtofs-pds.s3.amazonaws.com/rtofs.20240210/rtofs_glo_3dz_f006_6hrly_hvr_US_east.nc
ARGO_GDAC,pfl,aoml/4903551/profiles/D4903551_050.nc|2024-02-10T21:17:40Z|25.55603|-88.11399,aoml/4903551/profiles/D4903551_050.nc,4903551,4903551,25.55603,-88.11399,2024-02-10T21:17:40Z,20240210,2024,889,1.0,100.0,79.74,True,True,True,https://noaa-nws-rtofs-pds.s3.amazonaws.com/rtofs.20240210/rtofs_glo_3dz_f006_6hrly_hvr_US_east.nc
ARGO_GDAC,pfl,aoml/4903551/profiles/D4903551_051.nc|2024-02-15T22:17:20Z|25.47013|-88.19462,aoml/4903551/profiles/D4903551_051.nc,4903551,4903551,25.47013,-88.19462,2024-02-15T22:17:20Z,20240215,2024,1012,0.96,2013.44,70.4016,True,True,True,https://noaa-nws-rtofs-pds.s3.amazonaws.com/rtofs.20240215/rtofs_glo_3dz_f006_6hrly_hvr_US_east.nc
ARGO_GDAC,pfl,aoml/4903551/profiles/D4903551_051.nc|2024-02-15T22:17:20Z|25.47013|-88.19462,aoml/4903551/profiles/D4903551_051.nc,4903551,4903551,25.47013,-88.19462,2024-02-15T22:17:20Z,20240215,2024,832,0.56,99.96,70.7143,True,True,True,https://noaa-nws-rtofs-pds.s3.amazonaws.com/rtofs.20240215/rtofs_glo_3dz_f006_6hrly_hvr_US_east.nc
ARGO_GDAC,pfl,aoml/4903551/profiles/D4903551_052.nc|2024-02-20T23:02:15Z|25.49320|-88.07748,aoml/4903551/profiles/D4903551_052.nc,4903551,4903551,25.4932,-88.07748,2024-02-20T23:02:15Z,20240220,2024,1008,0.96,2005.0,104.5871,True,False,True,https://noaa-nws-rtofs-pds.s3.amazonaws.com/rtofs.20240220/rtofs_glo_3dz_f006_6hrly_hvr_US_east.nc
ARGO_GDAC,pfl,aoml/4903551/profiles/D4903551_052.nc|2024-02-20T23:02:15Z|25.49320|-88.07748,aoml/4903551/profiles/D4903551_052.nc,4903551,4903551,25.4932,-88.07748,2024-02-20T23:02:15Z,20240220,2024,647,0.56,99.96,,False,False,True,https://noaa-nws-rtofs-pds.s3.amazonaws.com/rtofs.20240220/rtofs_glo_3dz_f006_6hrly_hvr_US_east.nc
ARGO_GDAC,pfl,aoml/4903551/profiles/D4903551_053.nc|2024-02-25T23:47:21Z|25.60810|-88.32373,aoml/4903551/profiles/D4903551_053.nc,4903551,4903551,25.6081,-88.32373,2024-02-25T23:47:21Z,20240225,2024,1013,0.4,2013.44,71.0117,True,True,True,https://noaa-nws-rtofs-pds.s3.amazonaws.com/rtofs.20240225/rtofs_glo_3dz_f006_6hrly_hvr_US_east.nc
ARGO_GDAC,pfl,aoml/4903551/profiles/D4903551_053.nc|2024-02-25T23:47:21Z|25.60810|-88.32373,aoml/4903551/profiles/D4903551_053.nc,4903551,4903551,25.6081,-88.32373,2024-02-25T23:47:21Z,20240225,2024,639,0.4,100.0,71.0978,True,True,True,https://noaa-nws-rtofs-pds.s3.amazonaws.com/rtofs.20240225/rtofs_glo_3dz_f006_6hrly_hvr_US_east.nc
ARGO_GDAC,pfl,aoml/4903551/profiles/D4903551_054.nc|2024-03-02T00:34:19Z|25.19818|-88.26618,aoml/4903551/profiles/D4903551_054.nc,4903551,4903551,25.19818,-88.26618,2024-03-02T00:34:19Z,20240302,2024,1011,0.48,2010.16,84.3036,True,True,True,https://noaa-nws-rtofs-pds.s3.amazonaws.com/rtofs.20240302/rtofs_glo_3dz_f006_6hrly_hvr_US_east.nc
ARGO_GDAC,pfl,aoml/4903551/profiles/D4903551_054.nc|2024-03-02T00:34:19Z|25.19818|-88.26618,aoml/4903551/profiles/D4903551_054.nc,4903551,4903551,25.19818,-88.26618,2024-03-02T00:34:19Z,20240302,2024,805,0.48,99.92,84.28,True,True,True,https://noaa-nws-rtofs-pds.s3.amazonaws.com/rtofs.20240302/rtofs_glo_3dz_f006_6hrly_hvr_US_east.nc
ARGO_GDAC,pfl,aoml/4903551/profiles/D4903551_055.nc|2024-03-07T01:15:29Z|25.20357|-87.32556,aoml/4903551/profiles/D4903551_055.nc,4903551,4903551,25.20357,-87.32556,2024-03-07T01:15:29Z,20240307,2024,1010,0.48,2007.08,14.319,True,True,True,https://noaa-nws-rtofs-pds.s3.amazonaws.com/rtofs.20240307/rtofs_glo_3dz_f006_6hrly_hvr_US_east.nc
ARGO_GDAC,pfl,aoml/4903551/profiles/D4903551_055.nc|2024-03-07T01:15:29Z|25.20357|-87.32556,aoml/4903551/profiles/D4903551_055.nc,4903551,4903551,25.20357,-87.32556,2024-03-07T01:15:29Z,20240307,2024,786,0.48,99.96,14.2546,True,True,True,https://noaa-nws-rtofs-pds.s3.amazonaws.com/rtofs.20240307/rtofs_glo_3dz_f006_6hrly_hvr_US_east.nc
ARGO_GDAC,pfl,aoml/4903551/profiles/D4903551_056.nc|2024-03-12T02:02:06Z|25.96669|-86.64207,aoml/4903551/profiles/D4903551_056.nc,4903551,4903551,25.96669,-86.64207,2024-03-12T02:02:06Z,20240312,2024,1008,0.48,2003.56,73.8738,True,True,True,https://noaa-nws-rtofs-pds.s3.amazonaws.com/rtofs.20240312/rtofs_glo_3dz_f006_6hrly_hvr_US_east.nc
ARGO_GDAC,pfl,aoml/4903551/profiles/D4903551_056.nc|2024-03-12T02:02:06Z|25.96669|-86.64207,aoml/4903551/profiles/D4903551_056.nc,4903551,4903551,25.96669,-86.64207,2024-03-12T02:02:06Z,20240312,2024,897,0.48,99.92,73.8832,True,True,True,https://noaa-nws-rtofs-pds.s3.amazonaws.com/rtofs.20240312/rtofs_glo_3dz_f006_6hrly_hvr_US_east.nc
ARGO_GDAC,pfl,aoml/4903551/profiles/D4903551_057.nc|2024-03-17T02:41:59Z|26.04845|-85.74559,aoml/4903551/profiles/D4903551_057.nc,4903551,4903551,26.04845,-85.74559,2024-03-17T02:41:59Z,20240317,2024,1008,1.04,2005.44,15.6717,True,True,True,https://noaa-nws-rtofs-pds.s3.amazonaws.com/rtofs.20240317/rtofs_glo_3dz_f006_6hrly_hvr_US_east.nc
ARGO_GDAC,pfl,aoml/4903551/profiles/D4903551_057.nc|2024-03-17T02:41:59Z|26.04845|-85.74559,aoml/4903551/profiles/D4903551_057.nc,4903551,4903551,26.04845,-85.74559,2024-03-17T02:41:59Z,20240317,2024,868,0.68,99.88,15.5814,True,True,True,https://noaa-nws-rtofs-pds.s3.amazonaws.com/rtofs.20240317/rtofs_glo_3dz_f006_6hrly_hvr_US_east.nc
ARGO_GDAC,pfl,aoml/4903551/profiles/D4903551_058.nc|2024-03-22T03:28:49Z|26.04722|-85.23651,aoml/4903551/profiles/D4903551_058.nc,4903551,4903551,26.04722,-85.23651,2024-03-22T03:28:49Z,20240322,2024,1011,1.12,2012.12,13.3606,True,True,True,https://noaa-nws-rtofs-pds.s3.amazonaws.com/rtofs.20240322/rtofs_glo_3dz_f006_6hrly_hvr_US_east.nc
ARGO_GDAC,pfl,aoml/4903551/profiles/D4903551_058.nc|2024-03-22T03:28:49Z|26.04722|-85.23651,aoml/4903551/profiles/D4903551_058.nc,4903551,4903551,26.04722,-85.23651,2024-03-22T03:28:49Z,20240322,2024,834,0.68,99.88,13.7233,True,True,True,https://noaa-nws-rtofs-pds.s3.amazonaws.com/rtofs.20240322/rtofs_glo_3dz_f006_6hrly_hvr_US_east.nc
ARGO_GDAC,pfl,aoml/4903551/profiles/D4903551_059.nc|2024-03-27T04:17:05Z|26.12710|-85.00984,aoml/4903551/profiles/D4903551_059.nc,4903551,4903551,26.1271,-85.00984,2024-03-27T04:17:05Z,20240327,2024,1010,1.08,2009.48,20.4333,True,True,True,https://noaa-nws-rtofs-pds.s3.amazonaws.com/rtofs.20240327/rtofs_glo_3dz_f006_6hrly_hvr_US_east.nc
ARGO_GDAC,pfl,aoml/4903551/profiles/D4903551_059.nc|2024-03-27T04:17:05Z|26.12710|-85.00984,aoml/4903551/profiles/D4903551_059.nc,4903551,4903551,26.1271,-85.00984,2024-03-27T04:17:05Z,20240327,2024,795,0.72,99.88,20.2933,True,True,True,https://noaa-nws-rtofs-pds.s3.amazonaws.com/rtofs.20240327/rtofs_glo_3dz_f006_6hrly_hvr_US_east.nc
ARGO_GDAC,pfl,aoml/4903551/profiles/D4903551_060.nc|2024-04-01T05:12:09Z|25.88586|-84.94267,aoml/4903551/profiles/D4903551_060.nc,4903551,4903551,25.88586,-84.94267,2024-04-01T05:12:09Z,20240401,2024,1010,0.4,2007.76,36.3675,True,True,True,https://noaa-nws-rtofs-pds.s3.amazonaws.com/rtofs.20240401/rtofs_glo_3dz_f006_6hrly_hvr_US_east.nc
ARGO_GDAC,pfl,aoml/4903551/profiles/D4903551_060.nc|2024-04-01T05:12:09Z|25.88586|-84.94267,aoml/4903551/profiles/D4903551_060.nc,4903551,4903551,25.88586,-84.94267,2024-04-01T05:12:09Z,20240401,2024,773,0.36,99.96,36.28,True,True,True,https://noaa-nws-rtofs-pds.s3.amazonaws.com/rtofs.20240401/rtofs_glo_3dz_f006_6hrly_hvr_US_east.nc
ARGO_GDAC,pfl,aoml/4903551/profiles/D4903551_061.nc|2024-04-06T05:55:56Z|25.37974|-84.91925,aoml/4903551/profiles/D4903551_061.nc,4903551,4903551,25.37974,-84.91925,2024-04-06T05:55:56Z,20240406,2024,1009,0.96,2008.24,49.9453,True,True,True,https://noaa-nws-rtofs-pds.s3.amazonaws.com/rtofs.20240406/rtofs_glo_3dz_f006_6hrly_hvr_US_east.nc
ARGO_GDAC,pfl,aoml/4903551/profiles/D4903551_061.nc|2024-04-06T05:55:56Z|25.37974|-84.91925,aoml/4903551/profiles/D4903551_061.nc,4903551,4903551,25.37974,-84.91925,2024-04-06T05:55:56Z,20240406,2024,762,0.52,99.96,50.0914,True,True,True,https://noaa-nws-rtofs-pds.s3.amazonaws.com/rtofs.20240406/rtofs_glo_3dz_f006_6hrly_hvr_US_east.nc
ARGO_GDAC,pfl,aoml/4903551/profiles/D4903551_062.nc|2024-04-11T06:43:58Z|24.92270|-84.78142,aoml/4903551/profiles/D4903551_062.nc,4903551,4903551,24.9227,-84.78142,2024-04-11T06:43:58Z,20240411,2024,1010,1.0,2010.36,61.2147,True,True,True,https://noaa-nws-rtofs-pds.s3.amazonaws.com/rtofs.20240411/rtofs_glo_3dz_f006_6hrly_hvr_US_east.nc
ARGO_GDAC,pfl,aoml/4903551/profiles/D4903551_062.nc|2024-04-11T06:43:58Z|24.92270|-84.78142,aoml/4903551/profiles/D4903551_062.nc,4903551,4903551,24.9227,-84.78142,2024-04-11T06:43:58Z,20240411,2024,702,0.56,99.96,61.145,True,True,True,https://noaa-nws-rtofs-pds.s3.amazonaws.com/rtofs.20240411/rtofs_glo_3dz_f006_6hrly_hvr_US_east.nc
ARGO_GDAC,pfl,aoml/4903551/profiles/D4903551_063.nc|2024-04-16T07:25:34Z|24.89021|-84.91727,aoml/4903551/profiles/D4903551_063.nc,4903551,4903551,24.89021,-84.91727,2024-04-16T07:25:34Z,20240416,2024,1008,0.96,2005.36,100.6321,True,False,True,https://noaa-nws-rtofs-pds.s3.amazonaws.com/rtofs.20240416/rtofs_glo_3dz_f006_6hrly_hvr_US_east.nc
ARGO_GDAC,pfl,aoml/4903551/profiles/D4903551_063.nc|2024-04-16T07:25:34Z|24.89021|-84.91727,aoml/4903551/profiles/D4903551_063.nc,4903551,4903551,24.89021,-84.91727,2024-04-16T07:25:34Z,20240416,2024,613,0.56,99.92,,False,False,True,https://noaa-nws-rtofs-pds.s3.amazonaws.com/rtofs.20240416/rtofs_glo_3dz_f006_6hrly_hvr_US_east.nc
ARGO_GDAC,pfl,aoml/4903551/profiles/D4903551_064.nc|2024-04-21T08:15:00Z|24.58310|-85.46625,aoml/4903551/profiles/D4903551_064.nc,4903551,4903551,24.5831,-85.46625,2024-04-21T08:15:00Z,20240421,2024,1012,0.92,2013.44,49.9985,True,True,True,https://noaa-nws-rtofs-pds.s3.amazonaws.com/rtofs.20240421/rtofs_glo_3dz_f006_6hrly_hvr_US_east.nc
ARGO_GDAC,pfl,aoml/4903551/profiles/D4903551_064.nc|2024-04-21T08:15:00Z|24.58310|-85.46625,aoml/4903551/profiles/D4903551_064.nc,4903551,4903551,24.5831,-85.46625,2024-04-21T08:15:00Z,20240421,2024,637,0.56,99.96,49.2399,True,True,True,https://noaa-nws-rtofs-pds.s3.amazonaws.com/rtofs.20240421/rtofs_glo_3dz_f006_6hrly_hvr_US_east.nc
ARGO_GDAC,pfl,aoml/4903551/profiles/D4903551_065.nc|2024-04-26T09:08:15Z|24.22093|-85.67464,aoml/4903551/profiles/D4903551_065.nc,4903551,4903551,24.22093,-85.67464,2024-04-26T09:08:15Z,20240426,2024,1012,1.04,2013.12,142.07,True,False,True,https://noaa-nws-rtofs-pds.s3.amazonaws.com/rtofs.20240426/rtofs_glo_3dz_f006_6hrly_hvr_US_east.nc
ARGO_GDAC,pfl,aoml/4903551/profiles/D4903551_065.nc|2024-04-26T09:08:15Z|24.22093|-85.67464,aoml/4903551/profiles/D4903551_065.nc,4903551,4903551,24.22093,-85.67464,2024-04-26T09:08:15Z,20240426,2024,645,0.68,99.8,,False,False,True,https://noaa-nws-rtofs-pds.s3.amazonaws.com/rtofs.20240426/rtofs_glo_3dz_f006_6hrly_hvr_US_east.nc
ARGO_GDAC,pfl,aoml/4903551/profiles/D4903551_066.nc|2024-05-01T09:55:03Z|24.27577|-85.68157,aoml/4903551/profiles/D4903551_066.nc,4903551,4903551,24.27577,-85.68157,2024-05-01T09:55:03Z,20240501,2024,1010,0.44,2007.44,95.948,True,True,True,https://noaa-nws-rtofs-pds.s3.amazonaws.com/rtofs.20240501/rtofs_glo_3dz_f006_6hrly_hvr_US_east.nc
ARGO_GDAC,pfl,aoml/4903551/profiles/D4903551_066.nc|2024-05-01T09:55:03Z|24.27577|-85.68157,aoml/4903551/profiles/D4903551_066.nc,4903551,4903551,24.27577,-85.68157,2024-05-01T09:55:03Z,20240501,2024,642,0.44,99.92,94.0501,True,True,True,https://noaa-nws-rtofs-pds.s3.amazonaws.com/rtofs.20240501/rtofs_glo_3dz_f006_6hrly_hvr_US_east.nc
ARGO_GDAC,pfl,aoml/4903551/profiles/D4903551_067.nc|2024-05-06T10:27:28Z|24.44830|-85.90824,aoml/4903551/profiles/D4903551_067.nc,4903551,4903551,24.4483,-85.90824,2024-05-06T10:27:28Z,20240506,2024,1008,0.96,2005.4,42.0964,True,True,True,https://noaa-nws-rtofs-pds.s3.amazonaws.com/rtofs.20240506/rtofs_glo_3dz_f006_6hrly_hvr_US_east.nc
ARGO_GDAC,pfl,aoml/4903551/profiles/D4903551_067.nc|2024-05-06T10:27:28Z|24.44830|-85.90824,aoml/4903551/profiles/D4903551_067.nc,4903551,4903551,24.4483,-85.90824,2024-05-06T10:27:28Z,20240506,2024,667,0.6,99.96,42.38,True,True,True,https://noaa-nws-rtofs-pds.s3.amazonaws.com/rtofs.20240506/rtofs_glo_3dz_f006_6hrly_hvr_US_east.nc
ARGO_GDAC,pfl,aoml/4903551/profiles/D4903551_068.nc|2024-05-11T11:15:12Z|24.54452|-86.12313,aoml/4903551/profiles/D4903551_068.nc,4903551,4903551,24.54452,-86.12313,2024-05-11T11:15:12Z,20240511,2024,1007,0.96,2003.44,19.5276,True,True,True,https://noaa-nws-rtofs-pds.s3.amazonaws.com/rtofs.20240511/rtofs_glo_3dz_f006_6hrly_hvr_US_east.nc
ARGO_GDAC,pfl,aoml/4903551/profiles/D4903551_068.nc|2024-05-11T11:15:12Z|24.54452|-86.12313,aoml/4903551/profiles/D4903551_068.nc,4903551,4903551,24.54452,-86.12313,2024-05-11T11:15:12Z,20240511,2024,698,0.56,99.88,20.072,True,True,True,https://noaa-nws-rtofs-pds.s3.amazonaws.com/rtofs.20240511/rtofs_glo_3dz_f006_6hrly_hvr_US_east.nc
ARGO_GDAC,pfl,aoml/4903551/profiles/D4903551_069.nc|2024-05-16T11:53:11Z|24.36410|-86.09370,aoml/4903551/profiles/D4903551_069.nc,4903551,4903551,24.3641,-86.0937,2024-05-16T11:53:11Z,20240516,2024,1011,0.96,2011.88,18.6324,True,True,True,https://noaa-nws-rtofs-pds.s3.amazonaws.com/rtofs.20240516/rtofs_glo_3dz_f006_6hrly_hvr_US_east.nc
ARGO_GDAC,pfl,aoml/4903551/profiles/D4903551_069.nc|2024-05-16T11:53:11Z|24.36410|-86.09370,aoml/4903551/profiles/D4903551_069.nc,4903551,4903551,24.3641,-86.0937,2024-05-16T11:53:11Z,20240516,2024,701,0.6,99.84,18.7387,True,True,True,https://noaa-nws-rtofs-pds.s3.amazonaws.com/rtofs.20240516/rtofs_glo_3dz_f006_6hrly_hvr_US_east.nc
ARGO_GDAC,pfl,aoml/4903551/profiles/D4903551_070.nc|2024-05-21T12:35:14Z|24.22822|-85.93295,aoml/4903551/profiles/D4903551_070.nc,4903551,4903551,24.22822,-85.93295,2024-05-21T12:35:14Z,20240521,2024,1010,1.04,2009.88,17.2114,True,True,True,https://noaa-nws-rtofs-pds.s3.amazonaws.com/rtofs.20240521/rtofs_glo_3dz_f006_6hrly_hvr_US_east.nc
ARGO_GDAC,pfl,aoml/4903551/profiles/D4903551_070.nc|2024-05-21T12:35:14Z|24.22822|-85.93295,aoml/4903551/profiles/D4903551_070.nc,4903551,4903551,24.22822,-85.93295,2024-05-21T12:35:14Z,20240521,2024,680,0.52,99.96,16.96,True,True,True,https://noaa-nws-rtofs-pds.s3.amazonaws.com/rtofs.20240521/rtofs_glo_3dz_f006_6hrly_hvr_US_east.nc
ARGO_GDAC,pfl,aoml/4903551/profiles/D4903551_071.nc|2024-05-26T13:18:21Z|24.27073|-85.91821,aoml/4903551/profiles/D4903551_071.nc,4903551,4903551,24.27073,-85.91821,2024-05-26T13:18:21Z,20240526,2024,1011,1.0,2011.56,28.415,True,True,True,https://noaa-nws-rtofs-pds.s3.amazonaws.com/rtofs.20240526/rtofs_glo_3dz_f006_6hrly_hvr_US_east.nc
ARGO_GDAC,pfl,aoml/4903551/profiles/D4903551_071.nc|2024-05-26T13:18:21Z|24.27073|-85.91821,aoml/4903551/profiles/D4903551_071.nc,4903551,4903551,24.27073,-85.91821,2024-05-26T13:18:21Z,20240526,2024,699,0.6,99.84,28.574,True,True,True,https://noaa-nws-rtofs-pds.s3.amazonaws.com/rtofs.20240526/rtofs_glo_3dz_f006_6hrly_hvr_US_east.nc
ARGO_GDAC,pfl,aoml/4903551/profiles/D4903551_072.nc|2024-05-31T14:02:00Z|24.36367|-86.08323,aoml/4903551/profiles/D4903551_072.nc,4903551,4903551,24.36367,-86.08323,2024-05-31T14:02:00Z,20240531,2024,1012,1.0,2014.0,29.6548,True,True,True,https://noaa-nws-rtofs-pds.s3.amazonaws.com/rtofs.20240531/rtofs_glo_3dz_f006_6hrly_hvr_US_east.nc
ARGO_GDAC,pfl,aoml/4903551/profiles/D4903551_072.nc|2024-05-31T14:02:00Z|24.36367|-86.08323,aoml/4903551/profiles/D4903551_072.nc,4903551,4903551,24.36367,-86.08323,2024-05-31T14:02:00Z,20240531,2024,706,0.6,100.0,29.6955,True,True,True,https://noaa-nws-rtofs-pds.s3.amazonaws.com/rtofs.20240531/rtofs_glo_3dz_f006_6hrly_hvr_US_east.nc
ARGO_GDAC,pfl,aoml/4903551/profiles/D4903551_073.nc|2024-06-05T14:39:27Z|24.57504|-86.35528,aoml/4903551/profiles/D4903551_073.nc,4903551,4903551,24.57504,-86.35528,2024-06-05T14:39:27Z,20240605,2024,1008,1.04,2005.88,21.2275,True,True,True,https://noaa-nws-rtofs-pds.s3.amazonaws.com/rtofs.20240605/rtofs_glo_3dz_f006_6hrly_hvr_US_east.nc
ARGO_GDAC,pfl,aoml/4903551/profiles/D4903551_073.nc|2024-06-05T14:39:27Z|24.57504|-86.35528,aoml/4903551/profiles/D4903551_073.nc,4903551,4903551,24.57504,-86.35528,2024-06-05T14:39:27Z,20240605,2024,752,0.64,100.0,21.4179,True,True,True,https://noaa-nws-rtofs-pds.s3.amazonaws.com/rtofs.20240605/rtofs_glo_3dz_f006_6hrly_hvr_US_east.nc
ARGO_GDAC,pfl,aoml/4903551/profiles/D4903551_074.nc|2024-06-10T15:20:38Z|24.82367|-86.63829,aoml/4903551/profiles/D4903551_074.nc,4903551,4903551,24.82367,-86.63829,2024-06-10T15:20:38Z,20240610,2024,1008,1.0,2005.44,20.3453,True,True,True,https://noaa-nws-rtofs-pds.s3.amazonaws.com/rtofs.20240610/rtofs_glo_3dz_f006_6hrly_hvr_US_east.nc
ARGO_GDAC,pfl,aoml/4903551/profiles/D4903551_074.nc|2024-06-10T15:20:38Z|24.82367|-86.63829,aoml/4903551/profiles/D4903551_074.nc,4903551,4903551,24.82367,-86.63829,2024-06-10T15:20:38Z,20240610,2024,738,0.64,99.88,20.32,True,True,True,https://noaa-nws-rtofs-pds.s3.amazonaws.com/rtofs.20240610/rtofs_glo_3dz_f006_6hrly_hvr_US_east.nc
ARGO_GDAC,pfl,aoml/4903551/profiles/D4903551_075.nc|2024-06-15T16:09:07Z|24.94737|-86.75109,aoml/4903551/profiles/D4903551_075.nc,4903551,4903551,24.94737,-86.75109,2024-06-15T16:09:07Z,20240615,2024,1010,1.0,2009.52,28.4094,True,True,True,https://noaa-nws-rtofs-pds.s3.amazonaws.com/rtofs.20240615/rtofs_glo_3dz_f006_6hrly_hvr_US_east.nc
ARGO_GDAC,pfl,aoml/4903551/profiles/D4903551_075.nc|2024-06-15T16:09:07Z|24.94737|-86.75109,aoml/4903551/profiles/D4903551_075.nc,4903551,4903551,24.94737,-86.75109,2024-06-15T16:09:07Z,20240615,2024,763,0.52,99.88,28.808,True,True,True,https://noaa-nws-rtofs-pds.s3.amazonaws.com/rtofs.20240615/rtofs_glo_3dz_f006_6hrly_hvr_US_east.nc
ARGO_GDAC,pfl,aoml/4903551/profiles/D4903551_076.nc|2024-06-20T16:56:18Z|24.97428|-86.63410,aoml/4903551/profiles/D4903551_076.nc,4903551,4903551,24.97428,-86.6341,2024-06-20T16:56:18Z,20240620,2024,1011,1.04,2011.52,41.9976,True,True,True,https://noaa-nws-rtofs-pds.s3.amazonaws.com/rtofs.20240620/rtofs_glo_3dz_f006_6hrly_hvr_US_east.nc
ARGO_GDAC,pfl,aoml/4903551/profiles/D4903551_076.nc|2024-06-20T16:56:18Z|24.97428|-86.63410,aoml/4903551/profiles/D4903551_076.nc,4903551,4903551,24.97428,-86.6341,2024-06-20T16:56:18Z,20240620,2024,759,0.64,99.96,42.2608,True,True,True,https://noaa-nws-rtofs-pds.s3.amazonaws.com/rtofs.20240620/rtofs_glo_3dz_f006_6hrly_hvr_US_east.nc
ARGO_GDAC,pfl,aoml/4903551/profiles/D4903551_077.nc|2024-06-25T17:42:50Z|24.94090|-86.44611,aoml/4903551/profiles/D4903551_077.nc,4903551,4903551,24.9409,-86.44611,2024-06-25T17:42:50Z,20240625,2024,1010,1.04,2009.8,62.1987,True,True,True,https://noaa-nws-rtofs-pds.s3.amazonaws.com/rtofs.20240625/rtofs_glo_3dz_f006_6hrly_hvr_US_east.nc
ARGO_GDAC,pfl,aoml/4903551/profiles/D4903551_077.nc|2024-06-25T17:42:50Z|24.94090|-86.44611,aoml/4903551/profiles/D4903551_077.nc,4903551,4903551,24.9409,-86.44611,2024-06-25T17:42:50Z,20240625,2024,780,0.64,99.92,61.94,True,True,True,https://noaa-nws-rtofs-pds.s3.amazonaws.com/rtofs.20240625/rtofs_glo_3dz_f006_6hrly_hvr_US_east.nc
ARGO_GDAC,pfl,aoml/4903551/profiles/D4903551_078.nc|2024-06-30T18:33:10Z|24.85732|-86.32897,aoml/4903551/profiles/D4903551_078.nc,4903551,4903551,24.85732,-86.32897,2024-06-30T18:33:10Z,20240630,2024,1011,1.04,2011.16,37.0261,True,True,True,https://noaa-nws-rtofs-pds.s3.amazonaws.com/rtofs.20240630/rtofs_glo_3dz_f006_6hrly_hvr_US_east.nc
ARGO_GDAC,pfl,aoml/4903551/profiles/D4903551_078.nc|2024-06-30T18:33:10Z|24.85732|-86.32897,aoml/4903551/profiles/D4903551_078.nc,4903551,4903551,24.85732,-86.32897,2024-06-30T18:33:10Z,20240630,2024,818,0.6,99.96,37.4985,True,True,True,https://noaa-nws-rtofs-pds.s3.amazonaws.com/rtofs.20240630/rtofs_glo_3dz_f006_6hrly_hvr_US_east.nc
ARGO_GDAC,pfl,aoml/4903551/profiles/D4903551_079.nc|2024-07-05T19:11:26Z|24.65985|-86.04317,aoml/4903551/profiles/D4903551_079.nc,4903551,4903551,24.65985,-86.04317,2024-07-05T19:11:26Z,20240705,2024,1007,1.04,2004.04,29.8728,True,True,True,https://noaa-nws-rtofs-pds.s3.amazonaws.com/rtofs.20240705/rtofs_glo_3dz_f006_6hrly_hvr_US_east.nc
ARGO_GDAC,pfl,aoml/4903551/profiles/D4903551_079.nc|2024-07-05T19:11:26Z|24.65985|-86.04317,aoml/4903551/profiles/D4903551_079.nc,4903551,4903551,24.65985,-86.04317,2024-07-05T19:11:26Z,20240705,2024,774,0.6,100.0,30.0801,True,True,True,https://noaa-nws-rtofs-pds.s3.amazonaws.com/rtofs.20240705/rtofs_glo_3dz_f006_6hrly_hvr_US_east.nc
ARGO_GDAC,pfl,aoml/4903551/profiles/D4903551_080.nc|2024-07-10T19:59:19Z|24.66689|-85.74379,aoml/4903551/profiles/D4903551_080.nc,4903551,4903551,24.66689,-85.74379,2024-07-10T19:59:19Z,20240710,2024,1011,1.0,2011.24,21.3874,True,True,True,https://noaa-nws-rtofs-pds.s3.amazonaws.com/rtofs.20240710/rtofs_glo_3dz_f006_6hrly_hvr_US_east.nc
ARGO_GDAC,pfl,aoml/4903551/profiles/D4903551_080.nc|2024-07-10T19:59:19Z|24.66689|-85.74379,aoml/4903551/profiles/D4903551_080.nc,4903551,4903551,24.66689,-85.74379,2024-07-10T19:59:19Z,20240710,2024,777,0.64,99.88,21.32,True,True,True,https://noaa-nws-rtofs-pds.s3.amazonaws.com/rtofs.20240710/rtofs_glo_3dz_f006_6hrly_hvr_US_east.nc
ARGO_GDAC,pfl,aoml/4903551/profiles/D4903551_081.nc|2024-07-15T20:49:25Z|24.73709|-85.95482,aoml/4903551/profiles/D4903551_081.nc,4903551,4903551,24.73709,-85.95482,2024-07-15T20:49:25Z,20240715,2024,1008,1.04,2005.36,19.6023,True,True,True,https://noaa-nws-rtofs-pds.s3.amazonaws.com/rtofs.20240715/rtofs_glo_3dz_f006_6hrly_hvr_US_east.nc
ARGO_GDAC,pfl,aoml/4903551/profiles/D4903551_081.nc|2024-07-15T20:49:25Z|24.73709|-85.95482,aoml/4903551/profiles/D4903551_081.nc,4903551,4903551,24.73709,-85.95482,2024-07-15T20:49:25Z,20240715,2024,798,0.72,99.84,19.516,True,True,True,https://noaa-nws-rtofs-pds.s3.amazonaws.com/rtofs.20240715/rtofs_glo_3dz_f006_6hrly_hvr_US_east.nc
ARGO_GDAC,pfl,aoml/4903551/profiles/D4903551_082.nc|2024-07-20T21:30:05Z|24.48633|-86.27260,aoml/4903551/profiles/D4903551_082.nc,4903551,4903551,24.48633,-86.2726,2024-07-20T21:30:05Z,20240720,2024,1010,1.08,2009.76,30.3503,True,True,True,https://noaa-nws-rtofs-pds.s3.amazonaws.com/rtofs.20240720/rtofs_glo_3dz_f006_6hrly_hvr_US_east.nc
ARGO_GDAC,pfl,aoml/4903551/profiles/D4903551_082.nc|2024-07-20T21:30:05Z|24.48633|-86.27260,aoml/4903551/profiles/D4903551_082.nc,4903551,4903551,24.48633,-86.2726,2024-07-20T21:30:05Z,20240720,2024,818,0.72,99.96,30.4347,True,True,True,https://noaa-nws-rtofs-pds.s3.amazonaws.com/rtofs.20240720/rtofs_glo_3dz_f006_6hrly_hvr_US_east.nc
ARGO_GDAC,pfl,aoml/4903551/profiles/D4903551_083.nc|2024-07-25T22:31:27Z|24.12039|-86.18405,aoml/4903551/profiles/D4903551_083.nc,4903551,4903551,24.12039,-86.18405,2024-07-25T22:31:27Z,20240725,2024,1010,1.04,2009.08,29.4408,True,True,True,https://noaa-nws-rtofs-pds.s3.amazonaws.com/rtofs.20240725/rtofs_glo_3dz_f006_6hrly_hvr_US_east.nc
ARGO_GDAC,pfl,aoml/4903551/profiles/D4903551_083.nc|2024-07-25T22:31:27Z|24.12039|-86.18405,aoml/4903551/profiles/D4903551_083.nc,4903551,4903551,24.12039,-86.18405,2024-07-25T22:31:27Z,20240725,2024,797,0.64,99.96,29.64,True,True,True,https://noaa-nws-rtofs-pds.s3.amazonaws.com/rtofs.20240725/rtofs_glo_3dz_f006_6hrly_hvr_US_east.nc
ARGO_GDAC,pfl,aoml/4903551/profiles/D4903551_084.nc|2024-07-30T23:15:51Z|23.98386|-86.15492,aoml/4903551/profiles/D4903551_084.nc,4903551,4903551,23.98386,-86.15492,2024-07-30T23:15:51Z,20240730,2024,838,1.0,1665.52,21.9485,True,True,True,https://noaa-nws-rtofs-pds.s3.amazonaws.com/rtofs.20240730/rtofs_glo_3dz_f006_6hrly_hvr_US_east.nc
ARGO_GDAC,pfl,aoml/4903551/profiles/D4903551_084.nc|2024-07-30T23:15:51Z|23.98386|-86.15492,aoml/4903551/profiles/D4903551_084.nc,4903551,4903551,23.98386,-86.15492,2024-07-30T23:15:51Z,20240730,2024,768,0.56,99.88,21.6978,True,True,True,https://noaa-nws-rtofs-pds.s3.amazonaws.com/rtofs.20240730/rtofs_glo_3dz_f006_6hrly_hvr_US_east.nc
ARGO_GDAC,pfl,aoml/4903551/profiles/D4903551_085.nc|2024-08-04T23:48:48Z|23.65716|-86.28825,aoml/4903551/profiles/D4903551_085.nc,4903551,4903551,23.65716,-86.28825,2024-08-04T23:48:48Z,20240804,2024,776,0.92,1541.16,38.8213,True,True,True,https://noaa-nws-rtofs-pds.s3.amazonaws.com/rtofs.20240804/rtofs_glo_3dz_f006_6hrly_hvr_US_east.nc
ARGO_GDAC,pfl,aoml/4903551/profiles/D4903551_085.nc|2024-08-04T23:48:48Z|23.65716|-86.28825,aoml/4903551/profiles/D4903551_085.nc,4903551,4903551,23.65716,-86.28825,2024-08-04T23:48:48Z,20240804,2024,763,0.56,99.96,38.7602,True,True,True,https://noaa-nws-rtofs-pds.s3.amazonaws.com/rtofs.20240804/rtofs_glo_3dz_f006_6hrly_hvr_US_east.nc
ARGO_GDAC,pfl,aoml/4903551/profiles/D4903551_086.nc|2024-08-10T00:54:23Z|23.36628|-86.33837,aoml/4903551/profiles/D4903551_086.nc,4903551,4903551,23.36628,-86.33837,2024-08-10T00:54:23Z,20240810,2024,945,0.48,1877.68,12.6312,True,True,True,https://noaa-nws-rtofs-pds.s3.amazonaws.com/rtofs.20240810/rtofs_glo_3dz_f006_6hrly_hvr_US_east.nc
ARGO_GDAC,pfl,aoml/4903551/profiles/D4903551_086.nc|2024-08-10T00:54:23Z|23.36628|-86.33837,aoml/4903551/profiles/D4903551_086.nc,4903551,4903551,23.36628,-86.33837,2024-08-10T00:54:23Z,20240810,2024,827,0.48,99.96,13.696,True,True,True,https://noaa-nws-rtofs-pds.s3.amazonaws.com/rtofs.20240810/rtofs_glo_3dz_f006_6hrly_hvr_US_east.nc
ARGO_GDAC,pfl,aoml/4903551/profiles/D4903551_088.nc|2024-08-20T07:49:38Z|24.80619|-89.47687,aoml/4903551/profiles/D4903551_088.nc,4903551,4903551,24.80619,-89.47687,2024-08-20T07:49:38Z,20240820,2024,695,1.0,1379.16,16.574,True,True,True,https://noaa-nws-rtofs-pds.s3.amazonaws.com/rtofs.20240820/rtofs_glo_3dz_f006_6hrly_hvr_US_east.nc
ARGO_GDAC,pfl,aoml/4903551/profiles/D4903551_088.nc|2024-08-20T07:49:38Z|24.80619|-89.47687,aoml/4903551/profiles/D4903551_088.nc,4903551,4903551,24.80619,-89.47687,2024-08-20T07:49:38Z,20240820,2024,883,0.56,99.92,17.0377,True,True,True,https://noaa-nws-rtofs-pds.s3.amazonaws.com/rtofs.20240820/rtofs_glo_3dz_f006_6hrly_hvr_US_east.nc
ARGO_GDAC,pfl,aoml/4903551/profiles/D4903551_089.nc|2024-08-25T08:41:18Z|24.92898|-89.41011,aoml/4903551/profiles/D4903551_089.nc,4903551,4903551,24.92898,-89.41011,2024-08-25T08:41:18Z,20240825,2024,1012,1.04,2014.24,28.4089,True,True,True,https://noaa-nws-rtofs-pds.s3.amazonaws.com/rtofs.20240825/rtofs_glo_3dz_f006_6hrly_hvr_US_east.nc
ARGO_GDAC,pfl,aoml/4903551/profiles/D4903551_089.nc|2024-08-25T08:41:18Z|24.92898|-89.41011,aoml/4903551/profiles/D4903551_089.nc,4903551,4903551,24.92898,-89.41011,2024-08-25T08:41:18Z,20240825,2024,899,0.68,99.88,29.0,True,True,True,https://noaa-nws-rtofs-pds.s3.amazonaws.com/rtofs.20240825/rtofs_glo_3dz_f006_6hrly_hvr_US_east.nc
ARGO_GDAC,pfl,aoml/4903551/profiles/D4903551_090.nc|2024-08-30T09:19:46Z|24.93650|-88.86273,aoml/4903551/profiles/D4903551_090.nc,4903551,4903551,24.9365,-88.86273,2024-08-30T09:19:46Z,20240830,2024,1009,0.96,2008.2,16.4123,True,True,True,https://noaa-nws-rtofs-pds.s3.amazonaws.com/rtofs.20240830/rtofs_glo_3dz_f006_6hrly_hvr_US_east.nc
ARGO_GDAC,pfl,aoml/4903551/profiles/D4903551_090.nc|2024-08-30T09:19:46Z|24.93650|-88.86273,aoml/4903551/profiles/D4903551_090.nc,4903551,4903551,24.9365,-88.86273,2024-08-30T09:19:46Z,20240830,2024,860,0.6,99.96,16.9571,True,True,True,https://noaa-nws-rtofs-pds.s3.amazonaws.com/rtofs.20240830/rtofs_glo_3dz_f006_6hrly_hvr_US_east.nc
ARGO_GDAC,pfl,aoml/4903551/profiles/D4903551_091.nc|2024-09-04T10:09:40Z|25.15373|-88.83168,aoml/4903551/profiles/D4903551_091.nc,4903551,4903551,25.15373,-88.83168,2024-09-04T10:09:40Z,20240904,2024,1010,1.04,2009.08,12.4375,True,True,True,https://noaa-nws-rtofs-pds.s3.amazonaws.com/rtofs.20240904/rtofs_glo_3dz_f006_6hrly_hvr_US_east.nc
ARGO_GDAC,pfl,aoml/4903551/profiles/D4903551_091.nc|2024-09-04T10:09:40Z|25.15373|-88.83168,aoml/4903551/profiles/D4903551_091.nc,4903551,4903551,25.15373,-88.83168,2024-09-04T10:09:40Z,20240904,2024,883,0.64,99.92,12.4356,True,True,True,https://noaa-nws-rtofs-pds.s3.amazonaws.com/rtofs.20240904/rtofs_glo_3dz_f006_6hrly_hvr_US_east.nc
ARGO_GDAC,pfl,aoml/4903551/profiles/D4903551_092.nc|2024-09-09T10:52:36Z|25.14327|-88.65295,aoml/4903551/profiles/D4903551_092.nc,4903551,4903551,25.14327,-88.65295,2024-09-09T10:52:36Z,20240909,2024,1009,1.08,2007.96,14.7192,True,True,True,https://noaa-nws-rtofs-pds.s3.amazonaws.com/rtofs.20240909/rtofs_glo_3dz_f006_6hrly_hvr_US_east.nc
ARGO_GDAC,pfl,aoml/4903551/profiles/D4903551_092.nc|2024-09-09T10:52:36Z|25.14327|-88.65295,aoml/4903551/profiles/D4903551_092.nc,4903551,4903551,25.14327,-88.65295,2024-09-09T10:52:36Z,20240909,2024,879,0.68,99.92,15.5458,True,True,True,https://noaa-nws-rtofs-pds.s3.amazonaws.com/rtofs.20240909/rtofs_glo_3dz_f006_6hrly_hvr_US_east.nc
ARGO_GDAC,pfl,aoml/4903551/profiles/D4903551_093.nc|2024-09-14T11:43:43Z|25.25301|-88.52718,aoml/4903551/profiles/D4903551_093.nc,4903551,4903551,25.25301,-88.52718,2024-09-14T11:43:43Z,20240914,2024,1010,1.08,2009.4,20.2476,True,True,True,https://noaa-nws-rtofs-pds.s3.amazonaws.com/rtofs.20240914/rtofs_glo_3dz_f006_6hrly_hvr_US_east.nc
ARGO_GDAC,pfl,aoml/4903551/profiles/D4903551_093.nc|2024-09-14T11:43:43Z|25.25301|-88.52718,aoml/4903551/profiles/D4903551_093.nc,4903551,4903551,25.25301,-88.52718,2024-09-14T11:43:43Z,20240914,2024,908,0.72,99.88,20.655,True,True,True,https://noaa-nws-rtofs-pds.s3.amazonaws.com/rtofs.20240914/rtofs_glo_3dz_f006_6hrly_hvr_US_east.nc
ARGO_GDAC,pfl,aoml/4903551/profiles/D4903551_094.nc|2024-09-19T12:30:28Z|25.31642|-88.69942,aoml/4903551/profiles/D4903551_094.nc,4903551,4903551,25.31642,-88.69942,2024-09-19T12:30:28Z,20240919,2024,1009,1.04,2008.36,21.2784,True,True,True,https://noaa-nws-rtofs-pds.s3.amazonaws.com/rtofs.20240919/rtofs_glo_3dz_f006_6hrly_hvr_US_east.nc
ARGO_GDAC,pfl,aoml/4903551/profiles/D4903551_094.nc|2024-09-19T12:30:28Z|25.31642|-88.69942,aoml/4903551/profiles/D4903551_094.nc,4903551,4903551,25.31642,-88.69942,2024-09-19T12:30:28Z,20240919,2024,925,0.64,99.84,22.0557,True,True,True,https://noaa-nws-rtofs-pds.s3.amazonaws.com/rtofs.20240919/rtofs_glo_3dz_f006_6hrly_hvr_US_east.nc
ARGO_GDAC,pfl,aoml/4903551/profiles/D4903551_095.nc|2024-09-24T13:14:00Z|25.50958|-89.05669,aoml/4903551/profiles/D4903551_095.nc,4903551,4903551,25.50958,-89.05669,2024-09-24T13:14:00Z,20240924,2024,1008,1.08,2005.12,15.2211,True,True,True,https://noaa-nws-rtofs-pds.s3.amazonaws.com/rtofs.20240924/rtofs_glo_3dz_f006_6hrly_hvr_US_east.nc
ARGO_GDAC,pfl,aoml/4903551/profiles/D4903551_095.nc|2024-09-24T13:14:00Z|25.50958|-89.05669,aoml/4903551/profiles/D4903551_095.nc,4903551,4903551,25.50958,-89.05669,2024-09-24T13:14:00Z,20240924,2024,988,0.72,99.92,14.22,True,True,True,https://noaa-nws-rtofs-pds.s3.amazonaws.com/rtofs.20240924/rtofs_glo_3dz_f006_6hrly_hvr_US_east.nc
ARGO_GDAC,pfl,aoml/4903551/profiles/D4903551_096.nc|2024-09-29T14:07:49Z|25.74653|-89.71817,aoml/4903551/profiles/D4903551_096.nc,4903551,4903551,25.74653,-89.71817,2024-09-29T14:07:49Z,20240929,2024,1012,0.48,2011.44,59.8567,True,True,True,https://noaa-nws-rtofs-pds.s3.amazonaws.com/rtofs.20240929/rtofs_glo_3dz_f006_6hrly_hvr_US_east.nc
ARGO_GDAC,pfl,aoml/4903551/profiles/D4903551_096.nc|2024-09-29T14:07:49Z|25.74653|-89.71817,aoml/4903551/profiles/D4903551_096.nc,4903551,4903551,25.74653,-89.71817,2024-09-29T14:07:49Z,20240929,2024,838,0.48,99.96,59.8399,True,True,True,https://noaa-nws-rtofs-pds.s3.amazonaws.com/rtofs.20240929/rtofs_glo_3dz_f006_6hrly_hvr_US_east.nc
ARGO_GDAC,pfl,aoml/4903551/profiles/D4903551_097.nc|2024-10-04T14:48:19Z|25.71311|-90.59803,aoml/4903551/profiles/D4903551_097.nc,4903551,4903551,25.71311,-90.59803,2024-10-04T14:48:19Z,20241004,2024,1009,1.0,2007.92,65.0869,True,True,True,https://noaa-nws-rtofs-pds.s3.amazonaws.com/rtofs.20241004/rtofs_glo_3dz_f006_6hrly_hvr_US_east.nc
ARGO_GDAC,pfl,aoml/4903551/profiles/D4903551_097.nc|2024-10-04T14:48:19Z|25.71311|-90.59803,aoml/4903551/profiles/D4903551_097.nc,4903551,4903551,25.71311,-90.59803,2024-10-04T14:48:19Z,20241004,2024,745,0.64,100.0,65.7069,True,True,True,https://noaa-nws-rtofs-pds.s3.amazonaws.com/rtofs.20241004/rtofs_glo_3dz_f006_6hrly_hvr_US_east.nc
ARGO_GDAC,pfl,aoml/4903551/profiles/D4903551_098.nc|2024-10-09T15:35:10Z|25.34834|-91.11342,aoml/4903551/profiles/D4903551_098.nc,4903551,4903551,25.34834,-91.11342,2024-10-09T15:35:10Z,20241009,2024,1007,1.0,2004.2,72.2899,True,True,True,https://noaa-nws-rtofs-pds.s3.amazonaws.com/rtofs.20241009/rtofs_glo_3dz_f006_6hrly_hvr_US_east.nc
ARGO_GDAC,pfl,aoml/4903551/profiles/D4903551_098.nc|2024-10-09T15:35:10Z|25.34834|-91.11342,aoml/4903551/profiles/D4903551_098.nc,4903551,4903551,25.34834,-91.11342,2024-10-09T15:35:10Z,20241009,2024,778,0.6,99.96,72.8675,True,True,True,https://noaa-nws-rtofs-pds.s3.amazonaws.com/rtofs.20241009/rtofs_glo_3dz_f006_6hrly_hvr_US_east.nc
ARGO_GDAC,pfl,aoml/4903551/profiles/D4903551_099.nc|2024-10-14T16:22:15Z|25.28580|-91.38809,aoml/4903551/profiles/D4903551_099.nc,4903551,4903551,25.2858,-91.38809,2024-10-14T16:22:15Z,20241014,2024,1009,1.0,2007.44,80.1472,True,True,True,https://noaa-nws-rtofs-pds.s3.amazonaws.com/rtofs.20241014/rtofs_glo_3dz_f006_6hrly_hvr_US_east.nc
ARGO_GDAC,pfl,aoml/4903551/profiles/D4903551_099.nc|2024-10-14T16:22:15Z|25.28580|-91.38809,aoml/4903551/profiles/D4903551_099.nc,4903551,4903551,25.2858,-91.38809,2024-10-14T16:22:15Z,20241014,2024,738,0.64,99.96,80.5253,True,True,True,https://noaa-nws-rtofs-pds.s3.amazonaws.com/rtofs.20241014/rtofs_glo_3dz_f006_6hrly_hvr_US_east.nc
ARGO_GDAC,pfl,aoml/4903551/profiles/D4903551_100.nc|2024-10-19T17:12:46Z|25.35969|-91.61267,aoml/4903551/profiles/D4903551_100.nc,4903551,4903551,25.35969,-91.61267,2024-10-19T17:12:46Z,20241019,2024,1011,1.08,2011.04,72.1713,True,True,True,https://noaa-nws-rtofs-pds.s3.amazonaws.com/rtofs.20241019/rtofs_glo_3dz_f006_6hrly_hvr_US_east.nc
ARGO_GDAC,pfl,aoml/4903551/profiles/D4903551_100.nc|2024-10-19T17:12:46Z|25.35969|-91.61267,aoml/4903551/profiles/D4903551_100.nc,4903551,4903551,25.35969,-91.61267,2024-10-19T17:12:46Z,20241019,2024,732,0.88,100.0,72.6391,True,True,True,https://noaa-nws-rtofs-pds.s3.amazonaws.com/rtofs.20241019/rtofs_glo_3dz_f006_6hrly_hvr_US_east.nc
ARGO_GDAC,pfl,aoml/4903551/profiles/D4903551_101.nc|2024-10-24T18:01:46Z|25.25568|-91.31725,aoml/4903551/profiles/D4903551_101.nc,4903551,4903551,25.25568,-91.31725,2024-10-24T18:01:46Z,20241024,2024,1012,0.96,2013.48,88.3789,True,True,True,https://noaa-nws-rtofs-pds.s3.amazonaws.com/rtofs.20241024/rtofs_glo_3dz_f006_6hrly_hvr_US_east.nc
ARGO_GDAC,pfl,aoml/4903551/profiles/D4903551_101.nc|2024-10-24T18:01:46Z|25.25568|-91.31725,aoml/4903551/profiles/D4903551_101.nc,4903551,4903551,25.25568,-91.31725,2024-10-24T18:01:46Z,20241024,2024,761,0.6,100.0,89.0501,True,True,True,https://noaa-nws-rtofs-pds.s3.amazonaws.com/rtofs.20241024/rtofs_glo_3dz_f006_6hrly_hvr_US_east.nc
ARGO_GDAC,pfl,aoml/4903551/profiles/D4903551_102.nc|2024-10-29T18:43:40Z|25.31705|-90.95651,aoml/4903551/profiles/D4903551_102.nc,4903551,4903551,25.31705,-90.95651,2024-10-29T18:43:40Z,20241029,2024,1009,1.04,2007.76,78.3743,True,True,True,https://noaa-nws-rtofs-pds.s3.amazonaws.com/rtofs.20241029/rtofs_glo_3dz_f006_6hrly_hvr_US_east.nc
ARGO_GDAC,pfl,aoml/4903551/profiles/D4903551_102.nc|2024-10-29T18:43:40Z|25.31705|-90.95651,aoml/4903551/profiles/D4903551_102.nc,4903551,4903551,25.31705,-90.95651,2024-10-29T18:43:40Z,20241029,2024,807,0.68,99.96,79.1819,True,True,True,https://noaa-nws-rtofs-pds.s3.amazonaws.com/rtofs.20241029/rtofs_glo_3dz_f006_6hrly_hvr_US_east.nc
ARGO_GDAC,pfl,aoml/4903551/profiles/D4903551_103.nc|2024-11-03T19:28:33Z|25.53992|-91.08753,aoml/4903551/profiles/D4903551_103.nc,4903551,4903551,25.53992,-91.08753,2024-11-03T19:28:33Z,20241103,2024,1011,1.0,2011.32,91.4618,True,True,True,https://noaa-nws-rtofs-pds.s3.amazonaws.com/rtofs.20241103/rtofs_glo_3dz_f006_6hrly_hvr_US_east.nc
ARGO_GDAC,pfl,aoml/4903551/profiles/D4903551_103.nc|2024-11-03T19:28:33Z|25.53992|-91.08753,aoml/4903551/profiles/D4903551_103.nc,4903551,4903551,25.53992,-91.08753,2024-11-03T19:28:33Z,20241103,2024,723,0.52,99.88,92.0655,True,True,True,https://noaa-nws-rtofs-pds.s3.amazonaws.com/rtofs.20241103/rtofs_glo_3dz_f006_6hrly_hvr_US_east.nc
ARGO_GDAC,pfl,aoml/4903551/profiles/D4903551_104.nc|2024-11-08T20:13:58Z|25.56631|-91.42072,aoml/4903551/profiles/D4903551_104.nc,4903551,4903551,25.56631,-91.42072,2024-11-08T20:13:58Z,20241108,2024,1008,0.48,2003.44,92.6122,True,True,True,https://noaa-nws-rtofs-pds.s3.amazonaws.com/rtofs.20241108/rtofs_glo_3dz_f006_6hrly_hvr_US_east.nc
ARGO_GDAC,pfl,aoml/4903551/profiles/D4903551_104.nc|2024-11-08T20:13:58Z|25.56631|-91.42072,aoml/4903551/profiles/D4903551_104.nc,4903551,4903551,25.56631,-91.42072,2024-11-08T20:13:58Z,20241108,2024,821,0.48,100.0,93.5882,True,True,True,https://noaa-nws-rtofs-pds.s3.amazonaws.com/rtofs.20241108/rtofs_glo_3dz_f006_6hrly_hvr_US_east.nc
ARGO_GDAC,pfl,aoml/4903551/profiles/D4903551_105.nc|2024-11-13T21:12:59Z|25.49643|-91.66288,aoml/4903551/profiles/D4903551_105.nc,4903551,4903551,25.49643,-91.66288,2024-11-13T21:12:59Z,20241113,2024,1007,1.0,2003.48,90.1036,True,True,True,https://noaa-nws-rtofs-pds.s3.amazonaws.com/rtofs.20241113/rtofs_glo_3dz_f006_6hrly_hvr_US_east.nc
ARGO_GDAC,pfl,aoml/4903551/profiles/D4903551_105.nc|2024-11-13T21:12:59Z|25.49643|-91.66288,aoml/4903551/profiles/D4903551_105.nc,4903551,4903551,25.49643,-91.66288,2024-11-13T21:12:59Z,20241113,2024,836,0.56,99.96,90.2473,True,True,True,https://noaa-nws-rtofs-pds.s3.amazonaws.com/rtofs.20241113/rtofs_glo_3dz_f006_6hrly_hvr_US_east.nc
ARGO_GDAC,pfl,aoml/4903551/profiles/D4903551_106.nc|2024-11-18T21:58:18Z|25.49108|-91.64674,aoml/4903551/profiles/D4903551_106.nc,4903551,4903551,25.49108,-91.64674,2024-11-18T21:58:18Z,20241118,2024,1011,1.04,2011.6,102.0815,True,False,True,https://noaa-nws-rtofs-pds.s3.amazonaws.com/rtofs.20241118/rtofs_glo_3dz_f006_6hrly_hvr_US_east.nc
ARGO_GDAC,pfl,aoml/4903551/profiles/D4903551_106.nc|2024-11-18T21:58:18Z|25.49108|-91.64674,aoml/4903551/profiles/D4903551_106.nc,4903551,4903551,25.49108,-91.64674,2024-11-18T21:58:18Z,20241118,2024,710,0.76,99.88,,False,False,True,https://noaa-nws-rtofs-pds.s3.amazonaws.com/rtofs.20241118/rtofs_glo_3dz_f006_6hrly_hvr_US_east.nc
ARGO_GDAC,pfl,aoml/4903551/profiles/D4903551_107.nc|2024-11-23T22:42:19Z|25.53052|-91.43039,aoml/4903551/profiles/D4903551_107.nc,4903551,4903551,25.53052,-91.43039,2024-11-23T22:42:19Z,20241123,2024,1007,0.92,2004.32,82.1226,True,True,True,https://noaa-nws-rtofs-pds.s3.amazonaws.com/rtofs.20241123/rtofs_glo_3dz_f006_6hrly_hvr_US_east.nc
ARGO_GDAC,pfl,aoml/4903551/profiles/D4903551_107.nc|2024-11-23T22:42:19Z|25.53052|-91.43039,aoml/4903551/profiles/D4903551_107.nc,4903551,4903551,25.53052,-91.43039,2024-11-23T22:42:19Z,20241123,2024,810,0.56,99.92,82.7829,True,True,True,https://noaa-nws-rtofs-pds.s3.amazonaws.com/rtofs.20241123/rtofs_glo_3dz_f006_6hrly_hvr_US_east.nc
ARGO_GDAC,pfl,aoml/4903551/profiles/D4903551_108.nc|2024-11-28T23:30:28Z|25.52244|-91.57738,aoml/4903551/profiles/D4903551_108.nc,4903551,4903551,25.52244,-91.57738,2024-11-28T23:30:28Z,20241128,2024,1009,0.4,2005.88,73.9834,True,True,True,https://noaa-nws-rtofs-pds.s3.amazonaws.com/rtofs.20241128/rtofs_glo_3dz_f006_6hrly_hvr_US_east.nc
ARGO_GDAC,pfl,aoml/4903551/profiles/D4903551_108.nc|2024-11-28T23:30:28Z|25.52244|-91.57738,aoml/4903551/profiles/D4903551_108.nc,4903551,4903551,25.52244,-91.57738,2024-11-28T23:30:28Z,20241128,2024,765,0.4,99.92,74.32,True,True,True,https://noaa-nws-rtofs-pds.s3.amazonaws.com/rtofs.20241128/rtofs_glo_3dz_f006_6hrly_hvr_US_east.nc
ARGO_GDAC,pfl,aoml/4903551/profiles/D4903551_109.nc|2024-12-04T00:13:29Z|25.65688|-92.02115,aoml/4903551/profiles/D4903551_109.nc,4903551,4903551,25.65688,-92.02115,2024-12-04T00:13:29Z,20241204,2024,1008,1.08,2005.08,77.382,True,True,True,https://noaa-nws-rtofs-pds.s3.amazonaws.com/rtofs.20241204/rtofs_glo_3dz_f006_6hrly_hvr_US_east.nc
ARGO_GDAC,pfl,aoml/4903551/profiles/D4903551_109.nc|2024-12-04T00:13:29Z|25.65688|-92.02115,aoml/4903551/profiles/D4903551_109.nc,4903551,4903551,25.65688,-92.02115,2024-12-04T00:13:29Z,20241204,2024,761,0.72,99.88,77.9262,True,True,True,https://noaa-nws-rtofs-pds.s3.amazonaws.com/rtofs.20241204/rtofs_glo_3dz_f006_6hrly_hvr_US_east.nc
ARGO_GDAC,pfl,aoml/4903551/profiles/D4903551_110.nc|2024-12-09T00:55:20Z|25.77240|-92.07048,aoml/4903551/profiles/D4903551_110.nc,4903551,4903551,25.7724,-92.07048,2024-12-09T00:55:20Z,20241209,2024,1010,0.48,2007.36,85.2099,True,True,True,https://noaa-nws-rtofs-pds.s3.amazonaws.com/rtofs.20241209/rtofs_glo_3dz_f006_6hrly_hvr_US_east.nc
ARGO_GDAC,pfl,aoml/4903551/profiles/D4903551_110.nc|2024-12-09T00:55:20Z|25.77240|-92.07048,aoml/4903551/profiles/D4903551_110.nc,4903551,4903551,25.7724,-92.07048,2024-12-09T00:55:20Z,20241209,2024,699,0.48,99.88,84.9104,True,True,True,https://noaa-nws-rtofs-pds.s3.amazonaws.com/rtofs.20241209/rtofs_glo_3dz_f006_6hrly_hvr_US_east.nc
ARGO_GDAC,pfl,aoml/4903551/profiles/D4903551_111.nc|2024-12-14T01:34:08Z|25.64827|-91.55810,aoml/4903551/profiles/D4903551_111.nc,4903551,4903551,25.64827,-91.5581,2024-12-14T01:34:08Z,20241214,2024,1013,1.0,2015.4,90.1762,True,True,True,https://noaa-nws-rtofs-pds.s3.amazonaws.com/rtofs.20241214/rtofs_glo_3dz_f006_6hrly_hvr_US_east.nc
ARGO_GDAC,pfl,aoml/4903551/profiles/D4903551_111.nc|2024-12-14T01:34:08Z|25.64827|-91.55810,aoml/4903551/profiles/D4903551_111.nc,4903551,4903551,25.64827,-91.5581,2024-12-14T01:34:08Z,20241214,2024,729,0.6,99.96,89.6996,True,True,True,https://noaa-nws-rtofs-pds.s3.amazonaws.com/rtofs.20241214/rtofs_glo_3dz_f006_6hrly_hvr_US_east.nc
ARGO_GDAC,pfl,aoml/4903551/profiles/D4903551_112.nc|2024-12-19T02:08:35Z|25.81709|-91.59468,aoml/4903551/profiles/D4903551_112.nc,4903551,4903551,25.81709,-91.59468,2024-12-19T02:08:35Z,20241219,2024,1007,0.96,2003.96,78.1762,True,True,True,https://noaa-nws-rtofs-pds.s3.amazonaws.com/rtofs.20241219/rtofs_glo_3dz_f006_6hrly_hvr_US_east.nc
ARGO_GDAC,pfl,aoml/4903551/profiles/D4903551_112.nc|2024-12-19T02:08:35Z|25.81709|-91.59468,aoml/4903551/profiles/D4903551_112.nc,4903551,4903551,25.81709,-91.59468,2024-12-19T02:08:35Z,20241219,2024,781,0.56,99.96,78.6078,True,True,True,https://noaa-nws-rtofs-pds.s3.amazonaws.com/rtofs.20241219/rtofs_glo_3dz_f006_6hrly_hvr_US_east.nc
ARGO_GDAC,pfl,aoml/4903551/profiles/D4903551_113.nc|2024-12-24T02:52:43Z|25.59776|-92.16293,aoml/4903551/profiles/D4903551_113.nc,4903551,4903551,25.59776,-92.16293,2024-12-24T02:52:43Z,20241224,2024,1012,0.36,2012.32,93.2553,True,True,True,https://noaa-nws-rtofs-pds.s3.amazonaws.com/rtofs.20241224/rtofs_glo_3dz_f006_6hrly_hvr_US_east.nc
ARGO_GDAC,pfl,aoml/4903551/profiles/D4903551_113.nc|2024-12-24T02:52:43Z|25.59776|-92.16293,aoml/4903551/profiles/D4903551_113.nc,4903551,4903551,25.59776,-92.16293,2024-12-24T02:52:43Z,20241224,2024,712,0.36,99.88,93.4692,True,True,True,https://noaa-nws-rtofs-pds.s3.amazonaws.com/rtofs.20241224/rtofs_glo_3dz_f006_6hrly_hvr_US_east.nc
ARGO_GDAC,pfl,aoml/4903551/profiles/D4903551_114.nc|2024-12-29T03:38:46Z|25.64989|-92.37455,aoml/4903551/profiles/D4903551_114.nc,4903551,4903551,25.64989,-92.37455,2024-12-29T03:38:46Z,20241229,2024,1007,1.0,2004.08,71.0606,True,True,True,https://noaa-nws-rtofs-pds.s3.amazonaws.com/rtofs.20241229/rtofs_glo_3dz_f006_6hrly_hvr_US_east.nc
ARGO_GDAC,pfl,aoml/4903551/profiles/D4903551_114.nc|2024-12-29T03:38:46Z|25.64989|-92.37455,aoml/4903551/profiles/D4903551_114.nc,4903551,4903551,25.64989,-92.37455,2024-12-29T03:38:46Z,20241229,2024,804,0.64,100.0,70.91,True,True,True,https://noaa-nws-rtofs-pds.s3.amazonaws.com/rtofs.20241229/rtofs_glo_3dz_f006_6hrly_hvr_US_east.nc
ARGO_GDAC,pfl,aoml/4903551/profiles/D4903551_115.nc|2025-01-03T04:27:30Z|26.13321|-93.31682,aoml/4903551/profiles/D4903551_115.nc,4903551,4903551,26.13321,-93.31682,2025-01-03T04:27:30Z,20250103,2025,1010,1.04,2009.56,97.0472,True,True,True,https://noaa-nws-rtofs-pds.s3.amazonaws.com/rtofs.20250103/rtofs_glo_3dz_f006_6hrly_hvr_US_east.nc
ARGO_GDAC,pfl,aoml/4903551/profiles/D4903551_115.nc|2025-01-03T04:27:30Z|26.13321|-93.31682,aoml/4903551/profiles/D4903551_115.nc,4903551,4903551,26.13321,-93.31682,2025-01-03T04:27:30Z,20250103,2025,692,0.72,99.92,97.3923,True,True,True,https://noaa-nws-rtofs-pds.s3.amazonaws.com/rtofs.20250103/rtofs_glo_3dz_f006_6hrly_hvr_US_east.nc
ARGO_GDAC,pfl,aoml/4903551/profiles/D4903551_116.nc|2025-01-08T05:10:37Z|26.09543|-94.00087,aoml/4903551/profiles/D4903551_116.nc,4903551,4903551,26.09543,-94.00087,2025-01-08T05:10:37Z,20250108,2025,1009,0.44,2005.44,146.6348,True,False,True,https://noaa-nws-rtofs-pds.s3.amazonaws.com/rtofs.20250108/rtofs_glo_3dz_f006_6hrly_hvr_US_east.nc
ARGO_GDAC,pfl,aoml/4903551/profiles/D4903551_116.nc|2025-01-08T05:10:37Z|26.09543|-94.00087,aoml/4903551/profiles/D4903551_116.nc,4903551,4903551,26.09543,-94.00087,2025-01-08T05:10:37Z,20250108,2025,560,0.44,99.92,,False,False,True,https://noaa-nws-rtofs-pds.s3.amazonaws.com/rtofs.20250108/rtofs_glo_3dz_f006_6hrly_hvr_US_east.nc
ARGO_GDAC,pfl,aoml/4903551/profiles/D4903551_117.nc|2025-01-13T05:56:16Z|25.89693|-94.44957,aoml/4903551/profiles/D4903551_117.nc,4903551,4903551,25.89693,-94.44957,2025-01-13T05:56:16Z,20250113,2025,1012,1.04,2013.84,153.7308,True,False,True,https://noaa-nws-rtofs-pds.s3.amazonaws.com/rtofs.20250113/rtofs_glo_3dz_f006_6hrly_hvr_US_east.nc
ARGO_GDAC,pfl,aoml/4903551/profiles/D4903551_117.nc|2025-01-13T05:56:16Z|25.89693|-94.44957,aoml/4903551/profiles/D4903551_117.nc,4903551,4903551,25.89693,-94.44957,2025-01-13T05:56:16Z,20250113,2025,712,0.6,99.88,,False,False,True,https://noaa-nws-rtofs-pds.s3.amazonaws.com/rtofs.20250113/rtofs_glo_3dz_f006_6hrly_hvr_US_east.nc
ARGO_GDAC,pfl,aoml/4903551/profiles/D4903551_118.nc|2025-01-18T06:49:37Z|25.79373|-94.48822,aoml/4903551/profiles/D4903551_118.nc,4903551,4903551,25.79373,-94.48822,2025-01-18T06:49:37Z,20250118,2025,1012,1.0,2013.4,142.0727,True,False,True,https://noaa-nws-rtofs-pds.s3.amazonaws.com/rtofs.20250118/rtofs_glo_3dz_f006_6hrly_hvr_US_east.nc
ARGO_GDAC,pfl,aoml/4903551/profiles/D4903551_118.nc|2025-01-18T06:49:37Z|25.79373|-94.48822,aoml/4903551/profiles/D4903551_118.nc,4903551,4903551,25.79373,-94.48822,2025-01-18T06:49:37Z,20250118,2025,852,0.6,99.96,,False,False,True,https://noaa-nws-rtofs-pds.s3.amazonaws.com/rtofs.20250118/rtofs_glo_3dz_f006_6hrly_hvr_US_east.nc
ARGO_GDAC,pfl,aoml/4903551/profiles/D4903551_119.nc|2025-01-23T07:30:35Z|25.76817|-94.90952,aoml/4903551/profiles/D4903551_119.nc,4903551,4903551,25.76817,-94.90952,2025-01-23T07:30:35Z,20250123,2025,1008,1.0,2006.12,155.2871,True,False,True,https://noaa-nws-rtofs-pds.s3.amazonaws.com/rtofs.20250123/rtofs_glo_3dz_f006_6hrly_hvr_US_east.nc
ARGO_GDAC,pfl,aoml/4903551/profiles/D4903551_119.nc|2025-01-23T07:30:35Z|25.76817|-94.90952,aoml/4903551/profiles/D4903551_119.nc,4903551,4903551,25.76817,-94.90952,2025-01-23T07:30:35Z,20250123,2025,641,0.6,99.96,,False,False,True,https://noaa-nws-rtofs-pds.s3.amazonaws.com/rtofs.20250123/rtofs_glo_3dz_f006_6hrly_hvr_US_east.nc
ARGO_GDAC,pfl,aoml/4903551/profiles/D4903551_120.nc|2025-01-28T08:10:10Z|25.13491|-95.39043,aoml/4903551/profiles/D4903551_120.nc,4903551,4903551,25.13491,-95.39043,2025-01-28T08:10:10Z,20250128,2025,1012,0.44,2011.16,111.6631,True,False,True,https://noaa-nws-rtofs-pds.s3.amazonaws.com/rtofs.20250128/rtofs_glo_3dz_f006_6hrly_hvr_US_east.nc
ARGO_GDAC,pfl,aoml/4903551/profiles/D4903551_120.nc|2025-01-28T08:10:10Z|25.13491|-95.39043,aoml/4903551/profiles/D4903551_120.nc,4903551,4903551,25.13491,-95.39043,2025-01-28T08:10:10Z,20250128,2025,827,0.44,100.0,,False,False,True,https://noaa-nws-rtofs-pds.s3.amazonaws.com/rtofs.20250128/rtofs_glo_3dz_f006_6hrly_hvr_US_east.nc
ARGO_GDAC,pfl,aoml/4903551/profiles/D4903551_121.nc|2025-02-02T09:07:29Z|24.62018|-95.50330,aoml/4903551/profiles/D4903551_121.nc,4903551,4903551,24.62018,-95.5033,2025-02-02T09:07:29Z,20250202,2025,1011,1.04,2011.48,85.9396,True,True,True,https://noaa-nws-rtofs-pds.s3.amazonaws.com/rtofs.20250202/rtofs_glo_3dz_f006_6hrly_hvr_US_east.nc
ARGO_GDAC,pfl,aoml/4903551/profiles/D4903551_121.nc|2025-02-02T09:07:29Z|24.62018|-95.50330,aoml/4903551/profiles/D4903551_121.nc,4903551,4903551,24.62018,-95.5033,2025-02-02T09:07:29Z,20250202,2025,871,0.64,99.96,85.815,True,True,True,https://noaa-nws-rtofs-pds.s3.amazonaws.com/rtofs.20250202/rtofs_glo_3dz_f006_6hrly_hvr_US_east.nc
ARGO_GDAC,pfl,aoml/4903551/profiles/D4903551_122.nc|2025-02-07T10:00:02Z|24.67984|-95.57169,aoml/4903551/profiles/D4903551_122.nc,4903551,4903551,24.67984,-95.57169,2025-02-07T10:00:02Z,20250207,2025,1011,1.12,2011.36,35.0199,True,True,True,https://noaa-nws-rtofs-pds.s3.amazonaws.com/rtofs.20250207/rtofs_glo_3dz_f006_6hrly_hvr_US_east.nc
ARGO_GDAC,pfl,aoml/4903551/profiles/D4903551_122.nc|2025-02-07T10:00:02Z|24.67984|-95.57169,aoml/4903551/profiles/D4903551_122.nc,4903551,4903551,24.67984,-95.57169,2025-02-07T10:00:02Z,20250207,2025,887,0.76,99.92,36.1067,True,True,True,https://noaa-nws-rtofs-pds.s3.amazonaws.com/rtofs.20250207/rtofs_glo_3dz_f006_6hrly_hvr_US_east.nc
ARGO_GDAC,pfl,aoml/4903551/profiles/D4903551_123.nc|2025-02-12T10:48:14Z|24.90576|-95.39948,aoml/4903551/profiles/D4903551_123.nc,4903551,4903551,24.90576,-95.39948,2025-02-12T10:48:14Z,20250212,2025,1012,0.32,2011.4,40.7828,True,True,True,https://noaa-nws-rtofs-pds.s3.amazonaws.com/rtofs.20250212/rtofs_glo_3dz_f006_6hrly_hvr_US_east.nc
ARGO_GDAC,pfl,aoml/4903551/profiles/D4903551_123.nc|2025-02-12T10:48:14Z|24.90576|-95.39948,aoml/4903551/profiles/D4903551_123.nc,4903551,4903551,24.90576,-95.39948,2025-02-12T10:48:14Z,20250212,2025,741,0.24,100.0,40.4185,True,True,True,https://noaa-nws-rtofs-pds.s3.amazonaws.com/rtofs.20250212/rtofs_glo_3dz_f006_6hrly_hvr_US_east.nc
ARGO_GDAC,pfl,aoml/4903551/profiles/D4903551_124.nc|2025-02-17T11:40:26Z|25.13527|-95.27358,aoml/4903551/profiles/D4903551_124.nc,4903551,4903551,25.13527,-95.27358,2025-02-17T11:40:26Z,20250217,2025,1011,1.0,2011.32,67.9599,True,True,True,https://noaa-nws-rtofs-pds.s3.amazonaws.com/rtofs.20250217/rtofs_glo_3dz_f006_6hrly_hvr_US_east.nc
ARGO_GDAC,pfl,aoml/4903551/profiles/D4903551_124.nc|2025-02-17T11:40:26Z|25.13527|-95.27358,aoml/4903551/profiles/D4903551_124.nc,4903551,4903551,25.13527,-95.27358,2025-02-17T11:40:26Z,20250217,2025,756,0.68,99.84,67.95,True,True,True,https://noaa-nws-rtofs-pds.s3.amazonaws.com/rtofs.20250217/rtofs_glo_3dz_f006_6hrly_hvr_US_east.nc
ARGO_GDAC,pfl,aoml/4903551/profiles/D4903551_125.nc|2025-02-22T12:20:05Z|24.86660|-95.49289,aoml/4903551/profiles/D4903551_125.nc,4903551,4903551,24.8666,-95.49289,2025-02-22T12:20:05Z,20250222,2025,1011,1.08,2011.28,112.9843,True,False,True,https://noaa-nws-rtofs-pds.s3.amazonaws.com/rtofs.20250222/rtofs_glo_3dz_f006_6hrly_hvr_US_east.nc
ARGO_GDAC,pfl,aoml/4903551/profiles/D4903551_125.nc|2025-02-22T12:20:05Z|24.86660|-95.49289,aoml/4903551/profiles/D4903551_125.nc,4903551,4903551,24.8666,-95.49289,2025-02-22T12:20:05Z,20250222,2025,841,0.64,99.96,,False,False,True,https://noaa-nws-rtofs-pds.s3.amazonaws.com/rtofs.20250222/rtofs_glo_3dz_f006_6hrly_hvr_US_east.nc
ARGO_GDAC,pfl,aoml/4903551/profiles/D4903551_126.nc|2025-02-27T13:04:19Z|24.40910|-95.78332,aoml/4903551/profiles/D4903551_126.nc,4903551,4903551,24.4091,-95.78332,2025-02-27T13:04:19Z,20250227,2025,1008,0.48,2004.4,106.1482,True,False,True,https://noaa-nws-rtofs-pds.s3.amazonaws.com/rtofs.20250227/rtofs_glo_3dz_f006_6hrly_hvr_US_east.nc
ARGO_GDAC,pfl,aoml/4903551/profiles/D4903551_126.nc|2025-02-27T13:04:19Z|24.40910|-95.78332,aoml/4903551/profiles/D4903551_126.nc,4903551,4903551,24.4091,-95.78332,2025-02-27T13:04:19Z,20250227,2025,756,0.48,99.96,,False,False,True,https://noaa-nws-rtofs-pds.s3.amazonaws.com/rtofs.20250227/rtofs_glo_3dz_f006_6hrly_hvr_US_east.nc
ARGO_GDAC,pfl,aoml/4903551/profiles/D4903551_127.nc|2025-03-04T13:41:40Z|23.85483|-95.86333,aoml/4903551/profiles/D4903551_127.nc,4903551,4903551,23.85483,-95.86333,2025-03-04T13:41:40Z,20250304,2025,1012,1.04,2014.2,37.1335,True,True,True,https://noaa-nws-rtofs-pds.s3.amazonaws.com/rtofs.20250304/rtofs_glo_3dz_f006_6hrly_hvr_US_east.nc
ARGO_GDAC,pfl,aoml/4903551/profiles/D4903551_127.nc|2025-03-04T13:41:40Z|23.85483|-95.86333,aoml/4903551/profiles/D4903551_127.nc,4903551,4903551,23.85483,-95.86333,2025-03-04T13:41:40Z,20250304,2025,880,0.56,99.84,37.2168,True,True,True,https://noaa-nws-rtofs-pds.s3.amazonaws.com/rtofs.20250304/rtofs_glo_3dz_f006_6hrly_hvr_US_east.nc
ARGO_GDAC,pfl,aoml/4903551/profiles/D4903551_128.nc|2025-03-09T14:35:16Z|23.60056|-95.99148,aoml/4903551/profiles/D4903551_128.nc,4903551,4903551,23.60056,-95.99148,2025-03-09T14:35:16Z,20250309,2025,1011,0.96,2012.08,52.691,True,True,True,https://noaa-nws-rtofs-pds.s3.amazonaws.com/rtofs.20250309/rtofs_glo_3dz_f006_6hrly_hvr_US_east.nc
ARGO_GDAC,pfl,aoml/4903551/profiles/D4903551_128.nc|2025-03-09T14:35:16Z|23.60056|-95.99148,aoml/4903551/profiles/D4903551_128.nc,4903551,4903551,23.60056,-95.99148,2025-03-09T14:35:16Z,20250309,2025,794,0.56,99.88,52.5976,True,True,True,https://noaa-nws-rtofs-pds.s3.amazonaws.com/rtofs.20250309/rtofs_glo_3dz_f006_6hrly_hvr_US_east.nc
ARGO_GDAC,pfl,aoml/4903551/profiles/D4903551_129.nc|2025-03-14T15:23:04Z|23.59705|-96.01568,aoml/4903551/profiles/D4903551_129.nc,4903551,4903551,23.59705,-96.01568,2025-03-14T15:23:04Z,20250314,2025,1009,1.04,2007.44,58.5921,True,True,True,https://noaa-nws-rtofs-pds.s3.amazonaws.com/rtofs.20250314/rtofs_glo_3dz_f006_6hrly_hvr_US_east.nc
ARGO_GDAC,pfl,aoml/4903551/profiles/D4903551_129.nc|2025-03-14T15:23:04Z|23.59705|-96.01568,aoml/4903551/profiles/D4903551_129.nc,4903551,4903551,23.59705,-96.01568,2025-03-14T15:23:04Z,20250314,2025,796,0.68,99.96,59.1138,True,True,True,https://noaa-nws-rtofs-pds.s3.amazonaws.com/rtofs.20250314/rtofs_glo_3dz_f006_6hrly_hvr_US_east.nc
ARGO_GDAC,pfl,aoml/4903551/profiles/D4903551_130.nc|2025-03-19T16:10:26Z|23.64493|-96.03391,aoml/4903551/profiles/D4903551_130.nc,4903551,4903551,23.64493,-96.03391,2025-03-19T16:10:26Z,20250319,2025,1012,0.96,2013.28,69.0323,True,True,True,https://noaa-nws-rtofs-pds.s3.amazonaws.com/rtofs.20250319/rtofs_glo_3dz_f006_6hrly_hvr_US_east.nc
ARGO_GDAC,pfl,aoml/4903551/profiles/D4903551_130.nc|2025-03-19T16:10:26Z|23.64493|-96.03391,aoml/4903551/profiles/D4903551_130.nc,4903551,4903551,23.64493,-96.03391,2025-03-19T16:10:26Z,20250319,2025,741,0.52,100.0,69.43,True,True,True,https://noaa-nws-rtofs-pds.s3.amazonaws.com/rtofs.20250319/rtofs_glo_3dz_f006_6hrly_hvr_US_east.nc
ARGO_GDAC,pfl,aoml/4903551/profiles/D4903551_131.nc|2025-03-24T17:02:14Z|23.56075|-96.07509,aoml/4903551/profiles/D4903551_131.nc,4903551,4903551,23.56075,-96.07509,2025-03-24T17:02:14Z,20250324,2025,1010,1.08,2009.12,28.0071,True,True,True,https://noaa-nws-rtofs-pds.s3.amazonaws.com/rtofs.20250324/rtofs_glo_3dz_f006_6hrly_hvr_US_east.nc
ARGO_GDAC,pfl,aoml/4903551/profiles/D4903551_131.nc|2025-03-24T17:02:14Z|23.56075|-96.07509,aoml/4903551/profiles/D4903551_131.nc,4903551,4903551,23.56075,-96.07509,2025-03-24T17:02:14Z,20250324,2025,883,0.64,99.88,27.8533,True,True,True,https://noaa-nws-rtofs-pds.s3.amazonaws.com/rtofs.20250324/rtofs_glo_3dz_f006_6hrly_hvr_US_east.nc
ARGO_GDAC,pfl,aoml/4903551/profiles/D4903551_132.nc|2025-03-29T17:48:49Z|23.16597|-96.14335,aoml/4903551/profiles/D4903551_132.nc,4903551,4903551,23.16597,-96.14335,2025-03-29T17:48:49Z,20250329,2025,1010,1.0,2009.6,34.1579,True,True,True,https://noaa-nws-rtofs-pds.s3.amazonaws.com/rtofs.20250329/rtofs_glo_3dz_f006_6hrly_hvr_US_east.nc
ARGO_GDAC,pfl,aoml/4903551/profiles/D4903551_132.nc|2025-03-29T17:48:49Z|23.16597|-96.14335,aoml/4903551/profiles/D4903551_132.nc,4903551,4903551,23.16597,-96.14335,2025-03-29T17:48:49Z,20250329,2025,900,0.6,99.92,32.8133,True,True,True,https://noaa-nws-rtofs-pds.s3.amazonaws.com/rtofs.20250329/rtofs_glo_3dz_f006_6hrly_hvr_US_east.nc
ARGO_GDAC,pfl,aoml/4903551/profiles/D4903551_133.nc|2025-04-03T18:32:55Z|23.00563|-96.26989,aoml/4903551/profiles/D4903551_133.nc,4903551,4903551,23.00563,-96.26989,2025-04-03T18:32:55Z,20250403,2025,1011,0.96,2011.64,32.5276,True,True,True,https://noaa-nws-rtofs-pds.s3.amazonaws.com/rtofs.20250403/rtofs_glo_3dz_f006_6hrly_hvr_US_east.nc
ARGO_GDAC,pfl,aoml/4903551/profiles/D4903551_133.nc|2025-04-03T18:32:55Z|23.00563|-96.26989,aoml/4903551/profiles/D4903551_133.nc,4903551,4903551,23.00563,-96.26989,2025-04-03T18:32:55Z,20250403,2025,834,0.56,99.92,32.6213,True,True,True,https://noaa-nws-rtofs-pds.s3.amazonaws.com/rtofs.20250403/rtofs_glo_3dz_f006_6hrly_hvr_US_east.nc
ARGO_GDAC,pfl,aoml/4903551/profiles/D4903551_134.nc|2025-04-08T19:22:10Z|23.15667|-96.24970,aoml/4903551/profiles/D4903551_134.nc,4903551,4903551,23.15667,-96.2497,2025-04-08T19:22:10Z,20250408,2025,1010,0.96,2009.28,46.1225,True,True,True,https://noaa-nws-rtofs-pds.s3.amazonaws.com/rtofs.20250408/rtofs_glo_3dz_f006_6hrly_hvr_US_east.nc
ARGO_GDAC,pfl,aoml/4903551/profiles/D4903551_134.nc|2025-04-08T19:22:10Z|23.15667|-96.24970,aoml/4903551/profiles/D4903551_134.nc,4903551,4903551,23.15667,-96.2497,2025-04-08T19:22:10Z,20250408,2025,814,0.56,99.88,46.28,True,True,True,https://noaa-nws-rtofs-pds.s3.amazonaws.com/rtofs.20250408/rtofs_glo_3dz_f006_6hrly_hvr_US_east.nc
ARGO_GDAC,pfl,aoml/4903551/profiles/D4903551_135.nc|2025-04-13T20:12:56Z|23.21745|-96.18264,aoml/4903551/profiles/D4903551_135.nc,4903551,4903551,23.21745,-96.18264,2025-04-13T20:12:56Z,20250413,2025,1008,0.96,2005.04,45.0752,True,True,True,https://noaa-nws-rtofs-pds.s3.amazonaws.com/rtofs.20250413/rtofs_glo_3dz_f006_6hrly_hvr_US_east.nc
ARGO_GDAC,pfl,aoml/4903551/profiles/D4903551_135.nc|2025-04-13T20:12:56Z|23.21745|-96.18264,aoml/4903551/profiles/D4903551_135.nc,4903551,4903551,23.21745,-96.18264,2025-04-13T20:12:56Z,20250413,2025,821,0.52,99.96,45.52,True,True,True,https://noaa-nws-rtofs-pds.s3.amazonaws.com/rtofs.20250413/rtofs_glo_3dz_f006_6hrly_hvr_US_east.nc
ARGO_GDAC,pfl,aoml/4903551/profiles/D4903551_136.nc|2025-04-18T20:58:24Z|23.22035|-96.29825,aoml/4903551/profiles/D4903551_136.nc,4903551,4903551,23.22035,-96.29825,2025-04-18T20:58:24Z,20250418,2025,1008,0.36,2003.84,31.9348,True,True,True,https://noaa-nws-rtofs-pds.s3.amazonaws.com/rtofs.20250418/rtofs_glo_3dz_f006_6hrly_hvr_US_east.nc
ARGO_GDAC,pfl,aoml/4903551/profiles/D4903551_136.nc|2025-04-18T20:58:24Z|23.22035|-96.29825,aoml/4903551/profiles/D4903551_136.nc,4903551,4903551,23.22035,-96.29825,2025-04-18T20:58:24Z,20250418,2025,786,0.32,99.96,31.8073,True,True,True,https://noaa-nws-rtofs-pds.s3.amazonaws.com/rtofs.20250418/rtofs_glo_3dz_f006_6hrly_hvr_US_east.nc
ARGO_GDAC,pfl,aoml/4903551/profiles/D4903551_137.nc|2025-04-23T21:42:08Z|23.21126|-96.29268,aoml/4903551/profiles/D4903551_137.nc,4903551,4903551,23.21126,-96.29268,2025-04-23T21:42:08Z,20250423,2025,1008,0.44,2003.48,19.6952,True,True,True,https://noaa-nws-rtofs-pds.s3.amazonaws.com/rtofs.20250423/rtofs_glo_3dz_f006_6hrly_hvr_US_east.nc
ARGO_GDAC,pfl,aoml/4903551/profiles/D4903551_137.nc|2025-04-23T21:42:08Z|23.21126|-96.29268,aoml/4903551/profiles/D4903551_137.nc,4903551,4903551,23.21126,-96.29268,2025-04-23T21:42:08Z,20250423,2025,806,0.44,100.0,19.7319,True,True,True,https://noaa-nws-rtofs-pds.s3.amazonaws.com/rtofs.20250423/rtofs_glo_3dz_f006_6hrly_hvr_US_east.nc
ARGO_GDAC,pfl,aoml/4903551/profiles/D4903551_138.nc|2025-04-28T22:32:09Z|23.15323|-96.26780,aoml/4903551/profiles/D4903551_138.nc,4903551,4903551,23.15323,-96.2678,2025-04-28T22:32:09Z,20250428,2025,1012,0.96,2013.92,24.9843,True,True,True,https://noaa-nws-rtofs-pds.s3.amazonaws.com/rtofs.20250428/rtofs_glo_3dz_f006_6hrly_hvr_US_east.nc
ARGO_GDAC,pfl,aoml/4903551/profiles/D4903551_138.nc|2025-04-28T22:32:09Z|23.15323|-96.26780,aoml/4903551/profiles/D4903551_138.nc,4903551,4903551,23.15323,-96.2678,2025-04-28T22:32:09Z,20250428,2025,809,0.52,99.92,25.1511,True,True,True,https://noaa-nws-rtofs-pds.s3.amazonaws.com/rtofs.20250428/rtofs_glo_3dz_f006_6hrly_hvr_US_east.nc
ARGO_GDAC,pfl,aoml/4903551/profiles/D4903551_139.nc|2025-05-03T23:17:19Z|23.13970|-96.19395,aoml/4903551/profiles/D4903551_139.nc,4903551,4903551,23.1397,-96.19395,2025-05-03T23:17:19Z,20250503,2025,1008,0.92,2005.6,27.637,True,True,True,https://noaa-nws-rtofs-pds.s3.amazonaws.com/rtofs.20250503/rtofs_glo_3dz_f006_6hrly_hvr_US_east.nc
ARGO_GDAC,pfl,aoml/4903551/profiles/D4903551_139.nc|2025-05-03T23:17:19Z|23.13970|-96.19395,aoml/4903551/profiles/D4903551_139.nc,4903551,4903551,23.1397,-96.19395,2025-05-03T23:17:19Z,20250503,2025,724,0.56,99.92,27.8971,True,True,True,https://noaa-nws-rtofs-pds.s3.amazonaws.com/rtofs.20250503/rtofs_glo_3dz_f006_6hrly_hvr_US_east.nc
ARGO_GDAC,pfl,aoml/4903551/profiles/D4903551_140.nc|2025-05-09T00:03:55Z|23.06497|-96.10831,aoml/4903551/profiles/D4903551_140.nc,4903551,4903551,23.06497,-96.10831,2025-05-09T00:03:55Z,20250509,2025,1010,1.04,2009.4,14.7228,True,True,True,https://noaa-nws-rtofs-pds.s3.amazonaws.com/rtofs.20250509/rtofs_glo_3dz_f006_6hrly_hvr_US_east.nc
ARGO_GDAC,pfl,aoml/4903551/profiles/D4903551_140.nc|2025-05-09T00:03:55Z|23.06497|-96.10831,aoml/4903551/profiles/D4903551_140.nc,4903551,4903551,23.06497,-96.10831,2025-05-09T00:03:55Z,20250509,2025,839,0.64,100.0,14.3422,True,True,True,https://noaa-nws-rtofs-pds.s3.amazonaws.com/rtofs.20250509/rtofs_glo_3dz_f006_6hrly_hvr_US_east.nc
ARGO_GDAC,pfl,aoml/4903551/profiles/D4903551_141.nc|2025-05-14T00:44:32Z|22.88872|-96.10192,aoml/4903551/profiles/D4903551_141.nc,4903551,4903551,22.88872,-96.10192,2025-05-14T00:44:32Z,20250514,2025,1009,0.48,2005.32,32.9419,True,True,True,https://noaa-nws-rtofs-pds.s3.amazonaws.com/rtofs.20250514/rtofs_glo_3dz_f006_6hrly_hvr_US_east.nc
ARGO_GDAC,pfl,aoml/4903551/profiles/D4903551_141.nc|2025-05-14T00:44:32Z|22.88872|-96.10192,aoml/4903551/profiles/D4903551_141.nc,4903551,4903551,22.88872,-96.10192,2025-05-14T00:44:32Z,20250514,2025,793,0.48,100.0,33.5429,True,True,True,https://noaa-nws-rtofs-pds.s3.amazonaws.com/rtofs.20250514/rtofs_glo_3dz_f006_6hrly_hvr_US_east.nc
ARGO_GDAC,pfl,aoml/4903551/profiles/D4903551_142.nc|2025-05-19T01:34:37Z|22.67441|-96.20369,aoml/4903551/profiles/D4903551_142.nc,4903551,4903551,22.67441,-96.20369,2025-05-19T01:34:37Z,20250519,2025,1010,1.0,2009.36,30.3159,True,True,True,https://noaa-nws-rtofs-pds.s3.amazonaws.com/rtofs.20250519/rtofs_glo_3dz_f006_6hrly_hvr_US_east.nc
ARGO_GDAC,pfl,aoml/4903551/profiles/D4903551_142.nc|2025-05-19T01:34:37Z|22.67441|-96.20369,aoml/4903551/profiles/D4903551_142.nc,4903551,4903551,22.67441,-96.20369,2025-05-19T01:34:37Z,20250519,2025,854,0.56,99.96,30.6324,True,True,True,https://noaa-nws-rtofs-pds.s3.amazonaws.com/rtofs.20250519/rtofs_glo_3dz_f006_6hrly_hvr_US_east.nc
ARGO_GDAC,pfl,aoml/4903551/profiles/D4903551_143.nc|2025-05-24T02:21:42Z|22.49388|-96.32533,aoml/4903551/profiles/D4903551_143.nc,4903551,4903551,22.49388,-96.32533,2025-05-24T02:21:42Z,20250524,2025,1013,0.96,2015.52,13.4587,True,True,True,https://noaa-nws-rtofs-pds.s3.amazonaws.com/rtofs.20250524/rtofs_glo_3dz_f006_6hrly_hvr_US_east.nc
ARGO_GDAC,pfl,aoml/4903551/profiles/D4903551_143.nc|2025-05-24T02:21:42Z|22.49388|-96.32533,aoml/4903551/profiles/D4903551_143.nc,4903551,4903551,22.49388,-96.32533,2025-05-24T02:21:42Z,20250524,2025,783,0.52,100.0,13.0958,True,True,True,https://noaa-nws-rtofs-pds.s3.amazonaws.com/rtofs.20250524/rtofs_glo_3dz_f006_6hrly_hvr_US_east.nc
ARGO_GDAC,pfl,aoml/4903551/profiles/D4903551_144.nc|2025-05-29T03:06:58Z|22.38043|-96.42403,aoml/4903551/profiles/D4903551_144.nc,4903551,4903551,22.38043,-96.42403,2025-05-29T03:06:58Z,20250529,2025,1010,0.48,2007.68,20.43,True,True,True,https://noaa-nws-rtofs-pds.s3.amazonaws.com/rtofs.20250529/rtofs_glo_3dz_f006_6hrly_hvr_US_east.nc
ARGO_GDAC,pfl,aoml/4903551/profiles/D4903551_144.nc|2025-05-29T03:06:58Z|22.38043|-96.42403,aoml/4903551/profiles/D4903551_144.nc,4903551,4903551,22.38043,-96.42403,2025-05-29T03:06:58Z,20250529,2025,828,0.48,100.0,21.1017,True,True,True,https://noaa-nws-rtofs-pds.s3.amazonaws.com/rtofs.20250529/rtofs_glo_3dz_f006_6hrly_hvr_US_east.nc
ARGO_GDAC,pfl,aoml/4903551/profiles/D4903551_145.nc|2025-06-03T03:54:35Z|22.35240|-96.47201,aoml/4903551/profiles/D4903551_145.nc,4903551,4903551,22.3524,-96.47201,2025-06-03T03:54:35Z,20250603,2025,1011,1.04,2011.32,13.7724,True,True,True,https://noaa-nws-rtofs-pds.s3.amazonaws.com/rtofs.20250603/rtofs_glo_3dz_f006_6hrly_hvr_US_east.nc
ARGO_GDAC,pfl,aoml/4903551/profiles/D4903551_145.nc|2025-06-03T03:54:35Z|22.35240|-96.47201,aoml/4903551/profiles/D4903551_145.nc,4903551,4903551,22.3524,-96.47201,2025-06-03T03:54:35Z,20250603,2025,826,0.64,99.96,14.119,True,True,True,https://noaa-nws-rtofs-pds.s3.amazonaws.com/rtofs.20250603/rtofs_glo_3dz_f006_6hrly_hvr_US_east.nc
ARGO_GDAC,pfl,aoml/4903551/profiles/D4903551_146.nc|2025-06-08T04:41:30Z|22.41138|-96.51691,aoml/4903551/profiles/D4903551_146.nc,4903551,4903551,22.41138,-96.51691,2025-06-08T04:41:30Z,20250608,2025,1009,1.04,2007.6,12.9931,True,True,True,https://noaa-nws-rtofs-pds.s3.amazonaws.com/rtofs.20250608/rtofs_glo_3dz_f006_6hrly_hvr_US_east.nc
ARGO_GDAC,pfl,aoml/4903551/profiles/D4903551_146.nc|2025-06-08T04:41:30Z|22.41138|-96.51691,aoml/4903551/profiles/D4903551_146.nc,4903551,4903551,22.41138,-96.51691,2025-06-08T04:41:30Z,20250608,2025,860,0.64,99.92,13.5771,True,True,True,https://noaa-nws-rtofs-pds.s3.amazonaws.com/rtofs.20250608/rtofs_glo_3dz_f006_6hrly_hvr_US_east.nc
ARGO_GDAC,pfl,aoml/4903551/profiles/D4903551_147.nc|2025-06-13T05:28:57Z|22.53697|-96.52105,aoml/4903551/profiles/D4903551_147.nc,4903551,4903551,22.53697,-96.52105,2025-06-13T05:28:57Z,20250613,2025,1010,1.04,2010.2,22.8464,True,True,True,https://noaa-nws-rtofs-pds.s3.amazonaws.com/rtofs.20250613/rtofs_glo_3dz_f006_6hrly_hvr_US_east.nc
ARGO_GDAC,pfl,aoml/4903551/profiles/D4903551_147.nc|2025-06-13T05:28:57Z|22.53697|-96.52105,aoml/4903551/profiles/D4903551_147.nc,4903551,4903551,22.53697,-96.52105,2025-06-13T05:28:57Z,20250613,2025,915,0.64,100.0,22.9773,True,True,True,https://noaa-nws-rtofs-pds.s3.amazonaws.com/rtofs.20250613/rtofs_glo_3dz_f006_6hrly_hvr_US_east.nc
ARGO_GDAC,pfl,aoml/4903551/profiles/D4903551_148.nc|2025-06-18T06:13:05Z|22.58825|-96.57936,aoml/4903551/profiles/D4903551_148.nc,4903551,4903551,22.58825,-96.57936,2025-06-18T06:13:05Z,20250618,2025,1008,1.0,2006.0,34.1005,True,True,True,https://noaa-nws-rtofs-pds.s3.amazonaws.com/rtofs.20250618/rtofs_glo_3dz_f006_6hrly_hvr_US_east.nc
ARGO_GDAC,pfl,aoml/4903551/profiles/D4903551_148.nc|2025-06-18T06:13:05Z|22.58825|-96.57936,aoml/4903551/profiles/D4903551_148.nc,4903551,4903551,22.58825,-96.57936,2025-06-18T06:13:05Z,20250618,2025,843,0.6,99.88,34.6192,True,True,True,https://noaa-nws-rtofs-pds.s3.amazonaws.com/rtofs.20250618/rtofs_glo_3dz_f006_6hrly_hvr_US_east.nc
ARGO_GDAC,pfl,aoml/4903551/profiles/D4903551_149.nc|2025-06-23T06:57:40Z|22.77172|-96.53905,aoml/4903551/profiles/D4903551_149.nc,4903551,4903551,22.77172,-96.53905,2025-06-23T06:57:40Z,20250623,2025,1008,1.0,2005.88,36.3666,True,True,True,https://noaa-nws-rtofs-pds.s3.amazonaws.com/rtofs.20250623/rtofs_glo_3dz_f006_6hrly_hvr_US_east.nc
ARGO_GDAC,pfl,aoml/4903551/profiles/D4903551_149.nc|2025-06-23T06:57:40Z|22.77172|-96.53905,aoml/4903551/profiles/D4903551_149.nc,4903551,4903551,22.77172,-96.53905,2025-06-23T06:57:40Z,20250623,2025,860,0.56,99.92,37.2839,True,True,True,https://noaa-nws-rtofs-pds.s3.amazonaws.com/rtofs.20250623/rtofs_glo_3dz_f006_6hrly_hvr_US_east.nc
ARGO_GDAC,pfl,aoml/4903551/profiles/D4903551_150.nc|2025-06-28T07:42:46Z|22.78056|-96.62641,aoml/4903551/profiles/D4903551_150.nc,4903551,4903551,22.78056,-96.62641,2025-06-28T07:42:46Z,20250628,2025,1010,1.0,2009.24,38.3583,True,True,True,https://noaa-nws-rtofs-pds.s3.amazonaws.com/rtofs.20250628/rtofs_glo_3dz_f006_6hrly_hvr_US_east.nc
ARGO_GDAC,pfl,aoml/4903551/profiles/D4903551_150.nc|2025-06-28T07:42:46Z|22.78056|-96.62641,aoml/4903551/profiles/D4903551_150.nc,4903551,4903551,22.78056,-96.62641,2025-06-28T07:42:46Z,20250628,2025,785,0.56,99.96,38.515,True,True,True,https://noaa-nws-rtofs-pds.s3.amazonaws.com/rtofs.20250628/rtofs_glo_3dz_f006_6hrly_hvr_US_east.nc
ARGO_GDAC,pfl,aoml/4903551/profiles/D4903551_151.nc|2025-07-03T09:16:41Z|22.80575|-96.64283,aoml/4903551/profiles/D4903551_151.nc,4903551,4903551,22.80575,-96.64283,2025-07-03T09:16:41Z,20250703,2025,992,1.0,1973.4,41.542,True,True,True,https://noaa-nws-rtofs-pds.s3.amazonaws.com/rtofs.20250703/rtofs_glo_3dz_f006_6hrly_hvr_US_east.nc
ARGO_GDAC,pfl,aoml/4903551/profiles/D4903551_151.nc|2025-07-03T09:16:41Z|22.80575|-96.64283,aoml/4903551/profiles/D4903551_151.nc,4903551,4903551,22.80575,-96.64283,2025-07-03T09:16:41Z,20250703,2025,838,0.56,99.88,42.1579,True,True,True,https://noaa-nws-rtofs-pds.s3.amazonaws.com/rtofs.20250703/rtofs_glo_3dz_f006_6hrly_hvr_US_east.nc
ARGO_GDAC,pfl,aoml/4903551/profiles/D4903551_152.nc|2025-07-08T10:04:44Z|22.77193|-96.60254,aoml/4903551/profiles/D4903551_152.nc,4903551,4903551,22.77193,-96.60254,2025-07-08T10:04:44Z,20250708,2025,1013,0.48,2013.36,28.3919,True,True,True,https://noaa-nws-rtofs-pds.s3.amazonaws.com/rtofs.20250708/rtofs_glo_3dz_f006_6hrly_hvr_US_east.nc
ARGO_GDAC,pfl,aoml/4903551/profiles/D4903551_152.nc|2025-07-08T10:04:44Z|22.77193|-96.60254,aoml/4903551/profiles/D4903551_152.nc,4903551,4903551,22.77193,-96.60254,2025-07-08T10:04:44Z,20250708,2025,792,0.48,99.92,28.4799,True,True,True,https://noaa-nws-rtofs-pds.s3.amazonaws.com/rtofs.20250708/rtofs_glo_3dz_f006_6hrly_hvr_US_east.nc
ARGO_GDAC,pfl,aoml/4903551/profiles/D4903551_153.nc|2025-07-13T10:51:11Z|22.72351|-96.63120,aoml/4903551/profiles/D4903551_153.nc,4903551,4903551,22.72351,-96.6312,2025-07-13T10:51:11Z,20250713,2025,1007,1.08,2003.48,31.8455,True,True,True,https://noaa-nws-rtofs-pds.s3.amazonaws.com/rtofs.20250713/rtofs_glo_3dz_f006_6hrly_hvr_US_east.nc
ARGO_GDAC,pfl,aoml/4903551/profiles/D4903551_153.nc|2025-07-13T10:51:11Z|22.72351|-96.63120,aoml/4903551/profiles/D4903551_153.nc,4903551,4903551,22.72351,-96.6312,2025-07-13T10:51:11Z,20250713,2025,733,0.72,99.96,32.2133,True,True,True,https://noaa-nws-rtofs-pds.s3.amazonaws.com/rtofs.20250713/rtofs_glo_3dz_f006_6hrly_hvr_US_east.nc
ARGO_GDAC,pfl,aoml/4903551/profiles/D4903551_154.nc|2025-07-18T11:45:18Z|22.72428|-96.66350,aoml/4903551/profiles/D4903551_154.nc,4903551,4903551,22.72428,-96.6635,2025-07-18T11:45:18Z,20250718,2025,1012,1.04,2013.44,26.6727,True,True,True,https://noaa-nws-rtofs-pds.s3.amazonaws.com/rtofs.20250718/rtofs_glo_3dz_f006_6hrly_hvr_US_east.nc
ARGO_GDAC,pfl,aoml/4903551/profiles/D4903551_154.nc|2025-07-18T11:45:18Z|22.72428|-96.66350,aoml/4903551/profiles/D4903551_154.nc,4903551,4903551,22.72428,-96.6635,2025-07-18T11:45:18Z,20250718,2025,760,0.6,99.96,27.6634,True,True,True,https://noaa-nws-rtofs-pds.s3.amazonaws.com/rtofs.20250718/rtofs_glo_3dz_f006_6hrly_hvr_US_east.nc
ARGO_GDAC,pfl,aoml/4903551/profiles/D4903551_155.nc|2025-07-23T13:15:01Z|22.71771|-96.74754,aoml/4903551/profiles/D4903551_155.nc,4903551,4903551,22.71771,-96.74754,2025-07-23T13:15:01Z,20250723,2025,992,0.96,1973.8,21.5075,True,True,True,https://noaa-nws-rtofs-pds.s3.amazonaws.com/rtofs.20250723/rtofs_glo_3dz_f006_6hrly_hvr_US_east.nc
ARGO_GDAC,pfl,aoml/4903551/profiles/D4903551_155.nc|2025-07-23T13:15:01Z|22.71771|-96.74754,aoml/4903551/profiles/D4903551_155.nc,4903551,4903551,22.71771,-96.74754,2025-07-23T13:15:01Z,20250723,2025,784,0.56,99.88,21.61,True,True,True,https://noaa-nws-rtofs-pds.s3.amazonaws.com/rtofs.20250723/rtofs_glo_3dz_f006_6hrly_hvr_US_east.nc
ARGO_GDAC,pfl,aoml/4903551/profiles/D4903551_156.nc|2025-07-28T14:02:31Z|22.73901|-96.81063,aoml/4903551/profiles/D4903551_156.nc,4903551,4903551,22.73901,-96.81063,2025-07-28T14:02:31Z,20250728,2025,1009,1.08,2007.52,38.5289,True,True,True,https://noaa-nws-rtofs-pds.s3.amazonaws.com/rtofs.20250728/rtofs_glo_3dz_f006_6hrly_hvr_US_east.nc
ARGO_GDAC,pfl,aoml/4903551/profiles/D4903551_156.nc|2025-07-28T14:02:31Z|22.73901|-96.81063,aoml/4903551/profiles/D4903551_156.nc,4903551,4903551,22.73901,-96.81063,2025-07-28T14:02:31Z,20250728,2025,846,0.68,99.96,39.3248,True,True,True,https://noaa-nws-rtofs-pds.s3.amazonaws.com/rtofs.20250728/rtofs_glo_3dz_f006_6hrly_hvr_US_east.nc
ARGO_GDAC,pfl,aoml/4903551/profiles/D4903551_157.nc|2025-08-02T15:20:42Z|22.69197|-96.84265,aoml/4903551/profiles/D4903551_157.nc,4903551,4903551,22.69197,-96.84265,2025-08-02T15:20:42Z,20250802,2025,947,1.04,1883.0,42.0087,True,True,True,https://noaa-nws-rtofs-pds.s3.amazonaws.com/rtofs.20250802/rtofs_glo_3dz_f006_6hrly_hvr_US_east.nc
ARGO_GDAC,pfl,aoml/4903551/profiles/D4903551_157.nc|2025-08-02T15:20:42Z|22.69197|-96.84265,aoml/4903551/profiles/D4903551_157.nc,4903551,4903551,22.69197,-96.84265,2025-08-02T15:20:42Z,20250802,2025,805,0.64,100.0,42.3257,True,True,True,https://noaa-nws-rtofs-pds.s3.amazonaws.com/rtofs.20250802/rtofs_glo_3dz_f006_6hrly_hvr_US_east.nc
ARGO_GDAC,pfl,aoml/4903551/profiles/D4903551_158.nc|2025-08-07T16:28:18Z|22.55865|-96.89328,aoml/4903551/profiles/D4903551_158.nc,4903551,4903551,22.55865,-96.89328,2025-08-07T16:28:18Z,20250807,2025,874,1.04,1737.96,34.4916,True,True,True,https://noaa-nws-rtofs-pds.s3.amazonaws.com/rtofs.20250807/rtofs_glo_3dz_f006_6hrly_hvr_US_east.nc
ARGO_GDAC,pfl,aoml/4903551/profiles/D4903551_158.nc|2025-08-07T16:28:18Z|22.55865|-96.89328,aoml/4903551/profiles/D4903551_158.nc,4903551,4903551,22.55865,-96.89328,2025-08-07T16:28:18Z,20250807,2025,916,0.6,99.92,34.4065,True,True,True,https://noaa-nws-rtofs-pds.s3.amazonaws.com/rtofs.20250807/rtofs_glo_3dz_f006_6hrly_hvr_US_east.nc
ARGO_GDAC,pfl,aoml/4903551/profiles/D4903551_159.nc|2025-08-12T17:39:41Z|22.48843|-96.96984,aoml/4903551/profiles/D4903551_159.nc,4903551,4903551,22.48843,-96.96984,2025-08-12T17:39:41Z,20250812,2025,876,1.0,1741.48,36.0668,True,True,True,https://noaa-nws-rtofs-pds.s3.amazonaws.com/rtofs.20250812/rtofs_glo_3dz_f006_6hrly_hvr_US_east.nc
ARGO_GDAC,pfl,aoml/4903551/profiles/D4903551_159.nc|2025-08-12T17:39:41Z|22.48843|-96.96984,aoml/4903551/profiles/D4903551_159.nc,4903551,4903551,22.48843,-96.96984,2025-08-12T17:39:41Z,20250812,2025,932,0.6,99.96,36.4729,True,True,True,https://noaa-nws-rtofs-pds.s3.amazonaws.com/rtofs.20250812/rtofs_glo_3dz_f006_6hrly_hvr_US_east.nc
ARGO_GDAC,pfl,aoml/4903551/profiles/D4903551_160.nc|2025-08-17T18:57:09Z|22.44188|-96.96300,aoml/4903551/profiles/D4903551_160.nc,4903551,4903551,22.44188,-96.963,2025-08-17T18:57:09Z,20250817,2025,920,0.96,1829.08,38.2643,True,True,True,https://noaa-nws-rtofs-pds.s3.amazonaws.com/rtofs.20250817/rtofs_glo_3dz_f006_6hrly_hvr_US_east.nc
ARGO_GDAC,pfl,aoml/4903551/profiles/D4903551_160.nc|2025-08-17T18:57:09Z|22.44188|-96.96300,aoml/4903551/profiles/D4903551_160.nc,4903551,4903551,22.44188,-96.963,2025-08-17T18:57:09Z,20250817,2025,928,0.56,100.0,38.5123,True,True,True,https://noaa-nws-rtofs-pds.s3.amazonaws.com/rtofs.20250817/rtofs_glo_3dz_f006_6hrly_hvr_US_east.nc
ARGO_GDAC,pfl,aoml/4903551/profiles/D4903551_161.nc|2025-08-22T20:04:09Z|22.35655|-96.96430,aoml/4903551/profiles/D4903551_161.nc,4903551,4903551,22.35655,-96.9643,2025-08-22T20:04:09Z,20250822,2025,890,1.08,1770.08,21.4678,True,True,True,https://noaa-nws-rtofs-pds.s3.amazonaws.com/rtofs.20250822/rtofs_glo_3dz_f006_6hrly_hvr_US_east.nc
ARGO_GDAC,pfl,aoml/4903551/profiles/D4903551_161.nc|2025-08-22T20:04:09Z|22.35655|-96.96430,aoml/4903551/profiles/D4903551_161.nc,4903551,4903551,22.35655,-96.9643,2025-08-22T20:04:09Z,20250822,2025,964,0.68,99.92,21.7858,True,True,True,https://noaa-nws-rtofs-pds.s3.amazonaws.com/rtofs.20250822/rtofs_glo_3dz_f006_6hrly_hvr_US_east.nc
ARGO_GDAC,pfl,aoml/4903551/profiles/D4903551_162.nc|2025-08-27T21:21:15Z|22.38347|-96.94843,aoml/4903551/profiles/D4903551_162.nc,4903551,4903551,22.38347,-96.94843,2025-08-27T21:21:15Z,20250827,2025,924,1.08,1837.56,24.9422,True,True,True,https://noaa-nws-rtofs-pds.s3.amazonaws.com/rtofs.20250827/rtofs_glo_3dz_f006_6hrly_hvr_US_east.nc
ARGO_GDAC,pfl,aoml/4903551/profiles/D4903551_162.nc|2025-08-27T21:21:15Z|22.38347|-96.94843,aoml/4903551/profiles/D4903551_162.nc,4903551,4903551,22.38347,-96.94843,2025-08-27T21:21:15Z,20250827,2025,959,0.68,99.96,24.4622,True,True,True,https://noaa-nws-rtofs-pds.s3.amazonaws.com/rtofs.20250827/rtofs_glo_3dz_f006_6hrly_hvr_US_east.nc
ARGO_GDAC,pfl,aoml/4903551/profiles/D4903551_163.nc|2025-09-01T22:30:38Z|22.38388|-96.99931,aoml/4903551/profiles/D4903551_163.nc,4903551,4903551,22.38388,-96.99931,2025-09-01T22:30:38Z,20250901,2025,874,1.04,1737.64,42.5014,True,True,True,https://noaa-nws-rtofs-pds.s3.amazonaws.com/rtofs.20250901/rtofs_glo_3dz_f006_6hrly_hvr_US_east.nc
ARGO_GDAC,pfl,aoml/4903551/profiles/D4903551_163.nc|2025-09-01T22:30:38Z|22.38388|-96.99931,aoml/4903551/profiles/D4903551_163.nc,4903551,4903551,22.38388,-96.99931,2025-09-01T22:30:38Z,20250901,2025,966,0.6,99.96,43.2365,True,True,True,https://noaa-nws-rtofs-pds.s3.amazonaws.com/rtofs.20250901/rtofs_glo_3dz_f006_6hrly_hvr_US_east.nc
ARGO_GDAC,pfl,aoml/4903551/profiles/D4903551_164.nc|2025-09-06T23:23:48Z|22.34794|-96.98136,aoml/4903551/profiles/D4903551_164.nc,4903551,4903551,22.34794,-96.98136,2025-09-06T23:23:48Z,20250906,2025,824,1.04,1637.44,14.0616,True,True,True,https://noaa-nws-rtofs-pds.s3.amazonaws.com/rtofs.20250906/rtofs_glo_3dz_f006_6hrly_hvr_US_east.nc
ARGO_GDAC,pfl,aoml/4903551/profiles/D4903551_164.nc|2025-09-06T23:23:48Z|22.34794|-96.98136,aoml/4903551/profiles/D4903551_164.nc,4903551,4903551,22.34794,-96.98136,2025-09-06T23:23:48Z,20250906,2025,853,0.68,99.96,14.0,True,True,True,https://noaa-nws-rtofs-pds.s3.amazonaws.com/rtofs.20250906/rtofs_glo_3dz_f006_6hrly_hvr_US_east.nc
ARGO_GDAC,pfl,aoml/4903551/profiles/D4903551_165.nc|2025-09-12T00:22:49Z|22.04945|-96.98819,aoml/4903551/profiles/D4903551_165.nc,4903551,4903551,22.04945,-96.98819,2025-09-12T00:22:49Z,20250912,2025,839,1.12,1667.32,33.9265,True,True,True,https://noaa-nws-rtofs-pds.s3.amazonaws.com/rtofs.20250912/rtofs_glo_3dz_f006_6hrly_hvr_US_east.nc
ARGO_GDAC,pfl,aoml/4903551/profiles/D4903551_165.nc|2025-09-12T00:22:49Z|22.04945|-96.98819,aoml/4903551/profiles/D4903551_165.nc,4903551,4903551,22.04945,-96.98819,2025-09-12T00:22:49Z,20250912,2025,1002,0.72,99.96,34.0533,True,True,True,https://noaa-nws-rtofs-pds.s3.amazonaws.com/rtofs.20250912/rtofs_glo_3dz_f006_6hrly_hvr_US_east.nc
ARGO_GDAC,pfl,aoml/4903551/profiles/D4903551_166.nc|2025-09-17T01:03:20Z|21.79360|-96.89210,aoml/4903551/profiles/D4903551_166.nc,4903551,4903551,21.7936,-96.8921,2025-09-17T01:03:20Z,20250917,2025,761,0.96,1511.68,26.9825,True,True,True,https://noaa-nws-rtofs-pds.s3.amazonaws.com/rtofs.20250917/rtofs_glo_3dz_f006_6hrly_hvr_US_east.nc
ARGO_GDAC,pfl,aoml/4903551/profiles/D4903551_166.nc|2025-09-17T01:03:20Z|21.79360|-96.89210,aoml/4903551/profiles/D4903551_166.nc,4903551,4903551,21.7936,-96.8921,2025-09-17T01:03:20Z,20250917,2025,971,0.56,99.84,26.72,True,True,True,https://noaa-nws-rtofs-pds.s3.amazonaws.com/rtofs.20250917/rtofs_glo_3dz_f006_6hrly_hvr_US_east.nc
ARGO_GDAC,pfl,aoml/4903551/profiles/D4903551_167.nc|2025-09-22T01:44:06Z|21.91110|-96.95746,aoml/4903551/profiles/D4903551_167.nc,4903551,4903551,21.9111,-96.95746,2025-09-22T01:44:06Z,20250922,2025,779,1.04,1547.24,27.5248,True,True,True,https://noaa-nws-rtofs-pds.s3.amazonaws.com/rtofs.20250922/rtofs_glo_3dz_f006_6hrly_hvr_US_east.nc
ARGO_GDAC,pfl,aoml/4903551/profiles/D4903551_167.nc|2025-09-22T01:44:06Z|21.91110|-96.95746,aoml/4903551/profiles/D4903551_167.nc,4903551,4903551,21.9111,-96.95746,2025-09-22T01:44:06Z,20250922,2025,882,0.64,99.84,27.7709,True,True,True,https://noaa-nws-rtofs-pds.s3.amazonaws.com/rtofs.20250922/rtofs_glo_3dz_f006_6hrly_hvr_US_east.nc
ARGO_GDAC,pfl,aoml/4903551/profiles/D4903551_168.nc|2025-09-27T02:05:31Z|21.83441|-96.93500,aoml/4903551/profiles/D4903551_168.nc,4903551,4903551,21.83441,-96.935,2025-09-27T02:05:31Z,20250927,2025,727,1.0,1443.36,27.7172,True,True,True,https://noaa-nws-rtofs-pds.s3.amazonaws.com/rtofs.20250927/rtofs_glo_3dz_f006_6hrly_hvr_US_east.nc
ARGO_GDAC,pfl,aoml/4903551/profiles/D4903551_168.nc|2025-09-27T02:05:31Z|21.83441|-96.93500,aoml/4903551/profiles/D4903551_168.nc,4903551,4903551,21.83441,-96.935,2025-09-27T02:05:31Z,20250927,2025,863,0.6,100.0,27.9705,True,True,True,https://noaa-nws-rtofs-pds.s3.amazonaws.com/rtofs.20250927/rtofs_glo_3dz_f006_6hrly_hvr_US_east.nc
ARGO_GDAC,pfl,aoml/4903551/profiles/D4903551_169.nc|2025-10-02T02:25:17Z|21.83981|-96.95037,aoml/4903551/profiles/D4903551_169.nc,4903551,4903551,21.83981,-96.95037,2025-10-02T02:25:17Z,20251002,2025,724,0.4,1435.68,43.608,True,True,True,https://noaa-nws-rtofs-pds.s3.amazonaws.com/rtofs.20251002/rtofs_glo_3dz_f006_6hrly_hvr_US_east.nc
ARGO_GDAC,pfl,aoml/4903551/profiles/D4903551_169.nc|2025-10-02T02:25:17Z|21.83981|-96.95037,aoml/4903551/profiles/D4903551_169.nc,4903551,4903551,21.83981,-96.95037,2025-10-02T02:25:17Z,20251002,2025,852,0.4,99.88,44.4354,True,True,True,https://noaa-nws-rtofs-pds.s3.amazonaws.com/rtofs.20251002/rtofs_glo_3dz_f006_6hrly_hvr_US_east.nc
ARGO_GDAC,pfl,aoml/4903551/profiles/D4903551_170.nc|2025-10-07T02:40:56Z|21.83354|-96.95847,aoml/4903551/profiles/D4903551_170.nc,4903551,4903551,21.83354,-96.95847,2025-10-07T02:40:56Z,20251007,2025,701,1.24,1391.88,42.0397,True,True,True,https://noaa-nws-rtofs-pds.s3.amazonaws.com/rtofs.20251007/rtofs_glo_3dz_f006_6hrly_hvr_US_east.nc
ARGO_GDAC,pfl,aoml/4903551/profiles/D4903551_170.nc|2025-10-07T02:40:56Z|21.83354|-96.95847,aoml/4903551/profiles/D4903551_170.nc,4903551,4903551,21.83354,-96.95847,2025-10-07T02:40:56Z,20251007,2025,934,1.12,99.96,42.573,True,True,True,https://noaa-nws-rtofs-pds.s3.amazonaws.com/rtofs.20251007/rtofs_glo_3dz_f006_6hrly_hvr_US_east.nc
ARGO_GDAC,pfl,aoml/4903551/profiles/D4903551_171.nc|2025-10-12T02:53:50Z|21.84311|-96.96244,aoml/4903551/profiles/D4903551_171.nc,4903551,4903551,21.84311,-96.96244,2025-10-12T02:53:50Z,20251012,2025,692,1.04,1373.16,47.2508,True,True,True,https://noaa-nws-rtofs-pds.s3.amazonaws.com/rtofs.20251012/rtofs_glo_3dz_f006_6hrly_hvr_US_east.nc
ARGO_GDAC,pfl,aoml/4903551/profiles/D4903551_171.nc|2025-10-12T02:53:50Z|21.84311|-96.96244,aoml/4903551/profiles/D4903551_171.nc,4903551,4903551,21.84311,-96.96244,2025-10-12T02:53:50Z,20251012,2025,883,0.52,99.92,47.88,True,True,True,https://noaa-nws-rtofs-pds.s3.amazonaws.com/rtofs.20251012/rtofs_glo_3dz_f006_6hrly_hvr_US_east.nc
ARGO_GDAC,pfl,aoml/4903551/profiles/D4903551_172.nc|2025-10-17T03:08:22Z|21.86492|-96.96633,aoml/4903551/profiles/D4903551_172.nc,4903551,4903551,21.86492,-96.96633,2025-10-17T03:08:22Z,20251017,2025,709,0.44,1405.52,42.1134,True,True,True,https://noaa-nws-rtofs-pds.s3.amazonaws.com/rtofs.20251017/rtofs_glo_3dz_f006_6hrly_hvr_US_east.nc
ARGO_GDAC,pfl,aoml/4903551/profiles/D4903551_172.nc|2025-10-17T03:08:22Z|21.86492|-96.96633,aoml/4903551/profiles/D4903551_172.nc,4903551,4903551,21.86492,-96.96633,2025-10-17T03:08:22Z,20251017,2025,875,0.44,99.88,42.8963,True,True,True,https://noaa-nws-rtofs-pds.s3.amazonaws.com/rtofs.20251017/rtofs_glo_3dz_f006_6hrly_hvr_US_east.nc
ARGO_GDAC,pfl,aoml/4903551/profiles/D4903551_173.nc|2025-10-22T03:24:23Z|21.90070|-96.98270,aoml/4903551/profiles/D4903551_173.nc,4903551,4903551,21.9007,-96.9827,2025-10-22T03:24:23Z,20251022,2025,716,1.0,1421.84,41.992,True,True,True,https://noaa-nws-rtofs-pds.s3.amazonaws.com/rtofs.20251022/rtofs_glo_3dz_f006_6hrly_hvr_US_east.nc
ARGO_GDAC,pfl,aoml/4903551/profiles/D4903551_173.nc|2025-10-22T03:24:23Z|21.90070|-96.98270,aoml/4903551/profiles/D4903551_173.nc,4903551,4903551,21.9007,-96.9827,2025-10-22T03:24:23Z,20251022,2025,870,0.6,99.96,42.4411,True,True,True,https://noaa-nws-rtofs-pds.s3.amazonaws.com/rtofs.20251022/rtofs_glo_3dz_f006_6hrly_hvr_US_east.nc
ARGO_GDAC,pfl,aoml/4903551/profiles/D4903551_174.nc|2025-10-27T03:42:12Z|21.92169|-96.99335,aoml/4903551/profiles/D4903551_174.nc,4903551,4903551,21.92169,-96.99335,2025-10-27T03:42:12Z,20251027,2025,714,0.44,1415.48,43.9911,True,True,True,https://noaa-nws-rtofs-pds.s3.amazonaws.com/rtofs.20251027/rtofs_glo_3dz_f006_6hrly_hvr_US_east.nc
ARGO_GDAC,pfl,aoml/4903551/profiles/D4903551_174.nc|2025-10-27T03:42:12Z|21.92169|-96.99335,aoml/4903551/profiles/D4903551_174.nc,4903551,4903551,21.92169,-96.99335,2025-10-27T03:42:12Z,20251027,2025,797,0.44,99.92,44.5615,True,True,True,https://noaa-nws-rtofs-pds.s3.amazonaws.com/rtofs.20251027/rtofs_glo_3dz_f006_6hrly_hvr_US_east.nc
ARGO_GDAC,pfl,aoml/4903551/profiles/D4903551_175.nc|2025-11-01T03:53:37Z|21.93764|-97.01139,aoml/4903551/profiles/D4903551_175.nc,4903551,4903551,21.93764,-97.01139,2025-11-01T03:53:37Z,20251101,2025,704,1.0,1397.92,54.1543,True,True,True,https://noaa-nws-rtofs-pds.s3.amazonaws.com/rtofs.20251101/rtofs_glo_3dz_f006_6hrly_hvr_US_east.nc
ARGO_GDAC,pfl,aoml/4903551/profiles/D4903551_175.nc|2025-11-01T03:53:37Z|21.93764|-97.01139,aoml/4903551/profiles/D4903551_175.nc,4903551,4903551,21.93764,-97.01139,2025-11-01T03:53:37Z,20251101,2025,766,0.52,99.88,54.222,True,True,True,https://noaa-nws-rtofs-pds.s3.amazonaws.com/rtofs.20251101/rtofs_glo_3dz_f006_6hrly_hvr_US_east.nc
ARGO_GDAC,pfl,aoml/4903551/profiles/D4903551_176.nc|2025-11-06T04:07:23Z|21.94510|-97.02257,aoml/4903551/profiles/D4903551_176.nc,4903551,4903551,21.9451,-97.02257,2025-11-06T04:07:23Z,20251106,2025,708,1.0,1405.48,58.1983,True,True,True,https://noaa-nws-rtofs-pds.s3.amazonaws.com/rtofs.20251106/rtofs_glo_3dz_f006_6hrly_hvr_US_east.nc
ARGO_GDAC,pfl,aoml/4903551/profiles/D4903551_176.nc|2025-11-06T04:07:23Z|21.94510|-97.02257,aoml/4903551/profiles/D4903551_176.nc,4903551,4903551,21.9451,-97.02257,2025-11-06T04:07:23Z,20251106,2025,756,0.52,99.92,58.685,True,True,True,https://noaa-nws-rtofs-pds.s3.amazonaws.com/rtofs.20251106/rtofs_glo_3dz_f006_6hrly_hvr_US_east.nc
ARGO_GDAC,pfl,aoml/4903551/profiles/D4903551_177.nc|2025-11-11T04:24:04Z|21.94754|-97.02674,aoml/4903551/profiles/D4903551_177.nc,4903551,4903551,21.94754,-97.02674,2025-11-11T04:24:04Z,20251111,2025,703,1.04,1395.76,73.7097,True,True,True,https://noaa-nws-rtofs-pds.s3.amazonaws.com/rtofs.20251111/rtofs_glo_3dz_f006_6hrly_hvr_US_east.nc
ARGO_GDAC,pfl,aoml/4903551/profiles/D4903551_177.nc|2025-11-11T04:24:04Z|21.94754|-97.02674,aoml/4903551/profiles/D4903551_177.nc,4903551,4903551,21.94754,-97.02674,2025-11-11T04:24:04Z,20251111,2025,941,0.64,99.96,74.1261,True,True,True,https://noaa-nws-rtofs-pds.s3.amazonaws.com/rtofs.20251111/rtofs_glo_3dz_f006_6hrly_hvr_US_east.nc
ARGO_GDAC,pfl,aoml/4903551/profiles/D4903551_178.nc|2025-11-16T04:38:18Z|21.94737|-97.02911,aoml/4903551/profiles/D4903551_178.nc,4903551,4903551,21.94737,-97.02911,2025-11-16T04:38:18Z,20251116,2025,695,1.0,1379.16,61.9693,True,True,True,https://noaa-nws-rtofs-pds.s3.amazonaws.com/rtofs.20251116/rtofs_glo_3dz_f006_6hrly_hvr_US_east.nc
ARGO_GDAC,pfl,aoml/4903551/profiles/D4903551_178.nc|2025-11-16T04:38:18Z|21.94737|-97.02911,aoml/4903551/profiles/D4903551_178.nc,4903551,4903551,21.94737,-97.02911,2025-11-16T04:38:18Z,20251116,2025,776,0.56,99.92,62.7133,True,True,True,https://noaa-nws-rtofs-pds.s3.amazonaws.com/rtofs.20251116/rtofs_glo_3dz_f006_6hrly_hvr_US_east.nc
ARGO_GDAC,pfl,aoml/4903551/profiles/D4903551_179.nc|2025-11-21T04:53:46Z|21.95485|-97.03553,aoml/4903551/profiles/D4903551_179.nc,4903551,4903551,21.95485,-97.03553,2025-11-21T04:53:46Z,20251121,2025,690,0.96,1369.2,62.178,True,True,True,https://noaa-nws-rtofs-pds.s3.amazonaws.com/rtofs.20251121/rtofs_glo_3dz_f006_6hrly_hvr_US_east.nc
ARGO_GDAC,pfl,aoml/4903551/profiles/D4903551_179.nc|2025-11-21T04:53:46Z|21.95485|-97.03553,aoml/4903551/profiles/D4903551_179.nc,4903551,4903551,21.95485,-97.03553,2025-11-21T04:53:46Z,20251121,2025,825,0.52,99.88,62.8878,True,True,True,https://noaa-nws-rtofs-pds.s3.amazonaws.com/rtofs.20251121/rtofs_glo_3dz_f006_6hrly_hvr_US_east.nc
ARGO_GDAC,pfl,aoml/4903551/profiles/D4903551_180.nc|2025-11-26T05:06:26Z|21.95993|-97.04344,aoml/4903551/profiles/D4903551_180.nc,4903551,4903551,21.95993,-97.04344,2025-11-26T05:06:26Z,20251126,2025,689,1.0,1367.36,59.4887,True,True,True,https://noaa-nws-rtofs-pds.s3.amazonaws.com/rtofs.20251126/rtofs_glo_3dz_f006_6hrly_hvr_US_east.nc
ARGO_GDAC,pfl,aoml/4903551/profiles/D4903551_180.nc|2025-11-26T05:06:26Z|21.95993|-97.04344,aoml/4903551/profiles/D4903551_180.nc,4903551,4903551,21.95993,-97.04344,2025-11-26T05:06:26Z,20251126,2025,834,0.56,99.92,60.2194,True,True,True,https://noaa-nws-rtofs-pds.s3.amazonaws.com/rtofs.20251126/rtofs_glo_3dz_f006_6hrly_hvr_US_east.nc
ARGO_GDAC,pfl,aoml/4903551/profiles/D4903551_181.nc|2025-12-01T05:15:05Z|21.95994|-97.05049,aoml/4903551/profiles/D4903551_181.nc,4903551,4903551,21.95994,-97.05049,2025-12-01T05:15:05Z,20251201,2025,678,0.44,1343.72,60.5618,True,True,True,https://noaa-nws-rtofs-pds.s3.amazonaws.com/rtofs.20251201/rtofs_glo_3dz_f006_6hrly_hvr_US_east.nc
ARGO_GDAC,pfl,aoml/4903551/profiles/D4903551_181.nc|2025-12-01T05:15:05Z|21.95994|-97.05049,aoml/4903551/profiles/D4903551_181.nc,4903551,4903551,21.95994,-97.05049,2025-12-01T05:15:05Z,20251201,2025,747,0.44,99.92,60.5365,True,True,True,https://noaa-nws-rtofs-pds.s3.amazonaws.com/rtofs.20251201/rtofs_glo_3dz_f006_6hrly_hvr_US_east.nc
ARGO_GDAC,pfl,aoml/4903551/profiles/D4903551_182.nc|2025-12-06T05:21:42Z|21.95632|-97.05420,aoml/4903551/profiles/D4903551_182.nc,4903551,4903551,21.95632,-97.0542,2025-12-06T05:21:42Z,20251206,2025,659,0.44,1306.04,63.6681,True,True,True,https://noaa-nws-rtofs-pds.s3.amazonaws.com/rtofs.20251206/rtofs_glo_3dz_f006_6hrly_hvr_US_east.nc
ARGO_GDAC,pfl,aoml/4903551/profiles/D4903551_182.nc|2025-12-06T05:21:42Z|21.95632|-97.05420,aoml/4903551/profiles/D4903551_182.nc,4903551,4903551,21.95632,-97.0542,2025-12-06T05:21:42Z,20251206,2025,803,0.44,99.96,64.1106,True,True,True,https://noaa-nws-rtofs-pds.s3.amazonaws.com/rtofs.20251206/rtofs_glo_3dz_f006_6hrly_hvr_US_east.nc
ARGO_GDAC,pfl,aoml/4903551/profiles/D4903551_183.nc|2025-12-11T05:26:02Z|21.95120|-97.05684,aoml/4903551/profiles/D4903551_183.nc,4903551,4903551,21.9512,-97.05684,2025-12-11T05:26:02Z,20251211,2025,656,1.0,1301.36,67.3177,True,True,True,https://noaa-nws-rtofs-pds.s3.amazonaws.com/rtofs.20251211/rtofs_glo_3dz_f006_6hrly_hvr_US_east.nc
ARGO_GDAC,pfl,aoml/4903551/profiles/D4903551_183.nc|2025-12-11T05:26:02Z|21.95120|-97.05684,aoml/4903551/profiles/D4903551_183.nc,4903551,4903551,21.9512,-97.05684,2025-12-11T05:26:02Z,20251211,2025,781,0.64,100.0,67.6923,True,True,True,https://noaa-nws-rtofs-pds.s3.amazonaws.com/rtofs.20251211/rtofs_glo_3dz_f006_6hrly_hvr_US_east.nc
ARGO_GDAC,pfl,aoml/4903551/profiles/R4903551_184.nc|2025-12-16T05:26:18Z|21.95268|-97.05813,aoml/4903551/profiles/R4903551_184.nc,4903551,4903551,21.95268,-97.05813,2025-12-16T05:26:18Z,20251216,2025,643,1.04,1275.44,61.855,True,True,True,https://noaa-nws-rtofs-pds.s3.amazonaws.com/rtofs.20251216/rtofs_glo_3dz_f006_6hrly_hvr_US_east.nc
ARGO_GDAC,pfl,aoml/4903551/profiles/R4903551_184.nc|2025-12-16T05:26:18Z|21.95268|-97.05813,aoml/4903551/profiles/R4903551_184.nc,4903551,4903551,21.95268,-97.05813,2025-12-16T05:26:18Z,20251216,2025,816,0.68,99.92,62.1208,True,True,True,https://noaa-nws-rtofs-pds.s3.amazonaws.com/rtofs.20251216/rtofs_glo_3dz_f006_6hrly_hvr_US_east.nc
ARGO_GDAC,pfl,aoml/4903551/profiles/R4903551_185.nc|2025-12-21T05:32:57Z|21.96161|-97.06203,aoml/4903551/profiles/R4903551_185.nc,4903551,4903551,21.96161,-97.06203,2025-12-21T05:32:57Z,20251221,2025,651,0.36,1289.6,45.0164,True,True,True,https://noaa-nws-rtofs-pds.s3.amazonaws.com/rtofs.20251221/rtofs_glo_3dz_f006_6hrly_hvr_US_east.nc
ARGO_GDAC,pfl,aoml/4903551/profiles/R4903551_185.nc|2025-12-21T05:32:57Z|21.96161|-97.06203,aoml/4903551/profiles/R4903551_185.nc,4903551,4903551,21.96161,-97.06203,2025-12-21T05:32:57Z,20251221,2025,780,0.36,99.92,45.58,True,True,True,https://noaa-nws-rtofs-pds.s3.amazonaws.com/rtofs.20251221/rtofs_glo_3dz_f006_6hrly_hvr_US_east.nc
ARGO_GDAC,pfl,aoml/4903551/profiles/R4903551_186.nc|2025-12-26T05:25:37Z|21.97193|-97.07214,aoml/4903551/profiles/R4903551_186.nc,4903551,4903551,21.97193,-97.07214,2025-12-26T05:25:37Z,20251226,2025,601,1.08,1191.6,59.4181,True,True,True,https://noaa-nws-rtofs-pds.s3.amazonaws.com/rtofs.20251226/rtofs_glo_3dz_f006_6hrly_hvr_US_east.nc
ARGO_GDAC,pfl,aoml/4903551/profiles/R4903551_186.nc|2025-12-26T05:25:37Z|21.97193|-97.07214,aoml/4903551/profiles/R4903551_186.nc,4903551,4903551,21.97193,-97.07214,2025-12-26T05:25:37Z,20251226,2025,865,0.76,99.96,59.136,True,True,True,https://noaa-nws-rtofs-pds.s3.amazonaws.com/rtofs.20251226/rtofs_glo_3dz_f006_6hrly_hvr_US_east.nc
ARGO_GDAC,pfl,aoml/4903551/profiles/R4903551_187.nc|2025-12-31T05:09:52Z|21.97232|-97.07762,aoml/4903551/profiles/R4903551_187.nc,4903551,4903551,21.97232,-97.07762,2025-12-31T05:09:52Z,20251231,2025,574,0.36,1135.04,104.9554,True,False,True,https://noaa-nws-rtofs-pds.s3.amazonaws.com/rtofs.20251231/rtofs_glo_3dz_f006_6hrly_hvr_US_east.nc
ARGO_GDAC,pfl,aoml/4903551/profiles/R4903551_187.nc|2025-12-31T05:09:52Z|21.97232|-97.07762,aoml/4903551/profiles/R4903551_187.nc,4903551,4903551,21.97232,-97.07762,2025-12-31T05:09:52Z,20251231,2025,751,0.28,99.8,,False,False,True,https://noaa-nws-rtofs-pds.s3.amazonaws.com/rtofs.20251231/rtofs_glo_3dz_f006_6hrly_hvr_US_east.nc
ARGO_GDAC,pfl,aoml/4903552/profiles/D4903552_042.nc|2024-01-01T16:00:24Z|23.91809|-83.97901,aoml/4903552/profiles/D4903552_042.nc,4903552,4903552,23.91809,-83.97901,2024-01-01T16:00:24Z,20240101,2024,969,0.4,1925.24,38.6492,True,True,False,
ARGO_GDAC,pfl,aoml/4903552/profiles/D4903552_042.nc|2024-01-01T16:00:24Z|23.91809|-83.97901,aoml/4903552/profiles/D4903552_042.nc,4903552,4903552,23.91809,-83.97901,2024-01-01T16:00:24Z,20240101,2024,736,0.4,99.88,38.2045,True,True,False,
ARGO_GDAC,pfl,aoml/4903552/profiles/D4903552_043.nc|2024-01-06T17:24:22Z|23.71087|-83.72955,aoml/4903552/profiles/D4903552_043.nc,4903552,4903552,23.71087,-83.72955,2024-01-06T17:24:22Z,20240106,2024,967,1.0,1923.52,87.9211,True,True,False,
ARGO_GDAC,pfl,aoml/4903552/profiles/D4903552_043.nc|2024-01-06T17:24:22Z|23.71087|-83.72955,aoml/4903552/profiles/D4903552_043.nc,4903552,4903552,23.71087,-83.72955,2024-01-06T17:24:22Z,20240106,2024,797,0.68,99.92,88.08,True,True,False,
ARGO_GDAC,pfl,aoml/4903552/profiles/D4903552_044.nc|2024-01-11T18:06:04Z|23.58594|-83.71581,aoml/4903552/profiles/D4903552_044.nc,4903552,4903552,23.58594,-83.71581,2024-01-11T18:06:04Z,20240111,2024,1011,1.04,2011.88,31.8701,True,True,False,
ARGO_GDAC,pfl,aoml/4903552/profiles/D4903552_044.nc|2024-01-11T18:06:04Z|23.58594|-83.71581,aoml/4903552/profiles/D4903552_044.nc,4903552,4903552,23.58594,-83.71581,2024-01-11T18:06:04Z,20240111,2024,688,0.68,99.96,32.1,True,True,False,
ARGO_GDAC,pfl,aoml/4903552/profiles/D4903552_045.nc|2024-01-16T18:49:44Z|23.58422|-83.63193,aoml/4903552/profiles/D4903552_045.nc,4903552,4903552,23.58422,-83.63193,2024-01-16T18:49:44Z,20240116,2024,1010,1.04,2009.48,36.3496,True,True,False,
ARGO_GDAC,pfl,aoml/4903552/profiles/D4903552_045.nc|2024-01-16T18:49:44Z|23.58422|-83.63193,aoml/4903552/profiles/D4903552_045.nc,4903552,4903552,23.58422,-83.63193,2024-01-16T18:49:44Z,20240116,2024,808,0.72,99.96,36.7543,True,True,False,
ARGO_GDAC,pfl,aoml/4903552/profiles/D4903552_046.nc|2024-01-21T19:36:35Z|23.67931|-83.57226,aoml/4903552/profiles/D4903552_046.nc,4903552,4903552,23.67931,-83.57226,2024-01-21T19:36:35Z,20240121,2024,1013,1.04,2015.52,22.4512,True,True,False,
ARGO_GDAC,pfl,aoml/4903552/profiles/D4903552_046.nc|2024-01-21T19:36:35Z|23.67931|-83.57226,aoml/4903552/profiles/D4903552_046.nc,4903552,4903552,23.67931,-83.57226,2024-01-21T19:36:35Z,20240121,2024,796,0.6,99.84,22.716,True,True,False,
ARGO_GDAC,pfl,aoml/4903552/profiles/D4903552_047.nc|2024-01-26T20:32:13Z|23.79058|-83.63906,aoml/4903552/profiles/D4903552_047.nc,4903552,4903552,23.79058,-83.63906,2024-01-26T20:32:13Z,20240126,2024,863,1.0,1715.24,30.51,True,True,False,
ARGO_GDAC,pfl,aoml/4903552/profiles/D4903552_047.nc|2024-01-26T20:32:13Z|23.79058|-83.63906,aoml/4903552/profiles/D4903552_047.nc,4903552,4903552,23.79058,-83.63906,2024-01-26T20:32:13Z,20240126,2024,783,0.56,99.96,32.1599,True,True,False,
ARGO_GDAC,pfl,aoml/4903552/profiles/D4903552_048.nc|2024-01-31T21:01:17Z|23.89554|-83.70464,aoml/4903552/profiles/D4903552_048.nc,4903552,4903552,23.89554,-83.70464,2024-01-31T21:01:17Z,20240131,2024,758,1.08,1505.2,16.8964,True,True,True,https://noaa-nws-rtofs-pds.s3.amazonaws.com/rtofs.20240131/rtofs_glo_3dz_f006_6hrly_hvr_US_east.nc
ARGO_GDAC,pfl,aoml/4903552/profiles/D4903552_048.nc|2024-01-31T21:01:17Z|23.89554|-83.70464,aoml/4903552/profiles/D4903552_048.nc,4903552,4903552,23.89554,-83.70464,2024-01-31T21:01:17Z,20240131,2024,824,0.68,99.88,16.792,True,True,True,https://noaa-nws-rtofs-pds.s3.amazonaws.com/rtofs.20240131/rtofs_glo_3dz_f006_6hrly_hvr_US_east.nc
ARGO_GDAC,pfl,aoml/4903552/profiles/D4903552_049.nc|2024-02-05T21:53:09Z|24.07361|-83.97675,aoml/4903552/profiles/D4903552_049.nc,4903552,4903552,24.07361,-83.97675,2024-02-05T21:53:09Z,20240205,2024,838,0.44,1663.24,30.6817,True,True,True,https://noaa-nws-rtofs-pds.s3.amazonaws.com/rtofs.20240205/rtofs_glo_3dz_f006_6hrly_hvr_US_east.nc
ARGO_GDAC,pfl,aoml/4903552/profiles/D4903552_049.nc|2024-02-05T21:53:09Z|24.07361|-83.97675,aoml/4903552/profiles/D4903552_049.nc,4903552,4903552,24.07361,-83.97675,2024-02-05T21:53:09Z,20240205,2024,755,0.44,99.92,30.0975,True,True,True,https://noaa-nws-rtofs-pds.s3.amazonaws.com/rtofs.20240205/rtofs_glo_3dz_f006_6hrly_hvr_US_east.nc
ARGO_GDAC,pfl,aoml/4903552/profiles/D4903552_050.nc|2024-02-10T22:25:08Z|24.20756|-84.01187,aoml/4903552/profiles/D4903552_050.nc,4903552,4903552,24.20756,-84.01187,2024-02-10T22:25:08Z,20240210,2024,768,0.44,1523.72,48.0443,True,True,True,https://noaa-nws-rtofs-pds.s3.amazonaws.com/rtofs.20240210/rtofs_glo_3dz_f006_6hrly_hvr_US_east.nc
ARGO_GDAC,pfl,aoml/4903552/profiles/D4903552_050.nc|2024-02-10T22:25:08Z|24.20756|-84.01187,aoml/4903552/profiles/D4903552_050.nc,4903552,4903552,24.20756,-84.01187,2024-02-10T22:25:08Z,20240210,2024,792,0.44,99.92,47.944,True,True,True,https://noaa-nws-rtofs-pds.s3.amazonaws.com/rtofs.20240210/rtofs_glo_3dz_f006_6hrly_hvr_US_east.nc
ARGO_GDAC,pfl,aoml/4903552/profiles/D4903552_051.nc|2024-02-15T22:31:08Z|24.23777|-83.98752,aoml/4903552/profiles/D4903552_051.nc,4903552,4903552,24.23777,-83.98752,2024-02-15T22:31:08Z,20240215,2024,682,0.96,1353.6,21.9952,True,True,True,https://noaa-nws-rtofs-pds.s3.amazonaws.com/rtofs.20240215/rtofs_glo_3dz_f006_6hrly_hvr_US_east.nc
ARGO_GDAC,pfl,aoml/4903552/profiles/D4903552_051.nc|2024-02-15T22:31:08Z|24.23777|-83.98752,aoml/4903552/profiles/D4903552_051.nc,4903552,4903552,24.23777,-83.98752,2024-02-15T22:31:08Z,20240215,2024,705,0.56,99.96,21.7433,True,True,True,https://noaa-nws-rtofs-pds.s3.amazonaws.com/rtofs.20240215/rtofs_glo_3dz_f006_6hrly_hvr_US_east.nc
ARGO_GDAC,pfl,aoml/4903552/profiles/D4903552_052.nc|2024-02-20T22:29:47Z|24.26847|-83.98906,aoml/4903552/profiles/D4903552_052.nc,4903552,4903552,24.26847,-83.98906,2024-02-20T22:29:47Z,20240220,2024,669,0.44,1325.44,26.7037,True,True,True,https://noaa-nws-rtofs-pds.s3.amazonaws.com/rtofs.20240220/rtofs_glo_3dz_f006_6hrly_hvr_US_east.nc
ARGO_GDAC,pfl,aoml/4903552/profiles/D4903552_052.nc|2024-02-20T22:29:47Z|24.26847|-83.98906,aoml/4903552/profiles/D4903552_052.nc,4903552,4903552,24.26847,-83.98906,2024-02-20T22:29:47Z,20240220,2024,718,0.44,99.92,27.0371,True,True,True,https://noaa-nws-rtofs-pds.s3.amazonaws.com/rtofs.20240220/rtofs_glo_3dz_f006_6hrly_hvr_US_east.nc
ARGO_GDAC,pfl,aoml/4903552/profiles/D4903552_053.nc|2024-02-25T22:34:07Z|24.29031|-84.00685,aoml/4903552/profiles/D4903552_053.nc,4903552,4903552,24.29031,-84.00685,2024-02-25T22:34:07Z,20240225,2024,681,0.92,1351.88,34.7596,True,True,True,https://noaa-nws-rtofs-pds.s3.amazonaws.com/rtofs.20240225/rtofs_glo_3dz_f006_6hrly_hvr_US_east.nc
ARGO_GDAC,pfl,aoml/4903552/profiles/D4903552_053.nc|2024-02-25T22:34:07Z|24.29031|-84.00685,aoml/4903552/profiles/D4903552_053.nc,4903552,4903552,24.29031,-84.00685,2024-02-25T22:34:07Z,20240225,2024,696,0.52,100.0,34.63,True,True,True,https://noaa-nws-rtofs-pds.s3.amazonaws.com/rtofs.20240225/rtofs_glo_3dz_f006_6hrly_hvr_US_east.nc
ARGO_GDAC,pfl,aoml/4903552/profiles/D4903552_054.nc|2024-03-01T22:50:46Z|24.42852|-84.05789,aoml/4903552/profiles/D4903552_054.nc,4903552,4903552,24.42852,-84.05789,2024-03-01T22:50:46Z,20240301,2024,1011,1.12,2011.04,23.2134,True,True,True,https://noaa-nws-rtofs-pds.s3.amazonaws.com/rtofs.20240301/rtofs_glo_3dz_f006_6hrly_hvr_US_east.nc
ARGO_GDAC,pfl,aoml/4903552/profiles/D4903552_054.nc|2024-03-01T22:50:46Z|24.42852|-84.05789,aoml/4903552/profiles/D4903552_054.nc,4903552,4903552,24.42852,-84.05789,2024-03-01T22:50:46Z,20240301,2024,780,0.72,100.0,23.4882,True,True,True,https://noaa-nws-rtofs-pds.s3.amazonaws.com/rtofs.20240301/rtofs_glo_3dz_f006_6hrly_hvr_US_east.nc
ARGO_GDAC,pfl,aoml/4903552/profiles/D4903552_055.nc|2024-03-06T23:43:12Z|24.49939|-84.01433,aoml/4903552/profiles/D4903552_055.nc,4903552,4903552,24.49939,-84.01433,2024-03-06T23:43:12Z,20240306,2024,1011,1.08,2011.68,10.7874,True,True,True,https://noaa-nws-rtofs-pds.s3.amazonaws.com/rtofs.20240306/rtofs_glo_3dz_f006_6hrly_hvr_US_east.nc
ARGO_GDAC,pfl,aoml/4903552/profiles/D4903552_055.nc|2024-03-06T23:43:12Z|24.49939|-84.01433,aoml/4903552/profiles/D4903552_055.nc,4903552,4903552,24.49939,-84.01433,2024-03-06T23:43:12Z,20240306,2024,771,0.72,99.92,10.4892,True,True,True,https://noaa-nws-rtofs-pds.s3.amazonaws.com/rtofs.20240306/rtofs_glo_3dz_f006_6hrly_hvr_US_east.nc
ARGO_GDAC,pfl,aoml/4903552/profiles/D4903552_056.nc|2024-03-12T00:37:59Z|24.42630|-83.95791,aoml/4903552/profiles/D4903552_056.nc,4903552,4903552,24.4263,-83.95791,2024-03-12T00:37:59Z,20240312,2024,844,1.04,1677.88,14.4834,True,True,True,https://noaa-nws-rtofs-pds.s3.amazonaws.com/rtofs.20240312/rtofs_glo_3dz_f006_6hrly_hvr_US_east.nc
ARGO_GDAC,pfl,aoml/4903552/profiles/D4903552_056.nc|2024-03-12T00:37:59Z|24.42630|-83.95791,aoml/4903552/profiles/D4903552_056.nc,4903552,4903552,24.4263,-83.95791,2024-03-12T00:37:59Z,20240312,2024,791,0.6,99.88,14.3572,True,True,True,https://noaa-nws-rtofs-pds.s3.amazonaws.com/rtofs.20240312/rtofs_glo_3dz_f006_6hrly_hvr_US_east.nc
ARGO_GDAC,pfl,aoml/4903552/profiles/D4903552_057.nc|2024-03-17T00:52:11Z|24.38882|-83.94416,aoml/4903552/profiles/D4903552_057.nc,4903552,4903552,24.38882,-83.94416,2024-03-17T00:52:11Z,20240317,2024,710,1.08,1409.04,11.282,True,True,True,https://noaa-nws-rtofs-pds.s3.amazonaws.com/rtofs.20240317/rtofs_glo_3dz_f006_6hrly_hvr_US_east.nc
ARGO_GDAC,pfl,aoml/4903552/profiles/D4903552_057.nc|2024-03-17T00:52:11Z|24.38882|-83.94416,aoml/4903552/profiles/D4903552_057.nc,4903552,4903552,24.38882,-83.94416,2024-03-17T00:52:11Z,20240317,2024,795,0.68,99.84,11.5826,True,True,True,https://noaa-nws-rtofs-pds.s3.amazonaws.com/rtofs.20240317/rtofs_glo_3dz_f006_6hrly_hvr_US_east.nc
ARGO_GDAC,pfl,aoml/4903552/profiles/D4903552_058.nc|2024-03-22T00:51:54Z|24.34452|-83.92105,aoml/4903552/profiles/D4903552_058.nc,4903552,4903552,24.34452,-83.92105,2024-03-22T00:51:54Z,20240322,2024,644,1.0,1277.48,15.4047,True,True,True,https://noaa-nws-rtofs-pds.s3.amazonaws.com/rtofs.20240322/rtofs_glo_3dz_f006_6hrly_hvr_US_east.nc
ARGO_GDAC,pfl,aoml/4903552/profiles/D4903552_058.nc|2024-03-22T00:51:54Z|24.34452|-83.92105,aoml/4903552/profiles/D4903552_058.nc,4903552,4903552,24.34452,-83.92105,2024-03-22T00:51:54Z,20240322,2024,708,0.56,100.0,16.0337,True,True,True,https://noaa-nws-rtofs-pds.s3.amazonaws.com/rtofs.20240322/rtofs_glo_3dz_f006_6hrly_hvr_US_east.nc
ARGO_GDAC,pfl,aoml/4903552/profiles/D4903552_059.nc|2024-03-27T00:41:52Z|24.30828|-83.89121,aoml/4903552/profiles/D4903552_059.nc,4903552,4903552,24.30828,-83.89121,2024-03-27T00:41:52Z,20240327,2024,599,1.12,1187.2,16.7178,True,True,True,https://noaa-nws-rtofs-pds.s3.amazonaws.com/rtofs.20240327/rtofs_glo_3dz_f006_6hrly_hvr_US_east.nc
ARGO_GDAC,pfl,aoml/4903552/profiles/D4903552_059.nc|2024-03-27T00:41:52Z|24.30828|-83.89121,aoml/4903552/profiles/D4903552_059.nc,4903552,4903552,24.30828,-83.89121,2024-03-27T00:41:52Z,20240327,2024,960,0.72,99.84,16.8044,True,True,True,https://noaa-nws-rtofs-pds.s3.amazonaws.com/rtofs.20240327/rtofs_glo_3dz_f006_6hrly_hvr_US_east.nc
ARGO_GDAC,pfl,aoml/4903552/profiles/D4903552_060.nc|2024-04-01T00:20:33Z|24.28365|-83.86910,aoml/4903552/profiles/D4903552_060.nc,4903552,4903552,24.28365,-83.8691,2024-04-01T00:20:33Z,20240401,2024,567,1.08,1123.96,18.9542,True,True,True,https://noaa-nws-rtofs-pds.s3.amazonaws.com/rtofs.20240401/rtofs_glo_3dz_f006_6hrly_hvr_US_east.nc
ARGO_GDAC,pfl,aoml/4903552/profiles/D4903552_060.nc|2024-04-01T00:20:33Z|24.28365|-83.86910,aoml/4903552/profiles/D4903552_060.nc,4903552,4903552,24.28365,-83.8691,2024-04-01T00:20:33Z,20240401,2024,797,0.68,99.96,18.84,True,True,True,https://noaa-nws-rtofs-pds.s3.amazonaws.com/rtofs.20240401/rtofs_glo_3dz_f006_6hrly_hvr_US_east.nc
ARGO_GDAC,pfl,aoml/4903552/profiles/D4903552_061.nc|2024-04-05T23:52:47Z|24.28211|-83.87239,aoml/4903552/profiles/D4903552_061.nc,4903552,4903552,24.28211,-83.87239,2024-04-05T23:52:47Z,20240405,2024,533,1.08,1055.96,24.5318,True,True,True,https://noaa-nws-rtofs-pds.s3.amazonaws.com/rtofs.20240405/rtofs_glo_3dz_f006_6hrly_hvr_US_east.nc
ARGO_GDAC,pfl,aoml/4903552/profiles/D4903552_061.nc|2024-04-05T23:52:47Z|24.28211|-83.87239,aoml/4903552/profiles/D4903552_061.nc,4903552,4903552,24.28211,-83.87239,2024-04-05T23:52:47Z,20240405,2024,917,0.68,99.96,25.0229,True,True,True,https://noaa-nws-rtofs-pds.s3.amazonaws.com/rtofs.20240405/rtofs_glo_3dz_f006_6hrly_hvr_US_east.nc
ARGO_GDAC,pfl,aoml/4903552/profiles/D4903552_062.nc|2024-04-10T23:31:16Z|24.27296|-83.88483,aoml/4903552/profiles/D4903552_062.nc,4903552,4903552,24.27296,-83.88483,2024-04-10T23:31:16Z,20240410,2024,574,1.0,1137.16,14.7056,True,True,True,https://noaa-nws-rtofs-pds.s3.amazonaws.com/rtofs.20240410/rtofs_glo_3dz_f006_6hrly_hvr_US_east.nc
ARGO_GDAC,pfl,aoml/4903552/profiles/D4903552_062.nc|2024-04-10T23:31:16Z|24.27296|-83.88483,aoml/4903552/profiles/D4903552_062.nc,4903552,4903552,24.27296,-83.88483,2024-04-10T23:31:16Z,20240410,2024,795,0.6,99.96,13.6777,True,True,True,https://noaa-nws-rtofs-pds.s3.amazonaws.com/rtofs.20240410/rtofs_glo_3dz_f006_6hrly_hvr_US_east.nc
ARGO_GDAC,pfl,aoml/4903552/profiles/D4903552_063.nc|2024-04-15T23:16:41Z|24.26264|-83.88911,aoml/4903552/profiles/D4903552_063.nc,4903552,4903552,24.26264,-83.88911,2024-04-15T23:16:41Z,20240415,2024,579,1.0,1147.6,17.6991,True,True,True,https://noaa-nws-rtofs-pds.s3.amazonaws.com/rtofs.20240415/rtofs_glo_3dz_f006_6hrly_hvr_US_east.nc
ARGO_GDAC,pfl,aoml/4903552/profiles/D4903552_063.nc|2024-04-15T23:16:41Z|24.26264|-83.88911,aoml/4903552/profiles/D4903552_063.nc,4903552,4903552,24.26264,-83.88911,2024-04-15T23:16:41Z,20240415,2024,782,0.52,99.96,18.2058,True,True,True,https://noaa-nws-rtofs-pds.s3.amazonaws.com/rtofs.20240415/rtofs_glo_3dz_f006_6hrly_hvr_US_east.nc
ARGO_GDAC,pfl,aoml/4903552/profiles/D4903552_064.nc|2024-04-20T23:00:03Z|24.26213|-83.90417,aoml/4903552/profiles/D4903552_064.nc,4903552,4903552,24.26213,-83.90417,2024-04-20T23:00:03Z,20240420,2024,583,1.0,1155.24,23.1371,True,True,True,https://noaa-nws-rtofs-pds.s3.amazonaws.com/rtofs.20240420/rtofs_glo_3dz_f006_6hrly_hvr_US_east.nc
ARGO_GDAC,pfl,aoml/4903552/profiles/D4903552_064.nc|2024-04-20T23:00:03Z|24.26213|-83.90417,aoml/4903552/profiles/D4903552_064.nc,4903552,4903552,24.26213,-83.90417,2024-04-20T23:00:03Z,20240420,2024,732,0.6,99.92,23.2,True,True,True,https://noaa-nws-rtofs-pds.s3.amazonaws.com/rtofs.20240420/rtofs_glo_3dz_f006_6hrly_hvr_US_east.nc
ARGO_GDAC,pfl,aoml/4903552/profiles/D4903552_065.nc|2024-04-25T21:55:17Z|24.24996|-83.92592,aoml/4903552/profiles/D4903552_065.nc,4903552,4903552,24.24996,-83.92592,2024-04-25T21:55:17Z,20240425,2024,601,0.32,1189.32,34.9395,True,True,True,https://noaa-nws-rtofs-pds.s3.amazonaws.com/rtofs.20240425/rtofs_glo_3dz_f006_6hrly_hvr_US_east.nc
ARGO_GDAC,pfl,aoml/4903552/profiles/D4903552_065.nc|2024-04-25T21:55:17Z|24.24996|-83.92592,aoml/4903552/profiles/D4903552_065.nc,4903552,4903552,24.24996,-83.92592,2024-04-25T21:55:17Z,20240425,2024,378,0.2,100.0,35.4027,True,True,True,https://noaa-nws-rtofs-pds.s3.amazonaws.com/rtofs.20240425/rtofs_glo_3dz_f006_6hrly_hvr_US_east.nc
ARGO_GDAC,pfl,aoml/4903552/profiles/D4903552_066.nc|2024-04-30T21:35:55Z|24.22482|-83.94895,aoml/4903552/profiles/D4903552_066.nc,4903552,4903552,24.22482,-83.94895,2024-04-30T21:35:55Z,20240430,2024,619,1.04,1228.28,10.7698,True,True,True,https://noaa-nws-rtofs-pds.s3.amazonaws.com/rtofs.20240430/rtofs_glo_3dz_f006_6hrly_hvr_US_east.nc
ARGO_GDAC,pfl,aoml/4903552/profiles/D4903552_066.nc|2024-04-30T21:35:55Z|24.22482|-83.94895,aoml/4903552/profiles/D4903552_066.nc,4903552,4903552,24.22482,-83.94895,2024-04-30T21:35:55Z,20240430,2024,811,0.68,99.96,10.2538,True,True,True,https://noaa-nws-rtofs-pds.s3.amazonaws.com/rtofs.20240430/rtofs_glo_3dz_f006_6hrly_hvr_US_east.nc
ARGO_GDAC,pfl,aoml/4903552/profiles/D4903552_067.nc|2024-05-05T21:24:46Z|24.17855|-83.92368,aoml/4903552/profiles/D4903552_067.nc,4903552,4903552,24.17855,-83.92368,2024-05-05T21:24:46Z,20240505,2024,621,1.0,1232.16,15.5849,True,True,True,https://noaa-nws-rtofs-pds.s3.amazonaws.com/rtofs.20240505/rtofs_glo_3dz_f006_6hrly_hvr_US_east.nc
ARGO_GDAC,pfl,aoml/4903552/profiles/D4903552_067.nc|2024-05-05T21:24:46Z|24.17855|-83.92368,aoml/4903552/profiles/D4903552_067.nc,4903552,4903552,24.17855,-83.92368,2024-05-05T21:24:46Z,20240505,2024,731,0.64,99.88,15.6327,True,True,True,https://noaa-nws-rtofs-pds.s3.amazonaws.com/rtofs.20240505/rtofs_glo_3dz_f006_6hrly_hvr_US_east.nc
ARGO_GDAC,pfl,aoml/4903552/profiles/D4903552_068.nc|2024-05-10T21:24:47Z|24.15277|-83.91872,aoml/4903552/profiles/D4903552_068.nc,4903552,4903552,24.15277,-83.91872,2024-05-10T21:24:47Z,20240510,2024,658,1.08,1306.0,11.2259,True,True,True,https://noaa-nws-rtofs-pds.s3.amazonaws.com/rtofs.20240510/rtofs_glo_3dz_f006_6hrly_hvr_US_east.nc
ARGO_GDAC,pfl,aoml/4903552/profiles/D4903552_068.nc|2024-05-10T21:24:47Z|24.15277|-83.91872,aoml/4903552/profiles/D4903552_068.nc,4903552,4903552,24.15277,-83.91872,2024-05-10T21:24:47Z,20240510,2024,824,0.76,99.88,11.6971,True,True,True,https://noaa-nws-rtofs-pds.s3.amazonaws.com/rtofs.20240510/rtofs_glo_3dz_f006_6hrly_hvr_US_east.nc
ARGO_GDAC,pfl,aoml/4903552/profiles/D4903552_069.nc|2024-05-15T21:29:11Z|24.12301|-83.90978,aoml/4903552/profiles/D4903552_069.nc,4903552,4903552,24.12301,-83.90978,2024-05-15T21:29:11Z,20240515,2024,657,1.0,1304.12,13.7533,True,True,True,https://noaa-nws-rtofs-pds.s3.amazonaws.com/rtofs.20240515/rtofs_glo_3dz_f006_6hrly_hvr_US_east.nc
ARGO_GDAC,pfl,aoml/4903552/profiles/D4903552_069.nc|2024-05-15T21:29:11Z|24.12301|-83.90978,aoml/4903552/profiles/D4903552_069.nc,4903552,4903552,24.12301,-83.90978,2024-05-15T21:29:11Z,20240515,2024,765,0.56,99.92,13.9339,True,True,True,https://noaa-nws-rtofs-pds.s3.amazonaws.com/rtofs.20240515/rtofs_glo_3dz_f006_6hrly_hvr_US_east.nc
ARGO_GDAC,pfl,aoml/4903552/profiles/D4903552_070.nc|2024-05-20T21:49:09Z|24.08766|-83.89247,aoml/4903552/profiles/D4903552_070.nc,4903552,4903552,24.08766,-83.89247,2024-05-20T21:49:09Z,20240520,2024,726,0.96,1441.8,17.0464,True,True,True,https://noaa-nws-rtofs-pds.s3.amazonaws.com/rtofs.20240520/rtofs_glo_3dz_f006_6hrly_hvr_US_east.nc
ARGO_GDAC,pfl,aoml/4903552/profiles/D4903552_070.nc|2024-05-20T21:49:09Z|24.08766|-83.89247,aoml/4903552/profiles/D4903552_070.nc,4903552,4903552,24.08766,-83.89247,2024-05-20T21:49:09Z,20240520,2024,841,0.52,99.96,17.1709,True,True,True,https://noaa-nws-rtofs-pds.s3.amazonaws.com/rtofs.20240520/rtofs_glo_3dz_f006_6hrly_hvr_US_east.nc
ARGO_GDAC,pfl,aoml/4903552/profiles/D4903552_071.nc|2024-05-25T22:11:53Z|24.08476|-84.04706,aoml/4903552/profiles/D4903552_071.nc,4903552,4903552,24.08476,-84.04706,2024-05-25T22:11:53Z,20240525,2024,1007,0.96,2003.36,18.9954,True,True,True,https://noaa-nws-rtofs-pds.s3.amazonaws.com/rtofs.20240525/rtofs_glo_3dz_f006_6hrly_hvr_US_east.nc
ARGO_GDAC,pfl,aoml/4903552/profiles/D4903552_071.nc|2024-05-25T22:11:53Z|24.08476|-84.04706,aoml/4903552/profiles/D4903552_071.nc,4903552,4903552,24.08476,-84.04706,2024-05-25T22:11:53Z,20240525,2024,862,0.6,99.96,19.4909,True,True,True,https://noaa-nws-rtofs-pds.s3.amazonaws.com/rtofs.20240525/rtofs_glo_3dz_f006_6hrly_hvr_US_east.nc
ARGO_GDAC,pfl,aoml/4903552/profiles/D4903552_072.nc|2024-05-30T23:12:59Z|24.15822|-84.11863,aoml/4903552/profiles/D4903552_072.nc,4903552,4903552,24.15822,-84.11863,2024-05-30T23:12:59Z,20240530,2024,1011,1.0,2011.36,15.3997,True,True,True,https://noaa-nws-rtofs-pds.s3.amazonaws.com/rtofs.20240530/rtofs_glo_3dz_f006_6hrly_hvr_US_east.nc
ARGO_GDAC,pfl,aoml/4903552/profiles/D4903552_072.nc|2024-05-30T23:12:59Z|24.15822|-84.11863,aoml/4903552/profiles/D4903552_072.nc,4903552,4903552,24.15822,-84.11863,2024-05-30T23:12:59Z,20240530,2024,841,0.64,99.96,15.4,True,True,True,https://noaa-nws-rtofs-pds.s3.amazonaws.com/rtofs.20240530/rtofs_glo_3dz_f006_6hrly_hvr_US_east.nc
ARGO_GDAC,pfl,aoml/4903552/profiles/D4903552_073.nc|2024-06-05T00:00:47Z|24.35451|-84.08626,aoml/4903552/profiles/D4903552_073.nc,4903552,4903552,24.35451,-84.08626,2024-06-05T00:00:47Z,20240605,2024,1013,0.36,2013.48,13.8629,True,True,True,https://noaa-nws-rtofs-pds.s3.amazonaws.com/rtofs.20240605/rtofs_glo_3dz_f006_6hrly_hvr_US_east.nc
ARGO_GDAC,pfl,aoml/4903552/profiles/D4903552_073.nc|2024-06-05T00:00:47Z|24.35451|-84.08626,aoml/4903552/profiles/D4903552_073.nc,4903552,4903552,24.35451,-84.08626,2024-06-05T00:00:47Z,20240605,2024,803,0.36,100.0,13.88,True,True,True,https://noaa-nws-rtofs-pds.s3.amazonaws.com/rtofs.20240605/rtofs_glo_3dz_f006_6hrly_hvr_US_east.nc
ARGO_GDAC,pfl,aoml/4903552/profiles/D4903552_074.nc|2024-06-10T01:17:58Z|24.50687|-84.06689,aoml/4903552/profiles/D4903552_074.nc,4903552,4903552,24.50687,-84.06689,2024-06-10T01:17:58Z,20240610,2024,905,0.96,1799.64,12.6492,True,True,True,https://noaa-nws-rtofs-pds.s3.amazonaws.com/rtofs.20240610/rtofs_glo_3dz_f006_6hrly_hvr_US_east.nc
ARGO_GDAC,pfl,aoml/4903552/profiles/D4903552_074.nc|2024-06-10T01:17:58Z|24.50687|-84.06689,aoml/4903552/profiles/D4903552_074.nc,4903552,4903552,24.50687,-84.06689,2024-06-10T01:17:58Z,20240610,2024,800,0.56,99.88,12.3938,True,True,True,https://noaa-nws-rtofs-pds.s3.amazonaws.com/rtofs.20240610/rtofs_glo_3dz_f006_6hrly_hvr_US_east.nc
ARGO_GDAC,pfl,aoml/4903552/profiles/D4903552_075.nc|2024-06-15T01:58:51Z|24.59390|-84.16548,aoml/4903552/profiles/D4903552_075.nc,4903552,4903552,24.5939,-84.16548,2024-06-15T01:58:51Z,20240615,2024,1012,1.0,2013.2,28.5265,True,True,True,https://noaa-nws-rtofs-pds.s3.amazonaws.com/rtofs.20240615/rtofs_glo_3dz_f006_6hrly_hvr_US_east.nc
ARGO_GDAC,pfl,aoml/4903552/profiles/D4903552_075.nc|2024-06-15T01:58:51Z|24.59390|-84.16548,aoml/4903552/profiles/D4903552_075.nc,4903552,4903552,24.5939,-84.16548,2024-06-15T01:58:51Z,20240615,2024,916,0.52,99.96,29.3071,True,True,True,https://noaa-nws-rtofs-pds.s3.amazonaws.com/rtofs.20240615/rtofs_glo_3dz_f006_6hrly_hvr_US_east.nc
ARGO_GDAC,pfl,aoml/4903552/profiles/D4903552_076.nc|2024-06-20T02:49:20Z|24.66348|-84.26042,aoml/4903552/profiles/D4903552_076.nc,4903552,4903552,24.66348,-84.26042,2024-06-20T02:49:20Z,20240620,2024,1013,1.08,2015.72,36.0936,True,True,True,https://noaa-nws-rtofs-pds.s3.amazonaws.com/rtofs.20240620/rtofs_glo_3dz_f006_6hrly_hvr_US_east.nc
ARGO_GDAC,pfl,aoml/4903552/profiles/D4903552_076.nc|2024-06-20T02:49:20Z|24.66348|-84.26042,aoml/4903552/profiles/D4903552_076.nc,4903552,4903552,24.66348,-84.26042,2024-06-20T02:49:20Z,20240620,2024,855,0.68,99.88,36.6547,True,True,True,https://noaa-nws-rtofs-pds.s3.amazonaws.com/rtofs.20240620/rtofs_glo_3dz_f006_6hrly_hvr_US_east.nc
ARGO_GDAC,pfl,aoml/4903552/profiles/D4903552_077.nc|2024-06-25T03:52:59Z|24.67562|-84.24657,aoml/4903552/profiles/D4903552_077.nc,4903552,4903552,24.67562,-84.24657,2024-06-25T03:52:59Z,20240625,2024,864,1.04,1718.12,23.5679,True,True,True,https://noaa-nws-rtofs-pds.s3.amazonaws.com/rtofs.20240625/rtofs_glo_3dz_f006_6hrly_hvr_US_east.nc
ARGO_GDAC,pfl,aoml/4903552/profiles/D4903552_077.nc|2024-06-25T03:52:59Z|24.67562|-84.24657,aoml/4903552/profiles/D4903552_077.nc,4903552,4903552,24.67562,-84.24657,2024-06-25T03:52:59Z,20240625,2024,806,0.52,99.88,23.77,True,True,True,https://noaa-nws-rtofs-pds.s3.amazonaws.com/rtofs.20240625/rtofs_glo_3dz_f006_6hrly_hvr_US_east.nc
ARGO_GDAC,pfl,aoml/4903552/profiles/D4903552_078.nc|2024-06-30T04:58:57Z|24.65276|-84.30003,aoml/4903552/profiles/D4903552_078.nc,4903552,4903552,24.65276,-84.30003,2024-06-30T04:58:57Z,20240630,2024,1006,1.0,2001.56,14.7884,True,True,True,https://noaa-nws-rtofs-pds.s3.amazonaws.com/rtofs.20240630/rtofs_glo_3dz_f006_6hrly_hvr_US_east.nc
ARGO_GDAC,pfl,aoml/4903552/profiles/D4903552_078.nc|2024-06-30T04:58:57Z|24.65276|-84.30003,aoml/4903552/profiles/D4903552_078.nc,4903552,4903552,24.65276,-84.30003,2024-06-30T04:58:57Z,20240630,2024,866,0.64,100.0,14.9808,True,True,True,https://noaa-nws-rtofs-pds.s3.amazonaws.com/rtofs.20240630/rtofs_glo_3dz_f006_6hrly_hvr_US_east.nc
ARGO_GDAC,pfl,aoml/4903552/profiles/D4903552_079.nc|2024-07-05T05:47:56Z|24.75412|-84.43942,aoml/4903552/profiles/D4903552_079.nc,4903552,4903552,24.75412,-84.43942,2024-07-05T05:47:56Z,20240705,2024,1011,0.96,2011.16,14.8431,True,True,True,https://noaa-nws-rtofs-pds.s3.amazonaws.com/rtofs.20240705/rtofs_glo_3dz_f006_6hrly_hvr_US_east.nc
ARGO_GDAC,pfl,aoml/4903552/profiles/D4903552_079.nc|2024-07-05T05:47:56Z|24.75412|-84.43942,aoml/4903552/profiles/D4903552_079.nc,4903552,4903552,24.75412,-84.43942,2024-07-05T05:47:56Z,20240705,2024,819,0.56,99.92,14.74,True,True,True,https://noaa-nws-rtofs-pds.s3.amazonaws.com/rtofs.20240705/rtofs_glo_3dz_f006_6hrly_hvr_US_east.nc
ARGO_GDAC,pfl,aoml/4903552/profiles/D4903552_080.nc|2024-07-10T06:36:57Z|24.98475|-84.52007,aoml/4903552/profiles/D4903552_080.nc,4903552,4903552,24.98475,-84.52007,2024-07-10T06:36:57Z,20240710,2024,1010,1.0,2009.0,23.5056,True,True,True,https://noaa-nws-rtofs-pds.s3.amazonaws.com/rtofs.20240710/rtofs_glo_3dz_f006_6hrly_hvr_US_east.nc
ARGO_GDAC,pfl,aoml/4903552/profiles/D4903552_080.nc|2024-07-10T06:36:57Z|24.98475|-84.52007,aoml/4903552/profiles/D4903552_080.nc,4903552,4903552,24.98475,-84.52007,2024-07-10T06:36:57Z,20240710,2024,899,0.68,99.88,23.16,True,True,True,https://noaa-nws-rtofs-pds.s3.amazonaws.com/rtofs.20240710/rtofs_glo_3dz_f006_6hrly_hvr_US_east.nc
ARGO_GDAC,pfl,aoml/4903552/profiles/D4903552_081.nc|2024-07-15T07:57:34Z|25.16965|-84.64617,aoml/4903552/profiles/D4903552_081.nc,4903552,4903552,25.16965,-84.64617,2024-07-15T07:57:34Z,20240715,2024,951,1.0,1891.72,15.9163,True,True,True,https://noaa-nws-rtofs-pds.s3.amazonaws.com/rtofs.20240715/rtofs_glo_3dz_f006_6hrly_hvr_US_east.nc
ARGO_GDAC,pfl,aoml/4903552/profiles/D4903552_081.nc|2024-07-15T07:57:34Z|25.16965|-84.64617,aoml/4903552/profiles/D4903552_081.nc,4903552,4903552,25.16965,-84.64617,2024-07-15T07:57:34Z,20240715,2024,811,0.52,99.96,16.3585,True,True,True,https://noaa-nws-rtofs-pds.s3.amazonaws.com/rtofs.20240715/rtofs_glo_3dz_f006_6hrly_hvr_US_east.nc
ARGO_GDAC,pfl,aoml/4903552/profiles/D4903552_082.nc|2024-07-20T08:36:16Z|25.22531|-84.78720,aoml/4903552/profiles/D4903552_082.nc,4903552,4903552,25.22531,-84.7872,2024-07-20T08:36:16Z,20240720,2024,1013,0.92,2015.28,20.2209,True,True,True,https://noaa-nws-rtofs-pds.s3.amazonaws.com/rtofs.20240720/rtofs_glo_3dz_f006_6hrly_hvr_US_east.nc
ARGO_GDAC,pfl,aoml/4903552/profiles/D4903552_082.nc|2024-07-20T08:36:16Z|25.22531|-84.78720,aoml/4903552/profiles/D4903552_082.nc,4903552,4903552,25.22531,-84.7872,2024-07-20T08:36:16Z,20240720,2024,889,0.56,99.88,21.2818,True,True,True,https://noaa-nws-rtofs-pds.s3.amazonaws.com/rtofs.20240720/rtofs_glo_3dz_f006_6hrly_hvr_US_east.nc
ARGO_GDAC,pfl,aoml/4903552/profiles/D4903552_083.nc|2024-07-25T09:21:28Z|25.15063|-84.82143,aoml/4903552/profiles/D4903552_083.nc,4903552,4903552,25.15063,-84.82143,2024-07-25T09:21:28Z,20240725,2024,1013,1.08,2015.12,20.5819,True,True,True,https://noaa-nws-rtofs-pds.s3.amazonaws.com/rtofs.20240725/rtofs_glo_3dz_f006_6hrly_hvr_US_east.nc
ARGO_GDAC,pfl,aoml/4903552/profiles/D4903552_083.nc|2024-07-25T09:21:28Z|25.15063|-84.82143,aoml/4903552/profiles/D4903552_083.nc,4903552,4903552,25.15063,-84.82143,2024-07-25T09:21:28Z,20240725,2024,966,0.76,100.0,21.3409,True,True,True,https://noaa-nws-rtofs-pds.s3.amazonaws.com/rtofs.20240725/rtofs_glo_3dz_f006_6hrly_hvr_US_east.nc
ARGO_GDAC,pfl,aoml/4903552/profiles/D4903552_084.nc|2024-07-30T10:05:55Z|25.09918|-84.80976,aoml/4903552/profiles/D4903552_084.nc,4903552,4903552,25.09918,-84.80976,2024-07-30T10:05:55Z,20240730,2024,1011,1.0,2011.6,18.4183,True,True,True,https://noaa-nws-rtofs-pds.s3.amazonaws.com/rtofs.20240730/rtofs_glo_3dz_f006_6hrly_hvr_US_east.nc
ARGO_GDAC,pfl,aoml/4903552/profiles/D4903552_084.nc|2024-07-30T10:05:55Z|25.09918|-84.80976,aoml/4903552/profiles/D4903552_084.nc,4903552,4903552,25.09918,-84.80976,2024-07-30T10:05:55Z,20240730,2024,901,0.64,99.92,18.5925,True,True,True,https://noaa-nws-rtofs-pds.s3.amazonaws.com/rtofs.20240730/rtofs_glo_3dz_f006_6hrly_hvr_US_east.nc
ARGO_GDAC,pfl,aoml/4903552/profiles/D4903552_085.nc|2024-08-04T10:47:23Z|25.36234|-84.81482,aoml/4903552/profiles/D4903552_085.nc,4903552,4903552,25.36234,-84.81482,2024-08-04T10:47:23Z,20240804,2024,1009,1.24,2007.6,18.843,True,True,True,https://noaa-nws-rtofs-pds.s3.amazonaws.com/rtofs.20240804/rtofs_glo_3dz_f006_6hrly_hvr_US_east.nc
ARGO_GDAC,pfl,aoml/4903552/profiles/D4903552_085.nc|2024-08-04T10:47:23Z|25.36234|-84.81482,aoml/4903552/profiles/D4903552_085.nc,4903552,4903552,25.36234,-84.81482,2024-08-04T10:47:23Z,20240804,2024,854,1.04,99.96,19.2622,True,True,True,https://noaa-nws-rtofs-pds.s3.amazonaws.com/rtofs.20240804/rtofs_glo_3dz_f006_6hrly_hvr_US_east.nc
ARGO_GDAC,pfl,aoml/4903552/profiles/D4903552_086.nc|2024-08-09T11:41:09Z|25.85321|-84.96885,aoml/4903552/profiles/D4903552_086.nc,4903552,4903552,25.85321,-84.96885,2024-08-09T11:41:09Z,20240809,2024,1010,1.08,2009.44,16.9419,True,True,True,https://noaa-nws-rtofs-pds.s3.amazonaws.com/rtofs.20240809/rtofs_glo_3dz_f006_6hrly_hvr_US_east.nc
ARGO_GDAC,pfl,aoml/4903552/profiles/D4903552_086.nc|2024-08-09T11:41:09Z|25.85321|-84.96885,aoml/4903552/profiles/D4903552_086.nc,4903552,4903552,25.85321,-84.96885,2024-08-09T11:41:09Z,20240809,2024,892,0.92,99.96,16.867,True,True,True,https://noaa-nws-rtofs-pds.s3.amazonaws.com/rtofs.20240809/rtofs_glo_3dz_f006_6hrly_hvr_US_east.nc
ARGO_GDAC,pfl,aoml/4903552/profiles/D4903552_087.nc|2024-08-14T12:30:34Z|26.05237|-85.02447,aoml/4903552/profiles/D4903552_087.nc,4903552,4903552,26.05237,-85.02447,2024-08-14T12:30:34Z,20240814,2024,1012,0.48,2011.72,15.6031,True,True,True,https://noaa-nws-rtofs-pds.s3.amazonaws.com/rtofs.20240814/rtofs_glo_3dz_f006_6hrly_hvr_US_east.nc
ARGO_GDAC,pfl,aoml/4903552/profiles/D4903552_087.nc|2024-08-14T12:30:34Z|26.05237|-85.02447,aoml/4903552/profiles/D4903552_087.nc,4903552,4903552,26.05237,-85.02447,2024-08-14T12:30:34Z,20240814,2024,966,0.48,99.88,15.78,True,True,True,https://noaa-nws-rtofs-pds.s3.amazonaws.com/rtofs.20240814/rtofs_glo_3dz_f006_6hrly_hvr_US_east.nc
ARGO_GDAC,pfl,aoml/4903552/profiles/D4903552_088.nc|2024-08-19T13:12:38Z|25.85618|-84.94461,aoml/4903552/profiles/D4903552_088.nc,4903552,4903552,25.85618,-84.94461,2024-08-19T13:12:38Z,20240819,2024,1012,1.04,2013.2,20.1339,True,True,True,https://noaa-nws-rtofs-pds.s3.amazonaws.com/rtofs.20240819/rtofs_glo_3dz_f006_6hrly_hvr_US_east.nc
ARGO_GDAC,pfl,aoml/4903552/profiles/D4903552_088.nc|2024-08-19T13:12:38Z|25.85618|-84.94461,aoml/4903552/profiles/D4903552_088.nc,4903552,4903552,25.85618,-84.94461,2024-08-19T13:12:38Z,20240819,2024,999,0.56,99.92,20.3257,True,True,True,https://noaa-nws-rtofs-pds.s3.amazonaws.com/rtofs.20240819/rtofs_glo_3dz_f006_6hrly_hvr_US_east.nc
ARGO_GDAC,pfl,aoml/4903552/profiles/D4903552_089.nc|2024-08-24T13:51:05Z|25.64535|-84.92789,aoml/4903552/profiles/D4903552_089.nc,4903552,4903552,25.64535,-84.92789,2024-08-24T13:51:05Z,20240824,2024,1013,1.04,2015.44,19.0947,True,True,True,https://noaa-nws-rtofs-pds.s3.amazonaws.com/rtofs.20240824/rtofs_glo_3dz_f006_6hrly_hvr_US_east.nc
ARGO_GDAC,pfl,aoml/4903552/profiles/D4903552_089.nc|2024-08-24T13:51:05Z|25.64535|-84.92789,aoml/4903552/profiles/D4903552_089.nc,4903552,4903552,25.64535,-84.92789,2024-08-24T13:51:05Z,20240824,2024,1016,0.72,100.0,19.0945,True,True,True,https://noaa-nws-rtofs-pds.s3.amazonaws.com/rtofs.20240824/rtofs_glo_3dz_f006_6hrly_hvr_US_east.nc
ARGO_GDAC,pfl,aoml/4903552/profiles/D4903552_090.nc|2024-08-29T14:41:20Z|25.50722|-84.91881,aoml/4903552/profiles/D4903552_090.nc,4903552,4903552,25.50722,-84.91881,2024-08-29T14:41:20Z,20240829,2024,1011,1.0,2011.48,13.2987,True,True,True,https://noaa-nws-rtofs-pds.s3.amazonaws.com/rtofs.20240829/rtofs_glo_3dz_f006_6hrly_hvr_US_east.nc
ARGO_GDAC,pfl,aoml/4903552/profiles/D4903552_090.nc|2024-08-29T14:41:20Z|25.50722|-84.91881,aoml/4903552/profiles/D4903552_090.nc,4903552,4903552,25.50722,-84.91881,2024-08-29T14:41:20Z,20240829,2024,1005,0.68,99.96,13.6605,True,True,True,https://noaa-nws-rtofs-pds.s3.amazonaws.com/rtofs.20240829/rtofs_glo_3dz_f006_6hrly_hvr_US_east.nc
ARGO_GDAC,pfl,aoml/4903552/profiles/D4903552_091.nc|2024-09-03T15:24:07Z|25.73681|-84.96983,aoml/4903552/profiles/D4903552_091.nc,4903552,4903552,25.73681,-84.96983,2024-09-03T15:24:07Z,20240903,2024,1012,1.04,2013.44,24.28,True,True,True,https://noaa-nws-rtofs-pds.s3.amazonaws.com/rtofs.20240903/rtofs_glo_3dz_f006_6hrly_hvr_US_east.nc
ARGO_GDAC,pfl,aoml/4903552/profiles/D4903552_091.nc|2024-09-03T15:24:07Z|25.73681|-84.96983,aoml/4903552/profiles/D4903552_091.nc,4903552,4903552,25.73681,-84.96983,2024-09-03T15:24:07Z,20240903,2024,966,0.56,99.92,24.395,True,True,True,https://noaa-nws-rtofs-pds.s3.amazonaws.com/rtofs.20240903/rtofs_glo_3dz_f006_6hrly_hvr_US_east.nc
ARGO_GDAC,pfl,aoml/4903552/profiles/D4903552_092.nc|2024-09-08T16:13:30Z|26.40551|-85.11425,aoml/4903552/profiles/D4903552_092.nc,4903552,4903552,26.40551,-85.11425,2024-09-08T16:13:30Z,20240908,2024,1012,1.0,2013.16,13.2688,True,True,True,https://noaa-nws-rtofs-pds.s3.amazonaws.com/rtofs.20240908/rtofs_glo_3dz_f006_6hrly_hvr_US_east.nc
ARGO_GDAC,pfl,aoml/4903552/profiles/D4903552_092.nc|2024-09-08T16:13:30Z|26.40551|-85.11425,aoml/4903552/profiles/D4903552_092.nc,4903552,4903552,26.40551,-85.11425,2024-09-08T16:13:30Z,20240908,2024,1020,2.8,99.92,12.9778,True,True,True,https://noaa-nws-rtofs-pds.s3.amazonaws.com/rtofs.20240908/rtofs_glo_3dz_f006_6hrly_hvr_US_east.nc
ARGO_GDAC,pfl,aoml/4903552/profiles/D4903552_093.nc|2024-09-13T17:01:31Z|26.60407|-85.32253,aoml/4903552/profiles/D4903552_093.nc,4903552,4903552,26.60407,-85.32253,2024-09-13T17:01:31Z,20240913,2024,1011,0.48,2009.52,20.8232,True,True,True,https://noaa-nws-rtofs-pds.s3.amazonaws.com/rtofs.20240913/rtofs_glo_3dz_f006_6hrly_hvr_US_east.nc
ARGO_GDAC,pfl,aoml/4903552/profiles/D4903552_093.nc|2024-09-13T17:01:31Z|26.60407|-85.32253,aoml/4903552/profiles/D4903552_093.nc,4903552,4903552,26.60407,-85.32253,2024-09-13T17:01:31Z,20240913,2024,930,0.48,99.92,21.12,True,True,True,https://noaa-nws-rtofs-pds.s3.amazonaws.com/rtofs.20240913/rtofs_glo_3dz_f006_6hrly_hvr_US_east.nc
ARGO_GDAC,pfl,aoml/4903552/profiles/D4903552_094.nc|2024-09-18T17:45:20Z|26.19915|-85.30391,aoml/4903552/profiles/D4903552_094.nc,4903552,4903552,26.19915,-85.30391,2024-09-18T17:45:20Z,20240918,2024,1010,1.16,2009.0,35.581,True,True,True,https://noaa-nws-rtofs-pds.s3.amazonaws.com/rtofs.20240918/rtofs_glo_3dz_f006_6hrly_hvr_US_east.nc
ARGO_GDAC,pfl,aoml/4903552/profiles/D4903552_094.nc|2024-09-18T17:45:20Z|26.19915|-85.30391,aoml/4903552/profiles/D4903552_094.nc,4903552,4903552,26.19915,-85.30391,2024-09-18T17:45:20Z,20240918,2024,1020,3.56,99.96,35.8737,True,True,True,https://noaa-nws-rtofs-pds.s3.amazonaws.com/rtofs.20240918/rtofs_glo_3dz_f006_6hrly_hvr_US_east.nc
ARGO_GDAC,pfl,aoml/4903552/profiles/D4903552_095.nc|2024-09-23T18:21:35Z|25.81454|-85.47868,aoml/4903552/profiles/D4903552_095.nc,4903552,4903552,25.81454,-85.47868,2024-09-23T18:21:35Z,20240923,2024,1013,1.04,2015.32,37.424,True,True,True,https://noaa-nws-rtofs-pds.s3.amazonaws.com/rtofs.20240923/rtofs_glo_3dz_f006_6hrly_hvr_US_east.nc
ARGO_GDAC,pfl,aoml/4903552/profiles/D4903552_095.nc|2024-09-23T18:21:35Z|25.81454|-85.47868,aoml/4903552/profiles/D4903552_095.nc,4903552,4903552,25.81454,-85.47868,2024-09-23T18:21:35Z,20240923,2024,818,0.64,99.96,37.3636,True,True,True,https://noaa-nws-rtofs-pds.s3.amazonaws.com/rtofs.20240923/rtofs_glo_3dz_f006_6hrly_hvr_US_east.nc
ARGO_GDAC,pfl,aoml/4903552/profiles/D4903552_096.nc|2024-09-28T18:56:27Z|25.56453|-85.57224,aoml/4903552/profiles/D4903552_096.nc,4903552,4903552,25.56453,-85.57224,2024-09-28T18:56:27Z,20240928,2024,1011,1.08,2011.32,52.2668,True,True,True,https://noaa-nws-rtofs-pds.s3.amazonaws.com/rtofs.20240928/rtofs_glo_3dz_f006_6hrly_hvr_US_east.nc
ARGO_GDAC,pfl,aoml/4903552/profiles/D4903552_096.nc|2024-09-28T18:56:27Z|25.56453|-85.57224,aoml/4903552/profiles/D4903552_096.nc,4903552,4903552,25.56453,-85.57224,2024-09-28T18:56:27Z,20240928,2024,912,0.68,99.92,52.6844,True,True,True,https://noaa-nws-rtofs-pds.s3.amazonaws.com/rtofs.20240928/rtofs_glo_3dz_f006_6hrly_hvr_US_east.nc
ARGO_GDAC,pfl,aoml/4903552/profiles/D4903552_097.nc|2024-10-03T19:38:44Z|24.82354|-85.85363,aoml/4903552/profiles/D4903552_097.nc,4903552,4903552,24.82354,-85.85363,2024-10-03T19:38:44Z,20241003,2024,1013,0.96,2015.24,40.6584,True,True,True,https://noaa-nws-rtofs-pds.s3.amazonaws.com/rtofs.20241003/rtofs_glo_3dz_f006_6hrly_hvr_US_east.nc
ARGO_GDAC,pfl,aoml/4903552/profiles/D4903552_097.nc|2024-10-03T19:38:44Z|24.82354|-85.85363,aoml/4903552/profiles/D4903552_097.nc,4903552,4903552,24.82354,-85.85363,2024-10-03T19:38:44Z,20241003,2024,921,0.56,100.0,40.59,True,True,True,https://noaa-nws-rtofs-pds.s3.amazonaws.com/rtofs.20241003/rtofs_glo_3dz_f006_6hrly_hvr_US_east.nc
ARGO_GDAC,pfl,aoml/4903552/profiles/D4903552_098.nc|2024-10-08T20:33:35Z|24.33242|-86.19183,aoml/4903552/profiles/D4903552_098.nc,4903552,4903552,24.33242,-86.19183,2024-10-08T20:33:35Z,20241008,2024,1012,1.12,2013.36,16.8703,True,True,True,https://noaa-nws-rtofs-pds.s3.amazonaws.com/rtofs.20241008/rtofs_glo_3dz_f006_6hrly_hvr_US_east.nc
ARGO_GDAC,pfl,aoml/4903552/profiles/D4903552_098.nc|2024-10-08T20:33:35Z|24.33242|-86.19183,aoml/4903552/profiles/D4903552_098.nc,4903552,4903552,24.33242,-86.19183,2024-10-08T20:33:35Z,20241008,2024,951,0.76,99.92,17.0834,True,True,True,https://noaa-nws-rtofs-pds.s3.amazonaws.com/rtofs.20241008/rtofs_glo_3dz_f006_6hrly_hvr_US_east.nc
ARGO_GDAC,pfl,aoml/4903552/profiles/D4903552_099.nc|2024-10-13T21:14:49Z|23.92110|-85.76894,aoml/4903552/profiles/D4903552_099.nc,4903552,4903552,23.9211,-85.76894,2024-10-13T21:14:49Z,20241013,2024,1012,1.0,2013.64,26.7612,True,True,True,https://noaa-nws-rtofs-pds.s3.amazonaws.com/rtofs.20241013/rtofs_glo_3dz_f006_6hrly_hvr_US_east.nc
ARGO_GDAC,pfl,aoml/4903552/profiles/D4903552_099.nc|2024-10-13T21:14:49Z|23.92110|-85.76894,aoml/4903552/profiles/D4903552_099.nc,4903552,4903552,23.9211,-85.76894,2024-10-13T21:14:49Z,20241013,2024,938,0.72,99.92,21.82,True,True,True,https://noaa-nws-rtofs-pds.s3.amazonaws.com/rtofs.20241013/rtofs_glo_3dz_f006_6hrly_hvr_US_east.nc
ARGO_GDAC,pfl,aoml/4903552/profiles/D4903552_100.nc|2024-10-18T22:05:13Z|23.98870|-84.95096,aoml/4903552/profiles/D4903552_100.nc,4903552,4903552,23.9887,-84.95096,2024-10-18T22:05:13Z,20241018,2024,1011,0.4,2009.28,48.5524,True,True,True,https://noaa-nws-rtofs-pds.s3.amazonaws.com/rtofs.20241018/rtofs_glo_3dz_f006_6hrly_hvr_US_east.nc
ARGO_GDAC,pfl,aoml/4903552/profiles/D4903552_100.nc|2024-10-18T22:05:13Z|23.98870|-84.95096,aoml/4903552/profiles/D4903552_100.nc,4903552,4903552,23.9887,-84.95096,2024-10-18T22:05:13Z,20241018,2024,792,0.4,99.96,48.5012,True,True,True,https://noaa-nws-rtofs-pds.s3.amazonaws.com/rtofs.20241018/rtofs_glo_3dz_f006_6hrly_hvr_US_east.nc
ARGO_GDAC,pfl,aoml/4903552/profiles/D4903552_101.nc|2024-10-23T22:34:33Z|24.40434|-84.44018,aoml/4903552/profiles/D4903552_101.nc,4903552,4903552,24.40434,-84.44018,2024-10-23T22:34:33Z,20241023,2024,1012,0.48,2011.84,10.7959,True,True,True,https://noaa-nws-rtofs-pds.s3.amazonaws.com/rtofs.20241023/rtofs_glo_3dz_f006_6hrly_hvr_US_east.nc
ARGO_GDAC,pfl,aoml/4903552/profiles/D4903552_101.nc|2024-10-23T22:34:33Z|24.40434|-84.44018,aoml/4903552/profiles/D4903552_101.nc,4903552,4903552,24.40434,-84.44018,2024-10-23T22:34:33Z,20241023,2024,797,0.48,99.96,10.2506,True,True,True,https://noaa-nws-rtofs-pds.s3.amazonaws.com/rtofs.20241023/rtofs_glo_3dz_f006_6hrly_hvr_US_east.nc
ARGO_GDAC,pfl,aoml/4903552/profiles/D4903552_102.nc|2024-10-28T23:13:39Z|24.66097|-84.49044,aoml/4903552/profiles/D4903552_102.nc,4903552,4903552,24.66097,-84.49044,2024-10-28T23:13:39Z,20241028,2024,1009,0.48,2005.4,44.444,True,True,True,https://noaa-nws-rtofs-pds.s3.amazonaws.com/rtofs.20241028/rtofs_glo_3dz_f006_6hrly_hvr_US_east.nc
ARGO_GDAC,pfl,aoml/4903552/profiles/D4903552_102.nc|2024-10-28T23:13:39Z|24.66097|-84.49044,aoml/4903552/profiles/D4903552_102.nc,4903552,4903552,24.66097,-84.49044,2024-10-28T23:13:39Z,20241028,2024,834,0.48,99.88,45.0646,True,True,True,https://noaa-nws-rtofs-pds.s3.amazonaws.com/rtofs.20241028/rtofs_glo_3dz_f006_6hrly_hvr_US_east.nc
ARGO_GDAC,pfl,aoml/4903552/profiles/D4903552_103.nc|2024-11-02T23:57:41Z|24.71022|-84.61158,aoml/4903552/profiles/D4903552_103.nc,4903552,4903552,24.71022,-84.61158,2024-11-02T23:57:41Z,20241102,2024,1009,1.04,2007.12,49.4816,True,True,True,https://noaa-nws-rtofs-pds.s3.amazonaws.com/rtofs.20241102/rtofs_glo_3dz_f006_6hrly_hvr_US_east.nc
ARGO_GDAC,pfl,aoml/4903552/profiles/D4903552_103.nc|2024-11-02T23:57:41Z|24.71022|-84.61158,aoml/4903552/profiles/D4903552_103.nc,4903552,4903552,24.71022,-84.61158,2024-11-02T23:57:41Z,20241102,2024,903,0.64,100.0,49.9,True,True,True,https://noaa-nws-rtofs-pds.s3.amazonaws.com/rtofs.20241102/rtofs_glo_3dz_f006_6hrly_hvr_US_east.nc
ARGO_GDAC,pfl,aoml/4903552/profiles/D4903552_104.nc|2024-11-08T00:45:42Z|24.78094|-84.65411,aoml/4903552/profiles/D4903552_104.nc,4903552,4903552,24.78094,-84.65411,2024-11-08T00:45:42Z,20241108,2024,1012,1.08,2013.84,30.96,True,True,True,https://noaa-nws-rtofs-pds.s3.amazonaws.com/rtofs.20241108/rtofs_glo_3dz_f006_6hrly_hvr_US_east.nc
ARGO_GDAC,pfl,aoml/4903552/profiles/D4903552_104.nc|2024-11-08T00:45:42Z|24.78094|-84.65411,aoml/4903552/profiles/D4903552_104.nc,4903552,4903552,24.78094,-84.65411,2024-11-08T00:45:42Z,20241108,2024,882,0.72,99.96,31.3773,True,True,True,https://noaa-nws-rtofs-pds.s3.amazonaws.com/rtofs.20241108/rtofs_glo_3dz_f006_6hrly_hvr_US_east.nc
ARGO_GDAC,pfl,aoml/4903552/profiles/D4903552_105.nc|2024-11-13T01:22:24Z|24.92906|-84.72910,aoml/4903552/profiles/D4903552_105.nc,4903552,4903552,24.92906,-84.7291,2024-11-13T01:22:24Z,20241113,2024,1010,1.0,2009.68,41.1824,True,True,True,https://noaa-nws-rtofs-pds.s3.amazonaws.com/rtofs.20241113/rtofs_glo_3dz_f006_6hrly_hvr_US_east.nc
ARGO_GDAC,pfl,aoml/4903552/profiles/D4903552_105.nc|2024-11-13T01:22:24Z|24.92906|-84.72910,aoml/4903552/profiles/D4903552_105.nc,4903552,4903552,24.92906,-84.7291,2024-11-13T01:22:24Z,20241113,2024,824,0.52,99.96,41.2001,True,True,True,https://noaa-nws-rtofs-pds.s3.amazonaws.com/rtofs.20241113/rtofs_glo_3dz_f006_6hrly_hvr_US_east.nc
ARGO_GDAC,pfl,aoml/4903552/profiles/D4903552_106.nc|2024-11-18T02:12:14Z|24.91630|-84.88334,aoml/4903552/profiles/D4903552_106.nc,4903552,4903552,24.9163,-84.88334,2024-11-18T02:12:14Z,20241118,2024,1012,1.12,2013.32,52.6286,True,True,True,https://noaa-nws-rtofs-pds.s3.amazonaws.com/rtofs.20241118/rtofs_glo_3dz_f006_6hrly_hvr_US_east.nc
ARGO_GDAC,pfl,aoml/4903552/profiles/D4903552_106.nc|2024-11-18T02:12:14Z|24.91630|-84.88334,aoml/4903552/profiles/D4903552_106.nc,4903552,4903552,24.9163,-84.88334,2024-11-18T02:12:14Z,20241118,2024,987,0.68,99.92,52.8457,True,True,True,https://noaa-nws-rtofs-pds.s3.amazonaws.com/rtofs.20241118/rtofs_glo_3dz_f006_6hrly_hvr_US_east.nc
ARGO_GDAC,pfl,aoml/4903552/profiles/D4903552_107.nc|2024-11-23T02:54:11Z|24.70878|-85.12232,aoml/4903552/profiles/D4903552_107.nc,4903552,4903552,24.70878,-85.12232,2024-11-23T02:54:11Z,20241123,2024,1012,0.48,2011.72,82.2315,True,True,True,https://noaa-nws-rtofs-pds.s3.amazonaws.com/rtofs.20241123/rtofs_glo_3dz_f006_6hrly_hvr_US_east.nc
ARGO_GDAC,pfl,aoml/4903552/profiles/D4903552_107.nc|2024-11-23T02:54:11Z|24.70878|-85.12232,aoml/4903552/profiles/D4903552_107.nc,4903552,4903552,24.70878,-85.12232,2024-11-23T02:54:11Z,20241123,2024,818,0.48,99.96,82.4775,True,True,True,https://noaa-nws-rtofs-pds.s3.amazonaws.com/rtofs.20241123/rtofs_glo_3dz_f006_6hrly_hvr_US_east.nc
ARGO_GDAC,pfl,aoml/4903552/profiles/D4903552_108.nc|2024-11-28T03:39:54Z|24.58497|-85.46595,aoml/4903552/profiles/D4903552_108.nc,4903552,4903552,24.58497,-85.46595,2024-11-28T03:39:54Z,20241128,2024,1010,1.24,2009.6,72.502,True,True,True,https://noaa-nws-rtofs-pds.s3.amazonaws.com/rtofs.20241128/rtofs_glo_3dz_f006_6hrly_hvr_US_east.nc
ARGO_GDAC,pfl,aoml/4903552/profiles/D4903552_108.nc|2024-11-28T03:39:54Z|24.58497|-85.46595,aoml/4903552/profiles/D4903552_108.nc,4903552,4903552,24.58497,-85.46595,2024-11-28T03:39:54Z,20241128,2024,918,1.04,99.96,73.06,True,True,True,https://noaa-nws-rtofs-pds.s3.amazonaws.com/rtofs.20241128/rtofs_glo_3dz_f006_6hrly_hvr_US_east.nc
ARGO_GDAC,pfl,aoml/4903552/profiles/D4903552_109.nc|2024-12-03T04:23:53Z|24.77833|-85.93768,aoml/4903552/profiles/D4903552_109.nc,4903552,4903552,24.77833,-85.93768,2024-12-03T04:23:53Z,20241203,2024,1013,1.04,2015.28,69.8402,True,True,True,https://noaa-nws-rtofs-pds.s3.amazonaws.com/rtofs.20241203/rtofs_glo_3dz_f006_6hrly_hvr_US_east.nc
ARGO_GDAC,pfl,aoml/4903552/profiles/D4903552_109.nc|2024-12-03T04:23:53Z|24.77833|-85.93768,aoml/4903552/profiles/D4903552_109.nc,4903552,4903552,24.77833,-85.93768,2024-12-03T04:23:53Z,20241203,2024,898,0.76,99.92,68.8691,True,True,True,https://noaa-nws-rtofs-pds.s3.amazonaws.com/rtofs.20241203/rtofs_glo_3dz_f006_6hrly_hvr_US_east.nc
ARGO_GDAC,pfl,aoml/4903552/profiles/D4903552_110.nc|2024-12-08T05:28:33Z|25.27008|-86.24744,aoml/4903552/profiles/D4903552_110.nc,4903552,4903552,25.27008,-86.24744,2024-12-08T05:28:33Z,20241208,2024,1010,0.96,2009.04,14.9425,True,True,True,https://noaa-nws-rtofs-pds.s3.amazonaws.com/rtofs.20241208/rtofs_glo_3dz_f006_6hrly_hvr_US_east.nc
ARGO_GDAC,pfl,aoml/4903552/profiles/D4903552_110.nc|2024-12-08T05:28:33Z|25.27008|-86.24744,aoml/4903552/profiles/D4903552_110.nc,4903552,4903552,25.27008,-86.24744,2024-12-08T05:28:33Z,20241208,2024,828,0.56,99.96,14.955,True,True,True,https://noaa-nws-rtofs-pds.s3.amazonaws.com/rtofs.20241208/rtofs_glo_3dz_f006_6hrly_hvr_US_east.nc
ARGO_GDAC,pfl,aoml/4903552/profiles/D4903552_111.nc|2024-12-13T06:17:35Z|25.49370|-86.01960,aoml/4903552/profiles/D4903552_111.nc,4903552,4903552,25.4937,-86.0196,2024-12-13T06:17:35Z,20241213,2024,1011,0.44,2009.52,46.4056,True,True,True,https://noaa-nws-rtofs-pds.s3.amazonaws.com/rtofs.20241213/rtofs_glo_3dz_f006_6hrly_hvr_US_east.nc
ARGO_GDAC,pfl,aoml/4903552/profiles/D4903552_111.nc|2024-12-13T06:17:35Z|25.49370|-86.01960,aoml/4903552/profiles/D4903552_111.nc,4903552,4903552,25.4937,-86.0196,2024-12-13T06:17:35Z,20241213,2024,805,0.44,100.0,46.7322,True,True,True,https://noaa-nws-rtofs-pds.s3.amazonaws.com/rtofs.20241213/rtofs_glo_3dz_f006_6hrly_hvr_US_east.nc
ARGO_GDAC,pfl,aoml/4903552/profiles/D4903552_112.nc|2024-12-18T06:57:07Z|25.17364|-85.52523,aoml/4903552/profiles/D4903552_112.nc,4903552,4903552,25.17364,-85.52523,2024-12-18T06:57:07Z,20241218,2024,1011,0.96,2011.36,41.6731,True,True,True,https://noaa-nws-rtofs-pds.s3.amazonaws.com/rtofs.20241218/rtofs_glo_3dz_f006_6hrly_hvr_US_east.nc
ARGO_GDAC,pfl,aoml/4903552/profiles/D4903552_112.nc|2024-12-18T06:57:07Z|25.17364|-85.52523,aoml/4903552/profiles/D4903552_112.nc,4903552,4903552,25.17364,-85.52523,2024-12-18T06:57:07Z,20241218,2024,890,0.64,99.96,41.2492,True,True,True,https://noaa-nws-rtofs-pds.s3.amazonaws.com/rtofs.20241218/rtofs_glo_3dz_f006_6hrly_hvr_US_east.nc
ARGO_GDAC,pfl,aoml/4903552/profiles/D4903552_113.nc|2024-12-23T07:43:39Z|24.69739|-85.39296,aoml/4903552/profiles/D4903552_113.nc,4903552,4903552,24.69739,-85.39296,2024-12-23T07:43:39Z,20241223,2024,1011,0.92,2011.48,88.5928,True,True,True,https://noaa-nws-rtofs-pds.s3.amazonaws.com/rtofs.20241223/rtofs_glo_3dz_f006_6hrly_hvr_US_east.nc
ARGO_GDAC,pfl,aoml/4903552/profiles/D4903552_113.nc|2024-12-23T07:43:39Z|24.69739|-85.39296,aoml/4903552/profiles/D4903552_113.nc,4903552,4903552,24.69739,-85.39296,2024-12-23T07:43:39Z,20241223,2024,806,0.52,99.96,88.898,True,True,True,https://noaa-nws-rtofs-pds.s3.amazonaws.com/rtofs.20241223/rtofs_glo_3dz_f006_6hrly_hvr_US_east.nc
ARGO_GDAC,pfl,aoml/4903552/profiles/D4903552_114.nc|2024-12-28T08:19:03Z|24.35118|-85.47850,aoml/4903552/profiles/D4903552_114.nc,4903552,4903552,24.35118,-85.4785,2024-12-28T08:19:03Z,20241228,2024,1014,0.48,2015.32,125.0253,True,False,True,https://noaa-nws-rtofs-pds.s3.amazonaws.com/rtofs.20241228/rtofs_glo_3dz_f006_6hrly_hvr_US_east.nc
ARGO_GDAC,pfl,aoml/4903552/profiles/D4903552_114.nc|2024-12-28T08:19:03Z|24.35118|-85.47850,aoml/4903552/profiles/D4903552_114.nc,4903552,4903552,24.35118,-85.4785,2024-12-28T08:19:03Z,20241228,2024,638,0.48,100.0,,False,False,True,https://noaa-nws-rtofs-pds.s3.amazonaws.com/rtofs.20241228/rtofs_glo_3dz_f006_6hrly_hvr_US_east.nc
ARGO_GDAC,pfl,aoml/4903552/profiles/D4903552_115.nc|2025-01-02T08:50:39Z|24.13871|-85.39092,aoml/4903552/profiles/D4903552_115.nc,4903552,4903552,24.13871,-85.39092,2025-01-02T08:50:39Z,20250102,2025,1011,1.0,2011.16,134.7069,True,False,True,https://noaa-nws-rtofs-pds.s3.amazonaws.com/rtofs.20250102/rtofs_glo_3dz_f006_6hrly_hvr_US_east.nc
ARGO_GDAC,pfl,aoml/4903552/profiles/D4903552_115.nc|2025-01-02T08:50:39Z|24.13871|-85.39092,aoml/4903552/profiles/D4903552_115.nc,4903552,4903552,24.13871,-85.39092,2025-01-02T08:50:39Z,20250102,2025,766,0.64,99.84,,False,False,True,https://noaa-nws-rtofs-pds.s3.amazonaws.com/rtofs.20250102/rtofs_glo_3dz_f006_6hrly_hvr_US_east.nc
ARGO_GDAC,pfl,aoml/4903552/profiles/D4903552_116.nc|2025-01-07T09:37:26Z|23.99138|-84.99027,aoml/4903552/profiles/D4903552_116.nc,4903552,4903552,23.99138,-84.99027,2025-01-07T09:37:26Z,20250107,2025,1013,0.4,2013.32,114.6049,True,False,True,https://noaa-nws-rtofs-pds.s3.amazonaws.com/rtofs.20250107/rtofs_glo_3dz_f006_6hrly_hvr_US_east.nc
ARGO_GDAC,pfl,aoml/4903552/profiles/D4903552_116.nc|2025-01-07T09:37:26Z|23.99138|-84.99027,aoml/4903552/profiles/D4903552_116.nc,4903552,4903552,23.99138,-84.99027,2025-01-07T09:37:26Z,20250107,2025,679,0.4,99.96,,False,False,True,https://noaa-nws-rtofs-pds.s3.amazonaws.com/rtofs.20250107/rtofs_glo_3dz_f006_6hrly_hvr_US_east.nc
ARGO_GDAC,pfl,aoml/4903552/profiles/D4903552_117.nc|2025-01-12T10:20:38Z|24.19058|-84.62480,aoml/4903552/profiles/D4903552_117.nc,4903552,4903552,24.19058,-84.6248,2025-01-12T10:20:38Z,20250112,2025,1009,0.96,2007.6,108.5732,True,False,True,https://noaa-nws-rtofs-pds.s3.amazonaws.com/rtofs.20250112/rtofs_glo_3dz_f006_6hrly_hvr_US_east.nc
ARGO_GDAC,pfl,aoml/4903552/profiles/D4903552_117.nc|2025-01-12T10:20:38Z|24.19058|-84.62480,aoml/4903552/profiles/D4903552_117.nc,4903552,4903552,24.19058,-84.6248,2025-01-12T10:20:38Z,20250112,2025,573,0.52,99.88,,False,False,True,https://noaa-nws-rtofs-pds.s3.amazonaws.com/rtofs.20250112/rtofs_glo_3dz_f006_6hrly_hvr_US_east.nc
ARGO_GDAC,pfl,aoml/4903552/profiles/D4903552_118.nc|2025-01-17T10:59:16Z|24.54068|-84.51135,aoml/4903552/profiles/D4903552_118.nc,4903552,4903552,24.54068,-84.51135,2025-01-17T10:59:16Z,20250117,2025,1011,0.92,2011.72,81.3548,True,True,True,https://noaa-nws-rtofs-pds.s3.amazonaws.com/rtofs.20250117/rtofs_glo_3dz_f006_6hrly_hvr_US_east.nc
ARGO_GDAC,pfl,aoml/4903552/profiles/D4903552_118.nc|2025-01-17T10:59:16Z|24.54068|-84.51135,aoml/4903552/profiles/D4903552_118.nc,4903552,4903552,24.54068,-84.51135,2025-01-17T10:59:16Z,20250117,2025,696,0.52,99.88,81.23,True,True,True,https://noaa-nws-rtofs-pds.s3.amazonaws.com/rtofs.20250117/rtofs_glo_3dz_f006_6hrly_hvr_US_east.nc
ARGO_GDAC,pfl,aoml/4903552/profiles/D4903552_119.nc|2025-01-22T11:36:01Z|24.86362|-84.96213,aoml/4903552/profiles/D4903552_119.nc,4903552,4903552,24.86362,-84.96213,2025-01-22T11:36:01Z,20250122,2025,1010,1.0,2009.04,92.1604,True,True,True,https://noaa-nws-rtofs-pds.s3.amazonaws.com/rtofs.20250122/rtofs_glo_3dz_f006_6hrly_hvr_US_east.nc
ARGO_GDAC,pfl,aoml/4903552/profiles/D4903552_119.nc|2025-01-22T11:36:01Z|24.86362|-84.96213,aoml/4903552/profiles/D4903552_119.nc,4903552,4903552,24.86362,-84.96213,2025-01-22T11:36:01Z,20250122,2025,851,0.52,99.88,92.1689,True,True,True,https://noaa-nws-rtofs-pds.s3.amazonaws.com/rtofs.20250122/rtofs_glo_3dz_f006_6hrly_hvr_US_east.nc
ARGO_GDAC,pfl,aoml/4903552/profiles/D4903552_120.nc|2025-01-27T12:29:57Z|25.11784|-85.46478,aoml/4903552/profiles/D4903552_120.nc,4903552,4903552,25.11784,-85.46478,2025-01-27T12:29:57Z,20250127,2025,1013,1.0,2015.2,16.0804,True,True,True,https://noaa-nws-rtofs-pds.s3.amazonaws.com/rtofs.20250127/rtofs_glo_3dz_f006_6hrly_hvr_US_east.nc
ARGO_GDAC,pfl,aoml/4903552/profiles/D4903552_120.nc|2025-01-27T12:29:57Z|25.11784|-85.46478,aoml/4903552/profiles/D4903552_120.nc,4903552,4903552,25.11784,-85.46478,2025-01-27T12:29:57Z,20250127,2025,891,0.52,99.84,24.42,True,True,True,https://noaa-nws-rtofs-pds.s3.amazonaws.com/rtofs.20250127/rtofs_glo_3dz_f006_6hrly_hvr_US_east.nc
ARGO_GDAC,pfl,aoml/4903552/profiles/D4903552_121.nc|2025-02-01T13:12:12Z|24.87547|-85.66540,aoml/4903552/profiles/D4903552_121.nc,4903552,4903552,24.87547,-85.6654,2025-02-01T13:12:12Z,20250201,2025,1008,0.96,2005.48,40.5099,True,True,True,https://noaa-nws-rtofs-pds.s3.amazonaws.com/rtofs.20250201/rtofs_glo_3dz_f006_6hrly_hvr_US_east.nc
ARGO_GDAC,pfl,aoml/4903552/profiles/D4903552_121.nc|2025-02-01T13:12:12Z|24.87547|-85.66540,aoml/4903552/profiles/D4903552_121.nc,4903552,4903552,24.87547,-85.6654,2025-02-01T13:12:12Z,20250201,2025,797,0.52,99.96,39.94,True,True,True,https://noaa-nws-rtofs-pds.s3.amazonaws.com/rtofs.20250201/rtofs_glo_3dz_f006_6hrly_hvr_US_east.nc
ARGO_GDAC,pfl,aoml/4903552/profiles/D4903552_122.nc|2025-02-06T13:57:21Z|24.71415|-86.26229,aoml/4903552/profiles/D4903552_122.nc,4903552,4903552,24.71415,-86.26229,2025-02-06T13:57:21Z,20250206,2025,1012,1.0,2013.28,46.8521,True,True,True,https://noaa-nws-rtofs-pds.s3.amazonaws.com/rtofs.20250206/rtofs_glo_3dz_f006_6hrly_hvr_US_east.nc
ARGO_GDAC,pfl,aoml/4903552/profiles/D4903552_122.nc|2025-02-06T13:57:21Z|24.71415|-86.26229,aoml/4903552/profiles/D4903552_122.nc,4903552,4903552,24.71415,-86.26229,2025-02-06T13:57:21Z,20250206,2025,701,0.68,100.0,46.52,True,True,True,https://noaa-nws-rtofs-pds.s3.amazonaws.com/rtofs.20250206/rtofs_glo_3dz_f006_6hrly_hvr_US_east.nc
ARGO_GDAC,pfl,aoml/4903552/profiles/D4903552_123.nc|2025-02-11T14:34:16Z|25.06397|-86.68124,aoml/4903552/profiles/D4903552_123.nc,4903552,4903552,25.06397,-86.68124,2025-02-11T14:34:16Z,20250211,2025,1008,1.04,2005.48,113.6421,True,False,True,https://noaa-nws-rtofs-pds.s3.amazonaws.com/rtofs.20250211/rtofs_glo_3dz_f006_6hrly_hvr_US_east.nc
ARGO_GDAC,pfl,aoml/4903552/profiles/D4903552_123.nc|2025-02-11T14:34:16Z|25.06397|-86.68124,aoml/4903552/profiles/D4903552_123.nc,4903552,4903552,25.06397,-86.68124,2025-02-11T14:34:16Z,20250211,2025,662,0.64,100.0,,False,False,True,https://noaa-nws-rtofs-pds.s3.amazonaws.com/rtofs.20250211/rtofs_glo_3dz_f006_6hrly_hvr_US_east.nc
ARGO_GDAC,pfl,aoml/4903552/profiles/D4903552_124.nc|2025-02-16T15:19:33Z|25.46829|-86.57487,aoml/4903552/profiles/D4903552_124.nc,4903552,4903552,25.46829,-86.57487,2025-02-16T15:19:33Z,20250216,2025,1009,0.48,2005.32,72.8763,True,True,True,https://noaa-nws-rtofs-pds.s3.amazonaws.com/rtofs.20250216/rtofs_glo_3dz_f006_6hrly_hvr_US_east.nc
ARGO_GDAC,pfl,aoml/4903552/profiles/D4903552_124.nc|2025-02-16T15:19:33Z|25.46829|-86.57487,aoml/4903552/profiles/D4903552_124.nc,4903552,4903552,25.46829,-86.57487,2025-02-16T15:19:33Z,20250216,2025,743,0.48,100.0,58.61,True,True,True,https://noaa-nws-rtofs-pds.s3.amazonaws.com/rtofs.20250216/rtofs_glo_3dz_f006_6hrly_hvr_US_east.nc
ARGO_GDAC,pfl,aoml/4903552/profiles/D4903552_125.nc|2025-02-21T16:03:08Z|25.11924|-86.27576,aoml/4903552/profiles/D4903552_125.nc,4903552,4903552,25.11924,-86.27576,2025-02-21T16:03:08Z,20250221,2025,1011,0.96,2011.84,80.2411,True,True,True,https://noaa-nws-rtofs-pds.s3.amazonaws.com/rtofs.20250221/rtofs_glo_3dz_f006_6hrly_hvr_US_east.nc
ARGO_GDAC,pfl,aoml/4903552/profiles/D4903552_125.nc|2025-02-21T16:03:08Z|25.11924|-86.27576,aoml/4903552/profiles/D4903552_125.nc,4903552,4903552,25.11924,-86.27576,2025-02-21T16:03:08Z,20250221,2025,708,0.52,99.96,79.912,True,True,True,https://noaa-nws-rtofs-pds.s3.amazonaws.com/rtofs.20250221/rtofs_glo_3dz_f006_6hrly_hvr_US_east.nc
ARGO_GDAC,pfl,aoml/4903552/profiles/D4903552_126.nc|2025-02-26T16:53:25Z|24.98766|-86.81240,aoml/4903552/profiles/D4903552_126.nc,4903552,4903552,24.98766,-86.8124,2025-02-26T16:53:25Z,20250226,2025,1010,0.96,2009.4,52.5945,True,True,True,https://noaa-nws-rtofs-pds.s3.amazonaws.com/rtofs.20250226/rtofs_glo_3dz_f006_6hrly_hvr_US_east.nc
ARGO_GDAC,pfl,aoml/4903552/profiles/D4903552_126.nc|2025-02-26T16:53:25Z|24.98766|-86.81240,aoml/4903552/profiles/D4903552_126.nc,4903552,4903552,24.98766,-86.8124,2025-02-26T16:53:25Z,20250226,2025,748,0.52,99.96,53.0046,True,True,True,https://noaa-nws-rtofs-pds.s3.amazonaws.com/rtofs.20250226/rtofs_glo_3dz_f006_6hrly_hvr_US_east.nc
ARGO_GDAC,pfl,aoml/4903552/profiles/D4903552_127.nc|2025-03-03T17:31:50Z|25.60722|-86.99595,aoml/4903552/profiles/D4903552_127.nc,4903552,4903552,25.60722,-86.99595,2025-03-03T17:31:50Z,20250303,2025,1013,1.0,2015.24,44.4927,True,True,True,https://noaa-nws-rtofs-pds.s3.amazonaws.com/rtofs.20250303/rtofs_glo_3dz_f006_6hrly_hvr_US_east.nc
ARGO_GDAC,pfl,aoml/4903552/profiles/D4903552_127.nc|2025-03-03T17:31:50Z|25.60722|-86.99595,aoml/4903552/profiles/D4903552_127.nc,4903552,4903552,25.60722,-86.99595,2025-03-03T17:31:50Z,20250303,2025,746,0.6,99.92,44.5689,True,True,True,https://noaa-nws-rtofs-pds.s3.amazonaws.com/rtofs.20250303/rtofs_glo_3dz_f006_6hrly_hvr_US_east.nc
ARGO_GDAC,pfl,aoml/4903552/profiles/D4903552_128.nc|2025-03-08T18:02:05Z|25.45017|-86.60231,aoml/4903552/profiles/D4903552_128.nc,4903552,4903552,25.45017,-86.60231,2025-03-08T18:02:05Z,20250308,2025,1009,1.0,2007.6,89.9633,True,True,True,https://noaa-nws-rtofs-pds.s3.amazonaws.com/rtofs.20250308/rtofs_glo_3dz_f006_6hrly_hvr_US_east.nc
ARGO_GDAC,pfl,aoml/4903552/profiles/D4903552_128.nc|2025-03-08T18:02:05Z|25.45017|-86.60231,aoml/4903552/profiles/D4903552_128.nc,4903552,4903552,25.45017,-86.60231,2025-03-08T18:02:05Z,20250308,2025,710,0.64,99.92,90.0566,True,True,True,https://noaa-nws-rtofs-pds.s3.amazonaws.com/rtofs.20250308/rtofs_glo_3dz_f006_6hrly_hvr_US_east.nc
ARGO_GDAC,pfl,aoml/4903552/profiles/D4903552_129.nc|2025-03-13T18:47:08Z|25.13902|-86.66735,aoml/4903552/profiles/D4903552_129.nc,4903552,4903552,25.13902,-86.66735,2025-03-13T18:47:08Z,20250313,2025,1013,0.48,2013.12,22.0397,True,True,True,https://noaa-nws-rtofs-pds.s3.amazonaws.com/rtofs.20250313/rtofs_glo_3dz_f006_6hrly_hvr_US_east.nc
ARGO_GDAC,pfl,aoml/4903552/profiles/D4903552_129.nc|2025-03-13T18:47:08Z|25.13902|-86.66735,aoml/4903552/profiles/D4903552_129.nc,4903552,4903552,25.13902,-86.66735,2025-03-13T18:47:08Z,20250313,2025,651,0.48,99.84,20.36,True,True,True,https://noaa-nws-rtofs-pds.s3.amazonaws.com/rtofs.20250313/rtofs_glo_3dz_f006_6hrly_hvr_US_east.nc
ARGO_GDAC,pfl,aoml/4903552/profiles/D4903552_130.nc|2025-03-18T19:20:46Z|25.17879|-87.00630,aoml/4903552/profiles/D4903552_130.nc,4903552,4903552,25.17879,-87.0063,2025-03-18T19:20:46Z,20250318,2025,1007,1.08,2003.84,62.5683,True,True,True,https://noaa-nws-rtofs-pds.s3.amazonaws.com/rtofs.20250318/rtofs_glo_3dz_f006_6hrly_hvr_US_east.nc
ARGO_GDAC,pfl,aoml/4903552/profiles/D4903552_130.nc|2025-03-18T19:20:46Z|25.17879|-87.00630,aoml/4903552/profiles/D4903552_130.nc,4903552,4903552,25.17879,-87.0063,2025-03-18T19:20:46Z,20250318,2025,661,0.72,99.92,62.6418,True,True,True,https://noaa-nws-rtofs-pds.s3.amazonaws.com/rtofs.20250318/rtofs_glo_3dz_f006_6hrly_hvr_US_east.nc
ARGO_GDAC,pfl,aoml/4903552/profiles/D4903552_131.nc|2025-03-23T19:58:57Z|25.38266|-87.38497,aoml/4903552/profiles/D4903552_131.nc,4903552,4903552,25.38266,-87.38497,2025-03-23T19:58:57Z,20250323,2025,1012,0.48,2011.48,40.038,True,True,True,https://noaa-nws-rtofs-pds.s3.amazonaws.com/rtofs.20250323/rtofs_glo_3dz_f006_6hrly_hvr_US_east.nc
ARGO_GDAC,pfl,aoml/4903552/profiles/D4903552_131.nc|2025-03-23T19:58:57Z|25.38266|-87.38497,aoml/4903552/profiles/D4903552_131.nc,4903552,4903552,25.38266,-87.38497,2025-03-23T19:58:57Z,20250323,2025,769,0.48,100.0,39.1875,True,True,True,https://noaa-nws-rtofs-pds.s3.amazonaws.com/rtofs.20250323/rtofs_glo_3dz_f006_6hrly_hvr_US_east.nc
ARGO_GDAC,pfl,aoml/4903552/profiles/D4903552_132.nc|2025-03-28T20:35:01Z|25.47494|-87.60598,aoml/4903552/profiles/D4903552_132.nc,4903552,4903552,25.47494,-87.60598,2025-03-28T20:35:01Z,20250328,2025,1013,1.0,2015.24,17.0562,True,True,True,https://noaa-nws-rtofs-pds.s3.amazonaws.com/rtofs.20250328/rtofs_glo_3dz_f006_6hrly_hvr_US_east.nc
ARGO_GDAC,pfl,aoml/4903552/profiles/D4903552_132.nc|2025-03-28T20:35:01Z|25.47494|-87.60598,aoml/4903552/profiles/D4903552_132.nc,4903552,4903552,25.47494,-87.60598,2025-03-28T20:35:01Z,20250328,2025,835,0.52,99.88,12.0792,True,True,True,https://noaa-nws-rtofs-pds.s3.amazonaws.com/rtofs.20250328/rtofs_glo_3dz_f006_6hrly_hvr_US_east.nc
ARGO_GDAC,pfl,aoml/4903552/profiles/D4903552_133.nc|2025-04-02T21:35:39Z|25.23970|-87.79530,aoml/4903552/profiles/D4903552_133.nc,4903552,4903552,25.2397,-87.7953,2025-04-02T21:35:39Z,20250402,2025,1009,0.4,2005.28,23.3245,True,True,True,https://noaa-nws-rtofs-pds.s3.amazonaws.com/rtofs.20250402/rtofs_glo_3dz_f006_6hrly_hvr_US_east.nc
ARGO_GDAC,pfl,aoml/4903552/profiles/D4903552_133.nc|2025-04-02T21:35:39Z|25.23970|-87.79530,aoml/4903552/profiles/D4903552_133.nc,4903552,4903552,25.2397,-87.7953,2025-04-02T21:35:39Z,20250402,2025,883,0.32,99.96,23.3933,True,True,True,https://noaa-nws-rtofs-pds.s3.amazonaws.com/rtofs.20250402/rtofs_glo_3dz_f006_6hrly_hvr_US_east.nc
ARGO_GDAC,pfl,aoml/4903552/profiles/D4903552_134.nc|2025-04-07T22:26:25Z|25.17154|-88.07071,aoml/4903552/profiles/D4903552_134.nc,4903552,4903552,25.17154,-88.07071,2025-04-07T22:26:25Z,20250407,2025,1011,1.12,2011.28,43.5275,True,True,True,https://noaa-nws-rtofs-pds.s3.amazonaws.com/rtofs.20250407/rtofs_glo_3dz_f006_6hrly_hvr_US_east.nc
ARGO_GDAC,pfl,aoml/4903552/profiles/D4903552_134.nc|2025-04-07T22:26:25Z|25.17154|-88.07071,aoml/4903552/profiles/D4903552_134.nc,4903552,4903552,25.17154,-88.07071,2025-04-07T22:26:25Z,20250407,2025,809,0.68,100.0,43.9164,True,True,True,https://noaa-nws-rtofs-pds.s3.amazonaws.com/rtofs.20250407/rtofs_glo_3dz_f006_6hrly_hvr_US_east.nc
ARGO_GDAC,pfl,aoml/4903552/profiles/D4903552_135.nc|2025-04-12T23:13:03Z|25.16155|-88.29894,aoml/4903552/profiles/D4903552_135.nc,4903552,4903552,25.16155,-88.29894,2025-04-12T23:13:03Z,20250412,2025,1012,1.0,2013.6,58.4479,True,True,True,https://noaa-nws-rtofs-pds.s3.amazonaws.com/rtofs.20250412/rtofs_glo_3dz_f006_6hrly_hvr_US_east.nc
ARGO_GDAC,pfl,aoml/4903552/profiles/D4903552_135.nc|2025-04-12T23:13:03Z|25.16155|-88.29894,aoml/4903552/profiles/D4903552_135.nc,4903552,4903552,25.16155,-88.29894,2025-04-12T23:13:03Z,20250412,2025,857,0.56,99.92,58.2,True,True,True,https://noaa-nws-rtofs-pds.s3.amazonaws.com/rtofs.20250412/rtofs_glo_3dz_f006_6hrly_hvr_US_east.nc
ARGO_GDAC,pfl,aoml/4903552/profiles/D4903552_136.nc|2025-04-17T23:51:16Z|25.12599|-88.57330,aoml/4903552/profiles/D4903552_136.nc,4903552,4903552,25.12599,-88.5733,2025-04-17T23:51:16Z,20250417,2025,1010,0.92,2009.56,53.9461,True,True,True,https://noaa-nws-rtofs-pds.s3.amazonaws.com/rtofs.20250417/rtofs_glo_3dz_f006_6hrly_hvr_US_east.nc
ARGO_GDAC,pfl,aoml/4903552/profiles/D4903552_136.nc|2025-04-17T23:51:16Z|25.12599|-88.57330,aoml/4903552/profiles/D4903552_136.nc,4903552,4903552,25.12599,-88.5733,2025-04-17T23:51:16Z,20250417,2025,811,0.56,99.92,54.8798,True,True,True,https://noaa-nws-rtofs-pds.s3.amazonaws.com/rtofs.20250417/rtofs_glo_3dz_f006_6hrly_hvr_US_east.nc
ARGO_GDAC,pfl,aoml/4903552/profiles/D4903552_137.nc|2025-04-23T00:32:49Z|25.22657|-88.78036,aoml/4903552/profiles/D4903552_137.nc,4903552,4903552,25.22657,-88.78036,2025-04-23T00:32:49Z,20250423,2025,1013,0.96,2015.48,28.5966,True,True,True,https://noaa-nws-rtofs-pds.s3.amazonaws.com/rtofs.20250423/rtofs_glo_3dz_f006_6hrly_hvr_US_east.nc
ARGO_GDAC,pfl,aoml/4903552/profiles/D4903552_137.nc|2025-04-23T00:32:49Z|25.22657|-88.78036,aoml/4903552/profiles/D4903552_137.nc,4903552,4903552,25.22657,-88.78036,2025-04-23T00:32:49Z,20250423,2025,783,0.52,100.0,29.2033,True,True,True,https://noaa-nws-rtofs-pds.s3.amazonaws.com/rtofs.20250423/rtofs_glo_3dz_f006_6hrly_hvr_US_east.nc
ARGO_GDAC,pfl,aoml/4903552/profiles/D4903552_138.nc|2025-04-28T01:12:49Z|25.47306|-88.99122,aoml/4903552/profiles/D4903552_138.nc,4903552,4903552,25.47306,-88.99122,2025-04-28T01:12:49Z,20250428,2025,1011,0.4,2009.44,15.0859,True,True,True,https://noaa-nws-rtofs-pds.s3.amazonaws.com/rtofs.20250428/rtofs_glo_3dz_f006_6hrly_hvr_US_east.nc
ARGO_GDAC,pfl,aoml/4903552/profiles/D4903552_138.nc|2025-04-28T01:12:49Z|25.47306|-88.99122,aoml/4903552/profiles/D4903552_138.nc,4903552,4903552,25.47306,-88.99122,2025-04-28T01:12:49Z,20250428,2025,800,0.4,99.92,14.736,True,True,True,https://noaa-nws-rtofs-pds.s3.amazonaws.com/rtofs.20250428/rtofs_glo_3dz_f006_6hrly_hvr_US_east.nc
ARGO_GDAC,pfl,aoml/4903552/profiles/D4903552_139.nc|2025-05-03T01:59:01Z|25.90542|-89.35154,aoml/4903552/profiles/D4903552_139.nc,4903552,4903552,25.90542,-89.35154,2025-05-03T01:59:01Z,20250503,2025,1015,0.44,2017.6,17.8321,True,True,True,https://noaa-nws-rtofs-pds.s3.amazonaws.com/rtofs.20250503/rtofs_glo_3dz_f006_6hrly_hvr_US_east.nc
ARGO_GDAC,pfl,aoml/4903552/profiles/D4903552_139.nc|2025-05-03T01:59:01Z|25.90542|-89.35154,aoml/4903552/profiles/D4903552_139.nc,4903552,4903552,25.90542,-89.35154,2025-05-03T01:59:01Z,20250503,2025,807,0.44,99.88,17.8667,True,True,True,https://noaa-nws-rtofs-pds.s3.amazonaws.com/rtofs.20250503/rtofs_glo_3dz_f006_6hrly_hvr_US_east.nc
ARGO_GDAC,pfl,aoml/4903552/profiles/D4903552_140.nc|2025-05-08T02:38:17Z|26.20625|-89.43142,aoml/4903552/profiles/D4903552_140.nc,4903552,4903552,26.20625,-89.43142,2025-05-08T02:38:17Z,20250508,2025,1007,1.04,2003.76,17.8325,True,True,True,https://noaa-nws-rtofs-pds.s3.amazonaws.com/rtofs.20250508/rtofs_glo_3dz_f006_6hrly_hvr_US_east.nc
ARGO_GDAC,pfl,aoml/4903552/profiles/D4903552_140.nc|2025-05-08T02:38:17Z|26.20625|-89.43142,aoml/4903552/profiles/D4903552_140.nc,4903552,4903552,26.20625,-89.43142,2025-05-08T02:38:17Z,20250508,2025,780,0.64,99.92,16.0774,True,True,True,https://noaa-nws-rtofs-pds.s3.amazonaws.com/rtofs.20250508/rtofs_glo_3dz_f006_6hrly_hvr_US_east.nc
ARGO_GDAC,pfl,aoml/4903552/profiles/D4903552_141.nc|2025-05-13T03:21:10Z|25.98411|-89.31884,aoml/4903552/profiles/D4903552_141.nc,4903552,4903552,25.98411,-89.31884,2025-05-13T03:21:10Z,20250513,2025,1010,0.96,2009.72,28.9039,True,True,True,https://noaa-nws-rtofs-pds.s3.amazonaws.com/rtofs.20250513/rtofs_glo_3dz_f006_6hrly_hvr_US_east.nc
ARGO_GDAC,pfl,aoml/4903552/profiles/D4903552_141.nc|2025-05-13T03:21:10Z|25.98411|-89.31884,aoml/4903552/profiles/D4903552_141.nc,4903552,4903552,25.98411,-89.31884,2025-05-13T03:21:10Z,20250513,2025,795,0.56,99.96,29.3046,True,True,True,https://noaa-nws-rtofs-pds.s3.amazonaws.com/rtofs.20250513/rtofs_glo_3dz_f006_6hrly_hvr_US_east.nc
ARGO_GDAC,pfl,aoml/4903552/profiles/D4903552_142.nc|2025-05-18T03:54:32Z|25.48521|-89.15420,aoml/4903552/profiles/D4903552_142.nc,4903552,4903552,25.48521,-89.1542,2025-05-18T03:54:32Z,20250518,2025,1012,0.96,2013.64,11.762,True,True,True,https://noaa-nws-rtofs-pds.s3.amazonaws.com/rtofs.20250518/rtofs_glo_3dz_f006_6hrly_hvr_US_east.nc
ARGO_GDAC,pfl,aoml/4903552/profiles/D4903552_142.nc|2025-05-18T03:54:32Z|25.48521|-89.15420,aoml/4903552/profiles/D4903552_142.nc,4903552,4903552,25.48521,-89.1542,2025-05-18T03:54:32Z,20250518,2025,831,0.56,99.84,11.1755,True,True,True,https://noaa-nws-rtofs-pds.s3.amazonaws.com/rtofs.20250518/rtofs_glo_3dz_f006_6hrly_hvr_US_east.nc
ARGO_GDAC,pfl,aoml/4903552/profiles/R4903552_143.nc|2025-05-23T04:37:55Z|25.53474|-88.81116,aoml/4903552/profiles/R4903552_143.nc,4903552,4903552,25.53474,-88.81116,2025-05-23T04:37:55Z,20250523,2025,1012,1.04,2013.6,13.8234,True,True,True,https://noaa-nws-rtofs-pds.s3.amazonaws.com/rtofs.20250523/rtofs_glo_3dz_f006_6hrly_hvr_US_east.nc
ARGO_GDAC,pfl,aoml/4903552/profiles/R4903552_143.nc|2025-05-23T04:37:55Z|25.53474|-88.81116,aoml/4903552/profiles/R4903552_143.nc,4903552,4903552,25.53474,-88.81116,2025-05-23T04:37:55Z,20250523,2025,845,0.56,99.88,13.8267,True,True,True,https://noaa-nws-rtofs-pds.s3.amazonaws.com/rtofs.20250523/rtofs_glo_3dz_f006_6hrly_hvr_US_east.nc
ARGO_GDAC,pfl,aoml/4903552/profiles/R4903552_144.nc|2025-05-28T05:15:35Z|25.96591|-88.99260,aoml/4903552/profiles/R4903552_144.nc,4903552,4903552,25.96591,-88.9926,2025-05-28T05:15:35Z,20250528,2025,1013,1.0,2015.24,14.9175,True,True,True,https://noaa-nws-rtofs-pds.s3.amazonaws.com/rtofs.20250528/rtofs_glo_3dz_f006_6hrly_hvr_US_east.nc
ARGO_GDAC,pfl,aoml/4903552/profiles/R4903552_144.nc|2025-05-28T05:15:35Z|25.96591|-88.99260,aoml/4903552/profiles/R4903552_144.nc,4903552,4903552,25.96591,-88.9926,2025-05-28T05:15:35Z,20250528,2025,811,0.52,99.84,14.26,True,True,True,https://noaa-nws-rtofs-pds.s3.amazonaws.com/rtofs.20250528/rtofs_glo_3dz_f006_6hrly_hvr_US_east.nc
ARGO_GDAC,pfl,aoml/4903552/profiles/R4903552_145.nc|2025-06-02T06:00:18Z|26.00740|-89.08766,aoml/4903552/profiles/R4903552_145.nc,4903552,4903552,26.0074,-89.08766,2025-06-02T06:00:18Z,20250602,2025,1011,0.96,2011.76,12.0883,True,True,True,https://noaa-nws-rtofs-pds.s3.amazonaws.com/rtofs.20250602/rtofs_glo_3dz_f006_6hrly_hvr_US_east.nc
ARGO_GDAC,pfl,aoml/4903552/profiles/R4903552_145.nc|2025-06-02T06:00:18Z|26.00740|-89.08766,aoml/4903552/profiles/R4903552_145.nc,4903552,4903552,26.0074,-89.08766,2025-06-02T06:00:18Z,20250602,2025,836,0.6,100.0,11.9316,True,True,True,https://noaa-nws-rtofs-pds.s3.amazonaws.com/rtofs.20250602/rtofs_glo_3dz_f006_6hrly_hvr_US_east.nc
ARGO_GDAC,pfl,aoml/4903552/profiles/R4903552_146.nc|2025-06-07T06:44:57Z|25.88032|-88.96695,aoml/4903552/profiles/R4903552_146.nc,4903552,4903552,25.88032,-88.96695,2025-06-07T06:44:57Z,20250607,2025,1013,1.04,2015.36,11.9936,True,True,True,https://noaa-nws-rtofs-pds.s3.amazonaws.com/rtofs.20250607/rtofs_glo_3dz_f006_6hrly_hvr_US_east.nc
ARGO_GDAC,pfl,aoml/4903552/profiles/R4903552_146.nc|2025-06-07T06:44:57Z|25.88032|-88.96695,aoml/4903552/profiles/R4903552_146.nc,4903552,4903552,25.88032,-88.96695,2025-06-07T06:44:57Z,20250607,2025,830,0.52,99.88,12.113,True,True,True,https://noaa-nws-rtofs-pds.s3.amazonaws.com/rtofs.20250607/rtofs_glo_3dz_f006_6hrly_hvr_US_east.nc
ARGO_GDAC,pfl,aoml/4903552/profiles/R4903552_147.nc|2025-06-12T07:22:28Z|25.58660|-89.05185,aoml/4903552/profiles/R4903552_147.nc,4903552,4903552,25.5866,-89.05185,2025-06-12T07:22:28Z,20250612,2025,1013,1.04,2015.4,17.2123,True,True,True,https://noaa-nws-rtofs-pds.s3.amazonaws.com/rtofs.20250612/rtofs_glo_3dz_f006_6hrly_hvr_US_east.nc
ARGO_GDAC,pfl,aoml/4903552/profiles/R4903552_147.nc|2025-06-12T07:22:28Z|25.58660|-89.05185,aoml/4903552/profiles/R4903552_147.nc,4903552,4903552,25.5866,-89.05185,2025-06-12T07:22:28Z,20250612,2025,836,0.68,100.0,17.7333,True,True,True,https://noaa-nws-rtofs-pds.s3.amazonaws.com/rtofs.20250612/rtofs_glo_3dz_f006_6hrly_hvr_US_east.nc
ARGO_GDAC,pfl,aoml/4903552/profiles/R4903552_148.nc|2025-06-17T08:00:55Z|25.50286|-89.05589,aoml/4903552/profiles/R4903552_148.nc,4903552,4903552,25.50286,-89.05589,2025-06-17T08:00:55Z,20250617,2025,1009,0.48,2005.12,14.4749,True,True,True,https://noaa-nws-rtofs-pds.s3.amazonaws.com/rtofs.20250617/rtofs_glo_3dz_f006_6hrly_hvr_US_east.nc
ARGO_GDAC,pfl,aoml/4903552/profiles/R4903552_148.nc|2025-06-17T08:00:55Z|25.50286|-89.05589,aoml/4903552/profiles/R4903552_148.nc,4903552,4903552,25.50286,-89.05589,2025-06-17T08:00:55Z,20250617,2025,827,0.48,99.88,14.92,True,True,True,https://noaa-nws-rtofs-pds.s3.amazonaws.com/rtofs.20250617/rtofs_glo_3dz_f006_6hrly_hvr_US_east.nc
ARGO_GDAC,pfl,aoml/4903552/profiles/R4903552_149.nc|2025-06-22T08:35:09Z|25.70076|-89.18932,aoml/4903552/profiles/R4903552_149.nc,4903552,4903552,25.70076,-89.18932,2025-06-22T08:35:09Z,20250622,2025,1011,1.16,2011.2,27.9814,True,True,True,https://noaa-nws-rtofs-pds.s3.amazonaws.com/rtofs.20250622/rtofs_glo_3dz_f006_6hrly_hvr_US_east.nc
ARGO_GDAC,pfl,aoml/4903552/profiles/R4903552_149.nc|2025-06-22T08:35:09Z|25.70076|-89.18932,aoml/4903552/profiles/R4903552_149.nc,4903552,4903552,25.70076,-89.18932,2025-06-22T08:35:09Z,20250622,2025,832,0.88,99.92,28.38,True,True,True,https://noaa-nws-rtofs-pds.s3.amazonaws.com/rtofs.20250622/rtofs_glo_3dz_f006_6hrly_hvr_US_east.nc
ARGO_GDAC,pfl,aoml/4903552/profiles/R4903552_150.nc|2025-06-27T09:16:47Z|25.82942|-89.21627,aoml/4903552/profiles/R4903552_150.nc,4903552,4903552,25.82942,-89.21627,2025-06-27T09:16:47Z,20250627,2025,1009,0.96,2007.84,26.0683,True,True,True,https://noaa-nws-rtofs-pds.s3.amazonaws.com/rtofs.20250627/rtofs_glo_3dz_f006_6hrly_hvr_US_east.nc
ARGO_GDAC,pfl,aoml/4903552/profiles/R4903552_150.nc|2025-06-27T09:16:47Z|25.82942|-89.21627,aoml/4903552/profiles/R4903552_150.nc,4903552,4903552,25.82942,-89.21627,2025-06-27T09:16:47Z,20250627,2025,900,0.52,100.0,26.2739,True,True,True,https://noaa-nws-rtofs-pds.s3.amazonaws.com/rtofs.20250627/rtofs_glo_3dz_f006_6hrly_hvr_US_east.nc
ARGO_GDAC,pfl,aoml/4903552/profiles/R4903552_151.nc|2025-07-02T09:54:09Z|25.86254|-89.18543,aoml/4903552/profiles/R4903552_151.nc,4903552,4903552,25.86254,-89.18543,2025-07-02T09:54:09Z,20250702,2025,1008,1.0,2005.28,23.1119,True,True,True,https://noaa-nws-rtofs-pds.s3.amazonaws.com/rtofs.20250702/rtofs_glo_3dz_f006_6hrly_hvr_US_east.nc
ARGO_GDAC,pfl,aoml/4903552/profiles/R4903552_151.nc|2025-07-02T09:54:09Z|25.86254|-89.18543,aoml/4903552/profiles/R4903552_151.nc,4903552,4903552,25.86254,-89.18543,2025-07-02T09:54:09Z,20250702,2025,837,0.6,99.84,23.3714,True,True,True,https://noaa-nws-rtofs-pds.s3.amazonaws.com/rtofs.20250702/rtofs_glo_3dz_f006_6hrly_hvr_US_east.nc
ARGO_GDAC,pfl,aoml/4903552/profiles/R4903552_152.nc|2025-07-07T10:29:30Z|25.74454|-89.25591,aoml/4903552/profiles/R4903552_152.nc,4903552,4903552,25.74454,-89.25591,2025-07-07T10:29:30Z,20250707,2025,1008,1.04,2005.92,15.357,True,True,True,https://noaa-nws-rtofs-pds.s3.amazonaws.com/rtofs.20250707/rtofs_glo_3dz_f006_6hrly_hvr_US_east.nc
ARGO_GDAC,pfl,aoml/4903552/profiles/R4903552_152.nc|2025-07-07T10:29:30Z|25.74454|-89.25591,aoml/4903552/profiles/R4903552_152.nc,4903552,4903552,25.74454,-89.25591,2025-07-07T10:29:30Z,20250707,2025,831,0.64,99.92,15.9923,True,True,True,https://noaa-nws-rtofs-pds.s3.amazonaws.com/rtofs.20250707/rtofs_glo_3dz_f006_6hrly_hvr_US_east.nc
ARGO_GDAC,pfl,aoml/4903552/profiles/R4903552_153.nc|2025-07-12T11:15:06Z|25.52968|-89.12221,aoml/4903552/profiles/R4903552_153.nc,4903552,4903552,25.52968,-89.12221,2025-07-12T11:15:06Z,20250712,2025,1013,0.44,2013.2,16.6165,True,True,True,https://noaa-nws-rtofs-pds.s3.amazonaws.com/rtofs.20250712/rtofs_glo_3dz_f006_6hrly_hvr_US_east.nc
ARGO_GDAC,pfl,aoml/4903552/profiles/R4903552_153.nc|2025-07-12T11:15:06Z|25.52968|-89.12221,aoml/4903552/profiles/R4903552_153.nc,4903552,4903552,25.52968,-89.12221,2025-07-12T11:15:06Z,20250712,2025,941,0.44,99.88,16.5228,True,True,True,https://noaa-nws-rtofs-pds.s3.amazonaws.com/rtofs.20250712/rtofs_glo_3dz_f006_6hrly_hvr_US_east.nc
ARGO_GDAC,pfl,aoml/4903552/profiles/R4903552_154.nc|2025-07-17T11:55:36Z|25.22654|-88.98682,aoml/4903552/profiles/R4903552_154.nc,4903552,4903552,25.22654,-88.98682,2025-07-17T11:55:36Z,20250717,2025,1008,1.08,2005.4,12.5019,True,True,True,https://noaa-nws-rtofs-pds.s3.amazonaws.com/rtofs.20250717/rtofs_glo_3dz_f006_6hrly_hvr_US_east.nc
ARGO_GDAC,pfl,aoml/4903552/profiles/R4903552_154.nc|2025-07-17T11:55:36Z|25.22654|-88.98682,aoml/4903552/profiles/R4903552_154.nc,4903552,4903552,25.22654,-88.98682,2025-07-17T11:55:36Z,20250717,2025,882,0.72,100.0,12.648,True,True,True,https://noaa-nws-rtofs-pds.s3.amazonaws.com/rtofs.20250717/rtofs_glo_3dz_f006_6hrly_hvr_US_east.nc
ARGO_GDAC,pfl,aoml/4903552/profiles/R4903552_155.nc|2025-07-22T12:37:31Z|25.30342|-88.57305,aoml/4903552/profiles/R4903552_155.nc,4903552,4903552,25.30342,-88.57305,2025-07-22T12:37:31Z,20250722,2025,1008,1.08,2005.48,14.6682,True,True,True,https://noaa-nws-rtofs-pds.s3.amazonaws.com/rtofs.20250722/rtofs_glo_3dz_f006_6hrly_hvr_US_east.nc
ARGO_GDAC,pfl,aoml/4903552/profiles/R4903552_155.nc|2025-07-22T12:37:31Z|25.30342|-88.57305,aoml/4903552/profiles/R4903552_155.nc,4903552,4903552,25.30342,-88.57305,2025-07-22T12:37:31Z,20250722,2025,915,0.64,99.92,14.907,True,True,True,https://noaa-nws-rtofs-pds.s3.amazonaws.com/rtofs.20250722/rtofs_glo_3dz_f006_6hrly_hvr_US_east.nc
ARGO_GDAC,pfl,aoml/4903552/profiles/R4903552_156.nc|2025-07-27T13:09:00Z|25.25710|-88.37329,aoml/4903552/profiles/R4903552_156.nc,4903552,4903552,25.2571,-88.37329,2025-07-27T13:09:00Z,20250727,2025,1010,0.96,2009.36,39.4883,True,True,True,https://noaa-nws-rtofs-pds.s3.amazonaws.com/rtofs.20250727/rtofs_glo_3dz_f006_6hrly_hvr_US_east.nc
ARGO_GDAC,pfl,aoml/4903552/profiles/R4903552_156.nc|2025-07-27T13:09:00Z|25.25710|-88.37329,aoml/4903552/profiles/R4903552_156.nc,4903552,4903552,25.2571,-88.37329,2025-07-27T13:09:00Z,20250727,2025,893,0.6,100.0,39.8926,True,True,True,https://noaa-nws-rtofs-pds.s3.amazonaws.com/rtofs.20250727/rtofs_glo_3dz_f006_6hrly_hvr_US_east.nc
ARGO_GDAC,pfl,aoml/4903552/profiles/R4903552_157.nc|2025-08-01T13:49:01Z|25.47038|-87.44038,aoml/4903552/profiles/R4903552_157.nc,4903552,4903552,25.47038,-87.44038,2025-08-01T13:49:01Z,20250801,2025,1011,1.0,2011.16,29.4183,True,True,True,https://noaa-nws-rtofs-pds.s3.amazonaws.com/rtofs.20250801/rtofs_glo_3dz_f006_6hrly_hvr_US_east.nc
ARGO_GDAC,pfl,aoml/4903552/profiles/R4903552_157.nc|2025-08-01T13:49:01Z|25.47038|-87.44038,aoml/4903552/profiles/R4903552_157.nc,4903552,4903552,25.47038,-87.44038,2025-08-01T13:49:01Z,20250801,2025,749,0.52,99.96,28.8267,True,True,True,https://noaa-nws-rtofs-pds.s3.amazonaws.com/rtofs.20250801/rtofs_glo_3dz_f006_6hrly_hvr_US_east.nc
ARGO_GDAC,pfl,aoml/4903552/profiles/R4903552_158.nc|2025-08-06T14:29:12Z|25.50147|-86.67574,aoml/4903552/profiles/R4903552_158.nc,4903552,4903552,25.50147,-86.67574,2025-08-06T14:29:12Z,20250806,2025,1010,1.12,2009.52,26.37,True,True,True,https://noaa-nws-rtofs-pds.s3.amazonaws.com/rtofs.20250806/rtofs_glo_3dz_f006_6hrly_hvr_US_east.nc
ARGO_GDAC,pfl,aoml/4903552/profiles/R4903552_158.nc|2025-08-06T14:29:12Z|25.50147|-86.67574,aoml/4903552/profiles/R4903552_158.nc,4903552,4903552,25.50147,-86.67574,2025-08-06T14:29:12Z,20250806,2025,779,0.8,99.92,26.16,True,True,True,https://noaa-nws-rtofs-pds.s3.amazonaws.com/rtofs.20250806/rtofs_glo_3dz_f006_6hrly_hvr_US_east.nc
ARGO_GDAC,pfl,aoml/4903552/profiles/R4903552_159.nc|2025-08-11T15:09:59Z|25.42470|-85.79849,aoml/4903552/profiles/R4903552_159.nc,4903552,4903552,25.4247,-85.79849,2025-08-11T15:09:59Z,20250811,2025,1011,1.2,2011.68,17.3324,True,True,True,https://noaa-nws-rtofs-pds.s3.amazonaws.com/rtofs.20250811/rtofs_glo_3dz_f006_6hrly_hvr_US_east.nc
ARGO_GDAC,pfl,aoml/4903552/profiles/R4903552_159.nc|2025-08-11T15:09:59Z|25.42470|-85.79849,aoml/4903552/profiles/R4903552_159.nc,4903552,4903552,25.4247,-85.79849,2025-08-11T15:09:59Z,20250811,2025,847,1.04,99.92,17.0112,True,True,True,https://noaa-nws-rtofs-pds.s3.amazonaws.com/rtofs.20250811/rtofs_glo_3dz_f006_6hrly_hvr_US_east.nc
ARGO_GDAC,pfl,aoml/4903552/profiles/R4903552_160.nc|2025-08-16T15:52:41Z|25.93727|-86.00099,aoml/4903552/profiles/R4903552_160.nc,4903552,4903552,25.93727,-86.00099,2025-08-16T15:52:41Z,20250816,2025,1005,6.04,2009.48,15.3009,True,True,True,https://noaa-nws-rtofs-pds.s3.amazonaws.com/rtofs.20250816/rtofs_glo_3dz_f006_6hrly_hvr_US_east.nc
ARGO_GDAC,pfl,aoml/4903552/profiles/R4903552_160.nc|2025-08-16T15:52:41Z|25.93727|-86.00099,aoml/4903552/profiles/R4903552_160.nc,4903552,4903552,25.93727,-86.00099,2025-08-16T15:52:41Z,20250816,2025,976,6.4,99.88,15.46,True,True,True,https://noaa-nws-rtofs-pds.s3.amazonaws.com/rtofs.20250816/rtofs_glo_3dz_f006_6hrly_hvr_US_east.nc
ARGO_GDAC,pfl,aoml/4903552/profiles/R4903552_161.nc|2025-08-21T16:47:06Z|26.18202|-87.02588,aoml/4903552/profiles/R4903552_161.nc,4903552,4903552,26.18202,-87.02588,2025-08-21T16:47:06Z,20250821,2025,1010,0.96,2009.16,30.3736,True,True,True,https://noaa-nws-rtofs-pds.s3.amazonaws.com/rtofs.20250821/rtofs_glo_3dz_f006_6hrly_hvr_US_east.nc
ARGO_GDAC,pfl,aoml/4903552/profiles/R4903552_161.nc|2025-08-21T16:47:06Z|26.18202|-87.02588,aoml/4903552/profiles/R4903552_161.nc,4903552,4903552,26.18202,-87.02588,2025-08-21T16:47:06Z,20250821,2025,750,0.52,99.92,30.84,True,True,True,https://noaa-nws-rtofs-pds.s3.amazonaws.com/rtofs.20250821/rtofs_glo_3dz_f006_6hrly_hvr_US_east.nc
ARGO_GDAC,pfl,aoml/4903552/profiles/R4903552_162.nc|2025-08-26T17:34:41Z|26.27173|-87.34193,aoml/4903552/profiles/R4903552_162.nc,4903552,4903552,26.27173,-87.34193,2025-08-26T17:34:41Z,20250826,2025,1009,1.12,2011.08,36.8697,True,True,True,https://noaa-nws-rtofs-pds.s3.amazonaws.com/rtofs.20250826/rtofs_glo_3dz_f006_6hrly_hvr_US_east.nc
ARGO_GDAC,pfl,aoml/4903552/profiles/R4903552_162.nc|2025-08-26T17:34:41Z|26.27173|-87.34193,aoml/4903552/profiles/R4903552_162.nc,4903552,4903552,26.27173,-87.34193,2025-08-26T17:34:41Z,20250826,2025,818,0.76,99.96,37.3925,True,True,True,https://noaa-nws-rtofs-pds.s3.amazonaws.com/rtofs.20250826/rtofs_glo_3dz_f006_6hrly_hvr_US_east.nc
ARGO_GDAC,pfl,aoml/4903552/profiles/R4903552_163.nc|2025-08-29T06:16:57Z|26.29613|-87.03510,aoml/4903552/profiles/R4903552_163.nc,4903552,4903552,26.29613,-87.0351,2025-08-29T06:16:57Z,20250829,2025,1011,1.04,2011.16,45.309,True,True,True,https://noaa-nws-rtofs-pds.s3.amazonaws.com/rtofs.20250829/rtofs_glo_3dz_f006_6hrly_hvr_US_east.nc
ARGO_GDAC,pfl,aoml/4903552/profiles/R4903552_163.nc|2025-08-29T06:16:57Z|26.29613|-87.03510,aoml/4903552/profiles/R4903552_163.nc,4903552,4903552,26.29613,-87.0351,2025-08-29T06:16:57Z,20250829,2025,766,0.64,99.88,45.4,True,True,True,https://noaa-nws-rtofs-pds.s3.amazonaws.com/rtofs.20250829/rtofs_glo_3dz_f006_6hrly_hvr_US_east.nc
ARGO_GDAC,pfl,aoml/4903552/profiles/R4903552_164.nc|2025-08-31T18:55:58Z|26.33005|-86.37856,aoml/4903552/profiles/R4903552_164.nc,4903552,4903552,26.33005,-86.37856,2025-08-31T18:55:58Z,20250831,2025,1011,1.04,2011.64,15.6339,True,True,True,https://noaa-nws-rtofs-pds.s3.amazonaws.com/rtofs.20250831/rtofs_glo_3dz_f006_6hrly_hvr_US_east.nc
ARGO_GDAC,pfl,aoml/4903552/profiles/R4903552_164.nc|2025-08-31T18:55:58Z|26.33005|-86.37856,aoml/4903552/profiles/R4903552_164.nc,4903552,4903552,26.33005,-86.37856,2025-08-31T18:55:58Z,20250831,2025,799,0.68,99.92,15.0992,True,True,True,https://noaa-nws-rtofs-pds.s3.amazonaws.com/rtofs.20250831/rtofs_glo_3dz_f006_6hrly_hvr_US_east.nc
ARGO_GDAC,pfl,aoml/4903552/profiles/R4903552_165.nc|2025-09-03T07:38:43Z|26.40961|-85.92509,aoml/4903552/profiles/R4903552_165.nc,4903552,4903552,26.40961,-85.92509,2025-09-03T07:38:43Z,20250903,2025,1013,0.48,2013.92,37.6641,True,True,True,https://noaa-nws-rtofs-pds.s3.amazonaws.com/rtofs.20250903/rtofs_glo_3dz_f006_6hrly_hvr_US_east.nc
ARGO_GDAC,pfl,aoml/4903552/profiles/R4903552_165.nc|2025-09-03T07:38:43Z|26.40961|-85.92509,aoml/4903552/profiles/R4903552_165.nc,4903552,4903552,26.40961,-85.92509,2025-09-03T07:38:43Z,20250903,2025,779,0.48,100.0,37.6421,True,True,True,https://noaa-nws-rtofs-pds.s3.amazonaws.com/rtofs.20250903/rtofs_glo_3dz_f006_6hrly_hvr_US_east.nc
ARGO_GDAC,pfl,aoml/4903552/profiles/R4903552_166.nc|2025-09-05T20:22:49Z|26.39594|-85.67818,aoml/4903552/profiles/R4903552_166.nc,4903552,4903552,26.39594,-85.67818,2025-09-05T20:22:49Z,20250905,2025,1009,1.08,2007.48,30.2021,True,True,True,https://noaa-nws-rtofs-pds.s3.amazonaws.com/rtofs.20250905/rtofs_glo_3dz_f006_6hrly_hvr_US_east.nc
ARGO_GDAC,pfl,aoml/4903552/profiles/R4903552_166.nc|2025-09-05T20:22:49Z|26.39594|-85.67818,aoml/4903552/profiles/R4903552_166.nc,4903552,4903552,26.39594,-85.67818,2025-09-05T20:22:49Z,20250905,2025,802,0.76,99.96,30.572,True,True,True,https://noaa-nws-rtofs-pds.s3.amazonaws.com/rtofs.20250905/rtofs_glo_3dz_f006_6hrly_hvr_US_east.nc
ARGO_GDAC,pfl,aoml/4903552/profiles/R4903552_167.nc|2025-09-08T09:00:54Z|26.23358|-85.54316,aoml/4903552/profiles/R4903552_167.nc,4903552,4903552,26.23358,-85.54316,2025-09-08T09:00:54Z,20250908,2025,1012,1.12,2013.88,18.5459,True,True,True,https://noaa-nws-rtofs-pds.s3.amazonaws.com/rtofs.20250908/rtofs_glo_3dz_f006_6hrly_hvr_US_east.nc
ARGO_GDAC,pfl,aoml/4903552/profiles/R4903552_167.nc|2025-09-08T09:00:54Z|26.23358|-85.54316,aoml/4903552/profiles/R4903552_167.nc,4903552,4903552,26.23358,-85.54316,2025-09-08T09:00:54Z,20250908,2025,846,0.88,99.92,18.3924,True,True,True,https://noaa-nws-rtofs-pds.s3.amazonaws.com/rtofs.20250908/rtofs_glo_3dz_f006_6hrly_hvr_US_east.nc
ARGO_GDAC,pfl,aoml/4903552/profiles/R4903552_168.nc|2025-09-10T21:39:11Z|26.02543|-85.43594,aoml/4903552/profiles/R4903552_168.nc,4903552,4903552,26.02543,-85.43594,2025-09-10T21:39:11Z,20250910,2025,1009,1.08,2007.2,16.4806,True,True,True,https://noaa-nws-rtofs-pds.s3.amazonaws.com/rtofs.20250910/rtofs_glo_3dz_f006_6hrly_hvr_US_east.nc
ARGO_GDAC,pfl,aoml/4903552/profiles/R4903552_168.nc|2025-09-10T21:39:11Z|26.02543|-85.43594,aoml/4903552/profiles/R4903552_168.nc,4903552,4903552,26.02543,-85.43594,2025-09-10T21:39:11Z,20250910,2025,833,0.64,99.88,16.2792,True,True,True,https://noaa-nws-rtofs-pds.s3.amazonaws.com/rtofs.20250910/rtofs_glo_3dz_f006_6hrly_hvr_US_east.nc
ARGO_GDAC,pfl,aoml/4903552/profiles/R4903552_169.nc|2025-09-13T10:24:33Z|25.79731|-85.32578,aoml/4903552/profiles/R4903552_169.nc,4903552,4903552,25.79731,-85.32578,2025-09-13T10:24:33Z,20250913,2025,1007,1.08,2003.88,11.1101,True,True,True,https://noaa-nws-rtofs-pds.s3.amazonaws.com/rtofs.20250913/rtofs_glo_3dz_f006_6hrly_hvr_US_east.nc
ARGO_GDAC,pfl,aoml/4903552/profiles/R4903552_169.nc|2025-09-13T10:24:33Z|25.79731|-85.32578,aoml/4903552/profiles/R4903552_169.nc,4903552,4903552,25.79731,-85.32578,2025-09-13T10:24:33Z,20250913,2025,875,0.76,99.92,10.9933,True,True,True,https://noaa-nws-rtofs-pds.s3.amazonaws.com/rtofs.20250913/rtofs_glo_3dz_f006_6hrly_hvr_US_east.nc
ARGO_GDAC,pfl,aoml/4903552/profiles/R4903552_170.nc|2025-09-15T23:04:16Z|25.56441|-85.22090,aoml/4903552/profiles/R4903552_170.nc,4903552,4903552,25.56441,-85.2209,2025-09-15T23:04:16Z,20250915,2025,1008,1.12,2005.84,22.8301,True,True,True,https://noaa-nws-rtofs-pds.s3.amazonaws.com/rtofs.20250915/rtofs_glo_3dz_f006_6hrly_hvr_US_east.nc
ARGO_GDAC,pfl,aoml/4903552/profiles/R4903552_170.nc|2025-09-15T23:04:16Z|25.56441|-85.22090,aoml/4903552/profiles/R4903552_170.nc,4903552,4903552,25.56441,-85.2209,2025-09-15T23:04:16Z,20250915,2025,986,0.72,99.92,22.284,True,True,True,https://noaa-nws-rtofs-pds.s3.amazonaws.com/rtofs.20250915/rtofs_glo_3dz_f006_6hrly_hvr_US_east.nc
ARGO_GDAC,pfl,aoml/4903552/profiles/R4903552_171.nc|2025-09-18T11:46:48Z|25.32830|-85.08275,aoml/4903552/profiles/R4903552_171.nc,4903552,4903552,25.3283,-85.08275,2025-09-18T11:46:48Z,20250918,2025,1013,1.04,2015.36,11.3486,True,True,True,https://noaa-nws-rtofs-pds.s3.amazonaws.com/rtofs.20250918/rtofs_glo_3dz_f006_6hrly_hvr_US_east.nc
ARGO_GDAC,pfl,aoml/4903552/profiles/R4903552_171.nc|2025-09-18T11:46:48Z|25.32830|-85.08275,aoml/4903552/profiles/R4903552_171.nc,4903552,4903552,25.3283,-85.08275,2025-09-18T11:46:48Z,20250918,2025,951,0.76,99.92,11.548,True,True,True,https://noaa-nws-rtofs-pds.s3.amazonaws.com/rtofs.20250918/rtofs_glo_3dz_f006_6hrly_hvr_US_east.nc
ARGO_GDAC,pfl,aoml/4903552/profiles/R4903552_172.nc|2025-09-21T00:36:06Z|25.04603|-84.90590,aoml/4903552/profiles/R4903552_172.nc,4903552,4903552,25.04603,-84.9059,2025-09-21T00:36:06Z,20250921,2025,1011,1.0,2011.36,29.6015,True,True,True,https://noaa-nws-rtofs-pds.s3.amazonaws.com/rtofs.20250921/rtofs_glo_3dz_f006_6hrly_hvr_US_east.nc
ARGO_GDAC,pfl,aoml/4903552/profiles/R4903552_172.nc|2025-09-21T00:36:06Z|25.04603|-84.90590,aoml/4903552/profiles/R4903552_172.nc,4903552,4903552,25.04603,-84.9059,2025-09-21T00:36:06Z,20250921,2025,926,0.56,100.0,30.03,True,True,True,https://noaa-nws-rtofs-pds.s3.amazonaws.com/rtofs.20250921/rtofs_glo_3dz_f006_6hrly_hvr_US_east.nc
ARGO_GDAC,pfl,aoml/4903552/profiles/R4903552_173.nc|2025-09-23T13:20:45Z|24.74813|-84.77886,aoml/4903552/profiles/R4903552_173.nc,4903552,4903552,24.74813,-84.77886,2025-09-23T13:20:45Z,20250923,2025,1008,1.04,2005.32,37.8257,True,True,True,https://noaa-nws-rtofs-pds.s3.amazonaws.com/rtofs.20250923/rtofs_glo_3dz_f006_6hrly_hvr_US_east.nc
ARGO_GDAC,pfl,aoml/4903552/profiles/R4903552_173.nc|2025-09-23T13:20:45Z|24.74813|-84.77886,aoml/4903552/profiles/R4903552_173.nc,4903552,4903552,24.74813,-84.77886,2025-09-23T13:20:45Z,20250923,2025,794,0.68,99.92,38.312,True,True,True,https://noaa-nws-rtofs-pds.s3.amazonaws.com/rtofs.20250923/rtofs_glo_3dz_f006_6hrly_hvr_US_east.nc
ARGO_GDAC,pfl,aoml/4903552/profiles/R4903552_174.nc|2025-09-26T02:02:39Z|24.51737|-84.67556,aoml/4903552/profiles/R4903552_174.nc,4903552,4903552,24.51737,-84.67556,2025-09-26T02:02:39Z,20250926,2025,1012,0.44,2011.88,49.7949,True,True,True,https://noaa-nws-rtofs-pds.s3.amazonaws.com/rtofs.20250926/rtofs_glo_3dz_f006_6hrly_hvr_US_east.nc
ARGO_GDAC,pfl,aoml/4903552/profiles/R4903552_174.nc|2025-09-26T02:02:39Z|24.51737|-84.67556,aoml/4903552/profiles/R4903552_174.nc,4903552,4903552,24.51737,-84.67556,2025-09-26T02:02:39Z,20250926,2025,755,0.44,99.92,50.024,True,True,True,https://noaa-nws-rtofs-pds.s3.amazonaws.com/rtofs.20250926/rtofs_glo_3dz_f006_6hrly_hvr_US_east.nc
ARGO_GDAC,pfl,aoml/4903552/profiles/R4903552_175.nc|2025-09-28T14:44:26Z|24.32245|-84.58754,aoml/4903552/profiles/R4903552_175.nc,4903552,4903552,24.32245,-84.58754,2025-09-28T14:44:26Z,20250928,2025,1013,1.0,2015.56,34.4686,True,True,True,https://noaa-nws-rtofs-pds.s3.amazonaws.com/rtofs.20250928/rtofs_glo_3dz_f006_6hrly_hvr_US_east.nc
ARGO_GDAC,pfl,aoml/4903552/profiles/R4903552_175.nc|2025-09-28T14:44:26Z|24.32245|-84.58754,aoml/4903552/profiles/R4903552_175.nc,4903552,4903552,24.32245,-84.58754,2025-09-28T14:44:26Z,20250928,2025,790,0.6,99.88,34.5407,True,True,True,https://noaa-nws-rtofs-pds.s3.amazonaws.com/rtofs.20250928/rtofs_glo_3dz_f006_6hrly_hvr_US_east.nc
ARGO_GDAC,pfl,aoml/4903552/profiles/R4903552_176.nc|2025-10-01T03:34:43Z|24.12441|-84.50332,aoml/4903552/profiles/R4903552_176.nc,4903552,4903552,24.12441,-84.50332,2025-10-01T03:34:43Z,20251001,2025,1010,1.0,2009.32,61.1725,True,True,True,https://noaa-nws-rtofs-pds.s3.amazonaws.com/rtofs.20251001/rtofs_glo_3dz_f006_6hrly_hvr_US_east.nc
ARGO_GDAC,pfl,aoml/4903552/profiles/R4903552_176.nc|2025-10-01T03:34:43Z|24.12441|-84.50332,aoml/4903552/profiles/R4903552_176.nc,4903552,4903552,24.12441,-84.50332,2025-10-01T03:34:43Z,20251001,2025,798,0.52,99.92,61.44,True,True,True,https://noaa-nws-rtofs-pds.s3.amazonaws.com/rtofs.20251001/rtofs_glo_3dz_f006_6hrly_hvr_US_east.nc
ARGO_GDAC,pfl,aoml/4903552/profiles/R4903552_177.nc|2025-10-03T16:09:56Z|23.99318|-84.48923,aoml/4903552/profiles/R4903552_177.nc,4903552,4903552,23.99318,-84.48923,2025-10-03T16:09:56Z,20251003,2025,1009,0.96,2007.88,55.9194,True,True,True,https://noaa-nws-rtofs-pds.s3.amazonaws.com/rtofs.20251003/rtofs_glo_3dz_f006_6hrly_hvr_US_east.nc
ARGO_GDAC,pfl,aoml/4903552/profiles/R4903552_177.nc|2025-10-03T16:09:56Z|23.99318|-84.48923,aoml/4903552/profiles/R4903552_177.nc,4903552,4903552,23.99318,-84.48923,2025-10-03T16:09:56Z,20251003,2025,724,0.68,99.96,55.9462,True,True,True,https://noaa-nws-rtofs-pds.s3.amazonaws.com/rtofs.20251003/rtofs_glo_3dz_f006_6hrly_hvr_US_east.nc
ARGO_GDAC,pfl,aoml/4903552/profiles/R4903552_178.nc|2025-10-06T04:43:56Z|23.86170|-84.39628,aoml/4903552/profiles/R4903552_178.nc,4903552,4903552,23.8617,-84.39628,2025-10-06T04:43:56Z,20251006,2025,1012,1.0,2013.28,46.6985,True,True,True,https://noaa-nws-rtofs-pds.s3.amazonaws.com/rtofs.20251006/rtofs_glo_3dz_f006_6hrly_hvr_US_east.nc
ARGO_GDAC,pfl,aoml/4903552/profiles/R4903552_178.nc|2025-10-06T04:43:56Z|23.86170|-84.39628,aoml/4903552/profiles/R4903552_178.nc,4903552,4903552,23.8617,-84.39628,2025-10-06T04:43:56Z,20251006,2025,754,0.72,99.96,47.1329,True,True,True,https://noaa-nws-rtofs-pds.s3.amazonaws.com/rtofs.20251006/rtofs_glo_3dz_f006_6hrly_hvr_US_east.nc
ARGO_GDAC,pfl,aoml/4903552/profiles/R4903552_179.nc|2025-10-08T17:27:08Z|23.72956|-84.31912,aoml/4903552/profiles/R4903552_179.nc,4903552,4903552,23.72956,-84.31912,2025-10-08T17:27:08Z,20251008,2025,1014,1.04,2017.96,45.7591,True,True,True,https://noaa-nws-rtofs-pds.s3.amazonaws.com/rtofs.20251008/rtofs_glo_3dz_f006_6hrly_hvr_US_east.nc
ARGO_GDAC,pfl,aoml/4903552/profiles/R4903552_179.nc|2025-10-08T17:27:08Z|23.72956|-84.31912,aoml/4903552/profiles/R4903552_179.nc,4903552,4903552,23.72956,-84.31912,2025-10-08T17:27:08Z,20251008,2025,763,0.68,99.92,45.4401,True,True,True,https://noaa-nws-rtofs-pds.s3.amazonaws.com/rtofs.20251008/rtofs_glo_3dz_f006_6hrly_hvr_US_east.nc
ARGO_GDAC,pfl,aoml/4903552/profiles/R4903552_180.nc|2025-10-11T06:10:58Z|23.62054|-84.28987,aoml/4903552/profiles/R4903552_180.nc,4903552,4903552,23.62054,-84.28987,2025-10-11T06:10:58Z,20251011,2025,1008,1.0,2005.6,63.9833,True,True,True,https://noaa-nws-rtofs-pds.s3.amazonaws.com/rtofs.20251011/rtofs_glo_3dz_f006_6hrly_hvr_US_east.nc
ARGO_GDAC,pfl,aoml/4903552/profiles/R4903552_180.nc|2025-10-11T06:10:58Z|23.62054|-84.28987,aoml/4903552/profiles/R4903552_180.nc,4903552,4903552,23.62054,-84.28987,2025-10-11T06:10:58Z,20251011,2025,746,0.56,99.96,63.9956,True,True,True,https://noaa-nws-rtofs-pds.s3.amazonaws.com/rtofs.20251011/rtofs_glo_3dz_f006_6hrly_hvr_US_east.nc
ARGO_GDAC,pfl,aoml/4903552/profiles/R4903552_181.nc|2025-10-13T18:50:31Z|23.52869|-84.26729,aoml/4903552/profiles/R4903552_181.nc,4903552,4903552,23.52869,-84.26729,2025-10-13T18:50:31Z,20251013,2025,1007,1.04,2004.0,55.0767,True,True,True,https://noaa-nws-rtofs-pds.s3.amazonaws.com/rtofs.20251013/rtofs_glo_3dz_f006_6hrly_hvr_US_east.nc
ARGO_GDAC,pfl,aoml/4903552/profiles/R4903552_181.nc|2025-10-13T18:50:31Z|23.52869|-84.26729,aoml/4903552/profiles/R4903552_181.nc,4903552,4903552,23.52869,-84.26729,2025-10-13T18:50:31Z,20251013,2025,791,0.68,99.96,55.482,True,True,True,https://noaa-nws-rtofs-pds.s3.amazonaws.com/rtofs.20251013/rtofs_glo_3dz_f006_6hrly_hvr_US_east.nc
ARGO_GDAC,pfl,aoml/4903552/profiles/R4903552_182.nc|2025-10-16T07:35:31Z|23.46495|-84.28148,aoml/4903552/profiles/R4903552_182.nc,4903552,4903552,23.46495,-84.28148,2025-10-16T07:35:31Z,20251016,2025,1013,1.12,2015.52,80.6658,True,True,True,https://noaa-nws-rtofs-pds.s3.amazonaws.com/rtofs.20251016/rtofs_glo_3dz_f006_6hrly_hvr_US_east.nc
ARGO_GDAC,pfl,aoml/4903552/profiles/R4903552_182.nc|2025-10-16T07:35:31Z|23.46495|-84.28148,aoml/4903552/profiles/R4903552_182.nc,4903552,4903552,23.46495,-84.28148,2025-10-16T07:35:31Z,20251016,2025,693,0.76,99.88,81.2125,True,True,True,https://noaa-nws-rtofs-pds.s3.amazonaws.com/rtofs.20251016/rtofs_glo_3dz_f006_6hrly_hvr_US_east.nc
ARGO_GDAC,pfl,aoml/4903552/profiles/R4903552_183.nc|2025-10-18T20:13:30Z|23.35030|-84.28216,aoml/4903552/profiles/R4903552_183.nc,4903552,4903552,23.3503,-84.28216,2025-10-18T20:13:30Z,20251018,2025,1013,0.44,2013.32,74.0087,True,True,True,https://noaa-nws-rtofs-pds.s3.amazonaws.com/rtofs.20251018/rtofs_glo_3dz_f006_6hrly_hvr_US_east.nc
ARGO_GDAC,pfl,aoml/4903552/profiles/R4903552_183.nc|2025-10-18T20:13:30Z|23.35030|-84.28216,aoml/4903552/profiles/R4903552_183.nc,4903552,4903552,23.3503,-84.28216,2025-10-18T20:13:30Z,20251018,2025,697,0.44,99.96,73.8889,True,True,True,https://noaa-nws-rtofs-pds.s3.amazonaws.com/rtofs.20251018/rtofs_glo_3dz_f006_6hrly_hvr_US_east.nc
ARGO_GDAC,pfl,aoml/4903552/profiles/R4903552_184.nc|2025-10-21T08:53:43Z|23.23122|-84.27197,aoml/4903552/profiles/R4903552_184.nc,4903552,4903552,23.23122,-84.27197,2025-10-21T08:53:43Z,20251021,2025,1011,1.0,2011.24,71.5598,True,True,True,https://noaa-nws-rtofs-pds.s3.amazonaws.com/rtofs.20251021/rtofs_glo_3dz_f006_6hrly_hvr_US_east.nc
ARGO_GDAC,pfl,aoml/4903552/profiles/R4903552_184.nc|2025-10-21T08:53:43Z|23.23122|-84.27197,aoml/4903552/profiles/R4903552_184.nc,4903552,4903552,23.23122,-84.27197,2025-10-21T08:53:43Z,20251021,2025,711,0.64,99.96,72.02,True,True,True,https://noaa-nws-rtofs-pds.s3.amazonaws.com/rtofs.20251021/rtofs_glo_3dz_f006_6hrly_hvr_US_east.nc
ARGO_GDAC,pfl,aoml/4903552/profiles/R4903552_185.nc|2025-10-23T21:29:04Z|23.16645|-84.26031,aoml/4903552/profiles/R4903552_185.nc,4903552,4903552,23.16645,-84.26031,2025-10-23T21:29:04Z,20251023,2025,1014,0.96,2017.4,78.7783,True,True,True,https://noaa-nws-rtofs-pds.s3.amazonaws.com/rtofs.20251023/rtofs_glo_3dz_f006_6hrly_hvr_US_east.nc
ARGO_GDAC,pfl,aoml/4903552/profiles/R4903552_185.nc|2025-10-23T21:29:04Z|23.16645|-84.26031,aoml/4903552/profiles/R4903552_185.nc,4903552,4903552,23.16645,-84.26031,2025-10-23T21:29:04Z,20251023,2025,724,0.56,99.88,79.4519,True,True,True,https://noaa-nws-rtofs-pds.s3.amazonaws.com/rtofs.20251023/rtofs_glo_3dz_f006_6hrly_hvr_US_east.nc
ARGO_GDAC,pfl,aoml/4903552/profiles/R4903552_186.nc|2025-10-26T10:13:55Z|23.08634|-84.31860,aoml/4903552/profiles/R4903552_186.nc,4903552,4903552,23.08634,-84.3186,2025-10-26T10:13:55Z,20251026,2025,1011,1.0,2011.88,88.9413,True,True,True,https://noaa-nws-rtofs-pds.s3.amazonaws.com/rtofs.20251026/rtofs_glo_3dz_f006_6hrly_hvr_US_east.nc
ARGO_GDAC,pfl,aoml/4903552/profiles/R4903552_186.nc|2025-10-26T10:13:55Z|23.08634|-84.31860,aoml/4903552/profiles/R4903552_186.nc,4903552,4903552,23.08634,-84.3186,2025-10-26T10:13:55Z,20251026,2025,680,0.64,99.96,89.3453,True,True,True,https://noaa-nws-rtofs-pds.s3.amazonaws.com/rtofs.20251026/rtofs_glo_3dz_f006_6hrly_hvr_US_east.nc
ARGO_GDAC,pfl,aoml/4903552/profiles/R4903552_187.nc|2025-10-28T23:16:26Z|22.99108|-84.40686,aoml/4903552/profiles/R4903552_187.nc,4903552,4903552,22.99108,-84.40686,2025-10-28T23:16:26Z,20251028,2025,1013,1.0,2015.72,81.4518,True,True,True,https://noaa-nws-rtofs-pds.s3.amazonaws.com/rtofs.20251028/rtofs_glo_3dz_f006_6hrly_hvr_US_east.nc
ARGO_GDAC,pfl,aoml/4903552/profiles/R4903552_187.nc|2025-10-28T23:16:26Z|22.99108|-84.40686,aoml/4903552/profiles/R4903552_187.nc,4903552,4903552,22.99108,-84.40686,2025-10-28T23:16:26Z,20251028,2025,779,0.56,99.96,81.48,True,True,True,https://noaa-nws-rtofs-pds.s3.amazonaws.com/rtofs.20251028/rtofs_glo_3dz_f006_6hrly_hvr_US_east.nc
ARGO_GDAC,pfl,aoml/4903552/profiles/R4903552_188.nc|2025-10-31T11:56:37Z|22.93991|-84.47929,aoml/4903552/profiles/R4903552_188.nc,4903552,4903552,22.93991,-84.47929,2025-10-31T11:56:37Z,20251031,2025,1010,0.96,2009.32,88.8066,True,True,True,https://noaa-nws-rtofs-pds.s3.amazonaws.com/rtofs.20251031/rtofs_glo_3dz_f006_6hrly_hvr_US_east.nc
ARGO_GDAC,pfl,aoml/4903552/profiles/R4903552_188.nc|2025-10-31T11:56:37Z|22.93991|-84.47929,aoml/4903552/profiles/R4903552_188.nc,4903552,4903552,22.93991,-84.47929,2025-10-31T11:56:37Z,20251031,2025,783,0.56,99.92,88.9573,True,True,True,https://noaa-nws-rtofs-pds.s3.amazonaws.com/rtofs.20251031/rtofs_glo_3dz_f006_6hrly_hvr_US_east.nc
ARGO_GDAC,pfl,aoml/4903552/profiles/R4903552_189.nc|2025-11-03T00:43:28Z|22.90521|-84.50999,aoml/4903552/profiles/R4903552_189.nc,4903552,4903552,22.90521,-84.50999,2025-11-03T00:43:28Z,20251103,2025,1011,1.0,2011.52,100.4654,True,False,True,https://noaa-nws-rtofs-pds.s3.amazonaws.com/rtofs.20251103/rtofs_glo_3dz_f006_6hrly_hvr_US_east.nc
ARGO_GDAC,pfl,aoml/4903552/profiles/R4903552_189.nc|2025-11-03T00:43:28Z|22.90521|-84.50999,aoml/4903552/profiles/R4903552_189.nc,4903552,4903552,22.90521,-84.50999,2025-11-03T00:43:28Z,20251103,2025,712,0.52,100.0,,False,False,True,https://noaa-nws-rtofs-pds.s3.amazonaws.com/rtofs.20251103/rtofs_glo_3dz_f006_6hrly_hvr_US_east.nc
ARGO_GDAC,pfl,aoml/4903552/profiles/R4903552_190.nc|2025-11-05T13:24:04Z|22.92660|-84.44428,aoml/4903552/profiles/R4903552_190.nc,4903552,4903552,22.9266,-84.44428,2025-11-05T13:24:04Z,20251105,2025,1012,0.44,2011.88,94.0187,True,True,True,https://noaa-nws-rtofs-pds.s3.amazonaws.com/rtofs.20251105/rtofs_glo_3dz_f006_6hrly_hvr_US_east.nc
ARGO_GDAC,pfl,aoml/4903552/profiles/R4903552_190.nc|2025-11-05T13:24:04Z|22.92660|-84.44428,aoml/4903552/profiles/R4903552_190.nc,4903552,4903552,22.9266,-84.44428,2025-11-05T13:24:04Z,20251105,2025,757,0.44,99.92,94.4738,True,True,True,https://noaa-nws-rtofs-pds.s3.amazonaws.com/rtofs.20251105/rtofs_glo_3dz_f006_6hrly_hvr_US_east.nc
ARGO_GDAC,pfl,aoml/4903552/profiles/R4903552_191.nc|2025-11-08T02:06:37Z|23.00766|-84.29091,aoml/4903552/profiles/R4903552_191.nc,4903552,4903552,23.00766,-84.29091,2025-11-08T02:06:37Z,20251108,2025,1014,0.48,2015.2,93.7133,True,True,True,https://noaa-nws-rtofs-pds.s3.amazonaws.com/rtofs.20251108/rtofs_glo_3dz_f006_6hrly_hvr_US_east.nc
ARGO_GDAC,pfl,aoml/4903552/profiles/R4903552_191.nc|2025-11-08T02:06:37Z|23.00766|-84.29091,aoml/4903552/profiles/R4903552_191.nc,4903552,4903552,23.00766,-84.29091,2025-11-08T02:06:37Z,20251108,2025,724,0.48,99.88,94.0824,True,True,True,https://noaa-nws-rtofs-pds.s3.amazonaws.com/rtofs.20251108/rtofs_glo_3dz_f006_6hrly_hvr_US_east.nc
ARGO_GDAC,pfl,aoml/4903552/profiles/R4903552_192.nc|2025-11-13T02:41:03Z|23.17492|-84.05223,aoml/4903552/profiles/R4903552_192.nc,4903552,4903552,23.17492,-84.05223,2025-11-13T02:41:03Z,20251113,2025,1011,0.96,2011.24,110.4256,True,False,True,https://noaa-nws-rtofs-pds.s3.amazonaws.com/rtofs.20251113/rtofs_glo_3dz_f006_6hrly_hvr_US_east.nc
ARGO_GDAC,pfl,aoml/4903552/profiles/R4903552_192.nc|2025-11-13T02:41:03Z|23.17492|-84.05223,aoml/4903552/profiles/R4903552_192.nc,4903552,4903552,23.17492,-84.05223,2025-11-13T02:41:03Z,20251113,2025,596,0.52,99.88,,False,False,True,https://noaa-nws-rtofs-pds.s3.amazonaws.com/rtofs.20251113/rtofs_glo_3dz_f006_6hrly_hvr_US_east.nc
ARGO_GDAC,pfl,aoml/4903552/profiles/R4903552_193.nc|2025-11-18T03:19:52Z|23.18221|-83.93907,aoml/4903552/profiles/R4903552_193.nc,4903552,4903552,23.18221,-83.93907,2025-11-18T03:19:52Z,20251118,2025,1009,0.48,2005.24,121.4484,True,False,True,https://noaa-nws-rtofs-pds.s3.amazonaws.com/rtofs.20251118/rtofs_glo_3dz_f006_6hrly_hvr_US_east.nc
ARGO_GDAC,pfl,aoml/4903552/profiles/R4903552_193.nc|2025-11-18T03:19:52Z|23.18221|-83.93907,aoml/4903552/profiles/R4903552_193.nc,4903552,4903552,23.18221,-83.93907,2025-11-18T03:19:52Z,20251118,2025,630,0.48,99.96,,False,False,True,https://noaa-nws-rtofs-pds.s3.amazonaws.com/rtofs.20251118/rtofs_glo_3dz_f006_6hrly_hvr_US_east.nc
ARGO_GDAC,pfl,aoml/4903552/profiles/R4903552_194.nc|2025-11-23T03:59:40Z|23.31550|-83.91923,aoml/4903552/profiles/R4903552_194.nc,4903552,4903552,23.3155,-83.91923,2025-11-23T03:59:40Z,20251123,2025,1010,1.12,2009.64,101.3086,True,False,True,https://noaa-nws-rtofs-pds.s3.amazonaws.com/rtofs.20251123/rtofs_glo_3dz_f006_6hrly_hvr_US_east.nc
ARGO_GDAC,pfl,aoml/4903552/profiles/R4903552_194.nc|2025-11-23T03:59:40Z|23.31550|-83.91923,aoml/4903552/profiles/R4903552_194.nc,4903552,4903552,23.3155,-83.91923,2025-11-23T03:59:40Z,20251123,2025,662,0.92,99.92,,False,False,True,https://noaa-nws-rtofs-pds.s3.amazonaws.com/rtofs.20251123/rtofs_glo_3dz_f006_6hrly_hvr_US_east.nc
ARGO_GDAC,pfl,aoml/4903552/profiles/R4903552_195.nc|2025-11-28T04:42:48Z|23.26550|-83.92684,aoml/4903552/profiles/R4903552_195.nc,4903552,4903552,23.2655,-83.92684,2025-11-28T04:42:48Z,20251128,2025,1009,0.48,2005.72,104.6249,True,False,True,https://noaa-nws-rtofs-pds.s3.amazonaws.com/rtofs.20251128/rtofs_glo_3dz_f006_6hrly_hvr_US_east.nc
ARGO_GDAC,pfl,aoml/4903552/profiles/R4903552_195.nc|2025-11-28T04:42:48Z|23.26550|-83.92684,aoml/4903552/profiles/R4903552_195.nc,4903552,4903552,23.2655,-83.92684,2025-11-28T04:42:48Z,20251128,2025,685,0.48,99.84,,False,False,True,https://noaa-nws-rtofs-pds.s3.amazonaws.com/rtofs.20251128/rtofs_glo_3dz_f006_6hrly_hvr_US_east.nc
ARGO_GDAC,pfl,aoml/4903552/profiles/R4903552_196.nc|2025-12-03T05:23:15Z|23.17435|-83.84392,aoml/4903552/profiles/R4903552_196.nc,4903552,4903552,23.17435,-83.84392,2025-12-03T05:23:15Z,20251203,2025,1008,1.0,2005.48,113.0598,True,False,True,https://noaa-nws-rtofs-pds.s3.amazonaws.com/rtofs.20251203/rtofs_glo_3dz_f006_6hrly_hvr_US_east.nc
ARGO_GDAC,pfl,aoml/4903552/profiles/R4903552_196.nc|2025-12-03T05:23:15Z|23.17435|-83.84392,aoml/4903552/profiles/R4903552_196.nc,4903552,4903552,23.17435,-83.84392,2025-12-03T05:23:15Z,20251203,2025,678,0.64,99.96,,False,False,True,https://noaa-nws-rtofs-pds.s3.amazonaws.com/rtofs.20251203/rtofs_glo_3dz_f006_6hrly_hvr_US_east.nc
ARGO_GDAC,pfl,aoml/4903552/profiles/R4903552_197.nc|2025-12-08T06:09:20Z|23.23995|-83.77719,aoml/4903552/profiles/R4903552_197.nc,4903552,4903552,23.23995,-83.77719,2025-12-08T06:09:20Z,20251208,2025,1009,0.96,2007.8,41.3746,True,True,True,https://noaa-nws-rtofs-pds.s3.amazonaws.com/rtofs.20251208/rtofs_glo_3dz_f006_6hrly_hvr_US_east.nc
ARGO_GDAC,pfl,aoml/4903552/profiles/R4903552_197.nc|2025-12-08T06:09:20Z|23.23995|-83.77719,aoml/4903552/profiles/R4903552_197.nc,4903552,4903552,23.23995,-83.77719,2025-12-08T06:09:20Z,20251208,2025,686,0.56,99.92,41.2979,True,True,True,https://noaa-nws-rtofs-pds.s3.amazonaws.com/rtofs.20251208/rtofs_glo_3dz_f006_6hrly_hvr_US_east.nc
ARGO_GDAC,pfl,aoml/4903552/profiles/R4903552_198.nc|2025-12-13T07:23:31Z|23.38088|-83.74037,aoml/4903552/profiles/R4903552_198.nc,4903552,4903552,23.38088,-83.74037,2025-12-13T07:23:31Z,20251213,2025,969,0.44,1925.04,109.6907,True,False,True,https://noaa-nws-rtofs-pds.s3.amazonaws.com/rtofs.20251213/rtofs_glo_3dz_f006_6hrly_hvr_US_east.nc
ARGO_GDAC,pfl,aoml/4903552/profiles/R4903552_198.nc|2025-12-13T07:23:31Z|23.38088|-83.74037,aoml/4903552/profiles/R4903552_198.nc,4903552,4903552,23.38088,-83.74037,2025-12-13T07:23:31Z,20251213,2025,716,0.44,99.96,,False,False,True,https://noaa-nws-rtofs-pds.s3.amazonaws.com/rtofs.20251213/rtofs_glo_3dz_f006_6hrly_hvr_US_east.nc
ARGO_GDAC,pfl,aoml/4903552/profiles/R4903552_199.nc|2025-12-18T08:02:56Z|23.59135|-83.69070,aoml/4903552/profiles/R4903552_199.nc,4903552,4903552,23.59135,-83.6907,2025-12-18T08:02:56Z,20251218,2025,1008,1.08,2005.48,127.1188,True,False,True,https://noaa-nws-rtofs-pds.s3.amazonaws.com/rtofs.20251218/rtofs_glo_3dz_f006_6hrly_hvr_US_east.nc
ARGO_GDAC,pfl,aoml/4903552/profiles/R4903552_199.nc|2025-12-18T08:02:56Z|23.59135|-83.69070,aoml/4903552/profiles/R4903552_199.nc,4903552,4903552,23.59135,-83.6907,2025-12-18T08:02:56Z,20251218,2025,901,0.6,99.92,,False,False,True,https://noaa-nws-rtofs-pds.s3.amazonaws.com/rtofs.20251218/rtofs_glo_3dz_f006_6hrly_hvr_US_east.nc
ARGO_GDAC,pfl,aoml/4903552/profiles/R4903552_200.nc|2025-12-23T08:49:26Z|23.70386|-83.66289,aoml/4903552/profiles/R4903552_200.nc,4903552,4903552,23.70386,-83.66289,2025-12-23T08:49:26Z,20251223,2025,1014,1.04,2017.32,111.1833,True,False,True,https://noaa-nws-rtofs-pds.s3.amazonaws.com/rtofs.20251223/rtofs_glo_3dz_f006_6hrly_hvr_US_east.nc
ARGO_GDAC,pfl,aoml/4903552/profiles/R4903552_200.nc|2025-12-23T08:49:26Z|23.70386|-83.66289,aoml/4903552/profiles/R4903552_200.nc,4903552,4903552,23.70386,-83.66289,2025-12-23T08:49:26Z,20251223,2025,643,0.56,99.84,,False,False,True,https://noaa-nws-rtofs-pds.s3.amazonaws.com/rtofs.20251223/rtofs_glo_3dz_f006_6hrly_hvr_US_east.nc
ARGO_GDAC,pfl,aoml/4903552/profiles/R4903552_201.nc|2025-12-28T09:34:20Z|23.72925|-83.65014,aoml/4903552/profiles/R4903552_201.nc,4903552,4903552,23.72925,-83.65014,2025-12-28T09:34:20Z,20251228,2025,1011,1.0,2011.92,86.7888,True,True,True,https://noaa-nws-rtofs-pds.s3.amazonaws.com/rtofs.20251228/rtofs_glo_3dz_f006_6hrly_hvr_US_east.nc
ARGO_GDAC,pfl,aoml/4903552/profiles/R4903552_201.nc|2025-12-28T09:34:20Z|23.72925|-83.65014,aoml/4903552/profiles/R4903552_201.nc,4903552,4903552,23.72925,-83.65014,2025-12-28T09:34:20Z,20251228,2025,829,0.72,99.92,86.9733,True,True,True,https://noaa-nws-rtofs-pds.s3.amazonaws.com/rtofs.20251228/rtofs_glo_3dz_f006_6hrly_hvr_US_east.nc
ARGO_GDAC,pfl,aoml/4903553/profiles/D4903553_042.nc|2024-01-02T03:04:47Z|23.20231|-83.40920,aoml/4903553/profiles/D4903553_042.nc,4903553,4903553,23.20231,-83.4092,2024-01-02T03:04:47Z,20240102,2024,1010,0.44,2007.76,98.6461,True,True,False,
ARGO_GDAC,pfl,aoml/4903553/profiles/D4903553_042.nc|2024-01-02T03:04:47Z|23.20231|-83.40920,aoml/4903553/profiles/D4903553_042.nc,4903553,4903553,23.20231,-83.4092,2024-01-02T03:04:47Z,20240102,2024,828,0.44,99.92,98.771,True,True,False,
ARGO_GDAC,pfl,aoml/4903553/profiles/D4903553_043.nc|2024-01-07T03:49:52Z|23.19570|-83.25864,aoml/4903553/profiles/D4903553_043.nc,4903553,4903553,23.1957,-83.25864,2024-01-07T03:49:52Z,20240107,2024,1007,1.0,2003.6,43.9542,True,True,False,
ARGO_GDAC,pfl,aoml/4903553/profiles/D4903553_043.nc|2024-01-07T03:49:52Z|23.19570|-83.25864,aoml/4903553/profiles/D4903553_043.nc,4903553,4903553,23.1957,-83.25864,2024-01-07T03:49:52Z,20240107,2024,800,0.6,99.92,43.8751,True,True,False,
ARGO_GDAC,pfl,aoml/4903553/profiles/D4903553_044.nc|2024-01-12T05:15:32Z|23.16181|-83.32329,aoml/4903553/profiles/D4903553_044.nc,4903553,4903553,23.16181,-83.32329,2024-01-12T05:15:32Z,20240112,2024,969,1.04,1927.76,110.7541,True,False,False,
ARGO_GDAC,pfl,aoml/4903553/profiles/D4903553_044.nc|2024-01-12T05:15:32Z|23.16181|-83.32329,aoml/4903553/profiles/D4903553_044.nc,4903553,4903553,23.16181,-83.32329,2024-01-12T05:15:32Z,20240112,2024,893,0.64,100.0,,False,False,False,
ARGO_GDAC,pfl,aoml/4903553/profiles/D4903553_045.nc|2024-01-17T06:34:23Z|23.11886|-83.43162,aoml/4903553/profiles/D4903553_045.nc,4903553,4903553,23.11886,-83.43162,2024-01-17T06:34:23Z,20240117,2024,971,0.96,1931.6,108.7516,True,False,False,
ARGO_GDAC,pfl,aoml/4903553/profiles/D4903553_045.nc|2024-01-17T06:34:23Z|23.11886|-83.43162,aoml/4903553/profiles/D4903553_045.nc,4903553,4903553,23.11886,-83.43162,2024-01-17T06:34:23Z,20240117,2024,812,0.52,99.88,,False,False,False,
ARGO_GDAC,pfl,aoml/4903553/profiles/D4903553_046.nc|2024-01-22T07:43:40Z|23.10887|-83.44930,aoml/4903553/profiles/D4903553_046.nc,4903553,4903553,23.10887,-83.4493,2024-01-22T07:43:40Z,20240122,2024,932,1.12,1853.52,95.2437,True,True,False,
ARGO_GDAC,pfl,aoml/4903553/profiles/D4903553_046.nc|2024-01-22T07:43:40Z|23.10887|-83.44930,aoml/4903553/profiles/D4903553_046.nc,4903553,4903553,23.10887,-83.4493,2024-01-22T07:43:40Z,20240122,2024,896,0.72,100.0,95.5422,True,True,False,
ARGO_GDAC,pfl,aoml/4903553/profiles/D4903553_047.nc|2024-01-27T08:36:39Z|23.08195|-83.60803,aoml/4903553/profiles/D4903553_047.nc,4903553,4903553,23.08195,-83.60803,2024-01-27T08:36:39Z,20240127,2024,1011,1.04,2012.28,121.5431,True,False,True,https://noaa-nws-rtofs-pds.s3.amazonaws.com/rtofs.20240127/rtofs_glo_3dz_f006_6hrly_hvr_US_east.nc
ARGO_GDAC,pfl,aoml/4903553/profiles/D4903553_047.nc|2024-01-27T08:36:39Z|23.08195|-83.60803,aoml/4903553/profiles/D4903553_047.nc,4903553,4903553,23.08195,-83.60803,2024-01-27T08:36:39Z,20240127,2024,879,0.64,99.84,,False,False,True,https://noaa-nws-rtofs-pds.s3.amazonaws.com/rtofs.20240127/rtofs_glo_3dz_f006_6hrly_hvr_US_east.nc
ARGO_GDAC,pfl,aoml/4903553/profiles/D4903553_048.nc|2024-02-01T09:51:08Z|23.10598|-83.48942,aoml/4903553/profiles/D4903553_048.nc,4903553,4903553,23.10598,-83.48942,2024-02-01T09:51:08Z,20240201,2024,953,0.96,1895.8,131.7191,True,False,True,https://noaa-nws-rtofs-pds.s3.amazonaws.com/rtofs.20240201/rtofs_glo_3dz_f006_6hrly_hvr_US_east.nc
ARGO_GDAC,pfl,aoml/4903553/profiles/D4903553_048.nc|2024-02-01T09:51:08Z|23.10598|-83.48942,aoml/4903553/profiles/D4903553_048.nc,4903553,4903553,23.10598,-83.48942,2024-02-01T09:51:08Z,20240201,2024,776,0.6,99.92,,False,False,True,https://noaa-nws-rtofs-pds.s3.amazonaws.com/rtofs.20240201/rtofs_glo_3dz_f006_6hrly_hvr_US_east.nc
ARGO_GDAC,pfl,aoml/4903553/profiles/D4903553_049.nc|2024-02-06T10:37:57Z|23.09457|-83.25638,aoml/4903553/profiles/D4903553_049.nc,4903553,4903553,23.09457,-83.25638,2024-02-06T10:37:57Z,20240206,2024,826,1.08,1642.16,87.6923,True,True,True,https://noaa-nws-rtofs-pds.s3.amazonaws.com/rtofs.20240206/rtofs_glo_3dz_f006_6hrly_hvr_US_east.nc
ARGO_GDAC,pfl,aoml/4903553/profiles/D4903553_049.nc|2024-02-06T10:37:57Z|23.09457|-83.25638,aoml/4903553/profiles/D4903553_049.nc,4903553,4903553,23.09457,-83.25638,2024-02-06T10:37:57Z,20240206,2024,794,0.72,99.96,88.0172,True,True,True,https://noaa-nws-rtofs-pds.s3.amazonaws.com/rtofs.20240206/rtofs_glo_3dz_f006_6hrly_hvr_US_east.nc
ARGO_GDAC,pfl,aoml/4903553/profiles/D4903553_050.nc|2024-02-11T11:42:48Z|23.11676|-83.23721,aoml/4903553/profiles/D4903553_050.nc,4903553,4903553,23.11676,-83.23721,2024-02-11T11:42:48Z,20240211,2024,899,1.04,1787.8,115.5571,True,False,True,https://noaa-nws-rtofs-pds.s3.amazonaws.com/rtofs.20240211/rtofs_glo_3dz_f006_6hrly_hvr_US_east.nc
ARGO_GDAC,pfl,aoml/4903553/profiles/D4903553_050.nc|2024-02-11T11:42:48Z|23.11676|-83.23721,aoml/4903553/profiles/D4903553_050.nc,4903553,4903553,23.11676,-83.23721,2024-02-11T11:42:48Z,20240211,2024,815,0.72,99.92,,False,False,True,https://noaa-nws-rtofs-pds.s3.amazonaws.com/rtofs.20240211/rtofs_glo_3dz_f006_6hrly_hvr_US_east.nc
ARGO_GDAC,pfl,aoml/4903553/profiles/D4903553_051.nc|2024-02-16T12:25:39Z|23.09102|-83.27047,aoml/4903553/profiles/D4903553_051.nc,4903553,4903553,23.09102,-83.27047,2024-02-16T12:25:39Z,20240216,2024,822,0.96,1634.16,72.7523,True,True,True,https://noaa-nws-rtofs-pds.s3.amazonaws.com/rtofs.20240216/rtofs_glo_3dz_f006_6hrly_hvr_US_east.nc
ARGO_GDAC,pfl,aoml/4903553/profiles/D4903553_051.nc|2024-02-16T12:25:39Z|23.09102|-83.27047,aoml/4903553/profiles/D4903553_051.nc,4903553,4903553,23.09102,-83.27047,2024-02-16T12:25:39Z,20240216,2024,800,0.52,99.84,72.08,True,True,True,https://noaa-nws-rtofs-pds.s3.amazonaws.com/rtofs.20240216/rtofs_glo_3dz_f006_6hrly_hvr_US_east.nc
ARGO_GDAC,pfl,aoml/4903553/profiles/D4903553_052.nc|2024-02-21T13:14:08Z|23.11668|-83.32964,aoml/4903553/profiles/D4903553_052.nc,4903553,4903553,23.11668,-83.32964,2024-02-21T13:14:08Z,20240221,2024,849,1.12,1687.64,132.1732,True,False,True,https://noaa-nws-rtofs-pds.s3.amazonaws.com/rtofs.20240221/rtofs_glo_3dz_f006_6hrly_hvr_US_east.nc
ARGO_GDAC,pfl,aoml/4903553/profiles/D4903553_052.nc|2024-02-21T13:14:08Z|23.11668|-83.32964,aoml/4903553/profiles/D4903553_052.nc,4903553,4903553,23.11668,-83.32964,2024-02-21T13:14:08Z,20240221,2024,827,0.72,100.0,,False,False,True,https://noaa-nws-rtofs-pds.s3.amazonaws.com/rtofs.20240221/rtofs_glo_3dz_f006_6hrly_hvr_US_east.nc
ARGO_GDAC,pfl,aoml/4903553/profiles/D4903553_053.nc|2024-02-26T14:02:12Z|23.10871|-83.19523,aoml/4903553/profiles/D4903553_053.nc,4903553,4903553,23.10871,-83.19523,2024-02-26T14:02:12Z,20240226,2024,826,0.96,1641.4,125.1501,True,False,True,https://noaa-nws-rtofs-pds.s3.amazonaws.com/rtofs.20240226/rtofs_glo_3dz_f006_6hrly_hvr_US_east.nc
ARGO_GDAC,pfl,aoml/4903553/profiles/D4903553_053.nc|2024-02-26T14:02:12Z|23.10871|-83.19523,aoml/4903553/profiles/D4903553_053.nc,4903553,4903553,23.10871,-83.19523,2024-02-26T14:02:12Z,20240226,2024,786,0.52,99.88,,False,False,True,https://noaa-nws-rtofs-pds.s3.amazonaws.com/rtofs.20240226/rtofs_glo_3dz_f006_6hrly_hvr_US_east.nc
ARGO_GDAC,pfl,aoml/4903553/profiles/D4903553_054.nc|2024-03-02T14:39:42Z|23.11568|-83.06453,aoml/4903553/profiles/D4903553_054.nc,4903553,4903553,23.11568,-83.06453,2024-03-02T14:39:42Z,20240302,2024,819,0.96,1627.36,103.8677,True,False,True,https://noaa-nws-rtofs-pds.s3.amazonaws.com/rtofs.20240302/rtofs_glo_3dz_f006_6hrly_hvr_US_east.nc
ARGO_GDAC,pfl,aoml/4903553/profiles/D4903553_054.nc|2024-03-02T14:39:42Z|23.11568|-83.06453,aoml/4903553/profiles/D4903553_054.nc,4903553,4903553,23.11568,-83.06453,2024-03-02T14:39:42Z,20240302,2024,785,0.56,99.88,,False,False,True,https://noaa-nws-rtofs-pds.s3.amazonaws.com/rtofs.20240302/rtofs_glo_3dz_f006_6hrly_hvr_US_east.nc
ARGO_GDAC,pfl,aoml/4903553/profiles/D4903553_055.nc|2024-03-07T15:19:33Z|23.16146|-82.97387,aoml/4903553/profiles/D4903553_055.nc,4903553,4903553,23.16146,-82.97387,2024-03-07T15:19:33Z,20240307,2024,814,1.04,1617.12,74.556,True,True,True,https://noaa-nws-rtofs-pds.s3.amazonaws.com/rtofs.20240307/rtofs_glo_3dz_f006_6hrly_hvr_US_east.nc
ARGO_GDAC,pfl,aoml/4903553/profiles/D4903553_055.nc|2024-03-07T15:19:33Z|23.16146|-82.97387,aoml/4903553/profiles/D4903553_055.nc,4903553,4903553,23.16146,-82.97387,2024-03-07T15:19:33Z,20240307,2024,840,0.56,99.92,74.64,True,True,True,https://noaa-nws-rtofs-pds.s3.amazonaws.com/rtofs.20240307/rtofs_glo_3dz_f006_6hrly_hvr_US_east.nc
ARGO_GDAC,pfl,aoml/4903553/profiles/D4903553_056.nc|2024-03-12T16:27:19Z|23.20564|-82.96847,aoml/4903553/profiles/D4903553_056.nc,4903553,4903553,23.20564,-82.96847,2024-03-12T16:27:19Z,20240312,2024,939,0.48,1865.48,56.98,True,True,True,https://noaa-nws-rtofs-pds.s3.amazonaws.com/rtofs.20240312/rtofs_glo_3dz_f006_6hrly_hvr_US_east.nc
ARGO_GDAC,pfl,aoml/4903553/profiles/D4903553_056.nc|2024-03-12T16:27:19Z|23.20564|-82.96847,aoml/4903553/profiles/D4903553_056.nc,4903553,4903553,23.20564,-82.96847,2024-03-12T16:27:19Z,20240312,2024,759,0.48,99.84,57.016,True,True,True,https://noaa-nws-rtofs-pds.s3.amazonaws.com/rtofs.20240312/rtofs_glo_3dz_f006_6hrly_hvr_US_east.nc
ARGO_GDAC,pfl,aoml/4903553/profiles/D4903553_057.nc|2024-03-17T17:03:48Z|23.25000|-82.89674,aoml/4903553/profiles/D4903553_057.nc,4903553,4903553,23.25,-82.89674,2024-03-17T17:03:48Z,20240317,2024,1010,0.36,2007.48,68.0697,True,True,True,https://noaa-nws-rtofs-pds.s3.amazonaws.com/rtofs.20240317/rtofs_glo_3dz_f006_6hrly_hvr_US_east.nc
ARGO_GDAC,pfl,aoml/4903553/profiles/D4903553_057.nc|2024-03-17T17:03:48Z|23.25000|-82.89674,aoml/4903553/profiles/D4903553_057.nc,4903553,4903553,23.25,-82.89674,2024-03-17T17:03:48Z,20240317,2024,744,0.36,99.88,68.1466,True,True,True,https://noaa-nws-rtofs-pds.s3.amazonaws.com/rtofs.20240317/rtofs_glo_3dz_f006_6hrly_hvr_US_east.nc
ARGO_GDAC,pfl,aoml/4903553/profiles/D4903553_058.nc|2024-03-22T18:20:13Z|23.28479|-82.71943,aoml/4903553/profiles/D4903553_058.nc,4903553,4903553,23.28479,-82.71943,2024-03-22T18:20:13Z,20240322,2024,978,0.48,1943.52,51.1329,True,True,True,https://noaa-nws-rtofs-pds.s3.amazonaws.com/rtofs.20240322/rtofs_glo_3dz_f006_6hrly_hvr_US_east.nc
ARGO_GDAC,pfl,aoml/4903553/profiles/D4903553_058.nc|2024-03-22T18:20:13Z|23.28479|-82.71943,aoml/4903553/profiles/D4903553_058.nc,4903553,4903553,23.28479,-82.71943,2024-03-22T18:20:13Z,20240322,2024,819,0.48,99.92,51.5688,True,True,True,https://noaa-nws-rtofs-pds.s3.amazonaws.com/rtofs.20240322/rtofs_glo_3dz_f006_6hrly_hvr_US_east.nc
ARGO_GDAC,pfl,aoml/4903553/profiles/D4903553_059.nc|2024-03-27T19:33:21Z|23.32937|-82.59152,aoml/4903553/profiles/D4903553_059.nc,4903553,4903553,23.32937,-82.59152,2024-03-27T19:33:21Z,20240327,2024,943,0.48,1873.6,12.3504,True,True,True,https://noaa-nws-rtofs-pds.s3.amazonaws.com/rtofs.20240327/rtofs_glo_3dz_f006_6hrly_hvr_US_east.nc
ARGO_GDAC,pfl,aoml/4903553/profiles/D4903553_059.nc|2024-03-27T19:33:21Z|23.32937|-82.59152,aoml/4903553/profiles/D4903553_059.nc,4903553,4903553,23.32937,-82.59152,2024-03-27T19:33:21Z,20240327,2024,805,0.48,99.84,12.6733,True,True,True,https://noaa-nws-rtofs-pds.s3.amazonaws.com/rtofs.20240327/rtofs_glo_3dz_f006_6hrly_hvr_US_east.nc
ARGO_GDAC,pfl,aoml/4903553/profiles/D4903553_060.nc|2024-04-01T20:43:49Z|23.30396|-82.55180,aoml/4903553/profiles/D4903553_060.nc,4903553,4903553,23.30396,-82.5518,2024-04-01T20:43:49Z,20240401,2024,926,1.08,1841.4,93.3056,True,True,True,https://noaa-nws-rtofs-pds.s3.amazonaws.com/rtofs.20240401/rtofs_glo_3dz_f006_6hrly_hvr_US_east.nc
ARGO_GDAC,pfl,aoml/4903553/profiles/D4903553_060.nc|2024-04-01T20:43:49Z|23.30396|-82.55180,aoml/4903553/profiles/D4903553_060.nc,4903553,4903553,23.30396,-82.5518,2024-04-01T20:43:49Z,20240401,2024,858,0.68,99.96,93.46,True,True,True,https://noaa-nws-rtofs-pds.s3.amazonaws.com/rtofs.20240401/rtofs_glo_3dz_f006_6hrly_hvr_US_east.nc
ARGO_GDAC,pfl,aoml/4903553/profiles/D4903553_061.nc|2024-04-06T22:00:31Z|23.29370|-82.67917,aoml/4903553/profiles/D4903553_061.nc,4903553,4903553,23.2937,-82.67917,2024-04-06T22:00:31Z,20240406,2024,955,1.2,1900.04,79.7047,True,True,True,https://noaa-nws-rtofs-pds.s3.amazonaws.com/rtofs.20240406/rtofs_glo_3dz_f006_6hrly_hvr_US_east.nc
ARGO_GDAC,pfl,aoml/4903553/profiles/D4903553_061.nc|2024-04-06T22:00:31Z|23.29370|-82.67917,aoml/4903553/profiles/D4903553_061.nc,4903553,4903553,23.2937,-82.67917,2024-04-06T22:00:31Z,20240406,2024,881,1.04,99.96,79.6933,True,True,True,https://noaa-nws-rtofs-pds.s3.amazonaws.com/rtofs.20240406/rtofs_glo_3dz_f006_6hrly_hvr_US_east.nc
ARGO_GDAC,pfl,aoml/4903553/profiles/D4903553_062.nc|2024-04-11T23:10:37Z|23.36627|-82.53702,aoml/4903553/profiles/D4903553_062.nc,4903553,4903553,23.36627,-82.53702,2024-04-11T23:10:37Z,20240411,2024,926,1.0,1842.04,90.6051,True,True,True,https://noaa-nws-rtofs-pds.s3.amazonaws.com/rtofs.20240411/rtofs_glo_3dz_f006_6hrly_hvr_US_east.nc
ARGO_GDAC,pfl,aoml/4903553/profiles/D4903553_062.nc|2024-04-11T23:10:37Z|23.36627|-82.53702,aoml/4903553/profiles/D4903553_062.nc,4903553,4903553,23.36627,-82.53702,2024-04-11T23:10:37Z,20240411,2024,875,0.64,100.0,90.952,True,True,True,https://noaa-nws-rtofs-pds.s3.amazonaws.com/rtofs.20240411/rtofs_glo_3dz_f006_6hrly_hvr_US_east.nc
ARGO_GDAC,pfl,aoml/4903553/profiles/D4903553_063.nc|2024-04-17T00:07:30Z|23.37874|-82.39518,aoml/4903553/profiles/D4903553_063.nc,4903553,4903553,23.37874,-82.39518,2024-04-17T00:07:30Z,20240417,2024,886,0.28,1759.12,88.1515,True,True,True,https://noaa-nws-rtofs-pds.s3.amazonaws.com/rtofs.20240417/rtofs_glo_3dz_f006_6hrly_hvr_US_east.nc
ARGO_GDAC,pfl,aoml/4903553/profiles/D4903553_063.nc|2024-04-17T00:07:30Z|23.37874|-82.39518,aoml/4903553/profiles/D4903553_063.nc,4903553,4903553,23.37874,-82.39518,2024-04-17T00:07:30Z,20240417,2024,836,0.28,100.0,88.09,True,True,True,https://noaa-nws-rtofs-pds.s3.amazonaws.com/rtofs.20240417/rtofs_glo_3dz_f006_6hrly_hvr_US_east.nc
ARGO_GDAC,pfl,aoml/4903553/profiles/D4903553_064.nc|2024-04-22T01:12:37Z|23.39295|-82.37954,aoml/4903553/profiles/D4903553_064.nc,4903553,4903553,23.39295,-82.37954,2024-04-22T01:12:37Z,20240422,2024,889,1.0,1767.64,44.9593,True,True,True,https://noaa-nws-rtofs-pds.s3.amazonaws.com/rtofs.20240422/rtofs_glo_3dz_f006_6hrly_hvr_US_east.nc
ARGO_GDAC,pfl,aoml/4903553/profiles/D4903553_064.nc|2024-04-22T01:12:37Z|23.39295|-82.37954,aoml/4903553/profiles/D4903553_064.nc,4903553,4903553,23.39295,-82.37954,2024-04-22T01:12:37Z,20240422,2024,879,0.6,99.92,44.7733,True,True,True,https://noaa-nws-rtofs-pds.s3.amazonaws.com/rtofs.20240422/rtofs_glo_3dz_f006_6hrly_hvr_US_east.nc
ARGO_GDAC,pfl,aoml/4903553/profiles/D4903553_065.nc|2024-04-27T02:00:40Z|23.38684|-82.26703,aoml/4903553/profiles/D4903553_065.nc,4903553,4903553,23.38684,-82.26703,2024-04-27T02:00:40Z,20240427,2024,856,0.48,1699.36,60.3478,True,True,True,https://noaa-nws-rtofs-pds.s3.amazonaws.com/rtofs.20240427/rtofs_glo_3dz_f006_6hrly_hvr_US_east.nc
ARGO_GDAC,pfl,aoml/4903553/profiles/D4903553_065.nc|2024-04-27T02:00:40Z|23.38684|-82.26703,aoml/4903553/profiles/D4903553_065.nc,4903553,4903553,23.38684,-82.26703,2024-04-27T02:00:40Z,20240427,2024,766,0.48,99.96,60.552,True,True,True,https://noaa-nws-rtofs-pds.s3.amazonaws.com/rtofs.20240427/rtofs_glo_3dz_f006_6hrly_hvr_US_east.nc
ARGO_GDAC,pfl,aoml/4903553/profiles/D4903553_066.nc|2024-05-02T02:41:31Z|23.32473|-82.23089,aoml/4903553/profiles/D4903553_066.nc,4903553,4903553,23.32473,-82.23089,2024-05-02T02:41:31Z,20240502,2024,821,0.4,1630.12,67.3576,True,True,True,https://noaa-nws-rtofs-pds.s3.amazonaws.com/rtofs.20240502/rtofs_glo_3dz_f006_6hrly_hvr_US_east.nc
ARGO_GDAC,pfl,aoml/4903553/profiles/D4903553_066.nc|2024-05-02T02:41:31Z|23.32473|-82.23089,aoml/4903553/profiles/D4903553_066.nc,4903553,4903553,23.32473,-82.23089,2024-05-02T02:41:31Z,20240502,2024,866,0.4,99.88,67.4836,True,True,True,https://noaa-nws-rtofs-pds.s3.amazonaws.com/rtofs.20240502/rtofs_glo_3dz_f006_6hrly_hvr_US_east.nc
ARGO_GDAC,pfl,aoml/4903553/profiles/D4903553_067.nc|2024-05-07T03:23:43Z|23.35943|-82.21450,aoml/4903553/profiles/D4903553_067.nc,4903553,4903553,23.35943,-82.2145,2024-05-07T03:23:43Z,20240507,2024,828,0.96,1645.36,68.1334,True,True,True,https://noaa-nws-rtofs-pds.s3.amazonaws.com/rtofs.20240507/rtofs_glo_3dz_f006_6hrly_hvr_US_east.nc
ARGO_GDAC,pfl,aoml/4903553/profiles/D4903553_067.nc|2024-05-07T03:23:43Z|23.35943|-82.21450,aoml/4903553/profiles/D4903553_067.nc,4903553,4903553,23.35943,-82.2145,2024-05-07T03:23:43Z,20240507,2024,716,0.52,100.0,67.8708,True,True,True,https://noaa-nws-rtofs-pds.s3.amazonaws.com/rtofs.20240507/rtofs_glo_3dz_f006_6hrly_hvr_US_east.nc
ARGO_GDAC,pfl,aoml/4903553/profiles/D4903553_068.nc|2024-05-12T04:08:00Z|23.39269|-82.11608,aoml/4903553/profiles/D4903553_068.nc,4903553,4903553,23.39269,-82.11608,2024-05-12T04:08:00Z,20240512,2024,830,0.48,1647.44,12.6933,True,True,True,https://noaa-nws-rtofs-pds.s3.amazonaws.com/rtofs.20240512/rtofs_glo_3dz_f006_6hrly_hvr_US_east.nc
ARGO_GDAC,pfl,aoml/4903553/profiles/D4903553_068.nc|2024-05-12T04:08:00Z|23.39269|-82.11608,aoml/4903553/profiles/D4903553_068.nc,4903553,4903553,23.39269,-82.11608,2024-05-12T04:08:00Z,20240512,2024,819,0.48,99.96,11.48,True,True,True,https://noaa-nws-rtofs-pds.s3.amazonaws.com/rtofs.20240512/rtofs_glo_3dz_f006_6hrly_hvr_US_east.nc
ARGO_GDAC,pfl,aoml/4903553/profiles/D4903553_069.nc|2024-05-17T04:55:47Z|23.56367|-82.19229,aoml/4903553/profiles/D4903553_069.nc,4903553,4903553,23.56367,-82.19229,2024-05-17T04:55:47Z,20240517,2024,849,0.44,1685.32,17.7172,True,True,True,https://noaa-nws-rtofs-pds.s3.amazonaws.com/rtofs.20240517/rtofs_glo_3dz_f006_6hrly_hvr_US_east.nc
ARGO_GDAC,pfl,aoml/4903553/profiles/D4903553_069.nc|2024-05-17T04:55:47Z|23.56367|-82.19229,aoml/4903553/profiles/D4903553_069.nc,4903553,4903553,23.56367,-82.19229,2024-05-17T04:55:47Z,20240517,2024,794,0.44,99.88,18.0408,True,True,True,https://noaa-nws-rtofs-pds.s3.amazonaws.com/rtofs.20240517/rtofs_glo_3dz_f006_6hrly_hvr_US_east.nc
ARGO_GDAC,pfl,aoml/4903553/profiles/D4903553_070.nc|2024-05-22T05:58:33Z|23.64854|-82.40132,aoml/4903553/profiles/D4903553_070.nc,4903553,4903553,23.64854,-82.40132,2024-05-22T05:58:33Z,20240522,2024,887,1.12,1763.4,15.1009,True,True,True,https://noaa-nws-rtofs-pds.s3.amazonaws.com/rtofs.20240522/rtofs_glo_3dz_f006_6hrly_hvr_US_east.nc
ARGO_GDAC,pfl,aoml/4903553/profiles/D4903553_070.nc|2024-05-22T05:58:33Z|23.64854|-82.40132,aoml/4903553/profiles/D4903553_070.nc,4903553,4903553,23.64854,-82.40132,2024-05-22T05:58:33Z,20240522,2024,864,0.72,100.0,15.9199,True,True,True,https://noaa-nws-rtofs-pds.s3.amazonaws.com/rtofs.20240522/rtofs_glo_3dz_f006_6hrly_hvr_US_east.nc
ARGO_GDAC,pfl,aoml/4903553/profiles/D4903553_071.nc|2024-05-27T07:01:42Z|23.60256|-82.41144,aoml/4903553/profiles/D4903553_071.nc,4903553,4903553,23.60256,-82.41144,2024-05-27T07:01:42Z,20240527,2024,901,0.48,1789.48,14.9774,True,True,True,https://noaa-nws-rtofs-pds.s3.amazonaws.com/rtofs.20240527/rtofs_glo_3dz_f006_6hrly_hvr_US_east.nc
ARGO_GDAC,pfl,aoml/4903553/profiles/D4903553_071.nc|2024-05-27T07:01:42Z|23.60256|-82.41144,aoml/4903553/profiles/D4903553_071.nc,4903553,4903553,23.60256,-82.41144,2024-05-27T07:01:42Z,20240527,2024,782,0.48,99.96,15.6343,True,True,True,https://noaa-nws-rtofs-pds.s3.amazonaws.com/rtofs.20240527/rtofs_glo_3dz_f006_6hrly_hvr_US_east.nc
ARGO_GDAC,pfl,aoml/4903553/profiles/D4903553_072.nc|2024-06-01T07:56:27Z|23.69302|-82.28901,aoml/4903553/profiles/D4903553_072.nc,4903553,4903553,23.69302,-82.28901,2024-06-01T07:56:27Z,20240601,2024,867,1.04,1723.44,18.2286,True,True,True,https://noaa-nws-rtofs-pds.s3.amazonaws.com/rtofs.20240601/rtofs_glo_3dz_f006_6hrly_hvr_US_east.nc
ARGO_GDAC,pfl,aoml/4903553/profiles/D4903553_072.nc|2024-06-01T07:56:27Z|23.69302|-82.28901,aoml/4903553/profiles/D4903553_072.nc,4903553,4903553,23.69302,-82.28901,2024-06-01T07:56:27Z,20240601,2024,829,0.64,99.88,18.7476,True,True,True,https://noaa-nws-rtofs-pds.s3.amazonaws.com/rtofs.20240601/rtofs_glo_3dz_f006_6hrly_hvr_US_east.nc
ARGO_GDAC,pfl,aoml/4903553/profiles/D4903553_073.nc|2024-06-06T08:38:32Z|23.74919|-82.31170,aoml/4903553/profiles/D4903553_073.nc,4903553,4903553,23.74919,-82.3117,2024-06-06T08:38:32Z,20240606,2024,767,1.0,1523.08,36.6661,True,True,True,https://noaa-nws-rtofs-pds.s3.amazonaws.com/rtofs.20240606/rtofs_glo_3dz_f006_6hrly_hvr_US_east.nc
ARGO_GDAC,pfl,aoml/4903553/profiles/D4903553_073.nc|2024-06-06T08:38:32Z|23.74919|-82.31170,aoml/4903553/profiles/D4903553_073.nc,4903553,4903553,23.74919,-82.3117,2024-06-06T08:38:32Z,20240606,2024,829,0.6,99.92,37.6838,True,True,True,https://noaa-nws-rtofs-pds.s3.amazonaws.com/rtofs.20240606/rtofs_glo_3dz_f006_6hrly_hvr_US_east.nc
ARGO_GDAC,pfl,aoml/4903553/profiles/D4903553_074.nc|2024-06-11T09:11:13Z|23.75399|-82.26986,aoml/4903553/profiles/D4903553_074.nc,4903553,4903553,23.75399,-82.26986,2024-06-11T09:11:13Z,20240611,2024,782,0.92,1553.52,28.0642,True,True,True,https://noaa-nws-rtofs-pds.s3.amazonaws.com/rtofs.20240611/rtofs_glo_3dz_f006_6hrly_hvr_US_east.nc
ARGO_GDAC,pfl,aoml/4903553/profiles/D4903553_074.nc|2024-06-11T09:11:13Z|23.75399|-82.26986,aoml/4903553/profiles/D4903553_074.nc,4903553,4903553,23.75399,-82.26986,2024-06-11T09:11:13Z,20240611,2024,777,0.52,99.88,28.2383,True,True,True,https://noaa-nws-rtofs-pds.s3.amazonaws.com/rtofs.20240611/rtofs_glo_3dz_f006_6hrly_hvr_US_east.nc
ARGO_GDAC,pfl,aoml/4903553/profiles/D4903553_075.nc|2024-06-16T09:53:42Z|23.72594|-82.31973,aoml/4903553/profiles/D4903553_075.nc,4903553,4903553,23.72594,-82.31973,2024-06-16T09:53:42Z,20240616,2024,793,0.96,1575.72,24.9869,True,True,True,https://noaa-nws-rtofs-pds.s3.amazonaws.com/rtofs.20240616/rtofs_glo_3dz_f006_6hrly_hvr_US_east.nc
ARGO_GDAC,pfl,aoml/4903553/profiles/D4903553_075.nc|2024-06-16T09:53:42Z|23.72594|-82.31973,aoml/4903553/profiles/D4903553_075.nc,4903553,4903553,23.72594,-82.31973,2024-06-16T09:53:42Z,20240616,2024,817,0.56,99.88,25.3362,True,True,True,https://noaa-nws-rtofs-pds.s3.amazonaws.com/rtofs.20240616/rtofs_glo_3dz_f006_6hrly_hvr_US_east.nc
ARGO_GDAC,pfl,aoml/4903553/profiles/D4903553_076.nc|2024-06-21T10:24:41Z|23.73552|-82.48465,aoml/4903553/profiles/D4903553_076.nc,4903553,4903553,23.73552,-82.48465,2024-06-21T10:24:41Z,20240621,2024,777,1.24,1543.52,34.0528,True,True,True,https://noaa-nws-rtofs-pds.s3.amazonaws.com/rtofs.20240621/rtofs_glo_3dz_f006_6hrly_hvr_US_east.nc
ARGO_GDAC,pfl,aoml/4903553/profiles/D4903553_076.nc|2024-06-21T10:24:41Z|23.73552|-82.48465,aoml/4903553/profiles/D4903553_076.nc,4903553,4903553,23.73552,-82.48465,2024-06-21T10:24:41Z,20240621,2024,812,0.92,99.88,34.2162,True,True,True,https://noaa-nws-rtofs-pds.s3.amazonaws.com/rtofs.20240621/rtofs_glo_3dz_f006_6hrly_hvr_US_east.nc
ARGO_GDAC,pfl,aoml/4903553/profiles/D4903553_077.nc|2024-06-26T10:52:03Z|23.74903|-82.56150,aoml/4903553/profiles/D4903553_077.nc,4903553,4903553,23.74903,-82.5615,2024-06-26T10:52:03Z,20240626,2024,757,0.96,1503.8,31.7476,True,True,True,https://noaa-nws-rtofs-pds.s3.amazonaws.com/rtofs.20240626/rtofs_glo_3dz_f006_6hrly_hvr_US_east.nc
ARGO_GDAC,pfl,aoml/4903553/profiles/D4903553_077.nc|2024-06-26T10:52:03Z|23.74903|-82.56150,aoml/4903553/profiles/D4903553_077.nc,4903553,4903553,23.74903,-82.5615,2024-06-26T10:52:03Z,20240626,2024,807,0.52,99.92,33.5309,True,True,True,https://noaa-nws-rtofs-pds.s3.amazonaws.com/rtofs.20240626/rtofs_glo_3dz_f006_6hrly_hvr_US_east.nc
ARGO_GDAC,pfl,aoml/4903553/profiles/D4903553_078.nc|2024-07-01T11:11:11Z|23.77185|-82.55300,aoml/4903553/profiles/D4903553_078.nc,4903553,4903553,23.77185,-82.553,2024-07-01T11:11:11Z,20240701,2024,745,1.04,1479.92,20.2551,True,True,True,https://noaa-nws-rtofs-pds.s3.amazonaws.com/rtofs.20240701/rtofs_glo_3dz_f006_6hrly_hvr_US_east.nc
ARGO_GDAC,pfl,aoml/4903553/profiles/D4903553_078.nc|2024-07-01T11:11:11Z|23.77185|-82.55300,aoml/4903553/profiles/D4903553_078.nc,4903553,4903553,23.77185,-82.553,2024-07-01T11:11:11Z,20240701,2024,798,0.6,100.0,20.5339,True,True,True,https://noaa-nws-rtofs-pds.s3.amazonaws.com/rtofs.20240701/rtofs_glo_3dz_f006_6hrly_hvr_US_east.nc
ARGO_GDAC,pfl,aoml/4903553/profiles/D4903553_079.nc|2024-07-06T11:34:10Z|23.78367|-82.58886,aoml/4903553/profiles/D4903553_079.nc,4903553,4903553,23.78367,-82.58886,2024-07-06T11:34:10Z,20240706,2024,739,1.0,1467.72,26.8827,True,True,True,https://noaa-nws-rtofs-pds.s3.amazonaws.com/rtofs.20240706/rtofs_glo_3dz_f006_6hrly_hvr_US_east.nc
ARGO_GDAC,pfl,aoml/4903553/profiles/D4903553_079.nc|2024-07-06T11:34:10Z|23.78367|-82.58886,aoml/4903553/profiles/D4903553_079.nc,4903553,4903553,23.78367,-82.58886,2024-07-06T11:34:10Z,20240706,2024,902,0.56,99.92,27.5278,True,True,True,https://noaa-nws-rtofs-pds.s3.amazonaws.com/rtofs.20240706/rtofs_glo_3dz_f006_6hrly_hvr_US_east.nc
ARGO_GDAC,pfl,aoml/4903553/profiles/D4903553_080.nc|2024-07-11T11:55:14Z|23.79478|-82.63812,aoml/4903553/profiles/D4903553_080.nc,4903553,4903553,23.79478,-82.63812,2024-07-11T11:55:14Z,20240711,2024,731,0.96,1451.32,20.5696,True,True,True,https://noaa-nws-rtofs-pds.s3.amazonaws.com/rtofs.20240711/rtofs_glo_3dz_f006_6hrly_hvr_US_east.nc
ARGO_GDAC,pfl,aoml/4903553/profiles/D4903553_080.nc|2024-07-11T11:55:14Z|23.79478|-82.63812,aoml/4903553/profiles/D4903553_080.nc,4903553,4903553,23.79478,-82.63812,2024-07-11T11:55:14Z,20240711,2024,796,0.52,99.96,20.5513,True,True,True,https://noaa-nws-rtofs-pds.s3.amazonaws.com/rtofs.20240711/rtofs_glo_3dz_f006_6hrly_hvr_US_east.nc
ARGO_GDAC,pfl,aoml/4903553/profiles/D4903553_081.nc|2024-07-16T12:03:48Z|23.80457|-82.64319,aoml/4903553/profiles/D4903553_081.nc,4903553,4903553,23.80457,-82.64319,2024-07-16T12:03:48Z,20240716,2024,696,1.0,1381.6,31.4,True,True,True,https://noaa-nws-rtofs-pds.s3.amazonaws.com/rtofs.20240716/rtofs_glo_3dz_f006_6hrly_hvr_US_east.nc
ARGO_GDAC,pfl,aoml/4903553/profiles/D4903553_081.nc|2024-07-16T12:03:48Z|23.80457|-82.64319,aoml/4903553/profiles/D4903553_081.nc,4903553,4903553,23.80457,-82.64319,2024-07-16T12:03:48Z,20240716,2024,872,0.6,99.88,31.08,True,True,True,https://noaa-nws-rtofs-pds.s3.amazonaws.com/rtofs.20240716/rtofs_glo_3dz_f006_6hrly_hvr_US_east.nc
ARGO_GDAC,pfl,aoml/4903553/profiles/D4903553_082.nc|2024-07-21T12:20:49Z|23.77946|-82.62764,aoml/4903553/profiles/D4903553_082.nc,4903553,4903553,23.77946,-82.62764,2024-07-21T12:20:49Z,20240721,2024,714,0.4,1415.56,22.378,True,True,True,https://noaa-nws-rtofs-pds.s3.amazonaws.com/rtofs.20240721/rtofs_glo_3dz_f006_6hrly_hvr_US_east.nc
ARGO_GDAC,pfl,aoml/4903553/profiles/D4903553_082.nc|2024-07-21T12:20:49Z|23.77946|-82.62764,aoml/4903553/profiles/D4903553_082.nc,4903553,4903553,23.77946,-82.62764,2024-07-21T12:20:49Z,20240721,2024,1007,0.4,99.92,22.8282,True,True,True,https://noaa-nws-rtofs-pds.s3.amazonaws.com/rtofs.20240721/rtofs_glo_3dz_f006_6hrly_hvr_US_east.nc
ARGO_GDAC,pfl,aoml/4903553/profiles/D4903553_083.nc|2024-07-26T12:43:22Z|23.75492|-82.56377,aoml/4903553/profiles/D4903553_083.nc,4903553,4903553,23.75492,-82.56377,2024-07-26T12:43:22Z,20240726,2024,746,0.96,1481.92,28.3145,True,True,True,https://noaa-nws-rtofs-pds.s3.amazonaws.com/rtofs.20240726/rtofs_glo_3dz_f006_6hrly_hvr_US_east.nc
ARGO_GDAC,pfl,aoml/4903553/profiles/D4903553_083.nc|2024-07-26T12:43:22Z|23.75492|-82.56377,aoml/4903553/profiles/D4903553_083.nc,4903553,4903553,23.75492,-82.56377,2024-07-26T12:43:22Z,20240726,2024,800,0.56,99.96,28.5416,True,True,True,https://noaa-nws-rtofs-pds.s3.amazonaws.com/rtofs.20240726/rtofs_glo_3dz_f006_6hrly_hvr_US_east.nc
ARGO_GDAC,pfl,aoml/4903553/profiles/D4903553_084.nc|2024-07-31T13:05:51Z|23.74816|-82.47393,aoml/4903553/profiles/D4903553_084.nc,4903553,4903553,23.74816,-82.47393,2024-07-31T13:05:51Z,20240731,2024,745,1.0,1479.24,42.0238,True,True,True,https://noaa-nws-rtofs-pds.s3.amazonaws.com/rtofs.20240731/rtofs_glo_3dz_f006_6hrly_hvr_US_east.nc
ARGO_GDAC,pfl,aoml/4903553/profiles/D4903553_084.nc|2024-07-31T13:05:51Z|23.74816|-82.47393,aoml/4903553/profiles/D4903553_084.nc,4903553,4903553,23.74816,-82.47393,2024-07-31T13:05:51Z,20240731,2024,754,0.52,99.96,42.1548,True,True,True,https://noaa-nws-rtofs-pds.s3.amazonaws.com/rtofs.20240731/rtofs_glo_3dz_f006_6hrly_hvr_US_east.nc
ARGO_GDAC,pfl,aoml/4903553/profiles/D4903553_085.nc|2024-08-05T13:23:23Z|23.77217|-82.32859,aoml/4903553/profiles/D4903553_085.nc,4903553,4903553,23.77217,-82.32859,2024-08-05T13:23:23Z,20240805,2024,740,1.0,1469.64,37.5738,True,True,True,https://noaa-nws-rtofs-pds.s3.amazonaws.com/rtofs.20240805/rtofs_glo_3dz_f006_6hrly_hvr_US_east.nc
ARGO_GDAC,pfl,aoml/4903553/profiles/D4903553_085.nc|2024-08-05T13:23:23Z|23.77217|-82.32859,aoml/4903553/profiles/D4903553_085.nc,4903553,4903553,23.77217,-82.32859,2024-08-05T13:23:23Z,20240805,2024,891,0.6,99.92,37.43,True,True,True,https://noaa-nws-rtofs-pds.s3.amazonaws.com/rtofs.20240805/rtofs_glo_3dz_f006_6hrly_hvr_US_east.nc
ARGO_GDAC,pfl,aoml/4903553/profiles/D4903553_086.nc|2024-08-10T14:00:04Z|23.66862|-82.46970,aoml/4903553/profiles/D4903553_086.nc,4903553,4903553,23.66862,-82.4697,2024-08-10T14:00:04Z,20240810,2024,829,0.96,1647.48,20.8385,True,True,True,https://noaa-nws-rtofs-pds.s3.amazonaws.com/rtofs.20240810/rtofs_glo_3dz_f006_6hrly_hvr_US_east.nc
ARGO_GDAC,pfl,aoml/4903553/profiles/D4903553_086.nc|2024-08-10T14:00:04Z|23.66862|-82.46970,aoml/4903553/profiles/D4903553_086.nc,4903553,4903553,23.66862,-82.4697,2024-08-10T14:00:04Z,20240810,2024,815,0.6,100.0,20.7967,True,True,True,https://noaa-nws-rtofs-pds.s3.amazonaws.com/rtofs.20240810/rtofs_glo_3dz_f006_6hrly_hvr_US_east.nc
ARGO_GDAC,pfl,aoml/4903553/profiles/D4903553_087.nc|2024-08-15T14:45:12Z|23.58800|-82.64468,aoml/4903553/profiles/D4903553_087.nc,4903553,4903553,23.588,-82.64468,2024-08-15T14:45:12Z,20240815,2024,854,0.48,1695.32,27.6709,True,True,True,https://noaa-nws-rtofs-pds.s3.amazonaws.com/rtofs.20240815/rtofs_glo_3dz_f006_6hrly_hvr_US_east.nc
ARGO_GDAC,pfl,aoml/4903553/profiles/D4903553_087.nc|2024-08-15T14:45:12Z|23.58800|-82.64468,aoml/4903553/profiles/D4903553_087.nc,4903553,4903553,23.588,-82.64468,2024-08-15T14:45:12Z,20240815,2024,854,0.48,100.0,27.872,True,True,True,https://noaa-nws-rtofs-pds.s3.amazonaws.com/rtofs.20240815/rtofs_glo_3dz_f006_6hrly_hvr_US_east.nc
ARGO_GDAC,pfl,aoml/4903553/profiles/D4903553_088.nc|2024-08-20T15:11:15Z|23.74977|-82.67310,aoml/4903553/profiles/D4903553_088.nc,4903553,4903553,23.74977,-82.6731,2024-08-20T15:11:15Z,20240820,2024,766,0.48,1520.08,17.1785,True,True,True,https://noaa-nws-rtofs-pds.s3.amazonaws.com/rtofs.20240820/rtofs_glo_3dz_f006_6hrly_hvr_US_east.nc
ARGO_GDAC,pfl,aoml/4903553/profiles/D4903553_088.nc|2024-08-20T15:11:15Z|23.74977|-82.67310,aoml/4903553/profiles/D4903553_088.nc,4903553,4903553,23.74977,-82.6731,2024-08-20T15:11:15Z,20240820,2024,844,0.48,99.84,17.1533,True,True,True,https://noaa-nws-rtofs-pds.s3.amazonaws.com/rtofs.20240820/rtofs_glo_3dz_f006_6hrly_hvr_US_east.nc
ARGO_GDAC,pfl,aoml/4903553/profiles/D4903553_089.nc|2024-08-25T15:24:02Z|23.80322|-82.64456,aoml/4903553/profiles/D4903553_089.nc,4903553,4903553,23.80322,-82.64456,2024-08-25T15:24:02Z,20240825,2024,715,1.0,1419.6,26.3031,True,True,True,https://noaa-nws-rtofs-pds.s3.amazonaws.com/rtofs.20240825/rtofs_glo_3dz_f006_6hrly_hvr_US_east.nc
ARGO_GDAC,pfl,aoml/4903553/profiles/D4903553_089.nc|2024-08-25T15:24:02Z|23.80322|-82.64456,aoml/4903553/profiles/D4903553_089.nc,4903553,4903553,23.80322,-82.64456,2024-08-25T15:24:02Z,20240825,2024,1001,0.6,99.96,26.5333,True,True,True,https://noaa-nws-rtofs-pds.s3.amazonaws.com/rtofs.20240825/rtofs_glo_3dz_f006_6hrly_hvr_US_east.nc
ARGO_GDAC,pfl,aoml/4903553/profiles/D4903553_090.nc|2024-08-30T15:32:44Z|23.82718|-82.63697,aoml/4903553/profiles/D4903553_090.nc,4903553,4903553,23.82718,-82.63697,2024-08-30T15:32:44Z,20240830,2024,707,1.0,1403.52,27.0713,True,True,True,https://noaa-nws-rtofs-pds.s3.amazonaws.com/rtofs.20240830/rtofs_glo_3dz_f006_6hrly_hvr_US_east.nc
ARGO_GDAC,pfl,aoml/4903553/profiles/D4903553_090.nc|2024-08-30T15:32:44Z|23.82718|-82.63697,aoml/4903553/profiles/D4903553_090.nc,4903553,4903553,23.82718,-82.63697,2024-08-30T15:32:44Z,20240830,2024,971,0.56,99.96,27.1927,True,True,True,https://noaa-nws-rtofs-pds.s3.amazonaws.com/rtofs.20240830/rtofs_glo_3dz_f006_6hrly_hvr_US_east.nc
ARGO_GDAC,pfl,aoml/4903553/profiles/D4903553_091.nc|2024-09-04T15:29:39Z|23.84528|-82.62992,aoml/4903553/profiles/D4903553_091.nc,4903553,4903553,23.84528,-82.62992,2024-09-04T15:29:39Z,20240904,2024,629,0.96,1247.08,15.8178,True,True,True,https://noaa-nws-rtofs-pds.s3.amazonaws.com/rtofs.20240904/rtofs_glo_3dz_f006_6hrly_hvr_US_east.nc
ARGO_GDAC,pfl,aoml/4903553/profiles/D4903553_091.nc|2024-09-04T15:29:39Z|23.84528|-82.62992,aoml/4903553/profiles/D4903553_091.nc,4903553,4903553,23.84528,-82.62992,2024-09-04T15:29:39Z,20240904,2024,1006,0.56,99.96,15.7333,True,True,True,https://noaa-nws-rtofs-pds.s3.amazonaws.com/rtofs.20240904/rtofs_glo_3dz_f006_6hrly_hvr_US_east.nc
ARGO_GDAC,pfl,aoml/4903553/profiles/D4903553_092.nc|2024-09-09T15:24:59Z|23.86040|-82.61243,aoml/4903553/profiles/D4903553_092.nc,4903553,4903553,23.8604,-82.61243,2024-09-09T15:24:59Z,20240909,2024,634,0.96,1257.44,24.1518,True,True,True,https://noaa-nws-rtofs-pds.s3.amazonaws.com/rtofs.20240909/rtofs_glo_3dz_f006_6hrly_hvr_US_east.nc
ARGO_GDAC,pfl,aoml/4903553/profiles/D4903553_092.nc|2024-09-09T15:24:59Z|23.86040|-82.61243,aoml/4903553/profiles/D4903553_092.nc,4903553,4903553,23.8604,-82.61243,2024-09-09T15:24:59Z,20240909,2024,866,0.52,100.0,23.96,True,True,True,https://noaa-nws-rtofs-pds.s3.amazonaws.com/rtofs.20240909/rtofs_glo_3dz_f006_6hrly_hvr_US_east.nc
ARGO_GDAC,pfl,aoml/4903553/profiles/D4903553_093.nc|2024-09-14T14:33:33Z|23.87440|-82.59567,aoml/4903553/profiles/D4903553_093.nc,4903553,4903553,23.8744,-82.59567,2024-09-14T14:33:33Z,20240914,2024,551,0.44,1089.72,29.1994,True,True,True,https://noaa-nws-rtofs-pds.s3.amazonaws.com/rtofs.20240914/rtofs_glo_3dz_f006_6hrly_hvr_US_east.nc
ARGO_GDAC,pfl,aoml/4903553/profiles/D4903553_093.nc|2024-09-14T14:33:33Z|23.87440|-82.59567,aoml/4903553/profiles/D4903553_093.nc,4903553,4903553,23.8744,-82.59567,2024-09-14T14:33:33Z,20240914,2024,504,0.44,99.76,29.7936,True,True,True,https://noaa-nws-rtofs-pds.s3.amazonaws.com/rtofs.20240914/rtofs_glo_3dz_f006_6hrly_hvr_US_east.nc
ARGO_GDAC,pfl,aoml/4903553/profiles/D4903553_094.nc|2024-09-19T13:59:42Z|23.89008|-82.57753,aoml/4903553/profiles/D4903553_094.nc,4903553,4903553,23.89008,-82.57753,2024-09-19T13:59:42Z,20240919,2024,535,1.0,1059.64,27.4631,True,True,True,https://noaa-nws-rtofs-pds.s3.amazonaws.com/rtofs.20240919/rtofs_glo_3dz_f006_6hrly_hvr_US_east.nc
ARGO_GDAC,pfl,aoml/4903553/profiles/D4903553_094.nc|2024-09-19T13:59:42Z|23.89008|-82.57753,aoml/4903553/profiles/D4903553_094.nc,4903553,4903553,23.89008,-82.57753,2024-09-19T13:59:42Z,20240919,2024,904,0.56,99.96,27.48,True,True,True,https://noaa-nws-rtofs-pds.s3.amazonaws.com/rtofs.20240919/rtofs_glo_3dz_f006_6hrly_hvr_US_east.nc
ARGO_GDAC,pfl,aoml/4903553/profiles/D4903553_095.nc|2024-09-24T13:27:28Z|23.91168|-82.58252,aoml/4903553/profiles/D4903553_095.nc,4903553,4903553,23.91168,-82.58252,2024-09-24T13:27:28Z,20240924,2024,522,1.04,1033.84,38.2545,True,True,True,https://noaa-nws-rtofs-pds.s3.amazonaws.com/rtofs.20240924/rtofs_glo_3dz_f006_6hrly_hvr_US_east.nc
ARGO_GDAC,pfl,aoml/4903553/profiles/D4903553_095.nc|2024-09-24T13:27:28Z|23.91168|-82.58252,aoml/4903553/profiles/D4903553_095.nc,4903553,4903553,23.91168,-82.58252,2024-09-24T13:27:28Z,20240924,2024,1011,0.64,100.0,38.8541,True,True,True,https://noaa-nws-rtofs-pds.s3.amazonaws.com/rtofs.20240924/rtofs_glo_3dz_f006_6hrly_hvr_US_east.nc
ARGO_GDAC,pfl,aoml/4903553/profiles/D4903553_096.nc|2024-09-29T12:51:55Z|23.91392|-82.59920,aoml/4903553/profiles/D4903553_096.nc,4903553,4903553,23.91392,-82.5992,2024-09-29T12:51:55Z,20240929,2024,497,0.96,983.12,46.6449,True,True,True,https://noaa-nws-rtofs-pds.s3.amazonaws.com/rtofs.20240929/rtofs_glo_3dz_f006_6hrly_hvr_US_east.nc
ARGO_GDAC,pfl,aoml/4903553/profiles/D4903553_096.nc|2024-09-29T12:51:55Z|23.91392|-82.59920,aoml/4903553/profiles/D4903553_096.nc,4903553,4903553,23.91392,-82.5992,2024-09-29T12:51:55Z,20240929,2024,823,0.56,99.84,47.1709,True,True,True,https://noaa-nws-rtofs-pds.s3.amazonaws.com/rtofs.20240929/rtofs_glo_3dz_f006_6hrly_hvr_US_east.nc
ARGO_GDAC,pfl,aoml/4903553/profiles/D4903553_097.nc|2024-10-04T12:23:45Z|23.90325|-82.58704,aoml/4903553/profiles/D4903553_097.nc,4903553,4903553,23.90325,-82.58704,2024-10-04T12:23:45Z,20241004,2024,546,1.04,1081.28,39.827,True,True,True,https://noaa-nws-rtofs-pds.s3.amazonaws.com/rtofs.20241004/rtofs_glo_3dz_f006_6hrly_hvr_US_east.nc
ARGO_GDAC,pfl,aoml/4903553/profiles/D4903553_097.nc|2024-10-04T12:23:45Z|23.90325|-82.58704,aoml/4903553/profiles/D4903553_097.nc,4903553,4903553,23.90325,-82.58704,2024-10-04T12:23:45Z,20241004,2024,779,0.64,99.96,39.7133,True,True,True,https://noaa-nws-rtofs-pds.s3.amazonaws.com/rtofs.20241004/rtofs_glo_3dz_f006_6hrly_hvr_US_east.nc
ARGO_GDAC,pfl,aoml/4903553/profiles/D4903553_098.nc|2024-10-09T12:01:21Z|23.85746|-82.44225,aoml/4903553/profiles/D4903553_098.nc,4903553,4903553,23.85746,-82.44225,2024-10-09T12:01:21Z,20241009,2024,556,0.36,1099.2,59.6785,True,True,True,https://noaa-nws-rtofs-pds.s3.amazonaws.com/rtofs.20241009/rtofs_glo_3dz_f006_6hrly_hvr_US_east.nc
ARGO_GDAC,pfl,aoml/4903553/profiles/D4903553_098.nc|2024-10-09T12:01:21Z|23.85746|-82.44225,aoml/4903553/profiles/D4903553_098.nc,4903553,4903553,23.85746,-82.44225,2024-10-09T12:01:21Z,20241009,2024,1020,5.96,99.92,59.3866,True,True,True,https://noaa-nws-rtofs-pds.s3.amazonaws.com/rtofs.20241009/rtofs_glo_3dz_f006_6hrly_hvr_US_east.nc
ARGO_GDAC,pfl,aoml/4903553/profiles/D4903553_099.nc|2024-10-14T12:02:10Z|23.82211|-82.36825,aoml/4903553/profiles/D4903553_099.nc,4903553,4903553,23.82211,-82.36825,2024-10-14T12:02:10Z,20241014,2024,657,0.96,1303.92,37.4387,True,True,True,https://noaa-nws-rtofs-pds.s3.amazonaws.com/rtofs.20241014/rtofs_glo_3dz_f006_6hrly_hvr_US_east.nc
ARGO_GDAC,pfl,aoml/4903553/profiles/D4903553_099.nc|2024-10-14T12:02:10Z|23.82211|-82.36825,aoml/4903553/profiles/D4903553_099.nc,4903553,4903553,23.82211,-82.36825,2024-10-14T12:02:10Z,20241014,2024,779,0.52,99.96,37.1867,True,True,True,https://noaa-nws-rtofs-pds.s3.amazonaws.com/rtofs.20241014/rtofs_glo_3dz_f006_6hrly_hvr_US_east.nc
ARGO_GDAC,pfl,aoml/4903553/profiles/D4903553_100.nc|2024-10-19T12:24:50Z|23.81108|-82.18372,aoml/4903553/profiles/D4903553_100.nc,4903553,4903553,23.81108,-82.18372,2024-10-19T12:24:50Z,20241019,2024,756,1.0,1501.36,74.8756,True,True,True,https://noaa-nws-rtofs-pds.s3.amazonaws.com/rtofs.20241019/rtofs_glo_3dz_f006_6hrly_hvr_US_east.nc
ARGO_GDAC,pfl,aoml/4903553/profiles/D4903553_100.nc|2024-10-19T12:24:50Z|23.81108|-82.18372,aoml/4903553/profiles/D4903553_100.nc,4903553,4903553,23.81108,-82.18372,2024-10-19T12:24:50Z,20241019,2024,905,0.52,99.92,75.4898,True,True,True,https://noaa-nws-rtofs-pds.s3.amazonaws.com/rtofs.20241019/rtofs_glo_3dz_f006_6hrly_hvr_US_east.nc
ARGO_GDAC,pfl,aoml/4903553/profiles/D4903553_101.nc|2024-10-24T12:56:21Z|23.73591|-82.21775,aoml/4903553/profiles/D4903553_101.nc,4903553,4903553,23.73591,-82.21775,2024-10-24T12:56:21Z,20241024,2024,790,0.44,1567.84,91.3321,True,True,True,https://noaa-nws-rtofs-pds.s3.amazonaws.com/rtofs.20241024/rtofs_glo_3dz_f006_6hrly_hvr_US_east.nc
ARGO_GDAC,pfl,aoml/4903553/profiles/D4903553_101.nc|2024-10-24T12:56:21Z|23.73591|-82.21775,aoml/4903553/profiles/D4903553_101.nc,4903553,4903553,23.73591,-82.21775,2024-10-24T12:56:21Z,20241024,2024,851,0.44,99.96,91.9009,True,True,True,https://noaa-nws-rtofs-pds.s3.amazonaws.com/rtofs.20241024/rtofs_glo_3dz_f006_6hrly_hvr_US_east.nc
ARGO_GDAC,pfl,aoml/4903553/profiles/D4903553_102.nc|2024-10-29T13:27:02Z|23.84476|-82.11281,aoml/4903553/profiles/D4903553_102.nc,4903553,4903553,23.84476,-82.11281,2024-10-29T13:27:02Z,20241029,2024,760,1.0,1509.4,78.3882,True,True,True,https://noaa-nws-rtofs-pds.s3.amazonaws.com/rtofs.20241029/rtofs_glo_3dz_f006_6hrly_hvr_US_east.nc
ARGO_GDAC,pfl,aoml/4903553/profiles/D4903553_102.nc|2024-10-29T13:27:02Z|23.84476|-82.11281,aoml/4903553/profiles/D4903553_102.nc,4903553,4903553,23.84476,-82.11281,2024-10-29T13:27:02Z,20241029,2024,960,0.56,99.96,78.92,True,True,True,https://noaa-nws-rtofs-pds.s3.amazonaws.com/rtofs.20241029/rtofs_glo_3dz_f006_6hrly_hvr_US_east.nc
ARGO_GDAC,pfl,aoml/4903553/profiles/D4903553_103.nc|2024-11-03T13:43:35Z|23.92938|-82.03556,aoml/4903553/profiles/D4903553_103.nc,4903553,4903553,23.92938,-82.03556,2024-11-03T13:43:35Z,20241103,2024,746,1.04,1481.44,68.2992,True,True,True,https://noaa-nws-rtofs-pds.s3.amazonaws.com/rtofs.20241103/rtofs_glo_3dz_f006_6hrly_hvr_US_east.nc
ARGO_GDAC,pfl,aoml/4903553/profiles/D4903553_103.nc|2024-11-03T13:43:35Z|23.92938|-82.03556,aoml/4903553/profiles/D4903553_103.nc,4903553,4903553,23.92938,-82.03556,2024-11-03T13:43:35Z,20241103,2024,772,0.64,99.96,68.38,True,True,True,https://noaa-nws-rtofs-pds.s3.amazonaws.com/rtofs.20241103/rtofs_glo_3dz_f006_6hrly_hvr_US_east.nc
ARGO_GDAC,pfl,aoml/4903553/profiles/D4903553_104.nc|2024-11-08T14:09:11Z|23.93029|-82.04266,aoml/4903553/profiles/D4903553_104.nc,4903553,4903553,23.93029,-82.04266,2024-11-08T14:09:11Z,20241108,2024,741,0.96,1471.68,68.3594,True,True,True,https://noaa-nws-rtofs-pds.s3.amazonaws.com/rtofs.20241108/rtofs_glo_3dz_f006_6hrly_hvr_US_east.nc
ARGO_GDAC,pfl,aoml/4903553/profiles/D4903553_104.nc|2024-11-08T14:09:11Z|23.93029|-82.04266,aoml/4903553/profiles/D4903553_104.nc,4903553,4903553,23.93029,-82.04266,2024-11-08T14:09:11Z,20241108,2024,797,0.56,100.0,68.232,True,True,True,https://noaa-nws-rtofs-pds.s3.amazonaws.com/rtofs.20241108/rtofs_glo_3dz_f006_6hrly_hvr_US_east.nc
ARGO_GDAC,pfl,aoml/4903553/profiles/D4903553_105.nc|2024-11-13T14:33:31Z|23.90789|-82.11391,aoml/4903553/profiles/D4903553_105.nc,4903553,4903553,23.90789,-82.11391,2024-11-13T14:33:31Z,20241113,2024,751,1.04,1491.12,46.1633,True,True,True,https://noaa-nws-rtofs-pds.s3.amazonaws.com/rtofs.20241113/rtofs_glo_3dz_f006_6hrly_hvr_US_east.nc
ARGO_GDAC,pfl,aoml/4903553/profiles/D4903553_105.nc|2024-11-13T14:33:31Z|23.90789|-82.11391,aoml/4903553/profiles/D4903553_105.nc,4903553,4903553,23.90789,-82.11391,2024-11-13T14:33:31Z,20241113,2024,761,0.8,99.96,46.0914,True,True,True,https://noaa-nws-rtofs-pds.s3.amazonaws.com/rtofs.20241113/rtofs_glo_3dz_f006_6hrly_hvr_US_east.nc
ARGO_GDAC,pfl,aoml/4903553/profiles/D4903553_106.nc|2024-11-18T15:03:06Z|23.85338|-82.20187,aoml/4903553/profiles/D4903553_106.nc,4903553,4903553,23.85338,-82.20187,2024-11-18T15:03:06Z,20241118,2024,761,1.0,1511.72,47.1677,True,True,True,https://noaa-nws-rtofs-pds.s3.amazonaws.com/rtofs.20241118/rtofs_glo_3dz_f006_6hrly_hvr_US_east.nc
ARGO_GDAC,pfl,aoml/4903553/profiles/D4903553_106.nc|2024-11-18T15:03:06Z|23.85338|-82.20187,aoml/4903553/profiles/D4903553_106.nc,4903553,4903553,23.85338,-82.20187,2024-11-18T15:03:06Z,20241118,2024,840,0.52,99.96,47.8322,True,True,True,https://noaa-nws-rtofs-pds.s3.amazonaws.com/rtofs.20241118/rtofs_glo_3dz_f006_6hrly_hvr_US_east.nc
ARGO_GDAC,pfl,aoml/4903553/profiles/D4903553_107.nc|2024-11-23T15:31:01Z|23.86873|-82.17059,aoml/4903553/profiles/D4903553_107.nc,4903553,4903553,23.86873,-82.17059,2024-11-23T15:31:01Z,20241123,2024,764,0.96,1517.68,51.0105,True,True,True,https://noaa-nws-rtofs-pds.s3.amazonaws.com/rtofs.20241123/rtofs_glo_3dz_f006_6hrly_hvr_US_east.nc
ARGO_GDAC,pfl,aoml/4903553/profiles/D4903553_107.nc|2024-11-23T15:31:01Z|23.86873|-82.17059,aoml/4903553/profiles/D4903553_107.nc,4903553,4903553,23.86873,-82.17059,2024-11-23T15:31:01Z,20241123,2024,899,0.56,99.92,51.2655,True,True,True,https://noaa-nws-rtofs-pds.s3.amazonaws.com/rtofs.20241123/rtofs_glo_3dz_f006_6hrly_hvr_US_east.nc
ARGO_GDAC,pfl,aoml/4903553/profiles/D4903553_108.nc|2024-11-28T15:49:52Z|23.77841|-82.32475,aoml/4903553/profiles/D4903553_108.nc,4903553,4903553,23.77841,-82.32475,2024-11-28T15:49:52Z,20241128,2024,740,0.48,1468.04,82.0461,True,True,True,https://noaa-nws-rtofs-pds.s3.amazonaws.com/rtofs.20241128/rtofs_glo_3dz_f006_6hrly_hvr_US_east.nc
ARGO_GDAC,pfl,aoml/4903553/profiles/D4903553_108.nc|2024-11-28T15:49:52Z|23.77841|-82.32475,aoml/4903553/profiles/D4903553_108.nc,4903553,4903553,23.77841,-82.32475,2024-11-28T15:49:52Z,20241128,2024,767,0.48,99.88,82.1187,True,True,True,https://noaa-nws-rtofs-pds.s3.amazonaws.com/rtofs.20241128/rtofs_glo_3dz_f006_6hrly_hvr_US_east.nc
ARGO_GDAC,pfl,aoml/4903553/profiles/D4903553_109.nc|2024-12-03T16:20:20Z|23.69593|-82.39190,aoml/4903553/profiles/D4903553_109.nc,4903553,4903553,23.69593,-82.3919,2024-12-03T16:20:20Z,20241203,2024,796,1.08,1581.24,89.4049,True,True,True,https://noaa-nws-rtofs-pds.s3.amazonaws.com/rtofs.20241203/rtofs_glo_3dz_f006_6hrly_hvr_US_east.nc
ARGO_GDAC,pfl,aoml/4903553/profiles/D4903553_109.nc|2024-12-03T16:20:20Z|23.69593|-82.39190,aoml/4903553/profiles/D4903553_109.nc,4903553,4903553,23.69593,-82.3919,2024-12-03T16:20:20Z,20241203,2024,795,0.64,99.92,89.8724,True,True,True,https://noaa-nws-rtofs-pds.s3.amazonaws.com/rtofs.20241203/rtofs_glo_3dz_f006_6hrly_hvr_US_east.nc
ARGO_GDAC,pfl,aoml/4903553/profiles/D4903553_110.nc|2024-12-08T16:46:26Z|23.78176|-82.30300,aoml/4903553/profiles/D4903553_110.nc,4903553,4903553,23.78176,-82.303,2024-12-08T16:46:26Z,20241208,2024,746,1.04,1481.36,28.26,True,True,True,https://noaa-nws-rtofs-pds.s3.amazonaws.com/rtofs.20241208/rtofs_glo_3dz_f006_6hrly_hvr_US_east.nc
ARGO_GDAC,pfl,aoml/4903553/profiles/D4903553_110.nc|2024-12-08T16:46:26Z|23.78176|-82.30300,aoml/4903553/profiles/D4903553_110.nc,4903553,4903553,23.78176,-82.303,2024-12-08T16:46:26Z,20241208,2024,808,0.64,99.88,28.455,True,True,True,https://noaa-nws-rtofs-pds.s3.amazonaws.com/rtofs.20241208/rtofs_glo_3dz_f006_6hrly_hvr_US_east.nc
ARGO_GDAC,pfl,aoml/4903553/profiles/D4903553_111.nc|2024-12-13T17:05:51Z|23.76160|-82.44728,aoml/4903553/profiles/D4903553_111.nc,4903553,4903553,23.7616,-82.44728,2024-12-13T17:05:51Z,20241213,2024,746,1.0,1481.24,19.0823,True,True,True,https://noaa-nws-rtofs-pds.s3.amazonaws.com/rtofs.20241213/rtofs_glo_3dz_f006_6hrly_hvr_US_east.nc
ARGO_GDAC,pfl,aoml/4903553/profiles/D4903553_111.nc|2024-12-13T17:05:51Z|23.76160|-82.44728,aoml/4903553/profiles/D4903553_111.nc,4903553,4903553,23.7616,-82.44728,2024-12-13T17:05:51Z,20241213,2024,777,0.68,99.88,18.6746,True,True,True,https://noaa-nws-rtofs-pds.s3.amazonaws.com/rtofs.20241213/rtofs_glo_3dz_f006_6hrly_hvr_US_east.nc
ARGO_GDAC,pfl,aoml/4903553/profiles/D4903553_112.nc|2024-12-18T17:32:10Z|23.73756|-82.60097,aoml/4903553/profiles/D4903553_112.nc,4903553,4903553,23.73756,-82.60097,2024-12-18T17:32:10Z,20241218,2024,761,1.04,1511.32,60.6483,True,True,True,https://noaa-nws-rtofs-pds.s3.amazonaws.com/rtofs.20241218/rtofs_glo_3dz_f006_6hrly_hvr_US_east.nc
ARGO_GDAC,pfl,aoml/4903553/profiles/D4903553_112.nc|2024-12-18T17:32:10Z|23.73756|-82.60097,aoml/4903553/profiles/D4903553_112.nc,4903553,4903553,23.73756,-82.60097,2024-12-18T17:32:10Z,20241218,2024,727,0.6,100.0,56.31,True,True,True,https://noaa-nws-rtofs-pds.s3.amazonaws.com/rtofs.20241218/rtofs_glo_3dz_f006_6hrly_hvr_US_east.nc
ARGO_GDAC,pfl,aoml/4903553/profiles/D4903553_113.nc|2024-12-23T18:02:20Z|23.74071|-82.63536,aoml/4903553/profiles/D4903553_113.nc,4903553,4903553,23.74071,-82.63536,2024-12-23T18:02:20Z,20241223,2024,756,0.96,1501.4,100.0257,True,False,True,https://noaa-nws-rtofs-pds.s3.amazonaws.com/rtofs.20241223/rtofs_glo_3dz_f006_6hrly_hvr_US_east.nc
ARGO_GDAC,pfl,aoml/4903553/profiles/D4903553_113.nc|2024-12-23T18:02:20Z|23.74071|-82.63536,aoml/4903553/profiles/D4903553_113.nc,4903553,4903553,23.74071,-82.63536,2024-12-23T18:02:20Z,20241223,2024,731,0.56,99.92,99.9199,True,True,True,https://noaa-nws-rtofs-pds.s3.amazonaws.com/rtofs.20241223/rtofs_glo_3dz_f006_6hrly_hvr_US_east.nc
ARGO_GDAC,pfl,aoml/4903553/profiles/D4903553_114.nc|2024-12-28T18:26:12Z|23.71961|-82.67322,aoml/4903553/profiles/D4903553_114.nc,4903553,4903553,23.71961,-82.67322,2024-12-28T18:26:12Z,20241228,2024,765,1.0,1519.52,16.2054,True,True,True,https://noaa-nws-rtofs-pds.s3.amazonaws.com/rtofs.20241228/rtofs_glo_3dz_f006_6hrly_hvr_US_east.nc
ARGO_GDAC,pfl,aoml/4903553/profiles/D4903553_114.nc|2024-12-28T18:26:12Z|23.71961|-82.67322,aoml/4903553/profiles/D4903553_114.nc,4903553,4903553,23.71961,-82.67322,2024-12-28T18:26:12Z,20241228,2024,747,0.6,99.96,16.6375,True,True,True,https://noaa-nws-rtofs-pds.s3.amazonaws.com/rtofs.20241228/rtofs_glo_3dz_f006_6hrly_hvr_US_east.nc
ARGO_GDAC,pfl,aoml/4903553/profiles/D4903553_115.nc|2025-01-02T19:08:22Z|23.62528|-82.73827,aoml/4903553/profiles/D4903553_115.nc,4903553,4903553,23.62528,-82.73827,2025-01-02T19:08:22Z,20250102,2025,827,0.96,1643.28,34.7317,True,True,True,https://noaa-nws-rtofs-pds.s3.amazonaws.com/rtofs.20250102/rtofs_glo_3dz_f006_6hrly_hvr_US_east.nc
ARGO_GDAC,pfl,aoml/4903553/profiles/D4903553_115.nc|2025-01-02T19:08:22Z|23.62528|-82.73827,aoml/4903553/profiles/D4903553_115.nc,4903553,4903553,23.62528,-82.73827,2025-01-02T19:08:22Z,20250102,2025,754,0.52,99.92,35.4,True,True,True,https://noaa-nws-rtofs-pds.s3.amazonaws.com/rtofs.20250102/rtofs_glo_3dz_f006_6hrly_hvr_US_east.nc
ARGO_GDAC,pfl,aoml/4903553/profiles/D4903553_116.nc|2025-01-07T20:03:23Z|23.55764|-82.63509,aoml/4903553/profiles/D4903553_116.nc,4903553,4903553,23.55764,-82.63509,2025-01-07T20:03:23Z,20250107,2025,861,1.0,1711.48,42.4422,True,True,True,https://noaa-nws-rtofs-pds.s3.amazonaws.com/rtofs.20250107/rtofs_glo_3dz_f006_6hrly_hvr_US_east.nc
ARGO_GDAC,pfl,aoml/4903553/profiles/D4903553_116.nc|2025-01-07T20:03:23Z|23.55764|-82.63509,aoml/4903553/profiles/D4903553_116.nc,4903553,4903553,23.55764,-82.63509,2025-01-07T20:03:23Z,20250107,2025,788,0.56,100.0,42.7874,True,True,True,https://noaa-nws-rtofs-pds.s3.amazonaws.com/rtofs.20250107/rtofs_glo_3dz_f006_6hrly_hvr_US_east.nc
ARGO_GDAC,pfl,aoml/4903553/profiles/D4903553_117.nc|2025-01-12T20:50:51Z|23.62530|-82.64151,aoml/4903553/profiles/D4903553_117.nc,4903553,4903553,23.6253,-82.64151,2025-01-12T20:50:51Z,20250112,2025,821,1.12,1632.16,53.8483,True,True,True,https://noaa-nws-rtofs-pds.s3.amazonaws.com/rtofs.20250112/rtofs_glo_3dz_f006_6hrly_hvr_US_east.nc
ARGO_GDAC,pfl,aoml/4903553/profiles/D4903553_117.nc|2025-01-12T20:50:51Z|23.62530|-82.64151,aoml/4903553/profiles/D4903553_117.nc,4903553,4903553,23.6253,-82.64151,2025-01-12T20:50:51Z,20250112,2025,830,0.8,100.0,54.0,True,True,True,https://noaa-nws-rtofs-pds.s3.amazonaws.com/rtofs.20250112/rtofs_glo_3dz_f006_6hrly_hvr_US_east.nc
ARGO_GDAC,pfl,aoml/4903553/profiles/D4903553_118.nc|2025-01-17T21:43:06Z|23.62065|-82.86627,aoml/4903553/profiles/D4903553_118.nc,4903553,4903553,23.62065,-82.86627,2025-01-17T21:43:06Z,20250117,2025,850,1.04,1690.04,49.6732,True,True,True,https://noaa-nws-rtofs-pds.s3.amazonaws.com/rtofs.20250117/rtofs_glo_3dz_f006_6hrly_hvr_US_east.nc
ARGO_GDAC,pfl,aoml/4903553/profiles/D4903553_118.nc|2025-01-17T21:43:06Z|23.62065|-82.86627,aoml/4903553/profiles/D4903553_118.nc,4903553,4903553,23.62065,-82.86627,2025-01-17T21:43:06Z,20250117,2025,773,0.6,99.92,50.0399,True,True,True,https://noaa-nws-rtofs-pds.s3.amazonaws.com/rtofs.20250117/rtofs_glo_3dz_f006_6hrly_hvr_US_east.nc
ARGO_GDAC,pfl,aoml/4903553/profiles/D4903553_119.nc|2025-01-22T22:29:27Z|23.66063|-82.95079,aoml/4903553/profiles/D4903553_119.nc,4903553,4903553,23.66063,-82.95079,2025-01-22T22:29:27Z,20250122,2025,823,1.12,1635.28,115.2031,True,False,True,https://noaa-nws-rtofs-pds.s3.amazonaws.com/rtofs.20250122/rtofs_glo_3dz_f006_6hrly_hvr_US_east.nc
ARGO_GDAC,pfl,aoml/4903553/profiles/D4903553_119.nc|2025-01-22T22:29:27Z|23.66063|-82.95079,aoml/4903553/profiles/D4903553_119.nc,4903553,4903553,23.66063,-82.95079,2025-01-22T22:29:27Z,20250122,2025,809,0.64,99.92,,False,False,True,https://noaa-nws-rtofs-pds.s3.amazonaws.com/rtofs.20250122/rtofs_glo_3dz_f006_6hrly_hvr_US_east.nc
ARGO_GDAC,pfl,aoml/4903553/profiles/D4903553_120.nc|2025-01-27T23:35:07Z|23.59211|-83.04139,aoml/4903553/profiles/D4903553_120.nc,4903553,4903553,23.59211,-83.04139,2025-01-27T23:35:07Z,20250127,2025,897,1.04,1784.08,73.6307,True,True,True,https://noaa-nws-rtofs-pds.s3.amazonaws.com/rtofs.20250127/rtofs_glo_3dz_f006_6hrly_hvr_US_east.nc
ARGO_GDAC,pfl,aoml/4903553/profiles/D4903553_120.nc|2025-01-27T23:35:07Z|23.59211|-83.04139,aoml/4903553/profiles/D4903553_120.nc,4903553,4903553,23.59211,-83.04139,2025-01-27T23:35:07Z,20250127,2025,789,0.64,99.96,73.7001,True,True,True,https://noaa-nws-rtofs-pds.s3.amazonaws.com/rtofs.20250127/rtofs_glo_3dz_f006_6hrly_hvr_US_east.nc
ARGO_GDAC,pfl,aoml/4903553/profiles/D4903553_121.nc|2025-02-02T00:35:04Z|23.61928|-82.97985,aoml/4903553/profiles/D4903553_121.nc,4903553,4903553,23.61928,-82.97985,2025-02-02T00:35:04Z,20250202,2025,870,1.08,1729.6,20.9691,True,True,True,https://noaa-nws-rtofs-pds.s3.amazonaws.com/rtofs.20250202/rtofs_glo_3dz_f006_6hrly_hvr_US_east.nc
ARGO_GDAC,pfl,aoml/4903553/profiles/D4903553_121.nc|2025-02-02T00:35:04Z|23.61928|-82.97985,aoml/4903553/profiles/D4903553_121.nc,4903553,4903553,23.61928,-82.97985,2025-02-02T00:35:04Z,20250202,2025,786,0.68,99.92,20.513,True,True,True,https://noaa-nws-rtofs-pds.s3.amazonaws.com/rtofs.20250202/rtofs_glo_3dz_f006_6hrly_hvr_US_east.nc
ARGO_GDAC,pfl,aoml/4903553/profiles/D4903553_122.nc|2025-02-07T01:24:18Z|23.63284|-82.95144,aoml/4903553/profiles/D4903553_122.nc,4903553,4903553,23.63284,-82.95144,2025-02-07T01:24:18Z,20250207,2025,852,0.44,1691.32,37.9432,True,True,True,https://noaa-nws-rtofs-pds.s3.amazonaws.com/rtofs.20250207/rtofs_glo_3dz_f006_6hrly_hvr_US_east.nc
ARGO_GDAC,pfl,aoml/4903553/profiles/D4903553_122.nc|2025-02-07T01:24:18Z|23.63284|-82.95144,aoml/4903553/profiles/D4903553_122.nc,4903553,4903553,23.63284,-82.95144,2025-02-07T01:24:18Z,20250207,2025,741,0.44,99.92,37.4867,True,True,True,https://noaa-nws-rtofs-pds.s3.amazonaws.com/rtofs.20250207/rtofs_glo_3dz_f006_6hrly_hvr_US_east.nc
ARGO_GDAC,pfl,aoml/4903553/profiles/D4903553_123.nc|2025-02-12T02:05:36Z|23.62709|-82.75186,aoml/4903553/profiles/D4903553_123.nc,4903553,4903553,23.62709,-82.75186,2025-02-12T02:05:36Z,20250212,2025,819,1.04,1627.8,22.7062,True,True,True,https://noaa-nws-rtofs-pds.s3.amazonaws.com/rtofs.20250212/rtofs_glo_3dz_f006_6hrly_hvr_US_east.nc
ARGO_GDAC,pfl,aoml/4903553/profiles/D4903553_123.nc|2025-02-12T02:05:36Z|23.62709|-82.75186,aoml/4903553/profiles/D4903553_123.nc,4903553,4903553,23.62709,-82.75186,2025-02-12T02:05:36Z,20250212,2025,770,0.64,99.88,22.5156,True,True,True,https://noaa-nws-rtofs-pds.s3.amazonaws.com/rtofs.20250212/rtofs_glo_3dz_f006_6hrly_hvr_US_east.nc
ARGO_GDAC,pfl,aoml/4903553/profiles/D4903553_124.nc|2025-02-17T02:54:18Z|23.65056|-82.71695,aoml/4903553/profiles/D4903553_124.nc,4903553,4903553,23.65056,-82.71695,2025-02-17T02:54:18Z,20250217,2025,844,1.08,1677.44,48.9573,True,True,True,https://noaa-nws-rtofs-pds.s3.amazonaws.com/rtofs.20250217/rtofs_glo_3dz_f006_6hrly_hvr_US_east.nc
ARGO_GDAC,pfl,aoml/4903553/profiles/D4903553_124.nc|2025-02-17T02:54:18Z|23.65056|-82.71695,aoml/4903553/profiles/D4903553_124.nc,4903553,4903553,23.65056,-82.71695,2025-02-17T02:54:18Z,20250217,2025,786,0.72,99.96,49.0629,True,True,True,https://noaa-nws-rtofs-pds.s3.amazonaws.com/rtofs.20250217/rtofs_glo_3dz_f006_6hrly_hvr_US_east.nc
ARGO_GDAC,pfl,aoml/4903553/profiles/D4903553_125.nc|2025-02-22T03:39:49Z|23.62127|-82.59198,aoml/4903553/profiles/D4903553_125.nc,4903553,4903553,23.62127,-82.59198,2025-02-22T03:39:49Z,20250222,2025,828,1.0,1646.08,55.4231,True,True,True,https://noaa-nws-rtofs-pds.s3.amazonaws.com/rtofs.20250222/rtofs_glo_3dz_f006_6hrly_hvr_US_east.nc
ARGO_GDAC,pfl,aoml/4903553/profiles/D4903553_125.nc|2025-02-22T03:39:49Z|23.62127|-82.59198,aoml/4903553/profiles/D4903553_125.nc,4903553,4903553,23.62127,-82.59198,2025-02-22T03:39:49Z,20250222,2025,775,0.6,99.96,55.36,True,True,True,https://noaa-nws-rtofs-pds.s3.amazonaws.com/rtofs.20250222/rtofs_glo_3dz_f006_6hrly_hvr_US_east.nc
ARGO_GDAC,pfl,aoml/4903553/profiles/D4903553_126.nc|2025-02-27T04:22:42Z|23.63792|-82.57740,aoml/4903553/profiles/D4903553_126.nc,4903553,4903553,23.63792,-82.5774,2025-02-27T04:22:42Z,20250227,2025,821,1.0,1631.28,92.3256,True,True,True,https://noaa-nws-rtofs-pds.s3.amazonaws.com/rtofs.20250227/rtofs_glo_3dz_f006_6hrly_hvr_US_east.nc
ARGO_GDAC,pfl,aoml/4903553/profiles/D4903553_126.nc|2025-02-27T04:22:42Z|23.63792|-82.57740,aoml/4903553/profiles/D4903553_126.nc,4903553,4903553,23.63792,-82.5774,2025-02-27T04:22:42Z,20250227,2025,809,0.6,99.92,92.5334,True,True,True,https://noaa-nws-rtofs-pds.s3.amazonaws.com/rtofs.20250227/rtofs_glo_3dz_f006_6hrly_hvr_US_east.nc
ARGO_GDAC,pfl,aoml/4903553/profiles/D4903553_127.nc|2025-03-04T05:12:23Z|23.59050|-82.57329,aoml/4903553/profiles/D4903553_127.nc,4903553,4903553,23.5905,-82.57329,2025-03-04T05:12:23Z,20250304,2025,853,1.04,1696.12,57.7404,True,True,True,https://noaa-nws-rtofs-pds.s3.amazonaws.com/rtofs.20250304/rtofs_glo_3dz_f006_6hrly_hvr_US_east.nc
ARGO_GDAC,pfl,aoml/4903553/profiles/D4903553_127.nc|2025-03-04T05:12:23Z|23.59050|-82.57329,aoml/4903553/profiles/D4903553_127.nc,4903553,4903553,23.5905,-82.57329,2025-03-04T05:12:23Z,20250304,2025,817,0.68,99.92,58.02,True,True,True,https://noaa-nws-rtofs-pds.s3.amazonaws.com/rtofs.20250304/rtofs_glo_3dz_f006_6hrly_hvr_US_east.nc
ARGO_GDAC,pfl,aoml/4903553/profiles/D4903553_128.nc|2025-03-09T06:17:45Z|23.54762|-82.50197,aoml/4903553/profiles/D4903553_128.nc,4903553,4903553,23.54762,-82.50197,2025-03-09T06:17:45Z,20250309,2025,909,1.0,1808.16,16.6887,True,True,True,https://noaa-nws-rtofs-pds.s3.amazonaws.com/rtofs.20250309/rtofs_glo_3dz_f006_6hrly_hvr_US_east.nc
ARGO_GDAC,pfl,aoml/4903553/profiles/D4903553_128.nc|2025-03-09T06:17:45Z|23.54762|-82.50197,aoml/4903553/profiles/D4903553_128.nc,4903553,4903553,23.54762,-82.50197,2025-03-09T06:17:45Z,20250309,2025,883,0.56,99.92,16.4926,True,True,True,https://noaa-nws-rtofs-pds.s3.amazonaws.com/rtofs.20250309/rtofs_glo_3dz_f006_6hrly_hvr_US_east.nc
ARGO_GDAC,pfl,aoml/4903553/profiles/D4903553_129.nc|2025-03-14T07:09:52Z|23.64096|-82.48969,aoml/4903553/profiles/D4903553_129.nc,4903553,4903553,23.64096,-82.48969,2025-03-14T07:09:52Z,20250314,2025,857,0.48,1701.36,51.6044,True,True,True,https://noaa-nws-rtofs-pds.s3.amazonaws.com/rtofs.20250314/rtofs_glo_3dz_f006_6hrly_hvr_US_east.nc
ARGO_GDAC,pfl,aoml/4903553/profiles/D4903553_129.nc|2025-03-14T07:09:52Z|23.64096|-82.48969,aoml/4903553/profiles/D4903553_129.nc,4903553,4903553,23.64096,-82.48969,2025-03-14T07:09:52Z,20250314,2025,831,0.48,99.92,51.888,True,True,True,https://noaa-nws-rtofs-pds.s3.amazonaws.com/rtofs.20250314/rtofs_glo_3dz_f006_6hrly_hvr_US_east.nc
ARGO_GDAC,pfl,aoml/4903553/profiles/D4903553_130.nc|2025-03-19T07:47:23Z|23.70904|-82.51262,aoml/4903553/profiles/D4903553_130.nc,4903553,4903553,23.70904,-82.51262,2025-03-19T07:47:23Z,20250319,2025,781,1.0,1551.32,54.4514,True,True,True,https://noaa-nws-rtofs-pds.s3.amazonaws.com/rtofs.20250319/rtofs_glo_3dz_f006_6hrly_hvr_US_east.nc
ARGO_GDAC,pfl,aoml/4903553/profiles/D4903553_130.nc|2025-03-19T07:47:23Z|23.70904|-82.51262,aoml/4903553/profiles/D4903553_130.nc,4903553,4903553,23.70904,-82.51262,2025-03-19T07:47:23Z,20250319,2025,820,0.68,99.92,54.8227,True,True,True,https://noaa-nws-rtofs-pds.s3.amazonaws.com/rtofs.20250319/rtofs_glo_3dz_f006_6hrly_hvr_US_east.nc
ARGO_GDAC,pfl,aoml/4903553/profiles/D4903553_131.nc|2025-03-24T08:15:56Z|23.67502|-82.67773,aoml/4903553/profiles/D4903553_131.nc,4903553,4903553,23.67502,-82.67773,2025-03-24T08:15:56Z,20250324,2025,797,1.04,1583.08,58.878,True,True,True,https://noaa-nws-rtofs-pds.s3.amazonaws.com/rtofs.20250324/rtofs_glo_3dz_f006_6hrly_hvr_US_east.nc
ARGO_GDAC,pfl,aoml/4903553/profiles/D4903553_131.nc|2025-03-24T08:15:56Z|23.67502|-82.67773,aoml/4903553/profiles/D4903553_131.nc,4903553,4903553,23.67502,-82.67773,2025-03-24T08:15:56Z,20250324,2025,822,0.64,99.92,58.9486,True,True,True,https://noaa-nws-rtofs-pds.s3.amazonaws.com/rtofs.20250324/rtofs_glo_3dz_f006_6hrly_hvr_US_east.nc
ARGO_GDAC,pfl,aoml/4903553/profiles/D4903553_132.nc|2025-03-29T09:03:44Z|23.69195|-82.63253,aoml/4903553/profiles/D4903553_132.nc,4903553,4903553,23.69195,-82.63253,2025-03-29T09:03:44Z,20250329,2025,797,0.96,1583.48,86.2368,True,True,True,https://noaa-nws-rtofs-pds.s3.amazonaws.com/rtofs.20250329/rtofs_glo_3dz_f006_6hrly_hvr_US_east.nc
ARGO_GDAC,pfl,aoml/4903553/profiles/D4903553_132.nc|2025-03-29T09:03:44Z|23.69195|-82.63253,aoml/4903553/profiles/D4903553_132.nc,4903553,4903553,23.69195,-82.63253,2025-03-29T09:03:44Z,20250329,2025,797,0.68,100.0,86.6,True,True,True,https://noaa-nws-rtofs-pds.s3.amazonaws.com/rtofs.20250329/rtofs_glo_3dz_f006_6hrly_hvr_US_east.nc
ARGO_GDAC,pfl,aoml/4903553/profiles/D4903553_133.nc|2025-04-03T09:39:47Z|23.70535|-82.61730,aoml/4903553/profiles/D4903553_133.nc,4903553,4903553,23.70535,-82.6173,2025-04-03T09:39:47Z,20250403,2025,780,1.0,1549.04,46.543,True,True,True,https://noaa-nws-rtofs-pds.s3.amazonaws.com/rtofs.20250403/rtofs_glo_3dz_f006_6hrly_hvr_US_east.nc
ARGO_GDAC,pfl,aoml/4903553/profiles/D4903553_133.nc|2025-04-03T09:39:47Z|23.70535|-82.61730,aoml/4903553/profiles/D4903553_133.nc,4903553,4903553,23.70535,-82.6173,2025-04-03T09:39:47Z,20250403,2025,802,0.64,100.0,45.9933,True,True,True,https://noaa-nws-rtofs-pds.s3.amazonaws.com/rtofs.20250403/rtofs_glo_3dz_f006_6hrly_hvr_US_east.nc
ARGO_GDAC,pfl,aoml/4903553/profiles/D4903553_134.nc|2025-04-08T10:11:05Z|23.71131|-82.57638,aoml/4903553/profiles/D4903553_134.nc,4903553,4903553,23.71131,-82.57638,2025-04-08T10:11:05Z,20250408,2025,773,0.48,1533.8,42.8268,True,True,True,https://noaa-nws-rtofs-pds.s3.amazonaws.com/rtofs.20250408/rtofs_glo_3dz_f006_6hrly_hvr_US_east.nc
ARGO_GDAC,pfl,aoml/4903553/profiles/D4903553_134.nc|2025-04-08T10:11:05Z|23.71131|-82.57638,aoml/4903553/profiles/D4903553_134.nc,4903553,4903553,23.71131,-82.57638,2025-04-08T10:11:05Z,20250408,2025,791,0.48,99.96,43.2255,True,True,True,https://noaa-nws-rtofs-pds.s3.amazonaws.com/rtofs.20250408/rtofs_glo_3dz_f006_6hrly_hvr_US_east.nc
ARGO_GDAC,pfl,aoml/4903553/profiles/D4903553_135.nc|2025-04-13T10:43:32Z|23.72168|-82.60077,aoml/4903553/profiles/D4903553_135.nc,4903553,4903553,23.72168,-82.60077,2025-04-13T10:43:32Z,20250413,2025,769,1.04,1527.12,70.289,True,True,True,https://noaa-nws-rtofs-pds.s3.amazonaws.com/rtofs.20250413/rtofs_glo_3dz_f006_6hrly_hvr_US_east.nc
ARGO_GDAC,pfl,aoml/4903553/profiles/D4903553_135.nc|2025-04-13T10:43:32Z|23.72168|-82.60077,aoml/4903553/profiles/D4903553_135.nc,4903553,4903553,23.72168,-82.60077,2025-04-13T10:43:32Z,20250413,2025,903,0.64,99.96,70.1514,True,True,True,https://noaa-nws-rtofs-pds.s3.amazonaws.com/rtofs.20250413/rtofs_glo_3dz_f006_6hrly_hvr_US_east.nc
ARGO_GDAC,pfl,aoml/4903553/profiles/D4903553_136.nc|2025-04-18T10:16:25Z|23.74875|-82.55190,aoml/4903553/profiles/D4903553_136.nc,4903553,4903553,23.74875,-82.5519,2025-04-18T10:16:25Z,20250418,2025,752,0.08,1493.0,48.5163,True,True,True,https://noaa-nws-rtofs-pds.s3.amazonaws.com/rtofs.20250418/rtofs_glo_3dz_f006_6hrly_hvr_US_east.nc
ARGO_GDAC,pfl,aoml/4903553/profiles/D4903553_136.nc|2025-04-18T10:16:25Z|23.74875|-82.55190,aoml/4903553/profiles/D4903553_136.nc,4903553,4903553,23.74875,-82.5519,2025-04-18T10:16:25Z,20250418,2025,302,-0.2,99.88,48.4934,True,True,True,https://noaa-nws-rtofs-pds.s3.amazonaws.com/rtofs.20250418/rtofs_glo_3dz_f006_6hrly_hvr_US_east.nc
ARGO_GDAC,pfl,aoml/4903553/profiles/D4903553_137.nc|2025-04-23T10:39:09Z|23.76278|-82.54371,aoml/4903553/profiles/D4903553_137.nc,4903553,4903553,23.76278,-82.54371,2025-04-23T10:39:09Z,20250423,2025,749,1.04,1487.24,70.921,True,True,True,https://noaa-nws-rtofs-pds.s3.amazonaws.com/rtofs.20250423/rtofs_glo_3dz_f006_6hrly_hvr_US_east.nc
ARGO_GDAC,pfl,aoml/4903553/profiles/D4903553_137.nc|2025-04-23T10:39:09Z|23.76278|-82.54371,aoml/4903553/profiles/D4903553_137.nc,4903553,4903553,23.76278,-82.54371,2025-04-23T10:39:09Z,20250423,2025,818,0.6,99.96,71.2933,True,True,True,https://noaa-nws-rtofs-pds.s3.amazonaws.com/rtofs.20250423/rtofs_glo_3dz_f006_6hrly_hvr_US_east.nc
ARGO_GDAC,pfl,aoml/4903553/profiles/D4903553_138.nc|2025-04-28T11:04:14Z|23.74474|-82.62349,aoml/4903553/profiles/D4903553_138.nc,4903553,4903553,23.74474,-82.62349,2025-04-28T11:04:14Z,20250428,2025,762,1.12,1513.76,44.6763,True,True,True,https://noaa-nws-rtofs-pds.s3.amazonaws.com/rtofs.20250428/rtofs_glo_3dz_f006_6hrly_hvr_US_east.nc
ARGO_GDAC,pfl,aoml/4903553/profiles/D4903553_138.nc|2025-04-28T11:04:14Z|23.74474|-82.62349,aoml/4903553/profiles/D4903553_138.nc,4903553,4903553,23.74474,-82.62349,2025-04-28T11:04:14Z,20250428,2025,757,0.88,99.88,44.8075,True,True,True,https://noaa-nws-rtofs-pds.s3.amazonaws.com/rtofs.20250428/rtofs_glo_3dz_f006_6hrly_hvr_US_east.nc
ARGO_GDAC,pfl,aoml/4903553/profiles/D4903553_139.nc|2025-05-03T11:26:59Z|23.81630|-82.49785,aoml/4903553/profiles/D4903553_139.nc,4903553,4903553,23.8163,-82.49785,2025-05-03T11:26:59Z,20250503,2025,730,0.48,1447.28,42.6103,True,True,True,https://noaa-nws-rtofs-pds.s3.amazonaws.com/rtofs.20250503/rtofs_glo_3dz_f006_6hrly_hvr_US_east.nc
ARGO_GDAC,pfl,aoml/4903553/profiles/D4903553_139.nc|2025-05-03T11:26:59Z|23.81630|-82.49785,aoml/4903553/profiles/D4903553_139.nc,4903553,4903553,23.8163,-82.49785,2025-05-03T11:26:59Z,20250503,2025,858,0.48,99.96,42.8593,True,True,True,https://noaa-nws-rtofs-pds.s3.amazonaws.com/rtofs.20250503/rtofs_glo_3dz_f006_6hrly_hvr_US_east.nc
ARGO_GDAC,pfl,aoml/4903553/profiles/D4903553_140.nc|2025-05-08T11:21:37Z|23.84760|-82.44378,aoml/4903553/profiles/D4903553_140.nc,4903553,4903553,23.8476,-82.44378,2025-05-08T11:21:37Z,20250508,2025,628,0.48,1243.76,71.2809,True,True,True,https://noaa-nws-rtofs-pds.s3.amazonaws.com/rtofs.20250508/rtofs_glo_3dz_f006_6hrly_hvr_US_east.nc
ARGO_GDAC,pfl,aoml/4903553/profiles/D4903553_140.nc|2025-05-08T11:21:37Z|23.84760|-82.44378,aoml/4903553/profiles/D4903553_140.nc,4903553,4903553,23.8476,-82.44378,2025-05-08T11:21:37Z,20250508,2025,864,0.48,100.0,71.2596,True,True,True,https://noaa-nws-rtofs-pds.s3.amazonaws.com/rtofs.20250508/rtofs_glo_3dz_f006_6hrly_hvr_US_east.nc
ARGO_GDAC,pfl,aoml/4903553/profiles/D4903553_141.nc|2025-05-13T11:06:14Z|23.86669|-82.42227,aoml/4903553/profiles/D4903553_141.nc,4903553,4903553,23.86669,-82.42227,2025-05-13T11:06:14Z,20250513,2025,593,0.32,1173.68,33.1662,True,True,True,https://noaa-nws-rtofs-pds.s3.amazonaws.com/rtofs.20250513/rtofs_glo_3dz_f006_6hrly_hvr_US_east.nc
ARGO_GDAC,pfl,aoml/4903553/profiles/D4903553_141.nc|2025-05-13T11:06:14Z|23.86669|-82.42227,aoml/4903553/profiles/D4903553_141.nc,4903553,4903553,23.86669,-82.42227,2025-05-13T11:06:14Z,20250513,2025,807,0.32,99.96,33.5035,True,True,True,https://noaa-nws-rtofs-pds.s3.amazonaws.com/rtofs.20250513/rtofs_glo_3dz_f006_6hrly_hvr_US_east.nc
ARGO_GDAC,pfl,aoml/4903553/profiles/D4903553_142.nc|2025-05-18T10:41:39Z|23.88759|-82.40099,aoml/4903553/profiles/D4903553_142.nc,4903553,4903553,23.88759,-82.40099,2025-05-18T10:41:39Z,20250518,2025,564,0.44,1115.84,20.795,True,True,True,https://noaa-nws-rtofs-pds.s3.amazonaws.com/rtofs.20250518/rtofs_glo_3dz_f006_6hrly_hvr_US_east.nc
ARGO_GDAC,pfl,aoml/4903553/profiles/D4903553_142.nc|2025-05-18T10:41:39Z|23.88759|-82.40099,aoml/4903553/profiles/D4903553_142.nc,4903553,4903553,23.88759,-82.40099,2025-05-18T10:41:39Z,20250518,2025,780,0.44,99.96,21.2695,True,True,True,https://noaa-nws-rtofs-pds.s3.amazonaws.com/rtofs.20250518/rtofs_glo_3dz_f006_6hrly_hvr_US_east.nc
ARGO_GDAC,pfl,aoml/4903553/profiles/D4903553_143.nc|2025-05-23T10:14:53Z|23.92308|-82.37033,aoml/4903553/profiles/D4903553_143.nc,4903553,4903553,23.92308,-82.37033,2025-05-23T10:14:53Z,20250523,2025,536,1.04,1061.64,11.5132,True,True,True,https://noaa-nws-rtofs-pds.s3.amazonaws.com/rtofs.20250523/rtofs_glo_3dz_f006_6hrly_hvr_US_east.nc
ARGO_GDAC,pfl,aoml/4903553/profiles/D4903553_143.nc|2025-05-23T10:14:53Z|23.92308|-82.37033,aoml/4903553/profiles/D4903553_143.nc,4903553,4903553,23.92308,-82.37033,2025-05-23T10:14:53Z,20250523,2025,788,0.68,99.96,11.43,True,True,True,https://noaa-nws-rtofs-pds.s3.amazonaws.com/rtofs.20250523/rtofs_glo_3dz_f006_6hrly_hvr_US_east.nc
ARGO_GDAC,pfl,aoml/4903553/profiles/D4903553_144.nc|2025-05-28T09:40:35Z|23.94409|-82.38496,aoml/4903553/profiles/D4903553_144.nc,4903553,4903553,23.94409,-82.38496,2025-05-28T09:40:35Z,20250528,2025,512,1.0,1013.4,18.2219,True,True,True,https://noaa-nws-rtofs-pds.s3.amazonaws.com/rtofs.20250528/rtofs_glo_3dz_f006_6hrly_hvr_US_east.nc
ARGO_GDAC,pfl,aoml/4903553/profiles/D4903553_144.nc|2025-05-28T09:40:35Z|23.94409|-82.38496,aoml/4903553/profiles/D4903553_144.nc,4903553,4903553,23.94409,-82.38496,2025-05-28T09:40:35Z,20250528,2025,813,0.52,99.96,18.252,True,True,True,https://noaa-nws-rtofs-pds.s3.amazonaws.com/rtofs.20250528/rtofs_glo_3dz_f006_6hrly_hvr_US_east.nc
ARGO_GDAC,pfl,aoml/4903553/profiles/D4903553_145.nc|2025-06-02T08:56:35Z|23.95018|-82.40889,aoml/4903553/profiles/D4903553_145.nc,4903553,4903553,23.95018,-82.40889,2025-06-02T08:56:35Z,20250602,2025,489,1.08,967.56,16.3626,True,True,True,https://noaa-nws-rtofs-pds.s3.amazonaws.com/rtofs.20250602/rtofs_glo_3dz_f006_6hrly_hvr_US_east.nc
ARGO_GDAC,pfl,aoml/4903553/profiles/D4903553_145.nc|2025-06-02T08:56:35Z|23.95018|-82.40889,aoml/4903553/profiles/D4903553_145.nc,4903553,4903553,23.95018,-82.40889,2025-06-02T08:56:35Z,20250602,2025,930,0.68,100.0,16.8612,True,True,True,https://noaa-nws-rtofs-pds.s3.amazonaws.com/rtofs.20250602/rtofs_glo_3dz_f006_6hrly_hvr_US_east.nc
ARGO_GDAC,pfl,aoml/4903553/profiles/D4903553_146.nc|2025-06-07T08:17:11Z|23.94047|-82.42173,aoml/4903553/profiles/D4903553_146.nc,4903553,4903553,23.94047,-82.42173,2025-06-07T08:17:11Z,20250607,2025,482,1.08,953.6,32.0805,True,True,True,https://noaa-nws-rtofs-pds.s3.amazonaws.com/rtofs.20250607/rtofs_glo_3dz_f006_6hrly_hvr_US_east.nc
ARGO_GDAC,pfl,aoml/4903553/profiles/D4903553_146.nc|2025-06-07T08:17:11Z|23.94047|-82.42173,aoml/4903553/profiles/D4903553_146.nc,4903553,4903553,23.94047,-82.42173,2025-06-07T08:17:11Z,20250607,2025,969,0.76,99.92,32.6547,True,True,True,https://noaa-nws-rtofs-pds.s3.amazonaws.com/rtofs.20250607/rtofs_glo_3dz_f006_6hrly_hvr_US_east.nc
ARGO_GDAC,pfl,aoml/4903553/profiles/D4903553_147.nc|2025-06-12T07:37:36Z|23.92265|-82.41604,aoml/4903553/profiles/D4903553_147.nc,4903553,4903553,23.92265,-82.41604,2025-06-12T07:37:36Z,20250612,2025,499,0.96,987.88,15.2894,True,True,True,https://noaa-nws-rtofs-pds.s3.amazonaws.com/rtofs.20250612/rtofs_glo_3dz_f006_6hrly_hvr_US_east.nc
ARGO_GDAC,pfl,aoml/4903553/profiles/D4903553_147.nc|2025-06-12T07:37:36Z|23.92265|-82.41604,aoml/4903553/profiles/D4903553_147.nc,4903553,4903553,23.92265,-82.41604,2025-06-12T07:37:36Z,20250612,2025,887,0.52,99.92,15.791,True,True,True,https://noaa-nws-rtofs-pds.s3.amazonaws.com/rtofs.20250612/rtofs_glo_3dz_f006_6hrly_hvr_US_east.nc
ARGO_GDAC,pfl,aoml/4903553/profiles/D4903553_148.nc|2025-06-17T07:09:06Z|23.90278|-82.34687,aoml/4903553/profiles/D4903553_148.nc,4903553,4903553,23.90278,-82.34687,2025-06-17T07:09:06Z,20250617,2025,533,0.48,1053.24,26.287,True,True,True,https://noaa-nws-rtofs-pds.s3.amazonaws.com/rtofs.20250617/rtofs_glo_3dz_f006_6hrly_hvr_US_east.nc
ARGO_GDAC,pfl,aoml/4903553/profiles/D4903553_148.nc|2025-06-17T07:09:06Z|23.90278|-82.34687,aoml/4903553/profiles/D4903553_148.nc,4903553,4903553,23.90278,-82.34687,2025-06-17T07:09:06Z,20250617,2025,889,0.48,99.92,26.8051,True,True,True,https://noaa-nws-rtofs-pds.s3.amazonaws.com/rtofs.20250617/rtofs_glo_3dz_f006_6hrly_hvr_US_east.nc
ARGO_GDAC,pfl,aoml/4903553/profiles/D4903553_149.nc|2025-06-22T06:47:42Z|23.89485|-82.29410,aoml/4903553/profiles/D4903553_149.nc,4903553,4903553,23.89485,-82.2941,2025-06-22T06:47:42Z,20250622,2025,578,0.48,1143.56,23.5402,True,True,True,https://noaa-nws-rtofs-pds.s3.amazonaws.com/rtofs.20250622/rtofs_glo_3dz_f006_6hrly_hvr_US_east.nc
ARGO_GDAC,pfl,aoml/4903553/profiles/D4903553_149.nc|2025-06-22T06:47:42Z|23.89485|-82.29410,aoml/4903553/profiles/D4903553_149.nc,4903553,4903553,23.89485,-82.2941,2025-06-22T06:47:42Z,20250622,2025,769,0.48,99.92,23.7148,True,True,True,https://noaa-nws-rtofs-pds.s3.amazonaws.com/rtofs.20250622/rtofs_glo_3dz_f006_6hrly_hvr_US_east.nc
ARGO_GDAC,pfl,aoml/4903553/profiles/D4903553_150.nc|2025-06-27T06:33:15Z|23.87407|-82.25789,aoml/4903553/profiles/D4903553_150.nc,4903553,4903553,23.87407,-82.25789,2025-06-27T06:33:15Z,20250627,2025,615,0.96,1219.6,37.8101,True,True,True,https://noaa-nws-rtofs-pds.s3.amazonaws.com/rtofs.20250627/rtofs_glo_3dz_f006_6hrly_hvr_US_east.nc
ARGO_GDAC,pfl,aoml/4903553/profiles/D4903553_150.nc|2025-06-27T06:33:15Z|23.87407|-82.25789,aoml/4903553/profiles/D4903553_150.nc,4903553,4903553,23.87407,-82.25789,2025-06-27T06:33:15Z,20250627,2025,790,0.56,99.92,37.9199,True,True,True,https://noaa-nws-rtofs-pds.s3.amazonaws.com/rtofs.20250627/rtofs_glo_3dz_f006_6hrly_hvr_US_east.nc
ARGO_GDAC,pfl,aoml/4903553/profiles/D4903553_151.nc|2025-07-02T07:03:25Z|23.85936|-82.20538,aoml/4903553/profiles/D4903553_151.nc,4903553,4903553,23.85936,-82.20538,2025-07-02T07:03:25Z,20250702,2025,756,0.96,1501.84,46.0379,True,True,True,https://noaa-nws-rtofs-pds.s3.amazonaws.com/rtofs.20250702/rtofs_glo_3dz_f006_6hrly_hvr_US_east.nc
ARGO_GDAC,pfl,aoml/4903553/profiles/D4903553_151.nc|2025-07-02T07:03:25Z|23.85936|-82.20538,aoml/4903553/profiles/D4903553_151.nc,4903553,4903553,23.85936,-82.20538,2025-07-02T07:03:25Z,20250702,2025,774,0.52,100.0,45.9163,True,True,True,https://noaa-nws-rtofs-pds.s3.amazonaws.com/rtofs.20250702/rtofs_glo_3dz_f006_6hrly_hvr_US_east.nc
ARGO_GDAC,pfl,aoml/4903553/profiles/D4903553_152.nc|2025-07-07T07:29:52Z|23.83333|-82.17912,aoml/4903553/profiles/D4903553_152.nc,4903553,4903553,23.83333,-82.17912,2025-07-07T07:29:52Z,20250707,2025,762,0.48,1511.12,13.17,True,True,True,https://noaa-nws-rtofs-pds.s3.amazonaws.com/rtofs.20250707/rtofs_glo_3dz_f006_6hrly_hvr_US_east.nc
ARGO_GDAC,pfl,aoml/4903553/profiles/D4903553_152.nc|2025-07-07T07:29:52Z|23.83333|-82.17912,aoml/4903553/profiles/D4903553_152.nc,4903553,4903553,23.83333,-82.17912,2025-07-07T07:29:52Z,20250707,2025,822,0.48,99.96,13.3616,True,True,True,https://noaa-nws-rtofs-pds.s3.amazonaws.com/rtofs.20250707/rtofs_glo_3dz_f006_6hrly_hvr_US_east.nc
ARGO_GDAC,pfl,aoml/4903553/profiles/D4903553_153.nc|2025-07-12T07:55:20Z|23.88302|-82.07213,aoml/4903553/profiles/D4903553_153.nc,4903553,4903553,23.88302,-82.07213,2025-07-12T07:55:20Z,20250712,2025,757,0.96,1503.68,26.3429,True,True,True,https://noaa-nws-rtofs-pds.s3.amazonaws.com/rtofs.20250712/rtofs_glo_3dz_f006_6hrly_hvr_US_east.nc
ARGO_GDAC,pfl,aoml/4903553/profiles/D4903553_153.nc|2025-07-12T07:55:20Z|23.88302|-82.07213,aoml/4903553/profiles/D4903553_153.nc,4903553,4903553,23.88302,-82.07213,2025-07-12T07:55:20Z,20250712,2025,818,0.6,99.88,25.8968,True,True,True,https://noaa-nws-rtofs-pds.s3.amazonaws.com/rtofs.20250712/rtofs_glo_3dz_f006_6hrly_hvr_US_east.nc
ARGO_GDAC,pfl,aoml/4903553/profiles/D4903553_154.nc|2025-07-17T08:32:40Z|23.72609|-82.27879,aoml/4903553/profiles/D4903553_154.nc,4903553,4903553,23.72609,-82.27879,2025-07-17T08:32:40Z,20250717,2025,785,0.96,1559.84,37.5573,True,True,True,https://noaa-nws-rtofs-pds.s3.amazonaws.com/rtofs.20250717/rtofs_glo_3dz_f006_6hrly_hvr_US_east.nc
ARGO_GDAC,pfl,aoml/4903553/profiles/D4903553_154.nc|2025-07-17T08:32:40Z|23.72609|-82.27879,aoml/4903553/profiles/D4903553_154.nc,4903553,4903553,23.72609,-82.27879,2025-07-17T08:32:40Z,20250717,2025,869,0.52,100.0,37.8,True,True,True,https://noaa-nws-rtofs-pds.s3.amazonaws.com/rtofs.20250717/rtofs_glo_3dz_f006_6hrly_hvr_US_east.nc
ARGO_GDAC,pfl,aoml/4903553/profiles/D4903553_155.nc|2025-07-22T08:59:15Z|23.74367|-82.43061,aoml/4903553/profiles/D4903553_155.nc,4903553,4903553,23.74367,-82.43061,2025-07-22T08:59:15Z,20250722,2025,767,0.36,1522.08,29.9005,True,True,True,https://noaa-nws-rtofs-pds.s3.amazonaws.com/rtofs.20250722/rtofs_glo_3dz_f006_6hrly_hvr_US_east.nc
ARGO_GDAC,pfl,aoml/4903553/profiles/D4903553_155.nc|2025-07-22T08:59:15Z|23.74367|-82.43061,aoml/4903553/profiles/D4903553_155.nc,4903553,4903553,23.74367,-82.43061,2025-07-22T08:59:15Z,20250722,2025,757,0.36,99.96,29.7904,True,True,True,https://noaa-nws-rtofs-pds.s3.amazonaws.com/rtofs.20250722/rtofs_glo_3dz_f006_6hrly_hvr_US_east.nc
ARGO_GDAC,pfl,aoml/4903553/profiles/D4903553_156.nc|2025-07-27T09:28:54Z|23.77049|-82.49276,aoml/4903553/profiles/D4903553_156.nc,4903553,4903553,23.77049,-82.49276,2025-07-27T09:28:54Z,20250727,2025,756,1.0,1501.28,34.1696,True,True,True,https://noaa-nws-rtofs-pds.s3.amazonaws.com/rtofs.20250727/rtofs_glo_3dz_f006_6hrly_hvr_US_east.nc
ARGO_GDAC,pfl,aoml/4903553/profiles/D4903553_156.nc|2025-07-27T09:28:54Z|23.77049|-82.49276,aoml/4903553/profiles/D4903553_156.nc,4903553,4903553,23.77049,-82.49276,2025-07-27T09:28:54Z,20250727,2025,852,0.52,99.96,34.4305,True,True,True,https://noaa-nws-rtofs-pds.s3.amazonaws.com/rtofs.20250727/rtofs_glo_3dz_f006_6hrly_hvr_US_east.nc
ARGO_GDAC,pfl,aoml/4903553/profiles/D4903553_157.nc|2025-08-01T09:08:40Z|23.77972|-82.64184,aoml/4903553/profiles/D4903553_157.nc,4903553,4903553,23.77972,-82.64184,2025-08-01T09:08:40Z,20250801,2025,728,1.04,1445.52,22.9075,True,True,True,https://noaa-nws-rtofs-pds.s3.amazonaws.com/rtofs.20250801/rtofs_glo_3dz_f006_6hrly_hvr_US_east.nc
ARGO_GDAC,pfl,aoml/4903553/profiles/D4903553_157.nc|2025-08-01T09:08:40Z|23.77972|-82.64184,aoml/4903553/profiles/D4903553_157.nc,4903553,4903553,23.77972,-82.64184,2025-08-01T09:08:40Z,20250801,2025,886,0.72,99.92,22.8976,True,True,True,https://noaa-nws-rtofs-pds.s3.amazonaws.com/rtofs.20250801/rtofs_glo_3dz_f006_6hrly_hvr_US_east.nc
ARGO_GDAC,pfl,aoml/4903553/profiles/D4903553_158.nc|2025-08-06T09:20:31Z|23.81267|-82.60398,aoml/4903553/profiles/D4903553_158.nc,4903553,4903553,23.81267,-82.60398,2025-08-06T09:20:31Z,20250806,2025,706,1.04,1401.68,16.8271,True,True,True,https://noaa-nws-rtofs-pds.s3.amazonaws.com/rtofs.20250806/rtofs_glo_3dz_f006_6hrly_hvr_US_east.nc
ARGO_GDAC,pfl,aoml/4903553/profiles/D4903553_158.nc|2025-08-06T09:20:31Z|23.81267|-82.60398,aoml/4903553/profiles/D4903553_158.nc,4903553,4903553,23.81267,-82.60398,2025-08-06T09:20:31Z,20250806,2025,869,0.6,100.0,16.9023,True,True,True,https://noaa-nws-rtofs-pds.s3.amazonaws.com/rtofs.20250806/rtofs_glo_3dz_f006_6hrly_hvr_US_east.nc
ARGO_GDAC,pfl,aoml/4903553/profiles/D4903553_159.nc|2025-08-11T09:18:33Z|23.82231|-82.56424,aoml/4903553/profiles/D4903553_159.nc,4903553,4903553,23.82231,-82.56424,2025-08-11T09:18:33Z,20250811,2025,661,1.04,1311.8,26.9883,True,True,True,https://noaa-nws-rtofs-pds.s3.amazonaws.com/rtofs.20250811/rtofs_glo_3dz_f006_6hrly_hvr_US_east.nc
ARGO_GDAC,pfl,aoml/4903553/profiles/D4903553_159.nc|2025-08-11T09:18:33Z|23.82231|-82.56424,aoml/4903553/profiles/D4903553_159.nc,4903553,4903553,23.82231,-82.56424,2025-08-11T09:18:33Z,20250811,2025,860,0.56,99.88,27.26,True,True,True,https://noaa-nws-rtofs-pds.s3.amazonaws.com/rtofs.20250811/rtofs_glo_3dz_f006_6hrly_hvr_US_east.nc
ARGO_GDAC,pfl,aoml/4903553/profiles/D4903553_160.nc|2025-08-16T09:20:11Z|23.81914|-82.51050,aoml/4903553/profiles/D4903553_160.nc,4903553,4903553,23.81914,-82.5105,2025-08-16T09:20:11Z,20250816,2025,648,1.04,1285.4,21.9026,True,True,True,https://noaa-nws-rtofs-pds.s3.amazonaws.com/rtofs.20250816/rtofs_glo_3dz_f006_6hrly_hvr_US_east.nc
ARGO_GDAC,pfl,aoml/4903553/profiles/D4903553_160.nc|2025-08-16T09:20:11Z|23.81914|-82.51050,aoml/4903553/profiles/D4903553_160.nc,4903553,4903553,23.81914,-82.5105,2025-08-16T09:20:11Z,20250816,2025,858,0.6,99.92,21.8899,True,True,True,https://noaa-nws-rtofs-pds.s3.amazonaws.com/rtofs.20250816/rtofs_glo_3dz_f006_6hrly_hvr_US_east.nc
ARGO_GDAC,pfl,aoml/4903553/profiles/D4903553_161.nc|2025-08-21T09:23:03Z|23.82284|-82.45426,aoml/4903553/profiles/D4903553_161.nc,4903553,4903553,23.82284,-82.45426,2025-08-21T09:23:03Z,20250821,2025,655,0.44,1297.56,16.4668,True,True,True,https://noaa-nws-rtofs-pds.s3.amazonaws.com/rtofs.20250821/rtofs_glo_3dz_f006_6hrly_hvr_US_east.nc
ARGO_GDAC,pfl,aoml/4903553/profiles/D4903553_161.nc|2025-08-21T09:23:03Z|23.82284|-82.45426,aoml/4903553/profiles/D4903553_161.nc,4903553,4903553,23.82284,-82.45426,2025-08-21T09:23:03Z,20250821,2025,861,0.44,99.92,16.54,True,True,True,https://noaa-nws-rtofs-pds.s3.amazonaws.com/rtofs.20250821/rtofs_glo_3dz_f006_6hrly_hvr_US_east.nc
ARGO_GDAC,pfl,aoml/4903553/profiles/D4903553_162.nc|2025-08-26T09:22:46Z|23.83820|-82.42080,aoml/4903553/profiles/D4903553_162.nc,4903553,4903553,23.8382,-82.4208,2025-08-26T09:22:46Z,20250826,2025,673,0.44,1333.12,21.1355,True,True,True,https://noaa-nws-rtofs-pds.s3.amazonaws.com/rtofs.20250826/rtofs_glo_3dz_f006_6hrly_hvr_US_east.nc
ARGO_GDAC,pfl,aoml/4903553/profiles/D4903553_162.nc|2025-08-26T09:22:46Z|23.83820|-82.42080,aoml/4903553/profiles/D4903553_162.nc,4903553,4903553,23.8382,-82.4208,2025-08-26T09:22:46Z,20250826,2025,773,0.44,99.96,21.0302,True,True,True,https://noaa-nws-rtofs-pds.s3.amazonaws.com/rtofs.20250826/rtofs_glo_3dz_f006_6hrly_hvr_US_east.nc
ARGO_GDAC,pfl,aoml/4903553/profiles/D4903553_163.nc|2025-08-31T09:08:14Z|23.87093|-82.38108,aoml/4903553/profiles/D4903553_163.nc,4903553,4903553,23.87093,-82.38108,2025-08-31T09:08:14Z,20250831,2025,607,1.0,1203.8,29.9242,True,True,True,https://noaa-nws-rtofs-pds.s3.amazonaws.com/rtofs.20250831/rtofs_glo_3dz_f006_6hrly_hvr_US_east.nc
ARGO_GDAC,pfl,aoml/4903553/profiles/D4903553_163.nc|2025-08-31T09:08:14Z|23.87093|-82.38108,aoml/4903553/profiles/D4903553_163.nc,4903553,4903553,23.87093,-82.38108,2025-08-31T09:08:14Z,20250831,2025,800,0.52,99.92,29.775,True,True,True,https://noaa-nws-rtofs-pds.s3.amazonaws.com/rtofs.20250831/rtofs_glo_3dz_f006_6hrly_hvr_US_east.nc
ARGO_GDAC,pfl,aoml/4903553/profiles/D4903553_164.nc|2025-09-05T08:49:03Z|23.89760|-82.34596,aoml/4903553/profiles/D4903553_164.nc,4903553,4903553,23.8976,-82.34596,2025-09-05T08:49:03Z,20250905,2025,564,1.08,1117.44,17.9513,True,True,True,https://noaa-nws-rtofs-pds.s3.amazonaws.com/rtofs.20250905/rtofs_glo_3dz_f006_6hrly_hvr_US_east.nc
ARGO_GDAC,pfl,aoml/4903553/profiles/D4903553_164.nc|2025-09-05T08:49:03Z|23.89760|-82.34596,aoml/4903553/profiles/D4903553_164.nc,4903553,4903553,23.8976,-82.34596,2025-09-05T08:49:03Z,20250905,2025,998,0.68,100.0,18.1245,True,True,True,https://noaa-nws-rtofs-pds.s3.amazonaws.com/rtofs.20250905/rtofs_glo_3dz_f006_6hrly_hvr_US_east.nc
ARGO_GDAC,pfl,aoml/4903553/profiles/D4903553_165.nc|2025-09-10T08:26:22Z|23.91895|-82.33325,aoml/4903553/profiles/D4903553_165.nc,4903553,4903553,23.91895,-82.33325,2025-09-10T08:26:22Z,20250910,2025,557,0.48,1101.2,32.7129,True,True,True,https://noaa-nws-rtofs-pds.s3.amazonaws.com/rtofs.20250910/rtofs_glo_3dz_f006_6hrly_hvr_US_east.nc
ARGO_GDAC,pfl,aoml/4903553/profiles/D4903553_165.nc|2025-09-10T08:26:22Z|23.91895|-82.33325,aoml/4903553/profiles/D4903553_165.nc,4903553,4903553,23.91895,-82.33325,2025-09-10T08:26:22Z,20250910,2025,946,0.48,100.0,33.3029,True,True,True,https://noaa-nws-rtofs-pds.s3.amazonaws.com/rtofs.20250910/rtofs_glo_3dz_f006_6hrly_hvr_US_east.nc
ARGO_GDAC,pfl,aoml/4903553/profiles/D4903553_166.nc|2025-09-15T07:53:14Z|23.91800|-82.34026,aoml/4903553/profiles/D4903553_166.nc,4903553,4903553,23.918,-82.34026,2025-09-15T07:53:14Z,20250915,2025,537,0.92,1063.44,14.4423,True,True,True,https://noaa-nws-rtofs-pds.s3.amazonaws.com/rtofs.20250915/rtofs_glo_3dz_f006_6hrly_hvr_US_east.nc
ARGO_GDAC,pfl,aoml/4903553/profiles/D4903553_166.nc|2025-09-15T07:53:14Z|23.91800|-82.34026,aoml/4903553/profiles/D4903553_166.nc,4903553,4903553,23.918,-82.34026,2025-09-15T07:53:14Z,20250915,2025,886,0.56,99.92,14.3648,True,True,True,https://noaa-nws-rtofs-pds.s3.amazonaws.com/rtofs.20250915/rtofs_glo_3dz_f006_6hrly_hvr_US_east.nc
ARGO_GDAC,pfl,aoml/4903553/profiles/D4903553_167.nc|2025-09-20T07:21:06Z|23.89660|-82.33587,aoml/4903553/profiles/D4903553_167.nc,4903553,4903553,23.8966,-82.33587,2025-09-20T07:21:06Z,20250920,2025,551,0.48,1089.68,30.9577,True,True,True,https://noaa-nws-rtofs-pds.s3.amazonaws.com/rtofs.20250920/rtofs_glo_3dz_f006_6hrly_hvr_US_east.nc
ARGO_GDAC,pfl,aoml/4903553/profiles/D4903553_167.nc|2025-09-20T07:21:06Z|23.89660|-82.33587,aoml/4903553/profiles/D4903553_167.nc,4903553,4903553,23.8966,-82.33587,2025-09-20T07:21:06Z,20250920,2025,941,0.48,99.92,31.0765,True,True,True,https://noaa-nws-rtofs-pds.s3.amazonaws.com/rtofs.20250920/rtofs_glo_3dz_f006_6hrly_hvr_US_east.nc
ARGO_GDAC,pfl,aoml/4903553/profiles/D4903553_168.nc|2025-09-25T07:04:35Z|23.87259|-82.31895,aoml/4903553/profiles/D4903553_168.nc,4903553,4903553,23.87259,-82.31895,2025-09-25T07:04:35Z,20250925,2025,597,0.96,1183.4,22.8713,True,True,True,https://noaa-nws-rtofs-pds.s3.amazonaws.com/rtofs.20250925/rtofs_glo_3dz_f006_6hrly_hvr_US_east.nc
ARGO_GDAC,pfl,aoml/4903553/profiles/D4903553_168.nc|2025-09-25T07:04:35Z|23.87259|-82.31895,aoml/4903553/profiles/D4903553_168.nc,4903553,4903553,23.87259,-82.31895,2025-09-25T07:04:35Z,20250925,2025,967,0.52,99.96,21.2533,True,True,True,https://noaa-nws-rtofs-pds.s3.amazonaws.com/rtofs.20250925/rtofs_glo_3dz_f006_6hrly_hvr_US_east.nc
ARGO_GDAC,pfl,aoml/4903553/profiles/D4903553_169.nc|2025-09-30T07:03:43Z|23.86728|-82.29105,aoml/4903553/profiles/D4903553_169.nc,4903553,4903553,23.86728,-82.29105,2025-09-30T07:03:43Z,20250930,2025,649,0.48,1285.64,19.5787,True,True,True,https://noaa-nws-rtofs-pds.s3.amazonaws.com/rtofs.20250930/rtofs_glo_3dz_f006_6hrly_hvr_US_east.nc
ARGO_GDAC,pfl,aoml/4903553/profiles/D4903553_169.nc|2025-09-30T07:03:43Z|23.86728|-82.29105,aoml/4903553/profiles/D4903553_169.nc,4903553,4903553,23.86728,-82.29105,2025-09-30T07:03:43Z,20250930,2025,954,0.48,99.92,19.9694,True,True,True,https://noaa-nws-rtofs-pds.s3.amazonaws.com/rtofs.20250930/rtofs_glo_3dz_f006_6hrly_hvr_US_east.nc
ARGO_GDAC,pfl,aoml/4903553/profiles/D4903553_170.nc|2025-10-05T07:06:22Z|23.87522|-82.25845,aoml/4903553/profiles/D4903553_170.nc,4903553,4903553,23.87522,-82.25845,2025-10-05T07:06:22Z,20251005,2025,659,0.48,1305.8,36.4062,True,True,True,https://noaa-nws-rtofs-pds.s3.amazonaws.com/rtofs.20251005/rtofs_glo_3dz_f006_6hrly_hvr_US_east.nc
ARGO_GDAC,pfl,aoml/4903553/profiles/D4903553_170.nc|2025-10-05T07:06:22Z|23.87522|-82.25845,aoml/4903553/profiles/D4903553_170.nc,4903553,4903553,23.87522,-82.25845,2025-10-05T07:06:22Z,20251005,2025,801,0.48,99.96,37.45,True,True,True,https://noaa-nws-rtofs-pds.s3.amazonaws.com/rtofs.20251005/rtofs_glo_3dz_f006_6hrly_hvr_US_east.nc
ARGO_GDAC,pfl,aoml/4903553/profiles/D4903553_171.nc|2025-10-10T07:09:18Z|23.90136|-82.22875,aoml/4903553/profiles/D4903553_171.nc,4903553,4903553,23.90136,-82.22875,2025-10-10T07:09:18Z,20251010,2025,672,0.48,1331.4,28.5347,True,True,True,https://noaa-nws-rtofs-pds.s3.amazonaws.com/rtofs.20251010/rtofs_glo_3dz_f006_6hrly_hvr_US_east.nc
ARGO_GDAC,pfl,aoml/4903553/profiles/D4903553_171.nc|2025-10-10T07:09:18Z|23.90136|-82.22875,aoml/4903553/profiles/D4903553_171.nc,4903553,4903553,23.90136,-82.22875,2025-10-10T07:09:18Z,20251010,2025,830,0.48,99.96,28.464,True,True,True,https://noaa-nws-rtofs-pds.s3.amazonaws.com/rtofs.20251010/rtofs_glo_3dz_f006_6hrly_hvr_US_east.nc
ARGO_GDAC,pfl,aoml/4903553/profiles/D4903553_172.nc|2025-10-15T07:23:12Z|23.87580|-82.27135,aoml/4903553/profiles/D4903553_172.nc,4903553,4903553,23.8758,-82.27135,2025-10-15T07:23:12Z,20251015,2025,705,0.48,1397.76,33.8826,True,True,True,https://noaa-nws-rtofs-pds.s3.amazonaws.com/rtofs.20251015/rtofs_glo_3dz_f006_6hrly_hvr_US_east.nc
ARGO_GDAC,pfl,aoml/4903553/profiles/D4903553_172.nc|2025-10-15T07:23:12Z|23.87580|-82.27135,aoml/4903553/profiles/D4903553_172.nc,4903553,4903553,23.8758,-82.27135,2025-10-15T07:23:12Z,20251015,2025,955,0.48,100.0,34.0028,True,True,True,https://noaa-nws-rtofs-pds.s3.amazonaws.com/rtofs.20251015/rtofs_glo_3dz_f006_6hrly_hvr_US_east.nc
ARGO_GDAC,pfl,aoml/4903553/profiles/D4903553_173.nc|2025-10-20T07:27:06Z|23.86112|-82.29174,aoml/4903553/profiles/D4903553_173.nc,4903553,4903553,23.86112,-82.29174,2025-10-20T07:27:06Z,20251020,2025,672,1.0,1333.4,33.0147,True,True,True,https://noaa-nws-rtofs-pds.s3.amazonaws.com/rtofs.20251020/rtofs_glo_3dz_f006_6hrly_hvr_US_east.nc
ARGO_GDAC,pfl,aoml/4903553/profiles/D4903553_173.nc|2025-10-20T07:27:06Z|23.86112|-82.29174,aoml/4903553/profiles/D4903553_173.nc,4903553,4903553,23.86112,-82.29174,2025-10-20T07:27:06Z,20251020,2025,789,0.6,99.96,33.7137,True,True,True,https://noaa-nws-rtofs-pds.s3.amazonaws.com/rtofs.20251020/rtofs_glo_3dz_f006_6hrly_hvr_US_east.nc
ARGO_GDAC,pfl,aoml/4903553/profiles/D4903553_174.nc|2025-10-25T07:21:30Z|23.88876|-82.26351,aoml/4903553/profiles/D4903553_174.nc,4903553,4903553,23.88876,-82.26351,2025-10-25T07:21:30Z,20251025,2025,659,1.0,1307.8,57.2672,True,True,True,https://noaa-nws-rtofs-pds.s3.amazonaws.com/rtofs.20251025/rtofs_glo_3dz_f006_6hrly_hvr_US_east.nc
ARGO_GDAC,pfl,aoml/4903553/profiles/D4903553_174.nc|2025-10-25T07:21:30Z|23.88876|-82.26351,aoml/4903553/profiles/D4903553_174.nc,4903553,4903553,23.88876,-82.26351,2025-10-25T07:21:30Z,20251025,2025,769,0.64,99.88,57.36,True,True,True,https://noaa-nws-rtofs-pds.s3.amazonaws.com/rtofs.20251025/rtofs_glo_3dz_f006_6hrly_hvr_US_east.nc
ARGO_GDAC,pfl,aoml/4903553/profiles/D4903553_175.nc|2025-10-30T07:07:04Z|23.90485|-82.25397,aoml/4903553/profiles/D4903553_175.nc,4903553,4903553,23.90485,-82.25397,2025-10-30T07:07:04Z,20251030,2025,578,1.0,1145.08,50.3587,True,True,True,https://noaa-nws-rtofs-pds.s3.amazonaws.com/rtofs.20251030/rtofs_glo_3dz_f006_6hrly_hvr_US_east.nc
ARGO_GDAC,pfl,aoml/4903553/profiles/D4903553_175.nc|2025-10-30T07:07:04Z|23.90485|-82.25397,aoml/4903553/profiles/D4903553_175.nc,4903553,4903553,23.90485,-82.25397,2025-10-30T07:07:04Z,20251030,2025,881,0.52,100.0,50.565,True,True,True,https://noaa-nws-rtofs-pds.s3.amazonaws.com/rtofs.20251030/rtofs_glo_3dz_f006_6hrly_hvr_US_east.nc
ARGO_GDAC,pfl,aoml/4903553/profiles/D4903553_176.nc|2025-11-04T06:47:44Z|23.89652|-82.22149,aoml/4903553/profiles/D4903553_176.nc,4903553,4903553,23.89652,-82.22149,2025-11-04T06:47:44Z,20251104,2025,593,1.04,1175.36,73.9608,True,True,True,https://noaa-nws-rtofs-pds.s3.amazonaws.com/rtofs.20251104/rtofs_glo_3dz_f006_6hrly_hvr_US_east.nc
ARGO_GDAC,pfl,aoml/4903553/profiles/D4903553_176.nc|2025-11-04T06:47:44Z|23.89652|-82.22149,aoml/4903553/profiles/D4903553_176.nc,4903553,4903553,23.89652,-82.22149,2025-11-04T06:47:44Z,20251104,2025,821,0.8,99.96,74.3181,True,True,True,https://noaa-nws-rtofs-pds.s3.amazonaws.com/rtofs.20251104/rtofs_glo_3dz_f006_6hrly_hvr_US_east.nc
ARGO_GDAC,pfl,aoml/4903553/profiles/D4903553_177.nc|2025-11-09T07:03:58Z|23.89502|-82.17710,aoml/4903553/profiles/D4903553_177.nc,4903553,4903553,23.89502,-82.1771,2025-11-09T07:03:58Z,20251109,2025,703,0.44,1393.64,42.8171,True,True,True,https://noaa-nws-rtofs-pds.s3.amazonaws.com/rtofs.20251109/rtofs_glo_3dz_f006_6hrly_hvr_US_east.nc
ARGO_GDAC,pfl,aoml/4903553/profiles/D4903553_177.nc|2025-11-09T07:03:58Z|23.89502|-82.17710,aoml/4903553/profiles/D4903553_177.nc,4903553,4903553,23.89502,-82.1771,2025-11-09T07:03:58Z,20251109,2025,857,0.44,99.92,42.28,True,True,True,https://noaa-nws-rtofs-pds.s3.amazonaws.com/rtofs.20251109/rtofs_glo_3dz_f006_6hrly_hvr_US_east.nc
ARGO_GDAC,pfl,aoml/4903553/profiles/R4903553_178.nc|2025-11-14T07:28:12Z|23.86792|-82.20601,aoml/4903553/profiles/R4903553_178.nc,4903553,4903553,23.86792,-82.20601,2025-11-14T07:28:12Z,20251114,2025,756,1.0,1501.56,64.5218,True,True,True,https://noaa-nws-rtofs-pds.s3.amazonaws.com/rtofs.20251114/rtofs_glo_3dz_f006_6hrly_hvr_US_east.nc
ARGO_GDAC,pfl,aoml/4903553/profiles/R4903553_178.nc|2025-11-14T07:28:12Z|23.86792|-82.20601,aoml/4903553/profiles/R4903553_178.nc,4903553,4903553,23.86792,-82.20601,2025-11-14T07:28:12Z,20251114,2025,816,0.6,99.96,65.3227,True,True,True,https://noaa-nws-rtofs-pds.s3.amazonaws.com/rtofs.20251114/rtofs_glo_3dz_f006_6hrly_hvr_US_east.nc
ARGO_GDAC,pfl,aoml/4903553/profiles/R4903553_179.nc|2025-11-19T07:54:28Z|23.90608|-82.08764,aoml/4903553/profiles/R4903553_179.nc,4903553,4903553,23.90608,-82.08764,2025-11-19T07:54:28Z,20251119,2025,759,1.08,1507.6,71.2568,True,True,True,https://noaa-nws-rtofs-pds.s3.amazonaws.com/rtofs.20251119/rtofs_glo_3dz_f006_6hrly_hvr_US_east.nc
ARGO_GDAC,pfl,aoml/4903553/profiles/R4903553_179.nc|2025-11-19T07:54:28Z|23.90608|-82.08764,aoml/4903553/profiles/R4903553_179.nc,4903553,4903553,23.90608,-82.08764,2025-11-19T07:54:28Z,20251119,2025,799,0.72,99.88,71.3891,True,True,True,https://noaa-nws-rtofs-pds.s3.amazonaws.com/rtofs.20251119/rtofs_glo_3dz_f006_6hrly_hvr_US_east.nc
ARGO_GDAC,pfl,aoml/4903553/profiles/R4903553_180.nc|2025-11-24T08:28:33Z|23.87853|-82.13579,aoml/4903553/profiles/R4903553_180.nc,4903553,4903553,23.87853,-82.13579,2025-11-24T08:28:33Z,20251124,2025,765,0.44,1517.16,40.4624,True,True,True,https://noaa-nws-rtofs-pds.s3.amazonaws.com/rtofs.20251124/rtofs_glo_3dz_f006_6hrly_hvr_US_east.nc
ARGO_GDAC,pfl,aoml/4903553/profiles/R4903553_180.nc|2025-11-24T08:28:33Z|23.87853|-82.13579,aoml/4903553/profiles/R4903553_180.nc,4903553,4903553,23.87853,-82.13579,2025-11-24T08:28:33Z,20251124,2025,832,0.44,99.92,41.68,True,True,True,https://noaa-nws-rtofs-pds.s3.amazonaws.com/rtofs.20251124/rtofs_glo_3dz_f006_6hrly_hvr_US_east.nc
ARGO_GDAC,pfl,aoml/4903553/profiles/R4903553_181.nc|2025-11-29T08:51:53Z|23.80922|-82.12003,aoml/4903553/profiles/R4903553_181.nc,4903553,4903553,23.80922,-82.12003,2025-11-29T08:51:53Z,20251129,2025,762,1.0,1513.92,45.2418,True,True,True,https://noaa-nws-rtofs-pds.s3.amazonaws.com/rtofs.20251129/rtofs_glo_3dz_f006_6hrly_hvr_US_east.nc
ARGO_GDAC,pfl,aoml/4903553/profiles/R4903553_181.nc|2025-11-29T08:51:53Z|23.80922|-82.12003,aoml/4903553/profiles/R4903553_181.nc,4903553,4903553,23.80922,-82.12003,2025-11-29T08:51:53Z,20251129,2025,776,0.52,99.92,45.0637,True,True,True,https://noaa-nws-rtofs-pds.s3.amazonaws.com/rtofs.20251129/rtofs_glo_3dz_f006_6hrly_hvr_US_east.nc
ARGO_GDAC,pfl,aoml/4903553/profiles/R4903553_182.nc|2025-12-04T09:22:04Z|23.82327|-82.07262,aoml/4903553/profiles/R4903553_182.nc,4903553,4903553,23.82327,-82.07262,2025-12-04T09:22:04Z,20251204,2025,764,0.96,1517.6,50.6713,True,True,True,https://noaa-nws-rtofs-pds.s3.amazonaws.com/rtofs.20251204/rtofs_glo_3dz_f006_6hrly_hvr_US_east.nc
ARGO_GDAC,pfl,aoml/4903553/profiles/R4903553_182.nc|2025-12-04T09:22:04Z|23.82327|-82.07262,aoml/4903553/profiles/R4903553_182.nc,4903553,4903553,23.82327,-82.07262,2025-12-04T09:22:04Z,20251204,2025,829,0.52,99.96,50.9008,True,True,True,https://noaa-nws-rtofs-pds.s3.amazonaws.com/rtofs.20251204/rtofs_glo_3dz_f006_6hrly_hvr_US_east.nc
ARGO_GDAC,pfl,aoml/4903553/profiles/R4903553_183.nc|2025-12-09T09:49:39Z|23.88895|-82.03857,aoml/4903553/profiles/R4903553_183.nc,4903553,4903553,23.88895,-82.03857,2025-12-09T09:49:39Z,20251209,2025,752,0.48,1491.16,46.0899,True,True,True,https://noaa-nws-rtofs-pds.s3.amazonaws.com/rtofs.20251209/rtofs_glo_3dz_f006_6hrly_hvr_US_east.nc
ARGO_GDAC,pfl,aoml/4903553/profiles/R4903553_183.nc|2025-12-09T09:49:39Z|23.88895|-82.03857,aoml/4903553/profiles/R4903553_183.nc,4903553,4903553,23.88895,-82.03857,2025-12-09T09:49:39Z,20251209,2025,757,0.48,99.88,46.6533,True,True,True,https://noaa-nws-rtofs-pds.s3.amazonaws.com/rtofs.20251209/rtofs_glo_3dz_f006_6hrly_hvr_US_east.nc
ARGO_GDAC,pfl,aoml/4903553/profiles/R4903553_184.nc|2025-12-14T10:14:52Z|23.85720|-82.12404,aoml/4903553/profiles/R4903553_184.nc,4903553,4903553,23.8572,-82.12404,2025-12-14T10:14:52Z,20251214,2025,759,1.04,1507.36,19.2314,True,True,True,https://noaa-nws-rtofs-pds.s3.amazonaws.com/rtofs.20251214/rtofs_glo_3dz_f006_6hrly_hvr_US_east.nc
ARGO_GDAC,pfl,aoml/4903553/profiles/R4903553_184.nc|2025-12-14T10:14:52Z|23.85720|-82.12404,aoml/4903553/profiles/R4903553_184.nc,4903553,4903553,23.8572,-82.12404,2025-12-14T10:14:52Z,20251214,2025,772,0.6,99.92,19.17,True,True,True,https://noaa-nws-rtofs-pds.s3.amazonaws.com/rtofs.20251214/rtofs_glo_3dz_f006_6hrly_hvr_US_east.nc
ARGO_GDAC,pfl,aoml/4903553/profiles/R4903553_185.nc|2025-12-19T10:39:17Z|23.75756|-82.25646,aoml/4903553/profiles/R4903553_185.nc,4903553,4903553,23.75756,-82.25646,2025-12-19T10:39:17Z,20251219,2025,757,0.48,1501.28,55.9529,True,True,True,https://noaa-nws-rtofs-pds.s3.amazonaws.com/rtofs.20251219/rtofs_glo_3dz_f006_6hrly_hvr_US_east.nc
ARGO_GDAC,pfl,aoml/4903553/profiles/R4903553_185.nc|2025-12-19T10:39:17Z|23.75756|-82.25646,aoml/4903553/profiles/R4903553_185.nc,4903553,4903553,23.75756,-82.25646,2025-12-19T10:39:17Z,20251219,2025,809,0.48,99.88,55.965,True,True,True,https://noaa-nws-rtofs-pds.s3.amazonaws.com/rtofs.20251219/rtofs_glo_3dz_f006_6hrly_hvr_US_east.nc
ARGO_GDAC,pfl,aoml/4903553/profiles/R4903553_186.nc|2025-12-24T11:10:23Z|23.74458|-82.24762,aoml/4903553/profiles/R4903553_186.nc,4903553,4903553,23.74458,-82.24762,2025-12-24T11:10:23Z,20251224,2025,781,0.96,1551.72,72.2239,True,True,True,https://noaa-nws-rtofs-pds.s3.amazonaws.com/rtofs.20251224/rtofs_glo_3dz_f006_6hrly_hvr_US_east.nc
ARGO_GDAC,pfl,aoml/4903553/profiles/R4903553_186.nc|2025-12-24T11:10:23Z|23.74458|-82.24762,aoml/4903553/profiles/R4903553_186.nc,4903553,4903553,23.74458,-82.24762,2025-12-24T11:10:23Z,20251224,2025,799,0.72,99.84,72.5918,True,True,True,https://noaa-nws-rtofs-pds.s3.amazonaws.com/rtofs.20251224/rtofs_glo_3dz_f006_6hrly_hvr_US_east.nc
ARGO_GDAC,pfl,aoml/4903553/profiles/R4903553_187.nc|2025-12-29T11:41:56Z|23.74652|-82.29006,aoml/4903553/profiles/R4903553_187.nc,4903553,4903553,23.74652,-82.29006,2025-12-29T11:41:56Z,20251229,2025,768,1.08,1525.92,93.5191,True,True,True,https://noaa-nws-rtofs-pds.s3.amazonaws.com/rtofs.20251229/rtofs_glo_3dz_f006_6hrly_hvr_US_east.nc
ARGO_GDAC,pfl,aoml/4903553/profiles/R4903553_187.nc|2025-12-29T11:41:56Z|23.74652|-82.29006,aoml/4903553/profiles/R4903553_187.nc,4903553,4903553,23.74652,-82.29006,2025-12-29T11:41:56Z,20251229,2025,823,0.68,99.96,93.5032,True,True,True,https://noaa-nws-rtofs-pds.s3.amazonaws.com/rtofs.20251229/rtofs_glo_3dz_f006_6hrly_hvr_US_east.nc
ARGO_GDAC,pfl,aoml/4903554/profiles/D4903554_048.nc|2024-01-05T10:31:15Z|25.56882|-84.60038,aoml/4903554/profiles/D4903554_048.nc,4903554,4903554,25.56882,-84.60038,2024-01-05T10:31:15Z,20240105,2024,424,0.96,838.16,63.7026,True,True,False,
ARGO_GDAC,pfl,aoml/4903554/profiles/D4903554_048.nc|2024-01-05T10:31:15Z|25.56882|-84.60038,aoml/4903554/profiles/D4903554_048.nc,4903554,4903554,25.56882,-84.60038,2024-01-05T10:31:15Z,20240105,2024,824,0.56,99.84,63.88,True,True,False,
ARGO_GDAC,pfl,aoml/4903554/profiles/D4903554_049.nc|2024-01-10T09:30:07Z|25.58015|-84.61019,aoml/4903554/profiles/D4903554_049.nc,4903554,4903554,25.58015,-84.61019,2024-01-10T09:30:07Z,20240110,2024,436,1.04,861.24,38.1851,True,True,False,
ARGO_GDAC,pfl,aoml/4903554/profiles/D4903554_049.nc|2024-01-10T09:30:07Z|25.58015|-84.61019,aoml/4903554/profiles/D4903554_049.nc,4903554,4903554,25.58015,-84.61019,2024-01-10T09:30:07Z,20240110,2024,784,0.72,99.88,38.3028,True,True,False,
ARGO_GDAC,pfl,aoml/4903554/profiles/D4903554_050.nc|2024-01-15T08:39:00Z|25.58788|-84.61826,aoml/4903554/profiles/D4903554_050.nc,4903554,4903554,25.58788,-84.61826,2024-01-15T08:39:00Z,20240115,2024,454,0.92,897.48,48.8791,True,True,False,
ARGO_GDAC,pfl,aoml/4903554/profiles/D4903554_050.nc|2024-01-15T08:39:00Z|25.58788|-84.61826,aoml/4903554/profiles/D4903554_050.nc,4903554,4903554,25.58788,-84.61826,2024-01-15T08:39:00Z,20240115,2024,793,0.52,99.8,48.8107,True,True,False,
ARGO_GDAC,pfl,aoml/4903554/profiles/D4903554_051.nc|2024-01-20T07:49:19Z|25.60427|-84.62728,aoml/4903554/profiles/D4903554_051.nc,4903554,4903554,25.60427,-84.62728,2024-01-20T07:49:19Z,20240120,2024,469,0.88,927.8,15.4313,True,True,False,
ARGO_GDAC,pfl,aoml/4903554/profiles/D4903554_051.nc|2024-01-20T07:49:19Z|25.60427|-84.62728,aoml/4903554/profiles/D4903554_051.nc,4903554,4903554,25.60427,-84.62728,2024-01-20T07:49:19Z,20240120,2024,863,0.52,100.0,15.4014,True,True,False,
ARGO_GDAC,pfl,aoml/4903554/profiles/D4903554_052.nc|2024-01-25T07:01:43Z|25.62220|-84.64279,aoml/4903554/profiles/D4903554_052.nc,4903554,4903554,25.6222,-84.64279,2024-01-25T07:01:43Z,20240125,2024,479,0.36,945.48,41.0312,True,True,False,
ARGO_GDAC,pfl,aoml/4903554/profiles/D4903554_052.nc|2024-01-25T07:01:43Z|25.62220|-84.64279,aoml/4903554/profiles/D4903554_052.nc,4903554,4903554,25.6222,-84.64279,2024-01-25T07:01:43Z,20240125,2024,806,0.36,99.96,40.616,True,True,False,
ARGO_GDAC,pfl,aoml/4903554/profiles/D4903554_053.nc|2024-01-27T19:15:02Z|25.73454|-84.91992,aoml/4903554/profiles/D4903554_053.nc,4903554,4903554,25.73454,-84.91992,2024-01-27T19:15:02Z,20240127,2024,617,1.04,1223.24,19.9577,True,True,True,https://noaa-nws-rtofs-pds.s3.amazonaws.com/rtofs.20240127/rtofs_glo_3dz_f006_6hrly_hvr_US_east.nc
ARGO_GDAC,pfl,aoml/4903554/profiles/D4903554_053.nc|2024-01-27T19:15:02Z|25.73454|-84.91992,aoml/4903554/profiles/D4903554_053.nc,4903554,4903554,25.73454,-84.91992,2024-01-27T19:15:02Z,20240127,2024,893,0.72,99.92,20.1,True,True,True,https://noaa-nws-rtofs-pds.s3.amazonaws.com/rtofs.20240127/rtofs_glo_3dz_f006_6hrly_hvr_US_east.nc
ARGO_GDAC,pfl,aoml/4903554/profiles/D4903554_054.nc|2024-01-30T07:15:16Z|25.76737|-85.08516,aoml/4903554/profiles/D4903554_054.nc,4903554,4903554,25.76737,-85.08516,2024-01-30T07:15:16Z,20240130,2024,615,0.96,1219.32,43.58,True,True,True,https://noaa-nws-rtofs-pds.s3.amazonaws.com/rtofs.20240130/rtofs_glo_3dz_f006_6hrly_hvr_US_east.nc
ARGO_GDAC,pfl,aoml/4903554/profiles/D4903554_054.nc|2024-01-30T07:15:16Z|25.76737|-85.08516,aoml/4903554/profiles/D4903554_054.nc,4903554,4903554,25.76737,-85.08516,2024-01-30T07:15:16Z,20240130,2024,772,0.56,100.0,43.56,True,True,True,https://noaa-nws-rtofs-pds.s3.amazonaws.com/rtofs.20240130/rtofs_glo_3dz_f006_6hrly_hvr_US_east.nc
ARGO_GDAC,pfl,aoml/4903554/profiles/D4903554_055.nc|2024-02-01T19:07:58Z|25.67461|-85.22120,aoml/4903554/profiles/D4903554_055.nc,4903554,4903554,25.67461,-85.2212,2024-02-01T19:07:58Z,20240201,2024,618,1.04,1225.56,54.6601,True,True,True,https://noaa-nws-rtofs-pds.s3.amazonaws.com/rtofs.20240201/rtofs_glo_3dz_f006_6hrly_hvr_US_east.nc
ARGO_GDAC,pfl,aoml/4903554/profiles/D4903554_055.nc|2024-02-01T19:07:58Z|25.67461|-85.22120,aoml/4903554/profiles/D4903554_055.nc,4903554,4903554,25.67461,-85.2212,2024-02-01T19:07:58Z,20240201,2024,807,0.68,99.92,54.856,True,True,True,https://noaa-nws-rtofs-pds.s3.amazonaws.com/rtofs.20240201/rtofs_glo_3dz_f006_6hrly_hvr_US_east.nc
ARGO_GDAC,pfl,aoml/4903554/profiles/D4903554_056.nc|2024-02-06T20:08:26Z|25.59880|-85.21111,aoml/4903554/profiles/D4903554_056.nc,4903554,4903554,25.5988,-85.21111,2024-02-06T20:08:26Z,20240206,2024,915,0.4,1817.64,54.7021,True,True,True,https://noaa-nws-rtofs-pds.s3.amazonaws.com/rtofs.20240206/rtofs_glo_3dz_f006_6hrly_hvr_US_east.nc
ARGO_GDAC,pfl,aoml/4903554/profiles/D4903554_056.nc|2024-02-06T20:08:26Z|25.59880|-85.21111,aoml/4903554/profiles/D4903554_056.nc,4903554,4903554,25.5988,-85.21111,2024-02-06T20:08:26Z,20240206,2024,856,0.4,100.0,55.6013,True,True,True,https://noaa-nws-rtofs-pds.s3.amazonaws.com/rtofs.20240206/rtofs_glo_3dz_f006_6hrly_hvr_US_east.nc
ARGO_GDAC,pfl,aoml/4903554/profiles/D4903554_057.nc|2024-02-11T21:04:19Z|25.89191|-84.85284,aoml/4903554/profiles/D4903554_057.nc,4903554,4903554,25.89191,-84.85284,2024-02-11T21:04:19Z,20240211,2024,888,1.04,1765.6,36.765,True,True,True,https://noaa-nws-rtofs-pds.s3.amazonaws.com/rtofs.20240211/rtofs_glo_3dz_f006_6hrly_hvr_US_east.nc
ARGO_GDAC,pfl,aoml/4903554/profiles/D4903554_057.nc|2024-02-11T21:04:19Z|25.89191|-84.85284,aoml/4903554/profiles/D4903554_057.nc,4903554,4903554,25.89191,-84.85284,2024-02-11T21:04:19Z,20240211,2024,824,0.64,100.0,36.36,True,True,True,https://noaa-nws-rtofs-pds.s3.amazonaws.com/rtofs.20240211/rtofs_glo_3dz_f006_6hrly_hvr_US_east.nc
ARGO_GDAC,pfl,aoml/4903554/profiles/D4903554_058.nc|2024-02-16T21:14:42Z|25.34393|-84.57731,aoml/4903554/profiles/D4903554_058.nc,4903554,4903554,25.34393,-84.57731,2024-02-16T21:14:42Z,20240216,2024,738,0.44,1463.68,17.1137,True,True,True,https://noaa-nws-rtofs-pds.s3.amazonaws.com/rtofs.20240216/rtofs_glo_3dz_f006_6hrly_hvr_US_east.nc
ARGO_GDAC,pfl,aoml/4903554/profiles/D4903554_058.nc|2024-02-16T21:14:42Z|25.34393|-84.57731,aoml/4903554/profiles/D4903554_058.nc,4903554,4903554,25.34393,-84.57731,2024-02-16T21:14:42Z,20240216,2024,812,0.44,100.0,17.136,True,True,True,https://noaa-nws-rtofs-pds.s3.amazonaws.com/rtofs.20240216/rtofs_glo_3dz_f006_6hrly_hvr_US_east.nc
ARGO_GDAC,pfl,aoml/4903554/profiles/D4903554_059.nc|2024-02-21T21:00:53Z|25.64601|-84.75714,aoml/4903554/profiles/D4903554_059.nc,4903554,4903554,25.64601,-84.75714,2024-02-21T21:00:53Z,20240221,2024,614,1.04,1217.2,33.5549,True,True,True,https://noaa-nws-rtofs-pds.s3.amazonaws.com/rtofs.20240221/rtofs_glo_3dz_f006_6hrly_hvr_US_east.nc
ARGO_GDAC,pfl,aoml/4903554/profiles/D4903554_059.nc|2024-02-21T21:00:53Z|25.64601|-84.75714,aoml/4903554/profiles/D4903554_059.nc,4903554,4903554,25.64601,-84.75714,2024-02-21T21:00:53Z,20240221,2024,782,0.56,100.0,33.0457,True,True,True,https://noaa-nws-rtofs-pds.s3.amazonaws.com/rtofs.20240221/rtofs_glo_3dz_f006_6hrly_hvr_US_east.nc
ARGO_GDAC,pfl,aoml/4903554/profiles/D4903554_060.nc|2024-02-26T21:51:53Z|25.50271|-84.96515,aoml/4903554/profiles/D4903554_060.nc,4903554,4903554,25.50271,-84.96515,2024-02-26T21:51:53Z,20240226,2024,905,0.44,1797.4,16.927,True,True,True,https://noaa-nws-rtofs-pds.s3.amazonaws.com/rtofs.20240226/rtofs_glo_3dz_f006_6hrly_hvr_US_east.nc
ARGO_GDAC,pfl,aoml/4903554/profiles/D4903554_060.nc|2024-02-26T21:51:53Z|25.50271|-84.96515,aoml/4903554/profiles/D4903554_060.nc,4903554,4903554,25.50271,-84.96515,2024-02-26T21:51:53Z,20240226,2024,837,0.44,99.96,16.84,True,True,True,https://noaa-nws-rtofs-pds.s3.amazonaws.com/rtofs.20240226/rtofs_glo_3dz_f006_6hrly_hvr_US_east.nc
ARGO_GDAC,pfl,aoml/4903554/profiles/D4903554_061.nc|2024-03-02T22:46:33Z|25.45650|-84.90741,aoml/4903554/profiles/D4903554_061.nc,4903554,4903554,25.4565,-84.90741,2024-03-02T22:46:33Z,20240302,2024,907,1.08,1803.52,16.8086,True,True,True,https://noaa-nws-rtofs-pds.s3.amazonaws.com/rtofs.20240302/rtofs_glo_3dz_f006_6hrly_hvr_US_east.nc
ARGO_GDAC,pfl,aoml/4903554/profiles/D4903554_061.nc|2024-03-02T22:46:33Z|25.45650|-84.90741,aoml/4903554/profiles/D4903554_061.nc,4903554,4903554,25.4565,-84.90741,2024-03-02T22:46:33Z,20240302,2024,865,0.64,99.84,17.0089,True,True,True,https://noaa-nws-rtofs-pds.s3.amazonaws.com/rtofs.20240302/rtofs_glo_3dz_f006_6hrly_hvr_US_east.nc
ARGO_GDAC,pfl,aoml/4903554/profiles/D4903554_062.nc|2024-03-07T23:44:50Z|25.25564|-84.96284,aoml/4903554/profiles/D4903554_062.nc,4903554,4903554,25.25564,-84.96284,2024-03-07T23:44:50Z,20240307,2024,906,1.0,1801.56,78.6037,True,True,True,https://noaa-nws-rtofs-pds.s3.amazonaws.com/rtofs.20240307/rtofs_glo_3dz_f006_6hrly_hvr_US_east.nc
ARGO_GDAC,pfl,aoml/4903554/profiles/D4903554_062.nc|2024-03-07T23:44:50Z|25.25564|-84.96284,aoml/4903554/profiles/D4903554_062.nc,4903554,4903554,25.25564,-84.96284,2024-03-07T23:44:50Z,20240307,2024,743,0.52,99.84,77.835,True,True,True,https://noaa-nws-rtofs-pds.s3.amazonaws.com/rtofs.20240307/rtofs_glo_3dz_f006_6hrly_hvr_US_east.nc
ARGO_GDAC,pfl,aoml/4903554/profiles/D4903554_063.nc|2024-03-13T00:45:22Z|24.86229|-84.96816,aoml/4903554/profiles/D4903554_063.nc,4903554,4903554,24.86229,-84.96816,2024-03-13T00:45:22Z,20240313,2024,911,1.04,1811.36,32.5714,True,True,True,https://noaa-nws-rtofs-pds.s3.amazonaws.com/rtofs.20240313/rtofs_glo_3dz_f006_6hrly_hvr_US_east.nc
ARGO_GDAC,pfl,aoml/4903554/profiles/D4903554_063.nc|2024-03-13T00:45:22Z|24.86229|-84.96816,aoml/4903554/profiles/D4903554_063.nc,4903554,4903554,24.86229,-84.96816,2024-03-13T00:45:22Z,20240313,2024,727,0.6,99.76,32.632,True,True,True,https://noaa-nws-rtofs-pds.s3.amazonaws.com/rtofs.20240313/rtofs_glo_3dz_f006_6hrly_hvr_US_east.nc
ARGO_GDAC,pfl,aoml/4903554/profiles/D4903554_064.nc|2024-03-18T01:45:29Z|24.79080|-84.90973,aoml/4903554/profiles/D4903554_064.nc,4903554,4903554,24.7908,-84.90973,2024-03-18T01:45:29Z,20240318,2024,902,1.0,1793.52,27.2048,True,True,True,https://noaa-nws-rtofs-pds.s3.amazonaws.com/rtofs.20240318/rtofs_glo_3dz_f006_6hrly_hvr_US_east.nc
ARGO_GDAC,pfl,aoml/4903554/profiles/D4903554_064.nc|2024-03-18T01:45:29Z|24.79080|-84.90973,aoml/4903554/profiles/D4903554_064.nc,4903554,4903554,24.7908,-84.90973,2024-03-18T01:45:29Z,20240318,2024,718,0.6,99.96,26.647,True,True,True,https://noaa-nws-rtofs-pds.s3.amazonaws.com/rtofs.20240318/rtofs_glo_3dz_f006_6hrly_hvr_US_east.nc
ARGO_GDAC,pfl,aoml/4903554/profiles/D4903554_065.nc|2024-03-23T02:56:24Z|24.76708|-84.88357,aoml/4903554/profiles/D4903554_065.nc,4903554,4903554,24.76708,-84.88357,2024-03-23T02:56:24Z,20240323,2024,972,0.96,1933.6,42.2841,True,True,True,https://noaa-nws-rtofs-pds.s3.amazonaws.com/rtofs.20240323/rtofs_glo_3dz_f006_6hrly_hvr_US_east.nc
ARGO_GDAC,pfl,aoml/4903554/profiles/D4903554_065.nc|2024-03-23T02:56:24Z|24.76708|-84.88357,aoml/4903554/profiles/D4903554_065.nc,4903554,4903554,24.76708,-84.88357,2024-03-23T02:56:24Z,20240323,2024,804,0.52,99.96,42.3835,True,True,True,https://noaa-nws-rtofs-pds.s3.amazonaws.com/rtofs.20240323/rtofs_glo_3dz_f006_6hrly_hvr_US_east.nc
ARGO_GDAC,pfl,aoml/4903554/profiles/D4903554_066.nc|2024-03-28T04:11:42Z|24.56562|-85.11972,aoml/4903554/profiles/D4903554_066.nc,4903554,4903554,24.56562,-85.11972,2024-03-28T04:11:42Z,20240328,2024,976,1.08,1941.56,73.3409,True,True,True,https://noaa-nws-rtofs-pds.s3.amazonaws.com/rtofs.20240328/rtofs_glo_3dz_f006_6hrly_hvr_US_east.nc
ARGO_GDAC,pfl,aoml/4903554/profiles/D4903554_066.nc|2024-03-28T04:11:42Z|24.56562|-85.11972,aoml/4903554/profiles/D4903554_066.nc,4903554,4903554,24.56562,-85.11972,2024-03-28T04:11:42Z,20240328,2024,745,0.64,99.88,73.24,True,True,True,https://noaa-nws-rtofs-pds.s3.amazonaws.com/rtofs.20240328/rtofs_glo_3dz_f006_6hrly_hvr_US_east.nc
ARGO_GDAC,pfl,aoml/4903554/profiles/D4903554_067.nc|2024-04-02T05:35:33Z|24.31972|-85.23767,aoml/4903554/profiles/D4903554_067.nc,4903554,4903554,24.31972,-85.23767,2024-04-02T05:35:33Z,20240402,2024,981,1.0,1951.64,88.5749,True,True,True,https://noaa-nws-rtofs-pds.s3.amazonaws.com/rtofs.20240402/rtofs_glo_3dz_f006_6hrly_hvr_US_east.nc
ARGO_GDAC,pfl,aoml/4903554/profiles/D4903554_067.nc|2024-04-02T05:35:33Z|24.31972|-85.23767,aoml/4903554/profiles/D4903554_067.nc,4903554,4903554,24.31972,-85.23767,2024-04-02T05:35:33Z,20240402,2024,727,0.6,99.84,88.7,True,True,True,https://noaa-nws-rtofs-pds.s3.amazonaws.com/rtofs.20240402/rtofs_glo_3dz_f006_6hrly_hvr_US_east.nc
ARGO_GDAC,pfl,aoml/4903554/profiles/D4903554_068.nc|2024-04-07T06:51:44Z|24.29975|-85.45972,aoml/4903554/profiles/D4903554_068.nc,4903554,4903554,24.29975,-85.45972,2024-04-07T06:51:44Z,20240407,2024,979,1.0,1947.48,35.947,True,True,True,https://noaa-nws-rtofs-pds.s3.amazonaws.com/rtofs.20240407/rtofs_glo_3dz_f006_6hrly_hvr_US_east.nc
ARGO_GDAC,pfl,aoml/4903554/profiles/D4903554_068.nc|2024-04-07T06:51:44Z|24.29975|-85.45972,aoml/4903554/profiles/D4903554_068.nc,4903554,4903554,24.29975,-85.45972,2024-04-07T06:51:44Z,20240407,2024,765,0.64,100.0,35.2799,True,True,True,https://noaa-nws-rtofs-pds.s3.amazonaws.com/rtofs.20240407/rtofs_glo_3dz_f006_6hrly_hvr_US_east.nc
ARGO_GDAC,pfl,aoml/4903554/profiles/D4903554_069.nc|2024-04-12T08:08:25Z|24.36399|-85.82744,aoml/4903554/profiles/D4903554_069.nc,4903554,4903554,24.36399,-85.82744,2024-04-12T08:08:25Z,20240412,2024,979,0.96,1947.28,94.5,True,True,True,https://noaa-nws-rtofs-pds.s3.amazonaws.com/rtofs.20240412/rtofs_glo_3dz_f006_6hrly_hvr_US_east.nc
ARGO_GDAC,pfl,aoml/4903554/profiles/D4903554_069.nc|2024-04-12T08:08:25Z|24.36399|-85.82744,aoml/4903554/profiles/D4903554_069.nc,4903554,4903554,24.36399,-85.82744,2024-04-12T08:08:25Z,20240412,2024,723,0.56,99.92,94.144,True,True,True,https://noaa-nws-rtofs-pds.s3.amazonaws.com/rtofs.20240412/rtofs_glo_3dz_f006_6hrly_hvr_US_east.nc
ARGO_GDAC,pfl,aoml/4903554/profiles/D4903554_070.nc|2024-04-17T09:19:15Z|24.60099|-86.29029,aoml/4903554/profiles/D4903554_070.nc,4903554,4903554,24.60099,-86.29029,2024-04-17T09:19:15Z,20240417,2024,978,1.04,1945.68,138.5117,True,False,True,https://noaa-nws-rtofs-pds.s3.amazonaws.com/rtofs.20240417/rtofs_glo_3dz_f006_6hrly_hvr_US_east.nc
ARGO_GDAC,pfl,aoml/4903554/profiles/D4903554_070.nc|2024-04-17T09:19:15Z|24.60099|-86.29029,aoml/4903554/profiles/D4903554_070.nc,4903554,4903554,24.60099,-86.29029,2024-04-17T09:19:15Z,20240417,2024,669,0.6,100.0,,False,False,True,https://noaa-nws-rtofs-pds.s3.amazonaws.com/rtofs.20240417/rtofs_glo_3dz_f006_6hrly_hvr_US_east.nc
ARGO_GDAC,pfl,aoml/4903554/profiles/D4903554_071.nc|2024-04-22T10:31:41Z|25.15375|-86.66249,aoml/4903554/profiles/D4903554_071.nc,4903554,4903554,25.15375,-86.66249,2024-04-22T10:31:41Z,20240422,2024,980,1.08,1949.4,19.7342,True,True,True,https://noaa-nws-rtofs-pds.s3.amazonaws.com/rtofs.20240422/rtofs_glo_3dz_f006_6hrly_hvr_US_east.nc
ARGO_GDAC,pfl,aoml/4903554/profiles/D4903554_071.nc|2024-04-22T10:31:41Z|25.15375|-86.66249,aoml/4903554/profiles/D4903554_071.nc,4903554,4903554,25.15375,-86.66249,2024-04-22T10:31:41Z,20240422,2024,769,0.64,100.0,22.88,True,True,True,https://noaa-nws-rtofs-pds.s3.amazonaws.com/rtofs.20240422/rtofs_glo_3dz_f006_6hrly_hvr_US_east.nc
ARGO_GDAC,pfl,aoml/4903554/profiles/D4903554_072.nc|2024-04-27T11:53:56Z|25.55398|-86.55211,aoml/4903554/profiles/D4903554_072.nc,4903554,4903554,25.55398,-86.55211,2024-04-27T11:53:56Z,20240427,2024,983,1.04,1955.44,110.8197,True,False,True,https://noaa-nws-rtofs-pds.s3.amazonaws.com/rtofs.20240427/rtofs_glo_3dz_f006_6hrly_hvr_US_east.nc
ARGO_GDAC,pfl,aoml/4903554/profiles/D4903554_072.nc|2024-04-27T11:53:56Z|25.55398|-86.55211,aoml/4903554/profiles/D4903554_072.nc,4903554,4903554,25.55398,-86.55211,2024-04-27T11:53:56Z,20240427,2024,780,0.64,100.0,,False,False,True,https://noaa-nws-rtofs-pds.s3.amazonaws.com/rtofs.20240427/rtofs_glo_3dz_f006_6hrly_hvr_US_east.nc
ARGO_GDAC,pfl,aoml/4903554/profiles/D4903554_073.nc|2024-05-02T13:05:07Z|25.31997|-86.32105,aoml/4903554/profiles/D4903554_073.nc,4903554,4903554,25.31997,-86.32105,2024-05-02T13:05:07Z,20240502,2024,973,0.96,1935.8,50.064,True,True,True,https://noaa-nws-rtofs-pds.s3.amazonaws.com/rtofs.20240502/rtofs_glo_3dz_f006_6hrly_hvr_US_east.nc
ARGO_GDAC,pfl,aoml/4903554/profiles/D4903554_073.nc|2024-05-02T13:05:07Z|25.31997|-86.32105,aoml/4903554/profiles/D4903554_073.nc,4903554,4903554,25.31997,-86.32105,2024-05-02T13:05:07Z,20240502,2024,744,0.52,99.84,50.21,True,True,True,https://noaa-nws-rtofs-pds.s3.amazonaws.com/rtofs.20240502/rtofs_glo_3dz_f006_6hrly_hvr_US_east.nc
ARGO_GDAC,pfl,aoml/4903554/profiles/D4903554_074.nc|2024-05-07T14:19:00Z|24.92457|-86.07528,aoml/4903554/profiles/D4903554_074.nc,4903554,4903554,24.92457,-86.07528,2024-05-07T14:19:00Z,20240507,2024,981,1.08,1951.52,76.0524,True,True,True,https://noaa-nws-rtofs-pds.s3.amazonaws.com/rtofs.20240507/rtofs_glo_3dz_f006_6hrly_hvr_US_east.nc
ARGO_GDAC,pfl,aoml/4903554/profiles/D4903554_074.nc|2024-05-07T14:19:00Z|24.92457|-86.07528,aoml/4903554/profiles/D4903554_074.nc,4903554,4903554,24.92457,-86.07528,2024-05-07T14:19:00Z,20240507,2024,772,0.68,99.96,76.16,True,True,True,https://noaa-nws-rtofs-pds.s3.amazonaws.com/rtofs.20240507/rtofs_glo_3dz_f006_6hrly_hvr_US_east.nc
ARGO_GDAC,pfl,aoml/4903554/profiles/D4903554_075.nc|2024-05-12T15:37:32Z|24.86480|-85.38669,aoml/4903554/profiles/D4903554_075.nc,4903554,4903554,24.8648,-85.38669,2024-05-12T15:37:32Z,20240512,2024,982,1.04,1953.52,26.4912,True,True,True,https://noaa-nws-rtofs-pds.s3.amazonaws.com/rtofs.20240512/rtofs_glo_3dz_f006_6hrly_hvr_US_east.nc
ARGO_GDAC,pfl,aoml/4903554/profiles/D4903554_075.nc|2024-05-12T15:37:32Z|24.86480|-85.38669,aoml/4903554/profiles/D4903554_075.nc,4903554,4903554,24.8648,-85.38669,2024-05-12T15:37:32Z,20240512,2024,769,0.6,99.92,26.416,True,True,True,https://noaa-nws-rtofs-pds.s3.amazonaws.com/rtofs.20240512/rtofs_glo_3dz_f006_6hrly_hvr_US_east.nc
ARGO_GDAC,pfl,aoml/4903554/profiles/D4903554_076.nc|2024-05-17T16:58:49Z|25.16462|-84.86669,aoml/4903554/profiles/D4903554_076.nc,4903554,4903554,25.16462,-84.86669,2024-05-17T16:58:49Z,20240517,2024,980,0.96,1949.72,61.7935,True,True,True,https://noaa-nws-rtofs-pds.s3.amazonaws.com/rtofs.20240517/rtofs_glo_3dz_f006_6hrly_hvr_US_east.nc
ARGO_GDAC,pfl,aoml/4903554/profiles/D4903554_076.nc|2024-05-17T16:58:49Z|25.16462|-84.86669,aoml/4903554/profiles/D4903554_076.nc,4903554,4903554,25.16462,-84.86669,2024-05-17T16:58:49Z,20240517,2024,806,0.52,99.96,61.9482,True,True,True,https://noaa-nws-rtofs-pds.s3.amazonaws.com/rtofs.20240517/rtofs_glo_3dz_f006_6hrly_hvr_US_east.nc
ARGO_GDAC,pfl,aoml/4903554/profiles/D4903554_077.nc|2024-05-22T18:21:19Z|24.85439|-84.73728,aoml/4903554/profiles/D4903554_077.nc,4903554,4903554,24.85439,-84.73728,2024-05-22T18:21:19Z,20240522,2024,983,1.0,1955.48,39.0424,True,True,True,https://noaa-nws-rtofs-pds.s3.amazonaws.com/rtofs.20240522/rtofs_glo_3dz_f006_6hrly_hvr_US_east.nc
ARGO_GDAC,pfl,aoml/4903554/profiles/D4903554_077.nc|2024-05-22T18:21:19Z|24.85439|-84.73728,aoml/4903554/profiles/D4903554_077.nc,4903554,4903554,24.85439,-84.73728,2024-05-22T18:21:19Z,20240522,2024,822,0.6,99.92,39.6686,True,True,True,https://noaa-nws-rtofs-pds.s3.amazonaws.com/rtofs.20240522/rtofs_glo_3dz_f006_6hrly_hvr_US_east.nc
ARGO_GDAC,pfl,aoml/4903554/profiles/D4903554_078.nc|2024-05-27T19:34:33Z|24.46911|-84.75668,aoml/4903554/profiles/D4903554_078.nc,4903554,4903554,24.46911,-84.75668,2024-05-27T19:34:33Z,20240527,2024,980,1.2,1949.08,44.1109,True,True,True,https://noaa-nws-rtofs-pds.s3.amazonaws.com/rtofs.20240527/rtofs_glo_3dz_f006_6hrly_hvr_US_east.nc
ARGO_GDAC,pfl,aoml/4903554/profiles/D4903554_078.nc|2024-05-27T19:34:33Z|24.46911|-84.75668,aoml/4903554/profiles/D4903554_078.nc,4903554,4903554,24.46911,-84.75668,2024-05-27T19:34:33Z,20240527,2024,871,0.92,99.88,44.08,True,True,True,https://noaa-nws-rtofs-pds.s3.amazonaws.com/rtofs.20240527/rtofs_glo_3dz_f006_6hrly_hvr_US_east.nc
ARGO_GDAC,pfl,aoml/4903554/profiles/D4903554_079.nc|2024-06-01T20:55:51Z|24.08451|-84.77754,aoml/4903554/profiles/D4903554_079.nc,4903554,4903554,24.08451,-84.77754,2024-06-01T20:55:51Z,20240601,2024,979,1.08,1947.96,32.1587,True,True,True,https://noaa-nws-rtofs-pds.s3.amazonaws.com/rtofs.20240601/rtofs_glo_3dz_f006_6hrly_hvr_US_east.nc
ARGO_GDAC,pfl,aoml/4903554/profiles/D4903554_079.nc|2024-06-01T20:55:51Z|24.08451|-84.77754,aoml/4903554/profiles/D4903554_079.nc,4903554,4903554,24.08451,-84.77754,2024-06-01T20:55:51Z,20240601,2024,840,0.64,99.8,32.297,True,True,True,https://noaa-nws-rtofs-pds.s3.amazonaws.com/rtofs.20240601/rtofs_glo_3dz_f006_6hrly_hvr_US_east.nc
ARGO_GDAC,pfl,aoml/4903554/profiles/D4903554_080.nc|2024-06-06T21:58:54Z|23.77210|-84.81152,aoml/4903554/profiles/D4903554_080.nc,4903554,4903554,23.7721,-84.81152,2024-06-06T21:58:54Z,20240606,2024,975,0.4,1937.56,33.5697,True,True,True,https://noaa-nws-rtofs-pds.s3.amazonaws.com/rtofs.20240606/rtofs_glo_3dz_f006_6hrly_hvr_US_east.nc
ARGO_GDAC,pfl,aoml/4903554/profiles/D4903554_080.nc|2024-06-06T21:58:54Z|23.77210|-84.81152,aoml/4903554/profiles/D4903554_080.nc,4903554,4903554,23.7721,-84.81152,2024-06-06T21:58:54Z,20240606,2024,783,0.36,99.88,33.6178,True,True,True,https://noaa-nws-rtofs-pds.s3.amazonaws.com/rtofs.20240606/rtofs_glo_3dz_f006_6hrly_hvr_US_east.nc
ARGO_GDAC,pfl,aoml/4903554/profiles/D4903554_081.nc|2024-06-11T23:20:28Z|23.67447|-84.65858,aoml/4903554/profiles/D4903554_081.nc,4903554,4903554,23.67447,-84.65858,2024-06-11T23:20:28Z,20240611,2024,982,0.36,1952.0,35.5613,True,True,True,https://noaa-nws-rtofs-pds.s3.amazonaws.com/rtofs.20240611/rtofs_glo_3dz_f006_6hrly_hvr_US_east.nc
ARGO_GDAC,pfl,aoml/4903554/profiles/D4903554_081.nc|2024-06-11T23:20:28Z|23.67447|-84.65858,aoml/4903554/profiles/D4903554_081.nc,4903554,4903554,23.67447,-84.65858,2024-06-11T23:20:28Z,20240611,2024,832,0.36,99.96,35.6,True,True,True,https://noaa-nws-rtofs-pds.s3.amazonaws.com/rtofs.20240611/rtofs_glo_3dz_f006_6hrly_hvr_US_east.nc
ARGO_GDAC,pfl,aoml/4903554/profiles/D4903554_082.nc|2024-06-17T00:38:45Z|23.60399|-84.58203,aoml/4903554/profiles/D4903554_082.nc,4903554,4903554,23.60399,-84.58203,2024-06-17T00:38:45Z,20240617,2024,980,0.44,1947.44,44.4961,True,True,True,https://noaa-nws-rtofs-pds.s3.amazonaws.com/rtofs.20240617/rtofs_glo_3dz_f006_6hrly_hvr_US_east.nc
ARGO_GDAC,pfl,aoml/4903554/profiles/D4903554_082.nc|2024-06-17T00:38:45Z|23.60399|-84.58203,aoml/4903554/profiles/D4903554_082.nc,4903554,4903554,23.60399,-84.58203,2024-06-17T00:38:45Z,20240617,2024,806,0.44,99.92,44.709,True,True,True,https://noaa-nws-rtofs-pds.s3.amazonaws.com/rtofs.20240617/rtofs_glo_3dz_f006_6hrly_hvr_US_east.nc
ARGO_GDAC,pfl,aoml/4903554/profiles/D4903554_083.nc|2024-06-22T01:59:53Z|23.51806|-84.43313,aoml/4903554/profiles/D4903554_083.nc,4903554,4903554,23.51806,-84.43313,2024-06-22T01:59:53Z,20240622,2024,973,0.44,1933.6,82.2082,True,True,True,https://noaa-nws-rtofs-pds.s3.amazonaws.com/rtofs.20240622/rtofs_glo_3dz_f006_6hrly_hvr_US_east.nc
ARGO_GDAC,pfl,aoml/4903554/profiles/D4903554_083.nc|2024-06-22T01:59:53Z|23.51806|-84.43313,aoml/4903554/profiles/D4903554_083.nc,4903554,4903554,23.51806,-84.43313,2024-06-22T01:59:53Z,20240622,2024,854,0.44,99.96,82.995,True,True,True,https://noaa-nws-rtofs-pds.s3.amazonaws.com/rtofs.20240622/rtofs_glo_3dz_f006_6hrly_hvr_US_east.nc
ARGO_GDAC,pfl,aoml/4903554/profiles/D4903554_084.nc|2024-06-27T03:21:17Z|23.38470|-84.32716,aoml/4903554/profiles/D4903554_084.nc,4903554,4903554,23.3847,-84.32716,2024-06-27T03:21:17Z,20240627,2024,984,1.08,1957.64,14.627,True,True,True,https://noaa-nws-rtofs-pds.s3.amazonaws.com/rtofs.20240627/rtofs_glo_3dz_f006_6hrly_hvr_US_east.nc
ARGO_GDAC,pfl,aoml/4903554/profiles/D4903554_084.nc|2024-06-27T03:21:17Z|23.38470|-84.32716,aoml/4903554/profiles/D4903554_084.nc,4903554,4903554,23.3847,-84.32716,2024-06-27T03:21:17Z,20240627,2024,833,0.76,99.92,14.7513,True,True,True,https://noaa-nws-rtofs-pds.s3.amazonaws.com/rtofs.20240627/rtofs_glo_3dz_f006_6hrly_hvr_US_east.nc
ARGO_GDAC,pfl,aoml/4903554/profiles/D4903554_085.nc|2024-07-02T04:41:26Z|23.39518|-84.39585,aoml/4903554/profiles/D4903554_085.nc,4903554,4903554,23.39518,-84.39585,2024-07-02T04:41:26Z,20240702,2024,980,0.44,1948.0,29.4135,True,True,True,https://noaa-nws-rtofs-pds.s3.amazonaws.com/rtofs.20240702/rtofs_glo_3dz_f006_6hrly_hvr_US_east.nc
ARGO_GDAC,pfl,aoml/4903554/profiles/D4903554_085.nc|2024-07-02T04:41:26Z|23.39518|-84.39585,aoml/4903554/profiles/D4903554_085.nc,4903554,4903554,23.39518,-84.39585,2024-07-02T04:41:26Z,20240702,2024,820,0.44,99.96,30.1401,True,True,True,https://noaa-nws-rtofs-pds.s3.amazonaws.com/rtofs.20240702/rtofs_glo_3dz_f006_6hrly_hvr_US_east.nc
ARGO_GDAC,pfl,aoml/4903554/profiles/D4903554_086.nc|2024-07-07T05:58:39Z|23.24864|-84.30176,aoml/4903554/profiles/D4903554_086.nc,4903554,4903554,23.24864,-84.30176,2024-07-07T05:58:39Z,20240707,2024,977,0.44,1941.56,29.5845,True,True,True,https://noaa-nws-rtofs-pds.s3.amazonaws.com/rtofs.20240707/rtofs_glo_3dz_f006_6hrly_hvr_US_east.nc
ARGO_GDAC,pfl,aoml/4903554/profiles/D4903554_086.nc|2024-07-07T05:58:39Z|23.24864|-84.30176,aoml/4903554/profiles/D4903554_086.nc,4903554,4903554,23.24864,-84.30176,2024-07-07T05:58:39Z,20240707,2024,825,0.44,99.84,29.7356,True,True,True,https://noaa-nws-rtofs-pds.s3.amazonaws.com/rtofs.20240707/rtofs_glo_3dz_f006_6hrly_hvr_US_east.nc
ARGO_GDAC,pfl,aoml/4903554/profiles/D4903554_087.nc|2024-07-12T07:17:29Z|23.08918|-84.36013,aoml/4903554/profiles/D4903554_087.nc,4903554,4903554,23.08918,-84.36013,2024-07-12T07:17:29Z,20240712,2024,986,0.96,1961.6,30.4493,True,True,True,https://noaa-nws-rtofs-pds.s3.amazonaws.com/rtofs.20240712/rtofs_glo_3dz_f006_6hrly_hvr_US_east.nc
ARGO_GDAC,pfl,aoml/4903554/profiles/D4903554_087.nc|2024-07-12T07:17:29Z|23.08918|-84.36013,aoml/4903554/profiles/D4903554_087.nc,4903554,4903554,23.08918,-84.36013,2024-07-12T07:17:29Z,20240712,2024,781,0.52,99.88,30.84,True,True,True,https://noaa-nws-rtofs-pds.s3.amazonaws.com/rtofs.20240712/rtofs_glo_3dz_f006_6hrly_hvr_US_east.nc
ARGO_GDAC,pfl,aoml/4903554/profiles/D4903554_088.nc|2024-07-17T08:40:08Z|23.22074|-84.15491,aoml/4903554/profiles/D4903554_088.nc,4903554,4903554,23.22074,-84.15491,2024-07-17T08:40:08Z,20240717,2024,986,0.44,1959.64,29.6205,True,True,True,https://noaa-nws-rtofs-pds.s3.amazonaws.com/rtofs.20240717/rtofs_glo_3dz_f006_6hrly_hvr_US_east.nc
ARGO_GDAC,pfl,aoml/4903554/profiles/D4903554_088.nc|2024-07-17T08:40:08Z|23.22074|-84.15491,aoml/4903554/profiles/D4903554_088.nc,4903554,4903554,23.22074,-84.15491,2024-07-17T08:40:08Z,20240717,2024,821,0.44,99.84,30.2914,True,True,True,https://noaa-nws-rtofs-pds.s3.amazonaws.com/rtofs.20240717/rtofs_glo_3dz_f006_6hrly_hvr_US_east.nc
ARGO_GDAC,pfl,aoml/4903554/profiles/D4903554_089.nc|2024-07-22T10:02:06Z|23.37959|-84.18856,aoml/4903554/profiles/D4903554_089.nc,4903554,4903554,23.37959,-84.18856,2024-07-22T10:02:06Z,20240722,2024,986,1.08,1961.52,26.8586,True,True,True,https://noaa-nws-rtofs-pds.s3.amazonaws.com/rtofs.20240722/rtofs_glo_3dz_f006_6hrly_hvr_US_east.nc
ARGO_GDAC,pfl,aoml/4903554/profiles/D4903554_089.nc|2024-07-22T10:02:06Z|23.37959|-84.18856,aoml/4903554/profiles/D4903554_089.nc,4903554,4903554,23.37959,-84.18856,2024-07-22T10:02:06Z,20240722,2024,860,0.68,99.92,26.96,True,True,True,https://noaa-nws-rtofs-pds.s3.amazonaws.com/rtofs.20240722/rtofs_glo_3dz_f006_6hrly_hvr_US_east.nc
ARGO_GDAC,pfl,aoml/4903554/profiles/D4903554_090.nc|2024-07-27T11:21:07Z|23.52076|-84.19294,aoml/4903554/profiles/D4903554_090.nc,4903554,4903554,23.52076,-84.19294,2024-07-27T11:21:07Z,20240727,2024,981,1.0,1951.6,34.9582,True,True,True,https://noaa-nws-rtofs-pds.s3.amazonaws.com/rtofs.20240727/rtofs_glo_3dz_f006_6hrly_hvr_US_east.nc
ARGO_GDAC,pfl,aoml/4903554/profiles/D4903554_090.nc|2024-07-27T11:21:07Z|23.52076|-84.19294,aoml/4903554/profiles/D4903554_090.nc,4903554,4903554,23.52076,-84.19294,2024-07-27T11:21:07Z,20240727,2024,813,0.6,99.92,34.9024,True,True,True,https://noaa-nws-rtofs-pds.s3.amazonaws.com/rtofs.20240727/rtofs_glo_3dz_f006_6hrly_hvr_US_east.nc
ARGO_GDAC,pfl,aoml/4903554/profiles/D4903554_091.nc|2024-08-01T12:41:59Z|23.64369|-84.15931,aoml/4903554/profiles/D4903554_091.nc,4903554,4903554,23.64369,-84.15931,2024-08-01T12:41:59Z,20240801,2024,979,1.0,1947.48,26.2026,True,True,True,https://noaa-nws-rtofs-pds.s3.amazonaws.com/rtofs.20240801/rtofs_glo_3dz_f006_6hrly_hvr_US_east.nc
ARGO_GDAC,pfl,aoml/4903554/profiles/D4903554_091.nc|2024-08-01T12:41:59Z|23.64369|-84.15931,aoml/4903554/profiles/D4903554_091.nc,4903554,4903554,23.64369,-84.15931,2024-08-01T12:41:59Z,20240801,2024,797,0.6,99.84,26.16,True,True,True,https://noaa-nws-rtofs-pds.s3.amazonaws.com/rtofs.20240801/rtofs_glo_3dz_f006_6hrly_hvr_US_east.nc
ARGO_GDAC,pfl,aoml/4903554/profiles/D4903554_092.nc|2024-08-06T13:58:04Z|23.77214|-83.99274,aoml/4903554/profiles/D4903554_092.nc,4903554,4903554,23.77214,-83.99274,2024-08-06T13:58:04Z,20240806,2024,981,0.4,1949.32,24.6215,True,True,True,https://noaa-nws-rtofs-pds.s3.amazonaws.com/rtofs.20240806/rtofs_glo_3dz_f006_6hrly_hvr_US_east.nc
ARGO_GDAC,pfl,aoml/4903554/profiles/D4903554_092.nc|2024-08-06T13:58:04Z|23.77214|-83.99274,aoml/4903554/profiles/D4903554_092.nc,4903554,4903554,23.77214,-83.99274,2024-08-06T13:58:04Z,20240806,2024,803,0.4,99.96,25.1143,True,True,True,https://noaa-nws-rtofs-pds.s3.amazonaws.com/rtofs.20240806/rtofs_glo_3dz_f006_6hrly_hvr_US_east.nc
ARGO_GDAC,pfl,aoml/4903554/profiles/D4903554_093.nc|2024-08-11T15:21:34Z|23.77795|-83.90772,aoml/4903554/profiles/D4903554_093.nc,4903554,4903554,23.77795,-83.90772,2024-08-11T15:21:34Z,20240811,2024,981,1.0,1951.52,26.118,True,True,True,https://noaa-nws-rtofs-pds.s3.amazonaws.com/rtofs.20240811/rtofs_glo_3dz_f006_6hrly_hvr_US_east.nc
ARGO_GDAC,pfl,aoml/4903554/profiles/D4903554_093.nc|2024-08-11T15:21:34Z|23.77795|-83.90772,aoml/4903554/profiles/D4903554_093.nc,4903554,4903554,23.77795,-83.90772,2024-08-11T15:21:34Z,20240811,2024,1018,0.52,99.96,26.9267,True,True,True,https://noaa-nws-rtofs-pds.s3.amazonaws.com/rtofs.20240811/rtofs_glo_3dz_f006_6hrly_hvr_US_east.nc
ARGO_GDAC,pfl,aoml/4903554/profiles/D4903554_094.nc|2024-08-16T16:38:48Z|23.93411|-83.89065,aoml/4903554/profiles/D4903554_094.nc,4903554,4903554,23.93411,-83.89065,2024-08-16T16:38:48Z,20240816,2024,982,0.96,1953.92,32.4547,True,True,True,https://noaa-nws-rtofs-pds.s3.amazonaws.com/rtofs.20240816/rtofs_glo_3dz_f006_6hrly_hvr_US_east.nc
ARGO_GDAC,pfl,aoml/4903554/profiles/D4903554_094.nc|2024-08-16T16:38:48Z|23.93411|-83.89065,aoml/4903554/profiles/D4903554_094.nc,4903554,4903554,23.93411,-83.89065,2024-08-16T16:38:48Z,20240816,2024,768,0.52,99.8,32.7878,True,True,True,https://noaa-nws-rtofs-pds.s3.amazonaws.com/rtofs.20240816/rtofs_glo_3dz_f006_6hrly_hvr_US_east.nc
ARGO_GDAC,pfl,aoml/4903554/profiles/D4903554_095.nc|2024-08-21T17:55:45Z|23.95471|-83.95681,aoml/4903554/profiles/D4903554_095.nc,4903554,4903554,23.95471,-83.95681,2024-08-21T17:55:45Z,20240821,2024,983,1.0,1955.2,30.0425,True,True,True,https://noaa-nws-rtofs-pds.s3.amazonaws.com/rtofs.20240821/rtofs_glo_3dz_f006_6hrly_hvr_US_east.nc
ARGO_GDAC,pfl,aoml/4903554/profiles/D4903554_095.nc|2024-08-21T17:55:45Z|23.95471|-83.95681,aoml/4903554/profiles/D4903554_095.nc,4903554,4903554,23.95471,-83.95681,2024-08-21T17:55:45Z,20240821,2024,786,0.6,99.96,30.1829,True,True,True,https://noaa-nws-rtofs-pds.s3.amazonaws.com/rtofs.20240821/rtofs_glo_3dz_f006_6hrly_hvr_US_east.nc
ARGO_GDAC,pfl,aoml/4903554/profiles/D4903554_096.nc|2024-08-26T19:10:26Z|24.03337|-84.09143,aoml/4903554/profiles/D4903554_096.nc,4903554,4903554,24.03337,-84.09143,2024-08-26T19:10:26Z,20240826,2024,980,1.04,1949.68,32.3727,True,True,True,https://noaa-nws-rtofs-pds.s3.amazonaws.com/rtofs.20240826/rtofs_glo_3dz_f006_6hrly_hvr_US_east.nc
ARGO_GDAC,pfl,aoml/4903554/profiles/D4903554_096.nc|2024-08-26T19:10:26Z|24.03337|-84.09143,aoml/4903554/profiles/D4903554_096.nc,4903554,4903554,24.03337,-84.09143,2024-08-26T19:10:26Z,20240826,2024,865,0.72,99.96,32.2489,True,True,True,https://noaa-nws-rtofs-pds.s3.amazonaws.com/rtofs.20240826/rtofs_glo_3dz_f006_6hrly_hvr_US_east.nc
ARGO_GDAC,pfl,aoml/4903554/profiles/D4903554_097.nc|2024-08-31T20:26:31Z|24.09255|-84.06760,aoml/4903554/profiles/D4903554_097.nc,4903554,4903554,24.09255,-84.0676,2024-08-31T20:26:31Z,20240831,2024,986,1.0,1961.8,22.8675,True,True,True,https://noaa-nws-rtofs-pds.s3.amazonaws.com/rtofs.20240831/rtofs_glo_3dz_f006_6hrly_hvr_US_east.nc
ARGO_GDAC,pfl,aoml/4903554/profiles/D4903554_097.nc|2024-08-31T20:26:31Z|24.09255|-84.06760,aoml/4903554/profiles/D4903554_097.nc,4903554,4903554,24.09255,-84.0676,2024-08-31T20:26:31Z,20240831,2024,978,0.56,100.0,23.0554,True,True,True,https://noaa-nws-rtofs-pds.s3.amazonaws.com/rtofs.20240831/rtofs_glo_3dz_f006_6hrly_hvr_US_east.nc
ARGO_GDAC,pfl,aoml/4903554/profiles/D4903554_098.nc|2024-09-05T21:46:25Z|23.97679|-83.96575,aoml/4903554/profiles/D4903554_098.nc,4903554,4903554,23.97679,-83.96575,2024-09-05T21:46:25Z,20240905,2024,985,1.04,1959.0,22.8127,True,True,True,https://noaa-nws-rtofs-pds.s3.amazonaws.com/rtofs.20240905/rtofs_glo_3dz_f006_6hrly_hvr_US_east.nc
ARGO_GDAC,pfl,aoml/4903554/profiles/D4903554_098.nc|2024-09-05T21:46:25Z|23.97679|-83.96575,aoml/4903554/profiles/D4903554_098.nc,4903554,4903554,23.97679,-83.96575,2024-09-05T21:46:25Z,20240905,2024,1002,0.6,100.0,22.7067,True,True,True,https://noaa-nws-rtofs-pds.s3.amazonaws.com/rtofs.20240905/rtofs_glo_3dz_f006_6hrly_hvr_US_east.nc
ARGO_GDAC,pfl,aoml/4903554/profiles/D4903554_099.nc|2024-09-10T23:11:11Z|23.95553|-83.87512,aoml/4903554/profiles/D4903554_099.nc,4903554,4903554,23.95553,-83.87512,2024-09-10T23:11:11Z,20240910,2024,975,0.96,1939.64,24.5207,True,True,True,https://noaa-nws-rtofs-pds.s3.amazonaws.com/rtofs.20240910/rtofs_glo_3dz_f006_6hrly_hvr_US_east.nc
ARGO_GDAC,pfl,aoml/4903554/profiles/D4903554_099.nc|2024-09-10T23:11:11Z|23.95553|-83.87512,aoml/4903554/profiles/D4903554_099.nc,4903554,4903554,23.95553,-83.87512,2024-09-10T23:11:11Z,20240910,2024,1020,3.96,99.96,25.6843,True,True,True,https://noaa-nws-rtofs-pds.s3.amazonaws.com/rtofs.20240910/rtofs_glo_3dz_f006_6hrly_hvr_US_east.nc
ARGO_GDAC,pfl,aoml/4903554/profiles/D4903554_100.nc|2024-09-16T00:29:32Z|23.91823|-84.02822,aoml/4903554/profiles/D4903554_100.nc,4903554,4903554,23.91823,-84.02822,2024-09-16T00:29:32Z,20240916,2024,980,1.04,1949.92,23.5,True,True,True,https://noaa-nws-rtofs-pds.s3.amazonaws.com/rtofs.20240916/rtofs_glo_3dz_f006_6hrly_hvr_US_east.nc
ARGO_GDAC,pfl,aoml/4903554/profiles/D4903554_100.nc|2024-09-16T00:29:32Z|23.91823|-84.02822,aoml/4903554/profiles/D4903554_100.nc,4903554,4903554,23.91823,-84.02822,2024-09-16T00:29:32Z,20240916,2024,1020,4.68,100.0,21.68,True,True,True,https://noaa-nws-rtofs-pds.s3.amazonaws.com/rtofs.20240916/rtofs_glo_3dz_f006_6hrly_hvr_US_east.nc
ARGO_GDAC,pfl,aoml/4903554/profiles/D4903554_101.nc|2024-09-21T01:53:06Z|23.94091|-84.15514,aoml/4903554/profiles/D4903554_101.nc,4903554,4903554,23.94091,-84.15514,2024-09-21T01:53:06Z,20240921,2024,985,0.4,1957.64,29.1616,True,True,True,https://noaa-nws-rtofs-pds.s3.amazonaws.com/rtofs.20240921/rtofs_glo_3dz_f006_6hrly_hvr_US_east.nc
ARGO_GDAC,pfl,aoml/4903554/profiles/D4903554_101.nc|2024-09-21T01:53:06Z|23.94091|-84.15514,aoml/4903554/profiles/D4903554_101.nc,4903554,4903554,23.94091,-84.15514,2024-09-21T01:53:06Z,20240921,2024,758,0.4,99.84,29.425,True,True,True,https://noaa-nws-rtofs-pds.s3.amazonaws.com/rtofs.20240921/rtofs_glo_3dz_f006_6hrly_hvr_US_east.nc
ARGO_GDAC,pfl,aoml/4903554/profiles/D4903554_102.nc|2024-09-26T03:17:13Z|23.98758|-84.07362,aoml/4903554/profiles/D4903554_102.nc,4903554,4903554,23.98758,-84.07362,2024-09-26T03:17:13Z,20240926,2024,981,0.4,1949.48,57.922,True,True,True,https://noaa-nws-rtofs-pds.s3.amazonaws.com/rtofs.20240926/rtofs_glo_3dz_f006_6hrly_hvr_US_east.nc
ARGO_GDAC,pfl,aoml/4903554/profiles/D4903554_102.nc|2024-09-26T03:17:13Z|23.98758|-84.07362,aoml/4903554/profiles/D4903554_102.nc,4903554,4903554,23.98758,-84.07362,2024-09-26T03:17:13Z,20240926,2024,962,0.4,99.92,57.914,True,True,True,https://noaa-nws-rtofs-pds.s3.amazonaws.com/rtofs.20240926/rtofs_glo_3dz_f006_6hrly_hvr_US_east.nc
ARGO_GDAC,pfl,aoml/4903554/profiles/D4903554_103.nc|2024-10-01T04:40:34Z|24.18301|-84.13620,aoml/4903554/profiles/D4903554_103.nc,4903554,4903554,24.18301,-84.1362,2024-10-01T04:40:34Z,20241001,2024,974,1.12,1937.48,11.7267,True,True,True,https://noaa-nws-rtofs-pds.s3.amazonaws.com/rtofs.20241001/rtofs_glo_3dz_f006_6hrly_hvr_US_east.nc
ARGO_GDAC,pfl,aoml/4903554/profiles/D4903554_103.nc|2024-10-01T04:40:34Z|24.18301|-84.13620,aoml/4903554/profiles/D4903554_103.nc,4903554,4903554,24.18301,-84.1362,2024-10-01T04:40:34Z,20241001,2024,955,0.72,99.96,11.4259,True,True,True,https://noaa-nws-rtofs-pds.s3.amazonaws.com/rtofs.20241001/rtofs_glo_3dz_f006_6hrly_hvr_US_east.nc
ARGO_GDAC,pfl,aoml/4903554/profiles/D4903554_104.nc|2024-10-06T06:06:18Z|24.34909|-84.07988,aoml/4903554/profiles/D4903554_104.nc,4903554,4903554,24.34909,-84.07988,2024-10-06T06:06:18Z,20241006,2024,985,0.48,1957.44,16.021,True,True,True,https://noaa-nws-rtofs-pds.s3.amazonaws.com/rtofs.20241006/rtofs_glo_3dz_f006_6hrly_hvr_US_east.nc
ARGO_GDAC,pfl,aoml/4903554/profiles/D4903554_104.nc|2024-10-06T06:06:18Z|24.34909|-84.07988,aoml/4903554/profiles/D4903554_104.nc,4903554,4903554,24.34909,-84.07988,2024-10-06T06:06:18Z,20241006,2024,875,0.48,99.96,15.92,True,True,True,https://noaa-nws-rtofs-pds.s3.amazonaws.com/rtofs.20241006/rtofs_glo_3dz_f006_6hrly_hvr_US_east.nc
ARGO_GDAC,pfl,aoml/4903554/profiles/D4903554_105.nc|2024-10-11T07:33:01Z|24.64038|-84.20447,aoml/4903554/profiles/D4903554_105.nc,4903554,4903554,24.64038,-84.20447,2024-10-11T07:33:01Z,20241011,2024,984,0.96,1957.44,59.3185,True,True,True,https://noaa-nws-rtofs-pds.s3.amazonaws.com/rtofs.20241011/rtofs_glo_3dz_f006_6hrly_hvr_US_east.nc
ARGO_GDAC,pfl,aoml/4903554/profiles/D4903554_105.nc|2024-10-11T07:33:01Z|24.64038|-84.20447,aoml/4903554/profiles/D4903554_105.nc,4903554,4903554,24.64038,-84.20447,2024-10-11T07:33:01Z,20241011,2024,904,0.64,99.8,59.5438,True,True,True,https://noaa-nws-rtofs-pds.s3.amazonaws.com/rtofs.20241011/rtofs_glo_3dz_f006_6hrly_hvr_US_east.nc
ARGO_GDAC,pfl,aoml/4903554/profiles/D4903554_106.nc|2024-10-16T08:48:59Z|24.92339|-84.43700,aoml/4903554/profiles/D4903554_106.nc,4903554,4903554,24.92339,-84.437,2024-10-16T08:48:59Z,20241016,2024,981,0.4,1949.56,20.0888,True,True,True,https://noaa-nws-rtofs-pds.s3.amazonaws.com/rtofs.20241016/rtofs_glo_3dz_f006_6hrly_hvr_US_east.nc
ARGO_GDAC,pfl,aoml/4903554/profiles/D4903554_106.nc|2024-10-16T08:48:59Z|24.92339|-84.43700,aoml/4903554/profiles/D4903554_106.nc,4903554,4903554,24.92339,-84.437,2024-10-16T08:48:59Z,20241016,2024,935,0.4,99.92,20.0448,True,True,True,https://noaa-nws-rtofs-pds.s3.amazonaws.com/rtofs.20241016/rtofs_glo_3dz_f006_6hrly_hvr_US_east.nc
ARGO_GDAC,pfl,aoml/4903554/profiles/D4903554_107.nc|2024-10-21T10:02:37Z|24.97064|-84.47379,aoml/4903554/profiles/D4903554_107.nc,4903554,4903554,24.97064,-84.47379,2024-10-21T10:02:37Z,20241021,2024,972,1.08,1933.52,37.4828,True,True,True,https://noaa-nws-rtofs-pds.s3.amazonaws.com/rtofs.20241021/rtofs_glo_3dz_f006_6hrly_hvr_US_east.nc
ARGO_GDAC,pfl,aoml/4903554/profiles/D4903554_107.nc|2024-10-21T10:02:37Z|24.97064|-84.47379,aoml/4903554/profiles/D4903554_107.nc,4903554,4903554,24.97064,-84.47379,2024-10-21T10:02:37Z,20241021,2024,926,0.64,99.96,37.8094,True,True,True,https://noaa-nws-rtofs-pds.s3.amazonaws.com/rtofs.20241021/rtofs_glo_3dz_f006_6hrly_hvr_US_east.nc
ARGO_GDAC,pfl,aoml/4903554/profiles/D4903554_108.nc|2024-10-26T11:11:49Z|25.03553|-84.62402,aoml/4903554/profiles/D4903554_108.nc,4903554,4903554,25.03553,-84.62402,2024-10-26T11:11:49Z,20241026,2024,961,1.04,1911.6,26.7141,True,True,True,https://noaa-nws-rtofs-pds.s3.amazonaws.com/rtofs.20241026/rtofs_glo_3dz_f006_6hrly_hvr_US_east.nc
ARGO_GDAC,pfl,aoml/4903554/profiles/D4903554_108.nc|2024-10-26T11:11:49Z|25.03553|-84.62402,aoml/4903554/profiles/D4903554_108.nc,4903554,4903554,25.03553,-84.62402,2024-10-26T11:11:49Z,20241026,2024,849,0.6,99.92,26.84,True,True,True,https://noaa-nws-rtofs-pds.s3.amazonaws.com/rtofs.20241026/rtofs_glo_3dz_f006_6hrly_hvr_US_east.nc
ARGO_GDAC,pfl,aoml/4903554/profiles/D4903554_109.nc|2024-10-31T12:25:56Z|25.14357|-84.69888,aoml/4903554/profiles/D4903554_109.nc,4903554,4903554,25.14357,-84.69888,2024-10-31T12:25:56Z,20241031,2024,984,1.04,1957.4,36.545,True,True,True,https://noaa-nws-rtofs-pds.s3.amazonaws.com/rtofs.20241031/rtofs_glo_3dz_f006_6hrly_hvr_US_east.nc
ARGO_GDAC,pfl,aoml/4903554/profiles/D4903554_109.nc|2024-10-31T12:25:56Z|25.14357|-84.69888,aoml/4903554/profiles/D4903554_109.nc,4903554,4903554,25.14357,-84.69888,2024-10-31T12:25:56Z,20241031,2024,900,0.6,99.88,37.1375,True,True,True,https://noaa-nws-rtofs-pds.s3.amazonaws.com/rtofs.20241031/rtofs_glo_3dz_f006_6hrly_hvr_US_east.nc
ARGO_GDAC,pfl,aoml/4903554/profiles/D4903554_110.nc|2024-11-05T13:48:36Z|25.09628|-84.81030,aoml/4903554/profiles/D4903554_110.nc,4903554,4903554,25.09628,-84.8103,2024-11-05T13:48:36Z,20241105,2024,986,1.12,1961.68,41.0493,True,True,True,https://noaa-nws-rtofs-pds.s3.amazonaws.com/rtofs.20241105/rtofs_glo_3dz_f006_6hrly_hvr_US_east.nc
ARGO_GDAC,pfl,aoml/4903554/profiles/D4903554_110.nc|2024-11-05T13:48:36Z|25.09628|-84.81030,aoml/4903554/profiles/D4903554_110.nc,4903554,4903554,25.09628,-84.8103,2024-11-05T13:48:36Z,20241105,2024,898,0.8,100.0,41.6734,True,True,True,https://noaa-nws-rtofs-pds.s3.amazonaws.com/rtofs.20241105/rtofs_glo_3dz_f006_6hrly_hvr_US_east.nc
ARGO_GDAC,pfl,aoml/4903554/profiles/D4903554_111.nc|2024-11-10T15:07:09Z|25.04908|-84.85590,aoml/4903554/profiles/D4903554_111.nc,4903554,4903554,25.04908,-84.8559,2024-11-10T15:07:09Z,20241110,2024,978,1.08,1945.44,35.5159,True,True,True,https://noaa-nws-rtofs-pds.s3.amazonaws.com/rtofs.20241110/rtofs_glo_3dz_f006_6hrly_hvr_US_east.nc
ARGO_GDAC,pfl,aoml/4903554/profiles/D4903554_111.nc|2024-11-10T15:07:09Z|25.04908|-84.85590,aoml/4903554/profiles/D4903554_111.nc,4903554,4903554,25.04908,-84.8559,2024-11-10T15:07:09Z,20241110,2024,858,0.76,99.96,35.6046,True,True,True,https://noaa-nws-rtofs-pds.s3.amazonaws.com/rtofs.20241110/rtofs_glo_3dz_f006_6hrly_hvr_US_east.nc
ARGO_GDAC,pfl,aoml/4903554/profiles/D4903554_112.nc|2024-11-15T16:27:09Z|24.83810|-85.06551,aoml/4903554/profiles/D4903554_112.nc,4903554,4903554,24.8381,-85.06551,2024-11-15T16:27:09Z,20241115,2024,982,1.0,1953.6,60.312,True,True,True,https://noaa-nws-rtofs-pds.s3.amazonaws.com/rtofs.20241115/rtofs_glo_3dz_f006_6hrly_hvr_US_east.nc
ARGO_GDAC,pfl,aoml/4903554/profiles/D4903554_112.nc|2024-11-15T16:27:09Z|24.83810|-85.06551,aoml/4903554/profiles/D4903554_112.nc,4903554,4903554,24.8381,-85.06551,2024-11-15T16:27:09Z,20241115,2024,927,0.64,99.88,60.8133,True,True,True,https://noaa-nws-rtofs-pds.s3.amazonaws.com/rtofs.20241115/rtofs_glo_3dz_f006_6hrly_hvr_US_east.nc
ARGO_GDAC,pfl,aoml/4903554/profiles/D4903554_113.nc|2024-11-20T17:47:17Z|24.69354|-85.16659,aoml/4903554/profiles/D4903554_113.nc,4903554,4903554,24.69354,-85.16659,2024-11-20T17:47:17Z,20241120,2024,987,1.0,1963.36,66.4853,True,True,True,https://noaa-nws-rtofs-pds.s3.amazonaws.com/rtofs.20241120/rtofs_glo_3dz_f006_6hrly_hvr_US_east.nc
ARGO_GDAC,pfl,aoml/4903554/profiles/D4903554_113.nc|2024-11-20T17:47:17Z|24.69354|-85.16659,aoml/4903554/profiles/D4903554_113.nc,4903554,4903554,24.69354,-85.16659,2024-11-20T17:47:17Z,20241120,2024,797,0.6,99.92,66.352,True,True,True,https://noaa-nws-rtofs-pds.s3.amazonaws.com/rtofs.20241120/rtofs_glo_3dz_f006_6hrly_hvr_US_east.nc
ARGO_GDAC,pfl,aoml/4903554/profiles/D4903554_114.nc|2024-11-25T19:07:27Z|24.59335|-85.36922,aoml/4903554/profiles/D4903554_114.nc,4903554,4903554,24.59335,-85.36922,2024-11-25T19:07:27Z,20241125,2024,980,1.04,1949.16,84.5802,True,True,True,https://noaa-nws-rtofs-pds.s3.amazonaws.com/rtofs.20241125/rtofs_glo_3dz_f006_6hrly_hvr_US_east.nc
ARGO_GDAC,pfl,aoml/4903554/profiles/D4903554_114.nc|2024-11-25T19:07:27Z|24.59335|-85.36922,aoml/4903554/profiles/D4903554_114.nc,4903554,4903554,24.59335,-85.36922,2024-11-25T19:07:27Z,20241125,2024,869,0.76,99.88,85.0364,True,True,True,https://noaa-nws-rtofs-pds.s3.amazonaws.com/rtofs.20241125/rtofs_glo_3dz_f006_6hrly_hvr_US_east.nc
ARGO_GDAC,pfl,aoml/4903554/profiles/D4903554_115.nc|2024-11-30T20:25:07Z|24.62623|-85.73260,aoml/4903554/profiles/D4903554_115.nc,4903554,4903554,24.62623,-85.7326,2024-11-30T20:25:07Z,20241130,2024,979,0.36,1945.6,60.4089,True,True,True,https://noaa-nws-rtofs-pds.s3.amazonaws.com/rtofs.20241130/rtofs_glo_3dz_f006_6hrly_hvr_US_east.nc
ARGO_GDAC,pfl,aoml/4903554/profiles/D4903554_115.nc|2024-11-30T20:25:07Z|24.62623|-85.73260,aoml/4903554/profiles/D4903554_115.nc,4903554,4903554,24.62623,-85.7326,2024-11-30T20:25:07Z,20241130,2024,812,0.36,100.0,60.6365,True,True,True,https://noaa-nws-rtofs-pds.s3.amazonaws.com/rtofs.20241130/rtofs_glo_3dz_f006_6hrly_hvr_US_east.nc
ARGO_GDAC,pfl,aoml/4903554/profiles/D4903554_116.nc|2024-12-05T21:49:12Z|25.02187|-86.19881,aoml/4903554/profiles/D4903554_116.nc,4903554,4903554,25.02187,-86.19881,2024-12-05T21:49:12Z,20241205,2024,992,1.0,1973.4,20.2987,True,True,True,https://noaa-nws-rtofs-pds.s3.amazonaws.com/rtofs.20241205/rtofs_glo_3dz_f006_6hrly_hvr_US_east.nc
ARGO_GDAC,pfl,aoml/4903554/profiles/D4903554_116.nc|2024-12-05T21:49:12Z|25.02187|-86.19881,aoml/4903554/profiles/D4903554_116.nc,4903554,4903554,25.02187,-86.19881,2024-12-05T21:49:12Z,20241205,2024,969,0.6,99.92,20.49,True,True,True,https://noaa-nws-rtofs-pds.s3.amazonaws.com/rtofs.20241205/rtofs_glo_3dz_f006_6hrly_hvr_US_east.nc
ARGO_GDAC,pfl,aoml/4903554/profiles/D4903554_117.nc|2024-12-10T23:04:04Z|25.41451|-86.27183,aoml/4903554/profiles/D4903554_117.nc,4903554,4903554,25.41451,-86.27183,2024-12-10T23:04:04Z,20241210,2024,989,1.0,1967.92,13.5551,True,True,True,https://noaa-nws-rtofs-pds.s3.amazonaws.com/rtofs.20241210/rtofs_glo_3dz_f006_6hrly_hvr_US_east.nc
ARGO_GDAC,pfl,aoml/4903554/profiles/D4903554_117.nc|2024-12-10T23:04:04Z|25.41451|-86.27183,aoml/4903554/profiles/D4903554_117.nc,4903554,4903554,25.41451,-86.27183,2024-12-10T23:04:04Z,20241210,2024,975,0.64,99.96,14.6933,True,True,True,https://noaa-nws-rtofs-pds.s3.amazonaws.com/rtofs.20241210/rtofs_glo_3dz_f006_6hrly_hvr_US_east.nc
ARGO_GDAC,pfl,aoml/4903554/profiles/D4903554_118.nc|2024-12-16T00:19:35Z|25.37759|-85.83515,aoml/4903554/profiles/D4903554_118.nc,4903554,4903554,25.37759,-85.83515,2024-12-16T00:19:35Z,20241216,2024,987,1.08,1963.48,46.8017,True,True,True,https://noaa-nws-rtofs-pds.s3.amazonaws.com/rtofs.20241216/rtofs_glo_3dz_f006_6hrly_hvr_US_east.nc
ARGO_GDAC,pfl,aoml/4903554/profiles/D4903554_118.nc|2024-12-16T00:19:35Z|25.37759|-85.83515,aoml/4903554/profiles/D4903554_118.nc,4903554,4903554,25.37759,-85.83515,2024-12-16T00:19:35Z,20241216,2024,921,0.68,99.92,46.32,True,True,True,https://noaa-nws-rtofs-pds.s3.amazonaws.com/rtofs.20241216/rtofs_glo_3dz_f006_6hrly_hvr_US_east.nc
ARGO_GDAC,pfl,aoml/4903554/profiles/D4903554_119.nc|2024-12-21T01:34:14Z|24.84150|-85.60256,aoml/4903554/profiles/D4903554_119.nc,4903554,4903554,24.8415,-85.60256,2024-12-21T01:34:14Z,20241221,2024,979,0.96,1947.4,81.3658,True,True,True,https://noaa-nws-rtofs-pds.s3.amazonaws.com/rtofs.20241221/rtofs_glo_3dz_f006_6hrly_hvr_US_east.nc
ARGO_GDAC,pfl,aoml/4903554/profiles/D4903554_119.nc|2024-12-21T01:34:14Z|24.84150|-85.60256,aoml/4903554/profiles/D4903554_119.nc,4903554,4903554,24.8415,-85.60256,2024-12-21T01:34:14Z,20241221,2024,754,0.56,99.92,81.5867,True,True,True,https://noaa-nws-rtofs-pds.s3.amazonaws.com/rtofs.20241221/rtofs_glo_3dz_f006_6hrly_hvr_US_east.nc
ARGO_GDAC,pfl,aoml/4903554/profiles/D4903554_120.nc|2024-12-26T02:54:19Z|24.43814|-85.71653,aoml/4903554/profiles/D4903554_120.nc,4903554,4903554,24.43814,-85.71653,2024-12-26T02:54:19Z,20241226,2024,983,0.96,1955.8,126.0632,True,False,True,https://noaa-nws-rtofs-pds.s3.amazonaws.com/rtofs.20241226/rtofs_glo_3dz_f006_6hrly_hvr_US_east.nc
ARGO_GDAC,pfl,aoml/4903554/profiles/D4903554_120.nc|2024-12-26T02:54:19Z|24.43814|-85.71653,aoml/4903554/profiles/D4903554_120.nc,4903554,4903554,24.43814,-85.71653,2024-12-26T02:54:19Z,20241226,2024,826,0.64,99.96,,False,False,True,https://noaa-nws-rtofs-pds.s3.amazonaws.com/rtofs.20241226/rtofs_glo_3dz_f006_6hrly_hvr_US_east.nc
ARGO_GDAC,pfl,aoml/4903554/profiles/D4903554_121.nc|2024-12-31T04:21:26Z|24.23850|-85.79143,aoml/4903554/profiles/D4903554_121.nc,4903554,4903554,24.2385,-85.79143,2024-12-31T04:21:26Z,20241231,2024,991,1.04,1972.08,128.0203,True,False,True,https://noaa-nws-rtofs-pds.s3.amazonaws.com/rtofs.20241231/rtofs_glo_3dz_f006_6hrly_hvr_US_east.nc
ARGO_GDAC,pfl,aoml/4903554/profiles/D4903554_121.nc|2024-12-31T04:21:26Z|24.23850|-85.79143,aoml/4903554/profiles/D4903554_121.nc,4903554,4903554,24.2385,-85.79143,2024-12-31T04:21:26Z,20241231,2024,757,0.64,99.96,,False,False,True,https://noaa-nws-rtofs-pds.s3.amazonaws.com/rtofs.20241231/rtofs_glo_3dz_f006_6hrly_hvr_US_east.nc
ARGO_GDAC,pfl,aoml/4903554/profiles/D4903554_122.nc|2025-01-05T05:41:57Z|24.06144|-85.69271,aoml/4903554/profiles/D4903554_122.nc,4903554,4903554,24.06144,-85.69271,2025-01-05T05:41:57Z,20250105,2025,985,0.92,1959.12,122.1268,True,False,True,https://noaa-nws-rtofs-pds.s3.amazonaws.com/rtofs.20250105/rtofs_glo_3dz_f006_6hrly_hvr_US_east.nc
ARGO_GDAC,pfl,aoml/4903554/profiles/D4903554_122.nc|2025-01-05T05:41:57Z|24.06144|-85.69271,aoml/4903554/profiles/D4903554_122.nc,4903554,4903554,24.06144,-85.69271,2025-01-05T05:41:57Z,20250105,2025,704,0.52,99.96,,False,False,True,https://noaa-nws-rtofs-pds.s3.amazonaws.com/rtofs.20250105/rtofs_glo_3dz_f006_6hrly_hvr_US_east.nc
ARGO_GDAC,pfl,aoml/4903554/profiles/D4903554_123.nc|2025-01-10T06:55:52Z|23.86777|-85.36064,aoml/4903554/profiles/D4903554_123.nc,4903554,4903554,23.86777,-85.36064,2025-01-10T06:55:52Z,20250110,2025,983,1.04,1955.8,31.026,True,True,True,https://noaa-nws-rtofs-pds.s3.amazonaws.com/rtofs.20250110/rtofs_glo_3dz_f006_6hrly_hvr_US_east.nc
ARGO_GDAC,pfl,aoml/4903554/profiles/D4903554_123.nc|2025-01-10T06:55:52Z|23.86777|-85.36064,aoml/4903554/profiles/D4903554_123.nc,4903554,4903554,23.86777,-85.36064,2025-01-10T06:55:52Z,20250110,2025,749,0.68,99.92,31.3067,True,True,True,https://noaa-nws-rtofs-pds.s3.amazonaws.com/rtofs.20250110/rtofs_glo_3dz_f006_6hrly_hvr_US_east.nc
ARGO_GDAC,pfl,aoml/4903554/profiles/D4903554_124.nc|2025-01-15T08:11:22Z|23.73941|-84.95429,aoml/4903554/profiles/D4903554_124.nc,4903554,4903554,23.73941,-84.95429,2025-01-15T08:11:22Z,20250115,2025,987,1.0,1963.6,94.0621,True,True,True,https://noaa-nws-rtofs-pds.s3.amazonaws.com/rtofs.20250115/rtofs_glo_3dz_f006_6hrly_hvr_US_east.nc
ARGO_GDAC,pfl,aoml/4903554/profiles/D4903554_124.nc|2025-01-15T08:11:22Z|23.73941|-84.95429,aoml/4903554/profiles/D4903554_124.nc,4903554,4903554,23.73941,-84.95429,2025-01-15T08:11:22Z,20250115,2025,750,0.6,100.0,93.87,True,True,True,https://noaa-nws-rtofs-pds.s3.amazonaws.com/rtofs.20250115/rtofs_glo_3dz_f006_6hrly_hvr_US_east.nc
ARGO_GDAC,pfl,aoml/4903554/profiles/D4903554_125.nc|2025-01-20T09:30:28Z|23.77756|-84.60044,aoml/4903554/profiles/D4903554_125.nc,4903554,4903554,23.77756,-84.60044,2025-01-20T09:30:28Z,20250120,2025,987,1.08,1963.56,130.7351,True,False,True,https://noaa-nws-rtofs-pds.s3.amazonaws.com/rtofs.20250120/rtofs_glo_3dz_f006_6hrly_hvr_US_east.nc
ARGO_GDAC,pfl,aoml/4903554/profiles/D4903554_125.nc|2025-01-20T09:30:28Z|23.77756|-84.60044,aoml/4903554/profiles/D4903554_125.nc,4903554,4903554,23.77756,-84.60044,2025-01-20T09:30:28Z,20250120,2025,677,0.72,100.0,,False,False,True,https://noaa-nws-rtofs-pds.s3.amazonaws.com/rtofs.20250120/rtofs_glo_3dz_f006_6hrly_hvr_US_east.nc
ARGO_GDAC,pfl,aoml/4903554/profiles/D4903554_126.nc|2025-01-25T10:44:28Z|23.75122|-84.37967,aoml/4903554/profiles/D4903554_126.nc,4903554,4903554,23.75122,-84.37967,2025-01-25T10:44:28Z,20250125,2025,982,1.0,1953.68,97.6858,True,True,True,https://noaa-nws-rtofs-pds.s3.amazonaws.com/rtofs.20250125/rtofs_glo_3dz_f006_6hrly_hvr_US_east.nc
ARGO_GDAC,pfl,aoml/4903554/profiles/D4903554_126.nc|2025-01-25T10:44:28Z|23.75122|-84.37967,aoml/4903554/profiles/D4903554_126.nc,4903554,4903554,23.75122,-84.37967,2025-01-25T10:44:28Z,20250125,2025,679,0.64,99.8,97.6954,True,True,True,https://noaa-nws-rtofs-pds.s3.amazonaws.com/rtofs.20250125/rtofs_glo_3dz_f006_6hrly_hvr_US_east.nc
ARGO_GDAC,pfl,aoml/4903554/profiles/D4903554_127.nc|2025-01-30T12:00:49Z|23.58257|-84.35120,aoml/4903554/profiles/D4903554_127.nc,4903554,4903554,23.58257,-84.3512,2025-01-30T12:00:49Z,20250130,2025,980,1.08,1949.52,28.7588,True,True,True,https://noaa-nws-rtofs-pds.s3.amazonaws.com/rtofs.20250130/rtofs_glo_3dz_f006_6hrly_hvr_US_east.nc
ARGO_GDAC,pfl,aoml/4903554/profiles/D4903554_127.nc|2025-01-30T12:00:49Z|23.58257|-84.35120,aoml/4903554/profiles/D4903554_127.nc,4903554,4903554,23.58257,-84.3512,2025-01-30T12:00:49Z,20250130,2025,701,0.68,100.0,28.8233,True,True,True,https://noaa-nws-rtofs-pds.s3.amazonaws.com/rtofs.20250130/rtofs_glo_3dz_f006_6hrly_hvr_US_east.nc
ARGO_GDAC,pfl,aoml/4903554/profiles/D4903554_128.nc|2025-02-04T13:17:12Z|23.56160|-84.39356,aoml/4903554/profiles/D4903554_128.nc,4903554,4903554,23.5616,-84.39356,2025-02-04T13:17:12Z,20250204,2025,982,1.08,1953.56,37.3615,True,True,True,https://noaa-nws-rtofs-pds.s3.amazonaws.com/rtofs.20250204/rtofs_glo_3dz_f006_6hrly_hvr_US_east.nc
ARGO_GDAC,pfl,aoml/4903554/profiles/D4903554_128.nc|2025-02-04T13:17:12Z|23.56160|-84.39356,aoml/4903554/profiles/D4903554_128.nc,4903554,4903554,23.5616,-84.39356,2025-02-04T13:17:12Z,20250204,2025,797,0.76,99.88,37.0994,True,True,True,https://noaa-nws-rtofs-pds.s3.amazonaws.com/rtofs.20250204/rtofs_glo_3dz_f006_6hrly_hvr_US_east.nc
ARGO_GDAC,pfl,aoml/4903554/profiles/D4903554_129.nc|2025-02-09T14:30:24Z|23.31631|-84.29833,aoml/4903554/profiles/D4903554_129.nc,4903554,4903554,23.31631,-84.29833,2025-02-09T14:30:24Z,20250209,2025,990,1.04,1969.84,11.0324,True,True,True,https://noaa-nws-rtofs-pds.s3.amazonaws.com/rtofs.20250209/rtofs_glo_3dz_f006_6hrly_hvr_US_east.nc
ARGO_GDAC,pfl,aoml/4903554/profiles/D4903554_129.nc|2025-02-09T14:30:24Z|23.31631|-84.29833,aoml/4903554/profiles/D4903554_129.nc,4903554,4903554,23.31631,-84.29833,2025-02-09T14:30:24Z,20250209,2025,735,0.64,99.96,11.1275,True,True,True,https://noaa-nws-rtofs-pds.s3.amazonaws.com/rtofs.20250209/rtofs_glo_3dz_f006_6hrly_hvr_US_east.nc
ARGO_GDAC,pfl,aoml/4903554/profiles/D4903554_130.nc|2025-02-14T15:48:36Z|23.35049|-84.15192,aoml/4903554/profiles/D4903554_130.nc,4903554,4903554,23.35049,-84.15192,2025-02-14T15:48:36Z,20250214,2025,985,1.12,1959.76,70.1719,True,True,True,https://noaa-nws-rtofs-pds.s3.amazonaws.com/rtofs.20250214/rtofs_glo_3dz_f006_6hrly_hvr_US_east.nc
ARGO_GDAC,pfl,aoml/4903554/profiles/D4903554_130.nc|2025-02-14T15:48:36Z|23.35049|-84.15192,aoml/4903554/profiles/D4903554_130.nc,4903554,4903554,23.35049,-84.15192,2025-02-14T15:48:36Z,20250214,2025,733,0.8,100.0,70.7733,True,True,True,https://noaa-nws-rtofs-pds.s3.amazonaws.com/rtofs.20250214/rtofs_glo_3dz_f006_6hrly_hvr_US_east.nc
ARGO_GDAC,pfl,aoml/4903554/profiles/D4903554_131.nc|2025-02-19T17:11:09Z|23.32227|-84.09878,aoml/4903554/profiles/D4903554_131.nc,4903554,4903554,23.32227,-84.09878,2025-02-19T17:11:09Z,20250219,2025,985,1.04,1959.6,80.6497,True,True,True,https://noaa-nws-rtofs-pds.s3.amazonaws.com/rtofs.20250219/rtofs_glo_3dz_f006_6hrly_hvr_US_east.nc
ARGO_GDAC,pfl,aoml/4903554/profiles/D4903554_131.nc|2025-02-19T17:11:09Z|23.32227|-84.09878,aoml/4903554/profiles/D4903554_131.nc,4903554,4903554,23.32227,-84.09878,2025-02-19T17:11:09Z,20250219,2025,786,0.64,99.96,80.8526,True,True,True,https://noaa-nws-rtofs-pds.s3.amazonaws.com/rtofs.20250219/rtofs_glo_3dz_f006_6hrly_hvr_US_east.nc
ARGO_GDAC,pfl,aoml/4903554/profiles/D4903554_132.nc|2025-02-24T18:33:03Z|23.40197|-83.97437,aoml/4903554/profiles/D4903554_132.nc,4903554,4903554,23.40197,-83.97437,2025-02-24T18:33:03Z,20250224,2025,987,1.08,1963.8,73.7595,True,True,True,https://noaa-nws-rtofs-pds.s3.amazonaws.com/rtofs.20250224/rtofs_glo_3dz_f006_6hrly_hvr_US_east.nc
ARGO_GDAC,pfl,aoml/4903554/profiles/D4903554_132.nc|2025-02-24T18:33:03Z|23.40197|-83.97437,aoml/4903554/profiles/D4903554_132.nc,4903554,4903554,23.40197,-83.97437,2025-02-24T18:33:03Z,20250224,2025,723,0.68,100.0,73.76,True,True,True,https://noaa-nws-rtofs-pds.s3.amazonaws.com/rtofs.20250224/rtofs_glo_3dz_f006_6hrly_hvr_US_east.nc
ARGO_GDAC,pfl,aoml/4903554/profiles/D4903554_133.nc|2025-03-01T19:55:13Z|23.48832|-84.07666,aoml/4903554/profiles/D4903554_133.nc,4903554,4903554,23.48832,-84.07666,2025-03-01T19:55:13Z,20250301,2025,985,1.0,1959.52,88.5717,True,True,True,https://noaa-nws-rtofs-pds.s3.amazonaws.com/rtofs.20250301/rtofs_glo_3dz_f006_6hrly_hvr_US_east.nc
ARGO_GDAC,pfl,aoml/4903554/profiles/D4903554_133.nc|2025-03-01T19:55:13Z|23.48832|-84.07666,aoml/4903554/profiles/D4903554_133.nc,4903554,4903554,23.48832,-84.07666,2025-03-01T19:55:13Z,20250301,2025,701,0.56,99.88,88.5677,True,True,True,https://noaa-nws-rtofs-pds.s3.amazonaws.com/rtofs.20250301/rtofs_glo_3dz_f006_6hrly_hvr_US_east.nc
ARGO_GDAC,pfl,aoml/4903554/profiles/D4903554_134.nc|2025-03-06T21:13:25Z|23.51154|-84.09988,aoml/4903554/profiles/D4903554_134.nc,4903554,4903554,23.51154,-84.09988,2025-03-06T21:13:25Z,20250306,2025,985,1.04,1959.48,22.1918,True,True,True,https://noaa-nws-rtofs-pds.s3.amazonaws.com/rtofs.20250306/rtofs_glo_3dz_f006_6hrly_hvr_US_east.nc
ARGO_GDAC,pfl,aoml/4903554/profiles/D4903554_134.nc|2025-03-06T21:13:25Z|23.51154|-84.09988,aoml/4903554/profiles/D4903554_134.nc,4903554,4903554,23.51154,-84.09988,2025-03-06T21:13:25Z,20250306,2025,731,0.56,100.0,21.604,True,True,True,https://noaa-nws-rtofs-pds.s3.amazonaws.com/rtofs.20250306/rtofs_glo_3dz_f006_6hrly_hvr_US_east.nc
ARGO_GDAC,pfl,aoml/4903554/profiles/D4903554_135.nc|2025-03-11T22:21:22Z|23.54958|-84.07762,aoml/4903554/profiles/D4903554_135.nc,4903554,4903554,23.54958,-84.07762,2025-03-11T22:21:22Z,20250311,2025,986,1.04,1961.52,37.7228,True,True,True,https://noaa-nws-rtofs-pds.s3.amazonaws.com/rtofs.20250311/rtofs_glo_3dz_f006_6hrly_hvr_US_east.nc
ARGO_GDAC,pfl,aoml/4903554/profiles/D4903554_135.nc|2025-03-11T22:21:22Z|23.54958|-84.07762,aoml/4903554/profiles/D4903554_135.nc,4903554,4903554,23.54958,-84.07762,2025-03-11T22:21:22Z,20250311,2025,709,0.52,99.84,37.8432,True,True,True,https://noaa-nws-rtofs-pds.s3.amazonaws.com/rtofs.20250311/rtofs_glo_3dz_f006_6hrly_hvr_US_east.nc
ARGO_GDAC,pfl,aoml/4903554/profiles/D4903554_136.nc|2025-03-16T23:46:37Z|23.58732|-84.01473,aoml/4903554/profiles/D4903554_136.nc,4903554,4903554,23.58732,-84.01473,2025-03-16T23:46:37Z,20250316,2025,990,0.92,1970.0,42.16,True,True,True,https://noaa-nws-rtofs-pds.s3.amazonaws.com/rtofs.20250316/rtofs_glo_3dz_f006_6hrly_hvr_US_east.nc
ARGO_GDAC,pfl,aoml/4903554/profiles/D4903554_136.nc|2025-03-16T23:46:37Z|23.58732|-84.01473,aoml/4903554/profiles/D4903554_136.nc,4903554,4903554,23.58732,-84.01473,2025-03-16T23:46:37Z,20250316,2025,800,0.56,99.96,42.4727,True,True,True,https://noaa-nws-rtofs-pds.s3.amazonaws.com/rtofs.20250316/rtofs_glo_3dz_f006_6hrly_hvr_US_east.nc
ARGO_GDAC,pfl,aoml/4903554/profiles/D4903554_137.nc|2025-03-22T01:06:48Z|23.74586|-83.87386,aoml/4903554/profiles/D4903554_137.nc,4903554,4903554,23.74586,-83.87386,2025-03-22T01:06:48Z,20250322,2025,989,1.04,1967.6,60.3139,True,True,True,https://noaa-nws-rtofs-pds.s3.amazonaws.com/rtofs.20250322/rtofs_glo_3dz_f006_6hrly_hvr_US_east.nc
ARGO_GDAC,pfl,aoml/4903554/profiles/D4903554_137.nc|2025-03-22T01:06:48Z|23.74586|-83.87386,aoml/4903554/profiles/D4903554_137.nc,4903554,4903554,23.74586,-83.87386,2025-03-22T01:06:48Z,20250322,2025,711,0.56,99.92,60.7835,True,True,True,https://noaa-nws-rtofs-pds.s3.amazonaws.com/rtofs.20250322/rtofs_glo_3dz_f006_6hrly_hvr_US_east.nc
ARGO_GDAC,pfl,aoml/4903554/profiles/D4903554_138.nc|2025-03-27T02:20:20Z|23.78663|-83.84876,aoml/4903554/profiles/D4903554_138.nc,4903554,4903554,23.78663,-83.84876,2025-03-27T02:20:20Z,20250327,2025,984,0.48,1955.6,15.9873,True,True,True,https://noaa-nws-rtofs-pds.s3.amazonaws.com/rtofs.20250327/rtofs_glo_3dz_f006_6hrly_hvr_US_east.nc
ARGO_GDAC,pfl,aoml/4903554/profiles/D4903554_138.nc|2025-03-27T02:20:20Z|23.78663|-83.84876,aoml/4903554/profiles/D4903554_138.nc,4903554,4903554,23.78663,-83.84876,2025-03-27T02:20:20Z,20250327,2025,615,0.48,99.92,16.399,True,True,True,https://noaa-nws-rtofs-pds.s3.amazonaws.com/rtofs.20250327/rtofs_glo_3dz_f006_6hrly_hvr_US_east.nc
ARGO_GDAC,pfl,aoml/4903554/profiles/D4903554_139.nc|2025-04-01T03:44:38Z|23.99481|-83.87779,aoml/4903554/profiles/D4903554_139.nc,4903554,4903554,23.99481,-83.87779,2025-04-01T03:44:38Z,20250401,2025,994,0.96,1977.72,21.7096,True,True,True,https://noaa-nws-rtofs-pds.s3.amazonaws.com/rtofs.20250401/rtofs_glo_3dz_f006_6hrly_hvr_US_east.nc
ARGO_GDAC,pfl,aoml/4903554/profiles/D4903554_139.nc|2025-04-01T03:44:38Z|23.99481|-83.87779,aoml/4903554/profiles/D4903554_139.nc,4903554,4903554,23.99481,-83.87779,2025-04-01T03:44:38Z,20250401,2025,866,0.56,99.96,21.84,True,True,True,https://noaa-nws-rtofs-pds.s3.amazonaws.com/rtofs.20250401/rtofs_glo_3dz_f006_6hrly_hvr_US_east.nc
ARGO_GDAC,pfl,aoml/4903554/profiles/D4903554_140.nc|2025-04-06T04:33:56Z|24.41876|-84.02887,aoml/4903554/profiles/D4903554_140.nc,4903554,4903554,24.41876,-84.02887,2025-04-06T04:33:56Z,20250406,2025,885,0.92,1759.2,16.3698,True,True,True,https://noaa-nws-rtofs-pds.s3.amazonaws.com/rtofs.20250406/rtofs_glo_3dz_f006_6hrly_hvr_US_east.nc
ARGO_GDAC,pfl,aoml/4903554/profiles/D4903554_140.nc|2025-04-06T04:33:56Z|24.41876|-84.02887,aoml/4903554/profiles/D4903554_140.nc,4903554,4903554,24.41876,-84.02887,2025-04-06T04:33:56Z,20250406,2025,853,0.52,99.92,16.3962,True,True,True,https://noaa-nws-rtofs-pds.s3.amazonaws.com/rtofs.20250406/rtofs_glo_3dz_f006_6hrly_hvr_US_east.nc
ARGO_GDAC,pfl,aoml/4903554/profiles/D4903554_141.nc|2025-04-11T05:45:39Z|24.60018|-84.27331,aoml/4903554/profiles/D4903554_141.nc,4903554,4903554,24.60018,-84.27331,2025-04-11T05:45:39Z,20250411,2025,975,0.32,1937.6,21.0893,True,True,True,https://noaa-nws-rtofs-pds.s3.amazonaws.com/rtofs.20250411/rtofs_glo_3dz_f006_6hrly_hvr_US_east.nc
ARGO_GDAC,pfl,aoml/4903554/profiles/D4903554_141.nc|2025-04-11T05:45:39Z|24.60018|-84.27331,aoml/4903554/profiles/D4903554_141.nc,4903554,4903554,24.60018,-84.27331,2025-04-11T05:45:39Z,20250411,2025,822,0.32,99.92,21.4,True,True,True,https://noaa-nws-rtofs-pds.s3.amazonaws.com/rtofs.20250411/rtofs_glo_3dz_f006_6hrly_hvr_US_east.nc
ARGO_GDAC,pfl,aoml/4903554/profiles/D4903554_142.nc|2025-04-16T07:06:03Z|24.72488|-84.73993,aoml/4903554/profiles/D4903554_142.nc,4903554,4903554,24.72488,-84.73993,2025-04-16T07:06:03Z,20250416,2025,982,1.0,1953.24,15.9418,True,True,True,https://noaa-nws-rtofs-pds.s3.amazonaws.com/rtofs.20250416/rtofs_glo_3dz_f006_6hrly_hvr_US_east.nc
ARGO_GDAC,pfl,aoml/4903554/profiles/D4903554_142.nc|2025-04-16T07:06:03Z|24.72488|-84.73993,aoml/4903554/profiles/D4903554_142.nc,4903554,4903554,24.72488,-84.73993,2025-04-16T07:06:03Z,20250416,2025,898,0.52,99.96,15.8686,True,True,True,https://noaa-nws-rtofs-pds.s3.amazonaws.com/rtofs.20250416/rtofs_glo_3dz_f006_6hrly_hvr_US_east.nc
ARGO_GDAC,pfl,aoml/4903554/profiles/D4903554_143.nc|2025-04-21T08:15:22Z|24.81867|-85.00959,aoml/4903554/profiles/D4903554_143.nc,4903554,4903554,24.81867,-85.00959,2025-04-21T08:15:22Z,20250421,2025,982,1.16,1953.48,86.3179,True,True,True,https://noaa-nws-rtofs-pds.s3.amazonaws.com/rtofs.20250421/rtofs_glo_3dz_f006_6hrly_hvr_US_east.nc
ARGO_GDAC,pfl,aoml/4903554/profiles/D4903554_143.nc|2025-04-21T08:15:22Z|24.81867|-85.00959,aoml/4903554/profiles/D4903554_143.nc,4903554,4903554,24.81867,-85.00959,2025-04-21T08:15:22Z,20250421,2025,867,0.88,100.0,86.145,True,True,True,https://noaa-nws-rtofs-pds.s3.amazonaws.com/rtofs.20250421/rtofs_glo_3dz_f006_6hrly_hvr_US_east.nc
ARGO_GDAC,pfl,aoml/4903554/profiles/D4903554_144.nc|2025-04-26T09:36:30Z|25.05467|-84.83863,aoml/4903554/profiles/D4903554_144.nc,4903554,4903554,25.05467,-84.83863,2025-04-26T09:36:30Z,20250426,2025,992,1.04,1973.16,42.6455,True,True,True,https://noaa-nws-rtofs-pds.s3.amazonaws.com/rtofs.20250426/rtofs_glo_3dz_f006_6hrly_hvr_US_east.nc
ARGO_GDAC,pfl,aoml/4903554/profiles/D4903554_144.nc|2025-04-26T09:36:30Z|25.05467|-84.83863,aoml/4903554/profiles/D4903554_144.nc,4903554,4903554,25.05467,-84.83863,2025-04-26T09:36:30Z,20250426,2025,745,0.6,99.96,42.9819,True,True,True,https://noaa-nws-rtofs-pds.s3.amazonaws.com/rtofs.20250426/rtofs_glo_3dz_f006_6hrly_hvr_US_east.nc
ARGO_GDAC,pfl,aoml/4903554/profiles/D4903554_145.nc|2025-05-01T10:48:09Z|24.99397|-84.63477,aoml/4903554/profiles/D4903554_145.nc,4903554,4903554,24.99397,-84.63477,2025-05-01T10:48:09Z,20250501,2025,984,1.12,1957.44,47.5488,True,True,True,https://noaa-nws-rtofs-pds.s3.amazonaws.com/rtofs.20250501/rtofs_glo_3dz_f006_6hrly_hvr_US_east.nc
ARGO_GDAC,pfl,aoml/4903554/profiles/D4903554_145.nc|2025-05-01T10:48:09Z|24.99397|-84.63477,aoml/4903554/profiles/D4903554_145.nc,4903554,4903554,24.99397,-84.63477,2025-05-01T10:48:09Z,20250501,2025,840,0.72,99.8,47.2,True,True,True,https://noaa-nws-rtofs-pds.s3.amazonaws.com/rtofs.20250501/rtofs_glo_3dz_f006_6hrly_hvr_US_east.nc
ARGO_GDAC,pfl,aoml/4903554/profiles/D4903554_146.nc|2025-05-06T12:11:17Z|24.68717|-84.62038,aoml/4903554/profiles/D4903554_146.nc,4903554,4903554,24.68717,-84.62038,2025-05-06T12:11:17Z,20250506,2025,990,1.08,1969.72,32.7854,True,True,True,https://noaa-nws-rtofs-pds.s3.amazonaws.com/rtofs.20250506/rtofs_glo_3dz_f006_6hrly_hvr_US_east.nc
ARGO_GDAC,pfl,aoml/4903554/profiles/D4903554_146.nc|2025-05-06T12:11:17Z|24.68717|-84.62038,aoml/4903554/profiles/D4903554_146.nc,4903554,4903554,24.68717,-84.62038,2025-05-06T12:11:17Z,20250506,2025,855,0.76,99.92,32.5393,True,True,True,https://noaa-nws-rtofs-pds.s3.amazonaws.com/rtofs.20250506/rtofs_glo_3dz_f006_6hrly_hvr_US_east.nc
ARGO_GDAC,pfl,aoml/4903554/profiles/D4903554_147.nc|2025-05-11T13:34:26Z|24.69936|-84.77924,aoml/4903554/profiles/D4903554_147.nc,4903554,4903554,24.69936,-84.77924,2025-05-11T13:34:26Z,20250511,2025,987,1.08,1963.56,51.719,True,True,True,https://noaa-nws-rtofs-pds.s3.amazonaws.com/rtofs.20250511/rtofs_glo_3dz_f006_6hrly_hvr_US_east.nc
ARGO_GDAC,pfl,aoml/4903554/profiles/D4903554_147.nc|2025-05-11T13:34:26Z|24.69936|-84.77924,aoml/4903554/profiles/D4903554_147.nc,4903554,4903554,24.69936,-84.77924,2025-05-11T13:34:26Z,20250511,2025,811,0.72,100.0,51.3787,True,True,True,https://noaa-nws-rtofs-pds.s3.amazonaws.com/rtofs.20250511/rtofs_glo_3dz_f006_6hrly_hvr_US_east.nc
ARGO_GDAC,pfl,aoml/4903554/profiles/D4903554_148.nc|2025-05-16T14:49:29Z|24.80722|-84.79016,aoml/4903554/profiles/D4903554_148.nc,4903554,4903554,24.80722,-84.79016,2025-05-16T14:49:29Z,20250516,2025,976,1.08,1941.68,70.6801,True,True,True,https://noaa-nws-rtofs-pds.s3.amazonaws.com/rtofs.20250516/rtofs_glo_3dz_f006_6hrly_hvr_US_east.nc
ARGO_GDAC,pfl,aoml/4903554/profiles/D4903554_148.nc|2025-05-16T14:49:29Z|24.80722|-84.79016,aoml/4903554/profiles/D4903554_148.nc,4903554,4903554,24.80722,-84.79016,2025-05-16T14:49:29Z,20250516,2025,844,0.6,99.92,70.7967,True,True,True,https://noaa-nws-rtofs-pds.s3.amazonaws.com/rtofs.20250516/rtofs_glo_3dz_f006_6hrly_hvr_US_east.nc
ARGO_GDAC,pfl,aoml/4903554/profiles/D4903554_149.nc|2025-05-21T16:12:18Z|24.73351|-84.62887,aoml/4903554/profiles/D4903554_149.nc,4903554,4903554,24.73351,-84.62887,2025-05-21T16:12:18Z,20250521,2025,989,1.12,1967.64,35.5436,True,True,True,https://noaa-nws-rtofs-pds.s3.amazonaws.com/rtofs.20250521/rtofs_glo_3dz_f006_6hrly_hvr_US_east.nc
ARGO_GDAC,pfl,aoml/4903554/profiles/D4903554_149.nc|2025-05-21T16:12:18Z|24.73351|-84.62887,aoml/4903554/profiles/D4903554_149.nc,4903554,4903554,24.73351,-84.62887,2025-05-21T16:12:18Z,20250521,2025,862,0.72,99.96,36.03,True,True,True,https://noaa-nws-rtofs-pds.s3.amazonaws.com/rtofs.20250521/rtofs_glo_3dz_f006_6hrly_hvr_US_east.nc
ARGO_GDAC,pfl,aoml/4903554/profiles/D4903554_150.nc|2025-05-26T17:28:28Z|24.78910|-84.68520,aoml/4903554/profiles/D4903554_150.nc,4903554,4903554,24.7891,-84.6852,2025-05-26T17:28:28Z,20250526,2025,989,0.96,1967.36,17.994,True,True,True,https://noaa-nws-rtofs-pds.s3.amazonaws.com/rtofs.20250526/rtofs_glo_3dz_f006_6hrly_hvr_US_east.nc
ARGO_GDAC,pfl,aoml/4903554/profiles/D4903554_150.nc|2025-05-26T17:28:28Z|24.78910|-84.68520,aoml/4903554/profiles/D4903554_150.nc,4903554,4903554,24.7891,-84.6852,2025-05-26T17:28:28Z,20250526,2025,803,0.56,99.96,18.092,True,True,True,https://noaa-nws-rtofs-pds.s3.amazonaws.com/rtofs.20250526/rtofs_glo_3dz_f006_6hrly_hvr_US_east.nc
ARGO_GDAC,pfl,aoml/4903554/profiles/D4903554_151.nc|2025-05-31T18:48:56Z|25.19101|-85.15976,aoml/4903554/profiles/D4903554_151.nc,4903554,4903554,25.19101,-85.15976,2025-05-31T18:48:56Z,20250531,2025,983,1.04,1955.44,15.3791,True,True,True,https://noaa-nws-rtofs-pds.s3.amazonaws.com/rtofs.20250531/rtofs_glo_3dz_f006_6hrly_hvr_US_east.nc
ARGO_GDAC,pfl,aoml/4903554/profiles/D4903554_151.nc|2025-05-31T18:48:56Z|25.19101|-85.15976,aoml/4903554/profiles/D4903554_151.nc,4903554,4903554,25.19101,-85.15976,2025-05-31T18:48:56Z,20250531,2025,937,0.64,99.96,16.0233,True,True,True,https://noaa-nws-rtofs-pds.s3.amazonaws.com/rtofs.20250531/rtofs_glo_3dz_f006_6hrly_hvr_US_east.nc
ARGO_GDAC,pfl,aoml/4903554/profiles/D4903554_152.nc|2025-06-05T19:59:43Z|24.60949|-86.24235,aoml/4903554/profiles/D4903554_152.nc,4903554,4903554,24.60949,-86.24235,2025-06-05T19:59:43Z,20250605,2025,991,0.92,1971.6,35.1755,True,True,True,https://noaa-nws-rtofs-pds.s3.amazonaws.com/rtofs.20250605/rtofs_glo_3dz_f006_6hrly_hvr_US_east.nc
ARGO_GDAC,pfl,aoml/4903554/profiles/D4903554_152.nc|2025-06-05T19:59:43Z|24.60949|-86.24235,aoml/4903554/profiles/D4903554_152.nc,4903554,4903554,24.60949,-86.24235,2025-06-05T19:59:43Z,20250605,2025,769,0.52,100.0,35.2839,True,True,True,https://noaa-nws-rtofs-pds.s3.amazonaws.com/rtofs.20250605/rtofs_glo_3dz_f006_6hrly_hvr_US_east.nc
ARGO_GDAC,pfl,aoml/4903554/profiles/D4903554_153.nc|2025-06-10T21:20:24Z|24.93953|-86.91376,aoml/4903554/profiles/D4903554_153.nc,4903554,4903554,24.93953,-86.91376,2025-06-10T21:20:24Z,20250610,2025,990,0.92,1969.48,29.3683,True,True,True,https://noaa-nws-rtofs-pds.s3.amazonaws.com/rtofs.20250610/rtofs_glo_3dz_f006_6hrly_hvr_US_east.nc
ARGO_GDAC,pfl,aoml/4903554/profiles/D4903554_153.nc|2025-06-10T21:20:24Z|24.93953|-86.91376,aoml/4903554/profiles/D4903554_153.nc,4903554,4903554,24.93953,-86.91376,2025-06-10T21:20:24Z,20250610,2025,785,0.52,100.0,29.4133,True,True,True,https://noaa-nws-rtofs-pds.s3.amazonaws.com/rtofs.20250610/rtofs_glo_3dz_f006_6hrly_hvr_US_east.nc
ARGO_GDAC,pfl,aoml/4903554/profiles/D4903554_154.nc|2025-06-15T22:54:35Z|25.46712|-87.23693,aoml/4903554/profiles/D4903554_154.nc,4903554,4903554,25.46712,-87.23693,2025-06-15T22:54:35Z,20250615,2025,995,0.48,1977.36,26.7232,True,True,True,https://noaa-nws-rtofs-pds.s3.amazonaws.com/rtofs.20250615/rtofs_glo_3dz_f006_6hrly_hvr_US_east.nc
ARGO_GDAC,pfl,aoml/4903554/profiles/D4903554_154.nc|2025-06-15T22:54:35Z|25.46712|-87.23693,aoml/4903554/profiles/D4903554_154.nc,4903554,4903554,25.46712,-87.23693,2025-06-15T22:54:35Z,20250615,2025,797,0.48,99.92,27.1328,True,True,True,https://noaa-nws-rtofs-pds.s3.amazonaws.com/rtofs.20250615/rtofs_glo_3dz_f006_6hrly_hvr_US_east.nc
ARGO_GDAC,pfl,aoml/4903554/profiles/D4903554_155.nc|2025-06-21T00:18:55Z|25.69521|-87.17249,aoml/4903554/profiles/D4903554_155.nc,4903554,4903554,25.69521,-87.17249,2025-06-21T00:18:55Z,20250621,2025,990,0.36,1967.44,22.2346,True,True,True,https://noaa-nws-rtofs-pds.s3.amazonaws.com/rtofs.20250621/rtofs_glo_3dz_f006_6hrly_hvr_US_east.nc
ARGO_GDAC,pfl,aoml/4903554/profiles/D4903554_155.nc|2025-06-21T00:18:55Z|25.69521|-87.17249,aoml/4903554/profiles/D4903554_155.nc,4903554,4903554,25.69521,-87.17249,2025-06-21T00:18:55Z,20250621,2025,818,0.36,99.84,22.3481,True,True,True,https://noaa-nws-rtofs-pds.s3.amazonaws.com/rtofs.20250621/rtofs_glo_3dz_f006_6hrly_hvr_US_east.nc
ARGO_GDAC,pfl,aoml/4903554/profiles/D4903554_156.nc|2025-06-26T01:50:46Z|25.39508|-86.92058,aoml/4903554/profiles/D4903554_156.nc,4903554,4903554,25.39508,-86.92058,2025-06-26T01:50:46Z,20250626,2025,989,0.92,1967.56,32.8434,True,True,True,https://noaa-nws-rtofs-pds.s3.amazonaws.com/rtofs.20250626/rtofs_glo_3dz_f006_6hrly_hvr_US_east.nc
ARGO_GDAC,pfl,aoml/4903554/profiles/D4903554_156.nc|2025-06-26T01:50:46Z|25.39508|-86.92058,aoml/4903554/profiles/D4903554_156.nc,4903554,4903554,25.39508,-86.92058,2025-06-26T01:50:46Z,20250626,2025,792,0.52,99.84,33.1473,True,True,True,https://noaa-nws-rtofs-pds.s3.amazonaws.com/rtofs.20250626/rtofs_glo_3dz_f006_6hrly_hvr_US_east.nc
ARGO_GDAC,pfl,aoml/4903554/profiles/D4903554_157.nc|2025-07-01T03:20:45Z|25.20555|-85.98738,aoml/4903554/profiles/D4903554_157.nc,4903554,4903554,25.20555,-85.98738,2025-07-01T03:20:45Z,20250701,2025,993,0.48,1973.44,24.9981,True,True,True,https://noaa-nws-rtofs-pds.s3.amazonaws.com/rtofs.20250701/rtofs_glo_3dz_f006_6hrly_hvr_US_east.nc
ARGO_GDAC,pfl,aoml/4903554/profiles/D4903554_157.nc|2025-07-01T03:20:45Z|25.20555|-85.98738,aoml/4903554/profiles/D4903554_157.nc,4903554,4903554,25.20555,-85.98738,2025-07-01T03:20:45Z,20250701,2025,851,0.48,99.92,25.7033,True,True,True,https://noaa-nws-rtofs-pds.s3.amazonaws.com/rtofs.20250701/rtofs_glo_3dz_f006_6hrly_hvr_US_east.nc
ARGO_GDAC,pfl,aoml/4903554/profiles/D4903554_158.nc|2025-07-06T04:40:15Z|26.13727|-85.28773,aoml/4903554/profiles/D4903554_158.nc,4903554,4903554,26.13727,-85.28773,2025-07-06T04:40:15Z,20250706,2025,981,0.48,1949.48,19.4991,True,True,True,https://noaa-nws-rtofs-pds.s3.amazonaws.com/rtofs.20250706/rtofs_glo_3dz_f006_6hrly_hvr_US_east.nc
ARGO_GDAC,pfl,aoml/4903554/profiles/D4903554_158.nc|2025-07-06T04:40:15Z|26.13727|-85.28773,aoml/4903554/profiles/D4903554_158.nc,4903554,4903554,26.13727,-85.28773,2025-07-06T04:40:15Z,20250706,2025,798,0.48,99.84,19.7033,True,True,True,https://noaa-nws-rtofs-pds.s3.amazonaws.com/rtofs.20250706/rtofs_glo_3dz_f006_6hrly_hvr_US_east.nc
ARGO_GDAC,pfl,aoml/4903554/profiles/D4903554_159.nc|2025-07-11T06:00:12Z|26.43286|-85.46919,aoml/4903554/profiles/D4903554_159.nc,4903554,4903554,26.43286,-85.46919,2025-07-11T06:00:12Z,20250711,2025,985,1.08,1959.4,19.3141,True,True,True,https://noaa-nws-rtofs-pds.s3.amazonaws.com/rtofs.20250711/rtofs_glo_3dz_f006_6hrly_hvr_US_east.nc
ARGO_GDAC,pfl,aoml/4903554/profiles/D4903554_159.nc|2025-07-11T06:00:12Z|26.43286|-85.46919,aoml/4903554/profiles/D4903554_159.nc,4903554,4903554,26.43286,-85.46919,2025-07-11T06:00:12Z,20250711,2025,985,0.68,99.88,16.4685,True,True,True,https://noaa-nws-rtofs-pds.s3.amazonaws.com/rtofs.20250711/rtofs_glo_3dz_f006_6hrly_hvr_US_east.nc
ARGO_GDAC,pfl,aoml/4903554/profiles/D4903554_160.nc|2025-07-16T07:20:19Z|26.12738|-85.52316,aoml/4903554/profiles/D4903554_160.nc,4903554,4903554,26.12738,-85.52316,2025-07-16T07:20:19Z,20250716,2025,982,1.16,1953.4,14.2334,True,True,True,https://noaa-nws-rtofs-pds.s3.amazonaws.com/rtofs.20250716/rtofs_glo_3dz_f006_6hrly_hvr_US_east.nc
ARGO_GDAC,pfl,aoml/4903554/profiles/D4903554_160.nc|2025-07-16T07:20:19Z|26.12738|-85.52316,aoml/4903554/profiles/D4903554_160.nc,4903554,4903554,26.12738,-85.52316,2025-07-16T07:20:19Z,20250716,2025,982,0.84,99.8,14.4723,True,True,True,https://noaa-nws-rtofs-pds.s3.amazonaws.com/rtofs.20250716/rtofs_glo_3dz_f006_6hrly_hvr_US_east.nc
ARGO_GDAC,pfl,aoml/4903554/profiles/D4903554_161.nc|2025-07-21T08:44:11Z|25.76866|-85.88590,aoml/4903554/profiles/D4903554_161.nc,4903554,4903554,25.76866,-85.8859,2025-07-21T08:44:11Z,20250721,2025,989,0.96,1967.56,15.5068,True,True,True,https://noaa-nws-rtofs-pds.s3.amazonaws.com/rtofs.20250721/rtofs_glo_3dz_f006_6hrly_hvr_US_east.nc
ARGO_GDAC,pfl,aoml/4903554/profiles/D4903554_161.nc|2025-07-21T08:44:11Z|25.76866|-85.88590,aoml/4903554/profiles/D4903554_161.nc,4903554,4903554,25.76866,-85.8859,2025-07-21T08:44:11Z,20250721,2025,814,0.52,99.92,15.792,True,True,True,https://noaa-nws-rtofs-pds.s3.amazonaws.com/rtofs.20250721/rtofs_glo_3dz_f006_6hrly_hvr_US_east.nc
ARGO_GDAC,pfl,aoml/4903554/profiles/D4903554_162.nc|2025-07-26T10:03:53Z|25.66188|-86.56671,aoml/4903554/profiles/D4903554_162.nc,4903554,4903554,25.66188,-86.56671,2025-07-26T10:03:53Z,20250726,2025,984,0.36,1955.68,34.6527,True,True,True,https://noaa-nws-rtofs-pds.s3.amazonaws.com/rtofs.20250726/rtofs_glo_3dz_f006_6hrly_hvr_US_east.nc
ARGO_GDAC,pfl,aoml/4903554/profiles/D4903554_162.nc|2025-07-26T10:03:53Z|25.66188|-86.56671,aoml/4903554/profiles/D4903554_162.nc,4903554,4903554,25.66188,-86.56671,2025-07-26T10:03:53Z,20250726,2025,805,0.36,99.84,35.4579,True,True,True,https://noaa-nws-rtofs-pds.s3.amazonaws.com/rtofs.20250726/rtofs_glo_3dz_f006_6hrly_hvr_US_east.nc
ARGO_GDAC,pfl,aoml/4903554/profiles/D4903554_163.nc|2025-07-31T11:21:52Z|26.00179|-86.35030,aoml/4903554/profiles/D4903554_163.nc,4903554,4903554,26.00179,-86.3503,2025-07-31T11:21:52Z,20250731,2025,989,0.48,1965.28,19.1006,True,True,True,https://noaa-nws-rtofs-pds.s3.amazonaws.com/rtofs.20250731/rtofs_glo_3dz_f006_6hrly_hvr_US_east.nc
ARGO_GDAC,pfl,aoml/4903554/profiles/D4903554_163.nc|2025-07-31T11:21:52Z|26.00179|-86.35030,aoml/4903554/profiles/D4903554_163.nc,4903554,4903554,26.00179,-86.3503,2025-07-31T11:21:52Z,20250731,2025,846,0.48,99.92,19.244,True,True,True,https://noaa-nws-rtofs-pds.s3.amazonaws.com/rtofs.20250731/rtofs_glo_3dz_f006_6hrly_hvr_US_east.nc
ARGO_GDAC,pfl,aoml/4903554/profiles/D4903554_164.nc|2025-08-05T12:38:36Z|26.31920|-85.35077,aoml/4903554/profiles/D4903554_164.nc,4903554,4903554,26.3192,-85.35077,2025-08-05T12:38:36Z,20250805,2025,986,1.04,1961.44,12.8482,True,True,True,https://noaa-nws-rtofs-pds.s3.amazonaws.com/rtofs.20250805/rtofs_glo_3dz_f006_6hrly_hvr_US_east.nc
ARGO_GDAC,pfl,aoml/4903554/profiles/D4903554_164.nc|2025-08-05T12:38:36Z|26.31920|-85.35077,aoml/4903554/profiles/D4903554_164.nc,4903554,4903554,26.3192,-85.35077,2025-08-05T12:38:36Z,20250805,2025,880,0.56,99.88,12.7111,True,True,True,https://noaa-nws-rtofs-pds.s3.amazonaws.com/rtofs.20250805/rtofs_glo_3dz_f006_6hrly_hvr_US_east.nc
ARGO_GDAC,pfl,aoml/4903554/profiles/D4903554_165.nc|2025-08-10T13:53:14Z|26.76755|-85.90850,aoml/4903554/profiles/D4903554_165.nc,4903554,4903554,26.76755,-85.9085,2025-08-10T13:53:14Z,20250810,2025,984,1.12,1957.28,18.3814,True,True,True,https://noaa-nws-rtofs-pds.s3.amazonaws.com/rtofs.20250810/rtofs_glo_3dz_f006_6hrly_hvr_US_east.nc
ARGO_GDAC,pfl,aoml/4903554/profiles/D4903554_165.nc|2025-08-10T13:53:14Z|26.76755|-85.90850,aoml/4903554/profiles/D4903554_165.nc,4903554,4903554,26.76755,-85.9085,2025-08-10T13:53:14Z,20250810,2025,908,0.72,99.96,19.2622,True,True,True,https://noaa-nws-rtofs-pds.s3.amazonaws.com/rtofs.20250810/rtofs_glo_3dz_f006_6hrly_hvr_US_east.nc
ARGO_GDAC,pfl,aoml/4903554/profiles/D4903554_166.nc|2025-08-15T15:09:45Z|26.72361|-85.92586,aoml/4903554/profiles/D4903554_166.nc,4903554,4903554,26.72361,-85.92586,2025-08-15T15:09:45Z,20250815,2025,991,1.08,1971.56,35.4066,True,True,True,https://noaa-nws-rtofs-pds.s3.amazonaws.com/rtofs.20250815/rtofs_glo_3dz_f006_6hrly_hvr_US_east.nc
ARGO_GDAC,pfl,aoml/4903554/profiles/D4903554_166.nc|2025-08-15T15:09:45Z|26.72361|-85.92586,aoml/4903554/profiles/D4903554_166.nc,4903554,4903554,26.72361,-85.92586,2025-08-15T15:09:45Z,20250815,2025,842,0.68,99.88,36.104,True,True,True,https://noaa-nws-rtofs-pds.s3.amazonaws.com/rtofs.20250815/rtofs_glo_3dz_f006_6hrly_hvr_US_east.nc
ARGO_GDAC,pfl,aoml/4903554/profiles/D4903554_167.nc|2025-08-20T16:32:16Z|26.39540|-85.68829,aoml/4903554/profiles/D4903554_167.nc,4903554,4903554,26.3954,-85.68829,2025-08-20T16:32:16Z,20250820,2025,988,1.36,1965.44,17.7931,True,True,True,https://noaa-nws-rtofs-pds.s3.amazonaws.com/rtofs.20250820/rtofs_glo_3dz_f006_6hrly_hvr_US_east.nc
ARGO_GDAC,pfl,aoml/4903554/profiles/D4903554_167.nc|2025-08-20T16:32:16Z|26.39540|-85.68829,aoml/4903554/profiles/D4903554_167.nc,4903554,4903554,26.3954,-85.68829,2025-08-20T16:32:16Z,20250820,2025,1020,1.36,99.84,18.131,True,True,True,https://noaa-nws-rtofs-pds.s3.amazonaws.com/rtofs.20250820/rtofs_glo_3dz_f006_6hrly_hvr_US_east.nc
ARGO_GDAC,pfl,aoml/4903554/profiles/D4903554_168.nc|2025-08-25T17:50:12Z|25.96236|-85.59105,aoml/4903554/profiles/D4903554_168.nc,4903554,4903554,25.96236,-85.59105,2025-08-25T17:50:12Z,20250825,2025,980,1.0,1949.4,25.7715,True,True,True,https://noaa-nws-rtofs-pds.s3.amazonaws.com/rtofs.20250825/rtofs_glo_3dz_f006_6hrly_hvr_US_east.nc
ARGO_GDAC,pfl,aoml/4903554/profiles/D4903554_168.nc|2025-08-25T17:50:12Z|25.96236|-85.59105,aoml/4903554/profiles/D4903554_168.nc,4903554,4903554,25.96236,-85.59105,2025-08-25T17:50:12Z,20250825,2025,965,0.6,99.88,25.68,True,True,True,https://noaa-nws-rtofs-pds.s3.amazonaws.com/rtofs.20250825/rtofs_glo_3dz_f006_6hrly_hvr_US_east.nc
ARGO_GDAC,pfl,aoml/4903554/profiles/D4903554_169.nc|2025-08-30T19:11:44Z|25.62512|-85.38085,aoml/4903554/profiles/D4903554_169.nc,4903554,4903554,25.62512,-85.38085,2025-08-30T19:11:44Z,20250830,2025,994,0.96,1977.32,13.7769,True,True,True,https://noaa-nws-rtofs-pds.s3.amazonaws.com/rtofs.20250830/rtofs_glo_3dz_f006_6hrly_hvr_US_east.nc
ARGO_GDAC,pfl,aoml/4903554/profiles/D4903554_169.nc|2025-08-30T19:11:44Z|25.62512|-85.38085,aoml/4903554/profiles/D4903554_169.nc,4903554,4903554,25.62512,-85.38085,2025-08-30T19:11:44Z,20250830,2025,905,0.52,99.92,12.975,True,True,True,https://noaa-nws-rtofs-pds.s3.amazonaws.com/rtofs.20250830/rtofs_glo_3dz_f006_6hrly_hvr_US_east.nc
ARGO_GDAC,pfl,aoml/4903554/profiles/D4903554_170.nc|2025-09-04T20:34:07Z|25.43231|-85.42412,aoml/4903554/profiles/D4903554_170.nc,4903554,4903554,25.43231,-85.42412,2025-09-04T20:34:07Z,20250904,2025,988,1.12,1965.88,13.2094,True,True,True,https://noaa-nws-rtofs-pds.s3.amazonaws.com/rtofs.20250904/rtofs_glo_3dz_f006_6hrly_hvr_US_east.nc
ARGO_GDAC,pfl,aoml/4903554/profiles/D4903554_170.nc|2025-09-04T20:34:07Z|25.43231|-85.42412,aoml/4903554/profiles/D4903554_170.nc,4903554,4903554,25.43231,-85.42412,2025-09-04T20:34:07Z,20250904,2025,987,0.8,99.88,12.53,True,True,True,https://noaa-nws-rtofs-pds.s3.amazonaws.com/rtofs.20250904/rtofs_glo_3dz_f006_6hrly_hvr_US_east.nc
ARGO_GDAC,pfl,aoml/4903554/profiles/D4903554_171.nc|2025-09-09T21:58:05Z|25.33830|-85.80382,aoml/4903554/profiles/D4903554_171.nc,4903554,4903554,25.3383,-85.80382,2025-09-09T21:58:05Z,20250909,2025,986,1.0,1961.16,28.7489,True,True,True,https://noaa-nws-rtofs-pds.s3.amazonaws.com/rtofs.20250909/rtofs_glo_3dz_f006_6hrly_hvr_US_east.nc
ARGO_GDAC,pfl,aoml/4903554/profiles/D4903554_171.nc|2025-09-09T21:58:05Z|25.33830|-85.80382,aoml/4903554/profiles/D4903554_171.nc,4903554,4903554,25.3383,-85.80382,2025-09-09T21:58:05Z,20250909,2025,1020,4.92,99.96,28.4861,True,True,True,https://noaa-nws-rtofs-pds.s3.amazonaws.com/rtofs.20250909/rtofs_glo_3dz_f006_6hrly_hvr_US_east.nc
ARGO_GDAC,pfl,aoml/4903554/profiles/D4903554_172.nc|2025-09-14T23:17:01Z|25.36068|-86.28413,aoml/4903554/profiles/D4903554_172.nc,4903554,4903554,25.36068,-86.28413,2025-09-14T23:17:01Z,20250914,2025,987,1.0,1963.6,16.0793,True,True,True,https://noaa-nws-rtofs-pds.s3.amazonaws.com/rtofs.20250914/rtofs_glo_3dz_f006_6hrly_hvr_US_east.nc
ARGO_GDAC,pfl,aoml/4903554/profiles/D4903554_172.nc|2025-09-14T23:17:01Z|25.36068|-86.28413,aoml/4903554/profiles/D4903554_172.nc,4903554,4903554,25.36068,-86.28413,2025-09-14T23:17:01Z,20250914,2025,823,0.56,99.96,16.4344,True,True,True,https://noaa-nws-rtofs-pds.s3.amazonaws.com/rtofs.20250914/rtofs_glo_3dz_f006_6hrly_hvr_US_east.nc
ARGO_GDAC,pfl,aoml/4903554/profiles/D4903554_173.nc|2025-09-20T00:30:14Z|25.52416|-86.70183,aoml/4903554/profiles/D4903554_173.nc,4903554,4903554,25.52416,-86.70183,2025-09-20T00:30:14Z,20250920,2025,990,0.44,1967.4,18.7376,True,True,True,https://noaa-nws-rtofs-pds.s3.amazonaws.com/rtofs.20250920/rtofs_glo_3dz_f006_6hrly_hvr_US_east.nc
ARGO_GDAC,pfl,aoml/4903554/profiles/D4903554_173.nc|2025-09-20T00:30:14Z|25.52416|-86.70183,aoml/4903554/profiles/D4903554_173.nc,4903554,4903554,25.52416,-86.70183,2025-09-20T00:30:14Z,20250920,2025,793,0.44,99.96,18.62,True,True,True,https://noaa-nws-rtofs-pds.s3.amazonaws.com/rtofs.20250920/rtofs_glo_3dz_f006_6hrly_hvr_US_east.nc
ARGO_GDAC,pfl,aoml/4903554/profiles/D4903554_174.nc|2025-09-25T01:49:36Z|25.47829|-87.08146,aoml/4903554/profiles/D4903554_174.nc,4903554,4903554,25.47829,-87.08146,2025-09-25T01:49:36Z,20250925,2025,995,0.48,1977.52,44.4844,True,True,True,https://noaa-nws-rtofs-pds.s3.amazonaws.com/rtofs.20250925/rtofs_glo_3dz_f006_6hrly_hvr_US_east.nc
ARGO_GDAC,pfl,aoml/4903554/profiles/D4903554_174.nc|2025-09-25T01:49:36Z|25.47829|-87.08146,aoml/4903554/profiles/D4903554_174.nc,4903554,4903554,25.47829,-87.08146,2025-09-25T01:49:36Z,20250925,2025,913,0.48,99.92,25.4987,True,True,True,https://noaa-nws-rtofs-pds.s3.amazonaws.com/rtofs.20250925/rtofs_glo_3dz_f006_6hrly_hvr_US_east.nc
ARGO_GDAC,pfl,aoml/4903554/profiles/D4903554_175.nc|2025-09-30T03:09:09Z|25.21054|-87.51681,aoml/4903554/profiles/D4903554_175.nc,4903554,4903554,25.21054,-87.51681,2025-09-30T03:09:09Z,20250930,2025,988,0.48,1963.52,13.4352,True,True,True,https://noaa-nws-rtofs-pds.s3.amazonaws.com/rtofs.20250930/rtofs_glo_3dz_f006_6hrly_hvr_US_east.nc
ARGO_GDAC,pfl,aoml/4903554/profiles/D4903554_175.nc|2025-09-30T03:09:09Z|25.21054|-87.51681,aoml/4903554/profiles/D4903554_175.nc,4903554,4903554,25.21054,-87.51681,2025-09-30T03:09:09Z,20250930,2025,774,0.48,99.92,13.3493,True,True,True,https://noaa-nws-rtofs-pds.s3.amazonaws.com/rtofs.20250930/rtofs_glo_3dz_f006_6hrly_hvr_US_east.nc
ARGO_GDAC,pfl,aoml/4903554/profiles/D4903554_176.nc|2025-10-02T16:28:30Z|25.08094|-87.58234,aoml/4903554/profiles/D4903554_176.nc,4903554,4903554,25.08094,-87.58234,2025-10-02T16:28:30Z,20251002,2025,991,0.44,1969.04,53.2792,True,True,True,https://noaa-nws-rtofs-pds.s3.amazonaws.com/rtofs.20251002/rtofs_glo_3dz_f006_6hrly_hvr_US_east.nc
ARGO_GDAC,pfl,aoml/4903554/profiles/D4903554_176.nc|2025-10-02T16:28:30Z|25.08094|-87.58234,aoml/4903554/profiles/D4903554_176.nc,4903554,4903554,25.08094,-87.58234,2025-10-02T16:28:30Z,20251002,2025,822,0.44,99.88,53.32,True,True,True,https://noaa-nws-rtofs-pds.s3.amazonaws.com/rtofs.20251002/rtofs_glo_3dz_f006_6hrly_hvr_US_east.nc
ARGO_GDAC,pfl,aoml/4903554/profiles/D4903554_177.nc|2025-10-05T05:42:53Z|24.97825|-87.55008,aoml/4903554/profiles/D4903554_177.nc,4903554,4903554,24.97825,-87.55008,2025-10-05T05:42:53Z,20251005,2025,987,0.44,1961.44,60.1277,True,True,True,https://noaa-nws-rtofs-pds.s3.amazonaws.com/rtofs.20251005/rtofs_glo_3dz_f006_6hrly_hvr_US_east.nc
ARGO_GDAC,pfl,aoml/4903554/profiles/D4903554_177.nc|2025-10-05T05:42:53Z|24.97825|-87.55008,aoml/4903554/profiles/D4903554_177.nc,4903554,4903554,24.97825,-87.55008,2025-10-05T05:42:53Z,20251005,2025,778,0.44,99.84,60.1542,True,True,True,https://noaa-nws-rtofs-pds.s3.amazonaws.com/rtofs.20251005/rtofs_glo_3dz_f006_6hrly_hvr_US_east.nc
ARGO_GDAC,pfl,aoml/4903554/profiles/D4903554_178.nc|2025-10-07T19:02:40Z|24.91156|-87.54714,aoml/4903554/profiles/D4903554_178.nc,4903554,4903554,24.91156,-87.54714,2025-10-07T19:02:40Z,20251007,2025,981,1.0,1951.52,60.3078,True,True,True,https://noaa-nws-rtofs-pds.s3.amazonaws.com/rtofs.20251007/rtofs_glo_3dz_f006_6hrly_hvr_US_east.nc
ARGO_GDAC,pfl,aoml/4903554/profiles/D4903554_178.nc|2025-10-07T19:02:40Z|24.91156|-87.54714,aoml/4903554/profiles/D4903554_178.nc,4903554,4903554,24.91156,-87.54714,2025-10-07T19:02:40Z,20251007,2025,760,0.52,99.84,60.301,True,True,True,https://noaa-nws-rtofs-pds.s3.amazonaws.com/rtofs.20251007/rtofs_glo_3dz_f006_6hrly_hvr_US_east.nc
ARGO_GDAC,pfl,aoml/4903554/profiles/D4903554_179.nc|2025-10-10T08:24:37Z|24.85244|-87.56100,aoml/4903554/profiles/D4903554_179.nc,4903554,4903554,24.85244,-87.561,2025-10-10T08:24:37Z,20251010,2025,992,0.92,1973.56,47.1011,True,True,True,https://noaa-nws-rtofs-pds.s3.amazonaws.com/rtofs.20251010/rtofs_glo_3dz_f006_6hrly_hvr_US_east.nc
ARGO_GDAC,pfl,aoml/4903554/profiles/D4903554_179.nc|2025-10-10T08:24:37Z|24.85244|-87.56100,aoml/4903554/profiles/D4903554_179.nc,4903554,4903554,24.85244,-87.561,2025-10-10T08:24:37Z,20251010,2025,771,0.52,99.88,46.5333,True,True,True,https://noaa-nws-rtofs-pds.s3.amazonaws.com/rtofs.20251010/rtofs_glo_3dz_f006_6hrly_hvr_US_east.nc
ARGO_GDAC,pfl,aoml/4903554/profiles/D4903554_180.nc|2025-10-12T21:45:28Z|24.79041|-87.54178,aoml/4903554/profiles/D4903554_180.nc,4903554,4903554,24.79041,-87.54178,2025-10-12T21:45:28Z,20251012,2025,987,1.12,1963.08,58.18,True,True,True,https://noaa-nws-rtofs-pds.s3.amazonaws.com/rtofs.20251012/rtofs_glo_3dz_f006_6hrly_hvr_US_east.nc
ARGO_GDAC,pfl,aoml/4903554/profiles/D4903554_180.nc|2025-10-12T21:45:28Z|24.79041|-87.54178,aoml/4903554/profiles/D4903554_180.nc,4903554,4903554,24.79041,-87.54178,2025-10-12T21:45:28Z,20251012,2025,940,0.8,100.0,58.6554,True,True,True,https://noaa-nws-rtofs-pds.s3.amazonaws.com/rtofs.20251012/rtofs_glo_3dz_f006_6hrly_hvr_US_east.nc
ARGO_GDAC,pfl,aoml/4903554/profiles/D4903554_181.nc|2025-10-15T11:12:23Z|24.75012|-87.52229,aoml/4903554/profiles/D4903554_181.nc,4903554,4903554,24.75012,-87.52229,2025-10-15T11:12:23Z,20251015,2025,990,0.48,1967.52,58.3832,True,True,True,https://noaa-nws-rtofs-pds.s3.amazonaws.com/rtofs.20251015/rtofs_glo_3dz_f006_6hrly_hvr_US_east.nc
ARGO_GDAC,pfl,aoml/4903554/profiles/D4903554_181.nc|2025-10-15T11:12:23Z|24.75012|-87.52229,aoml/4903554/profiles/D4903554_181.nc,4903554,4903554,24.75012,-87.52229,2025-10-15T11:12:23Z,20251015,2025,763,0.48,99.96,59.5745,True,True,True,https://noaa-nws-rtofs-pds.s3.amazonaws.com/rtofs.20251015/rtofs_glo_3dz_f006_6hrly_hvr_US_east.nc
ARGO_GDAC,pfl,aoml/4903554/profiles/D4903554_182.nc|2025-10-18T00:29:06Z|24.70869|-87.46766,aoml/4903554/profiles/D4903554_182.nc,4903554,4903554,24.70869,-87.46766,2025-10-18T00:29:06Z,20251018,2025,986,1.12,1961.44,46.004,True,True,True,https://noaa-nws-rtofs-pds.s3.amazonaws.com/rtofs.20251018/rtofs_glo_3dz_f006_6hrly_hvr_US_east.nc
ARGO_GDAC,pfl,aoml/4903554/profiles/D4903554_182.nc|2025-10-18T00:29:06Z|24.70869|-87.46766,aoml/4903554/profiles/D4903554_182.nc,4903554,4903554,24.70869,-87.46766,2025-10-18T00:29:06Z,20251018,2025,903,0.76,99.88,46.29,True,True,True,https://noaa-nws-rtofs-pds.s3.amazonaws.com/rtofs.20251018/rtofs_glo_3dz_f006_6hrly_hvr_US_east.nc
ARGO_GDAC,pfl,aoml/4903554/profiles/D4903554_183.nc|2025-10-20T13:35:48Z|24.69000|-87.44528,aoml/4903554/profiles/D4903554_183.nc,4903554,4903554,24.69,-87.44528,2025-10-20T13:35:48Z,20251020,2025,952,0.44,1891.56,27.7482,True,True,True,https://noaa-nws-rtofs-pds.s3.amazonaws.com/rtofs.20251020/rtofs_glo_3dz_f006_6hrly_hvr_US_east.nc
ARGO_GDAC,pfl,aoml/4903554/profiles/D4903554_183.nc|2025-10-20T13:35:48Z|24.69000|-87.44528,aoml/4903554/profiles/D4903554_183.nc,4903554,4903554,24.69,-87.44528,2025-10-20T13:35:48Z,20251020,2025,824,0.44,99.88,27.7533,True,True,True,https://noaa-nws-rtofs-pds.s3.amazonaws.com/rtofs.20251020/rtofs_glo_3dz_f006_6hrly_hvr_US_east.nc
ARGO_GDAC,pfl,aoml/4903554/profiles/D4903554_184.nc|2025-10-23T02:47:18Z|24.70083|-87.48295,aoml/4903554/profiles/D4903554_184.nc,4903554,4903554,24.70083,-87.48295,2025-10-23T02:47:18Z,20251023,2025,967,1.08,1923.64,40.1532,True,True,True,https://noaa-nws-rtofs-pds.s3.amazonaws.com/rtofs.20251023/rtofs_glo_3dz_f006_6hrly_hvr_US_east.nc
ARGO_GDAC,pfl,aoml/4903554/profiles/D4903554_184.nc|2025-10-23T02:47:18Z|24.70083|-87.48295,aoml/4903554/profiles/D4903554_184.nc,4903554,4903554,24.70083,-87.48295,2025-10-23T02:47:18Z,20251023,2025,989,0.8,99.88,40.445,True,True,True,https://noaa-nws-rtofs-pds.s3.amazonaws.com/rtofs.20251023/rtofs_glo_3dz_f006_6hrly_hvr_US_east.nc
ARGO_GDAC,pfl,aoml/4903554/profiles/D4903554_185.nc|2025-10-25T15:58:07Z|24.69535|-87.54773,aoml/4903554/profiles/D4903554_185.nc,4903554,4903554,24.69535,-87.54773,2025-10-25T15:58:07Z,20251025,2025,935,0.48,1857.0,28.8685,True,True,True,https://noaa-nws-rtofs-pds.s3.amazonaws.com/rtofs.20251025/rtofs_glo_3dz_f006_6hrly_hvr_US_east.nc
ARGO_GDAC,pfl,aoml/4903554/profiles/D4903554_185.nc|2025-10-25T15:58:07Z|24.69535|-87.54773,aoml/4903554/profiles/D4903554_185.nc,4903554,4903554,24.69535,-87.54773,2025-10-25T15:58:07Z,20251025,2025,968,0.48,99.96,29.5465,True,True,True,https://noaa-nws-rtofs-pds.s3.amazonaws.com/rtofs.20251025/rtofs_glo_3dz_f006_6hrly_hvr_US_east.nc
ARGO_GDAC,pfl,aoml/4903554/profiles/D4903554_186.nc|2025-10-28T05:16:12Z|24.69382|-87.59628,aoml/4903554/profiles/D4903554_186.nc,4903554,4903554,24.69382,-87.59628,2025-10-28T05:16:12Z,20251028,2025,993,0.4,1973.4,21.956,True,True,True,https://noaa-nws-rtofs-pds.s3.amazonaws.com/rtofs.20251028/rtofs_glo_3dz_f006_6hrly_hvr_US_east.nc
ARGO_GDAC,pfl,aoml/4903554/profiles/D4903554_186.nc|2025-10-28T05:16:12Z|24.69382|-87.59628,aoml/4903554/profiles/D4903554_186.nc,4903554,4903554,24.69382,-87.59628,2025-10-28T05:16:12Z,20251028,2025,873,0.4,99.92,22.1252,True,True,True,https://noaa-nws-rtofs-pds.s3.amazonaws.com/rtofs.20251028/rtofs_glo_3dz_f006_6hrly_hvr_US_east.nc
ARGO_GDAC,pfl,aoml/4903554/profiles/D4903554_187.nc|2025-10-30T18:41:26Z|24.71868|-87.63011,aoml/4903554/profiles/D4903554_187.nc,4903554,4903554,24.71868,-87.63011,2025-10-30T18:41:26Z,20251030,2025,989,1.16,1967.56,29.4642,True,True,True,https://noaa-nws-rtofs-pds.s3.amazonaws.com/rtofs.20251030/rtofs_glo_3dz_f006_6hrly_hvr_US_east.nc
ARGO_GDAC,pfl,aoml/4903554/profiles/D4903554_187.nc|2025-10-30T18:41:26Z|24.71868|-87.63011,aoml/4903554/profiles/D4903554_187.nc,4903554,4903554,24.71868,-87.63011,2025-10-30T18:41:26Z,20251030,2025,1020,1.48,99.92,30.075,True,True,True,https://noaa-nws-rtofs-pds.s3.amazonaws.com/rtofs.20251030/rtofs_glo_3dz_f006_6hrly_hvr_US_east.nc
ARGO_GDAC,pfl,aoml/4903554/profiles/D4903554_188.nc|2025-11-02T08:01:30Z|24.73659|-87.63684,aoml/4903554/profiles/D4903554_188.nc,4903554,4903554,24.73659,-87.63684,2025-11-02T08:01:30Z,20251102,2025,989,1.08,1967.16,33.9012,True,True,True,https://noaa-nws-rtofs-pds.s3.amazonaws.com/rtofs.20251102/rtofs_glo_3dz_f006_6hrly_hvr_US_east.nc
ARGO_GDAC,pfl,aoml/4903554/profiles/D4903554_188.nc|2025-11-02T08:01:30Z|24.73659|-87.63684,aoml/4903554/profiles/D4903554_188.nc,4903554,4903554,24.73659,-87.63684,2025-11-02T08:01:30Z,20251102,2025,828,0.76,99.88,34.0017,True,True,True,https://noaa-nws-rtofs-pds.s3.amazonaws.com/rtofs.20251102/rtofs_glo_3dz_f006_6hrly_hvr_US_east.nc
ARGO_GDAC,pfl,aoml/4903554/profiles/D4903554_189.nc|2025-11-04T21:18:59Z|24.71832|-87.66983,aoml/4903554/profiles/D4903554_189.nc,4903554,4903554,24.71832,-87.66983,2025-11-04T21:18:59Z,20251104,2025,989,0.92,1967.04,21.9996,True,True,True,https://noaa-nws-rtofs-pds.s3.amazonaws.com/rtofs.20251104/rtofs_glo_3dz_f006_6hrly_hvr_US_east.nc
ARGO_GDAC,pfl,aoml/4903554/profiles/D4903554_189.nc|2025-11-04T21:18:59Z|24.71832|-87.66983,aoml/4903554/profiles/D4903554_189.nc,4903554,4903554,24.71832,-87.66983,2025-11-04T21:18:59Z,20251104,2025,919,0.52,99.92,21.958,True,True,True,https://noaa-nws-rtofs-pds.s3.amazonaws.com/rtofs.20251104/rtofs_glo_3dz_f006_6hrly_hvr_US_east.nc
ARGO_GDAC,pfl,aoml/4903554/profiles/D4903554_190.nc|2025-11-07T10:31:13Z|24.70691|-87.70279,aoml/4903554/profiles/D4903554_190.nc,4903554,4903554,24.70691,-87.70279,2025-11-07T10:31:13Z,20251107,2025,947,1.04,1883.64,42.3382,True,True,True,https://noaa-nws-rtofs-pds.s3.amazonaws.com/rtofs.20251107/rtofs_glo_3dz_f006_6hrly_hvr_US_east.nc
ARGO_GDAC,pfl,aoml/4903554/profiles/D4903554_190.nc|2025-11-07T10:31:13Z|24.70691|-87.70279,aoml/4903554/profiles/D4903554_190.nc,4903554,4903554,24.70691,-87.70279,2025-11-07T10:31:13Z,20251107,2025,904,0.68,99.96,42.6837,True,True,True,https://noaa-nws-rtofs-pds.s3.amazonaws.com/rtofs.20251107/rtofs_glo_3dz_f006_6hrly_hvr_US_east.nc
ARGO_GDAC,pfl,aoml/4903554/profiles/D4903554_191.nc|2025-11-09T23:40:20Z|24.71121|-87.69227,aoml/4903554/profiles/D4903554_191.nc,4903554,4903554,24.71121,-87.69227,2025-11-09T23:40:20Z,20251109,2025,977,1.0,1943.2,15.0021,True,True,True,https://noaa-nws-rtofs-pds.s3.amazonaws.com/rtofs.20251109/rtofs_glo_3dz_f006_6hrly_hvr_US_east.nc
ARGO_GDAC,pfl,aoml/4903554/profiles/D4903554_191.nc|2025-11-09T23:40:20Z|24.71121|-87.69227,aoml/4903554/profiles/D4903554_191.nc,4903554,4903554,24.71121,-87.69227,2025-11-09T23:40:20Z,20251109,2025,871,0.56,99.96,15.4,True,True,True,https://noaa-nws-rtofs-pds.s3.amazonaws.com/rtofs.20251109/rtofs_glo_3dz_f006_6hrly_hvr_US_east.nc
ARGO_GDAC,pfl,aoml/4903554/profiles/D4903554_192.nc|2025-11-12T12:53:57Z|24.71215|-87.70499,aoml/4903554/profiles/D4903554_192.nc,4903554,4903554,24.71215,-87.70499,2025-11-12T12:53:57Z,20251112,2025,949,1.04,1887.36,13.6797,True,True,True,https://noaa-nws-rtofs-pds.s3.amazonaws.com/rtofs.20251112/rtofs_glo_3dz_f006_6hrly_hvr_US_east.nc
ARGO_GDAC,pfl,aoml/4903554/profiles/D4903554_192.nc|2025-11-12T12:53:57Z|24.71215|-87.70499,aoml/4903554/profiles/D4903554_192.nc,4903554,4903554,24.71215,-87.70499,2025-11-12T12:53:57Z,20251112,2025,953,0.6,99.96,13.3562,True,True,True,https://noaa-nws-rtofs-pds.s3.amazonaws.com/rtofs.20251112/rtofs_glo_3dz_f006_6hrly_hvr_US_east.nc
ARGO_GDAC,pfl,aoml/4903554/profiles/D4903554_193.nc|2025-11-15T02:03:34Z|24.72185|-87.68565,aoml/4903554/profiles/D4903554_193.nc,4903554,4903554,24.72185,-87.68565,2025-11-15T02:03:34Z,20251115,2025,961,1.0,1911.4,71.9485,True,True,True,https://noaa-nws-rtofs-pds.s3.amazonaws.com/rtofs.20251115/rtofs_glo_3dz_f006_6hrly_hvr_US_east.nc
ARGO_GDAC,pfl,aoml/4903554/profiles/D4903554_193.nc|2025-11-15T02:03:34Z|24.72185|-87.68565,aoml/4903554/profiles/D4903554_193.nc,4903554,4903554,24.72185,-87.68565,2025-11-15T02:03:34Z,20251115,2025,841,0.52,99.92,72.3627,True,True,True,https://noaa-nws-rtofs-pds.s3.amazonaws.com/rtofs.20251115/rtofs_glo_3dz_f006_6hrly_hvr_US_east.nc
ARGO_GDAC,pfl,aoml/4903554/profiles/D4903554_194.nc|2025-11-17T15:24:49Z|24.73003|-87.67198,aoml/4903554/profiles/D4903554_194.nc,4903554,4903554,24.73003,-87.67198,2025-11-17T15:24:49Z,20251117,2025,992,1.0,1973.32,73.4575,True,True,True,https://noaa-nws-rtofs-pds.s3.amazonaws.com/rtofs.20251117/rtofs_glo_3dz_f006_6hrly_hvr_US_east.nc
ARGO_GDAC,pfl,aoml/4903554/profiles/D4903554_194.nc|2025-11-17T15:24:49Z|24.73003|-87.67198,aoml/4903554/profiles/D4903554_194.nc,4903554,4903554,24.73003,-87.67198,2025-11-17T15:24:49Z,20251117,2025,831,0.68,99.92,73.8991,True,True,True,https://noaa-nws-rtofs-pds.s3.amazonaws.com/rtofs.20251117/rtofs_glo_3dz_f006_6hrly_hvr_US_east.nc
ARGO_GDAC,pfl,aoml/4903554/profiles/D4903554_195.nc|2025-11-20T04:42:09Z|24.73921|-87.67181,aoml/4903554/profiles/D4903554_195.nc,4903554,4903554,24.73921,-87.67181,2025-11-20T04:42:09Z,20251120,2025,985,0.96,1959.52,26.0345,True,True,True,https://noaa-nws-rtofs-pds.s3.amazonaws.com/rtofs.20251120/rtofs_glo_3dz_f006_6hrly_hvr_US_east.nc
ARGO_GDAC,pfl,aoml/4903554/profiles/D4903554_195.nc|2025-11-20T04:42:09Z|24.73921|-87.67181,aoml/4903554/profiles/D4903554_195.nc,4903554,4903554,24.73921,-87.67181,2025-11-20T04:42:09Z,20251120,2025,854,0.52,99.92,26.3041,True,True,True,https://noaa-nws-rtofs-pds.s3.amazonaws.com/rtofs.20251120/rtofs_glo_3dz_f006_6hrly_hvr_US_east.nc
ARGO_GDAC,pfl,aoml/4903554/profiles/D4903554_196.nc|2025-11-22T18:00:16Z|24.74501|-87.67651,aoml/4903554/profiles/D4903554_196.nc,4903554,4903554,24.74501,-87.67651,2025-11-22T18:00:16Z,20251122,2025,990,0.48,1967.28,49.4579,True,True,True,https://noaa-nws-rtofs-pds.s3.amazonaws.com/rtofs.20251122/rtofs_glo_3dz_f006_6hrly_hvr_US_east.nc
ARGO_GDAC,pfl,aoml/4903554/profiles/D4903554_196.nc|2025-11-22T18:00:16Z|24.74501|-87.67651,aoml/4903554/profiles/D4903554_196.nc,4903554,4903554,24.74501,-87.67651,2025-11-22T18:00:16Z,20251122,2025,823,0.48,100.0,49.2079,True,True,True,https://noaa-nws-rtofs-pds.s3.amazonaws.com/rtofs.20251122/rtofs_glo_3dz_f006_6hrly_hvr_US_east.nc
ARGO_GDAC,pfl,aoml/4903554/profiles/D4903554_197.nc|2025-11-25T07:24:12Z|24.81773|-87.73508,aoml/4903554/profiles/D4903554_197.nc,4903554,4903554,24.81773,-87.73508,2025-11-25T07:24:12Z,20251125,2025,988,0.96,1965.96,42.4665,True,True,True,https://noaa-nws-rtofs-pds.s3.amazonaws.com/rtofs.20251125/rtofs_glo_3dz_f006_6hrly_hvr_US_east.nc
ARGO_GDAC,pfl,aoml/4903554/profiles/D4903554_197.nc|2025-11-25T07:24:12Z|24.81773|-87.73508,aoml/4903554/profiles/D4903554_197.nc,4903554,4903554,24.81773,-87.73508,2025-11-25T07:24:12Z,20251125,2025,796,0.52,99.96,42.9943,True,True,True,https://noaa-nws-rtofs-pds.s3.amazonaws.com/rtofs.20251125/rtofs_glo_3dz_f006_6hrly_hvr_US_east.nc
ARGO_GDAC,pfl,aoml/4903554/profiles/D4903554_198.nc|2025-11-27T20:43:45Z|24.87457|-87.84119,aoml/4903554/profiles/D4903554_198.nc,4903554,4903554,24.87457,-87.84119,2025-11-27T20:43:45Z,20251127,2025,995,0.92,1979.36,24.1436,True,True,True,https://noaa-nws-rtofs-pds.s3.amazonaws.com/rtofs.20251127/rtofs_glo_3dz_f006_6hrly_hvr_US_east.nc
ARGO_GDAC,pfl,aoml/4903554/profiles/D4903554_198.nc|2025-11-27T20:43:45Z|24.87457|-87.84119,aoml/4903554/profiles/D4903554_198.nc,4903554,4903554,24.87457,-87.84119,2025-11-27T20:43:45Z,20251127,2025,815,0.56,99.84,23.7915,True,True,True,https://noaa-nws-rtofs-pds.s3.amazonaws.com/rtofs.20251127/rtofs_glo_3dz_f006_6hrly_hvr_US_east.nc
ARGO_GDAC,pfl,aoml/4903554/profiles/D4903554_199.nc|2025-11-30T10:10:01Z|24.93339|-87.92815,aoml/4903554/profiles/D4903554_199.nc,4903554,4903554,24.93339,-87.92815,2025-11-30T10:10:01Z,20251130,2025,986,0.44,1959.56,26.1826,True,True,True,https://noaa-nws-rtofs-pds.s3.amazonaws.com/rtofs.20251130/rtofs_glo_3dz_f006_6hrly_hvr_US_east.nc
ARGO_GDAC,pfl,aoml/4903554/profiles/D4903554_199.nc|2025-11-30T10:10:01Z|24.93339|-87.92815,aoml/4903554/profiles/D4903554_199.nc,4903554,4903554,24.93339,-87.92815,2025-11-30T10:10:01Z,20251130,2025,867,0.44,100.0,25.368,True,True,True,https://noaa-nws-rtofs-pds.s3.amazonaws.com/rtofs.20251130/rtofs_glo_3dz_f006_6hrly_hvr_US_east.nc
ARGO_GDAC,pfl,aoml/4903554/profiles/D4903554_200.nc|2025-12-02T23:29:27Z|25.00676|-87.89088,aoml/4903554/profiles/D4903554_200.nc,4903554,4903554,25.00676,-87.89088,2025-12-02T23:29:27Z,20251202,2025,996,0.44,1979.6,49.1314,True,True,True,https://noaa-nws-rtofs-pds.s3.amazonaws.com/rtofs.20251202/rtofs_glo_3dz_f006_6hrly_hvr_US_east.nc
ARGO_GDAC,pfl,aoml/4903554/profiles/D4903554_200.nc|2025-12-02T23:29:27Z|25.00676|-87.89088,aoml/4903554/profiles/D4903554_200.nc,4903554,4903554,25.00676,-87.89088,2025-12-02T23:29:27Z,20251202,2025,807,0.44,99.88,49.16,True,True,True,https://noaa-nws-rtofs-pds.s3.amazonaws.com/rtofs.20251202/rtofs_glo_3dz_f006_6hrly_hvr_US_east.nc
ARGO_GDAC,pfl,aoml/4903554/profiles/D4903554_201.nc|2025-12-05T12:52:12Z|25.06121|-87.85970,aoml/4903554/profiles/D4903554_201.nc,4903554,4903554,25.06121,-87.8597,2025-12-05T12:52:12Z,20251205,2025,989,1.0,1967.6,40.1945,True,True,True,https://noaa-nws-rtofs-pds.s3.amazonaws.com/rtofs.20251205/rtofs_glo_3dz_f006_6hrly_hvr_US_east.nc
ARGO_GDAC,pfl,aoml/4903554/profiles/D4903554_201.nc|2025-12-05T12:52:12Z|25.06121|-87.85970,aoml/4903554/profiles/D4903554_201.nc,4903554,4903554,25.06121,-87.8597,2025-12-05T12:52:12Z,20251205,2025,916,0.56,99.88,40.2253,True,True,True,https://noaa-nws-rtofs-pds.s3.amazonaws.com/rtofs.20251205/rtofs_glo_3dz_f006_6hrly_hvr_US_east.nc
ARGO_GDAC,pfl,aoml/4903554/profiles/D4903554_202.nc|2025-12-08T02:17:39Z|25.12998|-87.80360,aoml/4903554/profiles/D4903554_202.nc,4903554,4903554,25.12998,-87.8036,2025-12-08T02:17:39Z,20251208,2025,996,0.44,1979.16,54.6713,True,True,True,https://noaa-nws-rtofs-pds.s3.amazonaws.com/rtofs.20251208/rtofs_glo_3dz_f006_6hrly_hvr_US_east.nc
ARGO_GDAC,pfl,aoml/4903554/profiles/D4903554_202.nc|2025-12-08T02:17:39Z|25.12998|-87.80360,aoml/4903554/profiles/D4903554_202.nc,4903554,4903554,25.12998,-87.8036,2025-12-08T02:17:39Z,20251208,2025,799,0.44,99.96,55.0507,True,True,True,https://noaa-nws-rtofs-pds.s3.amazonaws.com/rtofs.20251208/rtofs_glo_3dz_f006_6hrly_hvr_US_east.nc
ARGO_GDAC,pfl,aoml/4903554/profiles/D4903554_203.nc|2025-12-10T15:38:39Z|25.24149|-87.67373,aoml/4903554/profiles/D4903554_203.nc,4903554,4903554,25.24149,-87.67373,2025-12-10T15:38:39Z,20251210,2025,991,0.4,1969.4,65.5342,True,True,True,https://noaa-nws-rtofs-pds.s3.amazonaws.com/rtofs.20251210/rtofs_glo_3dz_f006_6hrly_hvr_US_east.nc
ARGO_GDAC,pfl,aoml/4903554/profiles/D4903554_203.nc|2025-12-10T15:38:39Z|25.24149|-87.67373,aoml/4903554/profiles/D4903554_203.nc,4903554,4903554,25.24149,-87.67373,2025-12-10T15:38:39Z,20251210,2025,796,0.4,99.96,65.6267,True,True,True,https://noaa-nws-rtofs-pds.s3.amazonaws.com/rtofs.20251210/rtofs_glo_3dz_f006_6hrly_hvr_US_east.nc
ARGO_GDAC,pfl,aoml/4903554/profiles/D4903554_204.nc|2025-12-13T05:00:22Z|25.37011|-87.72277,aoml/4903554/profiles/D4903554_204.nc,4903554,4903554,25.37011,-87.72277,2025-12-13T05:00:22Z,20251213,2025,990,1.04,1969.64,78.4106,True,True,True,https://noaa-nws-rtofs-pds.s3.amazonaws.com/rtofs.20251213/rtofs_glo_3dz_f006_6hrly_hvr_US_east.nc
ARGO_GDAC,pfl,aoml/4903554/profiles/D4903554_204.nc|2025-12-13T05:00:22Z|25.37011|-87.72277,aoml/4903554/profiles/D4903554_204.nc,4903554,4903554,25.37011,-87.72277,2025-12-13T05:00:22Z,20251213,2025,845,0.56,99.96,78.6371,True,True,True,https://noaa-nws-rtofs-pds.s3.amazonaws.com/rtofs.20251213/rtofs_glo_3dz_f006_6hrly_hvr_US_east.nc
ARGO_GDAC,pfl,aoml/4903554/profiles/D4903554_205.nc|2025-12-15T18:19:50Z|25.43587|-87.92762,aoml/4903554/profiles/D4903554_205.nc,4903554,4903554,25.43587,-87.92762,2025-12-15T18:19:50Z,20251215,2025,995,0.48,1977.8,23.0891,True,True,True,https://noaa-nws-rtofs-pds.s3.amazonaws.com/rtofs.20251215/rtofs_glo_3dz_f006_6hrly_hvr_US_east.nc
ARGO_GDAC,pfl,aoml/4903554/profiles/D4903554_205.nc|2025-12-15T18:19:50Z|25.43587|-87.92762,aoml/4903554/profiles/D4903554_205.nc,4903554,4903554,25.43587,-87.92762,2025-12-15T18:19:50Z,20251215,2025,782,0.48,100.0,22.9428,True,True,True,https://noaa-nws-rtofs-pds.s3.amazonaws.com/rtofs.20251215/rtofs_glo_3dz_f006_6hrly_hvr_US_east.nc
ARGO_GDAC,pfl,aoml/4903554/profiles/R4903554_206.nc|2025-12-18T07:40:54Z|25.45457|-87.97264,aoml/4903554/profiles/R4903554_206.nc,4903554,4903554,25.45457,-87.97264,2025-12-18T07:40:54Z,20251218,2025,997,0.48,1981.56,33.0667,True,True,True,https://noaa-nws-rtofs-pds.s3.amazonaws.com/rtofs.20251218/rtofs_glo_3dz_f006_6hrly_hvr_US_east.nc
ARGO_GDAC,pfl,aoml/4903554/profiles/R4903554_206.nc|2025-12-18T07:40:54Z|25.45457|-87.97264,aoml/4903554/profiles/R4903554_206.nc,4903554,4903554,25.45457,-87.97264,2025-12-18T07:40:54Z,20251218,2025,774,0.48,99.92,33.2756,True,True,True,https://noaa-nws-rtofs-pds.s3.amazonaws.com/rtofs.20251218/rtofs_glo_3dz_f006_6hrly_hvr_US_east.nc
ARGO_GDAC,pfl,aoml/4903554/profiles/R4903554_207.nc|2025-12-23T09:05:16Z|25.58807|-88.02723,aoml/4903554/profiles/R4903554_207.nc,4903554,4903554,25.58807,-88.02723,2025-12-23T09:05:16Z,20251223,2025,992,1.04,1973.64,86.5637,True,True,True,https://noaa-nws-rtofs-pds.s3.amazonaws.com/rtofs.20251223/rtofs_glo_3dz_f006_6hrly_hvr_US_east.nc
ARGO_GDAC,pfl,aoml/4903554/profiles/R4903554_207.nc|2025-12-23T09:05:16Z|25.58807|-88.02723,aoml/4903554/profiles/R4903554_207.nc,4903554,4903554,25.58807,-88.02723,2025-12-23T09:05:16Z,20251223,2025,766,0.6,99.96,86.1625,True,True,True,https://noaa-nws-rtofs-pds.s3.amazonaws.com/rtofs.20251223/rtofs_glo_3dz_f006_6hrly_hvr_US_east.nc
ARGO_GDAC,pfl,aoml/4903554/profiles/R4903554_208.nc|2025-12-28T10:26:49Z|25.70114|-88.38128,aoml/4903554/profiles/R4903554_208.nc,4903554,4903554,25.70114,-88.38128,2025-12-28T10:26:49Z,20251228,2025,985,1.08,1959.76,88.7384,True,True,True,https://noaa-nws-rtofs-pds.s3.amazonaws.com/rtofs.20251228/rtofs_glo_3dz_f006_6hrly_hvr_US_east.nc
ARGO_GDAC,pfl,aoml/4903554/profiles/R4903554_208.nc|2025-12-28T10:26:49Z|25.70114|-88.38128,aoml/4903554/profiles/R4903554_208.nc,4903554,4903554,25.70114,-88.38128,2025-12-28T10:26:49Z,20251228,2025,850,0.72,99.84,88.621,True,True,True,https://noaa-nws-rtofs-pds.s3.amazonaws.com/rtofs.20251228/rtofs_glo_3dz_f006_6hrly_hvr_US_east.nc
ARGO_GDAC,pfl,aoml/4903555/profiles/D4903555_042.nc|2024-01-03T04:33:19Z|25.51152|-90.47432,aoml/4903555/profiles/D4903555_042.nc,4903555,4903555,25.51152,-90.47432,2024-01-03T04:33:19Z,20240103,2024,1011,1.04,2011.24,173.9856,True,False,False,
ARGO_GDAC,pfl,aoml/4903555/profiles/D4903555_042.nc|2024-01-03T04:33:19Z|25.51152|-90.47432,aoml/4903555/profiles/D4903555_042.nc,4903555,4903555,25.51152,-90.47432,2024-01-03T04:33:19Z,20240103,2024,799,0.52,100.0,,False,False,False,
ARGO_GDAC,pfl,aoml/4903555/profiles/D4903555_043.nc|2024-01-08T05:50:45Z|25.60530|-90.67236,aoml/4903555/profiles/D4903555_043.nc,4903555,4903555,25.6053,-90.67236,2024-01-08T05:50:45Z,20240108,2024,1010,1.0,2009.6,168.1485,True,False,False,
ARGO_GDAC,pfl,aoml/4903555/profiles/D4903555_043.nc|2024-01-08T05:50:45Z|25.60530|-90.67236,aoml/4903555/profiles/D4903555_043.nc,4903555,4903555,25.6053,-90.67236,2024-01-08T05:50:45Z,20240108,2024,792,0.64,100.0,,False,False,False,
ARGO_GDAC,pfl,aoml/4903555/profiles/D4903555_044.nc|2024-01-13T07:09:26Z|25.80816|-90.82120,aoml/4903555/profiles/D4903555_044.nc,4903555,4903555,25.80816,-90.8212,2024-01-13T07:09:26Z,20240113,2024,1009,1.04,2007.44,188.3992,True,False,False,
ARGO_GDAC,pfl,aoml/4903555/profiles/D4903555_044.nc|2024-01-13T07:09:26Z|25.80816|-90.82120,aoml/4903555/profiles/D4903555_044.nc,4903555,4903555,25.80816,-90.8212,2024-01-13T07:09:26Z,20240113,2024,838,0.56,99.92,,False,False,False,
ARGO_GDAC,pfl,aoml/4903555/profiles/D4903555_045.nc|2024-01-18T08:35:43Z|25.96608|-90.78114,aoml/4903555/profiles/D4903555_045.nc,4903555,4903555,25.96608,-90.78114,2024-01-18T08:35:43Z,20240118,2024,1014,0.4,2015.4,183.1557,True,False,False,
ARGO_GDAC,pfl,aoml/4903555/profiles/D4903555_045.nc|2024-01-18T08:35:43Z|25.96608|-90.78114,aoml/4903555/profiles/D4903555_045.nc,4903555,4903555,25.96608,-90.78114,2024-01-18T08:35:43Z,20240118,2024,632,0.4,99.96,,False,False,False,
ARGO_GDAC,pfl,aoml/4903555/profiles/D4903555_046.nc|2024-01-23T09:58:13Z|26.06197|-90.61345,aoml/4903555/profiles/D4903555_046.nc,4903555,4903555,26.06197,-90.61345,2024-01-23T09:58:13Z,20240123,2024,1011,0.48,2009.68,195.7239,True,False,False,
ARGO_GDAC,pfl,aoml/4903555/profiles/D4903555_046.nc|2024-01-23T09:58:13Z|26.06197|-90.61345,aoml/4903555/profiles/D4903555_046.nc,4903555,4903555,26.06197,-90.61345,2024-01-23T09:58:13Z,20240123,2024,849,0.48,99.96,,False,False,False,
ARGO_GDAC,pfl,aoml/4903555/profiles/D4903555_047.nc|2024-01-28T11:17:39Z|25.85336|-90.20832,aoml/4903555/profiles/D4903555_047.nc,4903555,4903555,25.85336,-90.20832,2024-01-28T11:17:39Z,20240128,2024,1008,1.04,2005.2,161.8495,True,False,True,https://noaa-nws-rtofs-pds.s3.amazonaws.com/rtofs.20240128/rtofs_glo_3dz_f006_6hrly_hvr_US_east.nc
ARGO_GDAC,pfl,aoml/4903555/profiles/D4903555_047.nc|2024-01-28T11:17:39Z|25.85336|-90.20832,aoml/4903555/profiles/D4903555_047.nc,4903555,4903555,25.85336,-90.20832,2024-01-28T11:17:39Z,20240128,2024,734,0.64,99.92,,False,False,True,https://noaa-nws-rtofs-pds.s3.amazonaws.com/rtofs.20240128/rtofs_glo_3dz_f006_6hrly_hvr_US_east.nc
ARGO_GDAC,pfl,aoml/4903555/profiles/D4903555_048.nc|2024-02-02T12:37:45Z|25.60891|-89.94658,aoml/4903555/profiles/D4903555_048.nc,4903555,4903555,25.60891,-89.94658,2024-02-02T12:37:45Z,20240202,2024,1010,1.24,2009.88,91.3762,True,True,True,https://noaa-nws-rtofs-pds.s3.amazonaws.com/rtofs.20240202/rtofs_glo_3dz_f006_6hrly_hvr_US_east.nc
ARGO_GDAC,pfl,aoml/4903555/profiles/D4903555_048.nc|2024-02-02T12:37:45Z|25.60891|-89.94658,aoml/4903555/profiles/D4903555_048.nc,4903555,4903555,25.60891,-89.94658,2024-02-02T12:37:45Z,20240202,2024,775,1.04,99.88,91.0655,True,True,True,https://noaa-nws-rtofs-pds.s3.amazonaws.com/rtofs.20240202/rtofs_glo_3dz_f006_6hrly_hvr_US_east.nc
ARGO_GDAC,pfl,aoml/4903555/profiles/D4903555_049.nc|2024-02-07T13:58:26Z|25.26930|-90.08240,aoml/4903555/profiles/D4903555_049.nc,4903555,4903555,25.2693,-90.0824,2024-02-07T13:58:26Z,20240207,2024,1011,1.0,2011.96,128.3066,True,False,True,https://noaa-nws-rtofs-pds.s3.amazonaws.com/rtofs.20240207/rtofs_glo_3dz_f006_6hrly_hvr_US_east.nc
ARGO_GDAC,pfl,aoml/4903555/profiles/D4903555_049.nc|2024-02-07T13:58:26Z|25.26930|-90.08240,aoml/4903555/profiles/D4903555_049.nc,4903555,4903555,25.2693,-90.0824,2024-02-07T13:58:26Z,20240207,2024,697,0.64,99.88,,False,False,True,https://noaa-nws-rtofs-pds.s3.amazonaws.com/rtofs.20240207/rtofs_glo_3dz_f006_6hrly_hvr_US_east.nc
ARGO_GDAC,pfl,aoml/4903555/profiles/D4903555_050.nc|2024-02-12T15:18:43Z|25.17474|-90.01891,aoml/4903555/profiles/D4903555_050.nc,4903555,4903555,25.17474,-90.01891,2024-02-12T15:18:43Z,20240212,2024,1013,1.04,2015.2,128.84,True,False,True,https://noaa-nws-rtofs-pds.s3.amazonaws.com/rtofs.20240212/rtofs_glo_3dz_f006_6hrly_hvr_US_east.nc
ARGO_GDAC,pfl,aoml/4903555/profiles/D4903555_050.nc|2024-02-12T15:18:43Z|25.17474|-90.01891,aoml/4903555/profiles/D4903555_050.nc,4903555,4903555,25.17474,-90.01891,2024-02-12T15:18:43Z,20240212,2024,771,0.6,99.84,,False,False,True,https://noaa-nws-rtofs-pds.s3.amazonaws.com/rtofs.20240212/rtofs_glo_3dz_f006_6hrly_hvr_US_east.nc
ARGO_GDAC,pfl,aoml/4903555/profiles/D4903555_051.nc|2024-02-17T16:33:51Z|25.10630|-90.06487,aoml/4903555/profiles/D4903555_051.nc,4903555,4903555,25.1063,-90.06487,2024-02-17T16:33:51Z,20240217,2024,1007,1.04,2003.84,51.9218,True,True,True,https://noaa-nws-rtofs-pds.s3.amazonaws.com/rtofs.20240217/rtofs_glo_3dz_f006_6hrly_hvr_US_east.nc
ARGO_GDAC,pfl,aoml/4903555/profiles/D4903555_051.nc|2024-02-17T16:33:51Z|25.10630|-90.06487,aoml/4903555/profiles/D4903555_051.nc,4903555,4903555,25.1063,-90.06487,2024-02-17T16:33:51Z,20240217,2024,716,0.56,99.96,51.64,True,True,True,https://noaa-nws-rtofs-pds.s3.amazonaws.com/rtofs.20240217/rtofs_glo_3dz_f006_6hrly_hvr_US_east.nc
ARGO_GDAC,pfl,aoml/4903555/profiles/D4903555_052.nc|2024-02-22T17:46:30Z|25.16992|-90.24088,aoml/4903555/profiles/D4903555_052.nc,4903555,4903555,25.16992,-90.24088,2024-02-22T17:46:30Z,20240222,2024,1011,0.96,2011.24,42.799,True,True,True,https://noaa-nws-rtofs-pds.s3.amazonaws.com/rtofs.20240222/rtofs_glo_3dz_f006_6hrly_hvr_US_east.nc
ARGO_GDAC,pfl,aoml/4903555/profiles/D4903555_052.nc|2024-02-22T17:46:30Z|25.16992|-90.24088,aoml/4903555/profiles/D4903555_052.nc,4903555,4903555,25.16992,-90.24088,2024-02-22T17:46:30Z,20240222,2024,674,0.6,99.88,42.7202,True,True,True,https://noaa-nws-rtofs-pds.s3.amazonaws.com/rtofs.20240222/rtofs_glo_3dz_f006_6hrly_hvr_US_east.nc
ARGO_GDAC,pfl,aoml/4903555/profiles/D4903555_053.nc|2024-02-27T19:09:16Z|24.99045|-90.50649,aoml/4903555/profiles/D4903555_053.nc,4903555,4903555,24.99045,-90.50649,2024-02-27T19:09:16Z,20240227,2024,1012,1.08,2013.8,30.7257,True,True,True,https://noaa-nws-rtofs-pds.s3.amazonaws.com/rtofs.20240227/rtofs_glo_3dz_f006_6hrly_hvr_US_east.nc
ARGO_GDAC,pfl,aoml/4903555/profiles/D4903555_053.nc|2024-02-27T19:09:16Z|24.99045|-90.50649,aoml/4903555/profiles/D4903555_053.nc,4903555,4903555,24.99045,-90.50649,2024-02-27T19:09:16Z,20240227,2024,713,0.64,99.88,30.9236,True,True,True,https://noaa-nws-rtofs-pds.s3.amazonaws.com/rtofs.20240227/rtofs_glo_3dz_f006_6hrly_hvr_US_east.nc
ARGO_GDAC,pfl,aoml/4903555/profiles/D4903555_054.nc|2024-03-03T20:29:55Z|25.28334|-90.33677,aoml/4903555/profiles/D4903555_054.nc,4903555,4903555,25.28334,-90.33677,2024-03-03T20:29:55Z,20240303,2024,1011,1.04,2011.24,22.4416,True,True,True,https://noaa-nws-rtofs-pds.s3.amazonaws.com/rtofs.20240303/rtofs_glo_3dz_f006_6hrly_hvr_US_east.nc
ARGO_GDAC,pfl,aoml/4903555/profiles/D4903555_054.nc|2024-03-03T20:29:55Z|25.28334|-90.33677,aoml/4903555/profiles/D4903555_054.nc,4903555,4903555,25.28334,-90.33677,2024-03-03T20:29:55Z,20240303,2024,713,0.64,99.96,22.7533,True,True,True,https://noaa-nws-rtofs-pds.s3.amazonaws.com/rtofs.20240303/rtofs_glo_3dz_f006_6hrly_hvr_US_east.nc
ARGO_GDAC,pfl,aoml/4903555/profiles/D4903555_055.nc|2024-03-08T21:56:47Z|25.74245|-90.98961,aoml/4903555/profiles/D4903555_055.nc,4903555,4903555,25.74245,-90.98961,2024-03-08T21:56:47Z,20240308,2024,1011,1.04,2011.0,23.5583,True,True,True,https://noaa-nws-rtofs-pds.s3.amazonaws.com/rtofs.20240308/rtofs_glo_3dz_f006_6hrly_hvr_US_east.nc
ARGO_GDAC,pfl,aoml/4903555/profiles/D4903555_055.nc|2024-03-08T21:56:47Z|25.74245|-90.98961,aoml/4903555/profiles/D4903555_055.nc,4903555,4903555,25.74245,-90.98961,2024-03-08T21:56:47Z,20240308,2024,776,0.56,99.96,24.2209,True,True,True,https://noaa-nws-rtofs-pds.s3.amazonaws.com/rtofs.20240308/rtofs_glo_3dz_f006_6hrly_hvr_US_east.nc
ARGO_GDAC,pfl,aoml/4903555/profiles/D4903555_056.nc|2024-03-13T23:12:59Z|25.62117|-91.70724,aoml/4903555/profiles/D4903555_056.nc,4903555,4903555,25.62117,-91.70724,2024-03-13T23:12:59Z,20240313,2024,1009,1.04,2007.6,32.8541,True,True,True,https://noaa-nws-rtofs-pds.s3.amazonaws.com/rtofs.20240313/rtofs_glo_3dz_f006_6hrly_hvr_US_east.nc
ARGO_GDAC,pfl,aoml/4903555/profiles/D4903555_056.nc|2024-03-13T23:12:59Z|25.62117|-91.70724,aoml/4903555/profiles/D4903555_056.nc,4903555,4903555,25.62117,-91.70724,2024-03-13T23:12:59Z,20240313,2024,718,0.64,99.92,31.6364,True,True,True,https://noaa-nws-rtofs-pds.s3.amazonaws.com/rtofs.20240313/rtofs_glo_3dz_f006_6hrly_hvr_US_east.nc
ARGO_GDAC,pfl,aoml/4903555/profiles/D4903555_057.nc|2024-03-19T00:28:42Z|25.60874|-92.50908,aoml/4903555/profiles/D4903555_057.nc,4903555,4903555,25.60874,-92.50908,2024-03-19T00:28:42Z,20240319,2024,1011,1.08,2011.64,85.5176,True,True,True,https://noaa-nws-rtofs-pds.s3.amazonaws.com/rtofs.20240319/rtofs_glo_3dz_f006_6hrly_hvr_US_east.nc
ARGO_GDAC,pfl,aoml/4903555/profiles/D4903555_057.nc|2024-03-19T00:28:42Z|25.60874|-92.50908,aoml/4903555/profiles/D4903555_057.nc,4903555,4903555,25.60874,-92.50908,2024-03-19T00:28:42Z,20240319,2024,768,0.68,99.92,85.72,True,True,True,https://noaa-nws-rtofs-pds.s3.amazonaws.com/rtofs.20240319/rtofs_glo_3dz_f006_6hrly_hvr_US_east.nc
ARGO_GDAC,pfl,aoml/4903555/profiles/D4903555_058.nc|2024-03-24T01:46:23Z|25.65704|-93.20925,aoml/4903555/profiles/D4903555_058.nc,4903555,4903555,25.65704,-93.20925,2024-03-24T01:46:23Z,20240324,2024,1008,0.96,2005.4,74.9057,True,True,True,https://noaa-nws-rtofs-pds.s3.amazonaws.com/rtofs.20240324/rtofs_glo_3dz_f006_6hrly_hvr_US_east.nc
ARGO_GDAC,pfl,aoml/4903555/profiles/D4903555_058.nc|2024-03-24T01:46:23Z|25.65704|-93.20925,aoml/4903555/profiles/D4903555_058.nc,4903555,4903555,25.65704,-93.20925,2024-03-24T01:46:23Z,20240324,2024,782,0.56,99.96,75.28,True,True,True,https://noaa-nws-rtofs-pds.s3.amazonaws.com/rtofs.20240324/rtofs_glo_3dz_f006_6hrly_hvr_US_east.nc
ARGO_GDAC,pfl,aoml/4903555/profiles/D4903555_059.nc|2024-03-29T03:01:43Z|25.53270|-93.96116,aoml/4903555/profiles/D4903555_059.nc,4903555,4903555,25.5327,-93.96116,2024-03-29T03:01:43Z,20240329,2024,1008,1.0,2005.2,120.2192,True,False,True,https://noaa-nws-rtofs-pds.s3.amazonaws.com/rtofs.20240329/rtofs_glo_3dz_f006_6hrly_hvr_US_east.nc
ARGO_GDAC,pfl,aoml/4903555/profiles/D4903555_059.nc|2024-03-29T03:01:43Z|25.53270|-93.96116,aoml/4903555/profiles/D4903555_059.nc,4903555,4903555,25.5327,-93.96116,2024-03-29T03:01:43Z,20240329,2024,746,0.6,99.96,,False,False,True,https://noaa-nws-rtofs-pds.s3.amazonaws.com/rtofs.20240329/rtofs_glo_3dz_f006_6hrly_hvr_US_east.nc
ARGO_GDAC,pfl,aoml/4903555/profiles/D4903555_060.nc|2024-04-03T04:22:46Z|25.32507|-94.41440,aoml/4903555/profiles/D4903555_060.nc,4903555,4903555,25.32507,-94.4144,2024-04-03T04:22:46Z,20240403,2024,1010,1.0,2009.24,47.5484,True,True,True,https://noaa-nws-rtofs-pds.s3.amazonaws.com/rtofs.20240403/rtofs_glo_3dz_f006_6hrly_hvr_US_east.nc
ARGO_GDAC,pfl,aoml/4903555/profiles/D4903555_060.nc|2024-04-03T04:22:46Z|25.32507|-94.41440,aoml/4903555/profiles/D4903555_060.nc,4903555,4903555,25.32507,-94.4144,2024-04-03T04:22:46Z,20240403,2024,755,0.64,99.88,51.085,True,True,True,https://noaa-nws-rtofs-pds.s3.amazonaws.com/rtofs.20240403/rtofs_glo_3dz_f006_6hrly_hvr_US_east.nc
ARGO_GDAC,pfl,aoml/4903555/profiles/D4903555_061.nc|2024-04-08T05:48:50Z|25.15555|-94.39478,aoml/4903555/profiles/D4903555_061.nc,4903555,4903555,25.15555,-94.39478,2024-04-08T05:48:50Z,20240408,2024,1011,1.08,2011.92,67.6908,True,True,True,https://noaa-nws-rtofs-pds.s3.amazonaws.com/rtofs.20240408/rtofs_glo_3dz_f006_6hrly_hvr_US_east.nc
ARGO_GDAC,pfl,aoml/4903555/profiles/D4903555_061.nc|2024-04-08T05:48:50Z|25.15555|-94.39478,aoml/4903555/profiles/D4903555_061.nc,4903555,4903555,25.15555,-94.39478,2024-04-08T05:48:50Z,20240408,2024,783,0.68,99.88,68.01,True,True,True,https://noaa-nws-rtofs-pds.s3.amazonaws.com/rtofs.20240408/rtofs_glo_3dz_f006_6hrly_hvr_US_east.nc
ARGO_GDAC,pfl,aoml/4903555/profiles/D4903555_062.nc|2024-04-13T07:15:42Z|25.28556|-94.15812,aoml/4903555/profiles/D4903555_062.nc,4903555,4903555,25.28556,-94.15812,2024-04-13T07:15:42Z,20240413,2024,1010,1.08,2009.2,81.8571,True,True,True,https://noaa-nws-rtofs-pds.s3.amazonaws.com/rtofs.20240413/rtofs_glo_3dz_f006_6hrly_hvr_US_east.nc
ARGO_GDAC,pfl,aoml/4903555/profiles/D4903555_062.nc|2024-04-13T07:15:42Z|25.28556|-94.15812,aoml/4903555/profiles/D4903555_062.nc,4903555,4903555,25.28556,-94.15812,2024-04-13T07:15:42Z,20240413,2024,751,0.64,99.92,81.7067,True,True,True,https://noaa-nws-rtofs-pds.s3.amazonaws.com/rtofs.20240413/rtofs_glo_3dz_f006_6hrly_hvr_US_east.nc
ARGO_GDAC,pfl,aoml/4903555/profiles/D4903555_063.nc|2024-04-18T08:36:00Z|25.45877|-94.34772,aoml/4903555/profiles/D4903555_063.nc,4903555,4903555,25.45877,-94.34772,2024-04-18T08:36:00Z,20240418,2024,1011,1.04,2011.72,60.2934,True,True,True,https://noaa-nws-rtofs-pds.s3.amazonaws.com/rtofs.20240418/rtofs_glo_3dz_f006_6hrly_hvr_US_east.nc
ARGO_GDAC,pfl,aoml/4903555/profiles/D4903555_063.nc|2024-04-18T08:36:00Z|25.45877|-94.34772,aoml/4903555/profiles/D4903555_063.nc,4903555,4903555,25.45877,-94.34772,2024-04-18T08:36:00Z,20240418,2024,838,0.72,99.88,60.08,True,True,True,https://noaa-nws-rtofs-pds.s3.amazonaws.com/rtofs.20240418/rtofs_glo_3dz_f006_6hrly_hvr_US_east.nc
ARGO_GDAC,pfl,aoml/4903555/profiles/D4903555_064.nc|2024-04-23T09:52:56Z|25.41339|-94.63834,aoml/4903555/profiles/D4903555_064.nc,4903555,4903555,25.41339,-94.63834,2024-04-23T09:52:56Z,20240423,2024,1009,1.0,2007.76,64.067,True,True,True,https://noaa-nws-rtofs-pds.s3.amazonaws.com/rtofs.20240423/rtofs_glo_3dz_f006_6hrly_hvr_US_east.nc
ARGO_GDAC,pfl,aoml/4903555/profiles/D4903555_064.nc|2024-04-23T09:52:56Z|25.41339|-94.63834,aoml/4903555/profiles/D4903555_064.nc,4903555,4903555,25.41339,-94.63834,2024-04-23T09:52:56Z,20240423,2024,803,0.56,99.88,64.4193,True,True,True,https://noaa-nws-rtofs-pds.s3.amazonaws.com/rtofs.20240423/rtofs_glo_3dz_f006_6hrly_hvr_US_east.nc
ARGO_GDAC,pfl,aoml/4903555/profiles/D4903555_065.nc|2024-04-28T11:20:03Z|25.30852|-94.74342,aoml/4903555/profiles/D4903555_065.nc,4903555,4903555,25.30852,-94.74342,2024-04-28T11:20:03Z,20240428,2024,1012,1.08,2013.72,44.2985,True,True,True,https://noaa-nws-rtofs-pds.s3.amazonaws.com/rtofs.20240428/rtofs_glo_3dz_f006_6hrly_hvr_US_east.nc
ARGO_GDAC,pfl,aoml/4903555/profiles/D4903555_065.nc|2024-04-28T11:20:03Z|25.30852|-94.74342,aoml/4903555/profiles/D4903555_065.nc,4903555,4903555,25.30852,-94.74342,2024-04-28T11:20:03Z,20240428,2024,815,0.76,100.0,44.7574,True,True,True,https://noaa-nws-rtofs-pds.s3.amazonaws.com/rtofs.20240428/rtofs_glo_3dz_f006_6hrly_hvr_US_east.nc
ARGO_GDAC,pfl,aoml/4903555/profiles/D4903555_066.nc|2024-05-03T12:34:53Z|25.46677|-94.54671,aoml/4903555/profiles/D4903555_066.nc,4903555,4903555,25.46677,-94.54671,2024-05-03T12:34:53Z,20240503,2024,1012,0.96,2013.32,44.0091,True,True,True,https://noaa-nws-rtofs-pds.s3.amazonaws.com/rtofs.20240503/rtofs_glo_3dz_f006_6hrly_hvr_US_east.nc
ARGO_GDAC,pfl,aoml/4903555/profiles/D4903555_066.nc|2024-05-03T12:34:53Z|25.46677|-94.54671,aoml/4903555/profiles/D4903555_066.nc,4903555,4903555,25.46677,-94.54671,2024-05-03T12:34:53Z,20240503,2024,849,0.56,99.88,43.936,True,True,True,https://noaa-nws-rtofs-pds.s3.amazonaws.com/rtofs.20240503/rtofs_glo_3dz_f006_6hrly_hvr_US_east.nc
ARGO_GDAC,pfl,aoml/4903555/profiles/D4903555_067.nc|2024-05-08T13:52:17Z|25.69645|-94.10850,aoml/4903555/profiles/D4903555_067.nc,4903555,4903555,25.69645,-94.1085,2024-05-08T13:52:17Z,20240508,2024,1007,1.04,2003.84,36.7117,True,True,True,https://noaa-nws-rtofs-pds.s3.amazonaws.com/rtofs.20240508/rtofs_glo_3dz_f006_6hrly_hvr_US_east.nc
ARGO_GDAC,pfl,aoml/4903555/profiles/D4903555_067.nc|2024-05-08T13:52:17Z|25.69645|-94.10850,aoml/4903555/profiles/D4903555_067.nc,4903555,4903555,25.69645,-94.1085,2024-05-08T13:52:17Z,20240508,2024,800,0.64,99.92,36.92,True,True,True,https://noaa-nws-rtofs-pds.s3.amazonaws.com/rtofs.20240508/rtofs_glo_3dz_f006_6hrly_hvr_US_east.nc
ARGO_GDAC,pfl,aoml/4903555/profiles/D4903555_068.nc|2024-05-13T15:14:03Z|25.43796|-93.74328,aoml/4903555/profiles/D4903555_068.nc,4903555,4903555,25.43796,-93.74328,2024-05-13T15:14:03Z,20240513,2024,1012,0.44,2011.24,17.8187,True,True,True,https://noaa-nws-rtofs-pds.s3.amazonaws.com/rtofs.20240513/rtofs_glo_3dz_f006_6hrly_hvr_US_east.nc
ARGO_GDAC,pfl,aoml/4903555/profiles/D4903555_068.nc|2024-05-13T15:14:03Z|25.43796|-93.74328,aoml/4903555/profiles/D4903555_068.nc,4903555,4903555,25.43796,-93.74328,2024-05-13T15:14:03Z,20240513,2024,778,0.44,99.96,17.8718,True,True,True,https://noaa-nws-rtofs-pds.s3.amazonaws.com/rtofs.20240513/rtofs_glo_3dz_f006_6hrly_hvr_US_east.nc
ARGO_GDAC,pfl,aoml/4903555/profiles/D4903555_069.nc|2024-05-18T16:34:35Z|25.32447|-93.46219,aoml/4903555/profiles/D4903555_069.nc,4903555,4903555,25.32447,-93.46219,2024-05-18T16:34:35Z,20240518,2024,1013,0.4,2013.28,28.2544,True,True,True,https://noaa-nws-rtofs-pds.s3.amazonaws.com/rtofs.20240518/rtofs_glo_3dz_f006_6hrly_hvr_US_east.nc
ARGO_GDAC,pfl,aoml/4903555/profiles/D4903555_069.nc|2024-05-18T16:34:35Z|25.32447|-93.46219,aoml/4903555/profiles/D4903555_069.nc,4903555,4903555,25.32447,-93.46219,2024-05-18T16:34:35Z,20240518,2024,794,0.4,99.92,28.4775,True,True,True,https://noaa-nws-rtofs-pds.s3.amazonaws.com/rtofs.20240518/rtofs_glo_3dz_f006_6hrly_hvr_US_east.nc
ARGO_GDAC,pfl,aoml/4903555/profiles/D4903555_070.nc|2024-05-23T17:54:40Z|25.45531|-93.33354,aoml/4903555/profiles/D4903555_070.nc,4903555,4903555,25.45531,-93.33354,2024-05-23T17:54:40Z,20240523,2024,1012,0.48,2011.6,22.8063,True,True,True,https://noaa-nws-rtofs-pds.s3.amazonaws.com/rtofs.20240523/rtofs_glo_3dz_f006_6hrly_hvr_US_east.nc
ARGO_GDAC,pfl,aoml/4903555/profiles/D4903555_070.nc|2024-05-23T17:54:40Z|25.45531|-93.33354,aoml/4903555/profiles/D4903555_070.nc,4903555,4903555,25.45531,-93.33354,2024-05-23T17:54:40Z,20240523,2024,810,0.48,99.92,22.8167,True,True,True,https://noaa-nws-rtofs-pds.s3.amazonaws.com/rtofs.20240523/rtofs_glo_3dz_f006_6hrly_hvr_US_east.nc
ARGO_GDAC,pfl,aoml/4903555/profiles/D4903555_071.nc|2024-05-28T19:14:11Z|25.56026|-93.33452,aoml/4903555/profiles/D4903555_071.nc,4903555,4903555,25.56026,-93.33452,2024-05-28T19:14:11Z,20240528,2024,1012,1.04,2013.72,17.4771,True,True,True,https://noaa-nws-rtofs-pds.s3.amazonaws.com/rtofs.20240528/rtofs_glo_3dz_f006_6hrly_hvr_US_east.nc
ARGO_GDAC,pfl,aoml/4903555/profiles/D4903555_071.nc|2024-05-28T19:14:11Z|25.56026|-93.33452,aoml/4903555/profiles/D4903555_071.nc,4903555,4903555,25.56026,-93.33452,2024-05-28T19:14:11Z,20240528,2024,822,0.52,99.88,17.9752,True,True,True,https://noaa-nws-rtofs-pds.s3.amazonaws.com/rtofs.20240528/rtofs_glo_3dz_f006_6hrly_hvr_US_east.nc
ARGO_GDAC,pfl,aoml/4903555/profiles/D4903555_072.nc|2024-06-02T20:25:53Z|25.59814|-93.26944,aoml/4903555/profiles/D4903555_072.nc,4903555,4903555,25.59814,-93.26944,2024-06-02T20:25:53Z,20240602,2024,1008,0.96,2005.36,22.8942,True,True,True,https://noaa-nws-rtofs-pds.s3.amazonaws.com/rtofs.20240602/rtofs_glo_3dz_f006_6hrly_hvr_US_east.nc
ARGO_GDAC,pfl,aoml/4903555/profiles/D4903555_072.nc|2024-06-02T20:25:53Z|25.59814|-93.26944,aoml/4903555/profiles/D4903555_072.nc,4903555,4903555,25.59814,-93.26944,2024-06-02T20:25:53Z,20240602,2024,815,0.52,99.92,23.2171,True,True,True,https://noaa-nws-rtofs-pds.s3.amazonaws.com/rtofs.20240602/rtofs_glo_3dz_f006_6hrly_hvr_US_east.nc
ARGO_GDAC,pfl,aoml/4903555/profiles/D4903555_073.nc|2024-06-07T21:38:31Z|25.58242|-93.12728,aoml/4903555/profiles/D4903555_073.nc,4903555,4903555,25.58242,-93.12728,2024-06-07T21:38:31Z,20240607,2024,1008,0.96,2005.48,18.1391,True,True,True,https://noaa-nws-rtofs-pds.s3.amazonaws.com/rtofs.20240607/rtofs_glo_3dz_f006_6hrly_hvr_US_east.nc
ARGO_GDAC,pfl,aoml/4903555/profiles/D4903555_073.nc|2024-06-07T21:38:31Z|25.58242|-93.12728,aoml/4903555/profiles/D4903555_073.nc,4903555,4903555,25.58242,-93.12728,2024-06-07T21:38:31Z,20240607,2024,850,0.56,99.92,17.6733,True,True,True,https://noaa-nws-rtofs-pds.s3.amazonaws.com/rtofs.20240607/rtofs_glo_3dz_f006_6hrly_hvr_US_east.nc
ARGO_GDAC,pfl,aoml/4903555/profiles/D4903555_074.nc|2024-06-12T22:41:42Z|25.54790|-93.18391,aoml/4903555/profiles/D4903555_074.nc,4903555,4903555,25.5479,-93.18391,2024-06-12T22:41:42Z,20240612,2024,1008,0.48,2003.8,13.91,True,True,True,https://noaa-nws-rtofs-pds.s3.amazonaws.com/rtofs.20240612/rtofs_glo_3dz_f006_6hrly_hvr_US_east.nc
ARGO_GDAC,pfl,aoml/4903555/profiles/D4903555_074.nc|2024-06-12T22:41:42Z|25.54790|-93.18391,aoml/4903555/profiles/D4903555_074.nc,4903555,4903555,25.5479,-93.18391,2024-06-12T22:41:42Z,20240612,2024,821,0.48,99.88,13.812,True,True,True,https://noaa-nws-rtofs-pds.s3.amazonaws.com/rtofs.20240612/rtofs_glo_3dz_f006_6hrly_hvr_US_east.nc
ARGO_GDAC,pfl,aoml/4903555/profiles/D4903555_075.nc|2024-06-17T23:43:05Z|25.55303|-93.46605,aoml/4903555/profiles/D4903555_075.nc,4903555,4903555,25.55303,-93.46605,2024-06-17T23:43:05Z,20240617,2024,1007,1.08,2003.96,36.3425,True,True,True,https://noaa-nws-rtofs-pds.s3.amazonaws.com/rtofs.20240617/rtofs_glo_3dz_f006_6hrly_hvr_US_east.nc
ARGO_GDAC,pfl,aoml/4903555/profiles/D4903555_075.nc|2024-06-17T23:43:05Z|25.55303|-93.46605,aoml/4903555/profiles/D4903555_075.nc,4903555,4903555,25.55303,-93.46605,2024-06-17T23:43:05Z,20240617,2024,868,0.72,100.0,37.1831,True,True,True,https://noaa-nws-rtofs-pds.s3.amazonaws.com/rtofs.20240617/rtofs_glo_3dz_f006_6hrly_hvr_US_east.nc
ARGO_GDAC,pfl,aoml/4903555/profiles/D4903555_076.nc|2024-06-23T01:06:51Z|25.59899|-93.85366,aoml/4903555/profiles/D4903555_076.nc,4903555,4903555,25.59899,-93.85366,2024-06-23T01:06:51Z,20240623,2024,1013,0.96,2015.76,30.9292,True,True,True,https://noaa-nws-rtofs-pds.s3.amazonaws.com/rtofs.20240623/rtofs_glo_3dz_f006_6hrly_hvr_US_east.nc
ARGO_GDAC,pfl,aoml/4903555/profiles/D4903555_076.nc|2024-06-23T01:06:51Z|25.59899|-93.85366,aoml/4903555/profiles/D4903555_076.nc,4903555,4903555,25.59899,-93.85366,2024-06-23T01:06:51Z,20240623,2024,811,0.52,99.92,31.3733,True,True,True,https://noaa-nws-rtofs-pds.s3.amazonaws.com/rtofs.20240623/rtofs_glo_3dz_f006_6hrly_hvr_US_east.nc
ARGO_GDAC,pfl,aoml/4903555/profiles/D4903555_077.nc|2024-06-28T02:24:22Z|25.65695|-94.07949,aoml/4903555/profiles/D4903555_077.nc,4903555,4903555,25.65695,-94.07949,2024-06-28T02:24:22Z,20240628,2024,1010,0.92,2009.88,21.184,True,True,True,https://noaa-nws-rtofs-pds.s3.amazonaws.com/rtofs.20240628/rtofs_glo_3dz_f006_6hrly_hvr_US_east.nc
ARGO_GDAC,pfl,aoml/4903555/profiles/D4903555_077.nc|2024-06-28T02:24:22Z|25.65695|-94.07949,aoml/4903555/profiles/D4903555_077.nc,4903555,4903555,25.65695,-94.07949,2024-06-28T02:24:22Z,20240628,2024,807,0.56,99.96,21.1099,True,True,True,https://noaa-nws-rtofs-pds.s3.amazonaws.com/rtofs.20240628/rtofs_glo_3dz_f006_6hrly_hvr_US_east.nc
ARGO_GDAC,pfl,aoml/4903555/profiles/D4903555_078.nc|2024-07-03T03:39:11Z|25.65188|-93.89260,aoml/4903555/profiles/D4903555_078.nc,4903555,4903555,25.65188,-93.8926,2024-07-03T03:39:11Z,20240703,2024,1010,1.0,2009.92,40.8309,True,True,True,https://noaa-nws-rtofs-pds.s3.amazonaws.com/rtofs.20240703/rtofs_glo_3dz_f006_6hrly_hvr_US_east.nc
ARGO_GDAC,pfl,aoml/4903555/profiles/D4903555_078.nc|2024-07-03T03:39:11Z|25.65188|-93.89260,aoml/4903555/profiles/D4903555_078.nc,4903555,4903555,25.65188,-93.8926,2024-07-03T03:39:11Z,20240703,2024,874,0.52,99.88,40.552,True,True,True,https://noaa-nws-rtofs-pds.s3.amazonaws.com/rtofs.20240703/rtofs_glo_3dz_f006_6hrly_hvr_US_east.nc
ARGO_GDAC,pfl,aoml/4903555/profiles/D4903555_079.nc|2024-07-08T05:00:40Z|25.52396|-93.44412,aoml/4903555/profiles/D4903555_079.nc,4903555,4903555,25.52396,-93.44412,2024-07-08T05:00:40Z,20240708,2024,1007,1.0,2003.96,31.9019,True,True,True,https://noaa-nws-rtofs-pds.s3.amazonaws.com/rtofs.20240708/rtofs_glo_3dz_f006_6hrly_hvr_US_east.nc
ARGO_GDAC,pfl,aoml/4903555/profiles/D4903555_079.nc|2024-07-08T05:00:40Z|25.52396|-93.44412,aoml/4903555/profiles/D4903555_079.nc,4903555,4903555,25.52396,-93.44412,2024-07-08T05:00:40Z,20240708,2024,778,0.72,99.96,31.9333,True,True,True,https://noaa-nws-rtofs-pds.s3.amazonaws.com/rtofs.20240708/rtofs_glo_3dz_f006_6hrly_hvr_US_east.nc
ARGO_GDAC,pfl,aoml/4903555/profiles/D4903555_080.nc|2024-07-13T06:23:20Z|25.43579|-93.04544,aoml/4903555/profiles/D4903555_080.nc,4903555,4903555,25.43579,-93.04544,2024-07-13T06:23:20Z,20240713,2024,1009,0.48,2005.24,14.2311,True,True,True,https://noaa-nws-rtofs-pds.s3.amazonaws.com/rtofs.20240713/rtofs_glo_3dz_f006_6hrly_hvr_US_east.nc
ARGO_GDAC,pfl,aoml/4903555/profiles/D4903555_080.nc|2024-07-13T06:23:20Z|25.43579|-93.04544,aoml/4903555/profiles/D4903555_080.nc,4903555,4903555,25.43579,-93.04544,2024-07-13T06:23:20Z,20240713,2024,738,0.48,99.96,13.8,True,True,True,https://noaa-nws-rtofs-pds.s3.amazonaws.com/rtofs.20240713/rtofs_glo_3dz_f006_6hrly_hvr_US_east.nc
ARGO_GDAC,pfl,aoml/4903555/profiles/D4903555_081.nc|2024-07-18T07:37:24Z|25.22112|-93.08850,aoml/4903555/profiles/D4903555_081.nc,4903555,4903555,25.22112,-93.0885,2024-07-18T07:37:24Z,20240718,2024,1007,0.96,2003.64,12.8775,True,True,True,https://noaa-nws-rtofs-pds.s3.amazonaws.com/rtofs.20240718/rtofs_glo_3dz_f006_6hrly_hvr_US_east.nc
ARGO_GDAC,pfl,aoml/4903555/profiles/D4903555_081.nc|2024-07-18T07:37:24Z|25.22112|-93.08850,aoml/4903555/profiles/D4903555_081.nc,4903555,4903555,25.22112,-93.0885,2024-07-18T07:37:24Z,20240718,2024,856,0.52,100.0,12.5835,True,True,True,https://noaa-nws-rtofs-pds.s3.amazonaws.com/rtofs.20240718/rtofs_glo_3dz_f006_6hrly_hvr_US_east.nc
ARGO_GDAC,pfl,aoml/4903555/profiles/D4903555_082.nc|2024-07-23T08:55:16Z|25.12588|-93.04818,aoml/4903555/profiles/D4903555_082.nc,4903555,4903555,25.12588,-93.04818,2024-07-23T08:55:16Z,20240723,2024,1008,1.0,2005.28,16.8886,True,True,True,https://noaa-nws-rtofs-pds.s3.amazonaws.com/rtofs.20240723/rtofs_glo_3dz_f006_6hrly_hvr_US_east.nc
ARGO_GDAC,pfl,aoml/4903555/profiles/D4903555_082.nc|2024-07-23T08:55:16Z|25.12588|-93.04818,aoml/4903555/profiles/D4903555_082.nc,4903555,4903555,25.12588,-93.04818,2024-07-23T08:55:16Z,20240723,2024,834,0.6,99.92,17.52,True,True,True,https://noaa-nws-rtofs-pds.s3.amazonaws.com/rtofs.20240723/rtofs_glo_3dz_f006_6hrly_hvr_US_east.nc
ARGO_GDAC,pfl,aoml/4903555/profiles/D4903555_083.nc|2024-07-28T10:22:20Z|25.39703|-93.09665,aoml/4903555/profiles/D4903555_083.nc,4903555,4903555,25.39703,-93.09665,2024-07-28T10:22:20Z,20240728,2024,1010,1.0,2009.16,16.791,True,True,True,https://noaa-nws-rtofs-pds.s3.amazonaws.com/rtofs.20240728/rtofs_glo_3dz_f006_6hrly_hvr_US_east.nc
ARGO_GDAC,pfl,aoml/4903555/profiles/D4903555_083.nc|2024-07-28T10:22:20Z|25.39703|-93.09665,aoml/4903555/profiles/D4903555_083.nc,4903555,4903555,25.39703,-93.09665,2024-07-28T10:22:20Z,20240728,2024,865,0.56,100.0,17.5687,True,True,True,https://noaa-nws-rtofs-pds.s3.amazonaws.com/rtofs.20240728/rtofs_glo_3dz_f006_6hrly_hvr_US_east.nc
ARGO_GDAC,pfl,aoml/4903555/profiles/D4903555_084.nc|2024-08-02T11:38:07Z|25.61755|-93.17975,aoml/4903555/profiles/D4903555_084.nc,4903555,4903555,25.61755,-93.17975,2024-08-02T11:38:07Z,20240802,2024,1008,1.0,2005.8,25.8582,True,True,True,https://noaa-nws-rtofs-pds.s3.amazonaws.com/rtofs.20240802/rtofs_glo_3dz_f006_6hrly_hvr_US_east.nc
ARGO_GDAC,pfl,aoml/4903555/profiles/D4903555_084.nc|2024-08-02T11:38:07Z|25.61755|-93.17975,aoml/4903555/profiles/D4903555_084.nc,4903555,4903555,25.61755,-93.17975,2024-08-02T11:38:07Z,20240802,2024,811,0.6,99.92,25.985,True,True,True,https://noaa-nws-rtofs-pds.s3.amazonaws.com/rtofs.20240802/rtofs_glo_3dz_f006_6hrly_hvr_US_east.nc
ARGO_GDAC,pfl,aoml/4903555/profiles/D4903555_085.nc|2024-08-07T12:58:27Z|25.63892|-93.20662,aoml/4903555/profiles/D4903555_085.nc,4903555,4903555,25.63892,-93.20662,2024-08-07T12:58:27Z,20240807,2024,1011,1.0,2011.68,11.9518,True,True,True,https://noaa-nws-rtofs-pds.s3.amazonaws.com/rtofs.20240807/rtofs_glo_3dz_f006_6hrly_hvr_US_east.nc
ARGO_GDAC,pfl,aoml/4903555/profiles/D4903555_085.nc|2024-08-07T12:58:27Z|25.63892|-93.20662,aoml/4903555/profiles/D4903555_085.nc,4903555,4903555,25.63892,-93.20662,2024-08-07T12:58:27Z,20240807,2024,783,0.6,99.96,11.656,True,True,True,https://noaa-nws-rtofs-pds.s3.amazonaws.com/rtofs.20240807/rtofs_glo_3dz_f006_6hrly_hvr_US_east.nc
ARGO_GDAC,pfl,aoml/4903555/profiles/D4903555_086.nc|2024-08-12T14:17:55Z|25.63536|-93.34777,aoml/4903555/profiles/D4903555_086.nc,4903555,4903555,25.63536,-93.34777,2024-08-12T14:17:55Z,20240812,2024,1008,1.0,2005.2,15.3046,True,True,True,https://noaa-nws-rtofs-pds.s3.amazonaws.com/rtofs.20240812/rtofs_glo_3dz_f006_6hrly_hvr_US_east.nc
ARGO_GDAC,pfl,aoml/4903555/profiles/D4903555_086.nc|2024-08-12T14:17:55Z|25.63536|-93.34777,aoml/4903555/profiles/D4903555_086.nc,4903555,4903555,25.63536,-93.34777,2024-08-12T14:17:55Z,20240812,2024,853,0.68,99.92,15.5476,True,True,True,https://noaa-nws-rtofs-pds.s3.amazonaws.com/rtofs.20240812/rtofs_glo_3dz_f006_6hrly_hvr_US_east.nc
ARGO_GDAC,pfl,aoml/4903555/profiles/D4903555_087.nc|2024-08-17T15:39:09Z|25.63467|-93.51081,aoml/4903555/profiles/D4903555_087.nc,4903555,4903555,25.63467,-93.51081,2024-08-17T15:39:09Z,20240817,2024,1011,1.04,2011.44,17.5444,True,True,True,https://noaa-nws-rtofs-pds.s3.amazonaws.com/rtofs.20240817/rtofs_glo_3dz_f006_6hrly_hvr_US_east.nc
ARGO_GDAC,pfl,aoml/4903555/profiles/D4903555_087.nc|2024-08-17T15:39:09Z|25.63467|-93.51081,aoml/4903555/profiles/D4903555_087.nc,4903555,4903555,25.63467,-93.51081,2024-08-17T15:39:09Z,20240817,2024,777,0.64,100.0,17.9147,True,True,True,https://noaa-nws-rtofs-pds.s3.amazonaws.com/rtofs.20240817/rtofs_glo_3dz_f006_6hrly_hvr_US_east.nc
ARGO_GDAC,pfl,aoml/4903555/profiles/D4903555_088.nc|2024-08-22T16:56:47Z|25.55414|-93.66399,aoml/4903555/profiles/D4903555_088.nc,4903555,4903555,25.55414,-93.66399,2024-08-22T16:56:47Z,20240822,2024,1013,0.96,2015.24,20.5866,True,True,True,https://noaa-nws-rtofs-pds.s3.amazonaws.com/rtofs.20240822/rtofs_glo_3dz_f006_6hrly_hvr_US_east.nc
ARGO_GDAC,pfl,aoml/4903555/profiles/D4903555_088.nc|2024-08-22T16:56:47Z|25.55414|-93.66399,aoml/4903555/profiles/D4903555_088.nc,4903555,4903555,25.55414,-93.66399,2024-08-22T16:56:47Z,20240822,2024,717,0.56,99.84,21.0174,True,True,True,https://noaa-nws-rtofs-pds.s3.amazonaws.com/rtofs.20240822/rtofs_glo_3dz_f006_6hrly_hvr_US_east.nc
ARGO_GDAC,pfl,aoml/4903555/profiles/D4903555_089.nc|2024-08-27T18:19:31Z|25.39908|-93.79336,aoml/4903555/profiles/D4903555_089.nc,4903555,4903555,25.39908,-93.79336,2024-08-27T18:19:31Z,20240827,2024,1012,1.0,2013.76,26.6555,True,True,True,https://noaa-nws-rtofs-pds.s3.amazonaws.com/rtofs.20240827/rtofs_glo_3dz_f006_6hrly_hvr_US_east.nc
ARGO_GDAC,pfl,aoml/4903555/profiles/D4903555_089.nc|2024-08-27T18:19:31Z|25.39908|-93.79336,aoml/4903555/profiles/D4903555_089.nc,4903555,4903555,25.39908,-93.79336,2024-08-27T18:19:31Z,20240827,2024,792,0.6,100.0,27.5808,True,True,True,https://noaa-nws-rtofs-pds.s3.amazonaws.com/rtofs.20240827/rtofs_glo_3dz_f006_6hrly_hvr_US_east.nc
ARGO_GDAC,pfl,aoml/4903555/profiles/D4903555_090.nc|2024-09-01T19:42:26Z|25.29879|-93.85004,aoml/4903555/profiles/D4903555_090.nc,4903555,4903555,25.29879,-93.85004,2024-09-01T19:42:26Z,20240901,2024,1010,1.04,2009.8,26.6672,True,True,True,https://noaa-nws-rtofs-pds.s3.amazonaws.com/rtofs.20240901/rtofs_glo_3dz_f006_6hrly_hvr_US_east.nc
ARGO_GDAC,pfl,aoml/4903555/profiles/D4903555_090.nc|2024-09-01T19:42:26Z|25.29879|-93.85004,aoml/4903555/profiles/D4903555_090.nc,4903555,4903555,25.29879,-93.85004,2024-09-01T19:42:26Z,20240901,2024,849,0.64,99.96,27.1213,True,True,True,https://noaa-nws-rtofs-pds.s3.amazonaws.com/rtofs.20240901/rtofs_glo_3dz_f006_6hrly_hvr_US_east.nc
ARGO_GDAC,pfl,aoml/4903555/profiles/D4903555_091.nc|2024-09-06T21:06:12Z|25.30097|-93.71303,aoml/4903555/profiles/D4903555_091.nc,4903555,4903555,25.30097,-93.71303,2024-09-06T21:06:12Z,20240906,2024,1012,1.08,2013.56,29.6039,True,True,True,https://noaa-nws-rtofs-pds.s3.amazonaws.com/rtofs.20240906/rtofs_glo_3dz_f006_6hrly_hvr_US_east.nc
ARGO_GDAC,pfl,aoml/4903555/profiles/D4903555_091.nc|2024-09-06T21:06:12Z|25.30097|-93.71303,aoml/4903555/profiles/D4903555_091.nc,4903555,4903555,25.30097,-93.71303,2024-09-06T21:06:12Z,20240906,2024,926,0.68,99.88,29.4904,True,True,True,https://noaa-nws-rtofs-pds.s3.amazonaws.com/rtofs.20240906/rtofs_glo_3dz_f006_6hrly_hvr_US_east.nc
ARGO_GDAC,pfl,aoml/4903555/profiles/D4903555_092.nc|2024-09-11T22:28:23Z|25.35711|-93.42612,aoml/4903555/profiles/D4903555_092.nc,4903555,4903555,25.35711,-93.42612,2024-09-11T22:28:23Z,20240911,2024,1009,1.08,2007.68,38.0141,True,True,True,https://noaa-nws-rtofs-pds.s3.amazonaws.com/rtofs.20240911/rtofs_glo_3dz_f006_6hrly_hvr_US_east.nc
ARGO_GDAC,pfl,aoml/4903555/profiles/D4903555_092.nc|2024-09-11T22:28:23Z|25.35711|-93.42612,aoml/4903555/profiles/D4903555_092.nc,4903555,4903555,25.35711,-93.42612,2024-09-11T22:28:23Z,20240911,2024,928,0.76,99.92,38.12,True,True,True,https://noaa-nws-rtofs-pds.s3.amazonaws.com/rtofs.20240911/rtofs_glo_3dz_f006_6hrly_hvr_US_east.nc
ARGO_GDAC,pfl,aoml/4903555/profiles/D4903555_093.nc|2024-09-16T23:53:11Z|25.36553|-93.32380,aoml/4903555/profiles/D4903555_093.nc,4903555,4903555,25.36553,-93.3238,2024-09-16T23:53:11Z,20240916,2024,1010,1.0,2009.36,13.4819,True,True,True,https://noaa-nws-rtofs-pds.s3.amazonaws.com/rtofs.20240916/rtofs_glo_3dz_f006_6hrly_hvr_US_east.nc
ARGO_GDAC,pfl,aoml/4903555/profiles/D4903555_093.nc|2024-09-16T23:53:11Z|25.36553|-93.32380,aoml/4903555/profiles/D4903555_093.nc,4903555,4903555,25.36553,-93.3238,2024-09-16T23:53:11Z,20240916,2024,900,0.56,99.92,13.4261,True,True,True,https://noaa-nws-rtofs-pds.s3.amazonaws.com/rtofs.20240916/rtofs_glo_3dz_f006_6hrly_hvr_US_east.nc
ARGO_GDAC,pfl,aoml/4903555/profiles/D4903555_094.nc|2024-09-22T01:15:44Z|25.34726|-93.06904,aoml/4903555/profiles/D4903555_094.nc,4903555,4903555,25.34726,-93.06904,2024-09-22T01:15:44Z,20240922,2024,1012,1.2,2013.56,36.9155,True,True,True,https://noaa-nws-rtofs-pds.s3.amazonaws.com/rtofs.20240922/rtofs_glo_3dz_f006_6hrly_hvr_US_east.nc
ARGO_GDAC,pfl,aoml/4903555/profiles/D4903555_094.nc|2024-09-22T01:15:44Z|25.34726|-93.06904,aoml/4903555/profiles/D4903555_094.nc,4903555,4903555,25.34726,-93.06904,2024-09-22T01:15:44Z,20240922,2024,898,0.92,99.96,37.5747,True,True,True,https://noaa-nws-rtofs-pds.s3.amazonaws.com/rtofs.20240922/rtofs_glo_3dz_f006_6hrly_hvr_US_east.nc
ARGO_GDAC,pfl,aoml/4903555/profiles/D4903555_095.nc|2024-09-27T02:43:32Z|25.29694|-92.61743,aoml/4903555/profiles/D4903555_095.nc,4903555,4903555,25.29694,-92.61743,2024-09-27T02:43:32Z,20240927,2024,1013,1.0,2015.24,19.5208,True,True,True,https://noaa-nws-rtofs-pds.s3.amazonaws.com/rtofs.20240927/rtofs_glo_3dz_f006_6hrly_hvr_US_east.nc
ARGO_GDAC,pfl,aoml/4903555/profiles/D4903555_095.nc|2024-09-27T02:43:32Z|25.29694|-92.61743,aoml/4903555/profiles/D4903555_095.nc,4903555,4903555,25.29694,-92.61743,2024-09-27T02:43:32Z,20240927,2024,892,0.6,99.88,18.4178,True,True,True,https://noaa-nws-rtofs-pds.s3.amazonaws.com/rtofs.20240927/rtofs_glo_3dz_f006_6hrly_hvr_US_east.nc
ARGO_GDAC,pfl,aoml/4903555/profiles/D4903555_096.nc|2024-10-02T04:01:28Z|25.01907|-92.38892,aoml/4903555/profiles/D4903555_096.nc,4903555,4903555,25.01907,-92.38892,2024-10-02T04:01:28Z,20241002,2024,1011,1.08,2011.28,28.4113,True,True,True,https://noaa-nws-rtofs-pds.s3.amazonaws.com/rtofs.20241002/rtofs_glo_3dz_f006_6hrly_hvr_US_east.nc
ARGO_GDAC,pfl,aoml/4903555/profiles/D4903555_096.nc|2024-10-02T04:01:28Z|25.01907|-92.38892,aoml/4903555/profiles/D4903555_096.nc,4903555,4903555,25.01907,-92.38892,2024-10-02T04:01:28Z,20241002,2024,842,0.72,99.96,28.2357,True,True,True,https://noaa-nws-rtofs-pds.s3.amazonaws.com/rtofs.20241002/rtofs_glo_3dz_f006_6hrly_hvr_US_east.nc
ARGO_GDAC,pfl,aoml/4903555/profiles/D4903555_097.nc|2024-10-07T05:25:44Z|24.90820|-92.43034,aoml/4903555/profiles/D4903555_097.nc,4903555,4903555,24.9082,-92.43034,2024-10-07T05:25:44Z,20241007,2024,1009,1.04,2007.96,39.16,True,True,True,https://noaa-nws-rtofs-pds.s3.amazonaws.com/rtofs.20241007/rtofs_glo_3dz_f006_6hrly_hvr_US_east.nc
ARGO_GDAC,pfl,aoml/4903555/profiles/D4903555_097.nc|2024-10-07T05:25:44Z|24.90820|-92.43034,aoml/4903555/profiles/D4903555_097.nc,4903555,4903555,24.9082,-92.43034,2024-10-07T05:25:44Z,20241007,2024,821,0.64,99.96,40.2399,True,True,True,https://noaa-nws-rtofs-pds.s3.amazonaws.com/rtofs.20241007/rtofs_glo_3dz_f006_6hrly_hvr_US_east.nc
ARGO_GDAC,pfl,aoml/4903555/profiles/D4903555_098.nc|2024-10-12T06:43:56Z|24.99690|-92.67151,aoml/4903555/profiles/D4903555_098.nc,4903555,4903555,24.9969,-92.67151,2024-10-12T06:43:56Z,20241012,2024,1010,1.04,2009.84,48.3705,True,True,True,https://noaa-nws-rtofs-pds.s3.amazonaws.com/rtofs.20241012/rtofs_glo_3dz_f006_6hrly_hvr_US_east.nc
ARGO_GDAC,pfl,aoml/4903555/profiles/D4903555_098.nc|2024-10-12T06:43:56Z|24.99690|-92.67151,aoml/4903555/profiles/D4903555_098.nc,4903555,4903555,24.9969,-92.67151,2024-10-12T06:43:56Z,20241012,2024,847,0.64,99.96,49.5317,True,True,True,https://noaa-nws-rtofs-pds.s3.amazonaws.com/rtofs.20241012/rtofs_glo_3dz_f006_6hrly_hvr_US_east.nc
ARGO_GDAC,pfl,aoml/4903555/profiles/D4903555_099.nc|2024-10-17T08:07:41Z|25.21676|-92.93616,aoml/4903555/profiles/D4903555_099.nc,4903555,4903555,25.21676,-92.93616,2024-10-17T08:07:41Z,20241017,2024,1007,1.04,2003.72,52.3564,True,True,True,https://noaa-nws-rtofs-pds.s3.amazonaws.com/rtofs.20241017/rtofs_glo_3dz_f006_6hrly_hvr_US_east.nc
ARGO_GDAC,pfl,aoml/4903555/profiles/D4903555_099.nc|2024-10-17T08:07:41Z|25.21676|-92.93616,aoml/4903555/profiles/D4903555_099.nc,4903555,4903555,25.21676,-92.93616,2024-10-17T08:07:41Z,20241017,2024,902,0.64,99.96,53.1421,True,True,True,https://noaa-nws-rtofs-pds.s3.amazonaws.com/rtofs.20241017/rtofs_glo_3dz_f006_6hrly_hvr_US_east.nc
ARGO_GDAC,pfl,aoml/4903555/profiles/D4903555_100.nc|2024-10-22T09:31:59Z|25.60738|-93.13534,aoml/4903555/profiles/D4903555_100.nc,4903555,4903555,25.60738,-93.13534,2024-10-22T09:31:59Z,20241022,2024,1011,0.96,2011.36,52.9049,True,True,True,https://noaa-nws-rtofs-pds.s3.amazonaws.com/rtofs.20241022/rtofs_glo_3dz_f006_6hrly_hvr_US_east.nc
ARGO_GDAC,pfl,aoml/4903555/profiles/D4903555_100.nc|2024-10-22T09:31:59Z|25.60738|-93.13534,aoml/4903555/profiles/D4903555_100.nc,4903555,4903555,25.60738,-93.13534,2024-10-22T09:31:59Z,20241022,2024,798,0.52,99.88,53.4491,True,True,True,https://noaa-nws-rtofs-pds.s3.amazonaws.com/rtofs.20241022/rtofs_glo_3dz_f006_6hrly_hvr_US_east.nc
ARGO_GDAC,pfl,aoml/4903555/profiles/D4903555_101.nc|2024-10-27T10:52:03Z|25.75958|-92.87922,aoml/4903555/profiles/D4903555_101.nc,4903555,4903555,25.75958,-92.87922,2024-10-27T10:52:03Z,20241027,2024,1009,0.44,2005.68,58.5139,True,True,True,https://noaa-nws-rtofs-pds.s3.amazonaws.com/rtofs.20241027/rtofs_glo_3dz_f006_6hrly_hvr_US_east.nc
ARGO_GDAC,pfl,aoml/4903555/profiles/D4903555_101.nc|2024-10-27T10:52:03Z|25.75958|-92.87922,aoml/4903555/profiles/D4903555_101.nc,4903555,4903555,25.75958,-92.87922,2024-10-27T10:52:03Z,20241027,2024,868,0.44,99.92,58.7396,True,True,True,https://noaa-nws-rtofs-pds.s3.amazonaws.com/rtofs.20241027/rtofs_glo_3dz_f006_6hrly_hvr_US_east.nc
ARGO_GDAC,pfl,aoml/4903555/profiles/D4903555_102.nc|2024-11-01T12:12:58Z|25.51042|-92.37217,aoml/4903555/profiles/D4903555_102.nc,4903555,4903555,25.51042,-92.37217,2024-11-01T12:12:58Z,20241101,2024,1009,0.44,2005.76,90.7717,True,True,True,https://noaa-nws-rtofs-pds.s3.amazonaws.com/rtofs.20241101/rtofs_glo_3dz_f006_6hrly_hvr_US_east.nc
ARGO_GDAC,pfl,aoml/4903555/profiles/D4903555_102.nc|2024-11-01T12:12:58Z|25.51042|-92.37217,aoml/4903555/profiles/D4903555_102.nc,4903555,4903555,25.51042,-92.37217,2024-11-01T12:12:58Z,20241101,2024,694,0.44,99.96,91.7948,True,True,True,https://noaa-nws-rtofs-pds.s3.amazonaws.com/rtofs.20241101/rtofs_glo_3dz_f006_6hrly_hvr_US_east.nc
ARGO_GDAC,pfl,aoml/4903555/profiles/D4903555_103.nc|2024-11-06T13:35:00Z|25.30357|-92.14538,aoml/4903555/profiles/D4903555_103.nc,4903555,4903555,25.30357,-92.14538,2024-11-06T13:35:00Z,20241106,2024,1013,0.48,2013.08,98.2488,True,True,True,https://noaa-nws-rtofs-pds.s3.amazonaws.com/rtofs.20241106/rtofs_glo_3dz_f006_6hrly_hvr_US_east.nc
ARGO_GDAC,pfl,aoml/4903555/profiles/D4903555_103.nc|2024-11-06T13:35:00Z|25.30357|-92.14538,aoml/4903555/profiles/D4903555_103.nc,4903555,4903555,25.30357,-92.14538,2024-11-06T13:35:00Z,20241106,2024,649,0.48,99.88,98.704,True,True,True,https://noaa-nws-rtofs-pds.s3.amazonaws.com/rtofs.20241106/rtofs_glo_3dz_f006_6hrly_hvr_US_east.nc
ARGO_GDAC,pfl,aoml/4903555/profiles/D4903555_104.nc|2024-11-11T14:55:26Z|25.12942|-92.18343,aoml/4903555/profiles/D4903555_104.nc,4903555,4903555,25.12942,-92.18343,2024-11-11T14:55:26Z,20241111,2024,1008,0.44,2003.64,84.1842,True,True,True,https://noaa-nws-rtofs-pds.s3.amazonaws.com/rtofs.20241111/rtofs_glo_3dz_f006_6hrly_hvr_US_east.nc
ARGO_GDAC,pfl,aoml/4903555/profiles/D4903555_104.nc|2024-11-11T14:55:26Z|25.12942|-92.18343,aoml/4903555/profiles/D4903555_104.nc,4903555,4903555,25.12942,-92.18343,2024-11-11T14:55:26Z,20241111,2024,695,0.44,99.96,84.963,True,True,True,https://noaa-nws-rtofs-pds.s3.amazonaws.com/rtofs.20241111/rtofs_glo_3dz_f006_6hrly_hvr_US_east.nc
ARGO_GDAC,pfl,aoml/4903555/profiles/D4903555_105.nc|2024-11-16T16:12:45Z|24.82223|-92.21908,aoml/4903555/profiles/D4903555_105.nc,4903555,4903555,24.82223,-92.21908,2024-11-16T16:12:45Z,20241116,2024,1007,0.92,2003.76,86.549,True,True,True,https://noaa-nws-rtofs-pds.s3.amazonaws.com/rtofs.20241116/rtofs_glo_3dz_f006_6hrly_hvr_US_east.nc
ARGO_GDAC,pfl,aoml/4903555/profiles/D4903555_105.nc|2024-11-16T16:12:45Z|24.82223|-92.21908,aoml/4903555/profiles/D4903555_105.nc,4903555,4903555,24.82223,-92.21908,2024-11-16T16:12:45Z,20241116,2024,718,0.56,99.88,86.9604,True,True,True,https://noaa-nws-rtofs-pds.s3.amazonaws.com/rtofs.20241116/rtofs_glo_3dz_f006_6hrly_hvr_US_east.nc
ARGO_GDAC,pfl,aoml/4903555/profiles/D4903555_106.nc|2024-11-21T17:33:54Z|24.90880|-92.01474,aoml/4903555/profiles/D4903555_106.nc,4903555,4903555,24.9088,-92.01474,2024-11-21T17:33:54Z,20241121,2024,1013,1.0,2015.48,106.7729,True,False,True,https://noaa-nws-rtofs-pds.s3.amazonaws.com/rtofs.20241121/rtofs_glo_3dz_f006_6hrly_hvr_US_east.nc
ARGO_GDAC,pfl,aoml/4903555/profiles/D4903555_106.nc|2024-11-21T17:33:54Z|24.90880|-92.01474,aoml/4903555/profiles/D4903555_106.nc,4903555,4903555,24.9088,-92.01474,2024-11-21T17:33:54Z,20241121,2024,649,0.6,99.92,,False,False,True,https://noaa-nws-rtofs-pds.s3.amazonaws.com/rtofs.20241121/rtofs_glo_3dz_f006_6hrly_hvr_US_east.nc
ARGO_GDAC,pfl,aoml/4903555/profiles/D4903555_107.nc|2024-11-26T18:59:06Z|25.22052|-92.19359,aoml/4903555/profiles/D4903555_107.nc,4903555,4903555,25.22052,-92.19359,2024-11-26T18:59:06Z,20241126,2024,1013,0.4,2013.96,107.7745,True,False,True,https://noaa-nws-rtofs-pds.s3.amazonaws.com/rtofs.20241126/rtofs_glo_3dz_f006_6hrly_hvr_US_east.nc
ARGO_GDAC,pfl,aoml/4903555/profiles/D4903555_107.nc|2024-11-26T18:59:06Z|25.22052|-92.19359,aoml/4903555/profiles/D4903555_107.nc,4903555,4903555,25.22052,-92.19359,2024-11-26T18:59:06Z,20241126,2024,698,0.4,99.96,,False,False,True,https://noaa-nws-rtofs-pds.s3.amazonaws.com/rtofs.20241126/rtofs_glo_3dz_f006_6hrly_hvr_US_east.nc
ARGO_GDAC,pfl,aoml/4903555/profiles/D4903555_108.nc|2024-12-01T20:23:25Z|25.31753|-92.40498,aoml/4903555/profiles/D4903555_108.nc,4903555,4903555,25.31753,-92.40498,2024-12-01T20:23:25Z,20241201,2024,1011,0.4,2009.96,100.3914,True,False,True,https://noaa-nws-rtofs-pds.s3.amazonaws.com/rtofs.20241201/rtofs_glo_3dz_f006_6hrly_hvr_US_east.nc
ARGO_GDAC,pfl,aoml/4903555/profiles/D4903555_108.nc|2024-12-01T20:23:25Z|25.31753|-92.40498,aoml/4903555/profiles/D4903555_108.nc,4903555,4903555,25.31753,-92.40498,2024-12-01T20:23:25Z,20241201,2024,734,0.4,99.96,,False,False,True,https://noaa-nws-rtofs-pds.s3.amazonaws.com/rtofs.20241201/rtofs_glo_3dz_f006_6hrly_hvr_US_east.nc
ARGO_GDAC,pfl,aoml/4903555/profiles/D4903555_109.nc|2024-12-06T21:46:52Z|25.23963|-92.47305,aoml/4903555/profiles/D4903555_109.nc,4903555,4903555,25.23963,-92.47305,2024-12-06T21:46:52Z,20241206,2024,1009,1.04,2007.68,91.8024,True,True,True,https://noaa-nws-rtofs-pds.s3.amazonaws.com/rtofs.20241206/rtofs_glo_3dz_f006_6hrly_hvr_US_east.nc
ARGO_GDAC,pfl,aoml/4903555/profiles/D4903555_109.nc|2024-12-06T21:46:52Z|25.23963|-92.47305,aoml/4903555/profiles/D4903555_109.nc,4903555,4903555,25.23963,-92.47305,2024-12-06T21:46:52Z,20241206,2024,826,0.64,99.88,91.9254,True,True,True,https://noaa-nws-rtofs-pds.s3.amazonaws.com/rtofs.20241206/rtofs_glo_3dz_f006_6hrly_hvr_US_east.nc
ARGO_GDAC,pfl,aoml/4903555/profiles/D4903555_110.nc|2024-12-11T23:14:30Z|25.18384|-92.35721,aoml/4903555/profiles/D4903555_110.nc,4903555,4903555,25.18384,-92.35721,2024-12-11T23:14:30Z,20241211,2024,1008,1.0,2005.16,89.3944,True,True,True,https://noaa-nws-rtofs-pds.s3.amazonaws.com/rtofs.20241211/rtofs_glo_3dz_f006_6hrly_hvr_US_east.nc
ARGO_GDAC,pfl,aoml/4903555/profiles/D4903555_110.nc|2024-12-11T23:14:30Z|25.18384|-92.35721,aoml/4903555/profiles/D4903555_110.nc,4903555,4903555,25.18384,-92.35721,2024-12-11T23:14:30Z,20241211,2024,797,0.56,99.96,89.4582,True,True,True,https://noaa-nws-rtofs-pds.s3.amazonaws.com/rtofs.20241211/rtofs_glo_3dz_f006_6hrly_hvr_US_east.nc
ARGO_GDAC,pfl,aoml/4903555/profiles/D4903555_111.nc|2024-12-17T00:48:43Z|25.08996|-92.26667,aoml/4903555/profiles/D4903555_111.nc,4903555,4903555,25.08996,-92.26667,2024-12-17T00:48:43Z,20241217,2024,1001,1.08,1991.88,98.0141,True,True,True,https://noaa-nws-rtofs-pds.s3.amazonaws.com/rtofs.20241217/rtofs_glo_3dz_f006_6hrly_hvr_US_east.nc
ARGO_GDAC,pfl,aoml/4903555/profiles/D4903555_111.nc|2024-12-17T00:48:43Z|25.08996|-92.26667,aoml/4903555/profiles/D4903555_111.nc,4903555,4903555,25.08996,-92.26667,2024-12-17T00:48:43Z,20241217,2024,832,0.72,99.96,98.4122,True,True,True,https://noaa-nws-rtofs-pds.s3.amazonaws.com/rtofs.20241217/rtofs_glo_3dz_f006_6hrly_hvr_US_east.nc
ARGO_GDAC,pfl,aoml/4903555/profiles/D4903555_112.nc|2024-12-22T02:07:26Z|24.97586|-92.19894,aoml/4903555/profiles/D4903555_112.nc,4903555,4903555,24.97586,-92.19894,2024-12-22T02:07:26Z,20241222,2024,1012,0.96,2013.48,104.2256,True,False,True,https://noaa-nws-rtofs-pds.s3.amazonaws.com/rtofs.20241222/rtofs_glo_3dz_f006_6hrly_hvr_US_east.nc
ARGO_GDAC,pfl,aoml/4903555/profiles/D4903555_112.nc|2024-12-22T02:07:26Z|24.97586|-92.19894,aoml/4903555/profiles/D4903555_112.nc,4903555,4903555,24.97586,-92.19894,2024-12-22T02:07:26Z,20241222,2024,817,0.56,99.92,,False,False,True,https://noaa-nws-rtofs-pds.s3.amazonaws.com/rtofs.20241222/rtofs_glo_3dz_f006_6hrly_hvr_US_east.nc
ARGO_GDAC,pfl,aoml/4903555/profiles/D4903555_113.nc|2024-12-27T03:38:56Z|24.99155|-92.02091,aoml/4903555/profiles/D4903555_113.nc,4903555,4903555,24.99155,-92.02091,2024-12-27T03:38:56Z,20241227,2024,1011,0.44,2009.24,57.0254,True,True,True,https://noaa-nws-rtofs-pds.s3.amazonaws.com/rtofs.20241227/rtofs_glo_3dz_f006_6hrly_hvr_US_east.nc
ARGO_GDAC,pfl,aoml/4903555/profiles/D4903555_113.nc|2024-12-27T03:38:56Z|24.99155|-92.02091,aoml/4903555/profiles/D4903555_113.nc,4903555,4903555,24.99155,-92.02091,2024-12-27T03:38:56Z,20241227,2024,833,0.44,99.96,56.64,True,True,True,https://noaa-nws-rtofs-pds.s3.amazonaws.com/rtofs.20241227/rtofs_glo_3dz_f006_6hrly_hvr_US_east.nc
ARGO_GDAC,pfl,aoml/4903555/profiles/D4903555_114.nc|2025-01-01T05:00:23Z|25.04238|-91.89732,aoml/4903555/profiles/D4903555_114.nc,4903555,4903555,25.04238,-91.89732,2025-01-01T05:00:23Z,20250101,2025,1011,1.04,2011.44,82.6909,True,True,True,https://noaa-nws-rtofs-pds.s3.amazonaws.com/rtofs.20250101/rtofs_glo_3dz_f006_6hrly_hvr_US_east.nc
ARGO_GDAC,pfl,aoml/4903555/profiles/D4903555_114.nc|2025-01-01T05:00:23Z|25.04238|-91.89732,aoml/4903555/profiles/D4903555_114.nc,4903555,4903555,25.04238,-91.89732,2025-01-01T05:00:23Z,20250101,2025,852,0.72,99.96,83.92,True,True,True,https://noaa-nws-rtofs-pds.s3.amazonaws.com/rtofs.20250101/rtofs_glo_3dz_f006_6hrly_hvr_US_east.nc
ARGO_GDAC,pfl,aoml/4903555/profiles/D4903555_115.nc|2025-01-06T06:17:37Z|24.90747|-91.62748,aoml/4903555/profiles/D4903555_115.nc,4903555,4903555,24.90747,-91.62748,2025-01-06T06:17:37Z,20250106,2025,1012,0.96,2013.76,33.7874,True,True,True,https://noaa-nws-rtofs-pds.s3.amazonaws.com/rtofs.20250106/rtofs_glo_3dz_f006_6hrly_hvr_US_east.nc
ARGO_GDAC,pfl,aoml/4903555/profiles/D4903555_115.nc|2025-01-06T06:17:37Z|24.90747|-91.62748,aoml/4903555/profiles/D4903555_115.nc,4903555,4903555,24.90747,-91.62748,2025-01-06T06:17:37Z,20250106,2025,849,0.6,99.96,34.0434,True,True,True,https://noaa-nws-rtofs-pds.s3.amazonaws.com/rtofs.20250106/rtofs_glo_3dz_f006_6hrly_hvr_US_east.nc
ARGO_GDAC,pfl,aoml/4903555/profiles/D4903555_116.nc|2025-01-11T07:41:47Z|25.06570|-91.31055,aoml/4903555/profiles/D4903555_116.nc,4903555,4903555,25.0657,-91.31055,2025-01-11T07:41:47Z,20250111,2025,1013,1.0,2015.16,21.5221,True,True,True,https://noaa-nws-rtofs-pds.s3.amazonaws.com/rtofs.20250111/rtofs_glo_3dz_f006_6hrly_hvr_US_east.nc
ARGO_GDAC,pfl,aoml/4903555/profiles/D4903555_116.nc|2025-01-11T07:41:47Z|25.06570|-91.31055,aoml/4903555/profiles/D4903555_116.nc,4903555,4903555,25.0657,-91.31055,2025-01-11T07:41:47Z,20250111,2025,812,0.6,100.0,18.4723,True,True,True,https://noaa-nws-rtofs-pds.s3.amazonaws.com/rtofs.20250111/rtofs_glo_3dz_f006_6hrly_hvr_US_east.nc
ARGO_GDAC,pfl,aoml/4903555/profiles/D4903555_117.nc|2025-01-16T09:08:27Z|25.04394|-91.30185,aoml/4903555/profiles/D4903555_117.nc,4903555,4903555,25.04394,-91.30185,2025-01-16T09:08:27Z,20250116,2025,1012,1.12,2013.32,62.5954,True,True,True,https://noaa-nws-rtofs-pds.s3.amazonaws.com/rtofs.20250116/rtofs_glo_3dz_f006_6hrly_hvr_US_east.nc
ARGO_GDAC,pfl,aoml/4903555/profiles/D4903555_117.nc|2025-01-16T09:08:27Z|25.04394|-91.30185,aoml/4903555/profiles/D4903555_117.nc,4903555,4903555,25.04394,-91.30185,2025-01-16T09:08:27Z,20250116,2025,774,0.76,99.96,63.4567,True,True,True,https://noaa-nws-rtofs-pds.s3.amazonaws.com/rtofs.20250116/rtofs_glo_3dz_f006_6hrly_hvr_US_east.nc
ARGO_GDAC,pfl,aoml/4903555/profiles/D4903555_118.nc|2025-01-21T10:37:58Z|24.79456|-91.34522,aoml/4903555/profiles/D4903555_118.nc,4903555,4903555,24.79456,-91.34522,2025-01-21T10:37:58Z,20250121,2025,1007,1.08,2003.48,52.6796,True,True,True,https://noaa-nws-rtofs-pds.s3.amazonaws.com/rtofs.20250121/rtofs_glo_3dz_f006_6hrly_hvr_US_east.nc
ARGO_GDAC,pfl,aoml/4903555/profiles/D4903555_118.nc|2025-01-21T10:37:58Z|24.79456|-91.34522,aoml/4903555/profiles/D4903555_118.nc,4903555,4903555,24.79456,-91.34522,2025-01-21T10:37:58Z,20250121,2025,743,0.76,99.92,53.3582,True,True,True,https://noaa-nws-rtofs-pds.s3.amazonaws.com/rtofs.20250121/rtofs_glo_3dz_f006_6hrly_hvr_US_east.nc
ARGO_GDAC,pfl,aoml/4903555/profiles/D4903555_119.nc|2025-01-26T12:02:48Z|24.85459|-91.25808,aoml/4903555/profiles/D4903555_119.nc,4903555,4903555,24.85459,-91.25808,2025-01-26T12:02:48Z,20250126,2025,1012,1.08,2013.04,76.9393,True,True,True,https://noaa-nws-rtofs-pds.s3.amazonaws.com/rtofs.20250126/rtofs_glo_3dz_f006_6hrly_hvr_US_east.nc
ARGO_GDAC,pfl,aoml/4903555/profiles/D4903555_119.nc|2025-01-26T12:02:48Z|24.85459|-91.25808,aoml/4903555/profiles/D4903555_119.nc,4903555,4903555,24.85459,-91.25808,2025-01-26T12:02:48Z,20250126,2025,827,0.68,100.0,77.2417,True,True,True,https://noaa-nws-rtofs-pds.s3.amazonaws.com/rtofs.20250126/rtofs_glo_3dz_f006_6hrly_hvr_US_east.nc
ARGO_GDAC,pfl,aoml/4903555/profiles/D4903555_120.nc|2025-01-31T13:37:44Z|25.09405|-91.29717,aoml/4903555/profiles/D4903555_120.nc,4903555,4903555,25.09405,-91.29717,2025-01-31T13:37:44Z,20250131,2025,1011,1.04,2011.24,37.2361,True,True,True,https://noaa-nws-rtofs-pds.s3.amazonaws.com/rtofs.20250131/rtofs_glo_3dz_f006_6hrly_hvr_US_east.nc
ARGO_GDAC,pfl,aoml/4903555/profiles/D4903555_120.nc|2025-01-31T13:37:44Z|25.09405|-91.29717,aoml/4903555/profiles/D4903555_120.nc,4903555,4903555,25.09405,-91.29717,2025-01-31T13:37:44Z,20250131,2025,719,0.56,99.92,37.1867,True,True,True,https://noaa-nws-rtofs-pds.s3.amazonaws.com/rtofs.20250131/rtofs_glo_3dz_f006_6hrly_hvr_US_east.nc
ARGO_GDAC,pfl,aoml/4903555/profiles/D4903555_121.nc|2025-02-05T15:05:50Z|25.42133|-91.06890,aoml/4903555/profiles/D4903555_121.nc,4903555,4903555,25.42133,-91.0689,2025-02-05T15:05:50Z,20250205,2025,1010,1.0,2009.68,28.9289,True,True,True,https://noaa-nws-rtofs-pds.s3.amazonaws.com/rtofs.20250205/rtofs_glo_3dz_f006_6hrly_hvr_US_east.nc
ARGO_GDAC,pfl,aoml/4903555/profiles/D4903555_121.nc|2025-02-05T15:05:50Z|25.42133|-91.06890,aoml/4903555/profiles/D4903555_121.nc,4903555,4903555,25.42133,-91.0689,2025-02-05T15:05:50Z,20250205,2025,754,0.56,99.96,28.94,True,True,True,https://noaa-nws-rtofs-pds.s3.amazonaws.com/rtofs.20250205/rtofs_glo_3dz_f006_6hrly_hvr_US_east.nc
ARGO_GDAC,pfl,aoml/4903555/profiles/D4903555_122.nc|2025-02-10T16:31:47Z|25.64720|-90.73015,aoml/4903555/profiles/D4903555_122.nc,4903555,4903555,25.6472,-90.73015,2025-02-10T16:31:47Z,20250210,2025,1009,0.92,2007.32,48.2561,True,True,True,https://noaa-nws-rtofs-pds.s3.amazonaws.com/rtofs.20250210/rtofs_glo_3dz_f006_6hrly_hvr_US_east.nc
ARGO_GDAC,pfl,aoml/4903555/profiles/D4903555_122.nc|2025-02-10T16:31:47Z|25.64720|-90.73015,aoml/4903555/profiles/D4903555_122.nc,4903555,4903555,25.6472,-90.73015,2025-02-10T16:31:47Z,20250210,2025,865,0.52,99.92,48.4412,True,True,True,https://noaa-nws-rtofs-pds.s3.amazonaws.com/rtofs.20250210/rtofs_glo_3dz_f006_6hrly_hvr_US_east.nc
ARGO_GDAC,pfl,aoml/4903555/profiles/D4903555_123.nc|2025-02-15T18:00:20Z|25.75673|-90.77012,aoml/4903555/profiles/D4903555_123.nc,4903555,4903555,25.75673,-90.77012,2025-02-15T18:00:20Z,20250215,2025,1010,0.92,2009.36,20.5381,True,True,True,https://noaa-nws-rtofs-pds.s3.amazonaws.com/rtofs.20250215/rtofs_glo_3dz_f006_6hrly_hvr_US_east.nc
ARGO_GDAC,pfl,aoml/4903555/profiles/D4903555_123.nc|2025-02-15T18:00:20Z|25.75673|-90.77012,aoml/4903555/profiles/D4903555_123.nc,4903555,4903555,25.75673,-90.77012,2025-02-15T18:00:20Z,20250215,2025,803,0.6,100.0,20.3647,True,True,True,https://noaa-nws-rtofs-pds.s3.amazonaws.com/rtofs.20250215/rtofs_glo_3dz_f006_6hrly_hvr_US_east.nc
ARGO_GDAC,pfl,aoml/4903555/profiles/D4903555_124.nc|2025-02-20T19:41:15Z|25.82417|-90.76730,aoml/4903555/profiles/D4903555_124.nc,4903555,4903555,25.82417,-90.7673,2025-02-20T19:41:15Z,20250220,2025,1010,1.0,2009.32,72.8792,True,True,True,https://noaa-nws-rtofs-pds.s3.amazonaws.com/rtofs.20250220/rtofs_glo_3dz_f006_6hrly_hvr_US_east.nc
ARGO_GDAC,pfl,aoml/4903555/profiles/D4903555_124.nc|2025-02-20T19:41:15Z|25.82417|-90.76730,aoml/4903555/profiles/D4903555_124.nc,4903555,4903555,25.82417,-90.7673,2025-02-20T19:41:15Z,20250220,2025,683,0.68,99.92,72.7169,True,True,True,https://noaa-nws-rtofs-pds.s3.amazonaws.com/rtofs.20250220/rtofs_glo_3dz_f006_6hrly_hvr_US_east.nc
ARGO_GDAC,pfl,aoml/4903555/profiles/D4903555_125.nc|2025-02-25T21:19:25Z|25.97082|-90.35341,aoml/4903555/profiles/D4903555_125.nc,4903555,4903555,25.97082,-90.35341,2025-02-25T21:19:25Z,20250225,2025,1013,1.0,2015.28,212.5334,True,False,True,https://noaa-nws-rtofs-pds.s3.amazonaws.com/rtofs.20250225/rtofs_glo_3dz_f006_6hrly_hvr_US_east.nc
ARGO_GDAC,pfl,aoml/4903555/profiles/D4903555_125.nc|2025-02-25T21:19:25Z|25.97082|-90.35341,aoml/4903555/profiles/D4903555_125.nc,4903555,4903555,25.97082,-90.35341,2025-02-25T21:19:25Z,20250225,2025,838,0.6,99.84,,False,False,True,https://noaa-nws-rtofs-pds.s3.amazonaws.com/rtofs.20250225/rtofs_glo_3dz_f006_6hrly_hvr_US_east.nc
ARGO_GDAC,pfl,aoml/4903555/profiles/D4903555_126.nc|2025-03-02T22:49:08Z|25.78887|-90.20394,aoml/4903555/profiles/D4903555_126.nc,4903555,4903555,25.78887,-90.20394,2025-03-02T22:49:08Z,20250302,2025,1008,0.96,2005.68,190.837,True,False,True,https://noaa-nws-rtofs-pds.s3.amazonaws.com/rtofs.20250302/rtofs_glo_3dz_f006_6hrly_hvr_US_east.nc
ARGO_GDAC,pfl,aoml/4903555/profiles/D4903555_126.nc|2025-03-02T22:49:08Z|25.78887|-90.20394,aoml/4903555/profiles/D4903555_126.nc,4903555,4903555,25.78887,-90.20394,2025-03-02T22:49:08Z,20250302,2025,823,0.56,99.92,,False,False,True,https://noaa-nws-rtofs-pds.s3.amazonaws.com/rtofs.20250302/rtofs_glo_3dz_f006_6hrly_hvr_US_east.nc
ARGO_GDAC,pfl,aoml/4903555/profiles/D4903555_127.nc|2025-03-08T00:18:57Z|25.92185|-90.54489,aoml/4903555/profiles/D4903555_127.nc,4903555,4903555,25.92185,-90.54489,2025-03-08T00:18:57Z,20250308,2025,1011,0.4,2009.24,147.4701,True,False,True,https://noaa-nws-rtofs-pds.s3.amazonaws.com/rtofs.20250308/rtofs_glo_3dz_f006_6hrly_hvr_US_east.nc
ARGO_GDAC,pfl,aoml/4903555/profiles/D4903555_127.nc|2025-03-08T00:18:57Z|25.92185|-90.54489,aoml/4903555/profiles/D4903555_127.nc,4903555,4903555,25.92185,-90.54489,2025-03-08T00:18:57Z,20250308,2025,820,0.4,99.96,,False,False,True,https://noaa-nws-rtofs-pds.s3.amazonaws.com/rtofs.20250308/rtofs_glo_3dz_f006_6hrly_hvr_US_east.nc
ARGO_GDAC,pfl,aoml/4903555/profiles/D4903555_128.nc|2025-03-13T01:49:37Z|26.05542|-90.07444,aoml/4903555/profiles/D4903555_128.nc,4903555,4903555,26.05542,-90.07444,2025-03-13T01:49:37Z,20250313,2025,1009,0.44,2005.2,37.6265,True,True,True,https://noaa-nws-rtofs-pds.s3.amazonaws.com/rtofs.20250313/rtofs_glo_3dz_f006_6hrly_hvr_US_east.nc
ARGO_GDAC,pfl,aoml/4903555/profiles/D4903555_128.nc|2025-03-13T01:49:37Z|26.05542|-90.07444,aoml/4903555/profiles/D4903555_128.nc,4903555,4903555,26.05542,-90.07444,2025-03-13T01:49:37Z,20250313,2025,833,0.44,99.96,37.1199,True,True,True,https://noaa-nws-rtofs-pds.s3.amazonaws.com/rtofs.20250313/rtofs_glo_3dz_f006_6hrly_hvr_US_east.nc
ARGO_GDAC,pfl,aoml/4903555/profiles/D4903555_129.nc|2025-03-18T03:18:15Z|25.17034|-89.77843,aoml/4903555/profiles/D4903555_129.nc,4903555,4903555,25.17034,-89.77843,2025-03-18T03:18:15Z,20250318,2025,1014,0.44,2015.64,60.3723,True,True,True,https://noaa-nws-rtofs-pds.s3.amazonaws.com/rtofs.20250318/rtofs_glo_3dz_f006_6hrly_hvr_US_east.nc
ARGO_GDAC,pfl,aoml/4903555/profiles/D4903555_129.nc|2025-03-18T03:18:15Z|25.17034|-89.77843,aoml/4903555/profiles/D4903555_129.nc,4903555,4903555,25.17034,-89.77843,2025-03-18T03:18:15Z,20250318,2025,847,0.44,99.96,60.935,True,True,True,https://noaa-nws-rtofs-pds.s3.amazonaws.com/rtofs.20250318/rtofs_glo_3dz_f006_6hrly_hvr_US_east.nc
ARGO_GDAC,pfl,aoml/4903555/profiles/D4903555_130.nc|2025-03-23T04:50:42Z|24.98948|-88.96821,aoml/4903555/profiles/D4903555_130.nc,4903555,4903555,24.98948,-88.96821,2025-03-23T04:50:42Z,20250323,2025,1010,0.96,2009.44,25.59,True,True,True,https://noaa-nws-rtofs-pds.s3.amazonaws.com/rtofs.20250323/rtofs_glo_3dz_f006_6hrly_hvr_US_east.nc
ARGO_GDAC,pfl,aoml/4903555/profiles/D4903555_130.nc|2025-03-23T04:50:42Z|24.98948|-88.96821,aoml/4903555/profiles/D4903555_130.nc,4903555,4903555,24.98948,-88.96821,2025-03-23T04:50:42Z,20250323,2025,808,0.52,100.0,24.753,True,True,True,https://noaa-nws-rtofs-pds.s3.amazonaws.com/rtofs.20250323/rtofs_glo_3dz_f006_6hrly_hvr_US_east.nc
ARGO_GDAC,pfl,aoml/4903555/profiles/D4903555_131.nc|2025-03-28T06:19:42Z|25.68611|-88.90404,aoml/4903555/profiles/D4903555_131.nc,4903555,4903555,25.68611,-88.90404,2025-03-28T06:19:42Z,20250328,2025,1008,1.04,2005.32,30.761,True,True,True,https://noaa-nws-rtofs-pds.s3.amazonaws.com/rtofs.20250328/rtofs_glo_3dz_f006_6hrly_hvr_US_east.nc
ARGO_GDAC,pfl,aoml/4903555/profiles/D4903555_131.nc|2025-03-28T06:19:42Z|25.68611|-88.90404,aoml/4903555/profiles/D4903555_131.nc,4903555,4903555,25.68611,-88.90404,2025-03-28T06:19:42Z,20250328,2025,762,0.68,100.0,30.2538,True,True,True,https://noaa-nws-rtofs-pds.s3.amazonaws.com/rtofs.20250328/rtofs_glo_3dz_f006_6hrly_hvr_US_east.nc
ARGO_GDAC,pfl,aoml/4903555/profiles/D4903555_132.nc|2025-04-02T07:41:00Z|25.85474|-88.69272,aoml/4903555/profiles/D4903555_132.nc,4903555,4903555,25.85474,-88.69272,2025-04-02T07:41:00Z,20250402,2025,1008,1.08,2005.56,16.4143,True,True,True,https://noaa-nws-rtofs-pds.s3.amazonaws.com/rtofs.20250402/rtofs_glo_3dz_f006_6hrly_hvr_US_east.nc
ARGO_GDAC,pfl,aoml/4903555/profiles/D4903555_132.nc|2025-04-02T07:41:00Z|25.85474|-88.69272,aoml/4903555/profiles/D4903555_132.nc,4903555,4903555,25.85474,-88.69272,2025-04-02T07:41:00Z,20250402,2025,741,0.64,99.96,17.81,True,True,True,https://noaa-nws-rtofs-pds.s3.amazonaws.com/rtofs.20250402/rtofs_glo_3dz_f006_6hrly_hvr_US_east.nc
ARGO_GDAC,pfl,aoml/4903555/profiles/D4903555_133.nc|2025-04-07T09:14:30Z|25.66658|-88.09422,aoml/4903555/profiles/D4903555_133.nc,4903555,4903555,25.66658,-88.09422,2025-04-07T09:14:30Z,20250407,2025,1010,0.96,2009.2,36.7223,True,True,True,https://noaa-nws-rtofs-pds.s3.amazonaws.com/rtofs.20250407/rtofs_glo_3dz_f006_6hrly_hvr_US_east.nc
ARGO_GDAC,pfl,aoml/4903555/profiles/D4903555_133.nc|2025-04-07T09:14:30Z|25.66658|-88.09422,aoml/4903555/profiles/D4903555_133.nc,4903555,4903555,25.66658,-88.09422,2025-04-07T09:14:30Z,20250407,2025,772,0.6,99.96,36.696,True,True,True,https://noaa-nws-rtofs-pds.s3.amazonaws.com/rtofs.20250407/rtofs_glo_3dz_f006_6hrly_hvr_US_east.nc
ARGO_GDAC,pfl,aoml/4903555/profiles/D4903555_134.nc|2025-04-12T10:48:50Z|26.17488|-87.98502,aoml/4903555/profiles/D4903555_134.nc,4903555,4903555,26.17488,-87.98502,2025-04-12T10:48:50Z,20250412,2025,1014,0.4,2015.32,26.7837,True,True,True,https://noaa-nws-rtofs-pds.s3.amazonaws.com/rtofs.20250412/rtofs_glo_3dz_f006_6hrly_hvr_US_east.nc
ARGO_GDAC,pfl,aoml/4903555/profiles/D4903555_134.nc|2025-04-12T10:48:50Z|26.17488|-87.98502,aoml/4903555/profiles/D4903555_134.nc,4903555,4903555,26.17488,-87.98502,2025-04-12T10:48:50Z,20250412,2025,799,0.4,99.96,27.0467,True,True,True,https://noaa-nws-rtofs-pds.s3.amazonaws.com/rtofs.20250412/rtofs_glo_3dz_f006_6hrly_hvr_US_east.nc
ARGO_GDAC,pfl,aoml/4903555/profiles/D4903555_135.nc|2025-04-17T12:14:41Z|26.01246|-87.76070,aoml/4903555/profiles/D4903555_135.nc,4903555,4903555,26.01246,-87.7607,2025-04-17T12:14:41Z,20250417,2025,1011,1.08,2011.92,77.3192,True,True,True,https://noaa-nws-rtofs-pds.s3.amazonaws.com/rtofs.20250417/rtofs_glo_3dz_f006_6hrly_hvr_US_east.nc
ARGO_GDAC,pfl,aoml/4903555/profiles/D4903555_135.nc|2025-04-17T12:14:41Z|26.01246|-87.76070,aoml/4903555/profiles/D4903555_135.nc,4903555,4903555,26.01246,-87.7607,2025-04-17T12:14:41Z,20250417,2025,854,0.76,99.88,77.14,True,True,True,https://noaa-nws-rtofs-pds.s3.amazonaws.com/rtofs.20250417/rtofs_glo_3dz_f006_6hrly_hvr_US_east.nc
ARGO_GDAC,pfl,aoml/4903555/profiles/D4903555_136.nc|2025-04-22T13:34:31Z|25.89064|-87.28395,aoml/4903555/profiles/D4903555_136.nc,4903555,4903555,25.89064,-87.28395,2025-04-22T13:34:31Z,20250422,2025,1012,0.44,2011.72,98.1513,True,True,True,https://noaa-nws-rtofs-pds.s3.amazonaws.com/rtofs.20250422/rtofs_glo_3dz_f006_6hrly_hvr_US_east.nc
ARGO_GDAC,pfl,aoml/4903555/profiles/D4903555_136.nc|2025-04-22T13:34:31Z|25.89064|-87.28395,aoml/4903555/profiles/D4903555_136.nc,4903555,4903555,25.89064,-87.28395,2025-04-22T13:34:31Z,20250422,2025,676,0.44,99.96,98.72,True,True,True,https://noaa-nws-rtofs-pds.s3.amazonaws.com/rtofs.20250422/rtofs_glo_3dz_f006_6hrly_hvr_US_east.nc
ARGO_GDAC,pfl,aoml/4903555/profiles/D4903555_137.nc|2025-04-27T14:49:42Z|25.87386|-86.63526,aoml/4903555/profiles/D4903555_137.nc,4903555,4903555,25.87386,-86.63526,2025-04-27T14:49:42Z,20250427,2025,1012,1.0,2013.32,81.7958,True,True,True,https://noaa-nws-rtofs-pds.s3.amazonaws.com/rtofs.20250427/rtofs_glo_3dz_f006_6hrly_hvr_US_east.nc
ARGO_GDAC,pfl,aoml/4903555/profiles/D4903555_137.nc|2025-04-27T14:49:42Z|25.87386|-86.63526,aoml/4903555/profiles/D4903555_137.nc,4903555,4903555,25.87386,-86.63526,2025-04-27T14:49:42Z,20250427,2025,689,0.64,99.96,81.9558,True,True,True,https://noaa-nws-rtofs-pds.s3.amazonaws.com/rtofs.20250427/rtofs_glo_3dz_f006_6hrly_hvr_US_east.nc
ARGO_GDAC,pfl,aoml/4903555/profiles/D4903555_138.nc|2025-05-02T16:09:21Z|25.41864|-86.43977,aoml/4903555/profiles/D4903555_138.nc,4903555,4903555,25.41864,-86.43977,2025-05-02T16:09:21Z,20250502,2025,1012,0.48,2011.24,127.213,True,False,True,https://noaa-nws-rtofs-pds.s3.amazonaws.com/rtofs.20250502/rtofs_glo_3dz_f006_6hrly_hvr_US_east.nc
ARGO_GDAC,pfl,aoml/4903555/profiles/D4903555_138.nc|2025-05-02T16:09:21Z|25.41864|-86.43977,aoml/4903555/profiles/D4903555_138.nc,4903555,4903555,25.41864,-86.43977,2025-05-02T16:09:21Z,20250502,2025,620,0.48,99.88,,False,False,True,https://noaa-nws-rtofs-pds.s3.amazonaws.com/rtofs.20250502/rtofs_glo_3dz_f006_6hrly_hvr_US_east.nc
ARGO_GDAC,pfl,aoml/4903555/profiles/D4903555_139.nc|2025-05-07T17:25:08Z|25.10025|-86.44417,aoml/4903555/profiles/D4903555_139.nc,4903555,4903555,25.10025,-86.44417,2025-05-07T17:25:08Z,20250507,2025,1012,0.96,2013.84,72.1224,True,True,True,https://noaa-nws-rtofs-pds.s3.amazonaws.com/rtofs.20250507/rtofs_glo_3dz_f006_6hrly_hvr_US_east.nc
ARGO_GDAC,pfl,aoml/4903555/profiles/D4903555_139.nc|2025-05-07T17:25:08Z|25.10025|-86.44417,aoml/4903555/profiles/D4903555_139.nc,4903555,4903555,25.10025,-86.44417,2025-05-07T17:25:08Z,20250507,2025,647,0.56,99.96,72.4178,True,True,True,https://noaa-nws-rtofs-pds.s3.amazonaws.com/rtofs.20250507/rtofs_glo_3dz_f006_6hrly_hvr_US_east.nc
ARGO_GDAC,pfl,aoml/4903555/profiles/D4903555_140.nc|2025-05-12T18:38:43Z|25.00684|-86.13042,aoml/4903555/profiles/D4903555_140.nc,4903555,4903555,25.00684,-86.13042,2025-05-12T18:38:43Z,20250512,2025,1009,0.44,2005.8,31.581,True,True,True,https://noaa-nws-rtofs-pds.s3.amazonaws.com/rtofs.20250512/rtofs_glo_3dz_f006_6hrly_hvr_US_east.nc
ARGO_GDAC,pfl,aoml/4903555/profiles/D4903555_140.nc|2025-05-12T18:38:43Z|25.00684|-86.13042,aoml/4903555/profiles/D4903555_140.nc,4903555,4903555,25.00684,-86.13042,2025-05-12T18:38:43Z,20250512,2025,631,0.44,99.96,30.7868,True,True,True,https://noaa-nws-rtofs-pds.s3.amazonaws.com/rtofs.20250512/rtofs_glo_3dz_f006_6hrly_hvr_US_east.nc
ARGO_GDAC,pfl,aoml/4903555/profiles/D4903555_141.nc|2025-05-17T20:05:54Z|25.13499|-85.38705,aoml/4903555/profiles/D4903555_141.nc,4903555,4903555,25.13499,-85.38705,2025-05-17T20:05:54Z,20250517,2025,1014,1.2,2017.48,33.3559,True,True,True,https://noaa-nws-rtofs-pds.s3.amazonaws.com/rtofs.20250517/rtofs_glo_3dz_f006_6hrly_hvr_US_east.nc
ARGO_GDAC,pfl,aoml/4903555/profiles/D4903555_141.nc|2025-05-17T20:05:54Z|25.13499|-85.38705,aoml/4903555/profiles/D4903555_141.nc,4903555,4903555,25.13499,-85.38705,2025-05-17T20:05:54Z,20250517,2025,660,0.88,99.92,32.3667,True,True,True,https://noaa-nws-rtofs-pds.s3.amazonaws.com/rtofs.20250517/rtofs_glo_3dz_f006_6hrly_hvr_US_east.nc
ARGO_GDAC,pfl,aoml/4903555/profiles/D4903555_142.nc|2025-05-22T21:23:36Z|25.74041|-85.56261,aoml/4903555/profiles/D4903555_142.nc,4903555,4903555,25.74041,-85.56261,2025-05-22T21:23:36Z,20250522,2025,1011,1.04,2011.4,15.2592,True,True,True,https://noaa-nws-rtofs-pds.s3.amazonaws.com/rtofs.20250522/rtofs_glo_3dz_f006_6hrly_hvr_US_east.nc
ARGO_GDAC,pfl,aoml/4903555/profiles/D4903555_142.nc|2025-05-22T21:23:36Z|25.74041|-85.56261,aoml/4903555/profiles/D4903555_142.nc,4903555,4903555,25.74041,-85.56261,2025-05-22T21:23:36Z,20250522,2025,837,0.68,99.92,15.9867,True,True,True,https://noaa-nws-rtofs-pds.s3.amazonaws.com/rtofs.20250522/rtofs_glo_3dz_f006_6hrly_hvr_US_east.nc
ARGO_GDAC,pfl,aoml/4903555/profiles/R4903555_143.nc|2025-05-27T22:48:08Z|25.20709|-86.68100,aoml/4903555/profiles/R4903555_143.nc,4903555,4903555,25.20709,-86.681,2025-05-27T22:48:08Z,20250527,2025,1008,1.04,2005.64,18.3055,True,True,True,https://noaa-nws-rtofs-pds.s3.amazonaws.com/rtofs.20250527/rtofs_glo_3dz_f006_6hrly_hvr_US_east.nc
ARGO_GDAC,pfl,aoml/4903555/profiles/R4903555_143.nc|2025-05-27T22:48:08Z|25.20709|-86.68100,aoml/4903555/profiles/R4903555_143.nc,4903555,4903555,25.20709,-86.681,2025-05-27T22:48:08Z,20250527,2025,691,0.64,99.92,17.7863,True,True,True,https://noaa-nws-rtofs-pds.s3.amazonaws.com/rtofs.20250527/rtofs_glo_3dz_f006_6hrly_hvr_US_east.nc
ARGO_GDAC,pfl,aoml/4903555/profiles/R4903555_144.nc|2025-06-02T00:15:15Z|25.16837|-87.23207,aoml/4903555/profiles/R4903555_144.nc,4903555,4903555,25.16837,-87.23207,2025-06-02T00:15:15Z,20250602,2025,1011,1.0,2011.2,16.1848,True,True,True,https://noaa-nws-rtofs-pds.s3.amazonaws.com/rtofs.20250602/rtofs_glo_3dz_f006_6hrly_hvr_US_east.nc
ARGO_GDAC,pfl,aoml/4903555/profiles/R4903555_144.nc|2025-06-02T00:15:15Z|25.16837|-87.23207,aoml/4903555/profiles/R4903555_144.nc,4903555,4903555,25.16837,-87.23207,2025-06-02T00:15:15Z,20250602,2025,669,0.68,99.92,16.92,True,True,True,https://noaa-nws-rtofs-pds.s3.amazonaws.com/rtofs.20250602/rtofs_glo_3dz_f006_6hrly_hvr_US_east.nc
ARGO_GDAC,pfl,aoml/4903555/profiles/R4903555_145.nc|2025-06-07T01:49:23Z|25.45621|-87.58904,aoml/4903555/profiles/R4903555_145.nc,4903555,4903555,25.45621,-87.58904,2025-06-07T01:49:23Z,20250607,2025,1015,0.48,2017.16,21.6411,True,True,True,https://noaa-nws-rtofs-pds.s3.amazonaws.com/rtofs.20250607/rtofs_glo_3dz_f006_6hrly_hvr_US_east.nc
ARGO_GDAC,pfl,aoml/4903555/profiles/R4903555_145.nc|2025-06-07T01:49:23Z|25.45621|-87.58904,aoml/4903555/profiles/R4903555_145.nc,4903555,4903555,25.45621,-87.58904,2025-06-07T01:49:23Z,20250607,2025,685,0.48,100.0,21.7646,True,True,True,https://noaa-nws-rtofs-pds.s3.amazonaws.com/rtofs.20250607/rtofs_glo_3dz_f006_6hrly_hvr_US_east.nc
ARGO_GDAC,pfl,aoml/4903555/profiles/R4903555_146.nc|2025-06-12T03:16:15Z|25.84159|-87.86809,aoml/4903555/profiles/R4903555_146.nc,4903555,4903555,25.84159,-87.86809,2025-06-12T03:16:15Z,20250612,2025,1012,0.96,2013.84,25.2938,True,True,True,https://noaa-nws-rtofs-pds.s3.amazonaws.com/rtofs.20250612/rtofs_glo_3dz_f006_6hrly_hvr_US_east.nc
ARGO_GDAC,pfl,aoml/4903555/profiles/R4903555_146.nc|2025-06-12T03:16:15Z|25.84159|-87.86809,aoml/4903555/profiles/R4903555_146.nc,4903555,4903555,25.84159,-87.86809,2025-06-12T03:16:15Z,20250612,2025,724,0.52,99.96,25.1233,True,True,True,https://noaa-nws-rtofs-pds.s3.amazonaws.com/rtofs.20250612/rtofs_glo_3dz_f006_6hrly_hvr_US_east.nc
ARGO_GDAC,pfl,aoml/4903555/profiles/R4903555_147.nc|2025-06-17T04:44:23Z|26.16393|-87.89474,aoml/4903555/profiles/R4903555_147.nc,4903555,4903555,26.16393,-87.89474,2025-06-17T04:44:23Z,20250617,2025,1010,1.0,2009.0,18.5817,True,True,True,https://noaa-nws-rtofs-pds.s3.amazonaws.com/rtofs.20250617/rtofs_glo_3dz_f006_6hrly_hvr_US_east.nc
ARGO_GDAC,pfl,aoml/4903555/profiles/R4903555_147.nc|2025-06-17T04:44:23Z|26.16393|-87.89474,aoml/4903555/profiles/R4903555_147.nc,4903555,4903555,26.16393,-87.89474,2025-06-17T04:44:23Z,20250617,2025,747,0.6,99.92,18.9505,True,True,True,https://noaa-nws-rtofs-pds.s3.amazonaws.com/rtofs.20250617/rtofs_glo_3dz_f006_6hrly_hvr_US_east.nc
ARGO_GDAC,pfl,aoml/4903555/profiles/R4903555_148.nc|2025-06-22T06:12:51Z|26.42446|-87.72900,aoml/4903555/profiles/R4903555_148.nc,4903555,4903555,26.42446,-87.729,2025-06-22T06:12:51Z,20250622,2025,1013,0.92,2015.4,46.8623,True,True,True,https://noaa-nws-rtofs-pds.s3.amazonaws.com/rtofs.20250622/rtofs_glo_3dz_f006_6hrly_hvr_US_east.nc
ARGO_GDAC,pfl,aoml/4903555/profiles/R4903555_148.nc|2025-06-22T06:12:51Z|26.42446|-87.72900,aoml/4903555/profiles/R4903555_148.nc,4903555,4903555,26.42446,-87.729,2025-06-22T06:12:51Z,20250622,2025,841,0.56,100.0,47.1767,True,True,True,https://noaa-nws-rtofs-pds.s3.amazonaws.com/rtofs.20250622/rtofs_glo_3dz_f006_6hrly_hvr_US_east.nc
ARGO_GDAC,pfl,aoml/4903555/profiles/R4903555_149.nc|2025-06-27T07:27:01Z|27.24039|-87.65590,aoml/4903555/profiles/R4903555_149.nc,4903555,4903555,27.24039,-87.6559,2025-06-27T07:27:01Z,20250627,2025,1007,0.96,2003.68,17.5941,True,True,True,https://noaa-nws-rtofs-pds.s3.amazonaws.com/rtofs.20250627/rtofs_glo_3dz_f006_6hrly_hvr_US_east.nc
ARGO_GDAC,pfl,aoml/4903555/profiles/R4903555_149.nc|2025-06-27T07:27:01Z|27.24039|-87.65590,aoml/4903555/profiles/R4903555_149.nc,4903555,4903555,27.24039,-87.6559,2025-06-27T07:27:01Z,20250627,2025,767,0.52,99.8,17.7993,True,True,True,https://noaa-nws-rtofs-pds.s3.amazonaws.com/rtofs.20250627/rtofs_glo_3dz_f006_6hrly_hvr_US_east.nc
ARGO_GDAC,pfl,aoml/4903555/profiles/R4903555_150.nc|2025-07-02T08:45:04Z|27.44153|-87.98395,aoml/4903555/profiles/R4903555_150.nc,4903555,4903555,27.44153,-87.98395,2025-07-02T08:45:04Z,20250702,2025,1007,1.0,2003.72,23.8558,True,True,True,https://noaa-nws-rtofs-pds.s3.amazonaws.com/rtofs.20250702/rtofs_glo_3dz_f006_6hrly_hvr_US_east.nc
ARGO_GDAC,pfl,aoml/4903555/profiles/R4903555_150.nc|2025-07-02T08:45:04Z|27.44153|-87.98395,aoml/4903555/profiles/R4903555_150.nc,4903555,4903555,27.44153,-87.98395,2025-07-02T08:45:04Z,20250702,2025,817,0.56,99.88,24.1671,True,True,True,https://noaa-nws-rtofs-pds.s3.amazonaws.com/rtofs.20250702/rtofs_glo_3dz_f006_6hrly_hvr_US_east.nc
ARGO_GDAC,pfl,aoml/4903555/profiles/R4903555_151.nc|2025-07-07T10:07:38Z|27.56060|-87.83784,aoml/4903555/profiles/R4903555_151.nc,4903555,4903555,27.5606,-87.83784,2025-07-07T10:07:38Z,20250707,2025,1012,0.44,2011.96,23.0833,True,True,True,https://noaa-nws-rtofs-pds.s3.amazonaws.com/rtofs.20250707/rtofs_glo_3dz_f006_6hrly_hvr_US_east.nc
ARGO_GDAC,pfl,aoml/4903555/profiles/R4903555_151.nc|2025-07-07T10:07:38Z|27.56060|-87.83784,aoml/4903555/profiles/R4903555_151.nc,4903555,4903555,27.5606,-87.83784,2025-07-07T10:07:38Z,20250707,2025,794,0.44,99.96,23.4051,True,True,True,https://noaa-nws-rtofs-pds.s3.amazonaws.com/rtofs.20250707/rtofs_glo_3dz_f006_6hrly_hvr_US_east.nc
ARGO_GDAC,pfl,aoml/4903555/profiles/R4903555_152.nc|2025-07-12T11:37:54Z|27.50465|-87.73721,aoml/4903555/profiles/R4903555_152.nc,4903555,4903555,27.50465,-87.73721,2025-07-12T11:37:54Z,20250712,2025,1010,1.0,2009.2,14.0253,True,True,True,https://noaa-nws-rtofs-pds.s3.amazonaws.com/rtofs.20250712/rtofs_glo_3dz_f006_6hrly_hvr_US_east.nc
ARGO_GDAC,pfl,aoml/4903555/profiles/R4903555_152.nc|2025-07-12T11:37:54Z|27.50465|-87.73721,aoml/4903555/profiles/R4903555_152.nc,4903555,4903555,27.50465,-87.73721,2025-07-12T11:37:54Z,20250712,2025,849,0.56,99.92,14.16,True,True,True,https://noaa-nws-rtofs-pds.s3.amazonaws.com/rtofs.20250712/rtofs_glo_3dz_f006_6hrly_hvr_US_east.nc
ARGO_GDAC,pfl,aoml/4903555/profiles/R4903555_153.nc|2025-07-17T12:59:27Z|27.71428|-87.47909,aoml/4903555/profiles/R4903555_153.nc,4903555,4903555,27.71428,-87.47909,2025-07-17T12:59:27Z,20250717,2025,1013,1.0,2015.08,25.4637,True,True,True,https://noaa-nws-rtofs-pds.s3.amazonaws.com/rtofs.20250717/rtofs_glo_3dz_f006_6hrly_hvr_US_east.nc
ARGO_GDAC,pfl,aoml/4903555/profiles/R4903555_153.nc|2025-07-17T12:59:27Z|27.71428|-87.47909,aoml/4903555/profiles/R4903555_153.nc,4903555,4903555,27.71428,-87.47909,2025-07-17T12:59:27Z,20250717,2025,795,0.56,100.0,25.5435,True,True,True,https://noaa-nws-rtofs-pds.s3.amazonaws.com/rtofs.20250717/rtofs_glo_3dz_f006_6hrly_hvr_US_east.nc
ARGO_GDAC,pfl,aoml/4903555/profiles/R4903555_154.nc|2025-07-22T14:20:08Z|27.75865|-87.59531,aoml/4903555/profiles/R4903555_154.nc,4903555,4903555,27.75865,-87.59531,2025-07-22T14:20:08Z,20250722,2025,1012,1.08,2013.24,22.6376,True,True,True,https://noaa-nws-rtofs-pds.s3.amazonaws.com/rtofs.20250722/rtofs_glo_3dz_f006_6hrly_hvr_US_east.nc
ARGO_GDAC,pfl,aoml/4903555/profiles/R4903555_154.nc|2025-07-22T14:20:08Z|27.75865|-87.59531,aoml/4903555/profiles/R4903555_154.nc,4903555,4903555,27.75865,-87.59531,2025-07-22T14:20:08Z,20250722,2025,844,0.68,99.88,22.695,True,True,True,https://noaa-nws-rtofs-pds.s3.amazonaws.com/rtofs.20250722/rtofs_glo_3dz_f006_6hrly_hvr_US_east.nc
ARGO_GDAC,pfl,aoml/4903555/profiles/R4903555_155.nc|2025-07-27T15:44:10Z|27.55712|-87.59394,aoml/4903555/profiles/R4903555_155.nc,4903555,4903555,27.55712,-87.59394,2025-07-27T15:44:10Z,20250727,2025,1008,1.0,2005.96,20.791,True,True,True,https://noaa-nws-rtofs-pds.s3.amazonaws.com/rtofs.20250727/rtofs_glo_3dz_f006_6hrly_hvr_US_east.nc
ARGO_GDAC,pfl,aoml/4903555/profiles/R4903555_155.nc|2025-07-27T15:44:10Z|27.55712|-87.59394,aoml/4903555/profiles/R4903555_155.nc,4903555,4903555,27.55712,-87.59394,2025-07-27T15:44:10Z,20250727,2025,844,0.64,99.96,20.9246,True,True,True,https://noaa-nws-rtofs-pds.s3.amazonaws.com/rtofs.20250727/rtofs_glo_3dz_f006_6hrly_hvr_US_east.nc
ARGO_GDAC,pfl,aoml/4903555/profiles/R4903555_156.nc|2025-08-01T17:05:48Z|27.44474|-87.18629,aoml/4903555/profiles/R4903555_156.nc,4903555,4903555,27.44474,-87.18629,2025-08-01T17:05:48Z,20250801,2025,1012,1.04,2013.24,30.7048,True,True,True,https://noaa-nws-rtofs-pds.s3.amazonaws.com/rtofs.20250801/rtofs_glo_3dz_f006_6hrly_hvr_US_east.nc
ARGO_GDAC,pfl,aoml/4903555/profiles/R4903555_156.nc|2025-08-01T17:05:48Z|27.44474|-87.18629,aoml/4903555/profiles/R4903555_156.nc,4903555,4903555,27.44474,-87.18629,2025-08-01T17:05:48Z,20250801,2025,762,0.64,99.88,30.796,True,True,True,https://noaa-nws-rtofs-pds.s3.amazonaws.com/rtofs.20250801/rtofs_glo_3dz_f006_6hrly_hvr_US_east.nc
ARGO_GDAC,pfl,aoml/4903555/profiles/R4903555_157.nc|2025-08-06T18:36:22Z|27.39323|-86.71447,aoml/4903555/profiles/R4903555_157.nc,4903555,4903555,27.39323,-86.71447,2025-08-06T18:36:22Z,20250806,2025,1013,1.0,2015.28,15.2487,True,True,True,https://noaa-nws-rtofs-pds.s3.amazonaws.com/rtofs.20250806/rtofs_glo_3dz_f006_6hrly_hvr_US_east.nc
ARGO_GDAC,pfl,aoml/4903555/profiles/R4903555_157.nc|2025-08-06T18:36:22Z|27.39323|-86.71447,aoml/4903555/profiles/R4903555_157.nc,4903555,4903555,27.39323,-86.71447,2025-08-06T18:36:22Z,20250806,2025,848,0.56,99.96,15.536,True,True,True,https://noaa-nws-rtofs-pds.s3.amazonaws.com/rtofs.20250806/rtofs_glo_3dz_f006_6hrly_hvr_US_east.nc
ARGO_GDAC,pfl,aoml/4903555/profiles/R4903555_158.nc|2025-08-11T19:56:54Z|27.32706|-86.47086,aoml/4903555/profiles/R4903555_158.nc,4903555,4903555,27.32706,-86.47086,2025-08-11T19:56:54Z,20250811,2025,1007,1.16,2003.92,18.7652,True,True,True,https://noaa-nws-rtofs-pds.s3.amazonaws.com/rtofs.20250811/rtofs_glo_3dz_f006_6hrly_hvr_US_east.nc
ARGO_GDAC,pfl,aoml/4903555/profiles/R4903555_158.nc|2025-08-11T19:56:54Z|27.32706|-86.47086,aoml/4903555/profiles/R4903555_158.nc,4903555,4903555,27.32706,-86.47086,2025-08-11T19:56:54Z,20250811,2025,821,0.76,99.96,19.1153,True,True,True,https://noaa-nws-rtofs-pds.s3.amazonaws.com/rtofs.20250811/rtofs_glo_3dz_f006_6hrly_hvr_US_east.nc
ARGO_GDAC,pfl,aoml/4903555/profiles/R4903555_159.nc|2025-08-16T21:18:07Z|27.28958|-86.23798,aoml/4903555/profiles/R4903555_159.nc,4903555,4903555,27.28958,-86.23798,2025-08-16T21:18:07Z,20250816,2025,1007,1.04,2003.68,26.8321,True,True,True,https://noaa-nws-rtofs-pds.s3.amazonaws.com/rtofs.20250816/rtofs_glo_3dz_f006_6hrly_hvr_US_east.nc
ARGO_GDAC,pfl,aoml/4903555/profiles/R4903555_159.nc|2025-08-16T21:18:07Z|27.28958|-86.23798,aoml/4903555/profiles/R4903555_159.nc,4903555,4903555,27.28958,-86.23798,2025-08-16T21:18:07Z,20250816,2025,830,0.68,99.92,26.8143,True,True,True,https://noaa-nws-rtofs-pds.s3.amazonaws.com/rtofs.20250816/rtofs_glo_3dz_f006_6hrly_hvr_US_east.nc
ARGO_GDAC,pfl,aoml/4903555/profiles/R4903555_160.nc|2025-08-21T22:45:52Z|27.24535|-86.14186,aoml/4903555/profiles/R4903555_160.nc,4903555,4903555,27.24535,-86.14186,2025-08-21T22:45:52Z,20250821,2025,1008,1.04,2005.76,28.1871,True,True,True,https://noaa-nws-rtofs-pds.s3.amazonaws.com/rtofs.20250821/rtofs_glo_3dz_f006_6hrly_hvr_US_east.nc
ARGO_GDAC,pfl,aoml/4903555/profiles/R4903555_160.nc|2025-08-21T22:45:52Z|27.24535|-86.14186,aoml/4903555/profiles/R4903555_160.nc,4903555,4903555,27.24535,-86.14186,2025-08-21T22:45:52Z,20250821,2025,886,0.68,99.88,29.16,True,True,True,https://noaa-nws-rtofs-pds.s3.amazonaws.com/rtofs.20250821/rtofs_glo_3dz_f006_6hrly_hvr_US_east.nc
ARGO_GDAC,pfl,aoml/4903555/profiles/R4903555_161.nc|2025-08-27T00:17:26Z|27.21994|-86.33576,aoml/4903555/profiles/R4903555_161.nc,4903555,4903555,27.21994,-86.33576,2025-08-27T00:17:26Z,20250827,2025,1011,0.44,2009.24,16.1485,True,True,True,https://noaa-nws-rtofs-pds.s3.amazonaws.com/rtofs.20250827/rtofs_glo_3dz_f006_6hrly_hvr_US_east.nc
ARGO_GDAC,pfl,aoml/4903555/profiles/R4903555_161.nc|2025-08-27T00:17:26Z|27.21994|-86.33576,aoml/4903555/profiles/R4903555_161.nc,4903555,4903555,27.21994,-86.33576,2025-08-27T00:17:26Z,20250827,2025,812,0.44,99.84,16.4743,True,True,True,https://noaa-nws-rtofs-pds.s3.amazonaws.com/rtofs.20250827/rtofs_glo_3dz_f006_6hrly_hvr_US_east.nc
ARGO_GDAC,pfl,aoml/4903555/profiles/R4903555_162.nc|2025-09-01T01:44:40Z|27.22622|-87.06877,aoml/4903555/profiles/R4903555_162.nc,4903555,4903555,27.22622,-87.06877,2025-09-01T01:44:40Z,20250901,2025,1012,0.48,2011.2,20.936,True,True,True,https://noaa-nws-rtofs-pds.s3.amazonaws.com/rtofs.20250901/rtofs_glo_3dz_f006_6hrly_hvr_US_east.nc
ARGO_GDAC,pfl,aoml/4903555/profiles/R4903555_162.nc|2025-09-01T01:44:40Z|27.22622|-87.06877,aoml/4903555/profiles/R4903555_162.nc,4903555,4903555,27.22622,-87.06877,2025-09-01T01:44:40Z,20250901,2025,950,0.48,99.96,21.0982,True,True,True,https://noaa-nws-rtofs-pds.s3.amazonaws.com/rtofs.20250901/rtofs_glo_3dz_f006_6hrly_hvr_US_east.nc
ARGO_GDAC,pfl,aoml/4903555/profiles/R4903555_163.nc|2025-09-06T03:14:39Z|26.76087|-87.60901,aoml/4903555/profiles/R4903555_163.nc,4903555,4903555,26.76087,-87.60901,2025-09-06T03:14:39Z,20250906,2025,1012,0.48,2011.32,19.614,True,True,True,https://noaa-nws-rtofs-pds.s3.amazonaws.com/rtofs.20250906/rtofs_glo_3dz_f006_6hrly_hvr_US_east.nc
ARGO_GDAC,pfl,aoml/4903555/profiles/R4903555_163.nc|2025-09-06T03:14:39Z|26.76087|-87.60901,aoml/4903555/profiles/R4903555_163.nc,4903555,4903555,26.76087,-87.60901,2025-09-06T03:14:39Z,20250906,2025,911,0.48,99.88,19.64,True,True,True,https://noaa-nws-rtofs-pds.s3.amazonaws.com/rtofs.20250906/rtofs_glo_3dz_f006_6hrly_hvr_US_east.nc
ARGO_GDAC,pfl,aoml/4903555/profiles/R4903555_164.nc|2025-09-11T04:40:08Z|26.40919|-88.19919,aoml/4903555/profiles/R4903555_164.nc,4903555,4903555,26.40919,-88.19919,2025-09-11T04:40:08Z,20250911,2025,1011,1.0,2011.4,44.2662,True,True,True,https://noaa-nws-rtofs-pds.s3.amazonaws.com/rtofs.20250911/rtofs_glo_3dz_f006_6hrly_hvr_US_east.nc
ARGO_GDAC,pfl,aoml/4903555/profiles/R4903555_164.nc|2025-09-11T04:40:08Z|26.40919|-88.19919,aoml/4903555/profiles/R4903555_164.nc,4903555,4903555,26.40919,-88.19919,2025-09-11T04:40:08Z,20250911,2025,724,0.72,99.8,44.6591,True,True,True,https://noaa-nws-rtofs-pds.s3.amazonaws.com/rtofs.20250911/rtofs_glo_3dz_f006_6hrly_hvr_US_east.nc
ARGO_GDAC,pfl,aoml/4903555/profiles/R4903555_165.nc|2025-09-16T06:18:12Z|26.40641|-88.34047,aoml/4903555/profiles/R4903555_165.nc,4903555,4903555,26.40641,-88.34047,2025-09-16T06:18:12Z,20250916,2025,1013,1.04,2015.28,54.5174,True,True,True,https://noaa-nws-rtofs-pds.s3.amazonaws.com/rtofs.20250916/rtofs_glo_3dz_f006_6hrly_hvr_US_east.nc
ARGO_GDAC,pfl,aoml/4903555/profiles/R4903555_165.nc|2025-09-16T06:18:12Z|26.40641|-88.34047,aoml/4903555/profiles/R4903555_165.nc,4903555,4903555,26.40641,-88.34047,2025-09-16T06:18:12Z,20250916,2025,737,0.64,100.0,55.2922,True,True,True,https://noaa-nws-rtofs-pds.s3.amazonaws.com/rtofs.20250916/rtofs_glo_3dz_f006_6hrly_hvr_US_east.nc
ARGO_GDAC,pfl,aoml/4903555/profiles/R4903555_166.nc|2025-09-21T07:40:32Z|26.63078|-87.76913,aoml/4903555/profiles/R4903555_166.nc,4903555,4903555,26.63078,-87.76913,2025-09-21T07:40:32Z,20250921,2025,1010,1.04,2009.48,60.7826,True,True,True,https://noaa-nws-rtofs-pds.s3.amazonaws.com/rtofs.20250921/rtofs_glo_3dz_f006_6hrly_hvr_US_east.nc
ARGO_GDAC,pfl,aoml/4903555/profiles/R4903555_166.nc|2025-09-21T07:40:32Z|26.63078|-87.76913,aoml/4903555/profiles/R4903555_166.nc,4903555,4903555,26.63078,-87.76913,2025-09-21T07:40:32Z,20250921,2025,684,0.56,99.88,61.1467,True,True,True,https://noaa-nws-rtofs-pds.s3.amazonaws.com/rtofs.20250921/rtofs_glo_3dz_f006_6hrly_hvr_US_east.nc
ARGO_GDAC,pfl,aoml/4903555/profiles/R4903555_167.nc|2025-09-26T09:13:50Z|27.49045|-87.66121,aoml/4903555/profiles/R4903555_167.nc,4903555,4903555,27.49045,-87.66121,2025-09-26T09:13:50Z,20250926,2025,1004,0.96,1997.24,27.1719,True,True,True,https://noaa-nws-rtofs-pds.s3.amazonaws.com/rtofs.20250926/rtofs_glo_3dz_f006_6hrly_hvr_US_east.nc
ARGO_GDAC,pfl,aoml/4903555/profiles/R4903555_167.nc|2025-09-26T09:13:50Z|27.49045|-87.66121,aoml/4903555/profiles/R4903555_167.nc,4903555,4903555,27.49045,-87.66121,2025-09-26T09:13:50Z,20250926,2025,821,0.6,100.0,26.7552,True,True,True,https://noaa-nws-rtofs-pds.s3.amazonaws.com/rtofs.20250926/rtofs_glo_3dz_f006_6hrly_hvr_US_east.nc
ARGO_GDAC,pfl,aoml/4903555/profiles/R4903555_168.nc|2025-10-01T10:36:56Z|27.43540|-87.47732,aoml/4903555/profiles/R4903555_168.nc,4903555,4903555,27.4354,-87.47732,2025-10-01T10:36:56Z,20251001,2025,1014,0.96,2017.16,28.4089,True,True,True,https://noaa-nws-rtofs-pds.s3.amazonaws.com/rtofs.20251001/rtofs_glo_3dz_f006_6hrly_hvr_US_east.nc
ARGO_GDAC,pfl,aoml/4903555/profiles/R4903555_168.nc|2025-10-01T10:36:56Z|27.43540|-87.47732,aoml/4903555/profiles/R4903555_168.nc,4903555,4903555,27.4354,-87.47732,2025-10-01T10:36:56Z,20251001,2025,814,0.52,99.88,28.194,True,True,True,https://noaa-nws-rtofs-pds.s3.amazonaws.com/rtofs.20251001/rtofs_glo_3dz_f006_6hrly_hvr_US_east.nc
ARGO_GDAC,pfl,aoml/4903555/profiles/R4903555_169.nc|2025-10-06T12:07:30Z|27.28691|-87.18597,aoml/4903555/profiles/R4903555_169.nc,4903555,4903555,27.28691,-87.18597,2025-10-06T12:07:30Z,20251006,2025,1008,1.0,2005.92,29.8664,True,True,True,https://noaa-nws-rtofs-pds.s3.amazonaws.com/rtofs.20251006/rtofs_glo_3dz_f006_6hrly_hvr_US_east.nc
ARGO_GDAC,pfl,aoml/4903555/profiles/R4903555_169.nc|2025-10-06T12:07:30Z|27.28691|-87.18597,aoml/4903555/profiles/R4903555_169.nc,4903555,4903555,27.28691,-87.18597,2025-10-06T12:07:30Z,20251006,2025,813,0.52,99.96,29.6399,True,True,True,https://noaa-nws-rtofs-pds.s3.amazonaws.com/rtofs.20251006/rtofs_glo_3dz_f006_6hrly_hvr_US_east.nc
ARGO_GDAC,pfl,aoml/4903555/profiles/R4903555_170.nc|2025-10-11T13:36:23Z|27.37266|-86.90373,aoml/4903555/profiles/R4903555_170.nc,4903555,4903555,27.37266,-86.90373,2025-10-11T13:36:23Z,20251011,2025,1013,0.92,2015.24,34.0465,True,True,True,https://noaa-nws-rtofs-pds.s3.amazonaws.com/rtofs.20251011/rtofs_glo_3dz_f006_6hrly_hvr_US_east.nc
ARGO_GDAC,pfl,aoml/4903555/profiles/R4903555_170.nc|2025-10-11T13:36:23Z|27.37266|-86.90373,aoml/4903555/profiles/R4903555_170.nc,4903555,4903555,27.37266,-86.90373,2025-10-11T13:36:23Z,20251011,2025,808,0.52,99.84,34.2663,True,True,True,https://noaa-nws-rtofs-pds.s3.amazonaws.com/rtofs.20251011/rtofs_glo_3dz_f006_6hrly_hvr_US_east.nc
ARGO_GDAC,pfl,aoml/4903555/profiles/R4903555_171.nc|2025-10-16T15:12:13Z|27.74803|-86.65723,aoml/4903555/profiles/R4903555_171.nc,4903555,4903555,27.74803,-86.65723,2025-10-16T15:12:13Z,20251016,2025,1012,0.48,2011.16,52.0726,True,True,True,https://noaa-nws-rtofs-pds.s3.amazonaws.com/rtofs.20251016/rtofs_glo_3dz_f006_6hrly_hvr_US_east.nc
ARGO_GDAC,pfl,aoml/4903555/profiles/R4903555_171.nc|2025-10-16T15:12:13Z|27.74803|-86.65723,aoml/4903555/profiles/R4903555_171.nc,4903555,4903555,27.74803,-86.65723,2025-10-16T15:12:13Z,20251016,2025,829,0.48,100.0,52.3759,True,True,True,https://noaa-nws-rtofs-pds.s3.amazonaws.com/rtofs.20251016/rtofs_glo_3dz_f006_6hrly_hvr_US_east.nc
ARGO_GDAC,pfl,aoml/4903555/profiles/R4903555_172.nc|2025-10-21T16:49:57Z|27.84204|-86.63602,aoml/4903555/profiles/R4903555_172.nc,4903555,4903555,27.84204,-86.63602,2025-10-21T16:49:57Z,20251021,2025,1008,0.36,2003.24,62.6737,True,True,True,https://noaa-nws-rtofs-pds.s3.amazonaws.com/rtofs.20251021/rtofs_glo_3dz_f006_6hrly_hvr_US_east.nc
ARGO_GDAC,pfl,aoml/4903555/profiles/R4903555_172.nc|2025-10-21T16:49:57Z|27.84204|-86.63602,aoml/4903555/profiles/R4903555_172.nc,4903555,4903555,27.84204,-86.63602,2025-10-21T16:49:57Z,20251021,2025,834,0.36,99.88,63.0692,True,True,True,https://noaa-nws-rtofs-pds.s3.amazonaws.com/rtofs.20251021/rtofs_glo_3dz_f006_6hrly_hvr_US_east.nc
ARGO_GDAC,pfl,aoml/4903555/profiles/R4903555_173.nc|2025-10-26T18:23:31Z|27.83539|-86.75983,aoml/4903555/profiles/R4903555_173.nc,4903555,4903555,27.83539,-86.75983,2025-10-26T18:23:31Z,20251026,2025,1012,0.88,2013.04,64.4663,True,True,True,https://noaa-nws-rtofs-pds.s3.amazonaws.com/rtofs.20251026/rtofs_glo_3dz_f006_6hrly_hvr_US_east.nc
ARGO_GDAC,pfl,aoml/4903555/profiles/R4903555_173.nc|2025-10-26T18:23:31Z|27.83539|-86.75983,aoml/4903555/profiles/R4903555_173.nc,4903555,4903555,27.83539,-86.75983,2025-10-26T18:23:31Z,20251026,2025,816,0.52,99.96,64.955,True,True,True,https://noaa-nws-rtofs-pds.s3.amazonaws.com/rtofs.20251026/rtofs_glo_3dz_f006_6hrly_hvr_US_east.nc
ARGO_GDAC,pfl,aoml/4903555/profiles/R4903555_174.nc|2025-10-31T20:00:52Z|27.95607|-86.87158,aoml/4903555/profiles/R4903555_174.nc,4903555,4903555,27.95607,-86.87158,2025-10-31T20:00:52Z,20251031,2025,1013,0.96,2015.76,70.1539,True,True,True,https://noaa-nws-rtofs-pds.s3.amazonaws.com/rtofs.20251031/rtofs_glo_3dz_f006_6hrly_hvr_US_east.nc
ARGO_GDAC,pfl,aoml/4903555/profiles/R4903555_174.nc|2025-10-31T20:00:52Z|27.95607|-86.87158,aoml/4903555/profiles/R4903555_174.nc,4903555,4903555,27.95607,-86.87158,2025-10-31T20:00:52Z,20251031,2025,784,0.52,99.96,70.8063,True,True,True,https://noaa-nws-rtofs-pds.s3.amazonaws.com/rtofs.20251031/rtofs_glo_3dz_f006_6hrly_hvr_US_east.nc
ARGO_GDAC,pfl,aoml/4903555/profiles/R4903555_175.nc|2025-11-05T21:28:40Z|28.02237|-86.98016,aoml/4903555/profiles/R4903555_175.nc,4903555,4903555,28.02237,-86.98016,2025-11-05T21:28:40Z,20251105,2025,1008,1.04,2005.04,74.0495,True,True,True,https://noaa-nws-rtofs-pds.s3.amazonaws.com/rtofs.20251105/rtofs_glo_3dz_f006_6hrly_hvr_US_east.nc
ARGO_GDAC,pfl,aoml/4903555/profiles/R4903555_175.nc|2025-11-05T21:28:40Z|28.02237|-86.98016,aoml/4903555/profiles/R4903555_175.nc,4903555,4903555,28.02237,-86.98016,2025-11-05T21:28:40Z,20251105,2025,882,0.68,99.96,74.5507,True,True,True,https://noaa-nws-rtofs-pds.s3.amazonaws.com/rtofs.20251105/rtofs_glo_3dz_f006_6hrly_hvr_US_east.nc
ARGO_GDAC,pfl,aoml/4903555/profiles/R4903555_176.nc|2025-11-10T23:05:29Z|28.01402|-86.91754,aoml/4903555/profiles/R4903555_176.nc,4903555,4903555,28.01402,-86.91754,2025-11-10T23:05:29Z,20251110,2025,1012,0.96,2013.52,80.2734,True,True,True,https://noaa-nws-rtofs-pds.s3.amazonaws.com/rtofs.20251110/rtofs_glo_3dz_f006_6hrly_hvr_US_east.nc
ARGO_GDAC,pfl,aoml/4903555/profiles/R4903555_176.nc|2025-11-10T23:05:29Z|28.01402|-86.91754,aoml/4903555/profiles/R4903555_176.nc,4903555,4903555,28.01402,-86.91754,2025-11-10T23:05:29Z,20251110,2025,776,0.52,99.92,81.2009,True,True,True,https://noaa-nws-rtofs-pds.s3.amazonaws.com/rtofs.20251110/rtofs_glo_3dz_f006_6hrly_hvr_US_east.nc
ARGO_GDAC,pfl,aoml/4903555/profiles/R4903555_177.nc|2025-11-16T00:42:49Z|27.93223|-86.76763,aoml/4903555/profiles/R4903555_177.nc,4903555,4903555,27.93223,-86.76763,2025-11-16T00:42:49Z,20251116,2025,1010,1.04,2009.36,84.6638,True,True,True,https://noaa-nws-rtofs-pds.s3.amazonaws.com/rtofs.20251116/rtofs_glo_3dz_f006_6hrly_hvr_US_east.nc
ARGO_GDAC,pfl,aoml/4903555/profiles/R4903555_177.nc|2025-11-16T00:42:49Z|27.93223|-86.76763,aoml/4903555/profiles/R4903555_177.nc,4903555,4903555,27.93223,-86.76763,2025-11-16T00:42:49Z,20251116,2025,870,0.72,99.88,85.5893,True,True,True,https://noaa-nws-rtofs-pds.s3.amazonaws.com/rtofs.20251116/rtofs_glo_3dz_f006_6hrly_hvr_US_east.nc
ARGO_GDAC,pfl,aoml/4903555/profiles/R4903555_178.nc|2025-11-21T02:06:50Z|27.92176|-86.57593,aoml/4903555/profiles/R4903555_178.nc,4903555,4903555,27.92176,-86.57593,2025-11-21T02:06:50Z,20251121,2025,1012,1.0,2013.84,88.7384,True,True,True,https://noaa-nws-rtofs-pds.s3.amazonaws.com/rtofs.20251121/rtofs_glo_3dz_f006_6hrly_hvr_US_east.nc
ARGO_GDAC,pfl,aoml/4903555/profiles/R4903555_178.nc|2025-11-21T02:06:50Z|27.92176|-86.57593,aoml/4903555/profiles/R4903555_178.nc,4903555,4903555,27.92176,-86.57593,2025-11-21T02:06:50Z,20251121,2025,807,0.52,99.84,89.9529,True,True,True,https://noaa-nws-rtofs-pds.s3.amazonaws.com/rtofs.20251121/rtofs_glo_3dz_f006_6hrly_hvr_US_east.nc
ARGO_GDAC,pfl,aoml/4903555/profiles/R4903555_179.nc|2025-11-26T03:45:16Z|27.91610|-86.53162,aoml/4903555/profiles/R4903555_179.nc,4903555,4903555,27.9161,-86.53162,2025-11-26T03:45:16Z,20251126,2025,1012,0.92,2013.2,89.6208,True,True,True,https://noaa-nws-rtofs-pds.s3.amazonaws.com/rtofs.20251126/rtofs_glo_3dz_f006_6hrly_hvr_US_east.nc
ARGO_GDAC,pfl,aoml/4903555/profiles/R4903555_179.nc|2025-11-26T03:45:16Z|27.91610|-86.53162,aoml/4903555/profiles/R4903555_179.nc,4903555,4903555,27.9161,-86.53162,2025-11-26T03:45:16Z,20251126,2025,703,0.52,99.92,90.1415,True,True,True,https://noaa-nws-rtofs-pds.s3.amazonaws.com/rtofs.20251126/rtofs_glo_3dz_f006_6hrly_hvr_US_east.nc
ARGO_GDAC,pfl,aoml/4903555/profiles/R4903555_180.nc|2025-12-01T05:12:32Z|27.93803|-86.61788,aoml/4903555/profiles/R4903555_180.nc,4903555,4903555,27.93803,-86.61788,2025-12-01T05:12:32Z,20251201,2025,1008,0.96,2005.8,72.04,True,True,True,https://noaa-nws-rtofs-pds.s3.amazonaws.com/rtofs.20251201/rtofs_glo_3dz_f006_6hrly_hvr_US_east.nc
ARGO_GDAC,pfl,aoml/4903555/profiles/R4903555_180.nc|2025-12-01T05:12:32Z|27.93803|-86.61788,aoml/4903555/profiles/R4903555_180.nc,4903555,4903555,27.93803,-86.61788,2025-12-01T05:12:32Z,20251201,2025,861,0.72,99.96,71.8459,True,True,True,https://noaa-nws-rtofs-pds.s3.amazonaws.com/rtofs.20251201/rtofs_glo_3dz_f006_6hrly_hvr_US_east.nc
ARGO_GDAC,pfl,aoml/4903555/profiles/R4903555_181.nc|2025-12-06T06:53:57Z|28.01581|-86.76681,aoml/4903555/profiles/R4903555_181.nc,4903555,4903555,28.01581,-86.76681,2025-12-06T06:53:57Z,20251206,2025,1010,1.0,2009.28,53.868,True,True,True,https://noaa-nws-rtofs-pds.s3.amazonaws.com/rtofs.20251206/rtofs_glo_3dz_f006_6hrly_hvr_US_east.nc
ARGO_GDAC,pfl,aoml/4903555/profiles/R4903555_181.nc|2025-12-06T06:53:57Z|28.01581|-86.76681,aoml/4903555/profiles/R4903555_181.nc,4903555,4903555,28.01581,-86.76681,2025-12-06T06:53:57Z,20251206,2025,875,0.64,99.84,52.79,True,True,True,https://noaa-nws-rtofs-pds.s3.amazonaws.com/rtofs.20251206/rtofs_glo_3dz_f006_6hrly_hvr_US_east.nc
ARGO_GDAC,pfl,aoml/4903555/profiles/R4903555_182.nc|2025-12-11T08:22:18Z|28.06373|-86.87355,aoml/4903555/profiles/R4903555_182.nc,4903555,4903555,28.06373,-86.87355,2025-12-11T08:22:18Z,20251211,2025,1010,1.0,2009.24,75.7023,True,True,True,https://noaa-nws-rtofs-pds.s3.amazonaws.com/rtofs.20251211/rtofs_glo_3dz_f006_6hrly_hvr_US_east.nc
ARGO_GDAC,pfl,aoml/4903555/profiles/R4903555_182.nc|2025-12-11T08:22:18Z|28.06373|-86.87355,aoml/4903555/profiles/R4903555_182.nc,4903555,4903555,28.06373,-86.87355,2025-12-11T08:22:18Z,20251211,2025,814,0.6,99.96,76.206,True,True,True,https://noaa-nws-rtofs-pds.s3.amazonaws.com/rtofs.20251211/rtofs_glo_3dz_f006_6hrly_hvr_US_east.nc
ARGO_GDAC,pfl,aoml/4903555/profiles/R4903555_183.nc|2025-12-16T09:55:18Z|28.07225|-86.88551,aoml/4903555/profiles/R4903555_183.nc,4903555,4903555,28.07225,-86.88551,2025-12-16T09:55:18Z,20251216,2025,1011,0.96,2011.24,38.4815,True,True,True,https://noaa-nws-rtofs-pds.s3.amazonaws.com/rtofs.20251216/rtofs_glo_3dz_f006_6hrly_hvr_US_east.nc
ARGO_GDAC,pfl,aoml/4903555/profiles/R4903555_183.nc|2025-12-16T09:55:18Z|28.07225|-86.88551,aoml/4903555/profiles/R4903555_183.nc,4903555,4903555,28.07225,-86.88551,2025-12-16T09:55:18Z,20251216,2025,795,0.6,99.96,38.7111,True,True,True,https://noaa-nws-rtofs-pds.s3.amazonaws.com/rtofs.20251216/rtofs_glo_3dz_f006_6hrly_hvr_US_east.nc
ARGO_GDAC,pfl,aoml/4903555/profiles/R4903555_184.nc|2025-12-21T11:20:41Z|28.14310|-87.07589,aoml/4903555/profiles/R4903555_184.nc,4903555,4903555,28.1431,-87.07589,2025-12-21T11:20:41Z,20251221,2025,1012,0.36,2011.4,29.0224,True,True,True,https://noaa-nws-rtofs-pds.s3.amazonaws.com/rtofs.20251221/rtofs_glo_3dz_f006_6hrly_hvr_US_east.nc
ARGO_GDAC,pfl,aoml/4903555/profiles/R4903555_184.nc|2025-12-21T11:20:41Z|28.14310|-87.07589,aoml/4903555/profiles/R4903555_184.nc,4903555,4903555,28.1431,-87.07589,2025-12-21T11:20:41Z,20251221,2025,751,0.36,100.0,29.4296,True,True,True,https://noaa-nws-rtofs-pds.s3.amazonaws.com/rtofs.20251221/rtofs_glo_3dz_f006_6hrly_hvr_US_east.nc
ARGO_GDAC,pfl,aoml/4903555/profiles/R4903555_185.nc|2025-12-26T12:50:41Z|28.21275|-87.38793,aoml/4903555/profiles/R4903555_185.nc,4903555,4903555,28.21275,-87.38793,2025-12-26T12:50:41Z,20251226,2025,1010,1.0,2009.92,34.3976,True,True,True,https://noaa-nws-rtofs-pds.s3.amazonaws.com/rtofs.20251226/rtofs_glo_3dz_f006_6hrly_hvr_US_east.nc
ARGO_GDAC,pfl,aoml/4903555/profiles/R4903555_185.nc|2025-12-26T12:50:41Z|28.21275|-87.38793,aoml/4903555/profiles/R4903555_185.nc,4903555,4903555,28.21275,-87.38793,2025-12-26T12:50:41Z,20251226,2025,751,0.6,99.84,34.592,True,True,True,https://noaa-nws-rtofs-pds.s3.amazonaws.com/rtofs.20251226/rtofs_glo_3dz_f006_6hrly_hvr_US_east.nc
ARGO_GDAC,pfl,aoml/4903555/profiles/R4903555_186.nc|2025-12-31T14:24:09Z|28.19362|-87.45220,aoml/4903555/profiles/R4903555_186.nc,4903555,4903555,28.19362,-87.4522,2025-12-31T14:24:09Z,20251231,2025,1012,1.0,2013.48,60.5282,True,True,True,https://noaa-nws-rtofs-pds.s3.amazonaws.com/rtofs.20251231/rtofs_glo_3dz_f006_6hrly_hvr_US_east.nc
ARGO_GDAC,pfl,aoml/4903555/profiles/R4903555_186.nc|2025-12-31T14:24:09Z|28.19362|-87.45220,aoml/4903555/profiles/R4903555_186.nc,4903555,4903555,28.19362,-87.4522,2025-12-31T14:24:09Z,20251231,2025,747,0.68,99.92,61.4706,True,True,True,https://noaa-nws-rtofs-pds.s3.amazonaws.com/rtofs.20251231/rtofs_glo_3dz_f006_6hrly_hvr_US_east.nc
ARGO_GDAC,pfl,aoml/4903556/profiles/D4903556_042.nc|2024-01-01T13:56:29Z|25.86380|-87.66080,aoml/4903556/profiles/D4903556_042.nc,4903556,4903556,25.8638,-87.6608,2024-01-01T13:56:29Z,20240101,2024,1012,0.48,2011.6,44.2088,True,True,False,
ARGO_GDAC,pfl,aoml/4903556/profiles/D4903556_042.nc|2024-01-01T13:56:29Z|25.86380|-87.66080,aoml/4903556/profiles/D4903556_042.nc,4903556,4903556,25.8638,-87.6608,2024-01-01T13:56:29Z,20240101,2024,840,0.48,99.92,44.2703,True,True,False,
ARGO_GDAC,pfl,aoml/4903556/profiles/D4903556_043.nc|2024-01-06T14:39:52Z|26.06956|-87.39826,aoml/4903556/profiles/D4903556_043.nc,4903556,4903556,26.06956,-87.39826,2024-01-06T14:39:52Z,20240106,2024,1010,1.0,2009.04,39.8128,True,True,False,
ARGO_GDAC,pfl,aoml/4903556/profiles/D4903556_043.nc|2024-01-06T14:39:52Z|26.06956|-87.39826,aoml/4903556/profiles/D4903556_043.nc,4903556,4903556,26.06956,-87.39826,2024-01-06T14:39:52Z,20240106,2024,840,0.64,99.92,39.7745,True,True,False,
ARGO_GDAC,pfl,aoml/4903556/profiles/D4903556_044.nc|2024-01-11T15:33:18Z|25.94650|-87.05398,aoml/4903556/profiles/D4903556_044.nc,4903556,4903556,25.9465,-87.05398,2024-01-11T15:33:18Z,20240111,2024,1011,0.36,2009.44,80.8656,True,True,False,
ARGO_GDAC,pfl,aoml/4903556/profiles/D4903556_044.nc|2024-01-11T15:33:18Z|25.94650|-87.05398,aoml/4903556/profiles/D4903556_044.nc,4903556,4903556,25.9465,-87.05398,2024-01-11T15:33:18Z,20240111,2024,715,0.36,100.0,80.7173,True,True,False,
ARGO_GDAC,pfl,aoml/4903556/profiles/D4903556_045.nc|2024-01-16T16:21:08Z|25.80626|-86.94403,aoml/4903556/profiles/D4903556_045.nc,4903556,4903556,25.80626,-86.94403,2024-01-16T16:21:08Z,20240116,2024,1012,0.96,2013.16,101.4352,True,False,False,
ARGO_GDAC,pfl,aoml/4903556/profiles/D4903556_045.nc|2024-01-16T16:21:08Z|25.80626|-86.94403,aoml/4903556/profiles/D4903556_045.nc,4903556,4903556,25.80626,-86.94403,2024-01-16T16:21:08Z,20240116,2024,752,0.56,100.0,,False,False,False,
ARGO_GDAC,pfl,aoml/4903556/profiles/D4903556_046.nc|2024-01-21T16:55:52Z|25.60378|-86.91287,aoml/4903556/profiles/D4903556_046.nc,4903556,4903556,25.60378,-86.91287,2024-01-21T16:55:52Z,20240121,2024,1011,1.0,2011.68,132.3861,True,False,False,
ARGO_GDAC,pfl,aoml/4903556/profiles/D4903556_046.nc|2024-01-21T16:55:52Z|25.60378|-86.91287,aoml/4903556/profiles/D4903556_046.nc,4903556,4903556,25.60378,-86.91287,2024-01-21T16:55:52Z,20240121,2024,809,0.64,99.96,,False,False,False,
ARGO_GDAC,pfl,aoml/4903556/profiles/D4903556_047.nc|2024-01-26T17:44:24Z|25.43426|-86.85478,aoml/4903556/profiles/D4903556_047.nc,4903556,4903556,25.43426,-86.85478,2024-01-26T17:44:24Z,20240126,2024,1010,0.48,2007.4,141.7816,True,False,False,
ARGO_GDAC,pfl,aoml/4903556/profiles/D4903556_047.nc|2024-01-26T17:44:24Z|25.43426|-86.85478,aoml/4903556/profiles/D4903556_047.nc,4903556,4903556,25.43426,-86.85478,2024-01-26T17:44:24Z,20240126,2024,627,0.48,100.0,,False,False,False,
ARGO_GDAC,pfl,aoml/4903556/profiles/D4903556_048.nc|2024-01-31T18:19:56Z|25.30809|-86.88717,aoml/4903556/profiles/D4903556_048.nc,4903556,4903556,25.30809,-86.88717,2024-01-31T18:19:56Z,20240131,2024,1007,0.96,2004.12,36.3467,True,True,True,https://noaa-nws-rtofs-pds.s3.amazonaws.com/rtofs.20240131/rtofs_glo_3dz_f006_6hrly_hvr_US_east.nc
ARGO_GDAC,pfl,aoml/4903556/profiles/D4903556_048.nc|2024-01-31T18:19:56Z|25.30809|-86.88717,aoml/4903556/profiles/D4903556_048.nc,4903556,4903556,25.30809,-86.88717,2024-01-31T18:19:56Z,20240131,2024,802,0.52,99.96,19.8489,True,True,True,https://noaa-nws-rtofs-pds.s3.amazonaws.com/rtofs.20240131/rtofs_glo_3dz_f006_6hrly_hvr_US_east.nc
ARGO_GDAC,pfl,aoml/4903556/profiles/D4903556_049.nc|2024-02-05T18:58:46Z|25.19220|-87.01467,aoml/4903556/profiles/D4903556_049.nc,4903556,4903556,25.1922,-87.01467,2024-02-05T18:58:46Z,20240205,2024,1008,1.12,2005.16,130.7665,True,False,True,https://noaa-nws-rtofs-pds.s3.amazonaws.com/rtofs.20240205/rtofs_glo_3dz_f006_6hrly_hvr_US_east.nc
ARGO_GDAC,pfl,aoml/4903556/profiles/D4903556_049.nc|2024-02-05T18:58:46Z|25.19220|-87.01467,aoml/4903556/profiles/D4903556_049.nc,4903556,4903556,25.1922,-87.01467,2024-02-05T18:58:46Z,20240205,2024,882,0.68,99.88,,False,False,True,https://noaa-nws-rtofs-pds.s3.amazonaws.com/rtofs.20240205/rtofs_glo_3dz_f006_6hrly_hvr_US_east.nc
ARGO_GDAC,pfl,aoml/4903556/profiles/D4903556_050.nc|2024-02-10T19:41:45Z|25.16630|-86.85839,aoml/4903556/profiles/D4903556_050.nc,4903556,4903556,25.1663,-86.85839,2024-02-10T19:41:45Z,20240210,2024,1012,1.08,2013.36,166.0902,True,False,True,https://noaa-nws-rtofs-pds.s3.amazonaws.com/rtofs.20240210/rtofs_glo_3dz_f006_6hrly_hvr_US_east.nc
ARGO_GDAC,pfl,aoml/4903556/profiles/D4903556_050.nc|2024-02-10T19:41:45Z|25.16630|-86.85839,aoml/4903556/profiles/D4903556_050.nc,4903556,4903556,25.1663,-86.85839,2024-02-10T19:41:45Z,20240210,2024,892,0.64,99.92,,False,False,True,https://noaa-nws-rtofs-pds.s3.amazonaws.com/rtofs.20240210/rtofs_glo_3dz_f006_6hrly_hvr_US_east.nc
ARGO_GDAC,pfl,aoml/4903556/profiles/D4903556_051.nc|2024-02-15T20:23:16Z|25.12104|-86.51415,aoml/4903556/profiles/D4903556_051.nc,4903556,4903556,25.12104,-86.51415,2024-02-15T20:23:16Z,20240215,2024,1010,0.48,2007.48,140.7096,True,False,True,https://noaa-nws-rtofs-pds.s3.amazonaws.com/rtofs.20240215/rtofs_glo_3dz_f006_6hrly_hvr_US_east.nc
ARGO_GDAC,pfl,aoml/4903556/profiles/D4903556_051.nc|2024-02-15T20:23:16Z|25.12104|-86.51415,aoml/4903556/profiles/D4903556_051.nc,4903556,4903556,25.12104,-86.51415,2024-02-15T20:23:16Z,20240215,2024,746,0.48,99.92,,False,False,True,https://noaa-nws-rtofs-pds.s3.amazonaws.com/rtofs.20240215/rtofs_glo_3dz_f006_6hrly_hvr_US_east.nc
ARGO_GDAC,pfl,aoml/4903556/profiles/D4903556_052.nc|2024-02-20T20:55:59Z|25.23563|-86.08362,aoml/4903556/profiles/D4903556_052.nc,4903556,4903556,25.23563,-86.08362,2024-02-20T20:55:59Z,20240220,2024,1012,0.48,2011.44,42.6649,True,True,True,https://noaa-nws-rtofs-pds.s3.amazonaws.com/rtofs.20240220/rtofs_glo_3dz_f006_6hrly_hvr_US_east.nc
ARGO_GDAC,pfl,aoml/4903556/profiles/D4903556_052.nc|2024-02-20T20:55:59Z|25.23563|-86.08362,aoml/4903556/profiles/D4903556_052.nc,4903556,4903556,25.23563,-86.08362,2024-02-20T20:55:59Z,20240220,2024,669,0.48,99.88,43.68,True,True,True,https://noaa-nws-rtofs-pds.s3.amazonaws.com/rtofs.20240220/rtofs_glo_3dz_f006_6hrly_hvr_US_east.nc
ARGO_GDAC,pfl,aoml/4903556/profiles/D4903556_053.nc|2024-02-25T21:41:17Z|25.74634|-86.15220,aoml/4903556/profiles/D4903556_053.nc,4903556,4903556,25.74634,-86.1522,2024-02-25T21:41:17Z,20240225,2024,1011,0.48,2009.36,76.2817,True,True,True,https://noaa-nws-rtofs-pds.s3.amazonaws.com/rtofs.20240225/rtofs_glo_3dz_f006_6hrly_hvr_US_east.nc
ARGO_GDAC,pfl,aoml/4903556/profiles/D4903556_053.nc|2024-02-25T21:41:17Z|25.74634|-86.15220,aoml/4903556/profiles/D4903556_053.nc,4903556,4903556,25.74634,-86.1522,2024-02-25T21:41:17Z,20240225,2024,673,0.48,99.92,76.78,True,True,True,https://noaa-nws-rtofs-pds.s3.amazonaws.com/rtofs.20240225/rtofs_glo_3dz_f006_6hrly_hvr_US_east.nc
ARGO_GDAC,pfl,aoml/4903556/profiles/D4903556_054.nc|2024-03-01T22:13:44Z|26.08113|-86.63248,aoml/4903556/profiles/D4903556_054.nc,4903556,4903556,26.08113,-86.63248,2024-03-01T22:13:44Z,20240301,2024,1008,1.0,2005.6,56.2252,True,True,True,https://noaa-nws-rtofs-pds.s3.amazonaws.com/rtofs.20240301/rtofs_glo_3dz_f006_6hrly_hvr_US_east.nc
ARGO_GDAC,pfl,aoml/4903556/profiles/D4903556_054.nc|2024-03-01T22:13:44Z|26.08113|-86.63248,aoml/4903556/profiles/D4903556_054.nc,4903556,4903556,26.08113,-86.63248,2024-03-01T22:13:44Z,20240301,2024,763,0.52,99.88,56.1933,True,True,True,https://noaa-nws-rtofs-pds.s3.amazonaws.com/rtofs.20240301/rtofs_glo_3dz_f006_6hrly_hvr_US_east.nc
ARGO_GDAC,pfl,aoml/4903556/profiles/D4903556_055.nc|2024-03-06T22:49:14Z|26.39635|-86.63663,aoml/4903556/profiles/D4903556_055.nc,4903556,4903556,26.39635,-86.63663,2024-03-06T22:49:14Z,20240306,2024,1010,1.0,2009.44,114.0335,True,False,True,https://noaa-nws-rtofs-pds.s3.amazonaws.com/rtofs.20240306/rtofs_glo_3dz_f006_6hrly_hvr_US_east.nc
ARGO_GDAC,pfl,aoml/4903556/profiles/D4903556_055.nc|2024-03-06T22:49:14Z|26.39635|-86.63663,aoml/4903556/profiles/D4903556_055.nc,4903556,4903556,26.39635,-86.63663,2024-03-06T22:49:14Z,20240306,2024,758,0.56,100.0,,False,False,True,https://noaa-nws-rtofs-pds.s3.amazonaws.com/rtofs.20240306/rtofs_glo_3dz_f006_6hrly_hvr_US_east.nc
ARGO_GDAC,pfl,aoml/4903556/profiles/D4903556_056.nc|2024-03-11T23:30:30Z|26.94057|-86.03643,aoml/4903556/profiles/D4903556_056.nc,4903556,4903556,26.94057,-86.03643,2024-03-11T23:30:30Z,20240311,2024,1010,0.96,2009.12,109.2321,True,False,True,https://noaa-nws-rtofs-pds.s3.amazonaws.com/rtofs.20240311/rtofs_glo_3dz_f006_6hrly_hvr_US_east.nc
ARGO_GDAC,pfl,aoml/4903556/profiles/D4903556_056.nc|2024-03-11T23:30:30Z|26.94057|-86.03643,aoml/4903556/profiles/D4903556_056.nc,4903556,4903556,26.94057,-86.03643,2024-03-11T23:30:30Z,20240311,2024,879,0.56,99.92,,False,False,True,https://noaa-nws-rtofs-pds.s3.amazonaws.com/rtofs.20240311/rtofs_glo_3dz_f006_6hrly_hvr_US_east.nc
ARGO_GDAC,pfl,aoml/4903556/profiles/D4903556_057.nc|2024-03-17T00:05:27Z|27.42655|-86.09095,aoml/4903556/profiles/D4903556_057.nc,4903556,4903556,27.42655,-86.09095,2024-03-17T00:05:27Z,20240317,2024,1009,1.04,2007.64,13.2421,True,True,True,https://noaa-nws-rtofs-pds.s3.amazonaws.com/rtofs.20240317/rtofs_glo_3dz_f006_6hrly_hvr_US_east.nc
ARGO_GDAC,pfl,aoml/4903556/profiles/D4903556_057.nc|2024-03-17T00:05:27Z|27.42655|-86.09095,aoml/4903556/profiles/D4903556_057.nc,4903556,4903556,27.42655,-86.09095,2024-03-17T00:05:27Z,20240317,2024,772,0.6,99.96,13.968,True,True,True,https://noaa-nws-rtofs-pds.s3.amazonaws.com/rtofs.20240317/rtofs_glo_3dz_f006_6hrly_hvr_US_east.nc
ARGO_GDAC,pfl,aoml/4903556/profiles/D4903556_058.nc|2024-03-22T00:44:19Z|27.51739|-86.33540,aoml/4903556/profiles/D4903556_058.nc,4903556,4903556,27.51739,-86.3354,2024-03-22T00:44:19Z,20240322,2024,1010,1.04,2010.0,44.1655,True,True,True,https://noaa-nws-rtofs-pds.s3.amazonaws.com/rtofs.20240322/rtofs_glo_3dz_f006_6hrly_hvr_US_east.nc
ARGO_GDAC,pfl,aoml/4903556/profiles/D4903556_058.nc|2024-03-22T00:44:19Z|27.51739|-86.33540,aoml/4903556/profiles/D4903556_058.nc,4903556,4903556,27.51739,-86.3354,2024-03-22T00:44:19Z,20240322,2024,740,0.6,99.96,44.1714,True,True,True,https://noaa-nws-rtofs-pds.s3.amazonaws.com/rtofs.20240322/rtofs_glo_3dz_f006_6hrly_hvr_US_east.nc
ARGO_GDAC,pfl,aoml/4903556/profiles/D4903556_059.nc|2024-03-27T01:28:45Z|27.40082|-86.43384,aoml/4903556/profiles/D4903556_059.nc,4903556,4903556,27.40082,-86.43384,2024-03-27T01:28:45Z,20240327,2024,1010,1.04,2009.4,33.2226,True,True,True,https://noaa-nws-rtofs-pds.s3.amazonaws.com/rtofs.20240327/rtofs_glo_3dz_f006_6hrly_hvr_US_east.nc
ARGO_GDAC,pfl,aoml/4903556/profiles/D4903556_059.nc|2024-03-27T01:28:45Z|27.40082|-86.43384,aoml/4903556/profiles/D4903556_059.nc,4903556,4903556,27.40082,-86.43384,2024-03-27T01:28:45Z,20240327,2024,714,0.64,99.88,33.6687,True,True,True,https://noaa-nws-rtofs-pds.s3.amazonaws.com/rtofs.20240327/rtofs_glo_3dz_f006_6hrly_hvr_US_east.nc
ARGO_GDAC,pfl,aoml/4903556/profiles/D4903556_060.nc|2024-04-01T02:06:16Z|27.07193|-86.73502,aoml/4903556/profiles/D4903556_060.nc,4903556,4903556,27.07193,-86.73502,2024-04-01T02:06:16Z,20240401,2024,1012,1.08,2013.12,20.2974,True,True,True,https://noaa-nws-rtofs-pds.s3.amazonaws.com/rtofs.20240401/rtofs_glo_3dz_f006_6hrly_hvr_US_east.nc
ARGO_GDAC,pfl,aoml/4903556/profiles/D4903556_060.nc|2024-04-01T02:06:16Z|27.07193|-86.73502,aoml/4903556/profiles/D4903556_060.nc,4903556,4903556,27.07193,-86.73502,2024-04-01T02:06:16Z,20240401,2024,688,0.64,99.96,21.0133,True,True,True,https://noaa-nws-rtofs-pds.s3.amazonaws.com/rtofs.20240401/rtofs_glo_3dz_f006_6hrly_hvr_US_east.nc
ARGO_GDAC,pfl,aoml/4903556/profiles/D4903556_061.nc|2024-04-06T02:49:59Z|26.67876|-87.19618,aoml/4903556/profiles/D4903556_061.nc,4903556,4903556,26.67876,-87.19618,2024-04-06T02:49:59Z,20240406,2024,1010,1.0,2009.68,43.0592,True,True,True,https://noaa-nws-rtofs-pds.s3.amazonaws.com/rtofs.20240406/rtofs_glo_3dz_f006_6hrly_hvr_US_east.nc
ARGO_GDAC,pfl,aoml/4903556/profiles/D4903556_061.nc|2024-04-06T02:49:59Z|26.67876|-87.19618,aoml/4903556/profiles/D4903556_061.nc,4903556,4903556,26.67876,-87.19618,2024-04-06T02:49:59Z,20240406,2024,694,0.56,99.88,43.205,True,True,True,https://noaa-nws-rtofs-pds.s3.amazonaws.com/rtofs.20240406/rtofs_glo_3dz_f006_6hrly_hvr_US_east.nc
ARGO_GDAC,pfl,aoml/4903556/profiles/D4903556_062.nc|2024-04-11T03:30:38Z|26.89400|-87.41758,aoml/4903556/profiles/D4903556_062.nc,4903556,4903556,26.894,-87.41758,2024-04-11T03:30:38Z,20240411,2024,1009,1.04,2007.6,17.1039,True,True,True,https://noaa-nws-rtofs-pds.s3.amazonaws.com/rtofs.20240411/rtofs_glo_3dz_f006_6hrly_hvr_US_east.nc
ARGO_GDAC,pfl,aoml/4903556/profiles/D4903556_062.nc|2024-04-11T03:30:38Z|26.89400|-87.41758,aoml/4903556/profiles/D4903556_062.nc,4903556,4903556,26.894,-87.41758,2024-04-11T03:30:38Z,20240411,2024,714,0.64,99.96,16.8844,True,True,True,https://noaa-nws-rtofs-pds.s3.amazonaws.com/rtofs.20240411/rtofs_glo_3dz_f006_6hrly_hvr_US_east.nc
ARGO_GDAC,pfl,aoml/4903556/profiles/D4903556_063.nc|2024-04-16T04:16:50Z|26.84717|-87.23518,aoml/4903556/profiles/D4903556_063.nc,4903556,4903556,26.84717,-87.23518,2024-04-16T04:16:50Z,20240416,2024,1012,1.04,2013.64,37.7465,True,True,True,https://noaa-nws-rtofs-pds.s3.amazonaws.com/rtofs.20240416/rtofs_glo_3dz_f006_6hrly_hvr_US_east.nc
ARGO_GDAC,pfl,aoml/4903556/profiles/D4903556_063.nc|2024-04-16T04:16:50Z|26.84717|-87.23518,aoml/4903556/profiles/D4903556_063.nc,4903556,4903556,26.84717,-87.23518,2024-04-16T04:16:50Z,20240416,2024,734,0.68,99.92,37.8145,True,True,True,https://noaa-nws-rtofs-pds.s3.amazonaws.com/rtofs.20240416/rtofs_glo_3dz_f006_6hrly_hvr_US_east.nc
ARGO_GDAC,pfl,aoml/4903556/profiles/D4903556_064.nc|2024-04-21T05:07:46Z|26.95695|-87.28415,aoml/4903556/profiles/D4903556_064.nc,4903556,4903556,26.95695,-87.28415,2024-04-21T05:07:46Z,20240421,2024,1011,1.0,2012.08,10.5113,True,True,True,https://noaa-nws-rtofs-pds.s3.amazonaws.com/rtofs.20240421/rtofs_glo_3dz_f006_6hrly_hvr_US_east.nc
ARGO_GDAC,pfl,aoml/4903556/profiles/D4903556_064.nc|2024-04-21T05:07:46Z|26.95695|-87.28415,aoml/4903556/profiles/D4903556_064.nc,4903556,4903556,26.95695,-87.28415,2024-04-21T05:07:46Z,20240421,2024,840,0.64,99.96,11.101,True,True,True,https://noaa-nws-rtofs-pds.s3.amazonaws.com/rtofs.20240421/rtofs_glo_3dz_f006_6hrly_hvr_US_east.nc
ARGO_GDAC,pfl,aoml/4903556/profiles/D4903556_065.nc|2024-04-26T05:44:38Z|27.16255|-86.91131,aoml/4903556/profiles/D4903556_065.nc,4903556,4903556,27.16255,-86.91131,2024-04-26T05:44:38Z,20240426,2024,1007,1.04,2004.04,26.3748,True,True,True,https://noaa-nws-rtofs-pds.s3.amazonaws.com/rtofs.20240426/rtofs_glo_3dz_f006_6hrly_hvr_US_east.nc
ARGO_GDAC,pfl,aoml/4903556/profiles/D4903556_065.nc|2024-04-26T05:44:38Z|27.16255|-86.91131,aoml/4903556/profiles/D4903556_065.nc,4903556,4903556,27.16255,-86.91131,2024-04-26T05:44:38Z,20240426,2024,758,0.68,99.92,27.0457,True,True,True,https://noaa-nws-rtofs-pds.s3.amazonaws.com/rtofs.20240426/rtofs_glo_3dz_f006_6hrly_hvr_US_east.nc
ARGO_GDAC,pfl,aoml/4903556/profiles/D4903556_066.nc|2024-05-01T06:23:21Z|27.00491|-86.60350,aoml/4903556/profiles/D4903556_066.nc,4903556,4903556,27.00491,-86.6035,2024-05-01T06:23:21Z,20240501,2024,1009,1.08,2007.08,17.7371,True,True,True,https://noaa-nws-rtofs-pds.s3.amazonaws.com/rtofs.20240501/rtofs_glo_3dz_f006_6hrly_hvr_US_east.nc
ARGO_GDAC,pfl,aoml/4903556/profiles/D4903556_066.nc|2024-05-01T06:23:21Z|27.00491|-86.60350,aoml/4903556/profiles/D4903556_066.nc,4903556,4903556,27.00491,-86.6035,2024-05-01T06:23:21Z,20240501,2024,736,0.72,99.96,17.8892,True,True,True,https://noaa-nws-rtofs-pds.s3.amazonaws.com/rtofs.20240501/rtofs_glo_3dz_f006_6hrly_hvr_US_east.nc
ARGO_GDAC,pfl,aoml/4903556/profiles/D4903556_067.nc|2024-05-06T07:14:50Z|26.66870|-86.39740,aoml/4903556/profiles/D4903556_067.nc,4903556,4903556,26.6687,-86.3974,2024-05-06T07:14:50Z,20240506,2024,1013,1.08,2015.2,14.2098,True,True,True,https://noaa-nws-rtofs-pds.s3.amazonaws.com/rtofs.20240506/rtofs_glo_3dz_f006_6hrly_hvr_US_east.nc
ARGO_GDAC,pfl,aoml/4903556/profiles/D4903556_067.nc|2024-05-06T07:14:50Z|26.66870|-86.39740,aoml/4903556/profiles/D4903556_067.nc,4903556,4903556,26.6687,-86.3974,2024-05-06T07:14:50Z,20240506,2024,819,0.64,99.92,14.3182,True,True,True,https://noaa-nws-rtofs-pds.s3.amazonaws.com/rtofs.20240506/rtofs_glo_3dz_f006_6hrly_hvr_US_east.nc
ARGO_GDAC,pfl,aoml/4903556/profiles/D4903556_068.nc|2024-05-11T07:51:52Z|26.35607|-86.03298,aoml/4903556/profiles/D4903556_068.nc,4903556,4903556,26.35607,-86.03298,2024-05-11T07:51:52Z,20240511,2024,1008,1.0,2005.4,29.3911,True,True,True,https://noaa-nws-rtofs-pds.s3.amazonaws.com/rtofs.20240511/rtofs_glo_3dz_f006_6hrly_hvr_US_east.nc
ARGO_GDAC,pfl,aoml/4903556/profiles/D4903556_068.nc|2024-05-11T07:51:52Z|26.35607|-86.03298,aoml/4903556/profiles/D4903556_068.nc,4903556,4903556,26.35607,-86.03298,2024-05-11T07:51:52Z,20240511,2024,827,0.52,99.96,29.5867,True,True,True,https://noaa-nws-rtofs-pds.s3.amazonaws.com/rtofs.20240511/rtofs_glo_3dz_f006_6hrly_hvr_US_east.nc
ARGO_GDAC,pfl,aoml/4903556/profiles/D4903556_069.nc|2024-05-16T08:28:06Z|26.31555|-85.70963,aoml/4903556/profiles/D4903556_069.nc,4903556,4903556,26.31555,-85.70963,2024-05-16T08:28:06Z,20240516,2024,1009,1.2,2007.44,56.7784,True,True,True,https://noaa-nws-rtofs-pds.s3.amazonaws.com/rtofs.20240516/rtofs_glo_3dz_f006_6hrly_hvr_US_east.nc
ARGO_GDAC,pfl,aoml/4903556/profiles/D4903556_069.nc|2024-05-16T08:28:06Z|26.31555|-85.70963,aoml/4903556/profiles/D4903556_069.nc,4903556,4903556,26.31555,-85.70963,2024-05-16T08:28:06Z,20240516,2024,870,1.04,99.96,57.1534,True,True,True,https://noaa-nws-rtofs-pds.s3.amazonaws.com/rtofs.20240516/rtofs_glo_3dz_f006_6hrly_hvr_US_east.nc
ARGO_GDAC,pfl,aoml/4903556/profiles/D4903556_070.nc|2024-05-21T09:05:28Z|26.28978|-85.36337,aoml/4903556/profiles/D4903556_070.nc,4903556,4903556,26.28978,-85.36337,2024-05-21T09:05:28Z,20240521,2024,1011,0.96,2011.44,37.6932,True,True,True,https://noaa-nws-rtofs-pds.s3.amazonaws.com/rtofs.20240521/rtofs_glo_3dz_f006_6hrly_hvr_US_east.nc
ARGO_GDAC,pfl,aoml/4903556/profiles/D4903556_070.nc|2024-05-21T09:05:28Z|26.28978|-85.36337,aoml/4903556/profiles/D4903556_070.nc,4903556,4903556,26.28978,-85.36337,2024-05-21T09:05:28Z,20240521,2024,758,0.6,99.92,37.94,True,True,True,https://noaa-nws-rtofs-pds.s3.amazonaws.com/rtofs.20240521/rtofs_glo_3dz_f006_6hrly_hvr_US_east.nc
ARGO_GDAC,pfl,aoml/4903556/profiles/D4903556_071.nc|2024-05-26T09:52:04Z|26.20740|-85.08398,aoml/4903556/profiles/D4903556_071.nc,4903556,4903556,26.2074,-85.08398,2024-05-26T09:52:04Z,20240526,2024,1012,0.96,2013.36,18.5679,True,True,True,https://noaa-nws-rtofs-pds.s3.amazonaws.com/rtofs.20240526/rtofs_glo_3dz_f006_6hrly_hvr_US_east.nc
ARGO_GDAC,pfl,aoml/4903556/profiles/D4903556_071.nc|2024-05-26T09:52:04Z|26.20740|-85.08398,aoml/4903556/profiles/D4903556_071.nc,4903556,4903556,26.2074,-85.08398,2024-05-26T09:52:04Z,20240526,2024,841,0.52,99.92,18.7055,True,True,True,https://noaa-nws-rtofs-pds.s3.amazonaws.com/rtofs.20240526/rtofs_glo_3dz_f006_6hrly_hvr_US_east.nc
ARGO_GDAC,pfl,aoml/4903556/profiles/D4903556_072.nc|2024-05-31T10:38:29Z|26.24258|-84.99887,aoml/4903556/profiles/D4903556_072.nc,4903556,4903556,26.24258,-84.99887,2024-05-31T10:38:29Z,20240531,2024,1012,0.44,2011.44,11.9826,True,True,True,https://noaa-nws-rtofs-pds.s3.amazonaws.com/rtofs.20240531/rtofs_glo_3dz_f006_6hrly_hvr_US_east.nc
ARGO_GDAC,pfl,aoml/4903556/profiles/D4903556_072.nc|2024-05-31T10:38:29Z|26.24258|-84.99887,aoml/4903556/profiles/D4903556_072.nc,4903556,4903556,26.24258,-84.99887,2024-05-31T10:38:29Z,20240531,2024,789,0.44,99.88,11.6571,True,True,True,https://noaa-nws-rtofs-pds.s3.amazonaws.com/rtofs.20240531/rtofs_glo_3dz_f006_6hrly_hvr_US_east.nc
ARGO_GDAC,pfl,aoml/4903556/profiles/D4903556_073.nc|2024-06-05T11:23:51Z|26.31149|-84.95715,aoml/4903556/profiles/D4903556_073.nc,4903556,4903556,26.31149,-84.95715,2024-06-05T11:23:51Z,20240605,2024,1010,0.96,2009.04,24.003,True,True,True,https://noaa-nws-rtofs-pds.s3.amazonaws.com/rtofs.20240605/rtofs_glo_3dz_f006_6hrly_hvr_US_east.nc
ARGO_GDAC,pfl,aoml/4903556/profiles/D4903556_073.nc|2024-06-05T11:23:51Z|26.31149|-84.95715,aoml/4903556/profiles/D4903556_073.nc,4903556,4903556,26.31149,-84.95715,2024-06-05T11:23:51Z,20240605,2024,841,0.52,99.92,24.0252,True,True,True,https://noaa-nws-rtofs-pds.s3.amazonaws.com/rtofs.20240605/rtofs_glo_3dz_f006_6hrly_hvr_US_east.nc
ARGO_GDAC,pfl,aoml/4903556/profiles/D4903556_074.nc|2024-06-10T12:06:44Z|26.52173|-84.95238,aoml/4903556/profiles/D4903556_074.nc,4903556,4903556,26.52173,-84.95238,2024-06-10T12:06:44Z,20240610,2024,806,0.48,1599.68,11.9983,True,True,True,https://noaa-nws-rtofs-pds.s3.amazonaws.com/rtofs.20240610/rtofs_glo_3dz_f006_6hrly_hvr_US_east.nc
ARGO_GDAC,pfl,aoml/4903556/profiles/D4903556_074.nc|2024-06-10T12:06:44Z|26.52173|-84.95238,aoml/4903556/profiles/D4903556_074.nc,4903556,4903556,26.52173,-84.95238,2024-06-10T12:06:44Z,20240610,2024,831,0.48,99.96,11.693,True,True,True,https://noaa-nws-rtofs-pds.s3.amazonaws.com/rtofs.20240610/rtofs_glo_3dz_f006_6hrly_hvr_US_east.nc
ARGO_GDAC,pfl,aoml/4903556/profiles/D4903556_075.nc|2024-06-15T12:34:54Z|26.58379|-84.92781,aoml/4903556/profiles/D4903556_075.nc,4903556,4903556,26.58379,-84.92781,2024-06-15T12:34:54Z,20240615,2024,774,0.44,1535.24,16.8607,True,True,True,https://noaa-nws-rtofs-pds.s3.amazonaws.com/rtofs.20240615/rtofs_glo_3dz_f006_6hrly_hvr_US_east.nc
ARGO_GDAC,pfl,aoml/4903556/profiles/D4903556_075.nc|2024-06-15T12:34:54Z|26.58379|-84.92781,aoml/4903556/profiles/D4903556_075.nc,4903556,4903556,26.58379,-84.92781,2024-06-15T12:34:54Z,20240615,2024,815,0.44,99.96,16.5333,True,True,True,https://noaa-nws-rtofs-pds.s3.amazonaws.com/rtofs.20240615/rtofs_glo_3dz_f006_6hrly_hvr_US_east.nc
ARGO_GDAC,pfl,aoml/4903556/profiles/D4903556_076.nc|2024-06-20T12:54:24Z|26.59775|-84.91779,aoml/4903556/profiles/D4903556_076.nc,4903556,4903556,26.59775,-84.91779,2024-06-20T12:54:24Z,20240620,2024,740,1.0,1469.2,25.2941,True,True,True,https://noaa-nws-rtofs-pds.s3.amazonaws.com/rtofs.20240620/rtofs_glo_3dz_f006_6hrly_hvr_US_east.nc
ARGO_GDAC,pfl,aoml/4903556/profiles/D4903556_076.nc|2024-06-20T12:54:24Z|26.59775|-84.91779,aoml/4903556/profiles/D4903556_076.nc,4903556,4903556,26.59775,-84.91779,2024-06-20T12:54:24Z,20240620,2024,913,0.68,100.0,25.9275,True,True,True,https://noaa-nws-rtofs-pds.s3.amazonaws.com/rtofs.20240620/rtofs_glo_3dz_f006_6hrly_hvr_US_east.nc
ARGO_GDAC,pfl,aoml/4903556/profiles/D4903556_077.nc|2024-06-25T12:56:38Z|26.61051|-84.91781,aoml/4903556/profiles/D4903556_077.nc,4903556,4903556,26.61051,-84.91781,2024-06-25T12:56:38Z,20240625,2024,654,1.04,1297.36,12.9355,True,True,True,https://noaa-nws-rtofs-pds.s3.amazonaws.com/rtofs.20240625/rtofs_glo_3dz_f006_6hrly_hvr_US_east.nc
ARGO_GDAC,pfl,aoml/4903556/profiles/D4903556_077.nc|2024-06-25T12:56:38Z|26.61051|-84.91781,aoml/4903556/profiles/D4903556_077.nc,4903556,4903556,26.61051,-84.91781,2024-06-25T12:56:38Z,20240625,2024,906,0.68,99.88,14.1111,True,True,True,https://noaa-nws-rtofs-pds.s3.amazonaws.com/rtofs.20240625/rtofs_glo_3dz_f006_6hrly_hvr_US_east.nc
ARGO_GDAC,pfl,aoml/4903556/profiles/D4903556_078.nc|2024-06-30T13:04:09Z|26.61078|-84.91956,aoml/4903556/profiles/D4903556_078.nc,4903556,4903556,26.61078,-84.91956,2024-06-30T13:04:09Z,20240630,2024,700,1.0,1389.24,16.3841,True,True,True,https://noaa-nws-rtofs-pds.s3.amazonaws.com/rtofs.20240630/rtofs_glo_3dz_f006_6hrly_hvr_US_east.nc
ARGO_GDAC,pfl,aoml/4903556/profiles/D4903556_078.nc|2024-06-30T13:04:09Z|26.61078|-84.91956,aoml/4903556/profiles/D4903556_078.nc,4903556,4903556,26.61078,-84.91956,2024-06-30T13:04:09Z,20240630,2024,819,0.52,99.92,16.66,True,True,True,https://noaa-nws-rtofs-pds.s3.amazonaws.com/rtofs.20240630/rtofs_glo_3dz_f006_6hrly_hvr_US_east.nc
ARGO_GDAC,pfl,aoml/4903556/profiles/D4903556_079.nc|2024-07-05T13:11:29Z|26.63340|-84.92951,aoml/4903556/profiles/D4903556_079.nc,4903556,4903556,26.6334,-84.92951,2024-07-05T13:11:29Z,20240705,2024,716,1.0,1421.0,11.1908,True,True,True,https://noaa-nws-rtofs-pds.s3.amazonaws.com/rtofs.20240705/rtofs_glo_3dz_f006_6hrly_hvr_US_east.nc
ARGO_GDAC,pfl,aoml/4903556/profiles/D4903556_079.nc|2024-07-05T13:11:29Z|26.63340|-84.92951,aoml/4903556/profiles/D4903556_079.nc,4903556,4903556,26.6334,-84.92951,2024-07-05T13:11:29Z,20240705,2024,819,0.52,99.96,11.3188,True,True,True,https://noaa-nws-rtofs-pds.s3.amazonaws.com/rtofs.20240705/rtofs_glo_3dz_f006_6hrly_hvr_US_east.nc
ARGO_GDAC,pfl,aoml/4903556/profiles/D4903556_080.nc|2024-07-10T13:40:52Z|26.74968|-84.97197,aoml/4903556/profiles/D4903556_080.nc,4903556,4903556,26.74968,-84.97197,2024-07-10T13:40:52Z,20240710,2024,1008,1.04,2005.36,11.0697,True,True,True,https://noaa-nws-rtofs-pds.s3.amazonaws.com/rtofs.20240710/rtofs_glo_3dz_f006_6hrly_hvr_US_east.nc
ARGO_GDAC,pfl,aoml/4903556/profiles/D4903556_080.nc|2024-07-10T13:40:52Z|26.74968|-84.97197,aoml/4903556/profiles/D4903556_080.nc,4903556,4903556,26.74968,-84.97197,2024-07-10T13:40:52Z,20240710,2024,829,0.6,99.88,10.7516,True,True,True,https://noaa-nws-rtofs-pds.s3.amazonaws.com/rtofs.20240710/rtofs_glo_3dz_f006_6hrly_hvr_US_east.nc
ARGO_GDAC,pfl,aoml/4903556/profiles/D4903556_081.nc|2024-07-15T14:29:39Z|26.86294|-85.16368,aoml/4903556/profiles/D4903556_081.nc,4903556,4903556,26.86294,-85.16368,2024-07-15T14:29:39Z,20240715,2024,1014,1.0,2017.08,12.0678,True,True,True,https://noaa-nws-rtofs-pds.s3.amazonaws.com/rtofs.20240715/rtofs_glo_3dz_f006_6hrly_hvr_US_east.nc
ARGO_GDAC,pfl,aoml/4903556/profiles/D4903556_081.nc|2024-07-15T14:29:39Z|26.86294|-85.16368,aoml/4903556/profiles/D4903556_081.nc,4903556,4903556,26.86294,-85.16368,2024-07-15T14:29:39Z,20240715,2024,771,0.56,100.0,11.91,True,True,True,https://noaa-nws-rtofs-pds.s3.amazonaws.com/rtofs.20240715/rtofs_glo_3dz_f006_6hrly_hvr_US_east.nc
ARGO_GDAC,pfl,aoml/4903556/profiles/D4903556_082.nc|2024-07-20T15:11:00Z|27.07030|-85.30457,aoml/4903556/profiles/D4903556_082.nc,4903556,4903556,27.0703,-85.30457,2024-07-20T15:11:00Z,20240720,2024,1011,1.0,2011.2,16.6151,True,True,True,https://noaa-nws-rtofs-pds.s3.amazonaws.com/rtofs.20240720/rtofs_glo_3dz_f006_6hrly_hvr_US_east.nc
ARGO_GDAC,pfl,aoml/4903556/profiles/D4903556_082.nc|2024-07-20T15:11:00Z|27.07030|-85.30457,aoml/4903556/profiles/D4903556_082.nc,4903556,4903556,27.0703,-85.30457,2024-07-20T15:11:00Z,20240720,2024,871,0.6,99.92,17.0214,True,True,True,https://noaa-nws-rtofs-pds.s3.amazonaws.com/rtofs.20240720/rtofs_glo_3dz_f006_6hrly_hvr_US_east.nc
ARGO_GDAC,pfl,aoml/4903556/profiles/D4903556_083.nc|2024-07-25T15:58:35Z|27.54597|-85.63141,aoml/4903556/profiles/D4903556_083.nc,4903556,4903556,27.54597,-85.63141,2024-07-25T15:58:35Z,20240725,2024,1012,1.04,2013.4,14.6541,True,True,True,https://noaa-nws-rtofs-pds.s3.amazonaws.com/rtofs.20240725/rtofs_glo_3dz_f006_6hrly_hvr_US_east.nc
ARGO_GDAC,pfl,aoml/4903556/profiles/D4903556_083.nc|2024-07-25T15:58:35Z|27.54597|-85.63141,aoml/4903556/profiles/D4903556_083.nc,4903556,4903556,27.54597,-85.63141,2024-07-25T15:58:35Z,20240725,2024,871,0.68,99.84,14.84,True,True,True,https://noaa-nws-rtofs-pds.s3.amazonaws.com/rtofs.20240725/rtofs_glo_3dz_f006_6hrly_hvr_US_east.nc
ARGO_GDAC,pfl,aoml/4903556/profiles/D4903556_084.nc|2024-07-30T16:32:37Z|27.72705|-85.76115,aoml/4903556/profiles/D4903556_084.nc,4903556,4903556,27.72705,-85.76115,2024-07-30T16:32:37Z,20240730,2024,1009,1.12,2007.36,16.6842,True,True,True,https://noaa-nws-rtofs-pds.s3.amazonaws.com/rtofs.20240730/rtofs_glo_3dz_f006_6hrly_hvr_US_east.nc
ARGO_GDAC,pfl,aoml/4903556/profiles/D4903556_084.nc|2024-07-30T16:32:37Z|27.72705|-85.76115,aoml/4903556/profiles/D4903556_084.nc,4903556,4903556,27.72705,-85.76115,2024-07-30T16:32:37Z,20240730,2024,839,0.84,99.84,16.1568,True,True,True,https://noaa-nws-rtofs-pds.s3.amazonaws.com/rtofs.20240730/rtofs_glo_3dz_f006_6hrly_hvr_US_east.nc
ARGO_GDAC,pfl,aoml/4903556/profiles/D4903556_085.nc|2024-08-04T17:28:06Z|27.90978|-86.02384,aoml/4903556/profiles/D4903556_085.nc,4903556,4903556,27.90978,-86.02384,2024-08-04T17:28:06Z,20240804,2024,1013,1.12,2015.0,12.5754,True,True,True,https://noaa-nws-rtofs-pds.s3.amazonaws.com/rtofs.20240804/rtofs_glo_3dz_f006_6hrly_hvr_US_east.nc
ARGO_GDAC,pfl,aoml/4903556/profiles/D4903556_085.nc|2024-08-04T17:28:06Z|27.90978|-86.02384,aoml/4903556/profiles/D4903556_085.nc,4903556,4903556,27.90978,-86.02384,2024-08-04T17:28:06Z,20240804,2024,946,0.84,100.0,12.8183,True,True,True,https://noaa-nws-rtofs-pds.s3.amazonaws.com/rtofs.20240804/rtofs_glo_3dz_f006_6hrly_hvr_US_east.nc
ARGO_GDAC,pfl,aoml/4903556/profiles/D4903556_086.nc|2024-08-09T18:20:11Z|27.97423|-86.36529,aoml/4903556/profiles/D4903556_086.nc,4903556,4903556,27.97423,-86.36529,2024-08-09T18:20:11Z,20240809,2024,1010,1.12,2009.72,15.2184,True,True,True,https://noaa-nws-rtofs-pds.s3.amazonaws.com/rtofs.20240809/rtofs_glo_3dz_f006_6hrly_hvr_US_east.nc
ARGO_GDAC,pfl,aoml/4903556/profiles/D4903556_086.nc|2024-08-09T18:20:11Z|27.97423|-86.36529,aoml/4903556/profiles/D4903556_086.nc,4903556,4903556,27.97423,-86.36529,2024-08-09T18:20:11Z,20240809,2024,991,0.72,100.0,14.5891,True,True,True,https://noaa-nws-rtofs-pds.s3.amazonaws.com/rtofs.20240809/rtofs_glo_3dz_f006_6hrly_hvr_US_east.nc
ARGO_GDAC,pfl,aoml/4903556/profiles/D4903556_087.nc|2024-08-14T19:02:13Z|27.89666|-86.40030,aoml/4903556/profiles/D4903556_087.nc,4903556,4903556,27.89666,-86.4003,2024-08-14T19:02:13Z,20240814,2024,1008,1.08,2005.68,17.402,True,True,True,https://noaa-nws-rtofs-pds.s3.amazonaws.com/rtofs.20240814/rtofs_glo_3dz_f006_6hrly_hvr_US_east.nc
ARGO_GDAC,pfl,aoml/4903556/profiles/D4903556_087.nc|2024-08-14T19:02:13Z|27.89666|-86.40030,aoml/4903556/profiles/D4903556_087.nc,4903556,4903556,27.89666,-86.4003,2024-08-14T19:02:13Z,20240814,2024,964,0.68,100.0,17.944,True,True,True,https://noaa-nws-rtofs-pds.s3.amazonaws.com/rtofs.20240814/rtofs_glo_3dz_f006_6hrly_hvr_US_east.nc
ARGO_GDAC,pfl,aoml/4903556/profiles/D4903556_088.nc|2024-08-19T19:42:38Z|27.81333|-86.38970,aoml/4903556/profiles/D4903556_088.nc,4903556,4903556,27.81333,-86.3897,2024-08-19T19:42:38Z,20240819,2024,1011,1.0,2011.84,26.9364,True,True,True,https://noaa-nws-rtofs-pds.s3.amazonaws.com/rtofs.20240819/rtofs_glo_3dz_f006_6hrly_hvr_US_east.nc
ARGO_GDAC,pfl,aoml/4903556/profiles/D4903556_088.nc|2024-08-19T19:42:38Z|27.81333|-86.38970,aoml/4903556/profiles/D4903556_088.nc,4903556,4903556,27.81333,-86.3897,2024-08-19T19:42:38Z,20240819,2024,778,0.64,99.96,27.1656,True,True,True,https://noaa-nws-rtofs-pds.s3.amazonaws.com/rtofs.20240819/rtofs_glo_3dz_f006_6hrly_hvr_US_east.nc
ARGO_GDAC,pfl,aoml/4903556/profiles/D4903556_089.nc|2024-08-24T20:14:11Z|27.78342|-86.48039,aoml/4903556/profiles/D4903556_089.nc,4903556,4903556,27.78342,-86.48039,2024-08-24T20:14:11Z,20240824,2024,1008,0.96,2005.8,29.4826,True,True,True,https://noaa-nws-rtofs-pds.s3.amazonaws.com/rtofs.20240824/rtofs_glo_3dz_f006_6hrly_hvr_US_east.nc
ARGO_GDAC,pfl,aoml/4903556/profiles/D4903556_089.nc|2024-08-24T20:14:11Z|27.78342|-86.48039,aoml/4903556/profiles/D4903556_089.nc,4903556,4903556,27.78342,-86.48039,2024-08-24T20:14:11Z,20240824,2024,714,0.52,99.92,29.676,True,True,True,https://noaa-nws-rtofs-pds.s3.amazonaws.com/rtofs.20240824/rtofs_glo_3dz_f006_6hrly_hvr_US_east.nc
ARGO_GDAC,pfl,aoml/4903556/profiles/D4903556_090.nc|2024-08-29T20:59:05Z|27.64636|-86.45456,aoml/4903556/profiles/D4903556_090.nc,4903556,4903556,27.64636,-86.45456,2024-08-29T20:59:05Z,20240829,2024,1013,0.48,2013.52,31.3687,True,True,True,https://noaa-nws-rtofs-pds.s3.amazonaws.com/rtofs.20240829/rtofs_glo_3dz_f006_6hrly_hvr_US_east.nc
ARGO_GDAC,pfl,aoml/4903556/profiles/D4903556_090.nc|2024-08-29T20:59:05Z|27.64636|-86.45456,aoml/4903556/profiles/D4903556_090.nc,4903556,4903556,27.64636,-86.45456,2024-08-29T20:59:05Z,20240829,2024,711,0.48,99.96,31.8016,True,True,True,https://noaa-nws-rtofs-pds.s3.amazonaws.com/rtofs.20240829/rtofs_glo_3dz_f006_6hrly_hvr_US_east.nc
ARGO_GDAC,pfl,aoml/4903556/profiles/D4903556_091.nc|2024-09-03T21:44:18Z|27.74389|-86.84780,aoml/4903556/profiles/D4903556_091.nc,4903556,4903556,27.74389,-86.8478,2024-09-03T21:44:18Z,20240903,2024,1013,1.0,2015.16,36.6293,True,True,True,https://noaa-nws-rtofs-pds.s3.amazonaws.com/rtofs.20240903/rtofs_glo_3dz_f006_6hrly_hvr_US_east.nc
ARGO_GDAC,pfl,aoml/4903556/profiles/D4903556_091.nc|2024-09-03T21:44:18Z|27.74389|-86.84780,aoml/4903556/profiles/D4903556_091.nc,4903556,4903556,27.74389,-86.8478,2024-09-03T21:44:18Z,20240903,2024,717,0.52,99.96,37.3867,True,True,True,https://noaa-nws-rtofs-pds.s3.amazonaws.com/rtofs.20240903/rtofs_glo_3dz_f006_6hrly_hvr_US_east.nc
ARGO_GDAC,pfl,aoml/4903556/profiles/D4903556_092.nc|2024-09-08T22:23:29Z|27.90687|-87.12470,aoml/4903556/profiles/D4903556_092.nc,4903556,4903556,27.90687,-87.1247,2024-09-08T22:23:29Z,20240908,2024,1013,1.04,2015.44,37.8819,True,True,True,https://noaa-nws-rtofs-pds.s3.amazonaws.com/rtofs.20240908/rtofs_glo_3dz_f006_6hrly_hvr_US_east.nc
ARGO_GDAC,pfl,aoml/4903556/profiles/D4903556_092.nc|2024-09-08T22:23:29Z|27.90687|-87.12470,aoml/4903556/profiles/D4903556_092.nc,4903556,4903556,27.90687,-87.1247,2024-09-08T22:23:29Z,20240908,2024,760,0.56,100.0,37.9273,True,True,True,https://noaa-nws-rtofs-pds.s3.amazonaws.com/rtofs.20240908/rtofs_glo_3dz_f006_6hrly_hvr_US_east.nc
ARGO_GDAC,pfl,aoml/4903556/profiles/D4903556_093.nc|2024-09-13T23:04:54Z|27.76774|-86.50245,aoml/4903556/profiles/D4903556_093.nc,4903556,4903556,27.76774,-86.50245,2024-09-13T23:04:54Z,20240913,2024,1008,1.0,2005.88,27.6726,True,True,True,https://noaa-nws-rtofs-pds.s3.amazonaws.com/rtofs.20240913/rtofs_glo_3dz_f006_6hrly_hvr_US_east.nc
ARGO_GDAC,pfl,aoml/4903556/profiles/D4903556_093.nc|2024-09-13T23:04:54Z|27.76774|-86.50245,aoml/4903556/profiles/D4903556_093.nc,4903556,4903556,27.76774,-86.50245,2024-09-13T23:04:54Z,20240913,2024,844,0.6,99.96,27.44,True,True,True,https://noaa-nws-rtofs-pds.s3.amazonaws.com/rtofs.20240913/rtofs_glo_3dz_f006_6hrly_hvr_US_east.nc
ARGO_GDAC,pfl,aoml/4903556/profiles/D4903556_094.nc|2024-09-18T23:48:01Z|27.68941|-86.20951,aoml/4903556/profiles/D4903556_094.nc,4903556,4903556,27.68941,-86.20951,2024-09-18T23:48:01Z,20240918,2024,1012,1.04,2013.56,21.6813,True,True,True,https://noaa-nws-rtofs-pds.s3.amazonaws.com/rtofs.20240918/rtofs_glo_3dz_f006_6hrly_hvr_US_east.nc
ARGO_GDAC,pfl,aoml/4903556/profiles/D4903556_094.nc|2024-09-18T23:48:01Z|27.68941|-86.20951,aoml/4903556/profiles/D4903556_094.nc,4903556,4903556,27.68941,-86.20951,2024-09-18T23:48:01Z,20240918,2024,858,0.64,99.88,21.41,True,True,True,https://noaa-nws-rtofs-pds.s3.amazonaws.com/rtofs.20240918/rtofs_glo_3dz_f006_6hrly_hvr_US_east.nc
ARGO_GDAC,pfl,aoml/4903556/profiles/D4903556_095.nc|2024-09-24T00:34:12Z|27.78833|-86.13843,aoml/4903556/profiles/D4903556_095.nc,4903556,4903556,27.78833,-86.13843,2024-09-24T00:34:12Z,20240924,2024,1011,1.0,2011.6,22.1379,True,True,True,https://noaa-nws-rtofs-pds.s3.amazonaws.com/rtofs.20240924/rtofs_glo_3dz_f006_6hrly_hvr_US_east.nc
ARGO_GDAC,pfl,aoml/4903556/profiles/D4903556_095.nc|2024-09-24T00:34:12Z|27.78833|-86.13843,aoml/4903556/profiles/D4903556_095.nc,4903556,4903556,27.78833,-86.13843,2024-09-24T00:34:12Z,20240924,2024,812,0.56,99.92,22.1467,True,True,True,https://noaa-nws-rtofs-pds.s3.amazonaws.com/rtofs.20240924/rtofs_glo_3dz_f006_6hrly_hvr_US_east.nc
ARGO_GDAC,pfl,aoml/4903556/profiles/D4903556_096.nc|2024-09-29T01:22:48Z|27.73711|-85.96959,aoml/4903556/profiles/D4903556_096.nc,4903556,4903556,27.73711,-85.96959,2024-09-29T01:22:48Z,20240929,2024,1011,1.0,2011.52,39.712,True,True,True,https://noaa-nws-rtofs-pds.s3.amazonaws.com/rtofs.20240929/rtofs_glo_3dz_f006_6hrly_hvr_US_east.nc
ARGO_GDAC,pfl,aoml/4903556/profiles/D4903556_096.nc|2024-09-29T01:22:48Z|27.73711|-85.96959,aoml/4903556/profiles/D4903556_096.nc,4903556,4903556,27.73711,-85.96959,2024-09-29T01:22:48Z,20240929,2024,940,0.64,99.96,39.7931,True,True,True,https://noaa-nws-rtofs-pds.s3.amazonaws.com/rtofs.20240929/rtofs_glo_3dz_f006_6hrly_hvr_US_east.nc
ARGO_GDAC,pfl,aoml/4903556/profiles/D4903556_097.nc|2024-10-04T02:10:45Z|27.73996|-85.97125,aoml/4903556/profiles/D4903556_097.nc,4903556,4903556,27.73996,-85.97125,2024-10-04T02:10:45Z,20241004,2024,1008,1.0,2005.44,39.6212,True,True,True,https://noaa-nws-rtofs-pds.s3.amazonaws.com/rtofs.20241004/rtofs_glo_3dz_f006_6hrly_hvr_US_east.nc
ARGO_GDAC,pfl,aoml/4903556/profiles/D4903556_097.nc|2024-10-04T02:10:45Z|27.73996|-85.97125,aoml/4903556/profiles/D4903556_097.nc,4903556,4903556,27.73996,-85.97125,2024-10-04T02:10:45Z,20241004,2024,937,0.64,99.96,39.4845,True,True,True,https://noaa-nws-rtofs-pds.s3.amazonaws.com/rtofs.20241004/rtofs_glo_3dz_f006_6hrly_hvr_US_east.nc
ARGO_GDAC,pfl,aoml/4903556/profiles/D4903556_098.nc|2024-10-09T02:48:36Z|27.65253|-86.11467,aoml/4903556/profiles/D4903556_098.nc,4903556,4903556,27.65253,-86.11467,2024-10-09T02:48:36Z,20241009,2024,1012,1.32,2013.44,45.4492,True,True,True,https://noaa-nws-rtofs-pds.s3.amazonaws.com/rtofs.20241009/rtofs_glo_3dz_f006_6hrly_hvr_US_east.nc
ARGO_GDAC,pfl,aoml/4903556/profiles/D4903556_098.nc|2024-10-09T02:48:36Z|27.65253|-86.11467,aoml/4903556/profiles/D4903556_098.nc,4903556,4903556,27.65253,-86.11467,2024-10-09T02:48:36Z,20241009,2024,769,1.2,99.92,45.8727,True,True,True,https://noaa-nws-rtofs-pds.s3.amazonaws.com/rtofs.20241009/rtofs_glo_3dz_f006_6hrly_hvr_US_east.nc
ARGO_GDAC,pfl,aoml/4903556/profiles/D4903556_099.nc|2024-10-14T03:32:45Z|27.52947|-86.02312,aoml/4903556/profiles/D4903556_099.nc,4903556,4903556,27.52947,-86.02312,2024-10-14T03:32:45Z,20241014,2024,1011,0.96,2011.12,20.6728,True,True,True,https://noaa-nws-rtofs-pds.s3.amazonaws.com/rtofs.20241014/rtofs_glo_3dz_f006_6hrly_hvr_US_east.nc
ARGO_GDAC,pfl,aoml/4903556/profiles/D4903556_099.nc|2024-10-14T03:32:45Z|27.52947|-86.02312,aoml/4903556/profiles/D4903556_099.nc,4903556,4903556,27.52947,-86.02312,2024-10-14T03:32:45Z,20241014,2024,812,0.52,99.88,20.4516,True,True,True,https://noaa-nws-rtofs-pds.s3.amazonaws.com/rtofs.20241014/rtofs_glo_3dz_f006_6hrly_hvr_US_east.nc
ARGO_GDAC,pfl,aoml/4903556/profiles/D4903556_100.nc|2024-10-19T04:02:21Z|27.52283|-85.93995,aoml/4903556/profiles/D4903556_100.nc,4903556,4903556,27.52283,-85.93995,2024-10-19T04:02:21Z,20241019,2024,1008,1.08,2005.16,44.2691,True,True,True,https://noaa-nws-rtofs-pds.s3.amazonaws.com/rtofs.20241019/rtofs_glo_3dz_f006_6hrly_hvr_US_east.nc
ARGO_GDAC,pfl,aoml/4903556/profiles/D4903556_100.nc|2024-10-19T04:02:21Z|27.52283|-85.93995,aoml/4903556/profiles/D4903556_100.nc,4903556,4903556,27.52283,-85.93995,2024-10-19T04:02:21Z,20241019,2024,776,0.8,99.96,45.2133,True,True,True,https://noaa-nws-rtofs-pds.s3.amazonaws.com/rtofs.20241019/rtofs_glo_3dz_f006_6hrly_hvr_US_east.nc
ARGO_GDAC,pfl,aoml/4903556/profiles/D4903556_101.nc|2024-10-24T04:37:10Z|27.50847|-86.08908,aoml/4903556/profiles/D4903556_101.nc,4903556,4903556,27.50847,-86.08908,2024-10-24T04:37:10Z,20241024,2024,1011,0.48,2009.64,50.8973,True,True,True,https://noaa-nws-rtofs-pds.s3.amazonaws.com/rtofs.20241024/rtofs_glo_3dz_f006_6hrly_hvr_US_east.nc
ARGO_GDAC,pfl,aoml/4903556/profiles/D4903556_101.nc|2024-10-24T04:37:10Z|27.50847|-86.08908,aoml/4903556/profiles/D4903556_101.nc,4903556,4903556,27.50847,-86.08908,2024-10-24T04:37:10Z,20241024,2024,740,0.48,100.0,50.36,True,True,True,https://noaa-nws-rtofs-pds.s3.amazonaws.com/rtofs.20241024/rtofs_glo_3dz_f006_6hrly_hvr_US_east.nc
ARGO_GDAC,pfl,aoml/4903556/profiles/D4903556_102.nc|2024-10-29T05:14:57Z|27.56708|-86.43741,aoml/4903556/profiles/D4903556_102.nc,4903556,4903556,27.56708,-86.43741,2024-10-29T05:14:57Z,20241029,2024,1008,0.96,2005.44,67.8422,True,True,True,https://noaa-nws-rtofs-pds.s3.amazonaws.com/rtofs.20241029/rtofs_glo_3dz_f006_6hrly_hvr_US_east.nc
ARGO_GDAC,pfl,aoml/4903556/profiles/D4903556_102.nc|2024-10-29T05:14:57Z|27.56708|-86.43741,aoml/4903556/profiles/D4903556_102.nc,4903556,4903556,27.56708,-86.43741,2024-10-29T05:14:57Z,20241029,2024,734,0.52,99.88,67.7388,True,True,True,https://noaa-nws-rtofs-pds.s3.amazonaws.com/rtofs.20241029/rtofs_glo_3dz_f006_6hrly_hvr_US_east.nc
ARGO_GDAC,pfl,aoml/4903556/profiles/D4903556_103.nc|2024-11-03T05:53:46Z|27.66219|-86.85744,aoml/4903556/profiles/D4903556_103.nc,4903556,4903556,27.66219,-86.85744,2024-11-03T05:53:46Z,20241103,2024,1010,0.36,2007.4,70.6189,True,True,True,https://noaa-nws-rtofs-pds.s3.amazonaws.com/rtofs.20241103/rtofs_glo_3dz_f006_6hrly_hvr_US_east.nc
ARGO_GDAC,pfl,aoml/4903556/profiles/D4903556_103.nc|2024-11-03T05:53:46Z|27.66219|-86.85744,aoml/4903556/profiles/D4903556_103.nc,4903556,4903556,27.66219,-86.85744,2024-11-03T05:53:46Z,20241103,2024,814,0.36,100.0,71.5705,True,True,True,https://noaa-nws-rtofs-pds.s3.amazonaws.com/rtofs.20241103/rtofs_glo_3dz_f006_6hrly_hvr_US_east.nc
ARGO_GDAC,pfl,aoml/4903556/profiles/D4903556_104.nc|2024-11-08T06:40:29Z|27.73471|-86.98109,aoml/4903556/profiles/D4903556_104.nc,4903556,4903556,27.73471,-86.98109,2024-11-08T06:40:29Z,20241108,2024,1011,1.04,2011.32,26.0894,True,True,True,https://noaa-nws-rtofs-pds.s3.amazonaws.com/rtofs.20241108/rtofs_glo_3dz_f006_6hrly_hvr_US_east.nc
ARGO_GDAC,pfl,aoml/4903556/profiles/D4903556_104.nc|2024-11-08T06:40:29Z|27.73471|-86.98109,aoml/4903556/profiles/D4903556_104.nc,4903556,4903556,27.73471,-86.98109,2024-11-08T06:40:29Z,20241108,2024,847,0.64,100.0,26.2978,True,True,True,https://noaa-nws-rtofs-pds.s3.amazonaws.com/rtofs.20241108/rtofs_glo_3dz_f006_6hrly_hvr_US_east.nc
ARGO_GDAC,pfl,aoml/4903556/profiles/D4903556_105.nc|2024-11-13T07:24:34Z|27.73905|-86.84045,aoml/4903556/profiles/D4903556_105.nc,4903556,4903556,27.73905,-86.84045,2024-11-13T07:24:34Z,20241113,2024,1013,0.48,2013.44,65.0145,True,True,True,https://noaa-nws-rtofs-pds.s3.amazonaws.com/rtofs.20241113/rtofs_glo_3dz_f006_6hrly_hvr_US_east.nc
ARGO_GDAC,pfl,aoml/4903556/profiles/D4903556_105.nc|2024-11-13T07:24:34Z|27.73905|-86.84045,aoml/4903556/profiles/D4903556_105.nc,4903556,4903556,27.73905,-86.84045,2024-11-13T07:24:34Z,20241113,2024,780,0.48,99.92,64.82,True,True,True,https://noaa-nws-rtofs-pds.s3.amazonaws.com/rtofs.20241113/rtofs_glo_3dz_f006_6hrly_hvr_US_east.nc
ARGO_GDAC,pfl,aoml/4903556/profiles/D4903556_106.nc|2024-11-18T07:57:05Z|27.64794|-86.58656,aoml/4903556/profiles/D4903556_106.nc,4903556,4903556,27.64794,-86.58656,2024-11-18T07:57:05Z,20241118,2024,1008,1.0,2005.28,49.4403,True,True,True,https://noaa-nws-rtofs-pds.s3.amazonaws.com/rtofs.20241118/rtofs_glo_3dz_f006_6hrly_hvr_US_east.nc
ARGO_GDAC,pfl,aoml/4903556/profiles/D4903556_106.nc|2024-11-18T07:57:05Z|27.64794|-86.58656,aoml/4903556/profiles/D4903556_106.nc,4903556,4903556,27.64794,-86.58656,2024-11-18T07:57:05Z,20241118,2024,760,0.64,99.88,49.4625,True,True,True,https://noaa-nws-rtofs-pds.s3.amazonaws.com/rtofs.20241118/rtofs_glo_3dz_f006_6hrly_hvr_US_east.nc
ARGO_GDAC,pfl,aoml/4903556/profiles/D4903556_107.nc|2024-11-23T08:38:03Z|27.67623|-86.51732,aoml/4903556/profiles/D4903556_107.nc,4903556,4903556,27.67623,-86.51732,2024-11-23T08:38:03Z,20241123,2024,1014,0.44,2016.04,73.0154,True,True,True,https://noaa-nws-rtofs-pds.s3.amazonaws.com/rtofs.20241123/rtofs_glo_3dz_f006_6hrly_hvr_US_east.nc
ARGO_GDAC,pfl,aoml/4903556/profiles/D4903556_107.nc|2024-11-23T08:38:03Z|27.67623|-86.51732,aoml/4903556/profiles/D4903556_107.nc,4903556,4903556,27.67623,-86.51732,2024-11-23T08:38:03Z,20241123,2024,809,0.44,100.0,70.4267,True,True,True,https://noaa-nws-rtofs-pds.s3.amazonaws.com/rtofs.20241123/rtofs_glo_3dz_f006_6hrly_hvr_US_east.nc
ARGO_GDAC,pfl,aoml/4903556/profiles/D4903556_108.nc|2024-11-28T09:18:59Z|27.78399|-86.72345,aoml/4903556/profiles/D4903556_108.nc,4903556,4903556,27.78399,-86.72345,2024-11-28T09:18:59Z,20241128,2024,1013,0.48,2013.64,52.6421,True,True,True,https://noaa-nws-rtofs-pds.s3.amazonaws.com/rtofs.20241128/rtofs_glo_3dz_f006_6hrly_hvr_US_east.nc
ARGO_GDAC,pfl,aoml/4903556/profiles/D4903556_108.nc|2024-11-28T09:18:59Z|27.78399|-86.72345,aoml/4903556/profiles/D4903556_108.nc,4903556,4903556,27.78399,-86.72345,2024-11-28T09:18:59Z,20241128,2024,802,0.48,99.88,52.7413,True,True,True,https://noaa-nws-rtofs-pds.s3.amazonaws.com/rtofs.20241128/rtofs_glo_3dz_f006_6hrly_hvr_US_east.nc
ARGO_GDAC,pfl,aoml/4903556/profiles/D4903556_109.nc|2024-12-03T10:08:53Z|27.76654|-86.89755,aoml/4903556/profiles/D4903556_109.nc,4903556,4903556,27.76654,-86.89755,2024-12-03T10:08:53Z,20241203,2024,1009,0.96,2007.36,59.5387,True,True,True,https://noaa-nws-rtofs-pds.s3.amazonaws.com/rtofs.20241203/rtofs_glo_3dz_f006_6hrly_hvr_US_east.nc
ARGO_GDAC,pfl,aoml/4903556/profiles/D4903556_109.nc|2024-12-03T10:08:53Z|27.76654|-86.89755,aoml/4903556/profiles/D4903556_109.nc,4903556,4903556,27.76654,-86.89755,2024-12-03T10:08:53Z,20241203,2024,787,0.52,99.88,59.9342,True,True,True,https://noaa-nws-rtofs-pds.s3.amazonaws.com/rtofs.20241203/rtofs_glo_3dz_f006_6hrly_hvr_US_east.nc
ARGO_GDAC,pfl,aoml/4903556/profiles/D4903556_110.nc|2024-12-08T10:45:01Z|27.74543|-86.85219,aoml/4903556/profiles/D4903556_110.nc,4903556,4903556,27.74543,-86.85219,2024-12-08T10:45:01Z,20241208,2024,1010,1.08,2009.8,35.765,True,True,True,https://noaa-nws-rtofs-pds.s3.amazonaws.com/rtofs.20241208/rtofs_glo_3dz_f006_6hrly_hvr_US_east.nc
ARGO_GDAC,pfl,aoml/4903556/profiles/D4903556_110.nc|2024-12-08T10:45:01Z|27.74543|-86.85219,aoml/4903556/profiles/D4903556_110.nc,4903556,4903556,27.74543,-86.85219,2024-12-08T10:45:01Z,20241208,2024,810,0.68,99.92,35.632,True,True,True,https://noaa-nws-rtofs-pds.s3.amazonaws.com/rtofs.20241208/rtofs_glo_3dz_f006_6hrly_hvr_US_east.nc
ARGO_GDAC,pfl,aoml/4903556/profiles/D4903556_111.nc|2024-12-13T11:34:11Z|27.77728|-86.71852,aoml/4903556/profiles/D4903556_111.nc,4903556,4903556,27.77728,-86.71852,2024-12-13T11:34:11Z,20241213,2024,1013,1.04,2015.2,44.9866,True,True,True,https://noaa-nws-rtofs-pds.s3.amazonaws.com/rtofs.20241213/rtofs_glo_3dz_f006_6hrly_hvr_US_east.nc
ARGO_GDAC,pfl,aoml/4903556/profiles/D4903556_111.nc|2024-12-13T11:34:11Z|27.77728|-86.71852,aoml/4903556/profiles/D4903556_111.nc,4903556,4903556,27.77728,-86.71852,2024-12-13T11:34:11Z,20241213,2024,846,0.68,100.0,45.001,True,True,True,https://noaa-nws-rtofs-pds.s3.amazonaws.com/rtofs.20241213/rtofs_glo_3dz_f006_6hrly_hvr_US_east.nc
ARGO_GDAC,pfl,aoml/4903556/profiles/D4903556_112.nc|2024-12-18T12:17:50Z|27.88344|-86.90495,aoml/4903556/profiles/D4903556_112.nc,4903556,4903556,27.88344,-86.90495,2024-12-18T12:17:50Z,20241218,2024,1012,0.96,2013.36,76.9482,True,True,True,https://noaa-nws-rtofs-pds.s3.amazonaws.com/rtofs.20241218/rtofs_glo_3dz_f006_6hrly_hvr_US_east.nc
ARGO_GDAC,pfl,aoml/4903556/profiles/D4903556_112.nc|2024-12-18T12:17:50Z|27.88344|-86.90495,aoml/4903556/profiles/D4903556_112.nc,4903556,4903556,27.88344,-86.90495,2024-12-18T12:17:50Z,20241218,2024,714,0.52,99.96,77.7425,True,True,True,https://noaa-nws-rtofs-pds.s3.amazonaws.com/rtofs.20241218/rtofs_glo_3dz_f006_6hrly_hvr_US_east.nc
ARGO_GDAC,pfl,aoml/4903556/profiles/D4903556_113.nc|2024-12-23T13:05:44Z|27.89955|-87.13558,aoml/4903556/profiles/D4903556_113.nc,4903556,4903556,27.89955,-87.13558,2024-12-23T13:05:44Z,20241223,2024,1014,0.48,2015.36,84.6506,True,True,True,https://noaa-nws-rtofs-pds.s3.amazonaws.com/rtofs.20241223/rtofs_glo_3dz_f006_6hrly_hvr_US_east.nc
ARGO_GDAC,pfl,aoml/4903556/profiles/D4903556_113.nc|2024-12-23T13:05:44Z|27.89955|-87.13558,aoml/4903556/profiles/D4903556_113.nc,4903556,4903556,27.89955,-87.13558,2024-12-23T13:05:44Z,20241223,2024,791,0.48,100.0,85.5687,True,True,True,https://noaa-nws-rtofs-pds.s3.amazonaws.com/rtofs.20241223/rtofs_glo_3dz_f006_6hrly_hvr_US_east.nc
ARGO_GDAC,pfl,aoml/4903556/profiles/D4903556_114.nc|2024-12-28T13:45:46Z|27.92045|-87.17139,aoml/4903556/profiles/D4903556_114.nc,4903556,4903556,27.92045,-87.17139,2024-12-28T13:45:46Z,20241228,2024,1009,1.12,2007.4,30.7087,True,True,True,https://noaa-nws-rtofs-pds.s3.amazonaws.com/rtofs.20241228/rtofs_glo_3dz_f006_6hrly_hvr_US_east.nc
ARGO_GDAC,pfl,aoml/4903556/profiles/D4903556_114.nc|2024-12-28T13:45:46Z|27.92045|-87.17139,aoml/4903556/profiles/D4903556_114.nc,4903556,4903556,27.92045,-87.17139,2024-12-28T13:45:46Z,20241228,2024,738,0.84,99.96,30.8173,True,True,True,https://noaa-nws-rtofs-pds.s3.amazonaws.com/rtofs.20241228/rtofs_glo_3dz_f006_6hrly_hvr_US_east.nc
ARGO_GDAC,pfl,aoml/4903556/profiles/D4903556_115.nc|2025-01-02T14:34:30Z|27.90624|-87.20215,aoml/4903556/profiles/D4903556_115.nc,4903556,4903556,27.90624,-87.20215,2025-01-02T14:34:30Z,20250102,2025,1011,1.0,2011.52,35.5925,True,True,True,https://noaa-nws-rtofs-pds.s3.amazonaws.com/rtofs.20250102/rtofs_glo_3dz_f006_6hrly_hvr_US_east.nc
ARGO_GDAC,pfl,aoml/4903556/profiles/D4903556_115.nc|2025-01-02T14:34:30Z|27.90624|-87.20215,aoml/4903556/profiles/D4903556_115.nc,4903556,4903556,27.90624,-87.20215,2025-01-02T14:34:30Z,20250102,2025,789,0.64,99.88,54.4,True,True,True,https://noaa-nws-rtofs-pds.s3.amazonaws.com/rtofs.20250102/rtofs_glo_3dz_f006_6hrly_hvr_US_east.nc
ARGO_GDAC,pfl,aoml/4903556/profiles/D4903556_116.nc|2025-01-07T15:19:56Z|27.96916|-87.11418,aoml/4903556/profiles/D4903556_116.nc,4903556,4903556,27.96916,-87.11418,2025-01-07T15:19:56Z,20250107,2025,1013,1.04,2015.52,66.6894,True,True,True,https://noaa-nws-rtofs-pds.s3.amazonaws.com/rtofs.20250107/rtofs_glo_3dz_f006_6hrly_hvr_US_east.nc
ARGO_GDAC,pfl,aoml/4903556/profiles/D4903556_116.nc|2025-01-07T15:19:56Z|27.96916|-87.11418,aoml/4903556/profiles/D4903556_116.nc,4903556,4903556,27.96916,-87.11418,2025-01-07T15:19:56Z,20250107,2025,773,0.64,99.92,66.8,True,True,True,https://noaa-nws-rtofs-pds.s3.amazonaws.com/rtofs.20250107/rtofs_glo_3dz_f006_6hrly_hvr_US_east.nc
ARGO_GDAC,pfl,aoml/4903556/profiles/D4903556_117.nc|2025-01-12T15:54:33Z|28.01971|-86.97292,aoml/4903556/profiles/D4903556_117.nc,4903556,4903556,28.01971,-86.97292,2025-01-12T15:54:33Z,20250112,2025,1010,1.0,2009.36,81.8647,True,True,True,https://noaa-nws-rtofs-pds.s3.amazonaws.com/rtofs.20250112/rtofs_glo_3dz_f006_6hrly_hvr_US_east.nc
ARGO_GDAC,pfl,aoml/4903556/profiles/D4903556_117.nc|2025-01-12T15:54:33Z|28.01971|-86.97292,aoml/4903556/profiles/D4903556_117.nc,4903556,4903556,28.01971,-86.97292,2025-01-12T15:54:33Z,20250112,2025,699,0.56,100.0,82.0578,True,True,True,https://noaa-nws-rtofs-pds.s3.amazonaws.com/rtofs.20250112/rtofs_glo_3dz_f006_6hrly_hvr_US_east.nc
ARGO_GDAC,pfl,aoml/4903556/profiles/D4903556_118.nc|2025-01-17T16:26:41Z|28.00492|-86.90295,aoml/4903556/profiles/D4903556_118.nc,4903556,4903556,28.00492,-86.90295,2025-01-17T16:26:41Z,20250117,2025,1008,1.0,2005.52,94.8929,True,True,True,https://noaa-nws-rtofs-pds.s3.amazonaws.com/rtofs.20250117/rtofs_glo_3dz_f006_6hrly_hvr_US_east.nc
ARGO_GDAC,pfl,aoml/4903556/profiles/D4903556_118.nc|2025-01-17T16:26:41Z|28.00492|-86.90295,aoml/4903556/profiles/D4903556_118.nc,4903556,4903556,28.00492,-86.90295,2025-01-17T16:26:41Z,20250117,2025,740,0.6,99.96,95.4333,True,True,True,https://noaa-nws-rtofs-pds.s3.amazonaws.com/rtofs.20250117/rtofs_glo_3dz_f006_6hrly_hvr_US_east.nc
ARGO_GDAC,pfl,aoml/4903556/profiles/D4903556_119.nc|2025-01-22T17:06:51Z|27.96960|-87.00666,aoml/4903556/profiles/D4903556_119.nc,4903556,4903556,27.9696,-87.00666,2025-01-22T17:06:51Z,20250122,2025,1011,1.04,2011.28,90.6769,True,True,True,https://noaa-nws-rtofs-pds.s3.amazonaws.com/rtofs.20250122/rtofs_glo_3dz_f006_6hrly_hvr_US_east.nc
ARGO_GDAC,pfl,aoml/4903556/profiles/D4903556_119.nc|2025-01-22T17:06:51Z|27.96960|-87.00666,aoml/4903556/profiles/D4903556_119.nc,4903556,4903556,27.9696,-87.00666,2025-01-22T17:06:51Z,20250122,2025,781,0.68,99.88,85.4831,True,True,True,https://noaa-nws-rtofs-pds.s3.amazonaws.com/rtofs.20250122/rtofs_glo_3dz_f006_6hrly_hvr_US_east.nc
ARGO_GDAC,pfl,aoml/4903556/profiles/D4903556_120.nc|2025-01-27T17:43:11Z|28.00475|-87.15493,aoml/4903556/profiles/D4903556_120.nc,4903556,4903556,28.00475,-87.15493,2025-01-27T17:43:11Z,20250127,2025,1008,0.96,2005.36,92.5881,True,True,True,https://noaa-nws-rtofs-pds.s3.amazonaws.com/rtofs.20250127/rtofs_glo_3dz_f006_6hrly_hvr_US_east.nc
ARGO_GDAC,pfl,aoml/4903556/profiles/D4903556_120.nc|2025-01-27T17:43:11Z|28.00475|-87.15493,aoml/4903556/profiles/D4903556_120.nc,4903556,4903556,28.00475,-87.15493,2025-01-27T17:43:11Z,20250127,2025,672,0.52,99.84,93.1066,True,True,True,https://noaa-nws-rtofs-pds.s3.amazonaws.com/rtofs.20250127/rtofs_glo_3dz_f006_6hrly_hvr_US_east.nc
ARGO_GDAC,pfl,aoml/4903556/profiles/D4903556_121.nc|2025-02-01T18:22:46Z|28.04426|-87.26255,aoml/4903556/profiles/D4903556_121.nc,4903556,4903556,28.04426,-87.26255,2025-02-01T18:22:46Z,20250201,2025,1011,1.04,2011.48,24.4944,True,True,True,https://noaa-nws-rtofs-pds.s3.amazonaws.com/rtofs.20250201/rtofs_glo_3dz_f006_6hrly_hvr_US_east.nc
ARGO_GDAC,pfl,aoml/4903556/profiles/D4903556_121.nc|2025-02-01T18:22:46Z|28.04426|-87.26255,aoml/4903556/profiles/D4903556_121.nc,4903556,4903556,28.04426,-87.26255,2025-02-01T18:22:46Z,20250201,2025,721,0.64,99.84,24.496,True,True,True,https://noaa-nws-rtofs-pds.s3.amazonaws.com/rtofs.20250201/rtofs_glo_3dz_f006_6hrly_hvr_US_east.nc
ARGO_GDAC,pfl,aoml/4903556/profiles/D4903556_122.nc|2025-02-06T19:06:25Z|28.06608|-87.30769,aoml/4903556/profiles/D4903556_122.nc,4903556,4903556,28.06608,-87.30769,2025-02-06T19:06:25Z,20250206,2025,1012,1.0,2013.04,18.3334,True,True,True,https://noaa-nws-rtofs-pds.s3.amazonaws.com/rtofs.20250206/rtofs_glo_3dz_f006_6hrly_hvr_US_east.nc
ARGO_GDAC,pfl,aoml/4903556/profiles/D4903556_122.nc|2025-02-06T19:06:25Z|28.06608|-87.30769,aoml/4903556/profiles/D4903556_122.nc,4903556,4903556,28.06608,-87.30769,2025-02-06T19:06:25Z,20250206,2025,684,0.6,99.88,18.5001,True,True,True,https://noaa-nws-rtofs-pds.s3.amazonaws.com/rtofs.20250206/rtofs_glo_3dz_f006_6hrly_hvr_US_east.nc
ARGO_GDAC,pfl,aoml/4903556/profiles/D4903556_123.nc|2025-02-11T19:53:41Z|28.04723|-87.24526,aoml/4903556/profiles/D4903556_123.nc,4903556,4903556,28.04723,-87.24526,2025-02-11T19:53:41Z,20250211,2025,1012,1.04,2014.08,15.3769,True,True,True,https://noaa-nws-rtofs-pds.s3.amazonaws.com/rtofs.20250211/rtofs_glo_3dz_f006_6hrly_hvr_US_east.nc
ARGO_GDAC,pfl,aoml/4903556/profiles/D4903556_123.nc|2025-02-11T19:53:41Z|28.04723|-87.24526,aoml/4903556/profiles/D4903556_123.nc,4903556,4903556,28.04723,-87.24526,2025-02-11T19:53:41Z,20250211,2025,718,0.6,100.0,15.1067,True,True,True,https://noaa-nws-rtofs-pds.s3.amazonaws.com/rtofs.20250211/rtofs_glo_3dz_f006_6hrly_hvr_US_east.nc
ARGO_GDAC,pfl,aoml/4903556/profiles/D4903556_124.nc|2025-02-16T20:32:40Z|28.06926|-87.15094,aoml/4903556/profiles/D4903556_124.nc,4903556,4903556,28.06926,-87.15094,2025-02-16T20:32:40Z,20250216,2025,1014,1.04,2017.24,32.9863,True,True,True,https://noaa-nws-rtofs-pds.s3.amazonaws.com/rtofs.20250216/rtofs_glo_3dz_f006_6hrly_hvr_US_east.nc
ARGO_GDAC,pfl,aoml/4903556/profiles/D4903556_124.nc|2025-02-16T20:32:40Z|28.06926|-87.15094,aoml/4903556/profiles/D4903556_124.nc,4903556,4903556,28.06926,-87.15094,2025-02-16T20:32:40Z,20250216,2025,722,0.68,100.0,33.58,True,True,True,https://noaa-nws-rtofs-pds.s3.amazonaws.com/rtofs.20250216/rtofs_glo_3dz_f006_6hrly_hvr_US_east.nc
ARGO_GDAC,pfl,aoml/4903556/profiles/D4903556_125.nc|2025-02-21T21:01:36Z|28.03008|-87.04219,aoml/4903556/profiles/D4903556_125.nc,4903556,4903556,28.03008,-87.04219,2025-02-21T21:01:36Z,20250221,2025,1008,0.96,2005.76,38.1457,True,True,True,https://noaa-nws-rtofs-pds.s3.amazonaws.com/rtofs.20250221/rtofs_glo_3dz_f006_6hrly_hvr_US_east.nc
ARGO_GDAC,pfl,aoml/4903556/profiles/D4903556_125.nc|2025-02-21T21:01:36Z|28.03008|-87.04219,aoml/4903556/profiles/D4903556_125.nc,4903556,4903556,28.03008,-87.04219,2025-02-21T21:01:36Z,20250221,2025,666,0.56,100.0,38.464,True,True,True,https://noaa-nws-rtofs-pds.s3.amazonaws.com/rtofs.20250221/rtofs_glo_3dz_f006_6hrly_hvr_US_east.nc
ARGO_GDAC,pfl,aoml/4903556/profiles/D4903556_126.nc|2025-02-26T21:34:03Z|28.04527|-86.98520,aoml/4903556/profiles/D4903556_126.nc,4903556,4903556,28.04527,-86.9852,2025-02-26T21:34:03Z,20250226,2025,1009,1.2,2007.44,101.4419,True,False,True,https://noaa-nws-rtofs-pds.s3.amazonaws.com/rtofs.20250226/rtofs_glo_3dz_f006_6hrly_hvr_US_east.nc
ARGO_GDAC,pfl,aoml/4903556/profiles/D4903556_126.nc|2025-02-26T21:34:03Z|28.04527|-86.98520,aoml/4903556/profiles/D4903556_126.nc,4903556,4903556,28.04527,-86.9852,2025-02-26T21:34:03Z,20250226,2025,672,0.92,99.88,,False,False,True,https://noaa-nws-rtofs-pds.s3.amazonaws.com/rtofs.20250226/rtofs_glo_3dz_f006_6hrly_hvr_US_east.nc
ARGO_GDAC,pfl,aoml/4903556/profiles/D4903556_127.nc|2025-03-03T22:15:02Z|28.08252|-86.93561,aoml/4903556/profiles/D4903556_127.nc,4903556,4903556,28.08252,-86.93561,2025-03-03T22:15:02Z,20250303,2025,1009,1.0,2007.88,113.0879,True,False,True,https://noaa-nws-rtofs-pds.s3.amazonaws.com/rtofs.20250303/rtofs_glo_3dz_f006_6hrly_hvr_US_east.nc
ARGO_GDAC,pfl,aoml/4903556/profiles/D4903556_127.nc|2025-03-03T22:15:02Z|28.08252|-86.93561,aoml/4903556/profiles/D4903556_127.nc,4903556,4903556,28.08252,-86.93561,2025-03-03T22:15:02Z,20250303,2025,689,0.64,99.92,,False,False,True,https://noaa-nws-rtofs-pds.s3.amazonaws.com/rtofs.20250303/rtofs_glo_3dz_f006_6hrly_hvr_US_east.nc
ARGO_GDAC,pfl,aoml/4903556/profiles/D4903556_128.nc|2025-03-08T22:42:52Z|28.04932|-86.91417,aoml/4903556/profiles/D4903556_128.nc,4903556,4903556,28.04932,-86.91417,2025-03-08T22:42:52Z,20250308,2025,1008,0.96,2006.08,120.7779,True,False,True,https://noaa-nws-rtofs-pds.s3.amazonaws.com/rtofs.20250308/rtofs_glo_3dz_f006_6hrly_hvr_US_east.nc
ARGO_GDAC,pfl,aoml/4903556/profiles/D4903556_128.nc|2025-03-08T22:42:52Z|28.04932|-86.91417,aoml/4903556/profiles/D4903556_128.nc,4903556,4903556,28.04932,-86.91417,2025-03-08T22:42:52Z,20250308,2025,672,0.56,99.84,,False,False,True,https://noaa-nws-rtofs-pds.s3.amazonaws.com/rtofs.20250308/rtofs_glo_3dz_f006_6hrly_hvr_US_east.nc
ARGO_GDAC,pfl,aoml/4903556/profiles/D4903556_129.nc|2025-03-13T23:22:32Z|28.08281|-87.00857,aoml/4903556/profiles/D4903556_129.nc,4903556,4903556,28.08281,-87.00857,2025-03-13T23:22:32Z,20250313,2025,1009,0.96,2007.32,99.4103,True,True,True,https://noaa-nws-rtofs-pds.s3.amazonaws.com/rtofs.20250313/rtofs_glo_3dz_f006_6hrly_hvr_US_east.nc
ARGO_GDAC,pfl,aoml/4903556/profiles/D4903556_129.nc|2025-03-13T23:22:32Z|28.08281|-87.00857,aoml/4903556/profiles/D4903556_129.nc,4903556,4903556,28.08281,-87.00857,2025-03-13T23:22:32Z,20250313,2025,677,0.56,99.96,98.4,True,True,True,https://noaa-nws-rtofs-pds.s3.amazonaws.com/rtofs.20250313/rtofs_glo_3dz_f006_6hrly_hvr_US_east.nc
ARGO_GDAC,pfl,aoml/4903556/profiles/D4903556_130.nc|2025-03-19T00:03:51Z|28.14018|-87.13008,aoml/4903556/profiles/D4903556_130.nc,4903556,4903556,28.14018,-87.13008,2025-03-19T00:03:51Z,20250319,2025,1010,1.0,2010.0,118.1166,True,False,True,https://noaa-nws-rtofs-pds.s3.amazonaws.com/rtofs.20250319/rtofs_glo_3dz_f006_6hrly_hvr_US_east.nc
ARGO_GDAC,pfl,aoml/4903556/profiles/D4903556_130.nc|2025-03-19T00:03:51Z|28.14018|-87.13008,aoml/4903556/profiles/D4903556_130.nc,4903556,4903556,28.14018,-87.13008,2025-03-19T00:03:51Z,20250319,2025,714,0.52,99.88,,False,False,True,https://noaa-nws-rtofs-pds.s3.amazonaws.com/rtofs.20250319/rtofs_glo_3dz_f006_6hrly_hvr_US_east.nc
ARGO_GDAC,pfl,aoml/4903556/profiles/D4903556_131.nc|2025-03-24T00:41:49Z|28.09947|-87.06726,aoml/4903556/profiles/D4903556_131.nc,4903556,4903556,28.09947,-87.06726,2025-03-24T00:41:49Z,20250324,2025,1010,1.04,2009.04,35.4171,True,True,True,https://noaa-nws-rtofs-pds.s3.amazonaws.com/rtofs.20250324/rtofs_glo_3dz_f006_6hrly_hvr_US_east.nc
ARGO_GDAC,pfl,aoml/4903556/profiles/D4903556_131.nc|2025-03-24T00:41:49Z|28.09947|-87.06726,aoml/4903556/profiles/D4903556_131.nc,4903556,4903556,28.09947,-87.06726,2025-03-24T00:41:49Z,20250324,2025,683,0.6,99.84,35.24,True,True,True,https://noaa-nws-rtofs-pds.s3.amazonaws.com/rtofs.20250324/rtofs_glo_3dz_f006_6hrly_hvr_US_east.nc
ARGO_GDAC,pfl,aoml/4903556/profiles/D4903556_132.nc|2025-03-29T01:25:06Z|28.00998|-86.94517,aoml/4903556/profiles/D4903556_132.nc,4903556,4903556,28.00998,-86.94517,2025-03-29T01:25:06Z,20250329,2025,1011,1.0,2011.04,16.66,True,True,True,https://noaa-nws-rtofs-pds.s3.amazonaws.com/rtofs.20250329/rtofs_glo_3dz_f006_6hrly_hvr_US_east.nc
ARGO_GDAC,pfl,aoml/4903556/profiles/D4903556_132.nc|2025-03-29T01:25:06Z|28.00998|-86.94517,aoml/4903556/profiles/D4903556_132.nc,4903556,4903556,28.00998,-86.94517,2025-03-29T01:25:06Z,20250329,2025,686,0.52,99.92,17.05,True,True,True,https://noaa-nws-rtofs-pds.s3.amazonaws.com/rtofs.20250329/rtofs_glo_3dz_f006_6hrly_hvr_US_east.nc
ARGO_GDAC,pfl,aoml/4903556/profiles/D4903556_133.nc|2025-04-03T02:14:36Z|28.05679|-86.90383,aoml/4903556/profiles/D4903556_133.nc,4903556,4903556,28.05679,-86.90383,2025-04-03T02:14:36Z,20250403,2025,1012,0.92,2013.56,15.8549,True,True,True,https://noaa-nws-rtofs-pds.s3.amazonaws.com/rtofs.20250403/rtofs_glo_3dz_f006_6hrly_hvr_US_east.nc
ARGO_GDAC,pfl,aoml/4903556/profiles/D4903556_133.nc|2025-04-03T02:14:36Z|28.05679|-86.90383,aoml/4903556/profiles/D4903556_133.nc,4903556,4903556,28.05679,-86.90383,2025-04-03T02:14:36Z,20250403,2025,734,0.52,99.92,16.2788,True,True,True,https://noaa-nws-rtofs-pds.s3.amazonaws.com/rtofs.20250403/rtofs_glo_3dz_f006_6hrly_hvr_US_east.nc
ARGO_GDAC,pfl,aoml/4903556/profiles/D4903556_134.nc|2025-04-08T02:47:57Z|28.13959|-87.02279,aoml/4903556/profiles/D4903556_134.nc,4903556,4903556,28.13959,-87.02279,2025-04-08T02:47:57Z,20250408,2025,1012,1.08,2013.72,17.1946,True,True,True,https://noaa-nws-rtofs-pds.s3.amazonaws.com/rtofs.20250408/rtofs_glo_3dz_f006_6hrly_hvr_US_east.nc
ARGO_GDAC,pfl,aoml/4903556/profiles/D4903556_134.nc|2025-04-08T02:47:57Z|28.13959|-87.02279,aoml/4903556/profiles/D4903556_134.nc,4903556,4903556,28.13959,-87.02279,2025-04-08T02:47:57Z,20250408,2025,718,0.76,99.88,17.5859,True,True,True,https://noaa-nws-rtofs-pds.s3.amazonaws.com/rtofs.20250408/rtofs_glo_3dz_f006_6hrly_hvr_US_east.nc
ARGO_GDAC,pfl,aoml/4903556/profiles/D4903556_135.nc|2025-04-13T03:29:50Z|28.10119|-87.05462,aoml/4903556/profiles/D4903556_135.nc,4903556,4903556,28.10119,-87.05462,2025-04-13T03:29:50Z,20250413,2025,1009,0.48,2005.6,35.1846,True,True,True,https://noaa-nws-rtofs-pds.s3.amazonaws.com/rtofs.20250413/rtofs_glo_3dz_f006_6hrly_hvr_US_east.nc
ARGO_GDAC,pfl,aoml/4903556/profiles/D4903556_135.nc|2025-04-13T03:29:50Z|28.10119|-87.05462,aoml/4903556/profiles/D4903556_135.nc,4903556,4903556,28.10119,-87.05462,2025-04-13T03:29:50Z,20250413,2025,749,0.48,99.96,34.744,True,True,True,https://noaa-nws-rtofs-pds.s3.amazonaws.com/rtofs.20250413/rtofs_glo_3dz_f006_6hrly_hvr_US_east.nc
ARGO_GDAC,pfl,aoml/4903556/profiles/D4903556_136.nc|2025-04-18T04:03:50Z|28.07114|-87.10221,aoml/4903556/profiles/D4903556_136.nc,4903556,4903556,28.07114,-87.10221,2025-04-18T04:03:50Z,20250418,2025,1008,1.04,2005.44,18.9615,True,True,True,https://noaa-nws-rtofs-pds.s3.amazonaws.com/rtofs.20250418/rtofs_glo_3dz_f006_6hrly_hvr_US_east.nc
ARGO_GDAC,pfl,aoml/4903556/profiles/D4903556_136.nc|2025-04-18T04:03:50Z|28.07114|-87.10221,aoml/4903556/profiles/D4903556_136.nc,4903556,4903556,28.07114,-87.10221,2025-04-18T04:03:50Z,20250418,2025,787,0.72,99.88,18.28,True,True,True,https://noaa-nws-rtofs-pds.s3.amazonaws.com/rtofs.20250418/rtofs_glo_3dz_f006_6hrly_hvr_US_east.nc
ARGO_GDAC,pfl,aoml/4903556/profiles/D4903556_137.nc|2025-04-23T04:40:56Z|28.12401|-87.02036,aoml/4903556/profiles/D4903556_137.nc,4903556,4903556,28.12401,-87.02036,2025-04-23T04:40:56Z,20250423,2025,1008,1.04,2005.96,17.1911,True,True,True,https://noaa-nws-rtofs-pds.s3.amazonaws.com/rtofs.20250423/rtofs_glo_3dz_f006_6hrly_hvr_US_east.nc
ARGO_GDAC,pfl,aoml/4903556/profiles/D4903556_137.nc|2025-04-23T04:40:56Z|28.12401|-87.02036,aoml/4903556/profiles/D4903556_137.nc,4903556,4903556,28.12401,-87.02036,2025-04-23T04:40:56Z,20250423,2025,754,0.64,99.92,17.5842,True,True,True,https://noaa-nws-rtofs-pds.s3.amazonaws.com/rtofs.20250423/rtofs_glo_3dz_f006_6hrly_hvr_US_east.nc
ARGO_GDAC,pfl,aoml/4903556/profiles/D4903556_138.nc|2025-04-28T05:20:49Z|28.13285|-86.94133,aoml/4903556/profiles/D4903556_138.nc,4903556,4903556,28.13285,-86.94133,2025-04-28T05:20:49Z,20250428,2025,1012,1.0,2013.32,14.0516,True,True,True,https://noaa-nws-rtofs-pds.s3.amazonaws.com/rtofs.20250428/rtofs_glo_3dz_f006_6hrly_hvr_US_east.nc
ARGO_GDAC,pfl,aoml/4903556/profiles/D4903556_138.nc|2025-04-28T05:20:49Z|28.13285|-86.94133,aoml/4903556/profiles/D4903556_138.nc,4903556,4903556,28.13285,-86.94133,2025-04-28T05:20:49Z,20250428,2025,757,0.56,99.96,13.8835,True,True,True,https://noaa-nws-rtofs-pds.s3.amazonaws.com/rtofs.20250428/rtofs_glo_3dz_f006_6hrly_hvr_US_east.nc
ARGO_GDAC,pfl,aoml/4903556/profiles/D4903556_139.nc|2025-05-03T06:02:54Z|28.15569|-87.10752,aoml/4903556/profiles/D4903556_139.nc,4903556,4903556,28.15569,-87.10752,2025-05-03T06:02:54Z,20250503,2025,1013,1.04,2016.08,19.4764,True,True,True,https://noaa-nws-rtofs-pds.s3.amazonaws.com/rtofs.20250503/rtofs_glo_3dz_f006_6hrly_hvr_US_east.nc
ARGO_GDAC,pfl,aoml/4903556/profiles/D4903556_139.nc|2025-05-03T06:02:54Z|28.15569|-87.10752,aoml/4903556/profiles/D4903556_139.nc,4903556,4903556,28.15569,-87.10752,2025-05-03T06:02:54Z,20250503,2025,759,0.6,99.88,19.7098,True,True,True,https://noaa-nws-rtofs-pds.s3.amazonaws.com/rtofs.20250503/rtofs_glo_3dz_f006_6hrly_hvr_US_east.nc
ARGO_GDAC,pfl,aoml/4903556/profiles/D4903556_140.nc|2025-05-08T06:48:51Z|28.12307|-87.26711,aoml/4903556/profiles/D4903556_140.nc,4903556,4903556,28.12307,-87.26711,2025-05-08T06:48:51Z,20250508,2025,1011,1.08,2011.16,19.348,True,True,True,https://noaa-nws-rtofs-pds.s3.amazonaws.com/rtofs.20250508/rtofs_glo_3dz_f006_6hrly_hvr_US_east.nc
ARGO_GDAC,pfl,aoml/4903556/profiles/D4903556_140.nc|2025-05-08T06:48:51Z|28.12307|-87.26711,aoml/4903556/profiles/D4903556_140.nc,4903556,4903556,28.12307,-87.26711,2025-05-08T06:48:51Z,20250508,2025,791,0.72,99.92,19.7294,True,True,True,https://noaa-nws-rtofs-pds.s3.amazonaws.com/rtofs.20250508/rtofs_glo_3dz_f006_6hrly_hvr_US_east.nc
ARGO_GDAC,pfl,aoml/4903556/profiles/D4903556_141.nc|2025-05-13T07:39:54Z|28.13259|-87.50285,aoml/4903556/profiles/D4903556_141.nc,4903556,4903556,28.13259,-87.50285,2025-05-13T07:39:54Z,20250513,2025,1009,1.12,2007.28,26.2095,True,True,True,https://noaa-nws-rtofs-pds.s3.amazonaws.com/rtofs.20250513/rtofs_glo_3dz_f006_6hrly_hvr_US_east.nc
ARGO_GDAC,pfl,aoml/4903556/profiles/D4903556_141.nc|2025-05-13T07:39:54Z|28.13259|-87.50285,aoml/4903556/profiles/D4903556_141.nc,4903556,4903556,28.13259,-87.50285,2025-05-13T07:39:54Z,20250513,2025,819,0.72,99.92,26.6844,True,True,True,https://noaa-nws-rtofs-pds.s3.amazonaws.com/rtofs.20250513/rtofs_glo_3dz_f006_6hrly_hvr_US_east.nc
ARGO_GDAC,pfl,aoml/4903556/profiles/D4903556_142.nc|2025-05-18T08:21:39Z|28.10783|-87.69809,aoml/4903556/profiles/D4903556_142.nc,4903556,4903556,28.10783,-87.69809,2025-05-18T08:21:39Z,20250518,2025,1013,1.12,2015.2,12.3631,True,True,True,https://noaa-nws-rtofs-pds.s3.amazonaws.com/rtofs.20250518/rtofs_glo_3dz_f006_6hrly_hvr_US_east.nc
ARGO_GDAC,pfl,aoml/4903556/profiles/D4903556_142.nc|2025-05-18T08:21:39Z|28.10783|-87.69809,aoml/4903556/profiles/D4903556_142.nc,4903556,4903556,28.10783,-87.69809,2025-05-18T08:21:39Z,20250518,2025,814,0.76,99.92,13.6338,True,True,True,https://noaa-nws-rtofs-pds.s3.amazonaws.com/rtofs.20250518/rtofs_glo_3dz_f006_6hrly_hvr_US_east.nc
ARGO_GDAC,pfl,aoml/4903556/profiles/D4903556_143.nc|2025-05-23T08:59:44Z|28.08662|-87.74225,aoml/4903556/profiles/D4903556_143.nc,4903556,4903556,28.08662,-87.74225,2025-05-23T08:59:44Z,20250523,2025,1011,1.0,2011.56,13.2883,True,True,True,https://noaa-nws-rtofs-pds.s3.amazonaws.com/rtofs.20250523/rtofs_glo_3dz_f006_6hrly_hvr_US_east.nc
ARGO_GDAC,pfl,aoml/4903556/profiles/D4903556_143.nc|2025-05-23T08:59:44Z|28.08662|-87.74225,aoml/4903556/profiles/D4903556_143.nc,4903556,4903556,28.08662,-87.74225,2025-05-23T08:59:44Z,20250523,2025,767,0.56,100.0,13.5467,True,True,True,https://noaa-nws-rtofs-pds.s3.amazonaws.com/rtofs.20250523/rtofs_glo_3dz_f006_6hrly_hvr_US_east.nc
ARGO_GDAC,pfl,aoml/4903556/profiles/R4903556_144.nc|2025-05-28T09:39:05Z|28.07727|-87.73976,aoml/4903556/profiles/R4903556_144.nc,4903556,4903556,28.07727,-87.73976,2025-05-28T09:39:05Z,20250528,2025,1012,1.16,2013.36,10.7373,True,True,True,https://noaa-nws-rtofs-pds.s3.amazonaws.com/rtofs.20250528/rtofs_glo_3dz_f006_6hrly_hvr_US_east.nc
ARGO_GDAC,pfl,aoml/4903556/profiles/R4903556_144.nc|2025-05-28T09:39:05Z|28.07727|-87.73976,aoml/4903556/profiles/R4903556_144.nc,4903556,4903556,28.07727,-87.73976,2025-05-28T09:39:05Z,20250528,2025,846,0.84,99.92,11.449,True,True,True,https://noaa-nws-rtofs-pds.s3.amazonaws.com/rtofs.20250528/rtofs_glo_3dz_f006_6hrly_hvr_US_east.nc
ARGO_GDAC,pfl,aoml/4903556/profiles/R4903556_145.nc|2025-06-02T10:22:25Z|28.13681|-87.77065,aoml/4903556/profiles/R4903556_145.nc,4903556,4903556,28.13681,-87.77065,2025-06-02T10:22:25Z,20250602,2025,1012,1.04,2013.48,11.9997,True,True,True,https://noaa-nws-rtofs-pds.s3.amazonaws.com/rtofs.20250602/rtofs_glo_3dz_f006_6hrly_hvr_US_east.nc
ARGO_GDAC,pfl,aoml/4903556/profiles/R4903556_145.nc|2025-06-02T10:22:25Z|28.13681|-87.77065,aoml/4903556/profiles/R4903556_145.nc,4903556,4903556,28.13681,-87.77065,2025-06-02T10:22:25Z,20250602,2025,810,0.64,99.96,12.1882,True,True,True,https://noaa-nws-rtofs-pds.s3.amazonaws.com/rtofs.20250602/rtofs_glo_3dz_f006_6hrly_hvr_US_east.nc
ARGO_GDAC,pfl,aoml/4903556/profiles/R4903556_146.nc|2025-06-07T10:54:09Z|28.18841|-87.75431,aoml/4903556/profiles/R4903556_146.nc,4903556,4903556,28.18841,-87.75431,2025-06-07T10:54:09Z,20250607,2025,1010,1.08,2009.8,11.5821,True,True,True,https://noaa-nws-rtofs-pds.s3.amazonaws.com/rtofs.20250607/rtofs_glo_3dz_f006_6hrly_hvr_US_east.nc
ARGO_GDAC,pfl,aoml/4903556/profiles/R4903556_146.nc|2025-06-07T10:54:09Z|28.18841|-87.75431,aoml/4903556/profiles/R4903556_146.nc,4903556,4903556,28.18841,-87.75431,2025-06-07T10:54:09Z,20250607,2025,791,0.68,99.92,11.7939,True,True,True,https://noaa-nws-rtofs-pds.s3.amazonaws.com/rtofs.20250607/rtofs_glo_3dz_f006_6hrly_hvr_US_east.nc
ARGO_GDAC,pfl,aoml/4903556/profiles/R4903556_147.nc|2025-06-12T11:35:06Z|28.14060|-87.69380,aoml/4903556/profiles/R4903556_147.nc,4903556,4903556,28.1406,-87.6938,2025-06-12T11:35:06Z,20250612,2025,1012,0.96,2014.04,13.2244,True,True,True,https://noaa-nws-rtofs-pds.s3.amazonaws.com/rtofs.20250612/rtofs_glo_3dz_f006_6hrly_hvr_US_east.nc
ARGO_GDAC,pfl,aoml/4903556/profiles/R4903556_147.nc|2025-06-12T11:35:06Z|28.14060|-87.69380,aoml/4903556/profiles/R4903556_147.nc,4903556,4903556,28.1406,-87.6938,2025-06-12T11:35:06Z,20250612,2025,819,0.6,100.0,13.4029,True,True,True,https://noaa-nws-rtofs-pds.s3.amazonaws.com/rtofs.20250612/rtofs_glo_3dz_f006_6hrly_hvr_US_east.nc
ARGO_GDAC,pfl,aoml/4903556/profiles/R4903556_148.nc|2025-06-17T12:21:40Z|28.12515|-87.81444,aoml/4903556/profiles/R4903556_148.nc,4903556,4903556,28.12515,-87.81444,2025-06-17T12:21:40Z,20250617,2025,1013,1.08,2015.24,12.0689,True,True,True,https://noaa-nws-rtofs-pds.s3.amazonaws.com/rtofs.20250617/rtofs_glo_3dz_f006_6hrly_hvr_US_east.nc
ARGO_GDAC,pfl,aoml/4903556/profiles/R4903556_148.nc|2025-06-17T12:21:40Z|28.12515|-87.81444,aoml/4903556/profiles/R4903556_148.nc,4903556,4903556,28.12515,-87.81444,2025-06-17T12:21:40Z,20250617,2025,864,0.72,99.88,12.44,True,True,True,https://noaa-nws-rtofs-pds.s3.amazonaws.com/rtofs.20250617/rtofs_glo_3dz_f006_6hrly_hvr_US_east.nc
ARGO_GDAC,pfl,aoml/4903556/profiles/R4903556_149.nc|2025-06-22T13:08:17Z|28.10777|-88.00238,aoml/4903556/profiles/R4903556_149.nc,4903556,4903556,28.10777,-88.00238,2025-06-22T13:08:17Z,20250622,2025,1011,1.04,2011.56,12.641,True,True,True,https://noaa-nws-rtofs-pds.s3.amazonaws.com/rtofs.20250622/rtofs_glo_3dz_f006_6hrly_hvr_US_east.nc
ARGO_GDAC,pfl,aoml/4903556/profiles/R4903556_149.nc|2025-06-22T13:08:17Z|28.10777|-88.00238,aoml/4903556/profiles/R4903556_149.nc,4903556,4903556,28.10777,-88.00238,2025-06-22T13:08:17Z,20250622,2025,844,0.64,99.92,13.4632,True,True,True,https://noaa-nws-rtofs-pds.s3.amazonaws.com/rtofs.20250622/rtofs_glo_3dz_f006_6hrly_hvr_US_east.nc
ARGO_GDAC,pfl,aoml/4903556/profiles/R4903556_150.nc|2025-06-27T13:48:40Z|28.09884|-87.89756,aoml/4903556/profiles/R4903556_150.nc,4903556,4903556,28.09884,-87.89756,2025-06-27T13:48:40Z,20250627,2025,1010,1.0,2009.4,20.3444,True,True,True,https://noaa-nws-rtofs-pds.s3.amazonaws.com/rtofs.20250627/rtofs_glo_3dz_f006_6hrly_hvr_US_east.nc
ARGO_GDAC,pfl,aoml/4903556/profiles/R4903556_150.nc|2025-06-27T13:48:40Z|28.09884|-87.89756,aoml/4903556/profiles/R4903556_150.nc,4903556,4903556,28.09884,-87.89756,2025-06-27T13:48:40Z,20250627,2025,839,0.6,99.96,20.7089,True,True,True,https://noaa-nws-rtofs-pds.s3.amazonaws.com/rtofs.20250627/rtofs_glo_3dz_f006_6hrly_hvr_US_east.nc
ARGO_GDAC,pfl,aoml/4903556/profiles/R4903556_151.nc|2025-07-02T14:43:17Z|28.00955|-87.88321,aoml/4903556/profiles/R4903556_151.nc,4903556,4903556,28.00955,-87.88321,2025-07-02T14:43:17Z,20250702,2025,1013,1.0,2015.56,12.5167,True,True,True,https://noaa-nws-rtofs-pds.s3.amazonaws.com/rtofs.20250702/rtofs_glo_3dz_f006_6hrly_hvr_US_east.nc
ARGO_GDAC,pfl,aoml/4903556/profiles/R4903556_151.nc|2025-07-02T14:43:17Z|28.00955|-87.88321,aoml/4903556/profiles/R4903556_151.nc,4903556,4903556,28.00955,-87.88321,2025-07-02T14:43:17Z,20250702,2025,808,0.64,99.96,12.0667,True,True,True,https://noaa-nws-rtofs-pds.s3.amazonaws.com/rtofs.20250702/rtofs_glo_3dz_f006_6hrly_hvr_US_east.nc
ARGO_GDAC,pfl,aoml/4903556/profiles/R4903556_152.nc|2025-07-07T15:31:05Z|27.96438|-88.14551,aoml/4903556/profiles/R4903556_152.nc,4903556,4903556,27.96438,-88.14551,2025-07-07T15:31:05Z,20250707,2025,1013,0.48,2013.6,30.8974,True,True,True,https://noaa-nws-rtofs-pds.s3.amazonaws.com/rtofs.20250707/rtofs_glo_3dz_f006_6hrly_hvr_US_east.nc
ARGO_GDAC,pfl,aoml/4903556/profiles/R4903556_152.nc|2025-07-07T15:31:05Z|27.96438|-88.14551,aoml/4903556/profiles/R4903556_152.nc,4903556,4903556,27.96438,-88.14551,2025-07-07T15:31:05Z,20250707,2025,807,0.48,99.92,31.5055,True,True,True,https://noaa-nws-rtofs-pds.s3.amazonaws.com/rtofs.20250707/rtofs_glo_3dz_f006_6hrly_hvr_US_east.nc
ARGO_GDAC,pfl,aoml/4903556/profiles/R4903556_153.nc|2025-07-12T16:09:26Z|28.04358|-88.14376,aoml/4903556/profiles/R4903556_153.nc,4903556,4903556,28.04358,-88.14376,2025-07-12T16:09:26Z,20250712,2025,1012,1.04,2013.4,13.1031,True,True,True,https://noaa-nws-rtofs-pds.s3.amazonaws.com/rtofs.20250712/rtofs_glo_3dz_f006_6hrly_hvr_US_east.nc
ARGO_GDAC,pfl,aoml/4903556/profiles/R4903556_153.nc|2025-07-12T16:09:26Z|28.04358|-88.14376,aoml/4903556/profiles/R4903556_153.nc,4903556,4903556,28.04358,-88.14376,2025-07-12T16:09:26Z,20250712,2025,796,0.64,99.88,13.1867,True,True,True,https://noaa-nws-rtofs-pds.s3.amazonaws.com/rtofs.20250712/rtofs_glo_3dz_f006_6hrly_hvr_US_east.nc
ARGO_GDAC,pfl,aoml/4903556/profiles/R4903556_154.nc|2025-07-17T16:51:26Z|28.07963|-88.00798,aoml/4903556/profiles/R4903556_154.nc,4903556,4903556,28.07963,-88.00798,2025-07-17T16:51:26Z,20250717,2025,1008,1.16,2005.28,16.3212,True,True,True,https://noaa-nws-rtofs-pds.s3.amazonaws.com/rtofs.20250717/rtofs_glo_3dz_f006_6hrly_hvr_US_east.nc
ARGO_GDAC,pfl,aoml/4903556/profiles/R4903556_154.nc|2025-07-17T16:51:26Z|28.07963|-88.00798,aoml/4903556/profiles/R4903556_154.nc,4903556,4903556,28.07963,-88.00798,2025-07-17T16:51:26Z,20250717,2025,852,0.84,99.96,15.9625,True,True,True,https://noaa-nws-rtofs-pds.s3.amazonaws.com/rtofs.20250717/rtofs_glo_3dz_f006_6hrly_hvr_US_east.nc
ARGO_GDAC,pfl,aoml/4903556/profiles/R4903556_155.nc|2025-07-22T17:30:07Z|27.99973|-87.99095,aoml/4903556/profiles/R4903556_155.nc,4903556,4903556,27.99973,-87.99095,2025-07-22T17:30:07Z,20250722,2025,1014,1.0,2017.6,14.7664,True,True,True,https://noaa-nws-rtofs-pds.s3.amazonaws.com/rtofs.20250722/rtofs_glo_3dz_f006_6hrly_hvr_US_east.nc
ARGO_GDAC,pfl,aoml/4903556/profiles/R4903556_155.nc|2025-07-22T17:30:07Z|27.99973|-87.99095,aoml/4903556/profiles/R4903556_155.nc,4903556,4903556,27.99973,-87.99095,2025-07-22T17:30:07Z,20250722,2025,823,0.64,99.92,14.816,True,True,True,https://noaa-nws-rtofs-pds.s3.amazonaws.com/rtofs.20250722/rtofs_glo_3dz_f006_6hrly_hvr_US_east.nc
ARGO_GDAC,pfl,aoml/4903556/profiles/R4903556_156.nc|2025-07-27T18:18:49Z|28.02624|-88.05517,aoml/4903556/profiles/R4903556_156.nc,4903556,4903556,28.02624,-88.05517,2025-07-27T18:18:49Z,20250727,2025,1009,1.0,2007.16,16.9452,True,True,True,https://noaa-nws-rtofs-pds.s3.amazonaws.com/rtofs.20250727/rtofs_glo_3dz_f006_6hrly_hvr_US_east.nc
ARGO_GDAC,pfl,aoml/4903556/profiles/R4903556_156.nc|2025-07-27T18:18:49Z|28.02624|-88.05517,aoml/4903556/profiles/R4903556_156.nc,4903556,4903556,28.02624,-88.05517,2025-07-27T18:18:49Z,20250727,2025,835,0.6,99.96,16.8134,True,True,True,https://noaa-nws-rtofs-pds.s3.amazonaws.com/rtofs.20250727/rtofs_glo_3dz_f006_6hrly_hvr_US_east.nc
ARGO_GDAC,pfl,aoml/4903556/profiles/R4903556_157.nc|2025-08-01T19:08:10Z|28.10603|-88.10614,aoml/4903556/profiles/R4903556_157.nc,4903556,4903556,28.10603,-88.10614,2025-08-01T19:08:10Z,20250801,2025,1013,0.96,2016.04,14.7959,True,True,True,https://noaa-nws-rtofs-pds.s3.amazonaws.com/rtofs.20250801/rtofs_glo_3dz_f006_6hrly_hvr_US_east.nc
ARGO_GDAC,pfl,aoml/4903556/profiles/R4903556_157.nc|2025-08-01T19:08:10Z|28.10603|-88.10614,aoml/4903556/profiles/R4903556_157.nc,4903556,4903556,28.10603,-88.10614,2025-08-01T19:08:10Z,20250801,2025,838,0.56,99.96,14.764,True,True,True,https://noaa-nws-rtofs-pds.s3.amazonaws.com/rtofs.20250801/rtofs_glo_3dz_f006_6hrly_hvr_US_east.nc
ARGO_GDAC,pfl,aoml/4903556/profiles/R4903556_158.nc|2025-08-06T19:50:49Z|28.09303|-88.15602,aoml/4903556/profiles/R4903556_158.nc,4903556,4903556,28.09303,-88.15602,2025-08-06T19:50:49Z,20250806,2025,1009,0.96,2007.44,16.3285,True,True,True,https://noaa-nws-rtofs-pds.s3.amazonaws.com/rtofs.20250806/rtofs_glo_3dz_f006_6hrly_hvr_US_east.nc
ARGO_GDAC,pfl,aoml/4903556/profiles/R4903556_158.nc|2025-08-06T19:50:49Z|28.09303|-88.15602,aoml/4903556/profiles/R4903556_158.nc,4903556,4903556,28.09303,-88.15602,2025-08-06T19:50:49Z,20250806,2025,830,0.56,99.88,16.5,True,True,True,https://noaa-nws-rtofs-pds.s3.amazonaws.com/rtofs.20250806/rtofs_glo_3dz_f006_6hrly_hvr_US_east.nc
ARGO_GDAC,pfl,aoml/4903556/profiles/R4903556_159.nc|2025-08-11T20:22:49Z|28.22669|-88.16081,aoml/4903556/profiles/R4903556_159.nc,4903556,4903556,28.22669,-88.16081,2025-08-11T20:22:49Z,20250811,2025,1008,1.0,2005.44,24.2909,True,True,True,https://noaa-nws-rtofs-pds.s3.amazonaws.com/rtofs.20250811/rtofs_glo_3dz_f006_6hrly_hvr_US_east.nc
ARGO_GDAC,pfl,aoml/4903556/profiles/R4903556_159.nc|2025-08-11T20:22:49Z|28.22669|-88.16081,aoml/4903556/profiles/R4903556_159.nc,4903556,4903556,28.22669,-88.16081,2025-08-11T20:22:49Z,20250811,2025,845,0.6,99.88,23.9905,True,True,True,https://noaa-nws-rtofs-pds.s3.amazonaws.com/rtofs.20250811/rtofs_glo_3dz_f006_6hrly_hvr_US_east.nc
ARGO_GDAC,pfl,aoml/4903556/profiles/R4903556_160.nc|2025-08-16T21:00:55Z|28.17143|-88.29223,aoml/4903556/profiles/R4903556_160.nc,4903556,4903556,28.17143,-88.29223,2025-08-16T21:00:55Z,20250816,2025,1012,1.12,2013.12,13.3485,True,True,True,https://noaa-nws-rtofs-pds.s3.amazonaws.com/rtofs.20250816/rtofs_glo_3dz_f006_6hrly_hvr_US_east.nc
ARGO_GDAC,pfl,aoml/4903556/profiles/R4903556_160.nc|2025-08-16T21:00:55Z|28.17143|-88.29223,aoml/4903556/profiles/R4903556_160.nc,4903556,4903556,28.17143,-88.29223,2025-08-16T21:00:55Z,20250816,2025,834,0.76,99.92,13.4,True,True,True,https://noaa-nws-rtofs-pds.s3.amazonaws.com/rtofs.20250816/rtofs_glo_3dz_f006_6hrly_hvr_US_east.nc
ARGO_GDAC,pfl,aoml/4903556/profiles/R4903556_161.nc|2025-08-21T22:32:02Z|28.15087|-88.45930,aoml/4903556/profiles/R4903556_161.nc,4903556,4903556,28.15087,-88.4593,2025-08-21T22:32:02Z,20250821,2025,990,1.12,1969.32,13.9194,True,True,True,https://noaa-nws-rtofs-pds.s3.amazonaws.com/rtofs.20250821/rtofs_glo_3dz_f006_6hrly_hvr_US_east.nc
ARGO_GDAC,pfl,aoml/4903556/profiles/R4903556_161.nc|2025-08-21T22:32:02Z|28.15087|-88.45930,aoml/4903556/profiles/R4903556_161.nc,4903556,4903556,28.15087,-88.4593,2025-08-21T22:32:02Z,20250821,2025,824,0.92,99.92,14.072,True,True,True,https://noaa-nws-rtofs-pds.s3.amazonaws.com/rtofs.20250821/rtofs_glo_3dz_f006_6hrly_hvr_US_east.nc
ARGO_GDAC,pfl,aoml/4903556/profiles/R4903556_162.nc|2025-08-26T23:18:00Z|28.12168|-88.24889,aoml/4903556/profiles/R4903556_162.nc,4903556,4903556,28.12168,-88.24889,2025-08-26T23:18:00Z,20250826,2025,1006,5.16,2009.32,16.6903,True,True,True,https://noaa-nws-rtofs-pds.s3.amazonaws.com/rtofs.20250826/rtofs_glo_3dz_f006_6hrly_hvr_US_east.nc
ARGO_GDAC,pfl,aoml/4903556/profiles/R4903556_162.nc|2025-08-26T23:18:00Z|28.12168|-88.24889,aoml/4903556/profiles/R4903556_162.nc,4903556,4903556,28.12168,-88.24889,2025-08-26T23:18:00Z,20250826,2025,875,5.0,99.88,17.0533,True,True,True,https://noaa-nws-rtofs-pds.s3.amazonaws.com/rtofs.20250826/rtofs_glo_3dz_f006_6hrly_hvr_US_east.nc
ARGO_GDAC,pfl,aoml/4903556/profiles/R4903556_163.nc|2025-09-01T00:00:39Z|28.09834|-88.37549,aoml/4903556/profiles/R4903556_163.nc,4903556,4903556,28.09834,-88.37549,2025-09-01T00:00:39Z,20250901,2025,1013,1.04,2016.04,12.9132,True,True,True,https://noaa-nws-rtofs-pds.s3.amazonaws.com/rtofs.20250901/rtofs_glo_3dz_f006_6hrly_hvr_US_east.nc
ARGO_GDAC,pfl,aoml/4903556/profiles/R4903556_163.nc|2025-09-01T00:00:39Z|28.09834|-88.37549,aoml/4903556/profiles/R4903556_163.nc,4903556,4903556,28.09834,-88.37549,2025-09-01T00:00:39Z,20250901,2025,875,0.64,100.0,12.5024,True,True,True,https://noaa-nws-rtofs-pds.s3.amazonaws.com/rtofs.20250901/rtofs_glo_3dz_f006_6hrly_hvr_US_east.nc
ARGO_GDAC,pfl,aoml/4903556/profiles/R4903556_164.nc|2025-09-06T00:35:45Z|28.00259|-88.29815,aoml/4903556/profiles/R4903556_164.nc,4903556,4903556,28.00259,-88.29815,2025-09-06T00:35:45Z,20250906,2025,1007,1.08,2003.52,17.1665,True,True,True,https://noaa-nws-rtofs-pds.s3.amazonaws.com/rtofs.20250906/rtofs_glo_3dz_f006_6hrly_hvr_US_east.nc
ARGO_GDAC,pfl,aoml/4903556/profiles/R4903556_164.nc|2025-09-06T00:35:45Z|28.00259|-88.29815,aoml/4903556/profiles/R4903556_164.nc,4903556,4903556,28.00259,-88.29815,2025-09-06T00:35:45Z,20250906,2025,889,0.76,99.92,17.2625,True,True,True,https://noaa-nws-rtofs-pds.s3.amazonaws.com/rtofs.20250906/rtofs_glo_3dz_f006_6hrly_hvr_US_east.nc
ARGO_GDAC,pfl,aoml/4903556/profiles/R4903556_165.nc|2025-09-11T01:24:51Z|28.04132|-88.33096,aoml/4903556/profiles/R4903556_165.nc,4903556,4903556,28.04132,-88.33096,2025-09-11T01:24:51Z,20250911,2025,1012,1.24,2013.36,11.0416,True,True,True,https://noaa-nws-rtofs-pds.s3.amazonaws.com/rtofs.20250911/rtofs_glo_3dz_f006_6hrly_hvr_US_east.nc
ARGO_GDAC,pfl,aoml/4903556/profiles/R4903556_165.nc|2025-09-11T01:24:51Z|28.04132|-88.33096,aoml/4903556/profiles/R4903556_165.nc,4903556,4903556,28.04132,-88.33096,2025-09-11T01:24:51Z,20250911,2025,876,1.0,99.96,11.1566,True,True,True,https://noaa-nws-rtofs-pds.s3.amazonaws.com/rtofs.20250911/rtofs_glo_3dz_f006_6hrly_hvr_US_east.nc
ARGO_GDAC,pfl,aoml/4903556/profiles/R4903556_166.nc|2025-09-16T02:53:34Z|28.01929|-88.61383,aoml/4903556/profiles/R4903556_166.nc,4903556,4903556,28.01929,-88.61383,2025-09-16T02:53:34Z,20250916,2025,983,1.04,1955.52,18.6754,True,True,True,https://noaa-nws-rtofs-pds.s3.amazonaws.com/rtofs.20250916/rtofs_glo_3dz_f006_6hrly_hvr_US_east.nc
ARGO_GDAC,pfl,aoml/4903556/profiles/R4903556_166.nc|2025-09-16T02:53:34Z|28.01929|-88.61383,aoml/4903556/profiles/R4903556_166.nc,4903556,4903556,28.01929,-88.61383,2025-09-16T02:53:34Z,20250916,2025,883,0.72,99.88,19.16,True,True,True,https://noaa-nws-rtofs-pds.s3.amazonaws.com/rtofs.20250916/rtofs_glo_3dz_f006_6hrly_hvr_US_east.nc
ARGO_GDAC,pfl,aoml/4903556/profiles/R4903556_167.nc|2025-09-21T03:35:34Z|28.00791|-88.57085,aoml/4903556/profiles/R4903556_167.nc,4903556,4903556,28.00791,-88.57085,2025-09-21T03:35:34Z,20250921,2025,1008,1.12,2005.88,12.2414,True,True,True,https://noaa-nws-rtofs-pds.s3.amazonaws.com/rtofs.20250921/rtofs_glo_3dz_f006_6hrly_hvr_US_east.nc
ARGO_GDAC,pfl,aoml/4903556/profiles/R4903556_167.nc|2025-09-21T03:35:34Z|28.00791|-88.57085,aoml/4903556/profiles/R4903556_167.nc,4903556,4903556,28.00791,-88.57085,2025-09-21T03:35:34Z,20250921,2025,798,0.84,99.88,12.74,True,True,True,https://noaa-nws-rtofs-pds.s3.amazonaws.com/rtofs.20250921/rtofs_glo_3dz_f006_6hrly_hvr_US_east.nc
ARGO_GDAC,pfl,aoml/4903556/profiles/R4903556_168.nc|2025-09-26T04:50:20Z|28.02140|-88.63194,aoml/4903556/profiles/R4903556_168.nc,4903556,4903556,28.0214,-88.63194,2025-09-26T04:50:20Z,20250926,2025,959,1.08,1907.8,40.8971,True,True,True,https://noaa-nws-rtofs-pds.s3.amazonaws.com/rtofs.20250926/rtofs_glo_3dz_f006_6hrly_hvr_US_east.nc
ARGO_GDAC,pfl,aoml/4903556/profiles/R4903556_168.nc|2025-09-26T04:50:20Z|28.02140|-88.63194,aoml/4903556/profiles/R4903556_168.nc,4903556,4903556,28.0214,-88.63194,2025-09-26T04:50:20Z,20250926,2025,793,0.8,99.96,41.625,True,True,True,https://noaa-nws-rtofs-pds.s3.amazonaws.com/rtofs.20250926/rtofs_glo_3dz_f006_6hrly_hvr_US_east.nc
ARGO_GDAC,pfl,aoml/4903556/profiles/R4903556_169.nc|2025-10-01T06:15:18Z|27.90104|-88.69081,aoml/4903556/profiles/R4903556_169.nc,4903556,4903556,27.90104,-88.69081,2025-10-01T06:15:18Z,20251001,2025,969,1.0,1927.4,15.4735,True,True,True,https://noaa-nws-rtofs-pds.s3.amazonaws.com/rtofs.20251001/rtofs_glo_3dz_f006_6hrly_hvr_US_east.nc
ARGO_GDAC,pfl,aoml/4903556/profiles/R4903556_169.nc|2025-10-01T06:15:18Z|27.90104|-88.69081,aoml/4903556/profiles/R4903556_169.nc,4903556,4903556,27.90104,-88.69081,2025-10-01T06:15:18Z,20251001,2025,824,0.56,99.92,15.3405,True,True,True,https://noaa-nws-rtofs-pds.s3.amazonaws.com/rtofs.20251001/rtofs_glo_3dz_f006_6hrly_hvr_US_east.nc
ARGO_GDAC,pfl,aoml/4903556/profiles/R4903556_170.nc|2025-10-06T07:20:42Z|27.75233|-88.66916,aoml/4903556/profiles/R4903556_170.nc,4903556,4903556,27.75233,-88.66916,2025-10-06T07:20:42Z,20251006,2025,886,1.0,1761.28,30.6197,True,True,True,https://noaa-nws-rtofs-pds.s3.amazonaws.com/rtofs.20251006/rtofs_glo_3dz_f006_6hrly_hvr_US_east.nc
ARGO_GDAC,pfl,aoml/4903556/profiles/R4903556_170.nc|2025-10-06T07:20:42Z|27.75233|-88.66916,aoml/4903556/profiles/R4903556_170.nc,4903556,4903556,27.75233,-88.66916,2025-10-06T07:20:42Z,20251006,2025,849,0.56,99.88,30.4383,True,True,True,https://noaa-nws-rtofs-pds.s3.amazonaws.com/rtofs.20251006/rtofs_glo_3dz_f006_6hrly_hvr_US_east.nc
ARGO_GDAC,pfl,aoml/4903556/profiles/R4903556_171.nc|2025-10-11T08:35:37Z|27.73885|-88.62126,aoml/4903556/profiles/R4903556_171.nc,4903556,4903556,27.73885,-88.62126,2025-10-11T08:35:37Z,20251011,2025,931,1.0,1851.96,39.1444,True,True,True,https://noaa-nws-rtofs-pds.s3.amazonaws.com/rtofs.20251011/rtofs_glo_3dz_f006_6hrly_hvr_US_east.nc
ARGO_GDAC,pfl,aoml/4903556/profiles/R4903556_171.nc|2025-10-11T08:35:37Z|27.73885|-88.62126,aoml/4903556/profiles/R4903556_171.nc,4903556,4903556,27.73885,-88.62126,2025-10-11T08:35:37Z,20251011,2025,864,0.6,99.88,39.0614,True,True,True,https://noaa-nws-rtofs-pds.s3.amazonaws.com/rtofs.20251011/rtofs_glo_3dz_f006_6hrly_hvr_US_east.nc
ARGO_GDAC,pfl,aoml/4903556/profiles/R4903556_172.nc|2025-10-16T10:00:32Z|27.83744|-88.65273,aoml/4903556/profiles/R4903556_172.nc,4903556,4903556,27.83744,-88.65273,2025-10-16T10:00:32Z,20251016,2025,999,0.48,1985.36,37.159,True,True,True,https://noaa-nws-rtofs-pds.s3.amazonaws.com/rtofs.20251016/rtofs_glo_3dz_f006_6hrly_hvr_US_east.nc
ARGO_GDAC,pfl,aoml/4903556/profiles/R4903556_172.nc|2025-10-16T10:00:32Z|27.83744|-88.65273,aoml/4903556/profiles/R4903556_172.nc,4903556,4903556,27.83744,-88.65273,2025-10-16T10:00:32Z,20251016,2025,802,0.48,99.88,38.0604,True,True,True,https://noaa-nws-rtofs-pds.s3.amazonaws.com/rtofs.20251016/rtofs_glo_3dz_f006_6hrly_hvr_US_east.nc
ARGO_GDAC,pfl,aoml/4903556/profiles/R4903556_173.nc|2025-10-21T11:03:37Z|27.65577|-88.67025,aoml/4903556/profiles/R4903556_173.nc,4903556,4903556,27.65577,-88.67025,2025-10-21T11:03:37Z,20251021,2025,893,0.96,1775.56,46.2319,True,True,True,https://noaa-nws-rtofs-pds.s3.amazonaws.com/rtofs.20251021/rtofs_glo_3dz_f006_6hrly_hvr_US_east.nc
ARGO_GDAC,pfl,aoml/4903556/profiles/R4903556_173.nc|2025-10-21T11:03:37Z|27.65577|-88.67025,aoml/4903556/profiles/R4903556_173.nc,4903556,4903556,27.65577,-88.67025,2025-10-21T11:03:37Z,20251021,2025,789,0.56,99.92,46.4271,True,True,True,https://noaa-nws-rtofs-pds.s3.amazonaws.com/rtofs.20251021/rtofs_glo_3dz_f006_6hrly_hvr_US_east.nc
ARGO_GDAC,pfl,aoml/4903556/profiles/R4903556_174.nc|2025-10-26T12:17:42Z|27.58605|-88.63659,aoml/4903556/profiles/R4903556_174.nc,4903556,4903556,27.58605,-88.63659,2025-10-26T12:17:42Z,20251026,2025,931,1.0,1851.56,43.0,True,True,True,https://noaa-nws-rtofs-pds.s3.amazonaws.com/rtofs.20251026/rtofs_glo_3dz_f006_6hrly_hvr_US_east.nc
ARGO_GDAC,pfl,aoml/4903556/profiles/R4903556_174.nc|2025-10-26T12:17:42Z|27.58605|-88.63659,aoml/4903556/profiles/R4903556_174.nc,4903556,4903556,27.58605,-88.63659,2025-10-26T12:17:42Z,20251026,2025,925,0.6,99.96,43.6121,True,True,True,https://noaa-nws-rtofs-pds.s3.amazonaws.com/rtofs.20251026/rtofs_glo_3dz_f006_6hrly_hvr_US_east.nc
ARGO_GDAC,pfl,aoml/4903556/profiles/R4903556_175.nc|2025-10-31T13:01:58Z|27.48411|-88.75456,aoml/4903556/profiles/R4903556_175.nc,4903556,4903556,27.48411,-88.75456,2025-10-31T13:01:58Z,20251031,2025,1012,0.44,2011.88,47.3799,True,True,True,https://noaa-nws-rtofs-pds.s3.amazonaws.com/rtofs.20251031/rtofs_glo_3dz_f006_6hrly_hvr_US_east.nc
ARGO_GDAC,pfl,aoml/4903556/profiles/R4903556_175.nc|2025-10-31T13:01:58Z|27.48411|-88.75456,aoml/4903556/profiles/R4903556_175.nc,4903556,4903556,27.48411,-88.75456,2025-10-31T13:01:58Z,20251031,2025,762,0.44,99.92,47.8232,True,True,True,https://noaa-nws-rtofs-pds.s3.amazonaws.com/rtofs.20251031/rtofs_glo_3dz_f006_6hrly_hvr_US_east.nc
ARGO_GDAC,pfl,aoml/4903556/profiles/R4903556_176.nc|2025-11-05T13:38:59Z|27.43373|-88.77378,aoml/4903556/profiles/R4903556_176.nc,4903556,4903556,27.43373,-88.77378,2025-11-05T13:38:59Z,20251105,2025,1012,1.08,2013.52,35.0882,True,True,True,https://noaa-nws-rtofs-pds.s3.amazonaws.com/rtofs.20251105/rtofs_glo_3dz_f006_6hrly_hvr_US_east.nc
ARGO_GDAC,pfl,aoml/4903556/profiles/R4903556_176.nc|2025-11-05T13:38:59Z|27.43373|-88.77378,aoml/4903556/profiles/R4903556_176.nc,4903556,4903556,27.43373,-88.77378,2025-11-05T13:38:59Z,20251105,2025,775,0.68,99.96,34.8001,True,True,True,https://noaa-nws-rtofs-pds.s3.amazonaws.com/rtofs.20251105/rtofs_glo_3dz_f006_6hrly_hvr_US_east.nc
ARGO_GDAC,pfl,aoml/4903556/profiles/R4903556_177.nc|2025-11-10T14:23:45Z|27.47337|-88.74418,aoml/4903556/profiles/R4903556_177.nc,4903556,4903556,27.47337,-88.74418,2025-11-10T14:23:45Z,20251110,2025,1012,1.04,2013.84,49.3385,True,True,True,https://noaa-nws-rtofs-pds.s3.amazonaws.com/rtofs.20251110/rtofs_glo_3dz_f006_6hrly_hvr_US_east.nc
ARGO_GDAC,pfl,aoml/4903556/profiles/R4903556_177.nc|2025-11-10T14:23:45Z|27.47337|-88.74418,aoml/4903556/profiles/R4903556_177.nc,4903556,4903556,27.47337,-88.74418,2025-11-10T14:23:45Z,20251110,2025,813,0.6,99.96,49.4567,True,True,True,https://noaa-nws-rtofs-pds.s3.amazonaws.com/rtofs.20251110/rtofs_glo_3dz_f006_6hrly_hvr_US_east.nc
ARGO_GDAC,pfl,aoml/4903556/profiles/R4903556_178.nc|2025-11-15T14:58:04Z|27.47858|-88.64295,aoml/4903556/profiles/R4903556_178.nc,4903556,4903556,27.47858,-88.64295,2025-11-15T14:58:04Z,20251115,2025,1007,0.4,2001.48,46.9803,True,True,True,https://noaa-nws-rtofs-pds.s3.amazonaws.com/rtofs.20251115/rtofs_glo_3dz_f006_6hrly_hvr_US_east.nc
ARGO_GDAC,pfl,aoml/4903556/profiles/R4903556_178.nc|2025-11-15T14:58:04Z|27.47858|-88.64295,aoml/4903556/profiles/R4903556_178.nc,4903556,4903556,27.47858,-88.64295,2025-11-15T14:58:04Z,20251115,2025,791,0.4,100.0,47.5284,True,True,True,https://noaa-nws-rtofs-pds.s3.amazonaws.com/rtofs.20251115/rtofs_glo_3dz_f006_6hrly_hvr_US_east.nc
ARGO_GDAC,pfl,aoml/4903556/profiles/R4903556_179.nc|2025-11-20T16:30:46Z|27.49088|-88.68598,aoml/4903556/profiles/R4903556_179.nc,4903556,4903556,27.49088,-88.68598,2025-11-20T16:30:46Z,20251120,2025,999,1.08,1987.12,16.2923,True,True,True,https://noaa-nws-rtofs-pds.s3.amazonaws.com/rtofs.20251120/rtofs_glo_3dz_f006_6hrly_hvr_US_east.nc
ARGO_GDAC,pfl,aoml/4903556/profiles/R4903556_179.nc|2025-11-20T16:30:46Z|27.49088|-88.68598,aoml/4903556/profiles/R4903556_179.nc,4903556,4903556,27.49088,-88.68598,2025-11-20T16:30:46Z,20251120,2025,861,0.76,99.92,16.376,True,True,True,https://noaa-nws-rtofs-pds.s3.amazonaws.com/rtofs.20251120/rtofs_glo_3dz_f006_6hrly_hvr_US_east.nc
ARGO_GDAC,pfl,aoml/4903556/profiles/R4903556_180.nc|2025-11-25T17:14:28Z|27.39245|-88.80273,aoml/4903556/profiles/R4903556_180.nc,4903556,4903556,27.39245,-88.80273,2025-11-25T17:14:28Z,20251125,2025,1011,0.92,2011.36,58.928,True,True,True,https://noaa-nws-rtofs-pds.s3.amazonaws.com/rtofs.20251125/rtofs_glo_3dz_f006_6hrly_hvr_US_east.nc
ARGO_GDAC,pfl,aoml/4903556/profiles/R4903556_180.nc|2025-11-25T17:14:28Z|27.39245|-88.80273,aoml/4903556/profiles/R4903556_180.nc,4903556,4903556,27.39245,-88.80273,2025-11-25T17:14:28Z,20251125,2025,818,0.52,99.96,29.6526,True,True,True,https://noaa-nws-rtofs-pds.s3.amazonaws.com/rtofs.20251125/rtofs_glo_3dz_f006_6hrly_hvr_US_east.nc
ARGO_GDAC,pfl,aoml/4903556/profiles/R4903556_181.nc|2025-11-30T17:57:00Z|27.28271|-88.91383,aoml/4903556/profiles/R4903556_181.nc,4903556,4903556,27.28271,-88.91383,2025-11-30T17:57:00Z,20251130,2025,1013,1.04,2015.6,63.3874,True,True,True,https://noaa-nws-rtofs-pds.s3.amazonaws.com/rtofs.20251130/rtofs_glo_3dz_f006_6hrly_hvr_US_east.nc
ARGO_GDAC,pfl,aoml/4903556/profiles/R4903556_181.nc|2025-11-30T17:57:00Z|27.28271|-88.91383,aoml/4903556/profiles/R4903556_181.nc,4903556,4903556,27.28271,-88.91383,2025-11-30T17:57:00Z,20251130,2025,807,0.56,99.88,63.3342,True,True,True,https://noaa-nws-rtofs-pds.s3.amazonaws.com/rtofs.20251130/rtofs_glo_3dz_f006_6hrly_hvr_US_east.nc
ARGO_GDAC,pfl,aoml/4903556/profiles/R4903556_182.nc|2025-12-05T19:04:53Z|27.48614|-89.33196,aoml/4903556/profiles/R4903556_182.nc,4903556,4903556,27.48614,-89.33196,2025-12-05T19:04:53Z,20251205,2025,911,1.12,1811.96,72.3891,True,True,True,https://noaa-nws-rtofs-pds.s3.amazonaws.com/rtofs.20251205/rtofs_glo_3dz_f006_6hrly_hvr_US_east.nc
ARGO_GDAC,pfl,aoml/4903556/profiles/R4903556_182.nc|2025-12-05T19:04:53Z|27.48614|-89.33196,aoml/4903556/profiles/R4903556_182.nc,4903556,4903556,27.48614,-89.33196,2025-12-05T19:04:53Z,20251205,2025,832,0.8,99.96,73.4919,True,True,True,https://noaa-nws-rtofs-pds.s3.amazonaws.com/rtofs.20251205/rtofs_glo_3dz_f006_6hrly_hvr_US_east.nc
ARGO_GDAC,pfl,aoml/4903556/profiles/R4903556_183.nc|2025-12-10T19:55:43Z|27.39206|-89.76943,aoml/4903556/profiles/R4903556_183.nc,4903556,4903556,27.39206,-89.76943,2025-12-10T19:55:43Z,20251210,2025,799,1.04,1587.16,19.3463,True,True,True,https://noaa-nws-rtofs-pds.s3.amazonaws.com/rtofs.20251210/rtofs_glo_3dz_f006_6hrly_hvr_US_east.nc
ARGO_GDAC,pfl,aoml/4903556/profiles/R4903556_183.nc|2025-12-10T19:55:43Z|27.39206|-89.76943,aoml/4903556/profiles/R4903556_183.nc,4903556,4903556,27.39206,-89.76943,2025-12-10T19:55:43Z,20251210,2025,829,0.68,99.96,21.0799,True,True,True,https://noaa-nws-rtofs-pds.s3.amazonaws.com/rtofs.20251210/rtofs_glo_3dz_f006_6hrly_hvr_US_east.nc
ARGO_GDAC,pfl,aoml/4903556/profiles/R4903556_184.nc|2025-12-15T21:08:21Z|27.36231|-89.84537,aoml/4903556/profiles/R4903556_184.nc,4903556,4903556,27.36231,-89.84537,2025-12-15T21:08:21Z,20251215,2025,928,1.0,1846.0,49.1528,True,True,True,https://noaa-nws-rtofs-pds.s3.amazonaws.com/rtofs.20251215/rtofs_glo_3dz_f006_6hrly_hvr_US_east.nc
ARGO_GDAC,pfl,aoml/4903556/profiles/R4903556_184.nc|2025-12-15T21:08:21Z|27.36231|-89.84537,aoml/4903556/profiles/R4903556_184.nc,4903556,4903556,27.36231,-89.84537,2025-12-15T21:08:21Z,20251215,2025,768,0.56,99.92,49.2291,True,True,True,https://noaa-nws-rtofs-pds.s3.amazonaws.com/rtofs.20251215/rtofs_glo_3dz_f006_6hrly_hvr_US_east.nc
ARGO_GDAC,pfl,aoml/4903556/profiles/R4903556_185.nc|2025-12-20T21:49:50Z|27.23017|-89.82134,aoml/4903556/profiles/R4903556_185.nc,4903556,4903556,27.23017,-89.82134,2025-12-20T21:49:50Z,20251220,2025,1011,1.0,2011.36,28.3952,True,True,True,https://noaa-nws-rtofs-pds.s3.amazonaws.com/rtofs.20251220/rtofs_glo_3dz_f006_6hrly_hvr_US_east.nc
ARGO_GDAC,pfl,aoml/4903556/profiles/R4903556_185.nc|2025-12-20T21:49:50Z|27.23017|-89.82134,aoml/4903556/profiles/R4903556_185.nc,4903556,4903556,27.23017,-89.82134,2025-12-20T21:49:50Z,20251220,2025,779,0.52,99.88,28.6,True,True,True,https://noaa-nws-rtofs-pds.s3.amazonaws.com/rtofs.20251220/rtofs_glo_3dz_f006_6hrly_hvr_US_east.nc
ARGO_GDAC,pfl,aoml/4903556/profiles/R4903556_186.nc|2025-12-25T22:31:41Z|27.07720|-90.14551,aoml/4903556/profiles/R4903556_186.nc,4903556,4903556,27.0772,-90.14551,2025-12-25T22:31:41Z,20251225,2025,1011,1.0,2011.08,78.9913,True,True,True,https://noaa-nws-rtofs-pds.s3.amazonaws.com/rtofs.20251225/rtofs_glo_3dz_f006_6hrly_hvr_US_east.nc
ARGO_GDAC,pfl,aoml/4903556/profiles/R4903556_186.nc|2025-12-25T22:31:41Z|27.07720|-90.14551,aoml/4903556/profiles/R4903556_186.nc,4903556,4903556,27.0772,-90.14551,2025-12-25T22:31:41Z,20251225,2025,786,0.6,99.88,79.6933,True,True,True,https://noaa-nws-rtofs-pds.s3.amazonaws.com/rtofs.20251225/rtofs_glo_3dz_f006_6hrly_hvr_US_east.nc
ARGO_GDAC,pfl,aoml/4903556/profiles/R4903556_187.nc|2025-12-30T23:07:10Z|27.16331|-90.01382,aoml/4903556/profiles/R4903556_187.nc,4903556,4903556,27.16331,-90.01382,2025-12-30T23:07:10Z,20251230,2025,1008,1.0,2005.28,57.3858,True,True,True,https://noaa-nws-rtofs-pds.s3.amazonaws.com/rtofs.20251230/rtofs_glo_3dz_f006_6hrly_hvr_US_east.nc
ARGO_GDAC,pfl,aoml/4903556/profiles/R4903556_187.nc|2025-12-30T23:07:10Z|27.16331|-90.01382,aoml/4903556/profiles/R4903556_187.nc,4903556,4903556,27.16331,-90.01382,2025-12-30T23:07:10Z,20251230,2025,687,0.56,99.92,57.8487,True,True,True,https://noaa-nws-rtofs-pds.s3.amazonaws.com/rtofs.20251230/rtofs_glo_3dz_f006_6hrly_hvr_US_east.nc
ARGO_GDAC,pfl,aoml/4903557/profiles/D4903557_042.nc|2024-01-01T04:55:47Z|25.76059|-87.52687,aoml/4903557/profiles/D4903557_042.nc,4903557,4903557,25.76059,-87.52687,2024-01-01T04:55:47Z,20240101,2024,1011,1.0,2011.96,50.3209,True,True,False,
ARGO_GDAC,pfl,aoml/4903557/profiles/D4903557_042.nc|2024-01-01T04:55:47Z|25.76059|-87.52687,aoml/4903557/profiles/D4903557_042.nc,4903557,4903557,25.76059,-87.52687,2024-01-01T04:55:47Z,20240101,2024,804,0.52,99.88,49.96,True,True,False,
ARGO_GDAC,pfl,aoml/4903557/profiles/D4903557_043.nc|2024-01-06T05:42:20Z|25.96752|-87.34602,aoml/4903557/profiles/D4903557_043.nc,4903557,4903557,25.96752,-87.34602,2024-01-06T05:42:20Z,20240106,2024,1012,0.48,2011.56,84.5324,True,True,False,
ARGO_GDAC,pfl,aoml/4903557/profiles/D4903557_043.nc|2024-01-06T05:42:20Z|25.96752|-87.34602,aoml/4903557/profiles/D4903557_043.nc,4903557,4903557,25.96752,-87.34602,2024-01-06T05:42:20Z,20240106,2024,736,0.48,99.92,84.664,True,True,False,
ARGO_GDAC,pfl,aoml/4903557/profiles/D4903557_044.nc|2024-01-11T06:21:49Z|25.79452|-87.14093,aoml/4903557/profiles/D4903557_044.nc,4903557,4903557,25.79452,-87.14093,2024-01-11T06:21:49Z,20240111,2024,1014,1.0,2018.12,79.4677,True,True,False,
ARGO_GDAC,pfl,aoml/4903557/profiles/D4903557_044.nc|2024-01-11T06:21:49Z|25.79452|-87.14093,aoml/4903557/profiles/D4903557_044.nc,4903557,4903557,25.79452,-87.14093,2024-01-11T06:21:49Z,20240111,2024,655,0.56,99.96,79.4543,True,True,False,
ARGO_GDAC,pfl,aoml/4903557/profiles/D4903557_045.nc|2024-01-16T07:01:20Z|25.57979|-87.06988,aoml/4903557/profiles/D4903557_045.nc,4903557,4903557,25.57979,-87.06988,2024-01-16T07:01:20Z,20240116,2024,1007,1.0,2003.32,57.6243,True,True,False,
ARGO_GDAC,pfl,aoml/4903557/profiles/D4903557_045.nc|2024-01-16T07:01:20Z|25.57979|-87.06988,aoml/4903557/profiles/D4903557_045.nc,4903557,4903557,25.57979,-87.06988,2024-01-16T07:01:20Z,20240116,2024,650,0.6,100.0,57.24,True,True,False,
ARGO_GDAC,pfl,aoml/4903557/profiles/D4903557_046.nc|2024-01-21T07:46:43Z|25.41570|-87.02347,aoml/4903557/profiles/D4903557_046.nc,4903557,4903557,25.4157,-87.02347,2024-01-21T07:46:43Z,20240121,2024,1014,1.0,2017.2,87.54,True,True,False,
ARGO_GDAC,pfl,aoml/4903557/profiles/D4903557_046.nc|2024-01-21T07:46:43Z|25.41570|-87.02347,aoml/4903557/profiles/D4903557_046.nc,4903557,4903557,25.4157,-87.02347,2024-01-21T07:46:43Z,20240121,2024,634,0.52,99.96,87.536,True,True,False,
ARGO_GDAC,pfl,aoml/4903557/profiles/D4903557_047.nc|2024-01-26T08:28:20Z|25.28635|-86.89981,aoml/4903557/profiles/D4903557_047.nc,4903557,4903557,25.28635,-86.89981,2024-01-26T08:28:20Z,20240126,2024,1012,1.0,2013.44,145.8459,True,False,False,
ARGO_GDAC,pfl,aoml/4903557/profiles/D4903557_047.nc|2024-01-26T08:28:20Z|25.28635|-86.89981,aoml/4903557/profiles/D4903557_047.nc,4903557,4903557,25.28635,-86.89981,2024-01-26T08:28:20Z,20240126,2024,604,0.52,99.92,,False,False,False,
ARGO_GDAC,pfl,aoml/4903557/profiles/D4903557_048.nc|2024-01-31T09:10:02Z|25.18489|-86.84067,aoml/4903557/profiles/D4903557_048.nc,4903557,4903557,25.18489,-86.84067,2024-01-31T09:10:02Z,20240131,2024,1012,0.48,2011.24,122.7114,True,False,True,https://noaa-nws-rtofs-pds.s3.amazonaws.com/rtofs.20240131/rtofs_glo_3dz_f006_6hrly_hvr_US_east.nc
ARGO_GDAC,pfl,aoml/4903557/profiles/D4903557_048.nc|2024-01-31T09:10:02Z|25.18489|-86.84067,aoml/4903557/profiles/D4903557_048.nc,4903557,4903557,25.18489,-86.84067,2024-01-31T09:10:02Z,20240131,2024,614,0.48,99.8,,False,False,True,https://noaa-nws-rtofs-pds.s3.amazonaws.com/rtofs.20240131/rtofs_glo_3dz_f006_6hrly_hvr_US_east.nc
ARGO_GDAC,pfl,aoml/4903557/profiles/D4903557_049.nc|2024-02-05T09:52:38Z|25.05657|-86.86078,aoml/4903557/profiles/D4903557_049.nc,4903557,4903557,25.05657,-86.86078,2024-02-05T09:52:38Z,20240205,2024,1012,0.96,2013.56,147.3591,True,False,True,https://noaa-nws-rtofs-pds.s3.amazonaws.com/rtofs.20240205/rtofs_glo_3dz_f006_6hrly_hvr_US_east.nc
ARGO_GDAC,pfl,aoml/4903557/profiles/D4903557_049.nc|2024-02-05T09:52:38Z|25.05657|-86.86078,aoml/4903557/profiles/D4903557_049.nc,4903557,4903557,25.05657,-86.86078,2024-02-05T09:52:38Z,20240205,2024,619,0.6,100.0,,False,False,True,https://noaa-nws-rtofs-pds.s3.amazonaws.com/rtofs.20240205/rtofs_glo_3dz_f006_6hrly_hvr_US_east.nc
ARGO_GDAC,pfl,aoml/4903557/profiles/D4903557_050.nc|2024-02-10T10:24:32Z|25.02723|-86.71786,aoml/4903557/profiles/D4903557_050.nc,4903557,4903557,25.02723,-86.71786,2024-02-10T10:24:32Z,20240210,2024,1009,1.08,2007.04,162.4451,True,False,True,https://noaa-nws-rtofs-pds.s3.amazonaws.com/rtofs.20240210/rtofs_glo_3dz_f006_6hrly_hvr_US_east.nc
ARGO_GDAC,pfl,aoml/4903557/profiles/D4903557_050.nc|2024-02-10T10:24:32Z|25.02723|-86.71786,aoml/4903557/profiles/D4903557_050.nc,4903557,4903557,25.02723,-86.71786,2024-02-10T10:24:32Z,20240210,2024,573,0.64,99.84,,False,False,True,https://noaa-nws-rtofs-pds.s3.amazonaws.com/rtofs.20240210/rtofs_glo_3dz_f006_6hrly_hvr_US_east.nc
ARGO_GDAC,pfl,aoml/4903557/profiles/D4903557_051.nc|2024-02-15T11:01:18Z|25.09541|-86.39441,aoml/4903557/profiles/D4903557_051.nc,4903557,4903557,25.09541,-86.39441,2024-02-15T11:01:18Z,20240215,2024,1009,0.44,2005.76,128.0406,True,False,True,https://noaa-nws-rtofs-pds.s3.amazonaws.com/rtofs.20240215/rtofs_glo_3dz_f006_6hrly_hvr_US_east.nc
ARGO_GDAC,pfl,aoml/4903557/profiles/D4903557_051.nc|2024-02-15T11:01:18Z|25.09541|-86.39441,aoml/4903557/profiles/D4903557_051.nc,4903557,4903557,25.09541,-86.39441,2024-02-15T11:01:18Z,20240215,2024,714,0.44,99.92,,False,False,True,https://noaa-nws-rtofs-pds.s3.amazonaws.com/rtofs.20240215/rtofs_glo_3dz_f006_6hrly_hvr_US_east.nc
ARGO_GDAC,pfl,aoml/4903557/profiles/D4903557_052.nc|2024-02-20T11:33:01Z|25.27225|-86.02977,aoml/4903557/profiles/D4903557_052.nc,4903557,4903557,25.27225,-86.02977,2024-02-20T11:33:01Z,20240220,2024,1008,0.96,2005.88,17.923,True,True,True,https://noaa-nws-rtofs-pds.s3.amazonaws.com/rtofs.20240220/rtofs_glo_3dz_f006_6hrly_hvr_US_east.nc
ARGO_GDAC,pfl,aoml/4903557/profiles/D4903557_052.nc|2024-02-20T11:33:01Z|25.27225|-86.02977,aoml/4903557/profiles/D4903557_052.nc,4903557,4903557,25.27225,-86.02977,2024-02-20T11:33:01Z,20240220,2024,710,0.56,99.84,17.6686,True,True,True,https://noaa-nws-rtofs-pds.s3.amazonaws.com/rtofs.20240220/rtofs_glo_3dz_f006_6hrly_hvr_US_east.nc
ARGO_GDAC,pfl,aoml/4903557/profiles/D4903557_053.nc|2024-02-25T12:07:13Z|25.78634|-86.08328,aoml/4903557/profiles/D4903557_053.nc,4903557,4903557,25.78634,-86.08328,2024-02-25T12:07:13Z,20240225,2024,1010,1.04,2009.4,74.3596,True,True,True,https://noaa-nws-rtofs-pds.s3.amazonaws.com/rtofs.20240225/rtofs_glo_3dz_f006_6hrly_hvr_US_east.nc
ARGO_GDAC,pfl,aoml/4903557/profiles/D4903557_053.nc|2024-02-25T12:07:13Z|25.78634|-86.08328,aoml/4903557/profiles/D4903557_053.nc,4903557,4903557,25.78634,-86.08328,2024-02-25T12:07:13Z,20240225,2024,708,0.6,99.88,74.32,True,True,True,https://noaa-nws-rtofs-pds.s3.amazonaws.com/rtofs.20240225/rtofs_glo_3dz_f006_6hrly_hvr_US_east.nc
ARGO_GDAC,pfl,aoml/4903557/profiles/D4903557_054.nc|2024-03-01T12:45:25Z|26.11336|-86.49109,aoml/4903557/profiles/D4903557_054.nc,4903557,4903557,26.11336,-86.49109,2024-03-01T12:45:25Z,20240301,2024,1010,0.44,2007.56,53.8133,True,True,True,https://noaa-nws-rtofs-pds.s3.amazonaws.com/rtofs.20240301/rtofs_glo_3dz_f006_6hrly_hvr_US_east.nc
ARGO_GDAC,pfl,aoml/4903557/profiles/D4903557_054.nc|2024-03-01T12:45:25Z|26.11336|-86.49109,aoml/4903557/profiles/D4903557_054.nc,4903557,4903557,26.11336,-86.49109,2024-03-01T12:45:25Z,20240301,2024,829,0.44,99.92,54.085,True,True,True,https://noaa-nws-rtofs-pds.s3.amazonaws.com/rtofs.20240301/rtofs_glo_3dz_f006_6hrly_hvr_US_east.nc
ARGO_GDAC,pfl,aoml/4903557/profiles/D4903557_055.nc|2024-03-06T13:16:36Z|26.42641|-86.36535,aoml/4903557/profiles/D4903557_055.nc,4903557,4903557,26.42641,-86.36535,2024-03-06T13:16:36Z,20240306,2024,1012,0.96,2013.28,96.2892,True,True,True,https://noaa-nws-rtofs-pds.s3.amazonaws.com/rtofs.20240306/rtofs_glo_3dz_f006_6hrly_hvr_US_east.nc
ARGO_GDAC,pfl,aoml/4903557/profiles/D4903557_055.nc|2024-03-06T13:16:36Z|26.42641|-86.36535,aoml/4903557/profiles/D4903557_055.nc,4903557,4903557,26.42641,-86.36535,2024-03-06T13:16:36Z,20240306,2024,757,0.56,99.92,96.2286,True,True,True,https://noaa-nws-rtofs-pds.s3.amazonaws.com/rtofs.20240306/rtofs_glo_3dz_f006_6hrly_hvr_US_east.nc
ARGO_GDAC,pfl,aoml/4903557/profiles/D4903557_056.nc|2024-03-11T13:51:04Z|26.68135|-85.90798,aoml/4903557/profiles/D4903557_056.nc,4903557,4903557,26.68135,-85.90798,2024-03-11T13:51:04Z,20240311,2024,1012,0.44,2011.56,88.7212,True,True,True,https://noaa-nws-rtofs-pds.s3.amazonaws.com/rtofs.20240311/rtofs_glo_3dz_f006_6hrly_hvr_US_east.nc
ARGO_GDAC,pfl,aoml/4903557/profiles/D4903557_056.nc|2024-03-11T13:51:04Z|26.68135|-85.90798,aoml/4903557/profiles/D4903557_056.nc,4903557,4903557,26.68135,-85.90798,2024-03-11T13:51:04Z,20240311,2024,697,0.44,99.88,88.68,True,True,True,https://noaa-nws-rtofs-pds.s3.amazonaws.com/rtofs.20240311/rtofs_glo_3dz_f006_6hrly_hvr_US_east.nc
ARGO_GDAC,pfl,aoml/4903557/profiles/D4903557_057.nc|2024-03-16T14:22:22Z|26.85962|-85.76990,aoml/4903557/profiles/D4903557_057.nc,4903557,4903557,26.85962,-85.7699,2024-03-16T14:22:22Z,20240316,2024,1009,0.44,2005.76,71.4197,True,True,True,https://noaa-nws-rtofs-pds.s3.amazonaws.com/rtofs.20240316/rtofs_glo_3dz_f006_6hrly_hvr_US_east.nc
ARGO_GDAC,pfl,aoml/4903557/profiles/D4903557_057.nc|2024-03-16T14:22:22Z|26.85962|-85.76990,aoml/4903557/profiles/D4903557_057.nc,4903557,4903557,26.85962,-85.7699,2024-03-16T14:22:22Z,20240316,2024,810,0.44,99.88,71.5952,True,True,True,https://noaa-nws-rtofs-pds.s3.amazonaws.com/rtofs.20240316/rtofs_glo_3dz_f006_6hrly_hvr_US_east.nc
ARGO_GDAC,pfl,aoml/4903557/profiles/D4903557_058.nc|2024-03-21T14:55:06Z|27.21949|-86.39815,aoml/4903557/profiles/D4903557_058.nc,4903557,4903557,27.21949,-86.39815,2024-03-21T14:55:06Z,20240321,2024,1008,1.0,2005.04,27.5304,True,True,True,https://noaa-nws-rtofs-pds.s3.amazonaws.com/rtofs.20240321/rtofs_glo_3dz_f006_6hrly_hvr_US_east.nc
ARGO_GDAC,pfl,aoml/4903557/profiles/D4903557_058.nc|2024-03-21T14:55:06Z|27.21949|-86.39815,aoml/4903557/profiles/D4903557_058.nc,4903557,4903557,27.21949,-86.39815,2024-03-21T14:55:06Z,20240321,2024,732,0.56,99.84,27.6933,True,True,True,https://noaa-nws-rtofs-pds.s3.amazonaws.com/rtofs.20240321/rtofs_glo_3dz_f006_6hrly_hvr_US_east.nc
ARGO_GDAC,pfl,aoml/4903557/profiles/D4903557_059.nc|2024-03-26T15:31:41Z|26.78405|-87.14410,aoml/4903557/profiles/D4903557_059.nc,4903557,4903557,26.78405,-87.1441,2024-03-26T15:31:41Z,20240326,2024,1010,0.48,2007.52,25.1493,True,True,True,https://noaa-nws-rtofs-pds.s3.amazonaws.com/rtofs.20240326/rtofs_glo_3dz_f006_6hrly_hvr_US_east.nc
ARGO_GDAC,pfl,aoml/4903557/profiles/D4903557_059.nc|2024-03-26T15:31:41Z|26.78405|-87.14410,aoml/4903557/profiles/D4903557_059.nc,4903557,4903557,26.78405,-87.1441,2024-03-26T15:31:41Z,20240326,2024,768,0.48,99.88,25.0591,True,True,True,https://noaa-nws-rtofs-pds.s3.amazonaws.com/rtofs.20240326/rtofs_glo_3dz_f006_6hrly_hvr_US_east.nc
ARGO_GDAC,pfl,aoml/4903557/profiles/D4903557_060.nc|2024-03-31T16:11:50Z|26.19385|-87.84236,aoml/4903557/profiles/D4903557_060.nc,4903557,4903557,26.19385,-87.84236,2024-03-31T16:11:50Z,20240331,2024,1009,1.0,2007.08,118.8572,True,False,True,https://noaa-nws-rtofs-pds.s3.amazonaws.com/rtofs.20240331/rtofs_glo_3dz_f006_6hrly_hvr_US_east.nc
ARGO_GDAC,pfl,aoml/4903557/profiles/D4903557_060.nc|2024-03-31T16:11:50Z|26.19385|-87.84236,aoml/4903557/profiles/D4903557_060.nc,4903557,4903557,26.19385,-87.84236,2024-03-31T16:11:50Z,20240331,2024,813,0.56,99.92,,False,False,True,https://noaa-nws-rtofs-pds.s3.amazonaws.com/rtofs.20240331/rtofs_glo_3dz_f006_6hrly_hvr_US_east.nc
ARGO_GDAC,pfl,aoml/4903557/profiles/D4903557_061.nc|2024-04-05T16:59:37Z|26.05051|-88.55866,aoml/4903557/profiles/D4903557_061.nc,4903557,4903557,26.05051,-88.55866,2024-04-05T16:59:37Z,20240405,2024,1014,0.36,2015.44,142.2926,True,False,True,https://noaa-nws-rtofs-pds.s3.amazonaws.com/rtofs.20240405/rtofs_glo_3dz_f006_6hrly_hvr_US_east.nc
ARGO_GDAC,pfl,aoml/4903557/profiles/D4903557_061.nc|2024-04-05T16:59:37Z|26.05051|-88.55866,aoml/4903557/profiles/D4903557_061.nc,4903557,4903557,26.05051,-88.55866,2024-04-05T16:59:37Z,20240405,2024,835,0.36,99.92,,False,False,True,https://noaa-nws-rtofs-pds.s3.amazonaws.com/rtofs.20240405/rtofs_glo_3dz_f006_6hrly_hvr_US_east.nc
ARGO_GDAC,pfl,aoml/4903557/profiles/D4903557_062.nc|2024-04-10T17:40:07Z|26.01899|-89.27278,aoml/4903557/profiles/D4903557_062.nc,4903557,4903557,26.01899,-89.27278,2024-04-10T17:40:07Z,20240410,2024,1008,0.96,2006.04,166.6564,True,False,True,https://noaa-nws-rtofs-pds.s3.amazonaws.com/rtofs.20240410/rtofs_glo_3dz_f006_6hrly_hvr_US_east.nc
ARGO_GDAC,pfl,aoml/4903557/profiles/D4903557_062.nc|2024-04-10T17:40:07Z|26.01899|-89.27278,aoml/4903557/profiles/D4903557_062.nc,4903557,4903557,26.01899,-89.27278,2024-04-10T17:40:07Z,20240410,2024,868,0.6,99.92,,False,False,True,https://noaa-nws-rtofs-pds.s3.amazonaws.com/rtofs.20240410/rtofs_glo_3dz_f006_6hrly_hvr_US_east.nc
ARGO_GDAC,pfl,aoml/4903557/profiles/D4903557_063.nc|2024-04-15T18:28:52Z|25.92694|-90.04174,aoml/4903557/profiles/D4903557_063.nc,4903557,4903557,25.92694,-90.04174,2024-04-15T18:28:52Z,20240415,2024,1012,0.48,2011.72,141.2135,True,False,True,https://noaa-nws-rtofs-pds.s3.amazonaws.com/rtofs.20240415/rtofs_glo_3dz_f006_6hrly_hvr_US_east.nc
ARGO_GDAC,pfl,aoml/4903557/profiles/D4903557_063.nc|2024-04-15T18:28:52Z|25.92694|-90.04174,aoml/4903557/profiles/D4903557_063.nc,4903557,4903557,25.92694,-90.04174,2024-04-15T18:28:52Z,20240415,2024,780,0.48,100.0,,False,False,True,https://noaa-nws-rtofs-pds.s3.amazonaws.com/rtofs.20240415/rtofs_glo_3dz_f006_6hrly_hvr_US_east.nc
ARGO_GDAC,pfl,aoml/4903557/profiles/D4903557_064.nc|2024-04-20T18:55:58Z|25.47931|-90.64475,aoml/4903557/profiles/D4903557_064.nc,4903557,4903557,25.47931,-90.64475,2024-04-20T18:55:58Z,20240420,2024,1008,0.92,2005.6,27.6678,True,True,True,https://noaa-nws-rtofs-pds.s3.amazonaws.com/rtofs.20240420/rtofs_glo_3dz_f006_6hrly_hvr_US_east.nc
ARGO_GDAC,pfl,aoml/4903557/profiles/D4903557_064.nc|2024-04-20T18:55:58Z|25.47931|-90.64475,aoml/4903557/profiles/D4903557_064.nc,4903557,4903557,25.47931,-90.64475,2024-04-20T18:55:58Z,20240420,2024,793,0.52,99.88,27.8801,True,True,True,https://noaa-nws-rtofs-pds.s3.amazonaws.com/rtofs.20240420/rtofs_glo_3dz_f006_6hrly_hvr_US_east.nc
ARGO_GDAC,pfl,aoml/4903557/profiles/D4903557_065.nc|2024-04-25T19:38:13Z|25.71689|-90.41570,aoml/4903557/profiles/D4903557_065.nc,4903557,4903557,25.71689,-90.4157,2024-04-25T19:38:13Z,20240425,2024,1008,1.04,2005.8,47.744,True,True,True,https://noaa-nws-rtofs-pds.s3.amazonaws.com/rtofs.20240425/rtofs_glo_3dz_f006_6hrly_hvr_US_east.nc
ARGO_GDAC,pfl,aoml/4903557/profiles/D4903557_065.nc|2024-04-25T19:38:13Z|25.71689|-90.41570,aoml/4903557/profiles/D4903557_065.nc,4903557,4903557,25.71689,-90.4157,2024-04-25T19:38:13Z,20240425,2024,768,0.64,99.96,47.78,True,True,True,https://noaa-nws-rtofs-pds.s3.amazonaws.com/rtofs.20240425/rtofs_glo_3dz_f006_6hrly_hvr_US_east.nc
ARGO_GDAC,pfl,aoml/4903557/profiles/D4903557_066.nc|2024-04-30T20:22:59Z|26.35303|-90.48086,aoml/4903557/profiles/D4903557_066.nc,4903557,4903557,26.35303,-90.48086,2024-04-30T20:22:59Z,20240430,2024,1008,0.96,2005.88,75.3501,True,True,True,https://noaa-nws-rtofs-pds.s3.amazonaws.com/rtofs.20240430/rtofs_glo_3dz_f006_6hrly_hvr_US_east.nc
ARGO_GDAC,pfl,aoml/4903557/profiles/D4903557_066.nc|2024-04-30T20:22:59Z|26.35303|-90.48086,aoml/4903557/profiles/D4903557_066.nc,4903557,4903557,26.35303,-90.48086,2024-04-30T20:22:59Z,20240430,2024,825,0.52,99.92,75.28,True,True,True,https://noaa-nws-rtofs-pds.s3.amazonaws.com/rtofs.20240430/rtofs_glo_3dz_f006_6hrly_hvr_US_east.nc
ARGO_GDAC,pfl,aoml/4903557/profiles/D4903557_067.nc|2024-05-05T21:04:13Z|26.68083|-89.92414,aoml/4903557/profiles/D4903557_067.nc,4903557,4903557,26.68083,-89.92414,2024-05-05T21:04:13Z,20240505,2024,1012,1.0,2013.8,27.1207,True,True,True,https://noaa-nws-rtofs-pds.s3.amazonaws.com/rtofs.20240505/rtofs_glo_3dz_f006_6hrly_hvr_US_east.nc
ARGO_GDAC,pfl,aoml/4903557/profiles/D4903557_067.nc|2024-05-05T21:04:13Z|26.68083|-89.92414,aoml/4903557/profiles/D4903557_067.nc,4903557,4903557,26.68083,-89.92414,2024-05-05T21:04:13Z,20240505,2024,623,0.64,99.92,27.5891,True,True,True,https://noaa-nws-rtofs-pds.s3.amazonaws.com/rtofs.20240505/rtofs_glo_3dz_f006_6hrly_hvr_US_east.nc
ARGO_GDAC,pfl,aoml/4903557/profiles/D4903557_068.nc|2024-05-10T21:39:36Z|26.44066|-90.14925,aoml/4903557/profiles/D4903557_068.nc,4903557,4903557,26.44066,-90.14925,2024-05-10T21:39:36Z,20240510,2024,1009,1.0,2007.52,24.8486,True,True,True,https://noaa-nws-rtofs-pds.s3.amazonaws.com/rtofs.20240510/rtofs_glo_3dz_f006_6hrly_hvr_US_east.nc
ARGO_GDAC,pfl,aoml/4903557/profiles/D4903557_068.nc|2024-05-10T21:39:36Z|26.44066|-90.14925,aoml/4903557/profiles/D4903557_068.nc,4903557,4903557,26.44066,-90.14925,2024-05-10T21:39:36Z,20240510,2024,732,0.56,100.0,24.8125,True,True,True,https://noaa-nws-rtofs-pds.s3.amazonaws.com/rtofs.20240510/rtofs_glo_3dz_f006_6hrly_hvr_US_east.nc
ARGO_GDAC,pfl,aoml/4903557/profiles/D4903557_069.nc|2024-05-15T22:13:40Z|26.57091|-90.32741,aoml/4903557/profiles/D4903557_069.nc,4903557,4903557,26.57091,-90.32741,2024-05-15T22:13:40Z,20240515,2024,1008,1.0,2005.6,34.6783,True,True,True,https://noaa-nws-rtofs-pds.s3.amazonaws.com/rtofs.20240515/rtofs_glo_3dz_f006_6hrly_hvr_US_east.nc
ARGO_GDAC,pfl,aoml/4903557/profiles/D4903557_069.nc|2024-05-15T22:13:40Z|26.57091|-90.32741,aoml/4903557/profiles/D4903557_069.nc,4903557,4903557,26.57091,-90.32741,2024-05-15T22:13:40Z,20240515,2024,714,0.64,100.0,34.96,True,True,True,https://noaa-nws-rtofs-pds.s3.amazonaws.com/rtofs.20240515/rtofs_glo_3dz_f006_6hrly_hvr_US_east.nc
ARGO_GDAC,pfl,aoml/4903557/profiles/D4903557_070.nc|2024-05-20T22:43:55Z|26.43931|-89.77072,aoml/4903557/profiles/D4903557_070.nc,4903557,4903557,26.43931,-89.77072,2024-05-20T22:43:55Z,20240520,2024,1010,1.0,2009.6,21.4283,True,True,True,https://noaa-nws-rtofs-pds.s3.amazonaws.com/rtofs.20240520/rtofs_glo_3dz_f006_6hrly_hvr_US_east.nc
ARGO_GDAC,pfl,aoml/4903557/profiles/D4903557_070.nc|2024-05-20T22:43:55Z|26.43931|-89.77072,aoml/4903557/profiles/D4903557_070.nc,4903557,4903557,26.43931,-89.77072,2024-05-20T22:43:55Z,20240520,2024,737,0.52,99.96,20.6844,True,True,True,https://noaa-nws-rtofs-pds.s3.amazonaws.com/rtofs.20240520/rtofs_glo_3dz_f006_6hrly_hvr_US_east.nc
ARGO_GDAC,pfl,aoml/4903557/profiles/D4903557_071.nc|2024-05-25T23:23:58Z|25.72048|-89.51470,aoml/4903557/profiles/D4903557_071.nc,4903557,4903557,25.72048,-89.5147,2024-05-25T23:23:58Z,20240525,2024,1012,0.96,2013.44,18.963,True,True,True,https://noaa-nws-rtofs-pds.s3.amazonaws.com/rtofs.20240525/rtofs_glo_3dz_f006_6hrly_hvr_US_east.nc
ARGO_GDAC,pfl,aoml/4903557/profiles/D4903557_071.nc|2024-05-25T23:23:58Z|25.72048|-89.51470,aoml/4903557/profiles/D4903557_071.nc,4903557,4903557,25.72048,-89.5147,2024-05-25T23:23:58Z,20240525,2024,669,0.56,99.92,19.2428,True,True,True,https://noaa-nws-rtofs-pds.s3.amazonaws.com/rtofs.20240525/rtofs_glo_3dz_f006_6hrly_hvr_US_east.nc
ARGO_GDAC,pfl,aoml/4903557/profiles/D4903557_072.nc|2024-05-31T00:03:42Z|25.70223|-89.37763,aoml/4903557/profiles/D4903557_072.nc,4903557,4903557,25.70223,-89.37763,2024-05-31T00:03:42Z,20240531,2024,1008,1.0,2005.4,14.2887,True,True,True,https://noaa-nws-rtofs-pds.s3.amazonaws.com/rtofs.20240531/rtofs_glo_3dz_f006_6hrly_hvr_US_east.nc
ARGO_GDAC,pfl,aoml/4903557/profiles/D4903557_072.nc|2024-05-31T00:03:42Z|25.70223|-89.37763,aoml/4903557/profiles/D4903557_072.nc,4903557,4903557,25.70223,-89.37763,2024-05-31T00:03:42Z,20240531,2024,823,0.56,99.88,14.8311,True,True,True,https://noaa-nws-rtofs-pds.s3.amazonaws.com/rtofs.20240531/rtofs_glo_3dz_f006_6hrly_hvr_US_east.nc
ARGO_GDAC,pfl,aoml/4903557/profiles/D4903557_073.nc|2024-06-05T00:48:33Z|25.93990|-89.58202,aoml/4903557/profiles/D4903557_073.nc,4903557,4903557,25.9399,-89.58202,2024-06-05T00:48:33Z,20240605,2024,1012,0.44,2011.36,19.1722,True,True,True,https://noaa-nws-rtofs-pds.s3.amazonaws.com/rtofs.20240605/rtofs_glo_3dz_f006_6hrly_hvr_US_east.nc
ARGO_GDAC,pfl,aoml/4903557/profiles/D4903557_073.nc|2024-06-05T00:48:33Z|25.93990|-89.58202,aoml/4903557/profiles/D4903557_073.nc,4903557,4903557,25.9399,-89.58202,2024-06-05T00:48:33Z,20240605,2024,813,0.44,99.96,19.16,True,True,True,https://noaa-nws-rtofs-pds.s3.amazonaws.com/rtofs.20240605/rtofs_glo_3dz_f006_6hrly_hvr_US_east.nc
ARGO_GDAC,pfl,aoml/4903557/profiles/D4903557_074.nc|2024-06-10T01:29:47Z|25.91270|-89.67172,aoml/4903557/profiles/D4903557_074.nc,4903557,4903557,25.9127,-89.67172,2024-06-10T01:29:47Z,20240610,2024,869,0.6,99.96,22.12,True,True,True,https://noaa-nws-rtofs-pds.s3.amazonaws.com/rtofs.20240610/rtofs_glo_3dz_f006_6hrly_hvr_US_east.nc
ARGO_GDAC,pfl,aoml/4903557/profiles/D4903557_075.nc|2024-06-15T02:11:26Z|25.84085|-89.71265,aoml/4903557/profiles/D4903557_075.nc,4903557,4903557,25.84085,-89.71265,2024-06-15T02:11:26Z,20240615,2024,1012,0.48,2011.72,16.1037,True,True,True,https://noaa-nws-rtofs-pds.s3.amazonaws.com/rtofs.20240615/rtofs_glo_3dz_f006_6hrly_hvr_US_east.nc
ARGO_GDAC,pfl,aoml/4903557/profiles/D4903557_075.nc|2024-06-15T02:11:26Z|25.84085|-89.71265,aoml/4903557/profiles/D4903557_075.nc,4903557,4903557,25.84085,-89.71265,2024-06-15T02:11:26Z,20240615,2024,834,0.48,100.0,16.1067,True,True,True,https://noaa-nws-rtofs-pds.s3.amazonaws.com/rtofs.20240615/rtofs_glo_3dz_f006_6hrly_hvr_US_east.nc
ARGO_GDAC,pfl,aoml/4903557/profiles/D4903557_076.nc|2024-06-20T02:41:27Z|25.70171|-89.78012,aoml/4903557/profiles/D4903557_076.nc,4903557,4903557,25.70171,-89.78012,2024-06-20T02:41:27Z,20240620,2024,1010,0.48,2007.36,38.2369,True,True,True,https://noaa-nws-rtofs-pds.s3.amazonaws.com/rtofs.20240620/rtofs_glo_3dz_f006_6hrly_hvr_US_east.nc
ARGO_GDAC,pfl,aoml/4903557/profiles/D4903557_076.nc|2024-06-20T02:41:27Z|25.70171|-89.78012,aoml/4903557/profiles/D4903557_076.nc,4903557,4903557,25.70171,-89.78012,2024-06-20T02:41:27Z,20240620,2024,779,0.48,100.0,38.4744,True,True,True,https://noaa-nws-rtofs-pds.s3.amazonaws.com/rtofs.20240620/rtofs_glo_3dz_f006_6hrly_hvr_US_east.nc
ARGO_GDAC,pfl,aoml/4903557/profiles/D4903557_077.nc|2024-06-25T03:13:56Z|25.53968|-89.73475,aoml/4903557/profiles/D4903557_077.nc,4903557,4903557,25.53968,-89.73475,2024-06-25T03:13:56Z,20240625,2024,1008,1.08,2005.16,32.022,True,True,True,https://noaa-nws-rtofs-pds.s3.amazonaws.com/rtofs.20240625/rtofs_glo_3dz_f006_6hrly_hvr_US_east.nc
ARGO_GDAC,pfl,aoml/4903557/profiles/D4903557_077.nc|2024-06-25T03:13:56Z|25.53968|-89.73475,aoml/4903557/profiles/D4903557_077.nc,4903557,4903557,25.53968,-89.73475,2024-06-25T03:13:56Z,20240625,2024,785,0.68,100.0,32.7692,True,True,True,https://noaa-nws-rtofs-pds.s3.amazonaws.com/rtofs.20240625/rtofs_glo_3dz_f006_6hrly_hvr_US_east.nc
ARGO_GDAC,pfl,aoml/4903557/profiles/D4903557_078.nc|2024-06-30T03:46:50Z|25.46733|-89.55086,aoml/4903557/profiles/D4903557_078.nc,4903557,4903557,25.46733,-89.55086,2024-06-30T03:46:50Z,20240630,2024,1008,1.08,2006.04,19.2421,True,True,True,https://noaa-nws-rtofs-pds.s3.amazonaws.com/rtofs.20240630/rtofs_glo_3dz_f006_6hrly_hvr_US_east.nc
ARGO_GDAC,pfl,aoml/4903557/profiles/D4903557_078.nc|2024-06-30T03:46:50Z|25.46733|-89.55086,aoml/4903557/profiles/D4903557_078.nc,4903557,4903557,25.46733,-89.55086,2024-06-30T03:46:50Z,20240630,2024,928,0.64,99.88,19.5282,True,True,True,https://noaa-nws-rtofs-pds.s3.amazonaws.com/rtofs.20240630/rtofs_glo_3dz_f006_6hrly_hvr_US_east.nc
ARGO_GDAC,pfl,aoml/4903557/profiles/D4903557_079.nc|2024-07-05T04:24:52Z|25.68543|-89.46008,aoml/4903557/profiles/D4903557_079.nc,4903557,4903557,25.68543,-89.46008,2024-07-05T04:24:52Z,20240705,2024,1008,1.04,2005.56,11.6018,True,True,True,https://noaa-nws-rtofs-pds.s3.amazonaws.com/rtofs.20240705/rtofs_glo_3dz_f006_6hrly_hvr_US_east.nc
ARGO_GDAC,pfl,aoml/4903557/profiles/D4903557_079.nc|2024-07-05T04:24:52Z|25.68543|-89.46008,aoml/4903557/profiles/D4903557_079.nc,4903557,4903557,25.68543,-89.46008,2024-07-05T04:24:52Z,20240705,2024,918,0.6,99.84,11.6489,True,True,True,https://noaa-nws-rtofs-pds.s3.amazonaws.com/rtofs.20240705/rtofs_glo_3dz_f006_6hrly_hvr_US_east.nc
ARGO_GDAC,pfl,aoml/4903557/profiles/D4903557_080.nc|2024-07-10T05:08:38Z|25.99665|-89.56456,aoml/4903557/profiles/D4903557_080.nc,4903557,4903557,25.99665,-89.56456,2024-07-10T05:08:38Z,20240710,2024,1014,1.0,2017.08,30.8791,True,True,True,https://noaa-nws-rtofs-pds.s3.amazonaws.com/rtofs.20240710/rtofs_glo_3dz_f006_6hrly_hvr_US_east.nc
ARGO_GDAC,pfl,aoml/4903557/profiles/D4903557_080.nc|2024-07-10T05:08:38Z|25.99665|-89.56456,aoml/4903557/profiles/D4903557_080.nc,4903557,4903557,25.99665,-89.56456,2024-07-10T05:08:38Z,20240710,2024,813,0.56,99.92,30.756,True,True,True,https://noaa-nws-rtofs-pds.s3.amazonaws.com/rtofs.20240710/rtofs_glo_3dz_f006_6hrly_hvr_US_east.nc
ARGO_GDAC,pfl,aoml/4903557/profiles/D4903557_081.nc|2024-07-15T05:46:36Z|26.12041|-89.59581,aoml/4903557/profiles/D4903557_081.nc,4903557,4903557,26.12041,-89.59581,2024-07-15T05:46:36Z,20240715,2024,1011,1.04,2012.04,12.155,True,True,True,https://noaa-nws-rtofs-pds.s3.amazonaws.com/rtofs.20240715/rtofs_glo_3dz_f006_6hrly_hvr_US_east.nc
ARGO_GDAC,pfl,aoml/4903557/profiles/D4903557_081.nc|2024-07-15T05:46:36Z|26.12041|-89.59581,aoml/4903557/profiles/D4903557_081.nc,4903557,4903557,26.12041,-89.59581,2024-07-15T05:46:36Z,20240715,2024,855,0.56,99.96,12.5019,True,True,True,https://noaa-nws-rtofs-pds.s3.amazonaws.com/rtofs.20240715/rtofs_glo_3dz_f006_6hrly_hvr_US_east.nc
ARGO_GDAC,pfl,aoml/4903557/profiles/D4903557_082.nc|2024-07-20T06:34:03Z|25.95669|-89.94410,aoml/4903557/profiles/D4903557_082.nc,4903557,4903557,25.95669,-89.9441,2024-07-20T06:34:03Z,20240720,2024,1013,1.08,2015.6,17.1971,True,True,True,https://noaa-nws-rtofs-pds.s3.amazonaws.com/rtofs.20240720/rtofs_glo_3dz_f006_6hrly_hvr_US_east.nc
ARGO_GDAC,pfl,aoml/4903557/profiles/D4903557_082.nc|2024-07-20T06:34:03Z|25.95669|-89.94410,aoml/4903557/profiles/D4903557_082.nc,4903557,4903557,25.95669,-89.9441,2024-07-20T06:34:03Z,20240720,2024,913,0.64,99.96,16.9734,True,True,True,https://noaa-nws-rtofs-pds.s3.amazonaws.com/rtofs.20240720/rtofs_glo_3dz_f006_6hrly_hvr_US_east.nc
ARGO_GDAC,pfl,aoml/4903557/profiles/D4903557_083.nc|2024-07-25T07:10:40Z|25.85968|-90.44457,aoml/4903557/profiles/D4903557_083.nc,4903557,4903557,25.85968,-90.44457,2024-07-25T07:10:40Z,20240725,2024,1008,1.16,2006.08,19.1172,True,True,True,https://noaa-nws-rtofs-pds.s3.amazonaws.com/rtofs.20240725/rtofs_glo_3dz_f006_6hrly_hvr_US_east.nc
ARGO_GDAC,pfl,aoml/4903557/profiles/D4903557_083.nc|2024-07-25T07:10:40Z|25.85968|-90.44457,aoml/4903557/profiles/D4903557_083.nc,4903557,4903557,25.85968,-90.44457,2024-07-25T07:10:40Z,20240725,2024,840,1.0,99.92,19.4556,True,True,True,https://noaa-nws-rtofs-pds.s3.amazonaws.com/rtofs.20240725/rtofs_glo_3dz_f006_6hrly_hvr_US_east.nc
ARGO_GDAC,pfl,aoml/4903557/profiles/D4903557_084.nc|2024-07-30T07:49:58Z|25.75949|-90.82421,aoml/4903557/profiles/D4903557_084.nc,4903557,4903557,25.75949,-90.82421,2024-07-30T07:49:58Z,20240730,2024,1009,1.04,2007.52,32.3924,True,True,True,https://noaa-nws-rtofs-pds.s3.amazonaws.com/rtofs.20240730/rtofs_glo_3dz_f006_6hrly_hvr_US_east.nc
ARGO_GDAC,pfl,aoml/4903557/profiles/D4903557_084.nc|2024-07-30T07:49:58Z|25.75949|-90.82421,aoml/4903557/profiles/D4903557_084.nc,4903557,4903557,25.75949,-90.82421,2024-07-30T07:49:58Z,20240730,2024,857,0.64,99.96,32.6009,True,True,True,https://noaa-nws-rtofs-pds.s3.amazonaws.com/rtofs.20240730/rtofs_glo_3dz_f006_6hrly_hvr_US_east.nc
ARGO_GDAC,pfl,aoml/4903557/profiles/D4903557_085.nc|2024-08-04T08:33:41Z|25.69864|-91.08203,aoml/4903557/profiles/D4903557_085.nc,4903557,4903557,25.69864,-91.08203,2024-08-04T08:33:41Z,20240804,2024,1013,1.16,2015.52,12.0532,True,True,True,https://noaa-nws-rtofs-pds.s3.amazonaws.com/rtofs.20240804/rtofs_glo_3dz_f006_6hrly_hvr_US_east.nc
ARGO_GDAC,pfl,aoml/4903557/profiles/D4903557_085.nc|2024-08-04T08:33:41Z|25.69864|-91.08203,aoml/4903557/profiles/D4903557_085.nc,4903557,4903557,25.69864,-91.08203,2024-08-04T08:33:41Z,20240804,2024,964,0.84,100.0,11.6439,True,True,True,https://noaa-nws-rtofs-pds.s3.amazonaws.com/rtofs.20240804/rtofs_glo_3dz_f006_6hrly_hvr_US_east.nc
ARGO_GDAC,pfl,aoml/4903557/profiles/D4903557_086.nc|2024-08-09T09:14:00Z|25.45153|-91.16095,aoml/4903557/profiles/D4903557_086.nc,4903557,4903557,25.45153,-91.16095,2024-08-09T09:14:00Z,20240809,2024,1008,1.04,2005.44,14.4911,True,True,True,https://noaa-nws-rtofs-pds.s3.amazonaws.com/rtofs.20240809/rtofs_glo_3dz_f006_6hrly_hvr_US_east.nc
ARGO_GDAC,pfl,aoml/4903557/profiles/D4903557_086.nc|2024-08-09T09:14:00Z|25.45153|-91.16095,aoml/4903557/profiles/D4903557_086.nc,4903557,4903557,25.45153,-91.16095,2024-08-09T09:14:00Z,20240809,2024,931,0.64,99.92,14.5697,True,True,True,https://noaa-nws-rtofs-pds.s3.amazonaws.com/rtofs.20240809/rtofs_glo_3dz_f006_6hrly_hvr_US_east.nc
ARGO_GDAC,pfl,aoml/4903557/profiles/D4903557_087.nc|2024-08-14T09:55:05Z|25.42561|-90.94351,aoml/4903557/profiles/D4903557_087.nc,4903557,4903557,25.42561,-90.94351,2024-08-14T09:55:05Z,20240814,2024,1007,1.12,2003.6,12.81,True,True,True,https://noaa-nws-rtofs-pds.s3.amazonaws.com/rtofs.20240814/rtofs_glo_3dz_f006_6hrly_hvr_US_east.nc
ARGO_GDAC,pfl,aoml/4903557/profiles/D4903557_087.nc|2024-08-14T09:55:05Z|25.42561|-90.94351,aoml/4903557/profiles/D4903557_087.nc,4903557,4903557,25.42561,-90.94351,2024-08-14T09:55:05Z,20240814,2024,997,0.72,99.96,12.76,True,True,True,https://noaa-nws-rtofs-pds.s3.amazonaws.com/rtofs.20240814/rtofs_glo_3dz_f006_6hrly_hvr_US_east.nc
ARGO_GDAC,pfl,aoml/4903557/profiles/D4903557_088.nc|2024-08-19T10:43:53Z|25.78710|-90.74809,aoml/4903557/profiles/D4903557_088.nc,4903557,4903557,25.7871,-90.74809,2024-08-19T10:43:53Z,20240819,2024,1009,1.08,2007.52,14.1481,True,True,True,https://noaa-nws-rtofs-pds.s3.amazonaws.com/rtofs.20240819/rtofs_glo_3dz_f006_6hrly_hvr_US_east.nc
ARGO_GDAC,pfl,aoml/4903557/profiles/D4903557_088.nc|2024-08-19T10:43:53Z|25.78710|-90.74809,aoml/4903557/profiles/D4903557_088.nc,4903557,4903557,25.7871,-90.74809,2024-08-19T10:43:53Z,20240819,2024,899,0.72,100.0,14.3185,True,True,True,https://noaa-nws-rtofs-pds.s3.amazonaws.com/rtofs.20240819/rtofs_glo_3dz_f006_6hrly_hvr_US_east.nc
ARGO_GDAC,pfl,aoml/4903557/profiles/D4903557_089.nc|2024-08-24T11:26:47Z|26.07270|-90.76873,aoml/4903557/profiles/D4903557_089.nc,4903557,4903557,26.0727,-90.76873,2024-08-24T11:26:47Z,20240824,2024,1008,1.08,2005.56,11.1962,True,True,True,https://noaa-nws-rtofs-pds.s3.amazonaws.com/rtofs.20240824/rtofs_glo_3dz_f006_6hrly_hvr_US_east.nc
ARGO_GDAC,pfl,aoml/4903557/profiles/D4903557_089.nc|2024-08-24T11:26:47Z|26.07270|-90.76873,aoml/4903557/profiles/D4903557_089.nc,4903557,4903557,26.0727,-90.76873,2024-08-24T11:26:47Z,20240824,2024,977,0.68,100.0,10.7173,True,True,True,https://noaa-nws-rtofs-pds.s3.amazonaws.com/rtofs.20240824/rtofs_glo_3dz_f006_6hrly_hvr_US_east.nc
ARGO_GDAC,pfl,aoml/4903557/profiles/D4903557_090.nc|2024-08-29T12:13:18Z|26.02316|-90.89226,aoml/4903557/profiles/D4903557_090.nc,4903557,4903557,26.02316,-90.89226,2024-08-29T12:13:18Z,20240829,2024,1014,1.12,2017.8,19.5927,True,True,True,https://noaa-nws-rtofs-pds.s3.amazonaws.com/rtofs.20240829/rtofs_glo_3dz_f006_6hrly_hvr_US_east.nc
ARGO_GDAC,pfl,aoml/4903557/profiles/D4903557_090.nc|2024-08-29T12:13:18Z|26.02316|-90.89226,aoml/4903557/profiles/D4903557_090.nc,4903557,4903557,26.02316,-90.89226,2024-08-29T12:13:18Z,20240829,2024,1020,1.88,99.92,19.3169,True,True,True,https://noaa-nws-rtofs-pds.s3.amazonaws.com/rtofs.20240829/rtofs_glo_3dz_f006_6hrly_hvr_US_east.nc
ARGO_GDAC,pfl,aoml/4903557/profiles/D4903557_091.nc|2024-09-03T12:56:29Z|25.97304|-91.04924,aoml/4903557/profiles/D4903557_091.nc,4903557,4903557,25.97304,-91.04924,2024-09-03T12:56:29Z,20240903,2024,1010,1.04,2009.28,19.0905,True,True,True,https://noaa-nws-rtofs-pds.s3.amazonaws.com/rtofs.20240903/rtofs_glo_3dz_f006_6hrly_hvr_US_east.nc
ARGO_GDAC,pfl,aoml/4903557/profiles/D4903557_091.nc|2024-09-03T12:56:29Z|25.97304|-91.04924,aoml/4903557/profiles/D4903557_091.nc,4903557,4903557,25.97304,-91.04924,2024-09-03T12:56:29Z,20240903,2024,951,0.68,99.96,19.0629,True,True,True,https://noaa-nws-rtofs-pds.s3.amazonaws.com/rtofs.20240903/rtofs_glo_3dz_f006_6hrly_hvr_US_east.nc
ARGO_GDAC,pfl,aoml/4903557/profiles/D4903557_092.nc|2024-09-08T13:35:53Z|25.76711|-91.52612,aoml/4903557/profiles/D4903557_092.nc,4903557,4903557,25.76711,-91.52612,2024-09-08T13:35:53Z,20240908,2024,1009,1.04,2007.36,37.4058,True,True,True,https://noaa-nws-rtofs-pds.s3.amazonaws.com/rtofs.20240908/rtofs_glo_3dz_f006_6hrly_hvr_US_east.nc
ARGO_GDAC,pfl,aoml/4903557/profiles/D4903557_092.nc|2024-09-08T13:35:53Z|25.76711|-91.52612,aoml/4903557/profiles/D4903557_092.nc,4903557,4903557,25.76711,-91.52612,2024-09-08T13:35:53Z,20240908,2024,1009,0.68,99.92,37.1867,True,True,True,https://noaa-nws-rtofs-pds.s3.amazonaws.com/rtofs.20240908/rtofs_glo_3dz_f006_6hrly_hvr_US_east.nc
ARGO_GDAC,pfl,aoml/4903557/profiles/D4903557_093.nc|2024-09-13T14:29:06Z|25.80123|-92.41126,aoml/4903557/profiles/D4903557_093.nc,4903557,4903557,25.80123,-92.41126,2024-09-13T14:29:06Z,20240913,2024,1014,0.32,2015.36,48.7465,True,True,True,https://noaa-nws-rtofs-pds.s3.amazonaws.com/rtofs.20240913/rtofs_glo_3dz_f006_6hrly_hvr_US_east.nc
ARGO_GDAC,pfl,aoml/4903557/profiles/D4903557_093.nc|2024-09-13T14:29:06Z|25.80123|-92.41126,aoml/4903557/profiles/D4903557_093.nc,4903557,4903557,25.80123,-92.41126,2024-09-13T14:29:06Z,20240913,2024,871,0.32,99.96,49.5601,True,True,True,https://noaa-nws-rtofs-pds.s3.amazonaws.com/rtofs.20240913/rtofs_glo_3dz_f006_6hrly_hvr_US_east.nc
ARGO_GDAC,pfl,aoml/4903557/profiles/D4903557_094.nc|2024-09-18T15:08:52Z|26.02988|-93.31997,aoml/4903557/profiles/D4903557_094.nc,4903557,4903557,26.02988,-93.31997,2024-09-18T15:08:52Z,20240918,2024,1008,1.04,2005.4,20.6581,True,True,True,https://noaa-nws-rtofs-pds.s3.amazonaws.com/rtofs.20240918/rtofs_glo_3dz_f006_6hrly_hvr_US_east.nc
ARGO_GDAC,pfl,aoml/4903557/profiles/D4903557_094.nc|2024-09-18T15:08:52Z|26.02988|-93.31997,aoml/4903557/profiles/D4903557_094.nc,4903557,4903557,26.02988,-93.31997,2024-09-18T15:08:52Z,20240918,2024,892,0.64,99.92,20.5,True,True,True,https://noaa-nws-rtofs-pds.s3.amazonaws.com/rtofs.20240918/rtofs_glo_3dz_f006_6hrly_hvr_US_east.nc
ARGO_GDAC,pfl,aoml/4903557/profiles/D4903557_095.nc|2024-09-23T15:52:17Z|26.01059|-93.77179,aoml/4903557/profiles/D4903557_095.nc,4903557,4903557,26.01059,-93.77179,2024-09-23T15:52:17Z,20240923,2024,1013,1.0,2015.12,32.4242,True,True,True,https://noaa-nws-rtofs-pds.s3.amazonaws.com/rtofs.20240923/rtofs_glo_3dz_f006_6hrly_hvr_US_east.nc
ARGO_GDAC,pfl,aoml/4903557/profiles/D4903557_095.nc|2024-09-23T15:52:17Z|26.01059|-93.77179,aoml/4903557/profiles/D4903557_095.nc,4903557,4903557,26.01059,-93.77179,2024-09-23T15:52:17Z,20240923,2024,956,0.56,99.96,32.65,True,True,True,https://noaa-nws-rtofs-pds.s3.amazonaws.com/rtofs.20240923/rtofs_glo_3dz_f006_6hrly_hvr_US_east.nc
ARGO_GDAC,pfl,aoml/4903557/profiles/D4903557_096.nc|2024-09-28T16:40:16Z|25.93334|-93.70980,aoml/4903557/profiles/D4903557_096.nc,4903557,4903557,25.93334,-93.7098,2024-09-28T16:40:16Z,20240928,2024,1012,0.48,2011.52,32.3439,True,True,True,https://noaa-nws-rtofs-pds.s3.amazonaws.com/rtofs.20240928/rtofs_glo_3dz_f006_6hrly_hvr_US_east.nc
ARGO_GDAC,pfl,aoml/4903557/profiles/D4903557_096.nc|2024-09-28T16:40:16Z|25.93334|-93.70980,aoml/4903557/profiles/D4903557_096.nc,4903557,4903557,25.93334,-93.7098,2024-09-28T16:40:16Z,20240928,2024,933,0.48,99.92,32.42,True,True,True,https://noaa-nws-rtofs-pds.s3.amazonaws.com/rtofs.20240928/rtofs_glo_3dz_f006_6hrly_hvr_US_east.nc
ARGO_GDAC,pfl,aoml/4903557/profiles/D4903557_097.nc|2024-10-03T17:23:07Z|25.89580|-93.48675,aoml/4903557/profiles/D4903557_097.nc,4903557,4903557,25.8958,-93.48675,2024-10-03T17:23:07Z,20241003,2024,1009,0.48,2005.08,44.6361,True,True,True,https://noaa-nws-rtofs-pds.s3.amazonaws.com/rtofs.20241003/rtofs_glo_3dz_f006_6hrly_hvr_US_east.nc
ARGO_GDAC,pfl,aoml/4903557/profiles/D4903557_097.nc|2024-10-03T17:23:07Z|25.89580|-93.48675,aoml/4903557/profiles/D4903557_097.nc,4903557,4903557,25.8958,-93.48675,2024-10-03T17:23:07Z,20241003,2024,829,0.48,99.92,44.9816,True,True,True,https://noaa-nws-rtofs-pds.s3.amazonaws.com/rtofs.20241003/rtofs_glo_3dz_f006_6hrly_hvr_US_east.nc
ARGO_GDAC,pfl,aoml/4903557/profiles/D4903557_098.nc|2024-10-08T17:58:28Z|25.92664|-94.04100,aoml/4903557/profiles/D4903557_098.nc,4903557,4903557,25.92664,-94.041,2024-10-08T17:58:28Z,20241008,2024,1009,0.44,2005.32,46.0884,True,True,True,https://noaa-nws-rtofs-pds.s3.amazonaws.com/rtofs.20241008/rtofs_glo_3dz_f006_6hrly_hvr_US_east.nc
ARGO_GDAC,pfl,aoml/4903557/profiles/D4903557_098.nc|2024-10-08T17:58:28Z|25.92664|-94.04100,aoml/4903557/profiles/D4903557_098.nc,4903557,4903557,25.92664,-94.041,2024-10-08T17:58:28Z,20241008,2024,943,0.44,99.92,46.5664,True,True,True,https://noaa-nws-rtofs-pds.s3.amazonaws.com/rtofs.20241008/rtofs_glo_3dz_f006_6hrly_hvr_US_east.nc
ARGO_GDAC,pfl,aoml/4903557/profiles/D4903557_099.nc|2024-10-13T18:34:48Z|25.86226|-94.72175,aoml/4903557/profiles/D4903557_099.nc,4903557,4903557,25.86226,-94.72175,2024-10-13T18:34:48Z,20241013,2024,1011,1.08,2011.6,36.612,True,True,True,https://noaa-nws-rtofs-pds.s3.amazonaws.com/rtofs.20241013/rtofs_glo_3dz_f006_6hrly_hvr_US_east.nc
ARGO_GDAC,pfl,aoml/4903557/profiles/D4903557_099.nc|2024-10-13T18:34:48Z|25.86226|-94.72175,aoml/4903557/profiles/D4903557_099.nc,4903557,4903557,25.86226,-94.72175,2024-10-13T18:34:48Z,20241013,2024,684,0.68,100.0,37.6573,True,True,True,https://noaa-nws-rtofs-pds.s3.amazonaws.com/rtofs.20241013/rtofs_glo_3dz_f006_6hrly_hvr_US_east.nc
ARGO_GDAC,pfl,aoml/4903557/profiles/D4903557_100.nc|2024-10-18T19:13:15Z|25.33401|-95.23687,aoml/4903557/profiles/D4903557_100.nc,4903557,4903557,25.33401,-95.23687,2024-10-18T19:13:15Z,20241018,2024,1011,1.04,2011.92,48.8412,True,True,True,https://noaa-nws-rtofs-pds.s3.amazonaws.com/rtofs.20241018/rtofs_glo_3dz_f006_6hrly_hvr_US_east.nc
ARGO_GDAC,pfl,aoml/4903557/profiles/D4903557_100.nc|2024-10-18T19:13:15Z|25.33401|-95.23687,aoml/4903557/profiles/D4903557_100.nc,4903557,4903557,25.33401,-95.23687,2024-10-18T19:13:15Z,20241018,2024,689,0.68,99.88,49.8841,True,True,True,https://noaa-nws-rtofs-pds.s3.amazonaws.com/rtofs.20241018/rtofs_glo_3dz_f006_6hrly_hvr_US_east.nc
ARGO_GDAC,pfl,aoml/4903557/profiles/D4903557_101.nc|2024-10-23T19:56:50Z|24.73414|-95.65334,aoml/4903557/profiles/D4903557_101.nc,4903557,4903557,24.73414,-95.65334,2024-10-23T19:56:50Z,20241023,2024,1012,1.0,2013.68,50.1345,True,True,True,https://noaa-nws-rtofs-pds.s3.amazonaws.com/rtofs.20241023/rtofs_glo_3dz_f006_6hrly_hvr_US_east.nc
ARGO_GDAC,pfl,aoml/4903557/profiles/D4903557_101.nc|2024-10-23T19:56:50Z|24.73414|-95.65334,aoml/4903557/profiles/D4903557_101.nc,4903557,4903557,24.73414,-95.65334,2024-10-23T19:56:50Z,20241023,2024,860,0.56,99.96,50.3147,True,True,True,https://noaa-nws-rtofs-pds.s3.amazonaws.com/rtofs.20241023/rtofs_glo_3dz_f006_6hrly_hvr_US_east.nc
ARGO_GDAC,pfl,aoml/4903557/profiles/D4903557_102.nc|2024-10-28T20:42:41Z|24.50085|-95.73969,aoml/4903557/profiles/D4903557_102.nc,4903557,4903557,24.50085,-95.73969,2024-10-28T20:42:41Z,20241028,2024,1011,0.96,2011.48,32.8,True,True,True,https://noaa-nws-rtofs-pds.s3.amazonaws.com/rtofs.20241028/rtofs_glo_3dz_f006_6hrly_hvr_US_east.nc
ARGO_GDAC,pfl,aoml/4903557/profiles/D4903557_102.nc|2024-10-28T20:42:41Z|24.50085|-95.73969,aoml/4903557/profiles/D4903557_102.nc,4903557,4903557,24.50085,-95.73969,2024-10-28T20:42:41Z,20241028,2024,810,0.6,99.96,32.84,True,True,True,https://noaa-nws-rtofs-pds.s3.amazonaws.com/rtofs.20241028/rtofs_glo_3dz_f006_6hrly_hvr_US_east.nc
ARGO_GDAC,pfl,aoml/4903557/profiles/D4903557_103.nc|2024-11-02T21:21:34Z|24.39063|-95.71300,aoml/4903557/profiles/D4903557_103.nc,4903557,4903557,24.39063,-95.713,2024-11-02T21:21:34Z,20241102,2024,1011,0.92,2011.2,42.3992,True,True,True,https://noaa-nws-rtofs-pds.s3.amazonaws.com/rtofs.20241102/rtofs_glo_3dz_f006_6hrly_hvr_US_east.nc
ARGO_GDAC,pfl,aoml/4903557/profiles/D4903557_103.nc|2024-11-02T21:21:34Z|24.39063|-95.71300,aoml/4903557/profiles/D4903557_103.nc,4903557,4903557,24.39063,-95.713,2024-11-02T21:21:34Z,20241102,2024,741,0.52,99.96,43.3825,True,True,True,https://noaa-nws-rtofs-pds.s3.amazonaws.com/rtofs.20241102/rtofs_glo_3dz_f006_6hrly_hvr_US_east.nc
ARGO_GDAC,pfl,aoml/4903557/profiles/D4903557_104.nc|2024-11-07T22:03:10Z|24.34651|-95.74174,aoml/4903557/profiles/D4903557_104.nc,4903557,4903557,24.34651,-95.74174,2024-11-07T22:03:10Z,20241107,2024,1008,1.0,2005.32,59.1144,True,True,True,https://noaa-nws-rtofs-pds.s3.amazonaws.com/rtofs.20241107/rtofs_glo_3dz_f006_6hrly_hvr_US_east.nc
ARGO_GDAC,pfl,aoml/4903557/profiles/D4903557_104.nc|2024-11-07T22:03:10Z|24.34651|-95.74174,aoml/4903557/profiles/D4903557_104.nc,4903557,4903557,24.34651,-95.74174,2024-11-07T22:03:10Z,20241107,2024,769,0.56,100.0,59.6,True,True,True,https://noaa-nws-rtofs-pds.s3.amazonaws.com/rtofs.20241107/rtofs_glo_3dz_f006_6hrly_hvr_US_east.nc
ARGO_GDAC,pfl,aoml/4903557/profiles/D4903557_105.nc|2024-11-12T22:40:09Z|24.25616|-95.71790,aoml/4903557/profiles/D4903557_105.nc,4903557,4903557,24.25616,-95.7179,2024-11-12T22:40:09Z,20241112,2024,1011,0.48,2009.8,46.7076,True,True,True,https://noaa-nws-rtofs-pds.s3.amazonaws.com/rtofs.20241112/rtofs_glo_3dz_f006_6hrly_hvr_US_east.nc
ARGO_GDAC,pfl,aoml/4903557/profiles/D4903557_105.nc|2024-11-12T22:40:09Z|24.25616|-95.71790,aoml/4903557/profiles/D4903557_105.nc,4903557,4903557,24.25616,-95.7179,2024-11-12T22:40:09Z,20241112,2024,732,0.48,99.92,47.7816,True,True,True,https://noaa-nws-rtofs-pds.s3.amazonaws.com/rtofs.20241112/rtofs_glo_3dz_f006_6hrly_hvr_US_east.nc
ARGO_GDAC,pfl,aoml/4903557/profiles/D4903557_106.nc|2024-11-17T23:14:13Z|24.25116|-95.73075,aoml/4903557/profiles/D4903557_106.nc,4903557,4903557,24.25116,-95.73075,2024-11-17T23:14:13Z,20241117,2024,1007,0.92,2003.36,42.7198,True,True,True,https://noaa-nws-rtofs-pds.s3.amazonaws.com/rtofs.20241117/rtofs_glo_3dz_f006_6hrly_hvr_US_east.nc
ARGO_GDAC,pfl,aoml/4903557/profiles/D4903557_106.nc|2024-11-17T23:14:13Z|24.25116|-95.73075,aoml/4903557/profiles/D4903557_106.nc,4903557,4903557,24.25116,-95.73075,2024-11-17T23:14:13Z,20241117,2024,714,0.52,99.88,43.7553,True,True,True,https://noaa-nws-rtofs-pds.s3.amazonaws.com/rtofs.20241117/rtofs_glo_3dz_f006_6hrly_hvr_US_east.nc
ARGO_GDAC,pfl,aoml/4903557/profiles/D4903557_107.nc|2024-11-22T23:54:32Z|24.36161|-95.75398,aoml/4903557/profiles/D4903557_107.nc,4903557,4903557,24.36161,-95.75398,2024-11-22T23:54:32Z,20241122,2024,1010,0.48,2007.48,52.6367,True,True,True,https://noaa-nws-rtofs-pds.s3.amazonaws.com/rtofs.20241122/rtofs_glo_3dz_f006_6hrly_hvr_US_east.nc
ARGO_GDAC,pfl,aoml/4903557/profiles/D4903557_107.nc|2024-11-22T23:54:32Z|24.36161|-95.75398,aoml/4903557/profiles/D4903557_107.nc,4903557,4903557,24.36161,-95.75398,2024-11-22T23:54:32Z,20241122,2024,790,0.48,99.96,53.7381,True,True,True,https://noaa-nws-rtofs-pds.s3.amazonaws.com/rtofs.20241122/rtofs_glo_3dz_f006_6hrly_hvr_US_east.nc
ARGO_GDAC,pfl,aoml/4903557/profiles/D4903557_108.nc|2024-11-28T00:30:53Z|24.50492|-95.83873,aoml/4903557/profiles/D4903557_108.nc,4903557,4903557,24.50492,-95.83873,2024-11-28T00:30:53Z,20241128,2024,1008,1.0,2006.0,56.1069,True,True,True,https://noaa-nws-rtofs-pds.s3.amazonaws.com/rtofs.20241128/rtofs_glo_3dz_f006_6hrly_hvr_US_east.nc
ARGO_GDAC,pfl,aoml/4903557/profiles/D4903557_108.nc|2024-11-28T00:30:53Z|24.50492|-95.83873,aoml/4903557/profiles/D4903557_108.nc,4903557,4903557,24.50492,-95.83873,2024-11-28T00:30:53Z,20241128,2024,752,0.56,100.0,56.0794,True,True,True,https://noaa-nws-rtofs-pds.s3.amazonaws.com/rtofs.20241128/rtofs_glo_3dz_f006_6hrly_hvr_US_east.nc
ARGO_GDAC,pfl,aoml/4903557/profiles/D4903557_109.nc|2024-12-03T01:07:03Z|24.70867|-95.64064,aoml/4903557/profiles/D4903557_109.nc,4903557,4903557,24.70867,-95.64064,2024-12-03T01:07:03Z,20241203,2024,1010,0.96,2009.4,62.647,True,True,True,https://noaa-nws-rtofs-pds.s3.amazonaws.com/rtofs.20241203/rtofs_glo_3dz_f006_6hrly_hvr_US_east.nc
ARGO_GDAC,pfl,aoml/4903557/profiles/D4903557_109.nc|2024-12-03T01:07:03Z|24.70867|-95.64064,aoml/4903557/profiles/D4903557_109.nc,4903557,4903557,24.70867,-95.64064,2024-12-03T01:07:03Z,20241203,2024,806,0.52,99.92,62.732,True,True,True,https://noaa-nws-rtofs-pds.s3.amazonaws.com/rtofs.20241203/rtofs_glo_3dz_f006_6hrly_hvr_US_east.nc
ARGO_GDAC,pfl,aoml/4903557/profiles/D4903557_110.nc|2024-12-08T01:50:26Z|24.82058|-95.37455,aoml/4903557/profiles/D4903557_110.nc,4903557,4903557,24.82058,-95.37455,2024-12-08T01:50:26Z,20241208,2024,1012,1.2,2013.36,72.9547,True,True,True,https://noaa-nws-rtofs-pds.s3.amazonaws.com/rtofs.20241208/rtofs_glo_3dz_f006_6hrly_hvr_US_east.nc
ARGO_GDAC,pfl,aoml/4903557/profiles/D4903557_110.nc|2024-12-08T01:50:26Z|24.82058|-95.37455,aoml/4903557/profiles/D4903557_110.nc,4903557,4903557,24.82058,-95.37455,2024-12-08T01:50:26Z,20241208,2024,870,1.0,99.96,72.9355,True,True,True,https://noaa-nws-rtofs-pds.s3.amazonaws.com/rtofs.20241208/rtofs_glo_3dz_f006_6hrly_hvr_US_east.nc
ARGO_GDAC,pfl,aoml/4903557/profiles/D4903557_111.nc|2024-12-13T02:25:37Z|25.02301|-95.28520,aoml/4903557/profiles/D4903557_111.nc,4903557,4903557,25.02301,-95.2852,2024-12-13T02:25:37Z,20241213,2024,1015,0.48,2017.2,85.0956,True,True,True,https://noaa-nws-rtofs-pds.s3.amazonaws.com/rtofs.20241213/rtofs_glo_3dz_f006_6hrly_hvr_US_east.nc
ARGO_GDAC,pfl,aoml/4903557/profiles/D4903557_111.nc|2024-12-13T02:25:37Z|25.02301|-95.28520,aoml/4903557/profiles/D4903557_111.nc,4903557,4903557,25.02301,-95.2852,2024-12-13T02:25:37Z,20241213,2024,808,0.48,99.92,85.2855,True,True,True,https://noaa-nws-rtofs-pds.s3.amazonaws.com/rtofs.20241213/rtofs_glo_3dz_f006_6hrly_hvr_US_east.nc
ARGO_GDAC,pfl,aoml/4903557/profiles/D4903557_112.nc|2024-12-18T03:13:35Z|25.37943|-95.10755,aoml/4903557/profiles/D4903557_112.nc,4903557,4903557,25.37943,-95.10755,2024-12-18T03:13:35Z,20241218,2024,1013,0.48,2013.96,120.9319,True,False,True,https://noaa-nws-rtofs-pds.s3.amazonaws.com/rtofs.20241218/rtofs_glo_3dz_f006_6hrly_hvr_US_east.nc
ARGO_GDAC,pfl,aoml/4903557/profiles/D4903557_112.nc|2024-12-18T03:13:35Z|25.37943|-95.10755,aoml/4903557/profiles/D4903557_112.nc,4903557,4903557,25.37943,-95.10755,2024-12-18T03:13:35Z,20241218,2024,599,0.48,99.88,,False,False,True,https://noaa-nws-rtofs-pds.s3.amazonaws.com/rtofs.20241218/rtofs_glo_3dz_f006_6hrly_hvr_US_east.nc
ARGO_GDAC,pfl,aoml/4903557/profiles/D4903557_113.nc|2024-12-23T03:42:19Z|25.75947|-94.81638,aoml/4903557/profiles/D4903557_113.nc,4903557,4903557,25.75947,-94.81638,2024-12-23T03:42:19Z,20241223,2024,1008,0.84,2005.96,142.343,True,False,True,https://noaa-nws-rtofs-pds.s3.amazonaws.com/rtofs.20241223/rtofs_glo_3dz_f006_6hrly_hvr_US_east.nc
ARGO_GDAC,pfl,aoml/4903557/profiles/D4903557_113.nc|2024-12-23T03:42:19Z|25.75947|-94.81638,aoml/4903557/profiles/D4903557_113.nc,4903557,4903557,25.75947,-94.81638,2024-12-23T03:42:19Z,20241223,2024,564,0.52,99.96,,False,False,True,https://noaa-nws-rtofs-pds.s3.amazonaws.com/rtofs.20241223/rtofs_glo_3dz_f006_6hrly_hvr_US_east.nc
ARGO_GDAC,pfl,aoml/4903557/profiles/D4903557_114.nc|2024-12-28T04:15:38Z|25.76176|-94.27459,aoml/4903557/profiles/D4903557_114.nc,4903557,4903557,25.76176,-94.27459,2024-12-28T04:15:38Z,20241228,2024,1009,0.4,2005.44,137.5806,True,False,True,https://noaa-nws-rtofs-pds.s3.amazonaws.com/rtofs.20241228/rtofs_glo_3dz_f006_6hrly_hvr_US_east.nc
ARGO_GDAC,pfl,aoml/4903557/profiles/D4903557_114.nc|2024-12-28T04:15:38Z|25.76176|-94.27459,aoml/4903557/profiles/D4903557_114.nc,4903557,4903557,25.76176,-94.27459,2024-12-28T04:15:38Z,20241228,2024,586,0.4,99.96,,False,False,True,https://noaa-nws-rtofs-pds.s3.amazonaws.com/rtofs.20241228/rtofs_glo_3dz_f006_6hrly_hvr_US_east.nc
ARGO_GDAC,pfl,aoml/4903557/profiles/D4903557_115.nc|2025-01-02T04:52:12Z|25.85107|-94.22597,aoml/4903557/profiles/D4903557_115.nc,4903557,4903557,25.85107,-94.22597,2025-01-02T04:52:12Z,20250102,2025,1014,0.44,2015.08,134.315,True,False,True,https://noaa-nws-rtofs-pds.s3.amazonaws.com/rtofs.20250102/rtofs_glo_3dz_f006_6hrly_hvr_US_east.nc
ARGO_GDAC,pfl,aoml/4903557/profiles/D4903557_115.nc|2025-01-02T04:52:12Z|25.85107|-94.22597,aoml/4903557/profiles/D4903557_115.nc,4903557,4903557,25.85107,-94.22597,2025-01-02T04:52:12Z,20250102,2025,807,0.44,99.96,,False,False,True,https://noaa-nws-rtofs-pds.s3.amazonaws.com/rtofs.20250102/rtofs_glo_3dz_f006_6hrly_hvr_US_east.nc
ARGO_GDAC,pfl,aoml/4903557/profiles/D4903557_116.nc|2025-01-07T05:38:55Z|25.75864|-94.20133,aoml/4903557/profiles/D4903557_116.nc,4903557,4903557,25.75864,-94.20133,2025-01-07T05:38:55Z,20250107,2025,1014,1.0,2017.32,132.9413,True,False,True,https://noaa-nws-rtofs-pds.s3.amazonaws.com/rtofs.20250107/rtofs_glo_3dz_f006_6hrly_hvr_US_east.nc
ARGO_GDAC,pfl,aoml/4903557/profiles/D4903557_116.nc|2025-01-07T05:38:55Z|25.75864|-94.20133,aoml/4903557/profiles/D4903557_116.nc,4903557,4903557,25.75864,-94.20133,2025-01-07T05:38:55Z,20250107,2025,833,0.52,99.92,,False,False,True,https://noaa-nws-rtofs-pds.s3.amazonaws.com/rtofs.20250107/rtofs_glo_3dz_f006_6hrly_hvr_US_east.nc
ARGO_GDAC,pfl,aoml/4903557/profiles/D4903557_117.nc|2025-01-12T06:18:14Z|25.73757|-94.10914,aoml/4903557/profiles/D4903557_117.nc,4903557,4903557,25.73757,-94.10914,2025-01-12T06:18:14Z,20250112,2025,1015,0.48,2017.08,140.4311,True,False,True,https://noaa-nws-rtofs-pds.s3.amazonaws.com/rtofs.20250112/rtofs_glo_3dz_f006_6hrly_hvr_US_east.nc
ARGO_GDAC,pfl,aoml/4903557/profiles/D4903557_117.nc|2025-01-12T06:18:14Z|25.73757|-94.10914,aoml/4903557/profiles/D4903557_117.nc,4903557,4903557,25.73757,-94.10914,2025-01-12T06:18:14Z,20250112,2025,825,0.48,99.96,,False,False,True,https://noaa-nws-rtofs-pds.s3.amazonaws.com/rtofs.20250112/rtofs_glo_3dz_f006_6hrly_hvr_US_east.nc
ARGO_GDAC,pfl,aoml/4903557/profiles/D4903557_118.nc|2025-01-17T06:54:23Z|25.97257|-94.28622,aoml/4903557/profiles/D4903557_118.nc,4903557,4903557,25.97257,-94.28622,2025-01-17T06:54:23Z,20250117,2025,1011,0.44,2009.16,156.6107,True,False,True,https://noaa-nws-rtofs-pds.s3.amazonaws.com/rtofs.20250117/rtofs_glo_3dz_f006_6hrly_hvr_US_east.nc
ARGO_GDAC,pfl,aoml/4903557/profiles/D4903557_118.nc|2025-01-17T06:54:23Z|25.97257|-94.28622,aoml/4903557/profiles/D4903557_118.nc,4903557,4903557,25.97257,-94.28622,2025-01-17T06:54:23Z,20250117,2025,849,0.44,99.96,,False,False,True,https://noaa-nws-rtofs-pds.s3.amazonaws.com/rtofs.20250117/rtofs_glo_3dz_f006_6hrly_hvr_US_east.nc
ARGO_GDAC,pfl,aoml/4903557/profiles/D4903557_119.nc|2025-01-22T07:40:04Z|25.98812|-94.75685,aoml/4903557/profiles/D4903557_119.nc,4903557,4903557,25.98812,-94.75685,2025-01-22T07:40:04Z,20250122,2025,1015,0.36,2017.28,168.2844,True,False,True,https://noaa-nws-rtofs-pds.s3.amazonaws.com/rtofs.20250122/rtofs_glo_3dz_f006_6hrly_hvr_US_east.nc
ARGO_GDAC,pfl,aoml/4903557/profiles/D4903557_119.nc|2025-01-22T07:40:04Z|25.98812|-94.75685,aoml/4903557/profiles/D4903557_119.nc,4903557,4903557,25.98812,-94.75685,2025-01-22T07:40:04Z,20250122,2025,885,0.28,100.0,,False,False,True,https://noaa-nws-rtofs-pds.s3.amazonaws.com/rtofs.20250122/rtofs_glo_3dz_f006_6hrly_hvr_US_east.nc
ARGO_GDAC,pfl,aoml/4903557/profiles/D4903557_120.nc|2025-01-27T08:15:42Z|25.67298|-95.17948,aoml/4903557/profiles/D4903557_120.nc,4903557,4903557,25.67298,-95.17948,2025-01-27T08:15:42Z,20250127,2025,1010,1.0,2009.52,153.8223,True,False,True,https://noaa-nws-rtofs-pds.s3.amazonaws.com/rtofs.20250127/rtofs_glo_3dz_f006_6hrly_hvr_US_east.nc
ARGO_GDAC,pfl,aoml/4903557/profiles/D4903557_120.nc|2025-01-27T08:15:42Z|25.67298|-95.17948,aoml/4903557/profiles/D4903557_120.nc,4903557,4903557,25.67298,-95.17948,2025-01-27T08:15:42Z,20250127,2025,721,0.64,100.0,,False,False,True,https://noaa-nws-rtofs-pds.s3.amazonaws.com/rtofs.20250127/rtofs_glo_3dz_f006_6hrly_hvr_US_east.nc
ARGO_GDAC,pfl,aoml/4903557/profiles/D4903557_121.nc|2025-02-01T08:58:39Z|25.29886|-95.42074,aoml/4903557/profiles/D4903557_121.nc,4903557,4903557,25.29886,-95.42074,2025-02-01T08:58:39Z,20250201,2025,1011,1.04,2011.32,99.0799,True,True,True,https://noaa-nws-rtofs-pds.s3.amazonaws.com/rtofs.20250201/rtofs_glo_3dz_f006_6hrly_hvr_US_east.nc
ARGO_GDAC,pfl,aoml/4903557/profiles/D4903557_121.nc|2025-02-01T08:58:39Z|25.29886|-95.42074,aoml/4903557/profiles/D4903557_121.nc,4903557,4903557,25.29886,-95.42074,2025-02-01T08:58:39Z,20250201,2025,805,0.6,100.0,99.16,True,True,True,https://noaa-nws-rtofs-pds.s3.amazonaws.com/rtofs.20250201/rtofs_glo_3dz_f006_6hrly_hvr_US_east.nc
ARGO_GDAC,pfl,aoml/4903557/profiles/D4903557_122.nc|2025-02-06T09:44:59Z|25.30032|-95.55788,aoml/4903557/profiles/D4903557_122.nc,4903557,4903557,25.30032,-95.55788,2025-02-06T09:44:59Z,20250206,2025,1010,1.04,2009.52,43.3959,True,True,True,https://noaa-nws-rtofs-pds.s3.amazonaws.com/rtofs.20250206/rtofs_glo_3dz_f006_6hrly_hvr_US_east.nc
ARGO_GDAC,pfl,aoml/4903557/profiles/D4903557_122.nc|2025-02-06T09:44:59Z|25.30032|-95.55788,aoml/4903557/profiles/D4903557_122.nc,4903557,4903557,25.30032,-95.55788,2025-02-06T09:44:59Z,20250206,2025,796,0.64,99.88,43.06,True,True,True,https://noaa-nws-rtofs-pds.s3.amazonaws.com/rtofs.20250206/rtofs_glo_3dz_f006_6hrly_hvr_US_east.nc
ARGO_GDAC,pfl,aoml/4903557/profiles/D4903557_123.nc|2025-02-11T10:35:53Z|25.38399|-95.53086,aoml/4903557/profiles/D4903557_123.nc,4903557,4903557,25.38399,-95.53086,2025-02-11T10:35:53Z,20250211,2025,835,1.04,1659.08,25.3093,True,True,True,https://noaa-nws-rtofs-pds.s3.amazonaws.com/rtofs.20250211/rtofs_glo_3dz_f006_6hrly_hvr_US_east.nc
ARGO_GDAC,pfl,aoml/4903557/profiles/D4903557_123.nc|2025-02-11T10:35:53Z|25.38399|-95.53086,aoml/4903557/profiles/D4903557_123.nc,4903557,4903557,25.38399,-95.53086,2025-02-11T10:35:53Z,20250211,2025,758,0.6,99.92,25.568,True,True,True,https://noaa-nws-rtofs-pds.s3.amazonaws.com/rtofs.20250211/rtofs_glo_3dz_f006_6hrly_hvr_US_east.nc
ARGO_GDAC,pfl,aoml/4903557/profiles/D4903557_124.nc|2025-02-16T11:25:59Z|25.45026|-95.44924,aoml/4903557/profiles/D4903557_124.nc,4903557,4903557,25.45026,-95.44924,2025-02-16T11:25:59Z,20250216,2025,1006,1.0,2001.56,28.8731,True,True,True,https://noaa-nws-rtofs-pds.s3.amazonaws.com/rtofs.20250216/rtofs_glo_3dz_f006_6hrly_hvr_US_east.nc
ARGO_GDAC,pfl,aoml/4903557/profiles/D4903557_124.nc|2025-02-16T11:25:59Z|25.45026|-95.44924,aoml/4903557/profiles/D4903557_124.nc,4903557,4903557,25.45026,-95.44924,2025-02-16T11:25:59Z,20250216,2025,846,0.6,99.88,28.168,True,True,True,https://noaa-nws-rtofs-pds.s3.amazonaws.com/rtofs.20250216/rtofs_glo_3dz_f006_6hrly_hvr_US_east.nc
ARGO_GDAC,pfl,aoml/4903557/profiles/D4903557_125.nc|2025-02-21T11:50:37Z|25.21008|-95.65908,aoml/4903557/profiles/D4903557_125.nc,4903557,4903557,25.21008,-95.65908,2025-02-21T11:50:37Z,20250221,2025,1011,0.96,2011.92,104.1487,True,False,True,https://noaa-nws-rtofs-pds.s3.amazonaws.com/rtofs.20250221/rtofs_glo_3dz_f006_6hrly_hvr_US_east.nc
ARGO_GDAC,pfl,aoml/4903557/profiles/D4903557_125.nc|2025-02-21T11:50:37Z|25.21008|-95.65908,aoml/4903557/profiles/D4903557_125.nc,4903557,4903557,25.21008,-95.65908,2025-02-21T11:50:37Z,20250221,2025,758,0.68,99.92,,False,False,True,https://noaa-nws-rtofs-pds.s3.amazonaws.com/rtofs.20250221/rtofs_glo_3dz_f006_6hrly_hvr_US_east.nc
ARGO_GDAC,pfl,aoml/4903557/profiles/D4903557_126.nc|2025-02-26T12:36:08Z|25.12912|-95.84777,aoml/4903557/profiles/D4903557_126.nc,4903557,4903557,25.12912,-95.84777,2025-02-26T12:36:08Z,20250226,2025,1009,1.04,2007.6,116.8533,True,False,True,https://noaa-nws-rtofs-pds.s3.amazonaws.com/rtofs.20250226/rtofs_glo_3dz_f006_6hrly_hvr_US_east.nc
ARGO_GDAC,pfl,aoml/4903557/profiles/D4903557_126.nc|2025-02-26T12:36:08Z|25.12912|-95.84777,aoml/4903557/profiles/D4903557_126.nc,4903557,4903557,25.12912,-95.84777,2025-02-26T12:36:08Z,20250226,2025,700,0.68,100.0,,False,False,True,https://noaa-nws-rtofs-pds.s3.amazonaws.com/rtofs.20250226/rtofs_glo_3dz_f006_6hrly_hvr_US_east.nc
ARGO_GDAC,pfl,aoml/4903557/profiles/D4903557_127.nc|2025-03-03T13:50:03Z|24.99970|-95.92756,aoml/4903557/profiles/D4903557_127.nc,4903557,4903557,24.9997,-95.92756,2025-03-03T13:50:03Z,20250303,2025,944,1.12,1877.56,82.9807,True,True,True,https://noaa-nws-rtofs-pds.s3.amazonaws.com/rtofs.20250303/rtofs_glo_3dz_f006_6hrly_hvr_US_east.nc
ARGO_GDAC,pfl,aoml/4903557/profiles/D4903557_127.nc|2025-03-03T13:50:03Z|24.99970|-95.92756,aoml/4903557/profiles/D4903557_127.nc,4903557,4903557,24.9997,-95.92756,2025-03-03T13:50:03Z,20250303,2025,792,0.8,99.96,83.728,True,True,True,https://noaa-nws-rtofs-pds.s3.amazonaws.com/rtofs.20250303/rtofs_glo_3dz_f006_6hrly_hvr_US_east.nc
ARGO_GDAC,pfl,aoml/4903557/profiles/D4903557_128.nc|2025-03-08T15:11:22Z|25.01058|-95.92756,aoml/4903557/profiles/D4903557_128.nc,4903557,4903557,25.01058,-95.92756,2025-03-08T15:11:22Z,20250308,2025,955,1.0,1899.68,142.1715,True,False,True,https://noaa-nws-rtofs-pds.s3.amazonaws.com/rtofs.20250308/rtofs_glo_3dz_f006_6hrly_hvr_US_east.nc
ARGO_GDAC,pfl,aoml/4903557/profiles/D4903557_128.nc|2025-03-08T15:11:22Z|25.01058|-95.92756,aoml/4903557/profiles/D4903557_128.nc,4903557,4903557,25.01058,-95.92756,2025-03-08T15:11:22Z,20250308,2025,802,0.6,99.92,,False,False,True,https://noaa-nws-rtofs-pds.s3.amazonaws.com/rtofs.20250308/rtofs_glo_3dz_f006_6hrly_hvr_US_east.nc
ARGO_GDAC,pfl,aoml/4903557/profiles/D4903557_129.nc|2025-03-13T16:10:33Z|25.03906|-95.95161,aoml/4903557/profiles/D4903557_129.nc,4903557,4903557,25.03906,-95.95161,2025-03-13T16:10:33Z,20250313,2025,859,1.08,1707.32,148.3221,True,False,True,https://noaa-nws-rtofs-pds.s3.amazonaws.com/rtofs.20250313/rtofs_glo_3dz_f006_6hrly_hvr_US_east.nc
ARGO_GDAC,pfl,aoml/4903557/profiles/D4903557_129.nc|2025-03-13T16:10:33Z|25.03906|-95.95161,aoml/4903557/profiles/D4903557_129.nc,4903557,4903557,25.03906,-95.95161,2025-03-13T16:10:33Z,20250313,2025,739,0.72,99.96,,False,False,True,https://noaa-nws-rtofs-pds.s3.amazonaws.com/rtofs.20250313/rtofs_glo_3dz_f006_6hrly_hvr_US_east.nc
ARGO_GDAC,pfl,aoml/4903557/profiles/D4903557_130.nc|2025-03-18T16:47:52Z|24.98882|-95.99277,aoml/4903557/profiles/D4903557_130.nc,4903557,4903557,24.98882,-95.99277,2025-03-18T16:47:52Z,20250318,2025,790,1.04,1569.72,141.5119,True,False,True,https://noaa-nws-rtofs-pds.s3.amazonaws.com/rtofs.20250318/rtofs_glo_3dz_f006_6hrly_hvr_US_east.nc
ARGO_GDAC,pfl,aoml/4903557/profiles/D4903557_130.nc|2025-03-18T16:47:52Z|24.98882|-95.99277,aoml/4903557/profiles/D4903557_130.nc,4903557,4903557,24.98882,-95.99277,2025-03-18T16:47:52Z,20250318,2025,756,0.68,100.0,,False,False,True,https://noaa-nws-rtofs-pds.s3.amazonaws.com/rtofs.20250318/rtofs_glo_3dz_f006_6hrly_hvr_US_east.nc
ARGO_GDAC,pfl,aoml/4903557/profiles/D4903557_131.nc|2025-03-23T17:42:06Z|24.76030|-96.13701,aoml/4903557/profiles/D4903557_131.nc,4903557,4903557,24.7603,-96.13701,2025-03-23T17:42:06Z,20250323,2025,869,1.0,1727.16,134.2534,True,False,True,https://noaa-nws-rtofs-pds.s3.amazonaws.com/rtofs.20250323/rtofs_glo_3dz_f006_6hrly_hvr_US_east.nc
ARGO_GDAC,pfl,aoml/4903557/profiles/D4903557_131.nc|2025-03-23T17:42:06Z|24.76030|-96.13701,aoml/4903557/profiles/D4903557_131.nc,4903557,4903557,24.7603,-96.13701,2025-03-23T17:42:06Z,20250323,2025,740,0.52,99.92,,False,False,True,https://noaa-nws-rtofs-pds.s3.amazonaws.com/rtofs.20250323/rtofs_glo_3dz_f006_6hrly_hvr_US_east.nc
ARGO_GDAC,pfl,aoml/4903557/profiles/D4903557_132.nc|2025-03-28T17:49:25Z|24.77378|-96.16939,aoml/4903557/profiles/D4903557_132.nc,4903557,4903557,24.77378,-96.16939,2025-03-28T17:49:25Z,20250328,2025,688,1.08,1365.56,31.15,True,True,True,https://noaa-nws-rtofs-pds.s3.amazonaws.com/rtofs.20250328/rtofs_glo_3dz_f006_6hrly_hvr_US_east.nc
ARGO_GDAC,pfl,aoml/4903557/profiles/D4903557_132.nc|2025-03-28T17:49:25Z|24.77378|-96.16939,aoml/4903557/profiles/D4903557_132.nc,4903557,4903557,24.77378,-96.16939,2025-03-28T17:49:25Z,20250328,2025,703,0.68,99.88,31.2747,True,True,True,https://noaa-nws-rtofs-pds.s3.amazonaws.com/rtofs.20250328/rtofs_glo_3dz_f006_6hrly_hvr_US_east.nc
ARGO_GDAC,pfl,aoml/4903557/profiles/D4903557_133.nc|2025-04-02T18:00:08Z|24.77358|-96.17012,aoml/4903557/profiles/D4903557_133.nc,4903557,4903557,24.77358,-96.17012,2025-04-02T18:00:08Z,20250402,2025,690,1.08,1369.6,19.3672,True,True,True,https://noaa-nws-rtofs-pds.s3.amazonaws.com/rtofs.20250402/rtofs_glo_3dz_f006_6hrly_hvr_US_east.nc
ARGO_GDAC,pfl,aoml/4903557/profiles/D4903557_133.nc|2025-04-02T18:00:08Z|24.77358|-96.17012,aoml/4903557/profiles/D4903557_133.nc,4903557,4903557,24.77358,-96.17012,2025-04-02T18:00:08Z,20250402,2025,790,0.68,100.0,20.0588,True,True,True,https://noaa-nws-rtofs-pds.s3.amazonaws.com/rtofs.20250402/rtofs_glo_3dz_f006_6hrly_hvr_US_east.nc
ARGO_GDAC,pfl,aoml/4903557/profiles/D4903557_134.nc|2025-04-07T18:12:35Z|24.76828|-96.17314,aoml/4903557/profiles/D4903557_134.nc,4903557,4903557,24.76828,-96.17314,2025-04-07T18:12:35Z,20250407,2025,687,1.0,1363.52,47.4507,True,True,True,https://noaa-nws-rtofs-pds.s3.amazonaws.com/rtofs.20250407/rtofs_glo_3dz_f006_6hrly_hvr_US_east.nc
ARGO_GDAC,pfl,aoml/4903557/profiles/D4903557_134.nc|2025-04-07T18:12:35Z|24.76828|-96.17314,aoml/4903557/profiles/D4903557_134.nc,4903557,4903557,24.76828,-96.17314,2025-04-07T18:12:35Z,20250407,2025,759,0.6,99.92,47.9529,True,True,True,https://noaa-nws-rtofs-pds.s3.amazonaws.com/rtofs.20250407/rtofs_glo_3dz_f006_6hrly_hvr_US_east.nc
ARGO_GDAC,pfl,aoml/4903557/profiles/D4903557_135.nc|2025-04-12T18:21:54Z|24.75895|-96.17316,aoml/4903557/profiles/D4903557_135.nc,4903557,4903557,24.75895,-96.17316,2025-04-12T18:21:54Z,20250412,2025,691,1.04,1371.08,48.1456,True,True,True,https://noaa-nws-rtofs-pds.s3.amazonaws.com/rtofs.20250412/rtofs_glo_3dz_f006_6hrly_hvr_US_east.nc
ARGO_GDAC,pfl,aoml/4903557/profiles/D4903557_135.nc|2025-04-12T18:21:54Z|24.75895|-96.17316,aoml/4903557/profiles/D4903557_135.nc,4903557,4903557,24.75895,-96.17316,2025-04-12T18:21:54Z,20250412,2025,732,0.6,99.96,47.7893,True,True,True,https://noaa-nws-rtofs-pds.s3.amazonaws.com/rtofs.20250412/rtofs_glo_3dz_f006_6hrly_hvr_US_east.nc
ARGO_GDAC,pfl,aoml/4903557/profiles/D4903557_136.nc|2025-04-17T18:32:11Z|24.76038|-96.17216,aoml/4903557/profiles/D4903557_136.nc,4903557,4903557,24.76038,-96.17216,2025-04-17T18:32:11Z,20250417,2025,701,1.0,1391.24,53.4342,True,True,True,https://noaa-nws-rtofs-pds.s3.amazonaws.com/rtofs.20250417/rtofs_glo_3dz_f006_6hrly_hvr_US_east.nc
ARGO_GDAC,pfl,aoml/4903557/profiles/D4903557_136.nc|2025-04-17T18:32:11Z|24.76038|-96.17216,aoml/4903557/profiles/D4903557_136.nc,4903557,4903557,24.76038,-96.17216,2025-04-17T18:32:11Z,20250417,2025,752,0.64,99.88,53.29,True,True,True,https://noaa-nws-rtofs-pds.s3.amazonaws.com/rtofs.20250417/rtofs_glo_3dz_f006_6hrly_hvr_US_east.nc
ARGO_GDAC,pfl,aoml/4903557/profiles/D4903557_137.nc|2025-04-22T18:44:34Z|24.76262|-96.16584,aoml/4903557/profiles/D4903557_137.nc,4903557,4903557,24.76262,-96.16584,2025-04-22T18:44:34Z,20250422,2025,686,0.96,1361.24,26.46,True,True,True,https://noaa-nws-rtofs-pds.s3.amazonaws.com/rtofs.20250422/rtofs_glo_3dz_f006_6hrly_hvr_US_east.nc
ARGO_GDAC,pfl,aoml/4903557/profiles/D4903557_137.nc|2025-04-22T18:44:34Z|24.76262|-96.16584,aoml/4903557/profiles/D4903557_137.nc,4903557,4903557,24.76262,-96.16584,2025-04-22T18:44:34Z,20250422,2025,783,0.56,99.88,26.5999,True,True,True,https://noaa-nws-rtofs-pds.s3.amazonaws.com/rtofs.20250422/rtofs_glo_3dz_f006_6hrly_hvr_US_east.nc
ARGO_GDAC,pfl,aoml/4903557/profiles/D4903557_138.nc|2025-04-27T18:55:11Z|24.76168|-96.15331,aoml/4903557/profiles/D4903557_138.nc,4903557,4903557,24.76168,-96.15331,2025-04-27T18:55:11Z,20250427,2025,671,1.0,1332.08,34.8792,True,True,True,https://noaa-nws-rtofs-pds.s3.amazonaws.com/rtofs.20250427/rtofs_glo_3dz_f006_6hrly_hvr_US_east.nc
ARGO_GDAC,pfl,aoml/4903557/profiles/D4903557_138.nc|2025-04-27T18:55:11Z|24.76168|-96.15331,aoml/4903557/profiles/D4903557_138.nc,4903557,4903557,24.76168,-96.15331,2025-04-27T18:55:11Z,20250427,2025,851,0.6,99.92,35.4704,True,True,True,https://noaa-nws-rtofs-pds.s3.amazonaws.com/rtofs.20250427/rtofs_glo_3dz_f006_6hrly_hvr_US_east.nc
ARGO_GDAC,pfl,aoml/4903557/profiles/D4903557_139.nc|2025-05-02T19:44:20Z|24.68815|-96.18288,aoml/4903557/profiles/D4903557_139.nc,4903557,4903557,24.68815,-96.18288,2025-05-02T19:44:20Z,20250502,2025,828,1.04,1645.36,32.9304,True,True,True,https://noaa-nws-rtofs-pds.s3.amazonaws.com/rtofs.20250502/rtofs_glo_3dz_f006_6hrly_hvr_US_east.nc
ARGO_GDAC,pfl,aoml/4903557/profiles/D4903557_139.nc|2025-05-02T19:44:20Z|24.68815|-96.18288,aoml/4903557/profiles/D4903557_139.nc,4903557,4903557,24.68815,-96.18288,2025-05-02T19:44:20Z,20250502,2025,830,0.72,100.0,33.0533,True,True,True,https://noaa-nws-rtofs-pds.s3.amazonaws.com/rtofs.20250502/rtofs_glo_3dz_f006_6hrly_hvr_US_east.nc
ARGO_GDAC,pfl,aoml/4903557/profiles/D4903557_140.nc|2025-05-07T21:05:44Z|24.49214|-96.25582,aoml/4903557/profiles/D4903557_140.nc,4903557,4903557,24.49214,-96.25582,2025-05-07T21:05:44Z,20250507,2025,964,1.0,1917.4,26.9582,True,True,True,https://noaa-nws-rtofs-pds.s3.amazonaws.com/rtofs.20250507/rtofs_glo_3dz_f006_6hrly_hvr_US_east.nc
ARGO_GDAC,pfl,aoml/4903557/profiles/D4903557_140.nc|2025-05-07T21:05:44Z|24.49214|-96.25582,aoml/4903557/profiles/D4903557_140.nc,4903557,4903557,24.49214,-96.25582,2025-05-07T21:05:44Z,20250507,2025,781,0.6,100.0,27.095,True,True,True,https://noaa-nws-rtofs-pds.s3.amazonaws.com/rtofs.20250507/rtofs_glo_3dz_f006_6hrly_hvr_US_east.nc
ARGO_GDAC,pfl,aoml/4903557/profiles/D4903557_141.nc|2025-05-12T22:19:50Z|24.37420|-96.34865,aoml/4903557/profiles/D4903557_141.nc,4903557,4903557,24.3742,-96.34865,2025-05-12T22:19:50Z,20250512,2025,920,0.48,1827.28,18.6019,True,True,True,https://noaa-nws-rtofs-pds.s3.amazonaws.com/rtofs.20250512/rtofs_glo_3dz_f006_6hrly_hvr_US_east.nc
ARGO_GDAC,pfl,aoml/4903557/profiles/D4903557_141.nc|2025-05-12T22:19:50Z|24.37420|-96.34865,aoml/4903557/profiles/D4903557_141.nc,4903557,4903557,24.3742,-96.34865,2025-05-12T22:19:50Z,20250512,2025,812,0.48,99.96,18.7747,True,True,True,https://noaa-nws-rtofs-pds.s3.amazonaws.com/rtofs.20250512/rtofs_glo_3dz_f006_6hrly_hvr_US_east.nc
ARGO_GDAC,pfl,aoml/4903557/profiles/D4903557_142.nc|2025-05-17T23:09:46Z|24.34608|-96.45412,aoml/4903557/profiles/D4903557_142.nc,4903557,4903557,24.34608,-96.45412,2025-05-17T23:09:46Z,20250517,2025,810,1.0,1609.16,21.7524,True,True,True,https://noaa-nws-rtofs-pds.s3.amazonaws.com/rtofs.20250517/rtofs_glo_3dz_f006_6hrly_hvr_US_east.nc
ARGO_GDAC,pfl,aoml/4903557/profiles/D4903557_142.nc|2025-05-17T23:09:46Z|24.34608|-96.45412,aoml/4903557/profiles/D4903557_142.nc,4903557,4903557,24.34608,-96.45412,2025-05-17T23:09:46Z,20250517,2025,809,0.52,99.96,21.5958,True,True,True,https://noaa-nws-rtofs-pds.s3.amazonaws.com/rtofs.20250517/rtofs_glo_3dz_f006_6hrly_hvr_US_east.nc
ARGO_GDAC,pfl,aoml/4903557/profiles/D4903557_143.nc|2025-05-22T23:07:14Z|24.44576|-96.46712,aoml/4903557/profiles/D4903557_143.nc,4903557,4903557,24.44576,-96.46712,2025-05-22T23:07:14Z,20250522,2025,622,0.48,1231.8,15.2928,True,True,True,https://noaa-nws-rtofs-pds.s3.amazonaws.com/rtofs.20250522/rtofs_glo_3dz_f006_6hrly_hvr_US_east.nc
ARGO_GDAC,pfl,aoml/4903557/profiles/D4903557_143.nc|2025-05-22T23:07:14Z|24.44576|-96.46712,aoml/4903557/profiles/D4903557_143.nc,4903557,4903557,24.44576,-96.46712,2025-05-22T23:07:14Z,20250522,2025,799,0.48,99.96,14.72,True,True,True,https://noaa-nws-rtofs-pds.s3.amazonaws.com/rtofs.20250522/rtofs_glo_3dz_f006_6hrly_hvr_US_east.nc
ARGO_GDAC,pfl,aoml/4903557/profiles/D4903557_144.nc|2025-05-27T22:28:16Z|24.55871|-96.49807,aoml/4903557/profiles/D4903557_144.nc,4903557,4903557,24.55871,-96.49807,2025-05-27T22:28:16Z,20250527,2025,501,1.04,992.12,20.0942,True,True,True,https://noaa-nws-rtofs-pds.s3.amazonaws.com/rtofs.20250527/rtofs_glo_3dz_f006_6hrly_hvr_US_east.nc
ARGO_GDAC,pfl,aoml/4903557/profiles/D4903557_144.nc|2025-05-27T22:28:16Z|24.55871|-96.49807,aoml/4903557/profiles/D4903557_144.nc,4903557,4903557,24.55871,-96.49807,2025-05-27T22:28:16Z,20250527,2025,786,0.68,99.96,20.475,True,True,True,https://noaa-nws-rtofs-pds.s3.amazonaws.com/rtofs.20250527/rtofs_glo_3dz_f006_6hrly_hvr_US_east.nc
ARGO_GDAC,pfl,aoml/4903557/profiles/D4903557_145.nc|2025-06-01T21:53:24Z|24.52785|-96.47199,aoml/4903557/profiles/D4903557_145.nc,4903557,4903557,24.52785,-96.47199,2025-06-01T21:53:24Z,20250601,2025,521,0.48,1029.56,19.8067,True,True,True,https://noaa-nws-rtofs-pds.s3.amazonaws.com/rtofs.20250601/rtofs_glo_3dz_f006_6hrly_hvr_US_east.nc
ARGO_GDAC,pfl,aoml/4903557/profiles/D4903557_145.nc|2025-06-01T21:53:24Z|24.52785|-96.47199,aoml/4903557/profiles/D4903557_145.nc,4903557,4903557,24.52785,-96.47199,2025-06-01T21:53:24Z,20250601,2025,765,0.48,99.88,19.856,True,True,True,https://noaa-nws-rtofs-pds.s3.amazonaws.com/rtofs.20250601/rtofs_glo_3dz_f006_6hrly_hvr_US_east.nc
ARGO_GDAC,pfl,aoml/4903557/profiles/D4903557_146.nc|2025-06-06T21:48:04Z|24.33306|-96.61823,aoml/4903557/profiles/D4903557_146.nc,4903557,4903557,24.33306,-96.61823,2025-06-06T21:48:04Z,20250606,2025,644,1.0,1277.92,26.2111,True,True,True,https://noaa-nws-rtofs-pds.s3.amazonaws.com/rtofs.20250606/rtofs_glo_3dz_f006_6hrly_hvr_US_east.nc
ARGO_GDAC,pfl,aoml/4903557/profiles/D4903557_146.nc|2025-06-06T21:48:04Z|24.33306|-96.61823,aoml/4903557/profiles/D4903557_146.nc,4903557,4903557,24.33306,-96.61823,2025-06-06T21:48:04Z,20250606,2025,824,0.64,99.88,26.5733,True,True,True,https://noaa-nws-rtofs-pds.s3.amazonaws.com/rtofs.20250606/rtofs_glo_3dz_f006_6hrly_hvr_US_east.nc
ARGO_GDAC,pfl,aoml/4903557/profiles/D4903557_147.nc|2025-06-11T22:23:10Z|24.31521|-96.50659,aoml/4903557/profiles/D4903557_147.nc,4903557,4903557,24.31521,-96.50659,2025-06-11T22:23:10Z,20250611,2025,757,0.92,1503.4,22.255,True,True,True,https://noaa-nws-rtofs-pds.s3.amazonaws.com/rtofs.20250611/rtofs_glo_3dz_f006_6hrly_hvr_US_east.nc
ARGO_GDAC,pfl,aoml/4903557/profiles/D4903557_147.nc|2025-06-11T22:23:10Z|24.31521|-96.50659,aoml/4903557/profiles/D4903557_147.nc,4903557,4903557,24.31521,-96.50659,2025-06-11T22:23:10Z,20250611,2025,786,0.56,99.92,23.29,True,True,True,https://noaa-nws-rtofs-pds.s3.amazonaws.com/rtofs.20250611/rtofs_glo_3dz_f006_6hrly_hvr_US_east.nc
ARGO_GDAC,pfl,aoml/4903557/profiles/D4903557_148.nc|2025-06-16T22:38:08Z|24.25791|-96.44032,aoml/4903557/profiles/D4903557_148.nc,4903557,4903557,24.25791,-96.44032,2025-06-16T22:38:08Z,20250616,2025,720,1.0,1429.4,21.5659,True,True,True,https://noaa-nws-rtofs-pds.s3.amazonaws.com/rtofs.20250616/rtofs_glo_3dz_f006_6hrly_hvr_US_east.nc
ARGO_GDAC,pfl,aoml/4903557/profiles/D4903557_148.nc|2025-06-16T22:38:08Z|24.25791|-96.44032,aoml/4903557/profiles/D4903557_148.nc,4903557,4903557,24.25791,-96.44032,2025-06-16T22:38:08Z,20250616,2025,815,0.6,99.88,21.9378,True,True,True,https://noaa-nws-rtofs-pds.s3.amazonaws.com/rtofs.20250616/rtofs_glo_3dz_f006_6hrly_hvr_US_east.nc
ARGO_GDAC,pfl,aoml/4903557/profiles/D4903557_149.nc|2025-06-21T23:45:23Z|24.24851|-96.26872,aoml/4903557/profiles/D4903557_149.nc,4903557,4903557,24.24851,-96.26872,2025-06-21T23:45:23Z,20250621,2025,914,0.96,1817.6,28.1743,True,True,True,https://noaa-nws-rtofs-pds.s3.amazonaws.com/rtofs.20250621/rtofs_glo_3dz_f006_6hrly_hvr_US_east.nc
ARGO_GDAC,pfl,aoml/4903557/profiles/D4903557_149.nc|2025-06-21T23:45:23Z|24.24851|-96.26872,aoml/4903557/profiles/D4903557_149.nc,4903557,4903557,24.24851,-96.26872,2025-06-21T23:45:23Z,20250621,2025,849,0.52,99.92,28.3848,True,True,True,https://noaa-nws-rtofs-pds.s3.amazonaws.com/rtofs.20250621/rtofs_glo_3dz_f006_6hrly_hvr_US_east.nc
ARGO_GDAC,pfl,aoml/4903557/profiles/D4903557_150.nc|2025-06-27T01:15:22Z|24.05209|-96.17245,aoml/4903557/profiles/D4903557_150.nc,4903557,4903557,24.05209,-96.17245,2025-06-27T01:15:22Z,20250627,2025,994,0.44,1976.16,29.9615,True,True,True,https://noaa-nws-rtofs-pds.s3.amazonaws.com/rtofs.20250627/rtofs_glo_3dz_f006_6hrly_hvr_US_east.nc
ARGO_GDAC,pfl,aoml/4903557/profiles/D4903557_150.nc|2025-06-27T01:15:22Z|24.05209|-96.17245,aoml/4903557/profiles/D4903557_150.nc,4903557,4903557,24.05209,-96.17245,2025-06-27T01:15:22Z,20250627,2025,827,0.44,99.92,30.4549,True,True,True,https://noaa-nws-rtofs-pds.s3.amazonaws.com/rtofs.20250627/rtofs_glo_3dz_f006_6hrly_hvr_US_east.nc
ARGO_GDAC,pfl,aoml/4903557/profiles/D4903557_151.nc|2025-07-02T01:57:19Z|24.11508|-96.22021,aoml/4903557/profiles/D4903557_151.nc,4903557,4903557,24.11508,-96.22021,2025-07-02T01:57:19Z,20250702,2025,1009,1.04,2007.52,41.4438,True,True,True,https://noaa-nws-rtofs-pds.s3.amazonaws.com/rtofs.20250702/rtofs_glo_3dz_f006_6hrly_hvr_US_east.nc
ARGO_GDAC,pfl,aoml/4903557/profiles/D4903557_151.nc|2025-07-02T01:57:19Z|24.11508|-96.22021,aoml/4903557/profiles/D4903557_151.nc,4903557,4903557,24.11508,-96.22021,2025-07-02T01:57:19Z,20250702,2025,788,0.64,100.0,42.4285,True,True,True,https://noaa-nws-rtofs-pds.s3.amazonaws.com/rtofs.20250702/rtofs_glo_3dz_f006_6hrly_hvr_US_east.nc
ARGO_GDAC,pfl,aoml/4903557/profiles/D4903557_152.nc|2025-07-07T02:35:45Z|24.05392|-96.27656,aoml/4903557/profiles/D4903557_152.nc,4903557,4903557,24.05392,-96.27656,2025-07-07T02:35:45Z,20250707,2025,1010,0.48,2007.08,21.7084,True,True,True,https://noaa-nws-rtofs-pds.s3.amazonaws.com/rtofs.20250707/rtofs_glo_3dz_f006_6hrly_hvr_US_east.nc
ARGO_GDAC,pfl,aoml/4903557/profiles/D4903557_152.nc|2025-07-07T02:35:45Z|24.05392|-96.27656,aoml/4903557/profiles/D4903557_152.nc,4903557,4903557,24.05392,-96.27656,2025-07-07T02:35:45Z,20250707,2025,772,0.48,99.92,21.864,True,True,True,https://noaa-nws-rtofs-pds.s3.amazonaws.com/rtofs.20250707/rtofs_glo_3dz_f006_6hrly_hvr_US_east.nc
ARGO_GDAC,pfl,aoml/4903557/profiles/D4903557_153.nc|2025-07-12T03:13:37Z|24.05150|-96.17881,aoml/4903557/profiles/D4903557_153.nc,4903557,4903557,24.0515,-96.17881,2025-07-12T03:13:37Z,20250712,2025,1010,0.96,2009.2,36.7379,True,True,True,https://noaa-nws-rtofs-pds.s3.amazonaws.com/rtofs.20250712/rtofs_glo_3dz_f006_6hrly_hvr_US_east.nc
ARGO_GDAC,pfl,aoml/4903557/profiles/D4903557_153.nc|2025-07-12T03:13:37Z|24.05150|-96.17881,aoml/4903557/profiles/D4903557_153.nc,4903557,4903557,24.0515,-96.17881,2025-07-12T03:13:37Z,20250712,2025,920,0.56,99.92,36.884,True,True,True,https://noaa-nws-rtofs-pds.s3.amazonaws.com/rtofs.20250712/rtofs_glo_3dz_f006_6hrly_hvr_US_east.nc
ARGO_GDAC,pfl,aoml/4903557/profiles/D4903557_154.nc|2025-07-17T03:51:19Z|24.13290|-96.12525,aoml/4903557/profiles/D4903557_154.nc,4903557,4903557,24.1329,-96.12525,2025-07-17T03:51:19Z,20250717,2025,1012,1.0,2013.92,36.042,True,True,True,https://noaa-nws-rtofs-pds.s3.amazonaws.com/rtofs.20250717/rtofs_glo_3dz_f006_6hrly_hvr_US_east.nc
ARGO_GDAC,pfl,aoml/4903557/profiles/D4903557_154.nc|2025-07-17T03:51:19Z|24.13290|-96.12525,aoml/4903557/profiles/D4903557_154.nc,4903557,4903557,24.1329,-96.12525,2025-07-17T03:51:19Z,20250717,2025,815,0.52,99.96,36.22,True,True,True,https://noaa-nws-rtofs-pds.s3.amazonaws.com/rtofs.20250717/rtofs_glo_3dz_f006_6hrly_hvr_US_east.nc
ARGO_GDAC,pfl,aoml/4903557/profiles/D4903557_155.nc|2025-07-22T04:38:13Z|24.21015|-96.09470,aoml/4903557/profiles/D4903557_155.nc,4903557,4903557,24.21015,-96.0947,2025-07-22T04:38:13Z,20250722,2025,1013,0.48,2013.36,25.9677,True,True,True,https://noaa-nws-rtofs-pds.s3.amazonaws.com/rtofs.20250722/rtofs_glo_3dz_f006_6hrly_hvr_US_east.nc
ARGO_GDAC,pfl,aoml/4903557/profiles/D4903557_155.nc|2025-07-22T04:38:13Z|24.21015|-96.09470,aoml/4903557/profiles/D4903557_155.nc,4903557,4903557,24.21015,-96.0947,2025-07-22T04:38:13Z,20250722,2025,797,0.48,99.96,25.896,True,True,True,https://noaa-nws-rtofs-pds.s3.amazonaws.com/rtofs.20250722/rtofs_glo_3dz_f006_6hrly_hvr_US_east.nc
ARGO_GDAC,pfl,aoml/4903557/profiles/D4903557_156.nc|2025-07-27T05:17:30Z|24.27167|-95.97193,aoml/4903557/profiles/D4903557_156.nc,4903557,4903557,24.27167,-95.97193,2025-07-27T05:17:30Z,20250727,2025,1011,1.04,2011.44,26.6437,True,True,True,https://noaa-nws-rtofs-pds.s3.amazonaws.com/rtofs.20250727/rtofs_glo_3dz_f006_6hrly_hvr_US_east.nc
ARGO_GDAC,pfl,aoml/4903557/profiles/D4903557_156.nc|2025-07-27T05:17:30Z|24.27167|-95.97193,aoml/4903557/profiles/D4903557_156.nc,4903557,4903557,24.27167,-95.97193,2025-07-27T05:17:30Z,20250727,2025,843,0.68,99.88,27.0872,True,True,True,https://noaa-nws-rtofs-pds.s3.amazonaws.com/rtofs.20250727/rtofs_glo_3dz_f006_6hrly_hvr_US_east.nc
ARGO_GDAC,pfl,aoml/4903557/profiles/D4903557_157.nc|2025-08-01T06:01:28Z|24.23698|-95.87643,aoml/4903557/profiles/D4903557_157.nc,4903557,4903557,24.23698,-95.87643,2025-08-01T06:01:28Z,20250801,2025,1010,0.92,2010.0,27.5466,True,True,True,https://noaa-nws-rtofs-pds.s3.amazonaws.com/rtofs.20250801/rtofs_glo_3dz_f006_6hrly_hvr_US_east.nc
ARGO_GDAC,pfl,aoml/4903557/profiles/D4903557_157.nc|2025-08-01T06:01:28Z|24.23698|-95.87643,aoml/4903557/profiles/D4903557_157.nc,4903557,4903557,24.23698,-95.87643,2025-08-01T06:01:28Z,20250801,2025,817,0.52,100.0,27.76,True,True,True,https://noaa-nws-rtofs-pds.s3.amazonaws.com/rtofs.20250801/rtofs_glo_3dz_f006_6hrly_hvr_US_east.nc
ARGO_GDAC,pfl,aoml/4903557/profiles/D4903557_158.nc|2025-08-06T06:32:33Z|24.08279|-95.83559,aoml/4903557/profiles/D4903557_158.nc,4903557,4903557,24.08279,-95.83559,2025-08-06T06:32:33Z,20250806,2025,1013,1.0,2015.32,19.68,True,True,True,https://noaa-nws-rtofs-pds.s3.amazonaws.com/rtofs.20250806/rtofs_glo_3dz_f006_6hrly_hvr_US_east.nc
ARGO_GDAC,pfl,aoml/4903557/profiles/D4903557_158.nc|2025-08-06T06:32:33Z|24.08279|-95.83559,aoml/4903557/profiles/D4903557_158.nc,4903557,4903557,24.08279,-95.83559,2025-08-06T06:32:33Z,20250806,2025,712,0.68,99.92,19.484,True,True,True,https://noaa-nws-rtofs-pds.s3.amazonaws.com/rtofs.20250806/rtofs_glo_3dz_f006_6hrly_hvr_US_east.nc
ARGO_GDAC,pfl,aoml/4903557/profiles/D4903557_159.nc|2025-08-11T07:15:12Z|24.03575|-95.84612,aoml/4903557/profiles/D4903557_159.nc,4903557,4903557,24.03575,-95.84612,2025-08-11T07:15:12Z,20250811,2025,1013,0.96,2016.0,25.1158,True,True,True,https://noaa-nws-rtofs-pds.s3.amazonaws.com/rtofs.20250811/rtofs_glo_3dz_f006_6hrly_hvr_US_east.nc
ARGO_GDAC,pfl,aoml/4903557/profiles/D4903557_159.nc|2025-08-11T07:15:12Z|24.03575|-95.84612,aoml/4903557/profiles/D4903557_159.nc,4903557,4903557,24.03575,-95.84612,2025-08-11T07:15:12Z,20250811,2025,882,0.56,99.96,25.5165,True,True,True,https://noaa-nws-rtofs-pds.s3.amazonaws.com/rtofs.20250811/rtofs_glo_3dz_f006_6hrly_hvr_US_east.nc
ARGO_GDAC,pfl,aoml/4903557/profiles/D4903557_160.nc|2025-08-16T07:54:39Z|23.97758|-95.93459,aoml/4903557/profiles/D4903557_160.nc,4903557,4903557,23.97758,-95.93459,2025-08-16T07:54:39Z,20250816,2025,1013,1.08,2015.32,38.6505,True,True,True,https://noaa-nws-rtofs-pds.s3.amazonaws.com/rtofs.20250816/rtofs_glo_3dz_f006_6hrly_hvr_US_east.nc
ARGO_GDAC,pfl,aoml/4903557/profiles/D4903557_160.nc|2025-08-16T07:54:39Z|23.97758|-95.93459,aoml/4903557/profiles/D4903557_160.nc,4903557,4903557,23.97758,-95.93459,2025-08-16T07:54:39Z,20250816,2025,842,0.68,100.0,38.5314,True,True,True,https://noaa-nws-rtofs-pds.s3.amazonaws.com/rtofs.20250816/rtofs_glo_3dz_f006_6hrly_hvr_US_east.nc
ARGO_GDAC,pfl,aoml/4903557/profiles/D4903557_161.nc|2025-08-21T08:34:22Z|23.94024|-95.95792,aoml/4903557/profiles/D4903557_161.nc,4903557,4903557,23.94024,-95.95792,2025-08-21T08:34:22Z,20250821,2025,1010,0.96,2010.04,13.5185,True,True,True,https://noaa-nws-rtofs-pds.s3.amazonaws.com/rtofs.20250821/rtofs_glo_3dz_f006_6hrly_hvr_US_east.nc
ARGO_GDAC,pfl,aoml/4903557/profiles/D4903557_161.nc|2025-08-21T08:34:22Z|23.94024|-95.95792,aoml/4903557/profiles/D4903557_161.nc,4903557,4903557,23.94024,-95.95792,2025-08-21T08:34:22Z,20250821,2025,802,0.52,100.0,13.024,True,True,True,https://noaa-nws-rtofs-pds.s3.amazonaws.com/rtofs.20250821/rtofs_glo_3dz_f006_6hrly_hvr_US_east.nc
ARGO_GDAC,pfl,aoml/4903557/profiles/D4903557_162.nc|2025-08-26T09:13:08Z|23.99112|-95.85420,aoml/4903557/profiles/D4903557_162.nc,4903557,4903557,23.99112,-95.8542,2025-08-26T09:13:08Z,20250826,2025,1013,1.08,2015.44,31.005,True,True,True,https://noaa-nws-rtofs-pds.s3.amazonaws.com/rtofs.20250826/rtofs_glo_3dz_f006_6hrly_hvr_US_east.nc
ARGO_GDAC,pfl,aoml/4903557/profiles/D4903557_162.nc|2025-08-26T09:13:08Z|23.99112|-95.85420,aoml/4903557/profiles/D4903557_162.nc,4903557,4903557,23.99112,-95.8542,2025-08-26T09:13:08Z,20250826,2025,904,0.72,99.92,30.624,True,True,True,https://noaa-nws-rtofs-pds.s3.amazonaws.com/rtofs.20250826/rtofs_glo_3dz_f006_6hrly_hvr_US_east.nc
ARGO_GDAC,pfl,aoml/4903557/profiles/D4903557_163.nc|2025-08-31T09:59:59Z|24.28844|-95.79817,aoml/4903557/profiles/D4903557_163.nc,4903557,4903557,24.28844,-95.79817,2025-08-31T09:59:59Z,20250831,2025,1013,0.48,2013.8,36.2068,True,True,True,https://noaa-nws-rtofs-pds.s3.amazonaws.com/rtofs.20250831/rtofs_glo_3dz_f006_6hrly_hvr_US_east.nc
ARGO_GDAC,pfl,aoml/4903557/profiles/D4903557_163.nc|2025-08-31T09:59:59Z|24.28844|-95.79817,aoml/4903557/profiles/D4903557_163.nc,4903557,4903557,24.28844,-95.79817,2025-08-31T09:59:59Z,20250831,2025,847,0.48,100.0,36.8835,True,True,True,https://noaa-nws-rtofs-pds.s3.amazonaws.com/rtofs.20250831/rtofs_glo_3dz_f006_6hrly_hvr_US_east.nc
ARGO_GDAC,pfl,aoml/4903557/profiles/D4903557_164.nc|2025-09-05T10:45:57Z|24.55557|-95.81118,aoml/4903557/profiles/D4903557_164.nc,4903557,4903557,24.55557,-95.81118,2025-09-05T10:45:57Z,20250905,2025,1010,1.0,2009.32,38.5177,True,True,True,https://noaa-nws-rtofs-pds.s3.amazonaws.com/rtofs.20250905/rtofs_glo_3dz_f006_6hrly_hvr_US_east.nc
ARGO_GDAC,pfl,aoml/4903557/profiles/D4903557_164.nc|2025-09-05T10:45:57Z|24.55557|-95.81118,aoml/4903557/profiles/D4903557_164.nc,4903557,4903557,24.55557,-95.81118,2025-09-05T10:45:57Z,20250905,2025,881,0.6,99.92,39.1702,True,True,True,https://noaa-nws-rtofs-pds.s3.amazonaws.com/rtofs.20250905/rtofs_glo_3dz_f006_6hrly_hvr_US_east.nc
ARGO_GDAC,pfl,aoml/4903557/profiles/D4903557_165.nc|2025-09-10T11:28:00Z|24.44324|-95.95225,aoml/4903557/profiles/D4903557_165.nc,4903557,4903557,24.44324,-95.95225,2025-09-10T11:28:00Z,20250910,2025,1009,1.0,2007.36,40.2557,True,True,True,https://noaa-nws-rtofs-pds.s3.amazonaws.com/rtofs.20250910/rtofs_glo_3dz_f006_6hrly_hvr_US_east.nc
ARGO_GDAC,pfl,aoml/4903557/profiles/D4903557_165.nc|2025-09-10T11:28:00Z|24.44324|-95.95225,aoml/4903557/profiles/D4903557_165.nc,4903557,4903557,24.44324,-95.95225,2025-09-10T11:28:00Z,20250910,2025,826,0.56,99.92,41.025,True,True,True,https://noaa-nws-rtofs-pds.s3.amazonaws.com/rtofs.20250910/rtofs_glo_3dz_f006_6hrly_hvr_US_east.nc
ARGO_GDAC,pfl,aoml/4903557/profiles/D4903557_166.nc|2025-09-15T12:08:14Z|24.09013|-95.98121,aoml/4903557/profiles/D4903557_166.nc,4903557,4903557,24.09013,-95.98121,2025-09-15T12:08:14Z,20250915,2025,1010,1.04,2009.28,36.0064,True,True,True,https://noaa-nws-rtofs-pds.s3.amazonaws.com/rtofs.20250915/rtofs_glo_3dz_f006_6hrly_hvr_US_east.nc
ARGO_GDAC,pfl,aoml/4903557/profiles/D4903557_166.nc|2025-09-15T12:08:14Z|24.09013|-95.98121,aoml/4903557/profiles/D4903557_166.nc,4903557,4903557,24.09013,-95.98121,2025-09-15T12:08:14Z,20250915,2025,902,0.64,99.96,36.4934,True,True,True,https://noaa-nws-rtofs-pds.s3.amazonaws.com/rtofs.20250915/rtofs_glo_3dz_f006_6hrly_hvr_US_east.nc
ARGO_GDAC,pfl,aoml/4903557/profiles/D4903557_167.nc|2025-09-20T12:36:49Z|23.83275|-96.09546,aoml/4903557/profiles/D4903557_167.nc,4903557,4903557,23.83275,-96.09546,2025-09-20T12:36:49Z,20250920,2025,1008,0.96,2005.32,42.5113,True,True,True,https://noaa-nws-rtofs-pds.s3.amazonaws.com/rtofs.20250920/rtofs_glo_3dz_f006_6hrly_hvr_US_east.nc
ARGO_GDAC,pfl,aoml/4903557/profiles/D4903557_167.nc|2025-09-20T12:36:49Z|23.83275|-96.09546,aoml/4903557/profiles/D4903557_167.nc,4903557,4903557,23.83275,-96.09546,2025-09-20T12:36:49Z,20250920,2025,755,0.52,99.96,43.6159,True,True,True,https://noaa-nws-rtofs-pds.s3.amazonaws.com/rtofs.20250920/rtofs_glo_3dz_f006_6hrly_hvr_US_east.nc
ARGO_GDAC,pfl,aoml/4903557/profiles/D4903557_168.nc|2025-09-25T13:17:46Z|23.82466|-96.11855,aoml/4903557/profiles/D4903557_168.nc,4903557,4903557,23.82466,-96.11855,2025-09-25T13:17:46Z,20250925,2025,1011,1.0,2011.56,45.2757,True,True,True,https://noaa-nws-rtofs-pds.s3.amazonaws.com/rtofs.20250925/rtofs_glo_3dz_f006_6hrly_hvr_US_east.nc
ARGO_GDAC,pfl,aoml/4903557/profiles/D4903557_168.nc|2025-09-25T13:17:46Z|23.82466|-96.11855,aoml/4903557/profiles/D4903557_168.nc,4903557,4903557,23.82466,-96.11855,2025-09-25T13:17:46Z,20250925,2025,884,0.6,99.96,45.6978,True,True,True,https://noaa-nws-rtofs-pds.s3.amazonaws.com/rtofs.20250925/rtofs_glo_3dz_f006_6hrly_hvr_US_east.nc
ARGO_GDAC,pfl,aoml/4903557/profiles/D4903557_169.nc|2025-09-30T13:57:02Z|24.01246|-96.03848,aoml/4903557/profiles/D4903557_169.nc,4903557,4903557,24.01246,-96.03848,2025-09-30T13:57:02Z,20250930,2025,1012,1.04,2013.8,51.8991,True,True,True,https://noaa-nws-rtofs-pds.s3.amazonaws.com/rtofs.20250930/rtofs_glo_3dz_f006_6hrly_hvr_US_east.nc
ARGO_GDAC,pfl,aoml/4903557/profiles/D4903557_169.nc|2025-09-30T13:57:02Z|24.01246|-96.03848,aoml/4903557/profiles/D4903557_169.nc,4903557,4903557,24.01246,-96.03848,2025-09-30T13:57:02Z,20250930,2025,723,0.64,99.92,52.4224,True,True,True,https://noaa-nws-rtofs-pds.s3.amazonaws.com/rtofs.20250930/rtofs_glo_3dz_f006_6hrly_hvr_US_east.nc
ARGO_GDAC,pfl,aoml/4903557/profiles/D4903557_170.nc|2025-10-05T14:29:32Z|24.16238|-95.79882,aoml/4903557/profiles/D4903557_170.nc,4903557,4903557,24.16238,-95.79882,2025-10-05T14:29:32Z,20251005,2025,1008,0.96,2005.04,36.305,True,True,True,https://noaa-nws-rtofs-pds.s3.amazonaws.com/rtofs.20251005/rtofs_glo_3dz_f006_6hrly_hvr_US_east.nc
ARGO_GDAC,pfl,aoml/4903557/profiles/D4903557_170.nc|2025-10-05T14:29:32Z|24.16238|-95.79882,aoml/4903557/profiles/D4903557_170.nc,4903557,4903557,24.16238,-95.79882,2025-10-05T14:29:32Z,20251005,2025,707,0.52,99.92,37.2954,True,True,True,https://noaa-nws-rtofs-pds.s3.amazonaws.com/rtofs.20251005/rtofs_glo_3dz_f006_6hrly_hvr_US_east.nc
ARGO_GDAC,pfl,aoml/4903557/profiles/D4903557_171.nc|2025-10-10T15:03:57Z|24.34408|-95.76000,aoml/4903557/profiles/D4903557_171.nc,4903557,4903557,24.34408,-95.76,2025-10-10T15:03:57Z,20251010,2025,1012,1.0,2013.4,40.2081,True,True,True,https://noaa-nws-rtofs-pds.s3.amazonaws.com/rtofs.20251010/rtofs_glo_3dz_f006_6hrly_hvr_US_east.nc
ARGO_GDAC,pfl,aoml/4903557/profiles/D4903557_171.nc|2025-10-10T15:03:57Z|24.34408|-95.76000,aoml/4903557/profiles/D4903557_171.nc,4903557,4903557,24.34408,-95.76,2025-10-10T15:03:57Z,20251010,2025,766,0.52,99.92,40.9922,True,True,True,https://noaa-nws-rtofs-pds.s3.amazonaws.com/rtofs.20251010/rtofs_glo_3dz_f006_6hrly_hvr_US_east.nc
ARGO_GDAC,pfl,aoml/4903557/profiles/D4903557_172.nc|2025-10-15T15:43:50Z|24.37287|-95.86994,aoml/4903557/profiles/D4903557_172.nc,4903557,4903557,24.37287,-95.86994,2025-10-15T15:43:50Z,20251015,2025,1010,1.0,2009.08,40.2135,True,True,True,https://noaa-nws-rtofs-pds.s3.amazonaws.com/rtofs.20251015/rtofs_glo_3dz_f006_6hrly_hvr_US_east.nc
ARGO_GDAC,pfl,aoml/4903557/profiles/D4903557_172.nc|2025-10-15T15:43:50Z|24.37287|-95.86994,aoml/4903557/profiles/D4903557_172.nc,4903557,4903557,24.37287,-95.86994,2025-10-15T15:43:50Z,20251015,2025,797,0.56,99.96,41.1667,True,True,True,https://noaa-nws-rtofs-pds.s3.amazonaws.com/rtofs.20251015/rtofs_glo_3dz_f006_6hrly_hvr_US_east.nc
ARGO_GDAC,pfl,aoml/4903557/profiles/D4903557_173.nc|2025-10-20T16:21:15Z|24.41423|-95.88416,aoml/4903557/profiles/D4903557_173.nc,4903557,4903557,24.41423,-95.88416,2025-10-20T16:21:15Z,20251020,2025,1014,0.48,2015.4,43.7594,True,True,True,https://noaa-nws-rtofs-pds.s3.amazonaws.com/rtofs.20251020/rtofs_glo_3dz_f006_6hrly_hvr_US_east.nc
ARGO_GDAC,pfl,aoml/4903557/profiles/D4903557_173.nc|2025-10-20T16:21:15Z|24.41423|-95.88416,aoml/4903557/profiles/D4903557_173.nc,4903557,4903557,24.41423,-95.88416,2025-10-20T16:21:15Z,20251020,2025,761,0.48,99.92,44.1262,True,True,True,https://noaa-nws-rtofs-pds.s3.amazonaws.com/rtofs.20251020/rtofs_glo_3dz_f006_6hrly_hvr_US_east.nc
ARGO_GDAC,pfl,aoml/4903557/profiles/D4903557_174.nc|2025-10-25T17:01:10Z|24.35233|-95.86069,aoml/4903557/profiles/D4903557_174.nc,4903557,4903557,24.35233,-95.86069,2025-10-25T17:01:10Z,20251025,2025,1011,1.0,2011.6,48.9071,True,True,True,https://noaa-nws-rtofs-pds.s3.amazonaws.com/rtofs.20251025/rtofs_glo_3dz_f006_6hrly_hvr_US_east.nc
ARGO_GDAC,pfl,aoml/4903557/profiles/D4903557_174.nc|2025-10-25T17:01:10Z|24.35233|-95.86069,aoml/4903557/profiles/D4903557_174.nc,4903557,4903557,24.35233,-95.86069,2025-10-25T17:01:10Z,20251025,2025,761,0.52,99.96,49.8183,True,True,True,https://noaa-nws-rtofs-pds.s3.amazonaws.com/rtofs.20251025/rtofs_glo_3dz_f006_6hrly_hvr_US_east.nc
ARGO_GDAC,pfl,aoml/4903557/profiles/D4903557_175.nc|2025-10-30T17:37:57Z|24.26096|-95.82403,aoml/4903557/profiles/D4903557_175.nc,4903557,4903557,24.26096,-95.82403,2025-10-30T17:37:57Z,20251030,2025,1012,1.0,2013.24,62.9984,True,True,True,https://noaa-nws-rtofs-pds.s3.amazonaws.com/rtofs.20251030/rtofs_glo_3dz_f006_6hrly_hvr_US_east.nc
ARGO_GDAC,pfl,aoml/4903557/profiles/D4903557_175.nc|2025-10-30T17:37:57Z|24.26096|-95.82403,aoml/4903557/profiles/D4903557_175.nc,4903557,4903557,24.26096,-95.82403,2025-10-30T17:37:57Z,20251030,2025,707,0.56,99.96,63.8829,True,True,True,https://noaa-nws-rtofs-pds.s3.amazonaws.com/rtofs.20251030/rtofs_glo_3dz_f006_6hrly_hvr_US_east.nc
ARGO_GDAC,pfl,aoml/4903557/profiles/R4903557_176.nc|2025-11-04T18:20:51Z|24.17409|-95.76160,aoml/4903557/profiles/R4903557_176.nc,4903557,4903557,24.17409,-95.7616,2025-11-04T18:20:51Z,20251104,2025,1011,1.0,2011.92,58.7861,True,True,True,https://noaa-nws-rtofs-pds.s3.amazonaws.com/rtofs.20251104/rtofs_glo_3dz_f006_6hrly_hvr_US_east.nc
ARGO_GDAC,pfl,aoml/4903557/profiles/R4903557_176.nc|2025-11-04T18:20:51Z|24.17409|-95.76160,aoml/4903557/profiles/R4903557_176.nc,4903557,4903557,24.17409,-95.7616,2025-11-04T18:20:51Z,20251104,2025,790,0.56,99.92,58.8886,True,True,True,https://noaa-nws-rtofs-pds.s3.amazonaws.com/rtofs.20251104/rtofs_glo_3dz_f006_6hrly_hvr_US_east.nc
ARGO_GDAC,pfl,aoml/4903557/profiles/R4903557_177.nc|2025-11-09T19:06:26Z|24.06113|-95.68992,aoml/4903557/profiles/R4903557_177.nc,4903557,4903557,24.06113,-95.68992,2025-11-09T19:06:26Z,20251109,2025,1014,0.44,2015.48,66.8994,True,True,True,https://noaa-nws-rtofs-pds.s3.amazonaws.com/rtofs.20251109/rtofs_glo_3dz_f006_6hrly_hvr_US_east.nc
ARGO_GDAC,pfl,aoml/4903557/profiles/R4903557_177.nc|2025-11-09T19:06:26Z|24.06113|-95.68992,aoml/4903557/profiles/R4903557_177.nc,4903557,4903557,24.06113,-95.68992,2025-11-09T19:06:26Z,20251109,2025,741,0.44,100.0,67.6832,True,True,True,https://noaa-nws-rtofs-pds.s3.amazonaws.com/rtofs.20251109/rtofs_glo_3dz_f006_6hrly_hvr_US_east.nc
ARGO_GDAC,pfl,aoml/4903557/profiles/R4903557_178.nc|2025-11-14T19:41:03Z|24.05169|-95.63225,aoml/4903557/profiles/R4903557_178.nc,4903557,4903557,24.05169,-95.63225,2025-11-14T19:41:03Z,20251114,2025,1008,0.44,2003.4,75.9989,True,True,True,https://noaa-nws-rtofs-pds.s3.amazonaws.com/rtofs.20251114/rtofs_glo_3dz_f006_6hrly_hvr_US_east.nc
ARGO_GDAC,pfl,aoml/4903557/profiles/R4903557_178.nc|2025-11-14T19:41:03Z|24.05169|-95.63225,aoml/4903557/profiles/R4903557_178.nc,4903557,4903557,24.05169,-95.63225,2025-11-14T19:41:03Z,20251114,2025,790,0.44,99.88,76.1662,True,True,True,https://noaa-nws-rtofs-pds.s3.amazonaws.com/rtofs.20251114/rtofs_glo_3dz_f006_6hrly_hvr_US_east.nc
ARGO_GDAC,pfl,aoml/4903557/profiles/R4903557_179.nc|2025-11-19T20:14:13Z|24.22631|-95.57282,aoml/4903557/profiles/R4903557_179.nc,4903557,4903557,24.22631,-95.57282,2025-11-19T20:14:13Z,20251119,2025,1010,0.96,2010.12,76.0923,True,True,True,https://noaa-nws-rtofs-pds.s3.amazonaws.com/rtofs.20251119/rtofs_glo_3dz_f006_6hrly_hvr_US_east.nc
ARGO_GDAC,pfl,aoml/4903557/profiles/R4903557_179.nc|2025-11-19T20:14:13Z|24.22631|-95.57282,aoml/4903557/profiles/R4903557_179.nc,4903557,4903557,24.22631,-95.57282,2025-11-19T20:14:13Z,20251119,2025,739,0.56,99.92,76.8179,True,True,True,https://noaa-nws-rtofs-pds.s3.amazonaws.com/rtofs.20251119/rtofs_glo_3dz_f006_6hrly_hvr_US_east.nc
ARGO_GDAC,pfl,aoml/4903557/profiles/R4903557_180.nc|2025-11-24T20:44:07Z|24.28090|-95.50448,aoml/4903557/profiles/R4903557_180.nc,4903557,4903557,24.2809,-95.50448,2025-11-24T20:44:07Z,20251124,2025,1009,0.44,2005.52,78.4001,True,True,True,https://noaa-nws-rtofs-pds.s3.amazonaws.com/rtofs.20251124/rtofs_glo_3dz_f006_6hrly_hvr_US_east.nc
ARGO_GDAC,pfl,aoml/4903557/profiles/R4903557_180.nc|2025-11-24T20:44:07Z|24.28090|-95.50448,aoml/4903557/profiles/R4903557_180.nc,4903557,4903557,24.2809,-95.50448,2025-11-24T20:44:07Z,20251124,2025,752,0.44,99.96,79.7795,True,True,True,https://noaa-nws-rtofs-pds.s3.amazonaws.com/rtofs.20251124/rtofs_glo_3dz_f006_6hrly_hvr_US_east.nc
ARGO_GDAC,pfl,aoml/4903557/profiles/R4903557_181.nc|2025-11-29T21:22:29Z|24.25543|-95.46818,aoml/4903557/profiles/R4903557_181.nc,4903557,4903557,24.25543,-95.46818,2025-11-29T21:22:29Z,20251129,2025,1014,0.4,2015.6,84.5695,True,True,True,https://noaa-nws-rtofs-pds.s3.amazonaws.com/rtofs.20251129/rtofs_glo_3dz_f006_6hrly_hvr_US_east.nc
ARGO_GDAC,pfl,aoml/4903557/profiles/R4903557_181.nc|2025-11-29T21:22:29Z|24.25543|-95.46818,aoml/4903557/profiles/R4903557_181.nc,4903557,4903557,24.25543,-95.46818,2025-11-29T21:22:29Z,20251129,2025,718,0.4,99.96,85.5,True,True,True,https://noaa-nws-rtofs-pds.s3.amazonaws.com/rtofs.20251129/rtofs_glo_3dz_f006_6hrly_hvr_US_east.nc
ARGO_GDAC,pfl,aoml/4903557/profiles/R4903557_182.nc|2025-12-04T22:08:39Z|24.25012|-95.39935,aoml/4903557/profiles/R4903557_182.nc,4903557,4903557,24.25012,-95.39935,2025-12-04T22:08:39Z,20251204,2025,1013,1.0,2015.4,84.115,True,True,True,https://noaa-nws-rtofs-pds.s3.amazonaws.com/rtofs.20251204/rtofs_glo_3dz_f006_6hrly_hvr_US_east.nc
ARGO_GDAC,pfl,aoml/4903557/profiles/R4903557_182.nc|2025-12-04T22:08:39Z|24.25012|-95.39935,aoml/4903557/profiles/R4903557_182.nc,4903557,4903557,24.25012,-95.39935,2025-12-04T22:08:39Z,20251204,2025,743,0.52,99.88,84.4851,True,True,True,https://noaa-nws-rtofs-pds.s3.amazonaws.com/rtofs.20251204/rtofs_glo_3dz_f006_6hrly_hvr_US_east.nc
ARGO_GDAC,pfl,aoml/4903557/profiles/R4903557_183.nc|2025-12-09T22:41:09Z|24.28536|-95.32701,aoml/4903557/profiles/R4903557_183.nc,4903557,4903557,24.28536,-95.32701,2025-12-09T22:41:09Z,20251209,2025,1010,0.48,2007.48,85.5605,True,True,True,https://noaa-nws-rtofs-pds.s3.amazonaws.com/rtofs.20251209/rtofs_glo_3dz_f006_6hrly_hvr_US_east.nc
ARGO_GDAC,pfl,aoml/4903557/profiles/R4903557_183.nc|2025-12-09T22:41:09Z|24.28536|-95.32701,aoml/4903557/profiles/R4903557_183.nc,4903557,4903557,24.28536,-95.32701,2025-12-09T22:41:09Z,20251209,2025,701,0.48,99.96,85.694,True,True,True,https://noaa-nws-rtofs-pds.s3.amazonaws.com/rtofs.20251209/rtofs_glo_3dz_f006_6hrly_hvr_US_east.nc
ARGO_GDAC,pfl,aoml/4903557/profiles/R4903557_184.nc|2025-12-14T23:23:44Z|24.28842|-95.27939,aoml/4903557/profiles/R4903557_184.nc,4903557,4903557,24.28842,-95.27939,2025-12-14T23:23:44Z,20251214,2025,1014,0.96,2017.48,96.3869,True,True,True,https://noaa-nws-rtofs-pds.s3.amazonaws.com/rtofs.20251214/rtofs_glo_3dz_f006_6hrly_hvr_US_east.nc
ARGO_GDAC,pfl,aoml/4903557/profiles/R4903557_184.nc|2025-12-14T23:23:44Z|24.28842|-95.27939,aoml/4903557/profiles/R4903557_184.nc,4903557,4903557,24.28842,-95.27939,2025-12-14T23:23:44Z,20251214,2025,865,0.56,99.96,96.9808,True,True,True,https://noaa-nws-rtofs-pds.s3.amazonaws.com/rtofs.20251214/rtofs_glo_3dz_f006_6hrly_hvr_US_east.nc
ARGO_GDAC,pfl,aoml/4903557/profiles/R4903557_185.nc|2025-12-19T23:59:54Z|24.24665|-95.22675,aoml/4903557/profiles/R4903557_185.nc,4903557,4903557,24.24665,-95.22675,2025-12-19T23:59:54Z,20251219,2025,1012,1.0,2013.8,39.6411,True,True,True,https://noaa-nws-rtofs-pds.s3.amazonaws.com/rtofs.20251219/rtofs_glo_3dz_f006_6hrly_hvr_US_east.nc
ARGO_GDAC,pfl,aoml/4903557/profiles/R4903557_185.nc|2025-12-19T23:59:54Z|24.24665|-95.22675,aoml/4903557/profiles/R4903557_185.nc,4903557,4903557,24.24665,-95.22675,2025-12-19T23:59:54Z,20251219,2025,797,0.56,99.96,37.8756,True,True,True,https://noaa-nws-rtofs-pds.s3.amazonaws.com/rtofs.20251219/rtofs_glo_3dz_f006_6hrly_hvr_US_east.nc
ARGO_GDAC,pfl,aoml/4903557/profiles/R4903557_186.nc|2025-12-25T00:45:27Z|24.19231|-95.19357,aoml/4903557/profiles/R4903557_186.nc,4903557,4903557,24.19231,-95.19357,2025-12-25T00:45:27Z,20251225,2025,1008,1.08,2005.56,106.2967,True,False,True,https://noaa-nws-rtofs-pds.s3.amazonaws.com/rtofs.20251225/rtofs_glo_3dz_f006_6hrly_hvr_US_east.nc
ARGO_GDAC,pfl,aoml/4903557/profiles/R4903557_186.nc|2025-12-25T00:45:27Z|24.19231|-95.19357,aoml/4903557/profiles/R4903557_186.nc,4903557,4903557,24.19231,-95.19357,2025-12-25T00:45:27Z,20251225,2025,891,0.68,100.0,,False,False,True,https://noaa-nws-rtofs-pds.s3.amazonaws.com/rtofs.20251225/rtofs_glo_3dz_f006_6hrly_hvr_US_east.nc
ARGO_GDAC,pfl,aoml/4903557/profiles/R4903557_187.nc|2025-12-30T01:20:42Z|24.18009|-95.11165,aoml/4903557/profiles/R4903557_187.nc,4903557,4903557,24.18009,-95.11165,2025-12-30T01:20:42Z,20251230,2025,1010,1.0,2009.32,99.2331,True,True,True,https://noaa-nws-rtofs-pds.s3.amazonaws.com/rtofs.20251230/rtofs_glo_3dz_f006_6hrly_hvr_US_east.nc
ARGO_GDAC,pfl,aoml/4903557/profiles/R4903557_187.nc|2025-12-30T01:20:42Z|24.18009|-95.11165,aoml/4903557/profiles/R4903557_187.nc,4903557,4903557,24.18009,-95.11165,2025-12-30T01:20:42Z,20251230,2025,563,0.64,99.92,,False,False,True,https://noaa-nws-rtofs-pds.s3.amazonaws.com/rtofs.20251230/rtofs_glo_3dz_f006_6hrly_hvr_US_east.nc
ARGO_GDAC,pfl,aoml/4903559/profiles/D4903559_027.nc|2024-01-10T12:30:37Z|19.62897|-83.48036,aoml/4903559/profiles/D4903559_027.nc,4903559,4903559,19.62897,-83.48036,2024-01-10T12:30:37Z,20240110,2024,1007,1.0,2006.36,102.2728,True,False,False,
ARGO_GDAC,pfl,aoml/4903559/profiles/D4903559_027.nc|2024-01-10T12:30:37Z|19.62897|-83.48036,aoml/4903559/profiles/D4903559_027.nc,4903559,4903559,19.62897,-83.48036,2024-01-10T12:30:37Z,20240110,2024,372,0.68,49.88,,False,False,False,
ARGO_GDAC,pfl,aoml/4903559/profiles/D4903559_028.nc|2024-01-20T19:02:50Z|19.46356|-83.47094,aoml/4903559/profiles/D4903559_028.nc,4903559,4903559,19.46356,-83.47094,2024-01-20T19:02:50Z,20240120,2024,1005,1.08,2002.28,63.009,True,True,False,
ARGO_GDAC,pfl,aoml/4903559/profiles/D4903559_028.nc|2024-01-20T19:02:50Z|19.46356|-83.47094,aoml/4903559/profiles/D4903559_028.nc,4903559,4903559,19.46356,-83.47094,2024-01-20T19:02:50Z,20240120,2024,431,0.8,49.96,,False,False,False,
ARGO_GDAC,pfl,aoml/4903559/profiles/D4903559_029.nc|2024-01-31T01:47:34Z|19.64787|-83.46626,aoml/4903559/profiles/D4903559_029.nc,4903559,4903559,19.64787,-83.46626,2024-01-31T01:47:34Z,20240131,2024,1007,0.96,2005.12,79.5142,True,True,True,https://noaa-nws-rtofs-pds.s3.amazonaws.com/rtofs.20240131/rtofs_glo_3dz_f006_6hrly_hvr_US_east.nc
ARGO_GDAC,pfl,aoml/4903559/profiles/D4903559_029.nc|2024-01-31T01:47:34Z|19.64787|-83.46626,aoml/4903559/profiles/D4903559_029.nc,4903559,4903559,19.64787,-83.46626,2024-01-31T01:47:34Z,20240131,2024,373,0.56,49.92,,False,False,True,https://noaa-nws-rtofs-pds.s3.amazonaws.com/rtofs.20240131/rtofs_glo_3dz_f006_6hrly_hvr_US_east.nc
ARGO_GDAC,pfl,aoml/4903559/profiles/D4903559_030.nc|2024-02-10T08:35:31Z|19.92804|-83.63765,aoml/4903559/profiles/D4903559_030.nc,4903559,4903559,19.92804,-83.63765,2024-02-10T08:35:31Z,20240210,2024,1008,1.0,2007.32,124.9921,True,False,True,https://noaa-nws-rtofs-pds.s3.amazonaws.com/rtofs.20240210/rtofs_glo_3dz_f006_6hrly_hvr_US_east.nc
ARGO_GDAC,pfl,aoml/4903559/profiles/D4903559_030.nc|2024-02-10T08:35:31Z|19.92804|-83.63765,aoml/4903559/profiles/D4903559_030.nc,4903559,4903559,19.92804,-83.63765,2024-02-10T08:35:31Z,20240210,2024,391,0.64,49.88,,False,False,True,https://noaa-nws-rtofs-pds.s3.amazonaws.com/rtofs.20240210/rtofs_glo_3dz_f006_6hrly_hvr_US_east.nc
ARGO_GDAC,pfl,aoml/4903559/profiles/D4903559_031.nc|2024-02-20T15:13:02Z|20.32691|-83.68855,aoml/4903559/profiles/D4903559_031.nc,4903559,4903559,20.32691,-83.68855,2024-02-20T15:13:02Z,20240220,2024,1009,1.04,2010.0,103.802,True,False,True,https://noaa-nws-rtofs-pds.s3.amazonaws.com/rtofs.20240220/rtofs_glo_3dz_f006_6hrly_hvr_US_east.nc
ARGO_GDAC,pfl,aoml/4903559/profiles/D4903559_031.nc|2024-02-20T15:13:02Z|20.32691|-83.68855,aoml/4903559/profiles/D4903559_031.nc,4903559,4903559,20.32691,-83.68855,2024-02-20T15:13:02Z,20240220,2024,417,0.6,49.92,,False,False,True,https://noaa-nws-rtofs-pds.s3.amazonaws.com/rtofs.20240220/rtofs_glo_3dz_f006_6hrly_hvr_US_east.nc
ARGO_GDAC,pfl,aoml/4903559/profiles/D4903559_032.nc|2024-03-01T22:00:10Z|20.61427|-83.60826,aoml/4903559/profiles/D4903559_032.nc,4903559,4903559,20.61427,-83.60826,2024-03-01T22:00:10Z,20240301,2024,1010,1.08,2010.56,150.1569,True,False,True,https://noaa-nws-rtofs-pds.s3.amazonaws.com/rtofs.20240301/rtofs_glo_3dz_f006_6hrly_hvr_US_east.nc
ARGO_GDAC,pfl,aoml/4903559/profiles/D4903559_032.nc|2024-03-01T22:00:10Z|20.61427|-83.60826,aoml/4903559/profiles/D4903559_032.nc,4903559,4903559,20.61427,-83.60826,2024-03-01T22:00:10Z,20240301,2024,385,0.68,50.0,,False,False,True,https://noaa-nws-rtofs-pds.s3.amazonaws.com/rtofs.20240301/rtofs_glo_3dz_f006_6hrly_hvr_US_east.nc
ARGO_GDAC,pfl,aoml/4903559/profiles/D4903559_033.nc|2024-03-12T04:19:47Z|20.50334|-83.56074,aoml/4903559/profiles/D4903559_033.nc,4903559,4903559,20.50334,-83.56074,2024-03-12T04:19:47Z,20240312,2024,1006,1.0,2003.04,44.539,True,True,True,https://noaa-nws-rtofs-pds.s3.amazonaws.com/rtofs.20240312/rtofs_glo_3dz_f006_6hrly_hvr_US_east.nc
ARGO_GDAC,pfl,aoml/4903559/profiles/D4903559_033.nc|2024-03-12T04:19:47Z|20.50334|-83.56074,aoml/4903559/profiles/D4903559_033.nc,4903559,4903559,20.50334,-83.56074,2024-03-12T04:19:47Z,20240312,2024,387,0.68,49.96,44.864,True,True,True,https://noaa-nws-rtofs-pds.s3.amazonaws.com/rtofs.20240312/rtofs_glo_3dz_f006_6hrly_hvr_US_east.nc
ARGO_GDAC,pfl,aoml/4903559/profiles/D4903559_034.nc|2024-03-22T10:56:49Z|20.03461|-83.68322,aoml/4903559/profiles/D4903559_034.nc,4903559,4903559,20.03461,-83.68322,2024-03-22T10:56:49Z,20240322,2024,1009,1.12,2009.96,34.789,True,True,True,https://noaa-nws-rtofs-pds.s3.amazonaws.com/rtofs.20240322/rtofs_glo_3dz_f006_6hrly_hvr_US_east.nc
ARGO_GDAC,pfl,aoml/4903559/profiles/D4903559_034.nc|2024-03-22T10:56:49Z|20.03461|-83.68322,aoml/4903559/profiles/D4903559_034.nc,4903559,4903559,20.03461,-83.68322,2024-03-22T10:56:49Z,20240322,2024,401,0.8,49.96,35.0224,True,True,True,https://noaa-nws-rtofs-pds.s3.amazonaws.com/rtofs.20240322/rtofs_glo_3dz_f006_6hrly_hvr_US_east.nc
ARGO_GDAC,pfl,aoml/4903559/profiles/D4903559_035.nc|2024-04-01T17:43:24Z|19.65477|-83.75216,aoml/4903559/profiles/D4903559_035.nc,4903559,4903559,19.65477,-83.75216,2024-04-01T17:43:24Z,20240401,2024,1009,1.12,2008.88,76.4964,True,True,True,https://noaa-nws-rtofs-pds.s3.amazonaws.com/rtofs.20240401/rtofs_glo_3dz_f006_6hrly_hvr_US_east.nc
ARGO_GDAC,pfl,aoml/4903559/profiles/D4903559_035.nc|2024-04-01T17:43:24Z|19.65477|-83.75216,aoml/4903559/profiles/D4903559_035.nc,4903559,4903559,19.65477,-83.75216,2024-04-01T17:43:24Z,20240401,2024,372,0.68,49.96,,False,False,True,https://noaa-nws-rtofs-pds.s3.amazonaws.com/rtofs.20240401/rtofs_glo_3dz_f006_6hrly_hvr_US_east.nc
ARGO_GDAC,pfl,aoml/4903559/profiles/D4903559_036.nc|2024-04-12T00:22:13Z|19.36883|-83.84039,aoml/4903559/profiles/D4903559_036.nc,4903559,4903559,19.36883,-83.84039,2024-04-12T00:22:13Z,20240412,2024,1009,1.04,2010.28,45.647,True,True,True,https://noaa-nws-rtofs-pds.s3.amazonaws.com/rtofs.20240412/rtofs_glo_3dz_f006_6hrly_hvr_US_east.nc
ARGO_GDAC,pfl,aoml/4903559/profiles/D4903559_036.nc|2024-04-12T00:22:13Z|19.36883|-83.84039,aoml/4903559/profiles/D4903559_036.nc,4903559,4903559,19.36883,-83.84039,2024-04-12T00:22:13Z,20240412,2024,378,0.6,49.96,44.3,True,True,True,https://noaa-nws-rtofs-pds.s3.amazonaws.com/rtofs.20240412/rtofs_glo_3dz_f006_6hrly_hvr_US_east.nc
ARGO_GDAC,pfl,aoml/4903559/profiles/D4903559_037.nc|2024-04-22T07:05:35Z|19.15380|-84.03448,aoml/4903559/profiles/D4903559_037.nc,4903559,4903559,19.1538,-84.03448,2024-04-22T07:05:35Z,20240422,2024,1007,1.08,2009.64,65.5308,True,True,True,https://noaa-nws-rtofs-pds.s3.amazonaws.com/rtofs.20240422/rtofs_glo_3dz_f006_6hrly_hvr_US_east.nc
ARGO_GDAC,pfl,aoml/4903559/profiles/D4903559_037.nc|2024-04-22T07:05:35Z|19.15380|-84.03448,aoml/4903559/profiles/D4903559_037.nc,4903559,4903559,19.1538,-84.03448,2024-04-22T07:05:35Z,20240422,2024,424,0.68,49.96,,False,False,True,https://noaa-nws-rtofs-pds.s3.amazonaws.com/rtofs.20240422/rtofs_glo_3dz_f006_6hrly_hvr_US_east.nc
ARGO_GDAC,pfl,aoml/4903559/profiles/D4903559_038.nc|2024-05-02T13:48:22Z|19.18399|-83.88098,aoml/4903559/profiles/D4903559_038.nc,4903559,4903559,19.18399,-83.88098,2024-05-02T13:48:22Z,20240502,2024,1007,1.04,2006.04,72.4328,True,True,True,https://noaa-nws-rtofs-pds.s3.amazonaws.com/rtofs.20240502/rtofs_glo_3dz_f006_6hrly_hvr_US_east.nc
ARGO_GDAC,pfl,aoml/4903559/profiles/D4903559_038.nc|2024-05-02T13:48:22Z|19.18399|-83.88098,aoml/4903559/profiles/D4903559_038.nc,4903559,4903559,19.18399,-83.88098,2024-05-02T13:48:22Z,20240502,2024,417,0.52,49.92,,False,False,True,https://noaa-nws-rtofs-pds.s3.amazonaws.com/rtofs.20240502/rtofs_glo_3dz_f006_6hrly_hvr_US_east.nc
ARGO_GDAC,pfl,aoml/4903559/profiles/D4903559_039.nc|2024-05-12T20:32:46Z|19.53535|-83.86182,aoml/4903559/profiles/D4903559_039.nc,4903559,4903559,19.53535,-83.86182,2024-05-12T20:32:46Z,20240512,2024,1009,1.0,2009.52,33.8578,True,True,True,https://noaa-nws-rtofs-pds.s3.amazonaws.com/rtofs.20240512/rtofs_glo_3dz_f006_6hrly_hvr_US_east.nc
ARGO_GDAC,pfl,aoml/4903559/profiles/D4903559_039.nc|2024-05-12T20:32:46Z|19.53535|-83.86182,aoml/4903559/profiles/D4903559_039.nc,4903559,4903559,19.53535,-83.86182,2024-05-12T20:32:46Z,20240512,2024,461,0.56,49.92,34.0062,True,True,True,https://noaa-nws-rtofs-pds.s3.amazonaws.com/rtofs.20240512/rtofs_glo_3dz_f006_6hrly_hvr_US_east.nc
ARGO_GDAC,pfl,aoml/4903559/profiles/D4903559_040.nc|2024-05-23T03:11:41Z|19.88770|-83.86819,aoml/4903559/profiles/D4903559_040.nc,4903559,4903559,19.8877,-83.86819,2024-05-23T03:11:41Z,20240523,2024,1005,1.08,2002.36,23.1783,True,True,True,https://noaa-nws-rtofs-pds.s3.amazonaws.com/rtofs.20240523/rtofs_glo_3dz_f006_6hrly_hvr_US_east.nc
ARGO_GDAC,pfl,aoml/4903559/profiles/D4903559_040.nc|2024-05-23T03:11:41Z|19.88770|-83.86819,aoml/4903559/profiles/D4903559_040.nc,4903559,4903559,19.8877,-83.86819,2024-05-23T03:11:41Z,20240523,2024,483,0.6,49.96,23.3911,True,True,True,https://noaa-nws-rtofs-pds.s3.amazonaws.com/rtofs.20240523/rtofs_glo_3dz_f006_6hrly_hvr_US_east.nc
ARGO_GDAC,pfl,aoml/4903559/profiles/D4903559_041.nc|2024-06-02T09:52:09Z|19.84863|-83.85007,aoml/4903559/profiles/D4903559_041.nc,4903559,4903559,19.84863,-83.85007,2024-06-02T09:52:09Z,20240602,2024,1007,0.44,2004.0,54.5039,True,True,True,https://noaa-nws-rtofs-pds.s3.amazonaws.com/rtofs.20240602/rtofs_glo_3dz_f006_6hrly_hvr_US_east.nc
ARGO_GDAC,pfl,aoml/4903559/profiles/D4903559_041.nc|2024-06-02T09:52:09Z|19.84863|-83.85007,aoml/4903559/profiles/D4903559_041.nc,4903559,4903559,19.84863,-83.85007,2024-06-02T09:52:09Z,20240602,2024,361,0.44,49.92,,False,False,True,https://noaa-nws-rtofs-pds.s3.amazonaws.com/rtofs.20240602/rtofs_glo_3dz_f006_6hrly_hvr_US_east.nc
ARGO_GDAC,pfl,aoml/4903559/profiles/D4903559_042.nc|2024-06-12T16:39:08Z|19.93745|-84.19179,aoml/4903559/profiles/D4903559_042.nc,4903559,4903559,19.93745,-84.19179,2024-06-12T16:39:08Z,20240612,2024,1009,1.0,2009.68,69.2904,True,True,True,https://noaa-nws-rtofs-pds.s3.amazonaws.com/rtofs.20240612/rtofs_glo_3dz_f006_6hrly_hvr_US_east.nc
ARGO_GDAC,pfl,aoml/4903559/profiles/D4903559_042.nc|2024-06-12T16:39:08Z|19.93745|-84.19179,aoml/4903559/profiles/D4903559_042.nc,4903559,4903559,19.93745,-84.19179,2024-06-12T16:39:08Z,20240612,2024,413,0.56,50.0,,False,False,True,https://noaa-nws-rtofs-pds.s3.amazonaws.com/rtofs.20240612/rtofs_glo_3dz_f006_6hrly_hvr_US_east.nc
ARGO_GDAC,pfl,aoml/4903559/profiles/D4903559_043.nc|2024-06-22T23:16:46Z|19.80926|-84.43494,aoml/4903559/profiles/D4903559_043.nc,4903559,4903559,19.80926,-84.43494,2024-06-22T23:16:46Z,20240622,2024,1006,1.12,2003.4,95.2214,True,True,True,https://noaa-nws-rtofs-pds.s3.amazonaws.com/rtofs.20240622/rtofs_glo_3dz_f006_6hrly_hvr_US_east.nc
ARGO_GDAC,pfl,aoml/4903559/profiles/D4903559_043.nc|2024-06-22T23:16:46Z|19.80926|-84.43494,aoml/4903559/profiles/D4903559_043.nc,4903559,4903559,19.80926,-84.43494,2024-06-22T23:16:46Z,20240622,2024,418,0.68,49.88,,False,False,True,https://noaa-nws-rtofs-pds.s3.amazonaws.com/rtofs.20240622/rtofs_glo_3dz_f006_6hrly_hvr_US_east.nc
ARGO_GDAC,pfl,aoml/4903559/profiles/D4903559_044.nc|2024-07-03T05:58:31Z|19.61950|-84.45493,aoml/4903559/profiles/D4903559_044.nc,4903559,4903559,19.6195,-84.45493,2024-07-03T05:58:31Z,20240703,2024,1007,1.04,2006.52,28.64,True,True,True,https://noaa-nws-rtofs-pds.s3.amazonaws.com/rtofs.20240703/rtofs_glo_3dz_f006_6hrly_hvr_US_east.nc
ARGO_GDAC,pfl,aoml/4903559/profiles/D4903559_044.nc|2024-07-03T05:58:31Z|19.61950|-84.45493,aoml/4903559/profiles/D4903559_044.nc,4903559,4903559,19.6195,-84.45493,2024-07-03T05:58:31Z,20240703,2024,473,0.64,50.0,29.0534,True,True,True,https://noaa-nws-rtofs-pds.s3.amazonaws.com/rtofs.20240703/rtofs_glo_3dz_f006_6hrly_hvr_US_east.nc
ARGO_GDAC,pfl,aoml/4903559/profiles/D4903559_045.nc|2024-07-08T14:34:25Z|19.68705|-84.36833,aoml/4903559/profiles/D4903559_045.nc,4903559,4903559,19.68705,-84.36833,2024-07-08T14:34:25Z,20240708,2024,1006,1.0,2004.16,89.1663,True,True,True,https://noaa-nws-rtofs-pds.s3.amazonaws.com/rtofs.20240708/rtofs_glo_3dz_f006_6hrly_hvr_US_east.nc
ARGO_GDAC,pfl,aoml/4903559/profiles/D4903559_045.nc|2024-07-08T14:34:25Z|19.68705|-84.36833,aoml/4903559/profiles/D4903559_045.nc,4903559,4903559,19.68705,-84.36833,2024-07-08T14:34:25Z,20240708,2024,428,0.68,49.96,,False,False,True,https://noaa-nws-rtofs-pds.s3.amazonaws.com/rtofs.20240708/rtofs_glo_3dz_f006_6hrly_hvr_US_east.nc
ARGO_GDAC,pfl,aoml/4903559/profiles/D4903559_046.nc|2024-07-13T17:45:36Z|19.74617|-84.21118,aoml/4903559/profiles/D4903559_046.nc,4903559,4903559,19.74617,-84.21118,2024-07-13T17:45:36Z,20240713,2024,510,0.4,1008.32,32.5001,True,True,True,https://noaa-nws-rtofs-pds.s3.amazonaws.com/rtofs.20240713/rtofs_glo_3dz_f006_6hrly_hvr_US_east.nc
ARGO_GDAC,pfl,aoml/4903559/profiles/D4903559_046.nc|2024-07-13T17:45:36Z|19.74617|-84.21118,aoml/4903559/profiles/D4903559_046.nc,4903559,4903559,19.74617,-84.21118,2024-07-13T17:45:36Z,20240713,2024,327,0.4,49.96,32.3493,True,True,True,https://noaa-nws-rtofs-pds.s3.amazonaws.com/rtofs.20240713/rtofs_glo_3dz_f006_6hrly_hvr_US_east.nc
ARGO_GDAC,pfl,aoml/4903559/profiles/D4903559_047.nc|2024-07-19T02:30:12Z|19.95743|-83.95116,aoml/4903559/profiles/D4903559_047.nc,4903559,4903559,19.95743,-83.95116,2024-07-19T02:30:12Z,20240719,2024,1009,0.36,2007.04,30.8071,True,True,True,https://noaa-nws-rtofs-pds.s3.amazonaws.com/rtofs.20240719/rtofs_glo_3dz_f006_6hrly_hvr_US_east.nc
ARGO_GDAC,pfl,aoml/4903559/profiles/D4903559_047.nc|2024-07-19T02:30:12Z|19.95743|-83.95116,aoml/4903559/profiles/D4903559_047.nc,4903559,4903559,19.95743,-83.95116,2024-07-19T02:30:12Z,20240719,2024,354,0.36,49.92,31.4819,True,True,True,https://noaa-nws-rtofs-pds.s3.amazonaws.com/rtofs.20240719/rtofs_glo_3dz_f006_6hrly_hvr_US_east.nc
ARGO_GDAC,pfl,aoml/4903559/profiles/D4903559_048.nc|2024-07-24T05:51:28Z|20.14564|-83.69983,aoml/4903559/profiles/D4903559_048.nc,4903559,4903559,20.14564,-83.69983,2024-07-24T05:51:28Z,20240724,2024,517,0.48,1021.16,36.5572,True,True,True,https://noaa-nws-rtofs-pds.s3.amazonaws.com/rtofs.20240724/rtofs_glo_3dz_f006_6hrly_hvr_US_east.nc
ARGO_GDAC,pfl,aoml/4903559/profiles/D4903559_048.nc|2024-07-24T05:51:28Z|20.14564|-83.69983,aoml/4903559/profiles/D4903559_048.nc,4903559,4903559,20.14564,-83.69983,2024-07-24T05:51:28Z,20240724,2024,360,0.48,49.96,36.53,True,True,True,https://noaa-nws-rtofs-pds.s3.amazonaws.com/rtofs.20240724/rtofs_glo_3dz_f006_6hrly_hvr_US_east.nc
ARGO_GDAC,pfl,aoml/4903559/profiles/D4903559_049.nc|2024-07-29T14:39:18Z|20.12042|-83.34025,aoml/4903559/profiles/D4903559_049.nc,4903559,4903559,20.12042,-83.34025,2024-07-29T14:39:18Z,20240729,2024,1008,0.36,2006.24,38.9679,True,True,True,https://noaa-nws-rtofs-pds.s3.amazonaws.com/rtofs.20240729/rtofs_glo_3dz_f006_6hrly_hvr_US_east.nc
ARGO_GDAC,pfl,aoml/4903559/profiles/D4903559_049.nc|2024-07-29T14:39:18Z|20.12042|-83.34025,aoml/4903559/profiles/D4903559_049.nc,4903559,4903559,20.12042,-83.34025,2024-07-29T14:39:18Z,20240729,2024,367,0.36,49.96,39.36,True,True,True,https://noaa-nws-rtofs-pds.s3.amazonaws.com/rtofs.20240729/rtofs_glo_3dz_f006_6hrly_hvr_US_east.nc
ARGO_GDAC,pfl,aoml/4903559/profiles/D4903559_050.nc|2024-08-03T17:53:06Z|19.91376|-83.13181,aoml/4903559/profiles/D4903559_050.nc,4903559,4903559,19.91376,-83.13181,2024-08-03T17:53:06Z,20240803,2024,504,1.0,998.76,44.1374,True,True,True,https://noaa-nws-rtofs-pds.s3.amazonaws.com/rtofs.20240803/rtofs_glo_3dz_f006_6hrly_hvr_US_east.nc
ARGO_GDAC,pfl,aoml/4903559/profiles/D4903559_050.nc|2024-08-03T17:53:06Z|19.91376|-83.13181,aoml/4903559/profiles/D4903559_050.nc,4903559,4903559,19.91376,-83.13181,2024-08-03T17:53:06Z,20240803,2024,347,0.68,49.96,43.768,True,True,True,https://noaa-nws-rtofs-pds.s3.amazonaws.com/rtofs.20240803/rtofs_glo_3dz_f006_6hrly_hvr_US_east.nc
ARGO_GDAC,pfl,aoml/4903559/profiles/D4903559_051.nc|2024-08-09T02:33:33Z|19.61305|-83.07936,aoml/4903559/profiles/D4903559_051.nc,4903559,4903559,19.61305,-83.07936,2024-08-09T02:33:33Z,20240809,2024,1009,0.4,2008.48,12.2569,True,True,True,https://noaa-nws-rtofs-pds.s3.amazonaws.com/rtofs.20240809/rtofs_glo_3dz_f006_6hrly_hvr_US_east.nc
ARGO_GDAC,pfl,aoml/4903559/profiles/D4903559_051.nc|2024-08-09T02:33:33Z|19.61305|-83.07936,aoml/4903559/profiles/D4903559_051.nc,4903559,4903559,19.61305,-83.07936,2024-08-09T02:33:33Z,20240809,2024,374,0.32,50.0,11.7267,True,True,True,https://noaa-nws-rtofs-pds.s3.amazonaws.com/rtofs.20240809/rtofs_glo_3dz_f006_6hrly_hvr_US_east.nc
ARGO_GDAC,pfl,aoml/4903559/profiles/D4903559_052.nc|2024-08-14T05:40:25Z|19.34220|-83.04558,aoml/4903559/profiles/D4903559_052.nc,4903559,4903559,19.3422,-83.04558,2024-08-14T05:40:25Z,20240814,2024,489,0.44,966.4,37.8833,True,True,True,https://noaa-nws-rtofs-pds.s3.amazonaws.com/rtofs.20240814/rtofs_glo_3dz_f006_6hrly_hvr_US_east.nc
ARGO_GDAC,pfl,aoml/4903559/profiles/D4903559_052.nc|2024-08-14T05:40:25Z|19.34220|-83.04558,aoml/4903559/profiles/D4903559_052.nc,4903559,4903559,19.3422,-83.04558,2024-08-14T05:40:25Z,20240814,2024,346,0.44,50.0,38.0489,True,True,True,https://noaa-nws-rtofs-pds.s3.amazonaws.com/rtofs.20240814/rtofs_glo_3dz_f006_6hrly_hvr_US_east.nc
ARGO_GDAC,pfl,aoml/4903559/profiles/D4903559_053.nc|2024-08-19T14:21:32Z|19.13888|-82.97633,aoml/4903559/profiles/D4903559_053.nc,4903559,4903559,19.13888,-82.97633,2024-08-19T14:21:32Z,20240819,2024,1009,0.96,2009.12,26.6948,True,True,True,https://noaa-nws-rtofs-pds.s3.amazonaws.com/rtofs.20240819/rtofs_glo_3dz_f006_6hrly_hvr_US_east.nc
ARGO_GDAC,pfl,aoml/4903559/profiles/D4903559_053.nc|2024-08-19T14:21:32Z|19.13888|-82.97633,aoml/4903559/profiles/D4903559_053.nc,4903559,4903559,19.13888,-82.97633,2024-08-19T14:21:32Z,20240819,2024,385,0.6,49.88,26.7067,True,True,True,https://noaa-nws-rtofs-pds.s3.amazonaws.com/rtofs.20240819/rtofs_glo_3dz_f006_6hrly_hvr_US_east.nc
ARGO_GDAC,pfl,aoml/4903559/profiles/D4903559_054.nc|2024-08-24T17:37:43Z|18.96124|-82.79852,aoml/4903559/profiles/D4903559_054.nc,4903559,4903559,18.96124,-82.79852,2024-08-24T17:37:43Z,20240824,2024,505,1.0,1000.4,38.3285,True,True,True,https://noaa-nws-rtofs-pds.s3.amazonaws.com/rtofs.20240824/rtofs_glo_3dz_f006_6hrly_hvr_US_east.nc
ARGO_GDAC,pfl,aoml/4903559/profiles/D4903559_054.nc|2024-08-24T17:37:43Z|18.96124|-82.79852,aoml/4903559/profiles/D4903559_054.nc,4903559,4903559,18.96124,-82.79852,2024-08-24T17:37:43Z,20240824,2024,342,0.52,49.96,38.984,True,True,True,https://noaa-nws-rtofs-pds.s3.amazonaws.com/rtofs.20240824/rtofs_glo_3dz_f006_6hrly_hvr_US_east.nc
ARGO_GDAC,pfl,aoml/4903559/profiles/D4903559_055.nc|2024-08-30T02:08:11Z|18.86605|-82.62954,aoml/4903559/profiles/D4903559_055.nc,4903559,4903559,18.86605,-82.62954,2024-08-30T02:08:11Z,20240830,2024,1008,1.0,2007.92,45.0323,True,True,True,https://noaa-nws-rtofs-pds.s3.amazonaws.com/rtofs.20240830/rtofs_glo_3dz_f006_6hrly_hvr_US_east.nc
ARGO_GDAC,pfl,aoml/4903559/profiles/D4903559_055.nc|2024-08-30T02:08:11Z|18.86605|-82.62954,aoml/4903559/profiles/D4903559_055.nc,4903559,4903559,18.86605,-82.62954,2024-08-30T02:08:11Z,20240830,2024,364,0.52,49.88,45.208,True,True,True,https://noaa-nws-rtofs-pds.s3.amazonaws.com/rtofs.20240830/rtofs_glo_3dz_f006_6hrly_hvr_US_east.nc
ARGO_GDAC,pfl,aoml/4903559/profiles/D4903559_056.nc|2024-09-04T05:30:55Z|18.86331|-82.53310,aoml/4903559/profiles/D4903559_056.nc,4903559,4903559,18.86331,-82.5331,2024-09-04T05:30:55Z,20240904,2024,508,1.0,1005.72,31.4801,True,True,True,https://noaa-nws-rtofs-pds.s3.amazonaws.com/rtofs.20240904/rtofs_glo_3dz_f006_6hrly_hvr_US_east.nc
ARGO_GDAC,pfl,aoml/4903559/profiles/D4903559_056.nc|2024-09-04T05:30:55Z|18.86331|-82.53310,aoml/4903559/profiles/D4903559_056.nc,4903559,4903559,18.86331,-82.5331,2024-09-04T05:30:55Z,20240904,2024,338,0.52,49.88,31.5067,True,True,True,https://noaa-nws-rtofs-pds.s3.amazonaws.com/rtofs.20240904/rtofs_glo_3dz_f006_6hrly_hvr_US_east.nc
ARGO_GDAC,pfl,aoml/4903559/profiles/D4903559_057.nc|2024-09-09T14:14:20Z|18.90144|-82.40725,aoml/4903559/profiles/D4903559_057.nc,4903559,4903559,18.90144,-82.40725,2024-09-09T14:14:20Z,20240909,2024,1009,0.48,2007.8,43.6291,True,True,True,https://noaa-nws-rtofs-pds.s3.amazonaws.com/rtofs.20240909/rtofs_glo_3dz_f006_6hrly_hvr_US_east.nc
ARGO_GDAC,pfl,aoml/4903559/profiles/D4903559_057.nc|2024-09-09T14:14:20Z|18.90144|-82.40725,aoml/4903559/profiles/D4903559_057.nc,4903559,4903559,18.90144,-82.40725,2024-09-09T14:14:20Z,20240909,2024,396,0.48,49.88,43.7318,True,True,True,https://noaa-nws-rtofs-pds.s3.amazonaws.com/rtofs.20240909/rtofs_glo_3dz_f006_6hrly_hvr_US_east.nc
ARGO_GDAC,pfl,aoml/4903559/profiles/D4903559_058.nc|2024-09-14T17:37:02Z|18.93047|-82.27180,aoml/4903559/profiles/D4903559_058.nc,4903559,4903559,18.93047,-82.2718,2024-09-14T17:37:02Z,20240914,2024,512,0.96,1013.08,14.5615,True,True,True,https://noaa-nws-rtofs-pds.s3.amazonaws.com/rtofs.20240914/rtofs_glo_3dz_f006_6hrly_hvr_US_east.nc
ARGO_GDAC,pfl,aoml/4903559/profiles/D4903559_058.nc|2024-09-14T17:37:02Z|18.93047|-82.27180,aoml/4903559/profiles/D4903559_058.nc,4903559,4903559,18.93047,-82.2718,2024-09-14T17:37:02Z,20240914,2024,338,0.6,49.96,14.688,True,True,True,https://noaa-nws-rtofs-pds.s3.amazonaws.com/rtofs.20240914/rtofs_glo_3dz_f006_6hrly_hvr_US_east.nc
ARGO_GDAC,pfl,aoml/4903559/profiles/D4903559_059.nc|2024-09-20T02:16:01Z|18.85780|-82.34645,aoml/4903559/profiles/D4903559_059.nc,4903559,4903559,18.8578,-82.34645,2024-09-20T02:16:01Z,20240920,2024,1009,0.48,2008.4,21.6692,True,True,True,https://noaa-nws-rtofs-pds.s3.amazonaws.com/rtofs.20240920/rtofs_glo_3dz_f006_6hrly_hvr_US_east.nc
ARGO_GDAC,pfl,aoml/4903559/profiles/D4903559_059.nc|2024-09-20T02:16:01Z|18.85780|-82.34645,aoml/4903559/profiles/D4903559_059.nc,4903559,4903559,18.8578,-82.34645,2024-09-20T02:16:01Z,20240920,2024,381,0.48,49.96,21.9477,True,True,True,https://noaa-nws-rtofs-pds.s3.amazonaws.com/rtofs.20240920/rtofs_glo_3dz_f006_6hrly_hvr_US_east.nc
ARGO_GDAC,pfl,aoml/4903559/profiles/D4903559_060.nc|2024-09-25T05:37:45Z|18.76036|-82.57050,aoml/4903559/profiles/D4903559_060.nc,4903559,4903559,18.76036,-82.5705,2024-09-25T05:37:45Z,20240925,2024,509,1.0,1007.08,61.6542,True,True,True,https://noaa-nws-rtofs-pds.s3.amazonaws.com/rtofs.20240925/rtofs_glo_3dz_f006_6hrly_hvr_US_east.nc
ARGO_GDAC,pfl,aoml/4903559/profiles/D4903559_060.nc|2024-09-25T05:37:45Z|18.76036|-82.57050,aoml/4903559/profiles/D4903559_060.nc,4903559,4903559,18.76036,-82.5705,2024-09-25T05:37:45Z,20240925,2024,342,0.64,49.88,,False,False,True,https://noaa-nws-rtofs-pds.s3.amazonaws.com/rtofs.20240925/rtofs_glo_3dz_f006_6hrly_hvr_US_east.nc
ARGO_GDAC,pfl,aoml/4903559/profiles/D4903559_061.nc|2024-09-30T14:13:36Z|18.90710|-82.65753,aoml/4903559/profiles/D4903559_061.nc,4903559,4903559,18.9071,-82.65753,2024-09-30T14:13:36Z,20240930,2024,1009,0.36,2007.0,99.8268,True,True,True,https://noaa-nws-rtofs-pds.s3.amazonaws.com/rtofs.20240930/rtofs_glo_3dz_f006_6hrly_hvr_US_east.nc
ARGO_GDAC,pfl,aoml/4903559/profiles/D4903559_061.nc|2024-09-30T14:13:36Z|18.90710|-82.65753,aoml/4903559/profiles/D4903559_061.nc,4903559,4903559,18.9071,-82.65753,2024-09-30T14:13:36Z,20240930,2024,324,0.36,49.96,,False,False,True,https://noaa-nws-rtofs-pds.s3.amazonaws.com/rtofs.20240930/rtofs_glo_3dz_f006_6hrly_hvr_US_east.nc
ARGO_GDAC,pfl,aoml/4903559/profiles/D4903559_062.nc|2024-10-05T17:34:57Z|19.06502|-82.64735,aoml/4903559/profiles/D4903559_062.nc,4903559,4903559,19.06502,-82.64735,2024-10-05T17:34:57Z,20241005,2024,512,0.44,1011.32,54.8717,True,True,True,https://noaa-nws-rtofs-pds.s3.amazonaws.com/rtofs.20241005/rtofs_glo_3dz_f006_6hrly_hvr_US_east.nc
ARGO_GDAC,pfl,aoml/4903559/profiles/D4903559_062.nc|2024-10-05T17:34:57Z|19.06502|-82.64735,aoml/4903559/profiles/D4903559_062.nc,4903559,4903559,19.06502,-82.64735,2024-10-05T17:34:57Z,20241005,2024,332,0.44,49.88,,False,False,True,https://noaa-nws-rtofs-pds.s3.amazonaws.com/rtofs.20241005/rtofs_glo_3dz_f006_6hrly_hvr_US_east.nc
ARGO_GDAC,pfl,aoml/4903559/profiles/D4903559_063.nc|2024-10-11T02:11:48Z|19.18798|-82.60646,aoml/4903559/profiles/D4903559_063.nc,4903559,4903559,19.18798,-82.60646,2024-10-11T02:11:48Z,20241011,2024,1010,0.44,2008.68,46.8799,True,True,True,https://noaa-nws-rtofs-pds.s3.amazonaws.com/rtofs.20241011/rtofs_glo_3dz_f006_6hrly_hvr_US_east.nc
ARGO_GDAC,pfl,aoml/4903559/profiles/D4903559_063.nc|2024-10-11T02:11:48Z|19.18798|-82.60646,aoml/4903559/profiles/D4903559_063.nc,4903559,4903559,19.18798,-82.60646,2024-10-11T02:11:48Z,20241011,2024,365,0.44,49.8,46.6196,True,True,True,https://noaa-nws-rtofs-pds.s3.amazonaws.com/rtofs.20241011/rtofs_glo_3dz_f006_6hrly_hvr_US_east.nc
ARGO_GDAC,pfl,aoml/4903559/profiles/D4903559_064.nc|2024-10-16T05:30:07Z|19.22883|-82.49014,aoml/4903559/profiles/D4903559_064.nc,4903559,4903559,19.22883,-82.49014,2024-10-16T05:30:07Z,20241016,2024,499,0.36,985.96,53.3409,True,True,True,https://noaa-nws-rtofs-pds.s3.amazonaws.com/rtofs.20241016/rtofs_glo_3dz_f006_6hrly_hvr_US_east.nc
ARGO_GDAC,pfl,aoml/4903559/profiles/D4903559_064.nc|2024-10-16T05:30:07Z|19.22883|-82.49014,aoml/4903559/profiles/D4903559_064.nc,4903559,4903559,19.22883,-82.49014,2024-10-16T05:30:07Z,20241016,2024,327,0.36,49.84,,False,False,True,https://noaa-nws-rtofs-pds.s3.amazonaws.com/rtofs.20241016/rtofs_glo_3dz_f006_6hrly_hvr_US_east.nc
ARGO_GDAC,pfl,aoml/4903559/profiles/D4903559_065.nc|2024-10-21T14:03:46Z|18.99420|-82.42150,aoml/4903559/profiles/D4903559_065.nc,4903559,4903559,18.9942,-82.4215,2024-10-21T14:03:46Z,20241021,2024,1006,1.0,2003.76,104.0229,True,False,True,https://noaa-nws-rtofs-pds.s3.amazonaws.com/rtofs.20241021/rtofs_glo_3dz_f006_6hrly_hvr_US_east.nc
ARGO_GDAC,pfl,aoml/4903559/profiles/D4903559_065.nc|2024-10-21T14:03:46Z|18.99420|-82.42150,aoml/4903559/profiles/D4903559_065.nc,4903559,4903559,18.9942,-82.4215,2024-10-21T14:03:46Z,20241021,2024,322,0.6,49.88,,False,False,True,https://noaa-nws-rtofs-pds.s3.amazonaws.com/rtofs.20241021/rtofs_glo_3dz_f006_6hrly_hvr_US_east.nc
ARGO_GDAC,pfl,aoml/4903559/profiles/D4903559_066.nc|2024-10-26T17:25:01Z|18.73872|-82.50941,aoml/4903559/profiles/D4903559_066.nc,4903559,4903559,18.73872,-82.50941,2024-10-26T17:25:01Z,20241026,2024,507,0.92,1004.6,93.2727,True,True,True,https://noaa-nws-rtofs-pds.s3.amazonaws.com/rtofs.20241026/rtofs_glo_3dz_f006_6hrly_hvr_US_east.nc
ARGO_GDAC,pfl,aoml/4903559/profiles/D4903559_066.nc|2024-10-26T17:25:01Z|18.73872|-82.50941,aoml/4903559/profiles/D4903559_066.nc,4903559,4903559,18.73872,-82.50941,2024-10-26T17:25:01Z,20241026,2024,316,0.52,49.92,,False,False,True,https://noaa-nws-rtofs-pds.s3.amazonaws.com/rtofs.20241026/rtofs_glo_3dz_f006_6hrly_hvr_US_east.nc
ARGO_GDAC,pfl,aoml/4903559/profiles/D4903559_067.nc|2024-11-01T02:00:20Z|18.53271|-82.61445,aoml/4903559/profiles/D4903559_067.nc,4903559,4903559,18.53271,-82.61445,2024-11-01T02:00:20Z,20241101,2024,1008,1.0,2007.8,87.8192,True,True,True,https://noaa-nws-rtofs-pds.s3.amazonaws.com/rtofs.20241101/rtofs_glo_3dz_f006_6hrly_hvr_US_east.nc
ARGO_GDAC,pfl,aoml/4903559/profiles/D4903559_067.nc|2024-11-01T02:00:20Z|18.53271|-82.61445,aoml/4903559/profiles/D4903559_067.nc,4903559,4903559,18.53271,-82.61445,2024-11-01T02:00:20Z,20241101,2024,391,0.6,49.96,,False,False,True,https://noaa-nws-rtofs-pds.s3.amazonaws.com/rtofs.20241101/rtofs_glo_3dz_f006_6hrly_hvr_US_east.nc
ARGO_GDAC,pfl,aoml/4903559/profiles/D4903559_068.nc|2024-11-06T05:16:08Z|18.45088|-82.74197,aoml/4903559/profiles/D4903559_068.nc,4903559,4903559,18.45088,-82.74197,2024-11-06T05:16:08Z,20241106,2024,509,0.96,1007.08,86.766,True,True,True,https://noaa-nws-rtofs-pds.s3.amazonaws.com/rtofs.20241106/rtofs_glo_3dz_f006_6hrly_hvr_US_east.nc
ARGO_GDAC,pfl,aoml/4903559/profiles/D4903559_068.nc|2024-11-06T05:16:08Z|18.45088|-82.74197,aoml/4903559/profiles/D4903559_068.nc,4903559,4903559,18.45088,-82.74197,2024-11-06T05:16:08Z,20241106,2024,314,0.64,49.96,,False,False,True,https://noaa-nws-rtofs-pds.s3.amazonaws.com/rtofs.20241106/rtofs_glo_3dz_f006_6hrly_hvr_US_east.nc
ARGO_GDAC,pfl,aoml/4903559/profiles/D4903559_069.nc|2024-11-11T13:54:21Z|18.39071|-82.76786,aoml/4903559/profiles/D4903559_069.nc,4903559,4903559,18.39071,-82.76786,2024-11-11T13:54:21Z,20241111,2024,1008,1.04,2008.48,69.7558,True,True,True,https://noaa-nws-rtofs-pds.s3.amazonaws.com/rtofs.20241111/rtofs_glo_3dz_f006_6hrly_hvr_US_east.nc
ARGO_GDAC,pfl,aoml/4903559/profiles/D4903559_069.nc|2024-11-11T13:54:21Z|18.39071|-82.76786,aoml/4903559/profiles/D4903559_069.nc,4903559,4903559,18.39071,-82.76786,2024-11-11T13:54:21Z,20241111,2024,389,0.6,49.88,,False,False,True,https://noaa-nws-rtofs-pds.s3.amazonaws.com/rtofs.20241111/rtofs_glo_3dz_f006_6hrly_hvr_US_east.nc
ARGO_GDAC,pfl,aoml/4903559/profiles/D4903559_070.nc|2024-11-16T17:11:37Z|18.34178|-82.68669,aoml/4903559/profiles/D4903559_070.nc,4903559,4903559,18.34178,-82.68669,2024-11-16T17:11:37Z,20241116,2024,512,0.44,1012.52,48.6612,True,True,True,https://noaa-nws-rtofs-pds.s3.amazonaws.com/rtofs.20241116/rtofs_glo_3dz_f006_6hrly_hvr_US_east.nc
ARGO_GDAC,pfl,aoml/4903559/profiles/D4903559_070.nc|2024-11-16T17:11:37Z|18.34178|-82.68669,aoml/4903559/profiles/D4903559_070.nc,4903559,4903559,18.34178,-82.68669,2024-11-16T17:11:37Z,20241116,2024,450,0.44,49.96,48.6187,True,True,True,https://noaa-nws-rtofs-pds.s3.amazonaws.com/rtofs.20241116/rtofs_glo_3dz_f006_6hrly_hvr_US_east.nc
ARGO_GDAC,pfl,aoml/4903559/profiles/D4903559_071.nc|2024-11-22T01:46:55Z|18.32774|-82.56193,aoml/4903559/profiles/D4903559_071.nc,4903559,4903559,18.32774,-82.56193,2024-11-22T01:46:55Z,20241122,2024,1009,1.08,2008.88,63.5157,True,True,True,https://noaa-nws-rtofs-pds.s3.amazonaws.com/rtofs.20241122/rtofs_glo_3dz_f006_6hrly_hvr_US_east.nc
ARGO_GDAC,pfl,aoml/4903559/profiles/D4903559_071.nc|2024-11-22T01:46:55Z|18.32774|-82.56193,aoml/4903559/profiles/D4903559_071.nc,4903559,4903559,18.32774,-82.56193,2024-11-22T01:46:55Z,20241122,2024,402,0.76,49.92,,False,False,True,https://noaa-nws-rtofs-pds.s3.amazonaws.com/rtofs.20241122/rtofs_glo_3dz_f006_6hrly_hvr_US_east.nc
ARGO_GDAC,pfl,aoml/4903559/profiles/D4903559_072.nc|2024-11-27T05:06:20Z|18.29037|-82.47811,aoml/4903559/profiles/D4903559_072.nc,4903559,4903559,18.29037,-82.47811,2024-11-27T05:06:20Z,20241127,2024,510,1.0,1009.32,62.6143,True,True,True,https://noaa-nws-rtofs-pds.s3.amazonaws.com/rtofs.20241127/rtofs_glo_3dz_f006_6hrly_hvr_US_east.nc
ARGO_GDAC,pfl,aoml/4903559/profiles/D4903559_072.nc|2024-11-27T05:06:20Z|18.29037|-82.47811,aoml/4903559/profiles/D4903559_072.nc,4903559,4903559,18.29037,-82.47811,2024-11-27T05:06:20Z,20241127,2024,442,0.52,49.88,,False,False,True,https://noaa-nws-rtofs-pds.s3.amazonaws.com/rtofs.20241127/rtofs_glo_3dz_f006_6hrly_hvr_US_east.nc
ARGO_GDAC,pfl,aoml/4903559/profiles/D4903559_073.nc|2024-12-02T13:51:16Z|18.24884|-82.37929,aoml/4903559/profiles/D4903559_073.nc,4903559,4903559,18.24884,-82.37929,2024-12-02T13:51:16Z,20241202,2024,1009,1.08,2010.0,48.837,True,True,True,https://noaa-nws-rtofs-pds.s3.amazonaws.com/rtofs.20241202/rtofs_glo_3dz_f006_6hrly_hvr_US_east.nc
ARGO_GDAC,pfl,aoml/4903559/profiles/D4903559_073.nc|2024-12-02T13:51:16Z|18.24884|-82.37929,aoml/4903559/profiles/D4903559_073.nc,4903559,4903559,18.24884,-82.37929,2024-12-02T13:51:16Z,20241202,2024,465,0.68,49.96,49.7578,True,True,True,https://noaa-nws-rtofs-pds.s3.amazonaws.com/rtofs.20241202/rtofs_glo_3dz_f006_6hrly_hvr_US_east.nc
ARGO_GDAC,pfl,aoml/4903559/profiles/D4903559_074.nc|2024-12-07T17:08:42Z|18.15442|-82.28969,aoml/4903559/profiles/D4903559_074.nc,4903559,4903559,18.15442,-82.28969,2024-12-07T17:08:42Z,20241207,2024,518,0.92,1025.32,66.6131,True,True,True,https://noaa-nws-rtofs-pds.s3.amazonaws.com/rtofs.20241207/rtofs_glo_3dz_f006_6hrly_hvr_US_east.nc
ARGO_GDAC,pfl,aoml/4903559/profiles/D4903559_074.nc|2024-12-07T17:08:42Z|18.15442|-82.28969,aoml/4903559/profiles/D4903559_074.nc,4903559,4903559,18.15442,-82.28969,2024-12-07T17:08:42Z,20241207,2024,450,0.6,49.88,,False,False,True,https://noaa-nws-rtofs-pds.s3.amazonaws.com/rtofs.20241207/rtofs_glo_3dz_f006_6hrly_hvr_US_east.nc
ARGO_GDAC,pfl,aoml/4903559/profiles/D4903559_075.nc|2024-12-17T23:54:23Z|18.12992|-81.96994,aoml/4903559/profiles/D4903559_075.nc,4903559,4903559,18.12992,-81.96994,2024-12-17T23:54:23Z,20241217,2024,1006,0.92,2003.24,40.0399,True,True,True,https://noaa-nws-rtofs-pds.s3.amazonaws.com/rtofs.20241217/rtofs_glo_3dz_f006_6hrly_hvr_US_east.nc
ARGO_GDAC,pfl,aoml/4903559/profiles/D4903559_075.nc|2024-12-17T23:54:23Z|18.12992|-81.96994,aoml/4903559/profiles/D4903559_075.nc,4903559,4903559,18.12992,-81.96994,2024-12-17T23:54:23Z,20241217,2024,321,0.52,49.96,39.744,True,True,True,https://noaa-nws-rtofs-pds.s3.amazonaws.com/rtofs.20241217/rtofs_glo_3dz_f006_6hrly_hvr_US_east.nc
ARGO_GDAC,pfl,aoml/4903559/profiles/D4903559_076.nc|2024-12-28T06:36:13Z|18.08286|-81.80639,aoml/4903559/profiles/D4903559_076.nc,4903559,4903559,18.08286,-81.80639,2024-12-28T06:36:13Z,20241228,2024,1008,1.08,2007.48,69.5599,True,True,True,https://noaa-nws-rtofs-pds.s3.amazonaws.com/rtofs.20241228/rtofs_glo_3dz_f006_6hrly_hvr_US_east.nc
ARGO_GDAC,pfl,aoml/4903559/profiles/D4903559_076.nc|2024-12-28T06:36:13Z|18.08286|-81.80639,aoml/4903559/profiles/D4903559_076.nc,4903559,4903559,18.08286,-81.80639,2024-12-28T06:36:13Z,20241228,2024,323,0.8,49.92,,False,False,True,https://noaa-nws-rtofs-pds.s3.amazonaws.com/rtofs.20241228/rtofs_glo_3dz_f006_6hrly_hvr_US_east.nc
ARGO_GDAC,pfl,aoml/4903559/profiles/D4903559_077.nc|2025-01-07T13:06:00Z|18.61816|-81.92093,aoml/4903559/profiles/D4903559_077.nc,4903559,4903559,18.61816,-81.92093,2025-01-07T13:06:00Z,20250107,2025,1007,0.4,2003.24,94.348,True,True,True,https://noaa-nws-rtofs-pds.s3.amazonaws.com/rtofs.20250107/rtofs_glo_3dz_f006_6hrly_hvr_US_east.nc
ARGO_GDAC,pfl,aoml/4903559/profiles/D4903559_077.nc|2025-01-07T13:06:00Z|18.61816|-81.92093,aoml/4903559/profiles/D4903559_077.nc,4903559,4903559,18.61816,-81.92093,2025-01-07T13:06:00Z,20250107,2025,277,0.4,49.96,,False,False,True,https://noaa-nws-rtofs-pds.s3.amazonaws.com/rtofs.20250107/rtofs_glo_3dz_f006_6hrly_hvr_US_east.nc
ARGO_GDAC,pfl,aoml/4903559/profiles/D4903559_078.nc|2025-01-17T19:45:45Z|19.00329|-81.97709,aoml/4903559/profiles/D4903559_078.nc,4903559,4903559,19.00329,-81.97709,2025-01-17T19:45:45Z,20250117,2025,1008,1.04,2007.48,60.5434,True,True,True,https://noaa-nws-rtofs-pds.s3.amazonaws.com/rtofs.20250117/rtofs_glo_3dz_f006_6hrly_hvr_US_east.nc
ARGO_GDAC,pfl,aoml/4903559/profiles/D4903559_078.nc|2025-01-17T19:45:45Z|19.00329|-81.97709,aoml/4903559/profiles/D4903559_078.nc,4903559,4903559,19.00329,-81.97709,2025-01-17T19:45:45Z,20250117,2025,430,0.64,49.96,,False,False,True,https://noaa-nws-rtofs-pds.s3.amazonaws.com/rtofs.20250117/rtofs_glo_3dz_f006_6hrly_hvr_US_east.nc
ARGO_GDAC,pfl,aoml/4903559/profiles/D4903559_079.nc|2025-01-28T02:34:10Z|18.67497|-81.49754,aoml/4903559/profiles/D4903559_079.nc,4903559,4903559,18.67497,-81.49754,2025-01-28T02:34:10Z,20250128,2025,1009,1.08,2009.48,41.1736,True,True,True,https://noaa-nws-rtofs-pds.s3.amazonaws.com/rtofs.20250128/rtofs_glo_3dz_f006_6hrly_hvr_US_east.nc
ARGO_GDAC,pfl,aoml/4903559/profiles/D4903559_079.nc|2025-01-28T02:34:10Z|18.67497|-81.49754,aoml/4903559/profiles/D4903559_079.nc,4903559,4903559,18.67497,-81.49754,2025-01-28T02:34:10Z,20250128,2025,390,0.8,49.92,41.0591,True,True,True,https://noaa-nws-rtofs-pds.s3.amazonaws.com/rtofs.20250128/rtofs_glo_3dz_f006_6hrly_hvr_US_east.nc
ARGO_GDAC,pfl,aoml/4903559/profiles/D4903559_080.nc|2025-02-07T09:16:17Z|18.04183|-81.73066,aoml/4903559/profiles/D4903559_080.nc,4903559,4903559,18.04183,-81.73066,2025-02-07T09:16:17Z,20250207,2025,1010,0.36,2008.64,93.6075,True,True,True,https://noaa-nws-rtofs-pds.s3.amazonaws.com/rtofs.20250207/rtofs_glo_3dz_f006_6hrly_hvr_US_east.nc
ARGO_GDAC,pfl,aoml/4903559/profiles/D4903559_080.nc|2025-02-07T09:16:17Z|18.04183|-81.73066,aoml/4903559/profiles/D4903559_080.nc,4903559,4903559,18.04183,-81.73066,2025-02-07T09:16:17Z,20250207,2025,271,0.36,49.92,,False,False,True,https://noaa-nws-rtofs-pds.s3.amazonaws.com/rtofs.20250207/rtofs_glo_3dz_f006_6hrly_hvr_US_east.nc
ARGO_GDAC,pfl,aoml/4903559/profiles/D4903559_081.nc|2025-02-17T15:49:19Z|18.34549|-81.85434,aoml/4903559/profiles/D4903559_081.nc,4903559,4903559,18.34549,-81.85434,2025-02-17T15:49:19Z,20250217,2025,1006,1.08,2004.04,121.9492,True,False,True,https://noaa-nws-rtofs-pds.s3.amazonaws.com/rtofs.20250217/rtofs_glo_3dz_f006_6hrly_hvr_US_east.nc
ARGO_GDAC,pfl,aoml/4903559/profiles/D4903559_081.nc|2025-02-17T15:49:19Z|18.34549|-81.85434,aoml/4903559/profiles/D4903559_081.nc,4903559,4903559,18.34549,-81.85434,2025-02-17T15:49:19Z,20250217,2025,438,0.68,49.88,,False,False,True,https://noaa-nws-rtofs-pds.s3.amazonaws.com/rtofs.20250217/rtofs_glo_3dz_f006_6hrly_hvr_US_east.nc
ARGO_GDAC,pfl,aoml/4903559/profiles/D4903559_082.nc|2025-02-27T22:32:22Z|18.31490|-81.99979,aoml/4903559/profiles/D4903559_082.nc,4903559,4903559,18.3149,-81.99979,2025-02-27T22:32:22Z,20250227,2025,1009,1.04,2009.36,43.9164,True,True,True,https://noaa-nws-rtofs-pds.s3.amazonaws.com/rtofs.20250227/rtofs_glo_3dz_f006_6hrly_hvr_US_east.nc
ARGO_GDAC,pfl,aoml/4903559/profiles/D4903559_082.nc|2025-02-27T22:32:22Z|18.31490|-81.99979,aoml/4903559/profiles/D4903559_082.nc,4903559,4903559,18.3149,-81.99979,2025-02-27T22:32:22Z,20250227,2025,432,0.6,50.0,44.8,True,True,True,https://noaa-nws-rtofs-pds.s3.amazonaws.com/rtofs.20250227/rtofs_glo_3dz_f006_6hrly_hvr_US_east.nc
ARGO_GDAC,pfl,aoml/4903559/profiles/D4903559_083.nc|2025-03-10T05:08:51Z|18.15428|-82.29175,aoml/4903559/profiles/D4903559_083.nc,4903559,4903559,18.15428,-82.29175,2025-03-10T05:08:51Z,20250310,2025,1006,1.04,2003.2,43.1521,True,True,True,https://noaa-nws-rtofs-pds.s3.amazonaws.com/rtofs.20250310/rtofs_glo_3dz_f006_6hrly_hvr_US_east.nc
ARGO_GDAC,pfl,aoml/4903559/profiles/D4903559_083.nc|2025-03-10T05:08:51Z|18.15428|-82.29175,aoml/4903559/profiles/D4903559_083.nc,4903559,4903559,18.15428,-82.29175,2025-03-10T05:08:51Z,20250310,2025,451,0.68,49.96,43.0151,True,True,True,https://noaa-nws-rtofs-pds.s3.amazonaws.com/rtofs.20250310/rtofs_glo_3dz_f006_6hrly_hvr_US_east.nc
ARGO_GDAC,pfl,aoml/4903559/profiles/D4903559_084.nc|2025-03-20T11:50:12Z|18.08782|-82.23574,aoml/4903559/profiles/D4903559_084.nc,4903559,4903559,18.08782,-82.23574,2025-03-20T11:50:12Z,20250320,2025,1009,0.92,2010.04,69.1213,True,True,True,https://noaa-nws-rtofs-pds.s3.amazonaws.com/rtofs.20250320/rtofs_glo_3dz_f006_6hrly_hvr_US_east.nc
ARGO_GDAC,pfl,aoml/4903559/profiles/D4903559_084.nc|2025-03-20T11:50:12Z|18.08782|-82.23574,aoml/4903559/profiles/D4903559_084.nc,4903559,4903559,18.08782,-82.23574,2025-03-20T11:50:12Z,20250320,2025,416,0.52,49.92,,False,False,True,https://noaa-nws-rtofs-pds.s3.amazonaws.com/rtofs.20250320/rtofs_glo_3dz_f006_6hrly_hvr_US_east.nc
ARGO_GDAC,pfl,aoml/4903559/profiles/D4903559_085.nc|2025-03-30T18:26:32Z|18.14458|-82.15966,aoml/4903559/profiles/D4903559_085.nc,4903559,4903559,18.14458,-82.15966,2025-03-30T18:26:32Z,20250330,2025,1006,1.08,2003.12,78.0557,True,True,True,https://noaa-nws-rtofs-pds.s3.amazonaws.com/rtofs.20250330/rtofs_glo_3dz_f006_6hrly_hvr_US_east.nc
ARGO_GDAC,pfl,aoml/4903559/profiles/D4903559_085.nc|2025-03-30T18:26:32Z|18.14458|-82.15966,aoml/4903559/profiles/D4903559_085.nc,4903559,4903559,18.14458,-82.15966,2025-03-30T18:26:32Z,20250330,2025,427,0.64,49.96,,False,False,True,https://noaa-nws-rtofs-pds.s3.amazonaws.com/rtofs.20250330/rtofs_glo_3dz_f006_6hrly_hvr_US_east.nc
ARGO_GDAC,pfl,aoml/4903559/profiles/D4903559_086.nc|2025-04-10T01:02:35Z|18.18453|-82.20750,aoml/4903559/profiles/D4903559_086.nc,4903559,4903559,18.18453,-82.2075,2025-04-10T01:02:35Z,20250410,2025,1007,1.04,2006.44,82.089,True,True,True,https://noaa-nws-rtofs-pds.s3.amazonaws.com/rtofs.20250410/rtofs_glo_3dz_f006_6hrly_hvr_US_east.nc
ARGO_GDAC,pfl,aoml/4903559/profiles/D4903559_086.nc|2025-04-10T01:02:35Z|18.18453|-82.20750,aoml/4903559/profiles/D4903559_086.nc,4903559,4903559,18.18453,-82.2075,2025-04-10T01:02:35Z,20250410,2025,429,0.64,49.84,,False,False,True,https://noaa-nws-rtofs-pds.s3.amazonaws.com/rtofs.20250410/rtofs_glo_3dz_f006_6hrly_hvr_US_east.nc
ARGO_GDAC,pfl,aoml/4903559/profiles/D4903559_087.nc|2025-04-20T07:39:25Z|18.12374|-82.00135,aoml/4903559/profiles/D4903559_087.nc,4903559,4903559,18.12374,-82.00135,2025-04-20T07:39:25Z,20250420,2025,1006,1.04,2003.92,111.6212,True,False,True,https://noaa-nws-rtofs-pds.s3.amazonaws.com/rtofs.20250420/rtofs_glo_3dz_f006_6hrly_hvr_US_east.nc
ARGO_GDAC,pfl,aoml/4903559/profiles/D4903559_087.nc|2025-04-20T07:39:25Z|18.12374|-82.00135,aoml/4903559/profiles/D4903559_087.nc,4903559,4903559,18.12374,-82.00135,2025-04-20T07:39:25Z,20250420,2025,427,0.6,49.92,,False,False,True,https://noaa-nws-rtofs-pds.s3.amazonaws.com/rtofs.20250420/rtofs_glo_3dz_f006_6hrly_hvr_US_east.nc
ARGO_GDAC,pfl,aoml/4903559/profiles/D4903559_088.nc|2025-04-30T14:23:23Z|18.33662|-81.91131,aoml/4903559/profiles/D4903559_088.nc,4903559,4903559,18.33662,-81.91131,2025-04-30T14:23:23Z,20250430,2025,1007,1.0,2006.28,107.1612,True,False,True,https://noaa-nws-rtofs-pds.s3.amazonaws.com/rtofs.20250430/rtofs_glo_3dz_f006_6hrly_hvr_US_east.nc
ARGO_GDAC,pfl,aoml/4903559/profiles/D4903559_088.nc|2025-04-30T14:23:23Z|18.33662|-81.91131,aoml/4903559/profiles/D4903559_088.nc,4903559,4903559,18.33662,-81.91131,2025-04-30T14:23:23Z,20250430,2025,399,0.6,49.96,,False,False,True,https://noaa-nws-rtofs-pds.s3.amazonaws.com/rtofs.20250430/rtofs_glo_3dz_f006_6hrly_hvr_US_east.nc
ARGO_GDAC,pfl,aoml/4903559/profiles/R4903559_089.nc|2025-05-10T21:05:34Z|18.51361|-82.03286,aoml/4903559/profiles/R4903559_089.nc,4903559,4903559,18.51361,-82.03286,2025-05-10T21:05:34Z,20250510,2025,1005,1.08,2002.4,37.973,True,True,True,https://noaa-nws-rtofs-pds.s3.amazonaws.com/rtofs.20250510/rtofs_glo_3dz_f006_6hrly_hvr_US_east.nc
ARGO_GDAC,pfl,aoml/4903559/profiles/R4903559_089.nc|2025-05-10T21:05:34Z|18.51361|-82.03286,aoml/4903559/profiles/R4903559_089.nc,4903559,4903559,18.51361,-82.03286,2025-05-10T21:05:34Z,20250510,2025,412,0.68,49.88,38.1066,True,True,True,https://noaa-nws-rtofs-pds.s3.amazonaws.com/rtofs.20250510/rtofs_glo_3dz_f006_6hrly_hvr_US_east.nc
ARGO_GDAC,pfl,aoml/4903559/profiles/R4903559_090.nc|2025-05-21T03:40:18Z|18.64729|-82.11261,aoml/4903559/profiles/R4903559_090.nc,4903559,4903559,18.64729,-82.11261,2025-05-21T03:40:18Z,20250521,2025,1006,1.2,2003.2,15.286,True,True,True,https://noaa-nws-rtofs-pds.s3.amazonaws.com/rtofs.20250521/rtofs_glo_3dz_f006_6hrly_hvr_US_east.nc
ARGO_GDAC,pfl,aoml/4903559/profiles/R4903559_090.nc|2025-05-21T03:40:18Z|18.64729|-82.11261,aoml/4903559/profiles/R4903559_090.nc,4903559,4903559,18.64729,-82.11261,2025-05-21T03:40:18Z,20250521,2025,428,0.84,49.92,15.888,True,True,True,https://noaa-nws-rtofs-pds.s3.amazonaws.com/rtofs.20250521/rtofs_glo_3dz_f006_6hrly_hvr_US_east.nc
ARGO_GDAC,pfl,aoml/4903559/profiles/R4903559_091.nc|2025-05-31T10:14:02Z|18.89175|-82.19799,aoml/4903559/profiles/R4903559_091.nc,4903559,4903559,18.89175,-82.19799,2025-05-31T10:14:02Z,20250531,2025,1006,1.08,2003.8,34.1155,True,True,True,https://noaa-nws-rtofs-pds.s3.amazonaws.com/rtofs.20250531/rtofs_glo_3dz_f006_6hrly_hvr_US_east.nc
ARGO_GDAC,pfl,aoml/4903559/profiles/R4903559_091.nc|2025-05-31T10:14:02Z|18.89175|-82.19799,aoml/4903559/profiles/R4903559_091.nc,4903559,4903559,18.89175,-82.19799,2025-05-31T10:14:02Z,20250531,2025,442,0.68,49.96,34.0801,True,True,True,https://noaa-nws-rtofs-pds.s3.amazonaws.com/rtofs.20250531/rtofs_glo_3dz_f006_6hrly_hvr_US_east.nc
ARGO_GDAC,pfl,aoml/4903559/profiles/R4903559_092.nc|2025-06-10T16:54:49Z|19.01840|-82.34383,aoml/4903559/profiles/R4903559_092.nc,4903559,4903559,19.0184,-82.34383,2025-06-10T16:54:49Z,20250610,2025,1007,1.12,2005.68,66.8059,True,True,True,https://noaa-nws-rtofs-pds.s3.amazonaws.com/rtofs.20250610/rtofs_glo_3dz_f006_6hrly_hvr_US_east.nc
ARGO_GDAC,pfl,aoml/4903559/profiles/R4903559_092.nc|2025-06-10T16:54:49Z|19.01840|-82.34383,aoml/4903559/profiles/R4903559_092.nc,4903559,4903559,19.0184,-82.34383,2025-06-10T16:54:49Z,20250610,2025,423,0.8,49.96,,False,False,True,https://noaa-nws-rtofs-pds.s3.amazonaws.com/rtofs.20250610/rtofs_glo_3dz_f006_6hrly_hvr_US_east.nc
ARGO_GDAC,pfl,aoml/4903559/profiles/R4903559_093.nc|2025-06-20T23:35:06Z|19.13287|-82.57038,aoml/4903559/profiles/R4903559_093.nc,4903559,4903559,19.13287,-82.57038,2025-06-20T23:35:06Z,20250620,2025,1007,0.36,2003.96,48.2535,True,True,True,https://noaa-nws-rtofs-pds.s3.amazonaws.com/rtofs.20250620/rtofs_glo_3dz_f006_6hrly_hvr_US_east.nc
ARGO_GDAC,pfl,aoml/4903559/profiles/R4903559_093.nc|2025-06-20T23:35:06Z|19.13287|-82.57038,aoml/4903559/profiles/R4903559_093.nc,4903559,4903559,19.13287,-82.57038,2025-06-20T23:35:06Z,20250620,2025,364,0.36,50.0,48.7296,True,True,True,https://noaa-nws-rtofs-pds.s3.amazonaws.com/rtofs.20250620/rtofs_glo_3dz_f006_6hrly_hvr_US_east.nc
ARGO_GDAC,pfl,aoml/4903559/profiles/R4903559_094.nc|2025-07-01T06:29:51Z|19.19462|-82.47204,aoml/4903559/profiles/R4903559_094.nc,4903559,4903559,19.19462,-82.47204,2025-07-01T06:29:51Z,20250701,2025,1007,1.0,2004.64,46.3438,True,True,True,https://noaa-nws-rtofs-pds.s3.amazonaws.com/rtofs.20250701/rtofs_glo_3dz_f006_6hrly_hvr_US_east.nc
ARGO_GDAC,pfl,aoml/4903559/profiles/R4903559_094.nc|2025-07-01T06:29:51Z|19.19462|-82.47204,aoml/4903559/profiles/R4903559_094.nc,4903559,4903559,19.19462,-82.47204,2025-07-01T06:29:51Z,20250701,2025,358,0.64,49.92,46.6215,True,True,True,https://noaa-nws-rtofs-pds.s3.amazonaws.com/rtofs.20250701/rtofs_glo_3dz_f006_6hrly_hvr_US_east.nc
ARGO_GDAC,pfl,aoml/4903559/profiles/R4903559_095.nc|2025-07-11T13:04:38Z|18.99685|-82.25021,aoml/4903559/profiles/R4903559_095.nc,4903559,4903559,18.99685,-82.25021,2025-07-11T13:04:38Z,20250711,2025,1006,0.96,2002.88,33.975,True,True,True,https://noaa-nws-rtofs-pds.s3.amazonaws.com/rtofs.20250711/rtofs_glo_3dz_f006_6hrly_hvr_US_east.nc
ARGO_GDAC,pfl,aoml/4903559/profiles/R4903559_095.nc|2025-07-11T13:04:38Z|18.99685|-82.25021,aoml/4903559/profiles/R4903559_095.nc,4903559,4903559,18.99685,-82.25021,2025-07-11T13:04:38Z,20250711,2025,360,0.52,50.0,34.0844,True,True,True,https://noaa-nws-rtofs-pds.s3.amazonaws.com/rtofs.20250711/rtofs_glo_3dz_f006_6hrly_hvr_US_east.nc
ARGO_GDAC,pfl,aoml/4903559/profiles/R4903559_096.nc|2025-07-21T19:44:03Z|18.72997|-82.08599,aoml/4903559/profiles/R4903559_096.nc,4903559,4903559,18.72997,-82.08599,2025-07-21T19:44:03Z,20250721,2025,1006,1.0,2002.52,20.9931,True,True,True,https://noaa-nws-rtofs-pds.s3.amazonaws.com/rtofs.20250721/rtofs_glo_3dz_f006_6hrly_hvr_US_east.nc
ARGO_GDAC,pfl,aoml/4903559/profiles/R4903559_096.nc|2025-07-21T19:44:03Z|18.72997|-82.08599,aoml/4903559/profiles/R4903559_096.nc,4903559,4903559,18.72997,-82.08599,2025-07-21T19:44:03Z,20250721,2025,377,0.6,49.96,21.2921,True,True,True,https://noaa-nws-rtofs-pds.s3.amazonaws.com/rtofs.20250721/rtofs_glo_3dz_f006_6hrly_hvr_US_east.nc
ARGO_GDAC,pfl,aoml/4903559/profiles/R4903559_097.nc|2025-08-01T02:21:21Z|19.01831|-82.15628,aoml/4903559/profiles/R4903559_097.nc,4903559,4903559,19.01831,-82.15628,2025-08-01T02:21:21Z,20250801,2025,1007,1.0,2006.44,27.1907,True,True,True,https://noaa-nws-rtofs-pds.s3.amazonaws.com/rtofs.20250801/rtofs_glo_3dz_f006_6hrly_hvr_US_east.nc
ARGO_GDAC,pfl,aoml/4903559/profiles/R4903559_097.nc|2025-08-01T02:21:21Z|19.01831|-82.15628,aoml/4903559/profiles/R4903559_097.nc,4903559,4903559,19.01831,-82.15628,2025-08-01T02:21:21Z,20250801,2025,360,0.52,49.96,26.6433,True,True,True,https://noaa-nws-rtofs-pds.s3.amazonaws.com/rtofs.20250801/rtofs_glo_3dz_f006_6hrly_hvr_US_east.nc
ARGO_GDAC,pfl,aoml/4903559/profiles/R4903559_098.nc|2025-08-11T09:02:42Z|18.79149|-82.58272,aoml/4903559/profiles/R4903559_098.nc,4903559,4903559,18.79149,-82.58272,2025-08-11T09:02:42Z,20250811,2025,1006,0.44,2002.24,31.287,True,True,True,https://noaa-nws-rtofs-pds.s3.amazonaws.com/rtofs.20250811/rtofs_glo_3dz_f006_6hrly_hvr_US_east.nc
ARGO_GDAC,pfl,aoml/4903559/profiles/R4903559_098.nc|2025-08-11T09:02:42Z|18.79149|-82.58272,aoml/4903559/profiles/R4903559_098.nc,4903559,4903559,18.79149,-82.58272,2025-08-11T09:02:42Z,20250811,2025,348,0.44,50.0,31.8022,True,True,True,https://noaa-nws-rtofs-pds.s3.amazonaws.com/rtofs.20250811/rtofs_glo_3dz_f006_6hrly_hvr_US_east.nc
ARGO_GDAC,pfl,aoml/4903559/profiles/R4903559_099.nc|2025-08-21T15:38:41Z|18.58753|-82.44388,aoml/4903559/profiles/R4903559_099.nc,4903559,4903559,18.58753,-82.44388,2025-08-21T15:38:41Z,20250821,2025,1007,0.4,2003.84,25.6257,True,True,True,https://noaa-nws-rtofs-pds.s3.amazonaws.com/rtofs.20250821/rtofs_glo_3dz_f006_6hrly_hvr_US_east.nc
ARGO_GDAC,pfl,aoml/4903559/profiles/R4903559_099.nc|2025-08-21T15:38:41Z|18.58753|-82.44388,aoml/4903559/profiles/R4903559_099.nc,4903559,4903559,18.58753,-82.44388,2025-08-21T15:38:41Z,20250821,2025,338,0.4,49.96,25.5369,True,True,True,https://noaa-nws-rtofs-pds.s3.amazonaws.com/rtofs.20250821/rtofs_glo_3dz_f006_6hrly_hvr_US_east.nc
ARGO_GDAC,pfl,aoml/4903559/profiles/R4903559_100.nc|2025-08-31T22:27:55Z|18.39643|-82.49037,aoml/4903559/profiles/R4903559_100.nc,4903559,4903559,18.39643,-82.49037,2025-08-31T22:27:55Z,20250831,2025,1009,1.0,2010.08,41.6721,True,True,True,https://noaa-nws-rtofs-pds.s3.amazonaws.com/rtofs.20250831/rtofs_glo_3dz_f006_6hrly_hvr_US_east.nc
ARGO_GDAC,pfl,aoml/4903559/profiles/R4903559_100.nc|2025-08-31T22:27:55Z|18.39643|-82.49037,aoml/4903559/profiles/R4903559_100.nc,4903559,4903559,18.39643,-82.49037,2025-08-31T22:27:55Z,20250831,2025,330,0.64,49.96,42.1,True,True,True,https://noaa-nws-rtofs-pds.s3.amazonaws.com/rtofs.20250831/rtofs_glo_3dz_f006_6hrly_hvr_US_east.nc
ARGO_GDAC,pfl,aoml/4903559/profiles/R4903559_101.nc|2025-09-11T05:04:25Z|18.44221|-82.12890,aoml/4903559/profiles/R4903559_101.nc,4903559,4903559,18.44221,-82.1289,2025-09-11T05:04:25Z,20250911,2025,1007,0.48,2004.44,33.9988,True,True,True,https://noaa-nws-rtofs-pds.s3.amazonaws.com/rtofs.20250911/rtofs_glo_3dz_f006_6hrly_hvr_US_east.nc
ARGO_GDAC,pfl,aoml/4903559/profiles/R4903559_101.nc|2025-09-11T05:04:25Z|18.44221|-82.12890,aoml/4903559/profiles/R4903559_101.nc,4903559,4903559,18.44221,-82.1289,2025-09-11T05:04:25Z,20250911,2025,374,0.48,50.0,33.8883,True,True,True,https://noaa-nws-rtofs-pds.s3.amazonaws.com/rtofs.20250911/rtofs_glo_3dz_f006_6hrly_hvr_US_east.nc
ARGO_GDAC,pfl,aoml/4903559/profiles/R4903559_102.nc|2025-09-21T11:46:34Z|19.09293|-81.73498,aoml/4903559/profiles/R4903559_102.nc,4903559,4903559,19.09293,-81.73498,2025-09-21T11:46:34Z,20250921,2025,1007,0.44,2003.32,58.4344,True,True,True,https://noaa-nws-rtofs-pds.s3.amazonaws.com/rtofs.20250921/rtofs_glo_3dz_f006_6hrly_hvr_US_east.nc
ARGO_GDAC,pfl,aoml/4903559/profiles/R4903559_102.nc|2025-09-21T11:46:34Z|19.09293|-81.73498,aoml/4903559/profiles/R4903559_102.nc,4903559,4903559,19.09293,-81.73498,2025-09-21T11:46:34Z,20250921,2025,292,0.44,49.84,,False,False,True,https://noaa-nws-rtofs-pds.s3.amazonaws.com/rtofs.20250921/rtofs_glo_3dz_f006_6hrly_hvr_US_east.nc
ARGO_GDAC,pfl,aoml/4903559/profiles/R4903559_103.nc|2025-10-01T18:20:11Z|18.89557|-81.48380,aoml/4903559/profiles/R4903559_103.nc,4903559,4903559,18.89557,-81.4838,2025-10-01T18:20:11Z,20251001,2025,1008,0.48,2004.64,30.4475,True,True,True,https://noaa-nws-rtofs-pds.s3.amazonaws.com/rtofs.20251001/rtofs_glo_3dz_f006_6hrly_hvr_US_east.nc
ARGO_GDAC,pfl,aoml/4903559/profiles/R4903559_103.nc|2025-10-01T18:20:11Z|18.89557|-81.48380,aoml/4903559/profiles/R4903559_103.nc,4903559,4903559,18.89557,-81.4838,2025-10-01T18:20:11Z,20251001,2025,365,0.48,49.96,30.824,True,True,True,https://noaa-nws-rtofs-pds.s3.amazonaws.com/rtofs.20251001/rtofs_glo_3dz_f006_6hrly_hvr_US_east.nc
ARGO_GDAC,pfl,aoml/4903559/profiles/R4903559_104.nc|2025-10-12T00:58:06Z|18.42456|-81.54618,aoml/4903559/profiles/R4903559_104.nc,4903559,4903559,18.42456,-81.54618,2025-10-12T00:58:06Z,20251012,2025,1006,0.96,2002.92,19.0041,True,True,True,https://noaa-nws-rtofs-pds.s3.amazonaws.com/rtofs.20251012/rtofs_glo_3dz_f006_6hrly_hvr_US_east.nc
ARGO_GDAC,pfl,aoml/4903559/profiles/R4903559_104.nc|2025-10-12T00:58:06Z|18.42456|-81.54618,aoml/4903559/profiles/R4903559_104.nc,4903559,4903559,18.42456,-81.54618,2025-10-12T00:58:06Z,20251012,2025,408,0.52,49.92,19.0704,True,True,True,https://noaa-nws-rtofs-pds.s3.amazonaws.com/rtofs.20251012/rtofs_glo_3dz_f006_6hrly_hvr_US_east.nc
ARGO_GDAC,pfl,aoml/4903559/profiles/R4903559_105.nc|2025-10-22T07:38:17Z|18.82579|-81.84241,aoml/4903559/profiles/R4903559_105.nc,4903559,4903559,18.82579,-81.84241,2025-10-22T07:38:17Z,20251022,2025,1004,0.96,2004.32,42.4755,True,True,True,https://noaa-nws-rtofs-pds.s3.amazonaws.com/rtofs.20251022/rtofs_glo_3dz_f006_6hrly_hvr_US_east.nc
ARGO_GDAC,pfl,aoml/4903559/profiles/R4903559_105.nc|2025-10-22T07:38:17Z|18.82579|-81.84241,aoml/4903559/profiles/R4903559_105.nc,4903559,4903559,18.82579,-81.84241,2025-10-22T07:38:17Z,20251022,2025,330,0.6,49.96,43.272,True,True,True,https://noaa-nws-rtofs-pds.s3.amazonaws.com/rtofs.20251022/rtofs_glo_3dz_f006_6hrly_hvr_US_east.nc
ARGO_GDAC,pfl,aoml/4903559/profiles/R4903559_106.nc|2025-11-01T14:14:21Z|19.17457|-82.09015,aoml/4903559/profiles/R4903559_106.nc,4903559,4903559,19.17457,-82.09015,2025-11-01T14:14:21Z,20251101,2025,1008,0.48,2004.92,77.351,True,True,True,https://noaa-nws-rtofs-pds.s3.amazonaws.com/rtofs.20251101/rtofs_glo_3dz_f006_6hrly_hvr_US_east.nc
ARGO_GDAC,pfl,aoml/4903559/profiles/R4903559_106.nc|2025-11-01T14:14:21Z|19.17457|-82.09015,aoml/4903559/profiles/R4903559_106.nc,4903559,4903559,19.17457,-82.09015,2025-11-01T14:14:21Z,20251101,2025,344,0.48,50.0,,False,False,True,https://noaa-nws-rtofs-pds.s3.amazonaws.com/rtofs.20251101/rtofs_glo_3dz_f006_6hrly_hvr_US_east.nc
ARGO_GDAC,pfl,aoml/4903559/profiles/R4903559_107.nc|2025-11-11T20:48:18Z|18.76884|-82.16468,aoml/4903559/profiles/R4903559_107.nc,4903559,4903559,18.76884,-82.16468,2025-11-11T20:48:18Z,20251111,2025,1006,1.0,2003.36,70.6587,True,True,True,https://noaa-nws-rtofs-pds.s3.amazonaws.com/rtofs.20251111/rtofs_glo_3dz_f006_6hrly_hvr_US_east.nc
ARGO_GDAC,pfl,aoml/4903559/profiles/R4903559_107.nc|2025-11-11T20:48:18Z|18.76884|-82.16468,aoml/4903559/profiles/R4903559_107.nc,4903559,4903559,18.76884,-82.16468,2025-11-11T20:48:18Z,20251111,2025,275,0.64,50.0,,False,False,True,https://noaa-nws-rtofs-pds.s3.amazonaws.com/rtofs.20251111/rtofs_glo_3dz_f006_6hrly_hvr_US_east.nc
ARGO_GDAC,pfl,aoml/4903559/profiles/R4903559_108.nc|2025-11-22T03:33:38Z|18.36979|-82.55837,aoml/4903559/profiles/R4903559_108.nc,4903559,4903559,18.36979,-82.55837,2025-11-22T03:33:38Z,20251122,2025,1008,0.4,2004.84,68.1672,True,True,True,https://noaa-nws-rtofs-pds.s3.amazonaws.com/rtofs.20251122/rtofs_glo_3dz_f006_6hrly_hvr_US_east.nc
ARGO_GDAC,pfl,aoml/4903559/profiles/R4903559_108.nc|2025-11-22T03:33:38Z|18.36979|-82.55837,aoml/4903559/profiles/R4903559_108.nc,4903559,4903559,18.36979,-82.55837,2025-11-22T03:33:38Z,20251122,2025,366,0.4,50.0,,False,False,True,https://noaa-nws-rtofs-pds.s3.amazonaws.com/rtofs.20251122/rtofs_glo_3dz_f006_6hrly_hvr_US_east.nc
ARGO_GDAC,pfl,aoml/4903559/profiles/R4903559_109.nc|2025-12-02T10:11:27Z|18.22864|-82.78745,aoml/4903559/profiles/R4903559_109.nc,4903559,4903559,18.22864,-82.78745,2025-12-02T10:11:27Z,20251202,2025,1010,0.44,2008.84,53.5709,True,True,True,https://noaa-nws-rtofs-pds.s3.amazonaws.com/rtofs.20251202/rtofs_glo_3dz_f006_6hrly_hvr_US_east.nc
ARGO_GDAC,pfl,aoml/4903559/profiles/R4903559_109.nc|2025-12-02T10:11:27Z|18.22864|-82.78745,aoml/4903559/profiles/R4903559_109.nc,4903559,4903559,18.22864,-82.78745,2025-12-02T10:11:27Z,20251202,2025,409,0.44,49.96,,False,False,True,https://noaa-nws-rtofs-pds.s3.amazonaws.com/rtofs.20251202/rtofs_glo_3dz_f006_6hrly_hvr_US_east.nc
ARGO_GDAC,pfl,aoml/4903559/profiles/R4903559_110.nc|2025-12-12T16:54:23Z|18.08202|-83.11674,aoml/4903559/profiles/R4903559_110.nc,4903559,4903559,18.08202,-83.11674,2025-12-12T16:54:23Z,20251212,2025,1008,0.36,2008.92,77.4921,True,True,True,https://noaa-nws-rtofs-pds.s3.amazonaws.com/rtofs.20251212/rtofs_glo_3dz_f006_6hrly_hvr_US_east.nc
ARGO_GDAC,pfl,aoml/4903559/profiles/R4903559_110.nc|2025-12-12T16:54:23Z|18.08202|-83.11674,aoml/4903559/profiles/R4903559_110.nc,4903559,4903559,18.08202,-83.11674,2025-12-12T16:54:23Z,20251212,2025,288,0.36,49.92,,False,False,True,https://noaa-nws-rtofs-pds.s3.amazonaws.com/rtofs.20251212/rtofs_glo_3dz_f006_6hrly_hvr_US_east.nc
ARGO_GDAC,pfl,aoml/4903562/profiles/D4903562_027.nc|2024-01-10T04:46:53Z|19.02092|-85.29022,aoml/4903562/profiles/D4903562_027.nc,4903562,4903562,19.02092,-85.29022,2024-01-10T04:46:53Z,20240110,2024,1009,0.48,2005.32,94.3289,True,True,False,
ARGO_GDAC,pfl,aoml/4903562/profiles/D4903562_027.nc|2024-01-10T04:46:53Z|19.02092|-85.29022,aoml/4903562/profiles/D4903562_027.nc,4903562,4903562,19.02092,-85.29022,2024-01-10T04:46:53Z,20240110,2024,317,0.48,49.88,,False,False,False,
ARGO_GDAC,pfl,aoml/4903562/profiles/D4903562_028.nc|2024-01-20T11:27:03Z|19.29769|-85.25241,aoml/4903562/profiles/D4903562_028.nc,4903562,4903562,19.29769,-85.25241,2024-01-20T11:27:03Z,20240120,2024,1009,1.0,2007.32,102.8445,True,False,False,
ARGO_GDAC,pfl,aoml/4903562/profiles/D4903562_028.nc|2024-01-20T11:27:03Z|19.29769|-85.25241,aoml/4903562/profiles/D4903562_028.nc,4903562,4903562,19.29769,-85.25241,2024-01-20T11:27:03Z,20240120,2024,323,0.52,49.96,,False,False,False,
ARGO_GDAC,pfl,aoml/4903562/profiles/D4903562_029.nc|2024-01-30T18:03:24Z|19.36289|-85.29988,aoml/4903562/profiles/D4903562_029.nc,4903562,4903562,19.36289,-85.29988,2024-01-30T18:03:24Z,20240130,2024,1010,0.96,2009.36,106.7659,True,False,True,https://noaa-nws-rtofs-pds.s3.amazonaws.com/rtofs.20240130/rtofs_glo_3dz_f006_6hrly_hvr_US_east.nc
ARGO_GDAC,pfl,aoml/4903562/profiles/D4903562_029.nc|2024-01-30T18:03:24Z|19.36289|-85.29988,aoml/4903562/profiles/D4903562_029.nc,4903562,4903562,19.36289,-85.29988,2024-01-30T18:03:24Z,20240130,2024,321,0.6,49.96,,False,False,True,https://noaa-nws-rtofs-pds.s3.amazonaws.com/rtofs.20240130/rtofs_glo_3dz_f006_6hrly_hvr_US_east.nc
ARGO_GDAC,pfl,aoml/4903562/profiles/D4903562_030.nc|2024-02-10T00:42:09Z|19.33390|-85.33587,aoml/4903562/profiles/D4903562_030.nc,4903562,4903562,19.3339,-85.33587,2024-02-10T00:42:09Z,20240210,2024,1010,0.96,2009.4,139.4523,True,False,True,https://noaa-nws-rtofs-pds.s3.amazonaws.com/rtofs.20240210/rtofs_glo_3dz_f006_6hrly_hvr_US_east.nc
ARGO_GDAC,pfl,aoml/4903562/profiles/D4903562_030.nc|2024-02-10T00:42:09Z|19.33390|-85.33587,aoml/4903562/profiles/D4903562_030.nc,4903562,4903562,19.3339,-85.33587,2024-02-10T00:42:09Z,20240210,2024,372,0.56,49.92,,False,False,True,https://noaa-nws-rtofs-pds.s3.amazonaws.com/rtofs.20240210/rtofs_glo_3dz_f006_6hrly_hvr_US_east.nc
ARGO_GDAC,pfl,aoml/4903562/profiles/D4903562_031.nc|2024-02-20T07:12:23Z|19.29643|-85.49572,aoml/4903562/profiles/D4903562_031.nc,4903562,4903562,19.29643,-85.49572,2024-02-20T07:12:23Z,20240220,2024,1010,1.08,2009.0,99.2983,True,True,True,https://noaa-nws-rtofs-pds.s3.amazonaws.com/rtofs.20240220/rtofs_glo_3dz_f006_6hrly_hvr_US_east.nc
ARGO_GDAC,pfl,aoml/4903562/profiles/D4903562_031.nc|2024-02-20T07:12:23Z|19.29643|-85.49572,aoml/4903562/profiles/D4903562_031.nc,4903562,4903562,19.29643,-85.49572,2024-02-20T07:12:23Z,20240220,2024,402,0.64,49.96,,False,False,True,https://noaa-nws-rtofs-pds.s3.amazonaws.com/rtofs.20240220/rtofs_glo_3dz_f006_6hrly_hvr_US_east.nc
ARGO_GDAC,pfl,aoml/4903562/profiles/D4903562_032.nc|2024-03-01T13:50:18Z|19.27310|-85.62385,aoml/4903562/profiles/D4903562_032.nc,4903562,4903562,19.2731,-85.62385,2024-03-01T13:50:18Z,20240301,2024,1010,1.0,2009.16,108.2609,True,False,True,https://noaa-nws-rtofs-pds.s3.amazonaws.com/rtofs.20240301/rtofs_glo_3dz_f006_6hrly_hvr_US_east.nc
ARGO_GDAC,pfl,aoml/4903562/profiles/D4903562_032.nc|2024-03-01T13:50:18Z|19.27310|-85.62385,aoml/4903562/profiles/D4903562_032.nc,4903562,4903562,19.2731,-85.62385,2024-03-01T13:50:18Z,20240301,2024,337,0.64,49.96,,False,False,True,https://noaa-nws-rtofs-pds.s3.amazonaws.com/rtofs.20240301/rtofs_glo_3dz_f006_6hrly_hvr_US_east.nc
ARGO_GDAC,pfl,aoml/4903562/profiles/D4903562_033.nc|2024-03-11T20:34:37Z|19.31766|-85.77070,aoml/4903562/profiles/D4903562_033.nc,4903562,4903562,19.31766,-85.7707,2024-03-11T20:34:37Z,20240311,2024,1008,1.04,2005.12,19.9502,True,True,True,https://noaa-nws-rtofs-pds.s3.amazonaws.com/rtofs.20240311/rtofs_glo_3dz_f006_6hrly_hvr_US_east.nc
ARGO_GDAC,pfl,aoml/4903562/profiles/D4903562_033.nc|2024-03-11T20:34:37Z|19.31766|-85.77070,aoml/4903562/profiles/D4903562_033.nc,4903562,4903562,19.31766,-85.7707,2024-03-11T20:34:37Z,20240311,2024,343,0.6,49.92,19.435,True,True,True,https://noaa-nws-rtofs-pds.s3.amazonaws.com/rtofs.20240311/rtofs_glo_3dz_f006_6hrly_hvr_US_east.nc
ARGO_GDAC,pfl,aoml/4903562/profiles/D4903562_034.nc|2024-03-22T03:17:50Z|19.55600|-86.06235,aoml/4903562/profiles/D4903562_034.nc,4903562,4903562,19.556,-86.06235,2024-03-22T03:17:50Z,20240322,2024,1007,1.0,2003.6,49.5278,True,True,True,https://noaa-nws-rtofs-pds.s3.amazonaws.com/rtofs.20240322/rtofs_glo_3dz_f006_6hrly_hvr_US_east.nc
ARGO_GDAC,pfl,aoml/4903562/profiles/D4903562_034.nc|2024-03-22T03:17:50Z|19.55600|-86.06235,aoml/4903562/profiles/D4903562_034.nc,4903562,4903562,19.556,-86.06235,2024-03-22T03:17:50Z,20240322,2024,328,0.6,49.96,49.7573,True,True,True,https://noaa-nws-rtofs-pds.s3.amazonaws.com/rtofs.20240322/rtofs_glo_3dz_f006_6hrly_hvr_US_east.nc
ARGO_GDAC,pfl,aoml/4903562/profiles/D4903562_035.nc|2024-04-01T09:56:45Z|19.69082|-86.22320,aoml/4903562/profiles/D4903562_035.nc,4903562,4903562,19.69082,-86.2232,2024-04-01T09:56:45Z,20240401,2024,1010,0.44,2007.44,64.4719,True,True,True,https://noaa-nws-rtofs-pds.s3.amazonaws.com/rtofs.20240401/rtofs_glo_3dz_f006_6hrly_hvr_US_east.nc
ARGO_GDAC,pfl,aoml/4903562/profiles/D4903562_035.nc|2024-04-01T09:56:45Z|19.69082|-86.22320,aoml/4903562/profiles/D4903562_035.nc,4903562,4903562,19.69082,-86.2232,2024-04-01T09:56:45Z,20240401,2024,316,0.44,49.96,,False,False,True,https://noaa-nws-rtofs-pds.s3.amazonaws.com/rtofs.20240401/rtofs_glo_3dz_f006_6hrly_hvr_US_east.nc
ARGO_GDAC,pfl,aoml/4903562/profiles/D4903562_036.nc|2024-04-11T16:39:28Z|20.23050|-86.11224,aoml/4903562/profiles/D4903562_036.nc,4903562,4903562,20.2305,-86.11224,2024-04-11T16:39:28Z,20240411,2024,1010,1.04,2009.4,61.2641,True,True,True,https://noaa-nws-rtofs-pds.s3.amazonaws.com/rtofs.20240411/rtofs_glo_3dz_f006_6hrly_hvr_US_east.nc
ARGO_GDAC,pfl,aoml/4903562/profiles/D4903562_036.nc|2024-04-11T16:39:28Z|20.23050|-86.11224,aoml/4903562/profiles/D4903562_036.nc,4903562,4903562,20.2305,-86.11224,2024-04-11T16:39:28Z,20240411,2024,339,0.56,49.92,,False,False,True,https://noaa-nws-rtofs-pds.s3.amazonaws.com/rtofs.20240411/rtofs_glo_3dz_f006_6hrly_hvr_US_east.nc
ARGO_GDAC,pfl,aoml/4903562/profiles/D4903562_037.nc|2024-04-21T23:05:58Z|20.51170|-85.50281,aoml/4903562/profiles/D4903562_037.nc,4903562,4903562,20.5117,-85.50281,2024-04-21T23:05:58Z,20240421,2024,1011,1.0,2011.36,70.4118,True,True,True,https://noaa-nws-rtofs-pds.s3.amazonaws.com/rtofs.20240421/rtofs_glo_3dz_f006_6hrly_hvr_US_east.nc
ARGO_GDAC,pfl,aoml/4903562/profiles/D4903562_037.nc|2024-04-21T23:05:58Z|20.51170|-85.50281,aoml/4903562/profiles/D4903562_037.nc,4903562,4903562,20.5117,-85.50281,2024-04-21T23:05:58Z,20240421,2024,359,0.52,49.96,,False,False,True,https://noaa-nws-rtofs-pds.s3.amazonaws.com/rtofs.20240421/rtofs_glo_3dz_f006_6hrly_hvr_US_east.nc
ARGO_GDAC,pfl,aoml/4903562/profiles/D4903562_038.nc|2024-05-02T05:45:27Z|19.70440|-85.52756,aoml/4903562/profiles/D4903562_038.nc,4903562,4903562,19.7044,-85.52756,2024-05-02T05:45:27Z,20240502,2024,1009,0.96,2007.6,17.7038,True,True,True,https://noaa-nws-rtofs-pds.s3.amazonaws.com/rtofs.20240502/rtofs_glo_3dz_f006_6hrly_hvr_US_east.nc
ARGO_GDAC,pfl,aoml/4903562/profiles/D4903562_038.nc|2024-05-02T05:45:27Z|19.70440|-85.52756,aoml/4903562/profiles/D4903562_038.nc,4903562,4903562,19.7044,-85.52756,2024-05-02T05:45:27Z,20240502,2024,332,0.52,50.0,17.55,True,True,True,https://noaa-nws-rtofs-pds.s3.amazonaws.com/rtofs.20240502/rtofs_glo_3dz_f006_6hrly_hvr_US_east.nc
ARGO_GDAC,pfl,aoml/4903562/profiles/D4903562_039.nc|2024-05-12T12:20:52Z|19.19770|-86.12926,aoml/4903562/profiles/D4903562_039.nc,4903562,4903562,19.1977,-86.12926,2024-05-12T12:20:52Z,20240512,2024,1008,1.04,2005.72,35.5512,True,True,True,https://noaa-nws-rtofs-pds.s3.amazonaws.com/rtofs.20240512/rtofs_glo_3dz_f006_6hrly_hvr_US_east.nc
ARGO_GDAC,pfl,aoml/4903562/profiles/D4903562_039.nc|2024-05-12T12:20:52Z|19.19770|-86.12926,aoml/4903562/profiles/D4903562_039.nc,4903562,4903562,19.1977,-86.12926,2024-05-12T12:20:52Z,20240512,2024,350,0.64,49.96,35.7676,True,True,True,https://noaa-nws-rtofs-pds.s3.amazonaws.com/rtofs.20240512/rtofs_glo_3dz_f006_6hrly_hvr_US_east.nc
ARGO_GDAC,pfl,aoml/4903562/profiles/D4903562_040.nc|2024-05-22T18:59:46Z|18.58408|-86.47293,aoml/4903562/profiles/D4903562_040.nc,4903562,4903562,18.58408,-86.47293,2024-05-22T18:59:46Z,20240522,2024,1010,1.0,2009.4,44.4217,True,True,True,https://noaa-nws-rtofs-pds.s3.amazonaws.com/rtofs.20240522/rtofs_glo_3dz_f006_6hrly_hvr_US_east.nc
ARGO_GDAC,pfl,aoml/4903562/profiles/D4903562_040.nc|2024-05-22T18:59:46Z|18.58408|-86.47293,aoml/4903562/profiles/D4903562_040.nc,4903562,4903562,18.58408,-86.47293,2024-05-22T18:59:46Z,20240522,2024,347,0.6,49.92,44.74,True,True,True,https://noaa-nws-rtofs-pds.s3.amazonaws.com/rtofs.20240522/rtofs_glo_3dz_f006_6hrly_hvr_US_east.nc
ARGO_GDAC,pfl,aoml/4903562/profiles/D4903562_041.nc|2024-06-02T01:44:25Z|18.15327|-86.35767,aoml/4903562/profiles/D4903562_041.nc,4903562,4903562,18.15327,-86.35767,2024-06-02T01:44:25Z,20240602,2024,1009,1.0,2007.48,37.2743,True,True,True,https://noaa-nws-rtofs-pds.s3.amazonaws.com/rtofs.20240602/rtofs_glo_3dz_f006_6hrly_hvr_US_east.nc
ARGO_GDAC,pfl,aoml/4903562/profiles/D4903562_041.nc|2024-06-02T01:44:25Z|18.15327|-86.35767,aoml/4903562/profiles/D4903562_041.nc,4903562,4903562,18.15327,-86.35767,2024-06-02T01:44:25Z,20240602,2024,366,0.6,49.92,36.68,True,True,True,https://noaa-nws-rtofs-pds.s3.amazonaws.com/rtofs.20240602/rtofs_glo_3dz_f006_6hrly_hvr_US_east.nc
ARGO_GDAC,pfl,aoml/4903562/profiles/D4903562_042.nc|2024-06-12T08:25:47Z|18.09631|-86.11398,aoml/4903562/profiles/D4903562_042.nc,4903562,4903562,18.09631,-86.11398,2024-06-12T08:25:47Z,20240612,2024,1010,1.04,2009.44,53.96,True,True,True,https://noaa-nws-rtofs-pds.s3.amazonaws.com/rtofs.20240612/rtofs_glo_3dz_f006_6hrly_hvr_US_east.nc
ARGO_GDAC,pfl,aoml/4903562/profiles/D4903562_042.nc|2024-06-12T08:25:47Z|18.09631|-86.11398,aoml/4903562/profiles/D4903562_042.nc,4903562,4903562,18.09631,-86.11398,2024-06-12T08:25:47Z,20240612,2024,364,0.64,49.96,,False,False,True,https://noaa-nws-rtofs-pds.s3.amazonaws.com/rtofs.20240612/rtofs_glo_3dz_f006_6hrly_hvr_US_east.nc
ARGO_GDAC,pfl,aoml/4903562/profiles/D4903562_043.nc|2024-06-22T15:04:04Z|18.63194|-85.66739,aoml/4903562/profiles/D4903562_043.nc,4903562,4903562,18.63194,-85.66739,2024-06-22T15:04:04Z,20240622,2024,1013,0.48,2013.6,67.6003,True,True,True,https://noaa-nws-rtofs-pds.s3.amazonaws.com/rtofs.20240622/rtofs_glo_3dz_f006_6hrly_hvr_US_east.nc
ARGO_GDAC,pfl,aoml/4903562/profiles/D4903562_043.nc|2024-06-22T15:04:04Z|18.63194|-85.66739,aoml/4903562/profiles/D4903562_043.nc,4903562,4903562,18.63194,-85.66739,2024-06-22T15:04:04Z,20240622,2024,331,0.48,50.0,,False,False,True,https://noaa-nws-rtofs-pds.s3.amazonaws.com/rtofs.20240622/rtofs_glo_3dz_f006_6hrly_hvr_US_east.nc
ARGO_GDAC,pfl,aoml/4903562/profiles/D4903562_044.nc|2024-07-02T21:55:02Z|19.08480|-86.14609,aoml/4903562/profiles/D4903562_044.nc,4903562,4903562,19.0848,-86.14609,2024-07-02T21:55:02Z,20240702,2024,1011,1.04,2011.6,60.6595,True,True,True,https://noaa-nws-rtofs-pds.s3.amazonaws.com/rtofs.20240702/rtofs_glo_3dz_f006_6hrly_hvr_US_east.nc
ARGO_GDAC,pfl,aoml/4903562/profiles/D4903562_044.nc|2024-07-02T21:55:02Z|19.08480|-86.14609,aoml/4903562/profiles/D4903562_044.nc,4903562,4903562,19.0848,-86.14609,2024-07-02T21:55:02Z,20240702,2024,356,0.64,49.84,,False,False,True,https://noaa-nws-rtofs-pds.s3.amazonaws.com/rtofs.20240702/rtofs_glo_3dz_f006_6hrly_hvr_US_east.nc
ARGO_GDAC,pfl,aoml/4903562/profiles/D4903562_045.nc|2024-07-08T06:40:03Z|19.29365|-86.45708,aoml/4903562/profiles/D4903562_045.nc,4903562,4903562,19.29365,-86.45708,2024-07-08T06:40:03Z,20240708,2024,1010,1.12,2009.4,61.0747,True,True,True,https://noaa-nws-rtofs-pds.s3.amazonaws.com/rtofs.20240708/rtofs_glo_3dz_f006_6hrly_hvr_US_east.nc
ARGO_GDAC,pfl,aoml/4903562/profiles/D4903562_045.nc|2024-07-08T06:40:03Z|19.29365|-86.45708,aoml/4903562/profiles/D4903562_045.nc,4903562,4903562,19.29365,-86.45708,2024-07-08T06:40:03Z,20240708,2024,407,0.8,49.84,,False,False,True,https://noaa-nws-rtofs-pds.s3.amazonaws.com/rtofs.20240708/rtofs_glo_3dz_f006_6hrly_hvr_US_east.nc
ARGO_GDAC,pfl,aoml/4903562/profiles/D4903562_046.nc|2024-07-13T10:10:23Z|19.57233|-86.64995,aoml/4903562/profiles/D4903562_046.nc,4903562,4903562,19.57233,-86.64995,2024-07-13T10:10:23Z,20240713,2024,511,1.36,1011.08,47.439,True,True,True,https://noaa-nws-rtofs-pds.s3.amazonaws.com/rtofs.20240713/rtofs_glo_3dz_f006_6hrly_hvr_US_east.nc
ARGO_GDAC,pfl,aoml/4903562/profiles/D4903562_046.nc|2024-07-13T10:10:23Z|19.57233|-86.64995,aoml/4903562/profiles/D4903562_046.nc,4903562,4903562,19.57233,-86.64995,2024-07-13T10:10:23Z,20240713,2024,427,1.32,49.92,46.984,True,True,True,https://noaa-nws-rtofs-pds.s3.amazonaws.com/rtofs.20240713/rtofs_glo_3dz_f006_6hrly_hvr_US_east.nc
ARGO_GDAC,pfl,aoml/4903562/profiles/D4903562_047.nc|2024-07-18T21:05:31Z|19.86361|-86.73650,aoml/4903562/profiles/D4903562_047.nc,4903562,4903562,19.86361,-86.7365,2024-07-18T21:05:31Z,20240718,2024,688,1.04,1365.2,26.4371,True,True,True,https://noaa-nws-rtofs-pds.s3.amazonaws.com/rtofs.20240718/rtofs_glo_3dz_f006_6hrly_hvr_US_east.nc
ARGO_GDAC,pfl,aoml/4903562/profiles/D4903562_047.nc|2024-07-18T21:05:31Z|19.86361|-86.73650,aoml/4903562/profiles/D4903562_047.nc,4903562,4903562,19.86361,-86.7365,2024-07-18T21:05:31Z,20240718,2024,340,0.64,49.96,26.44,True,True,True,https://noaa-nws-rtofs-pds.s3.amazonaws.com/rtofs.20240718/rtofs_glo_3dz_f006_6hrly_hvr_US_east.nc
ARGO_GDAC,pfl,aoml/4903562/profiles/D4903562_048.nc|2024-07-24T00:10:52Z|19.93970|-86.71719,aoml/4903562/profiles/D4903562_048.nc,4903562,4903562,19.9397,-86.71719,2024-07-24T00:10:52Z,20240724,2024,433,1.04,855.56,30.4329,True,True,True,https://noaa-nws-rtofs-pds.s3.amazonaws.com/rtofs.20240724/rtofs_glo_3dz_f006_6hrly_hvr_US_east.nc
ARGO_GDAC,pfl,aoml/4903562/profiles/D4903562_048.nc|2024-07-24T00:10:52Z|19.93970|-86.71719,aoml/4903562/profiles/D4903562_048.nc,4903562,4903562,19.9397,-86.71719,2024-07-24T00:10:52Z,20240724,2024,435,0.64,49.88,30.24,True,True,True,https://noaa-nws-rtofs-pds.s3.amazonaws.com/rtofs.20240724/rtofs_glo_3dz_f006_6hrly_hvr_US_east.nc
ARGO_GDAC,pfl,aoml/4903562/profiles/D4903562_049.nc|2024-07-29T10:35:38Z|20.00040|-86.67368,aoml/4903562/profiles/D4903562_049.nc,4903562,4903562,20.0004,-86.67368,2024-07-29T10:35:38Z,20240729,2024,584,0.4,1155.0,39.9178,True,True,True,https://noaa-nws-rtofs-pds.s3.amazonaws.com/rtofs.20240729/rtofs_glo_3dz_f006_6hrly_hvr_US_east.nc
ARGO_GDAC,pfl,aoml/4903562/profiles/D4903562_049.nc|2024-07-29T10:35:38Z|20.00040|-86.67368,aoml/4903562/profiles/D4903562_049.nc,4903562,4903562,20.0004,-86.67368,2024-07-29T10:35:38Z,20240729,2024,310,0.4,49.96,39.536,True,True,True,https://noaa-nws-rtofs-pds.s3.amazonaws.com/rtofs.20240729/rtofs_glo_3dz_f006_6hrly_hvr_US_east.nc
ARGO_GDAC,pfl,aoml/4903562/profiles/D4903562_050.nc|2024-08-03T13:51:05Z|20.04716|-86.65652,aoml/4903562/profiles/D4903562_050.nc,4903562,4903562,20.04716,-86.65652,2024-08-03T13:51:05Z,20240803,2024,514,1.08,1017.76,30.48,True,True,True,https://noaa-nws-rtofs-pds.s3.amazonaws.com/rtofs.20240803/rtofs_glo_3dz_f006_6hrly_hvr_US_east.nc
ARGO_GDAC,pfl,aoml/4903562/profiles/D4903562_050.nc|2024-08-03T13:51:05Z|20.04716|-86.65652,aoml/4903562/profiles/D4903562_050.nc,4903562,4903562,20.04716,-86.65652,2024-08-03T13:51:05Z,20240803,2024,391,0.72,49.96,30.12,True,True,True,https://noaa-nws-rtofs-pds.s3.amazonaws.com/rtofs.20240803/rtofs_glo_3dz_f006_6hrly_hvr_US_east.nc
ARGO_GDAC,pfl,aoml/4903562/profiles/D4903562_051.nc|2024-08-09T00:29:40Z|20.11843|-86.66363,aoml/4903562/profiles/D4903562_051.nc,4903562,4903562,20.11843,-86.66363,2024-08-09T00:29:40Z,20240809,2024,612,0.92,1213.88,14.2323,True,True,True,https://noaa-nws-rtofs-pds.s3.amazonaws.com/rtofs.20240809/rtofs_glo_3dz_f006_6hrly_hvr_US_east.nc
ARGO_GDAC,pfl,aoml/4903562/profiles/D4903562_051.nc|2024-08-09T00:29:40Z|20.11843|-86.66363,aoml/4903562/profiles/D4903562_051.nc,4903562,4903562,20.11843,-86.66363,2024-08-09T00:29:40Z,20240809,2024,425,0.52,49.96,14.2533,True,True,True,https://noaa-nws-rtofs-pds.s3.amazonaws.com/rtofs.20240809/rtofs_glo_3dz_f006_6hrly_hvr_US_east.nc
ARGO_GDAC,pfl,aoml/4903562/profiles/D4903562_052.nc|2024-08-14T03:47:12Z|20.33663|-86.53199,aoml/4903562/profiles/D4903562_052.nc,4903562,4903562,20.33663,-86.53199,2024-08-14T03:47:12Z,20240814,2024,510,1.04,1009.28,38.0303,True,True,True,https://noaa-nws-rtofs-pds.s3.amazonaws.com/rtofs.20240814/rtofs_glo_3dz_f006_6hrly_hvr_US_east.nc
ARGO_GDAC,pfl,aoml/4903562/profiles/D4903562_052.nc|2024-08-14T03:47:12Z|20.33663|-86.53199,aoml/4903562/profiles/D4903562_052.nc,4903562,4903562,20.33663,-86.53199,2024-08-14T03:47:12Z,20240814,2024,370,0.6,49.92,38.1067,True,True,True,https://noaa-nws-rtofs-pds.s3.amazonaws.com/rtofs.20240814/rtofs_glo_3dz_f006_6hrly_hvr_US_east.nc
ARGO_GDAC,pfl,aoml/4903562/profiles/D4903562_053.nc|2024-08-19T14:22:25Z|20.51920|-86.39600,aoml/4903562/profiles/D4903562_053.nc,4903562,4903562,20.5192,-86.396,2024-08-19T14:22:25Z,20240819,2024,618,0.96,1225.36,31.8166,True,True,True,https://noaa-nws-rtofs-pds.s3.amazonaws.com/rtofs.20240819/rtofs_glo_3dz_f006_6hrly_hvr_US_east.nc
ARGO_GDAC,pfl,aoml/4903562/profiles/D4903562_053.nc|2024-08-19T14:22:25Z|20.51920|-86.39600,aoml/4903562/profiles/D4903562_053.nc,4903562,4903562,20.5192,-86.396,2024-08-19T14:22:25Z,20240819,2024,335,0.6,49.88,32.0533,True,True,True,https://noaa-nws-rtofs-pds.s3.amazonaws.com/rtofs.20240819/rtofs_glo_3dz_f006_6hrly_hvr_US_east.nc
ARGO_GDAC,pfl,aoml/4903562/profiles/D4903562_054.nc|2024-08-24T17:38:52Z|20.68240|-86.22464,aoml/4903562/profiles/D4903562_054.nc,4903562,4903562,20.6824,-86.22464,2024-08-24T17:38:52Z,20240824,2024,508,1.0,1005.64,28.4221,True,True,True,https://noaa-nws-rtofs-pds.s3.amazonaws.com/rtofs.20240824/rtofs_glo_3dz_f006_6hrly_hvr_US_east.nc
ARGO_GDAC,pfl,aoml/4903562/profiles/D4903562_054.nc|2024-08-24T17:38:52Z|20.68240|-86.22464,aoml/4903562/profiles/D4903562_054.nc,4903562,4903562,20.6824,-86.22464,2024-08-24T17:38:52Z,20240824,2024,377,0.56,49.96,28.0457,True,True,True,https://noaa-nws-rtofs-pds.s3.amazonaws.com/rtofs.20240824/rtofs_glo_3dz_f006_6hrly_hvr_US_east.nc
ARGO_GDAC,pfl,aoml/4903562/profiles/D4903562_055.nc|2024-08-30T04:28:14Z|20.72214|-86.21812,aoml/4903562/profiles/D4903562_055.nc,4903562,4903562,20.72214,-86.21812,2024-08-30T04:28:14Z,20240830,2024,660,1.08,1309.6,37.9429,True,True,True,https://noaa-nws-rtofs-pds.s3.amazonaws.com/rtofs.20240830/rtofs_glo_3dz_f006_6hrly_hvr_US_east.nc
ARGO_GDAC,pfl,aoml/4903562/profiles/D4903562_055.nc|2024-08-30T04:28:14Z|20.72214|-86.21812,aoml/4903562/profiles/D4903562_055.nc,4903562,4903562,20.72214,-86.21812,2024-08-30T04:28:14Z,20240830,2024,359,0.72,49.92,38.1067,True,True,True,https://noaa-nws-rtofs-pds.s3.amazonaws.com/rtofs.20240830/rtofs_glo_3dz_f006_6hrly_hvr_US_east.nc
ARGO_GDAC,pfl,aoml/4903562/profiles/D4903562_056.nc|2024-09-04T07:50:28Z|21.00916|-86.11369,aoml/4903562/profiles/D4903562_056.nc,4903562,4903562,21.00916,-86.11369,2024-09-04T07:50:28Z,20240904,2024,511,1.0,1011.4,35.203,True,True,True,https://noaa-nws-rtofs-pds.s3.amazonaws.com/rtofs.20240904/rtofs_glo_3dz_f006_6hrly_hvr_US_east.nc
ARGO_GDAC,pfl,aoml/4903562/profiles/D4903562_056.nc|2024-09-04T07:50:28Z|21.00916|-86.11369,aoml/4903562/profiles/D4903562_056.nc,4903562,4903562,21.00916,-86.11369,2024-09-04T07:50:28Z,20240904,2024,382,0.64,49.88,35.2447,True,True,True,https://noaa-nws-rtofs-pds.s3.amazonaws.com/rtofs.20240904/rtofs_glo_3dz_f006_6hrly_hvr_US_east.nc
ARGO_GDAC,pfl,aoml/4903562/profiles/D4903562_057.nc|2024-09-09T19:23:10Z|21.17764|-86.11044,aoml/4903562/profiles/D4903562_057.nc,4903562,4903562,21.17764,-86.11044,2024-09-09T19:23:10Z,20240909,2024,807,1.0,1603.4,44.4566,True,True,True,https://noaa-nws-rtofs-pds.s3.amazonaws.com/rtofs.20240909/rtofs_glo_3dz_f006_6hrly_hvr_US_east.nc
ARGO_GDAC,pfl,aoml/4903562/profiles/D4903562_057.nc|2024-09-09T19:23:10Z|21.17764|-86.11044,aoml/4903562/profiles/D4903562_057.nc,4903562,4903562,21.17764,-86.11044,2024-09-09T19:23:10Z,20240909,2024,366,0.64,49.96,44.284,True,True,True,https://noaa-nws-rtofs-pds.s3.amazonaws.com/rtofs.20240909/rtofs_glo_3dz_f006_6hrly_hvr_US_east.nc
ARGO_GDAC,pfl,aoml/4903562/profiles/D4903562_058.nc|2024-09-14T22:47:04Z|21.23736|-86.07684,aoml/4903562/profiles/D4903562_058.nc,4903562,4903562,21.23736,-86.07684,2024-09-14T22:47:04Z,20240914,2024,504,1.04,997.32,16.4361,True,True,True,https://noaa-nws-rtofs-pds.s3.amazonaws.com/rtofs.20240914/rtofs_glo_3dz_f006_6hrly_hvr_US_east.nc
ARGO_GDAC,pfl,aoml/4903562/profiles/D4903562_058.nc|2024-09-14T22:47:04Z|21.23736|-86.07684,aoml/4903562/profiles/D4903562_058.nc,4903562,4903562,21.23736,-86.07684,2024-09-14T22:47:04Z,20240914,2024,377,0.64,49.88,16.408,True,True,True,https://noaa-nws-rtofs-pds.s3.amazonaws.com/rtofs.20240914/rtofs_glo_3dz_f006_6hrly_hvr_US_east.nc
ARGO_GDAC,pfl,aoml/4903562/profiles/D4903562_059.nc|2024-09-20T10:46:07Z|21.41292|-85.86811,aoml/4903562/profiles/D4903562_059.nc,4903562,4903562,21.41292,-85.86811,2024-09-20T10:46:07Z,20240920,2024,957,1.0,1903.68,15.6928,True,True,True,https://noaa-nws-rtofs-pds.s3.amazonaws.com/rtofs.20240920/rtofs_glo_3dz_f006_6hrly_hvr_US_east.nc
ARGO_GDAC,pfl,aoml/4903562/profiles/D4903562_059.nc|2024-09-20T10:46:07Z|21.41292|-85.86811,aoml/4903562/profiles/D4903562_059.nc,4903562,4903562,21.41292,-85.86811,2024-09-20T10:46:07Z,20240920,2024,375,0.56,49.88,15.6,True,True,True,https://noaa-nws-rtofs-pds.s3.amazonaws.com/rtofs.20240920/rtofs_glo_3dz_f006_6hrly_hvr_US_east.nc
ARGO_GDAC,pfl,aoml/4903562/profiles/D4903562_060.nc|2024-09-25T14:09:35Z|21.45775|-85.82032,aoml/4903562/profiles/D4903562_060.nc,4903562,4903562,21.45775,-85.82032,2024-09-25T14:09:35Z,20240925,2024,505,1.12,999.36,57.0933,True,True,True,https://noaa-nws-rtofs-pds.s3.amazonaws.com/rtofs.20240925/rtofs_glo_3dz_f006_6hrly_hvr_US_east.nc
ARGO_GDAC,pfl,aoml/4903562/profiles/D4903562_060.nc|2024-09-25T14:09:35Z|21.45775|-85.82032,aoml/4903562/profiles/D4903562_060.nc,4903562,4903562,21.45775,-85.82032,2024-09-25T14:09:35Z,20240925,2024,424,0.72,50.0,,False,False,True,https://noaa-nws-rtofs-pds.s3.amazonaws.com/rtofs.20240925/rtofs_glo_3dz_f006_6hrly_hvr_US_east.nc
ARGO_GDAC,pfl,aoml/4903562/profiles/D4903562_061.nc|2024-10-01T02:28:14Z|21.30829|-85.79483,aoml/4903562/profiles/D4903562_061.nc,4903562,4903562,21.30829,-85.79483,2024-10-01T02:28:14Z,20241001,2024,957,1.04,1903.72,60.363,True,True,True,https://noaa-nws-rtofs-pds.s3.amazonaws.com/rtofs.20241001/rtofs_glo_3dz_f006_6hrly_hvr_US_east.nc
ARGO_GDAC,pfl,aoml/4903562/profiles/D4903562_061.nc|2024-10-01T02:28:14Z|21.30829|-85.79483,aoml/4903562/profiles/D4903562_061.nc,4903562,4903562,21.30829,-85.79483,2024-10-01T02:28:14Z,20241001,2024,407,0.56,49.92,,False,False,True,https://noaa-nws-rtofs-pds.s3.amazonaws.com/rtofs.20241001/rtofs_glo_3dz_f006_6hrly_hvr_US_east.nc
ARGO_GDAC,pfl,aoml/4903562/profiles/D4903562_062.nc|2024-10-06T05:47:41Z|21.18148|-85.81105,aoml/4903562/profiles/D4903562_062.nc,4903562,4903562,21.18148,-85.81105,2024-10-06T05:47:41Z,20241006,2024,500,1.0,989.64,54.3641,True,True,True,https://noaa-nws-rtofs-pds.s3.amazonaws.com/rtofs.20241006/rtofs_glo_3dz_f006_6hrly_hvr_US_east.nc
ARGO_GDAC,pfl,aoml/4903562/profiles/D4903562_062.nc|2024-10-06T05:47:41Z|21.18148|-85.81105,aoml/4903562/profiles/D4903562_062.nc,4903562,4903562,21.18148,-85.81105,2024-10-06T05:47:41Z,20241006,2024,366,0.56,49.96,,False,False,True,https://noaa-nws-rtofs-pds.s3.amazonaws.com/rtofs.20241006/rtofs_glo_3dz_f006_6hrly_hvr_US_east.nc
ARGO_GDAC,pfl,aoml/4903562/profiles/D4903562_063.nc|2024-10-11T17:56:46Z|21.16037|-85.83549,aoml/4903562/profiles/D4903562_063.nc,4903562,4903562,21.16037,-85.83549,2024-10-11T17:56:46Z,20241011,2024,960,1.08,1909.4,57.8303,True,True,True,https://noaa-nws-rtofs-pds.s3.amazonaws.com/rtofs.20241011/rtofs_glo_3dz_f006_6hrly_hvr_US_east.nc
ARGO_GDAC,pfl,aoml/4903562/profiles/D4903562_063.nc|2024-10-11T17:56:46Z|21.16037|-85.83549,aoml/4903562/profiles/D4903562_063.nc,4903562,4903562,21.16037,-85.83549,2024-10-11T17:56:46Z,20241011,2024,361,0.8,50.0,,False,False,True,https://noaa-nws-rtofs-pds.s3.amazonaws.com/rtofs.20241011/rtofs_glo_3dz_f006_6hrly_hvr_US_east.nc
ARGO_GDAC,pfl,aoml/4903562/profiles/D4903562_064.nc|2024-10-16T21:20:10Z|21.19413|-85.77346,aoml/4903562/profiles/D4903562_064.nc,4903562,4903562,21.19413,-85.77346,2024-10-16T21:20:10Z,20241016,2024,503,1.2,995.4,60.0556,True,True,True,https://noaa-nws-rtofs-pds.s3.amazonaws.com/rtofs.20241016/rtofs_glo_3dz_f006_6hrly_hvr_US_east.nc
ARGO_GDAC,pfl,aoml/4903562/profiles/D4903562_064.nc|2024-10-16T21:20:10Z|21.19413|-85.77346,aoml/4903562/profiles/D4903562_064.nc,4903562,4903562,21.19413,-85.77346,2024-10-16T21:20:10Z,20241016,2024,404,0.96,49.96,,False,False,True,https://noaa-nws-rtofs-pds.s3.amazonaws.com/rtofs.20241016/rtofs_glo_3dz_f006_6hrly_hvr_US_east.nc
ARGO_GDAC,pfl,aoml/4903562/profiles/D4903562_065.nc|2024-10-22T06:21:49Z|21.07377|-85.55297,aoml/4903562/profiles/D4903562_065.nc,4903562,4903562,21.07377,-85.55297,2024-10-22T06:21:49Z,20241022,2024,1007,1.0,2003.36,84.349,True,True,True,https://noaa-nws-rtofs-pds.s3.amazonaws.com/rtofs.20241022/rtofs_glo_3dz_f006_6hrly_hvr_US_east.nc
ARGO_GDAC,pfl,aoml/4903562/profiles/D4903562_065.nc|2024-10-22T06:21:49Z|21.07377|-85.55297,aoml/4903562/profiles/D4903562_065.nc,4903562,4903562,21.07377,-85.55297,2024-10-22T06:21:49Z,20241022,2024,331,0.6,49.96,,False,False,True,https://noaa-nws-rtofs-pds.s3.amazonaws.com/rtofs.20241022/rtofs_glo_3dz_f006_6hrly_hvr_US_east.nc
ARGO_GDAC,pfl,aoml/4903562/profiles/D4903562_066.nc|2024-10-27T09:51:13Z|20.93073|-85.15781,aoml/4903562/profiles/D4903562_066.nc,4903562,4903562,20.93073,-85.15781,2024-10-27T09:51:13Z,20241027,2024,506,1.04,1001.64,106.0281,True,False,True,https://noaa-nws-rtofs-pds.s3.amazonaws.com/rtofs.20241027/rtofs_glo_3dz_f006_6hrly_hvr_US_east.nc
ARGO_GDAC,pfl,aoml/4903562/profiles/D4903562_066.nc|2024-10-27T09:51:13Z|20.93073|-85.15781,aoml/4903562/profiles/D4903562_066.nc,4903562,4903562,20.93073,-85.15781,2024-10-27T09:51:13Z,20241027,2024,377,0.64,49.96,,False,False,True,https://noaa-nws-rtofs-pds.s3.amazonaws.com/rtofs.20241027/rtofs_glo_3dz_f006_6hrly_hvr_US_east.nc
ARGO_GDAC,pfl,aoml/4903562/profiles/D4903562_067.nc|2024-11-01T18:20:46Z|20.80337|-84.77197,aoml/4903562/profiles/D4903562_067.nc,4903562,4903562,20.80337,-84.77197,2024-11-01T18:20:46Z,20241101,2024,1011,1.08,2011.32,106.3535,True,False,True,https://noaa-nws-rtofs-pds.s3.amazonaws.com/rtofs.20241101/rtofs_glo_3dz_f006_6hrly_hvr_US_east.nc
ARGO_GDAC,pfl,aoml/4903562/profiles/D4903562_067.nc|2024-11-01T18:20:46Z|20.80337|-84.77197,aoml/4903562/profiles/D4903562_067.nc,4903562,4903562,20.80337,-84.77197,2024-11-01T18:20:46Z,20241101,2024,385,0.76,49.92,,False,False,True,https://noaa-nws-rtofs-pds.s3.amazonaws.com/rtofs.20241101/rtofs_glo_3dz_f006_6hrly_hvr_US_east.nc
ARGO_GDAC,pfl,aoml/4903562/profiles/D4903562_068.nc|2024-11-06T21:43:59Z|20.95048|-84.84140,aoml/4903562/profiles/D4903562_068.nc,4903562,4903562,20.95048,-84.8414,2024-11-06T21:43:59Z,20241106,2024,509,1.0,1007.28,109.3801,True,False,True,https://noaa-nws-rtofs-pds.s3.amazonaws.com/rtofs.20241106/rtofs_glo_3dz_f006_6hrly_hvr_US_east.nc
ARGO_GDAC,pfl,aoml/4903562/profiles/D4903562_068.nc|2024-11-06T21:43:59Z|20.95048|-84.84140,aoml/4903562/profiles/D4903562_068.nc,4903562,4903562,20.95048,-84.8414,2024-11-06T21:43:59Z,20241106,2024,373,0.56,50.0,,False,False,True,https://noaa-nws-rtofs-pds.s3.amazonaws.com/rtofs.20241106/rtofs_glo_3dz_f006_6hrly_hvr_US_east.nc
ARGO_GDAC,pfl,aoml/4903562/profiles/D4903562_069.nc|2024-11-12T06:21:38Z|20.84962|-85.02203,aoml/4903562/profiles/D4903562_069.nc,4903562,4903562,20.84962,-85.02203,2024-11-12T06:21:38Z,20241112,2024,1009,0.92,2007.52,73.4665,True,True,True,https://noaa-nws-rtofs-pds.s3.amazonaws.com/rtofs.20241112/rtofs_glo_3dz_f006_6hrly_hvr_US_east.nc
ARGO_GDAC,pfl,aoml/4903562/profiles/D4903562_069.nc|2024-11-12T06:21:38Z|20.84962|-85.02203,aoml/4903562/profiles/D4903562_069.nc,4903562,4903562,20.84962,-85.02203,2024-11-12T06:21:38Z,20241112,2024,356,0.52,49.88,,False,False,True,https://noaa-nws-rtofs-pds.s3.amazonaws.com/rtofs.20241112/rtofs_glo_3dz_f006_6hrly_hvr_US_east.nc
ARGO_GDAC,pfl,aoml/4903562/profiles/D4903562_070.nc|2024-11-17T09:46:40Z|20.66612|-85.13532,aoml/4903562/profiles/D4903562_070.nc,4903562,4903562,20.66612,-85.13532,2024-11-17T09:46:40Z,20241117,2024,507,0.96,1003.28,128.9773,True,False,True,https://noaa-nws-rtofs-pds.s3.amazonaws.com/rtofs.20241117/rtofs_glo_3dz_f006_6hrly_hvr_US_east.nc
ARGO_GDAC,pfl,aoml/4903562/profiles/D4903562_070.nc|2024-11-17T09:46:40Z|20.66612|-85.13532,aoml/4903562/profiles/D4903562_070.nc,4903562,4903562,20.66612,-85.13532,2024-11-17T09:46:40Z,20241117,2024,325,0.64,49.92,,False,False,True,https://noaa-nws-rtofs-pds.s3.amazonaws.com/rtofs.20241117/rtofs_glo_3dz_f006_6hrly_hvr_US_east.nc
ARGO_GDAC,pfl,aoml/4903562/profiles/D4903562_071.nc|2024-11-22T18:15:19Z|20.56528|-85.33077,aoml/4903562/profiles/D4903562_071.nc,4903562,4903562,20.56528,-85.33077,2024-11-22T18:15:19Z,20241122,2024,1010,1.0,2009.76,127.1296,True,False,True,https://noaa-nws-rtofs-pds.s3.amazonaws.com/rtofs.20241122/rtofs_glo_3dz_f006_6hrly_hvr_US_east.nc
ARGO_GDAC,pfl,aoml/4903562/profiles/D4903562_071.nc|2024-11-22T18:15:19Z|20.56528|-85.33077,aoml/4903562/profiles/D4903562_071.nc,4903562,4903562,20.56528,-85.33077,2024-11-22T18:15:19Z,20241122,2024,308,0.56,49.96,,False,False,True,https://noaa-nws-rtofs-pds.s3.amazonaws.com/rtofs.20241122/rtofs_glo_3dz_f006_6hrly_hvr_US_east.nc
ARGO_GDAC,pfl,aoml/4903562/profiles/D4903562_072.nc|2024-11-27T21:38:10Z|20.44970|-85.57222,aoml/4903562/profiles/D4903562_072.nc,4903562,4903562,20.4497,-85.57222,2024-11-27T21:38:10Z,20241127,2024,506,1.0,1001.16,121.2693,True,False,True,https://noaa-nws-rtofs-pds.s3.amazonaws.com/rtofs.20241127/rtofs_glo_3dz_f006_6hrly_hvr_US_east.nc
ARGO_GDAC,pfl,aoml/4903562/profiles/D4903562_072.nc|2024-11-27T21:38:10Z|20.44970|-85.57222,aoml/4903562/profiles/D4903562_072.nc,4903562,4903562,20.4497,-85.57222,2024-11-27T21:38:10Z,20241127,2024,346,0.52,49.96,,False,False,True,https://noaa-nws-rtofs-pds.s3.amazonaws.com/rtofs.20241127/rtofs_glo_3dz_f006_6hrly_hvr_US_east.nc
ARGO_GDAC,pfl,aoml/4903562/profiles/D4903562_073.nc|2024-12-03T06:12:16Z|20.38346|-85.84092,aoml/4903562/profiles/D4903562_073.nc,4903562,4903562,20.38346,-85.84092,2024-12-03T06:12:16Z,20241203,2024,1012,0.44,2011.24,123.96,True,False,True,https://noaa-nws-rtofs-pds.s3.amazonaws.com/rtofs.20241203/rtofs_glo_3dz_f006_6hrly_hvr_US_east.nc
ARGO_GDAC,pfl,aoml/4903562/profiles/D4903562_073.nc|2024-12-03T06:12:16Z|20.38346|-85.84092,aoml/4903562/profiles/D4903562_073.nc,4903562,4903562,20.38346,-85.84092,2024-12-03T06:12:16Z,20241203,2024,305,0.44,49.96,,False,False,True,https://noaa-nws-rtofs-pds.s3.amazonaws.com/rtofs.20241203/rtofs_glo_3dz_f006_6hrly_hvr_US_east.nc
ARGO_GDAC,pfl,aoml/4903562/profiles/D4903562_074.nc|2024-12-08T09:38:21Z|20.15813|-86.08866,aoml/4903562/profiles/D4903562_074.nc,4903562,4903562,20.15813,-86.08866,2024-12-08T09:38:21Z,20241208,2024,502,0.44,991.6,124.0729,True,False,True,https://noaa-nws-rtofs-pds.s3.amazonaws.com/rtofs.20241208/rtofs_glo_3dz_f006_6hrly_hvr_US_east.nc
ARGO_GDAC,pfl,aoml/4903562/profiles/D4903562_074.nc|2024-12-08T09:38:21Z|20.15813|-86.08866,aoml/4903562/profiles/D4903562_074.nc,4903562,4903562,20.15813,-86.08866,2024-12-08T09:38:21Z,20241208,2024,372,0.44,49.88,,False,False,True,https://noaa-nws-rtofs-pds.s3.amazonaws.com/rtofs.20241208/rtofs_glo_3dz_f006_6hrly_hvr_US_east.nc
ARGO_GDAC,pfl,aoml/4903562/profiles/D4903562_075.nc|2024-12-18T16:06:47Z|19.50761|-86.51673,aoml/4903562/profiles/D4903562_075.nc,4903562,4903562,19.50761,-86.51673,2024-12-18T16:06:47Z,20241218,2024,1009,0.96,2007.92,98.0363,True,True,True,https://noaa-nws-rtofs-pds.s3.amazonaws.com/rtofs.20241218/rtofs_glo_3dz_f006_6hrly_hvr_US_east.nc
ARGO_GDAC,pfl,aoml/4903562/profiles/D4903562_075.nc|2024-12-18T16:06:47Z|19.50761|-86.51673,aoml/4903562/profiles/D4903562_075.nc,4903562,4903562,19.50761,-86.51673,2024-12-18T16:06:47Z,20241218,2024,311,0.52,49.96,,False,False,True,https://noaa-nws-rtofs-pds.s3.amazonaws.com/rtofs.20241218/rtofs_glo_3dz_f006_6hrly_hvr_US_east.nc
ARGO_GDAC,pfl,aoml/4903562/profiles/D4903562_076.nc|2024-12-28T22:42:41Z|18.90995|-86.80889,aoml/4903562/profiles/D4903562_076.nc,4903562,4903562,18.90995,-86.80889,2024-12-28T22:42:41Z,20241228,2024,1009,1.0,2007.16,26.6261,True,True,True,https://noaa-nws-rtofs-pds.s3.amazonaws.com/rtofs.20241228/rtofs_glo_3dz_f006_6hrly_hvr_US_east.nc
ARGO_GDAC,pfl,aoml/4903562/profiles/D4903562_076.nc|2024-12-28T22:42:41Z|18.90995|-86.80889,aoml/4903562/profiles/D4903562_076.nc,4903562,4903562,18.90995,-86.80889,2024-12-28T22:42:41Z,20241228,2024,405,0.52,49.96,25.9735,True,True,True,https://noaa-nws-rtofs-pds.s3.amazonaws.com/rtofs.20241228/rtofs_glo_3dz_f006_6hrly_hvr_US_east.nc
ARGO_GDAC,pfl,aoml/4903562/profiles/D4903562_077.nc|2025-01-08T05:28:16Z|18.67223|-86.88502,aoml/4903562/profiles/D4903562_077.nc,4903562,4903562,18.67223,-86.88502,2025-01-08T05:28:16Z,20250108,2025,1010,0.44,2007.52,49.5003,True,True,True,https://noaa-nws-rtofs-pds.s3.amazonaws.com/rtofs.20250108/rtofs_glo_3dz_f006_6hrly_hvr_US_east.nc
ARGO_GDAC,pfl,aoml/4903562/profiles/D4903562_077.nc|2025-01-08T05:28:16Z|18.67223|-86.88502,aoml/4903562/profiles/D4903562_077.nc,4903562,4903562,18.67223,-86.88502,2025-01-08T05:28:16Z,20250108,2025,361,0.44,49.88,49.1436,True,True,True,https://noaa-nws-rtofs-pds.s3.amazonaws.com/rtofs.20250108/rtofs_glo_3dz_f006_6hrly_hvr_US_east.nc
ARGO_GDAC,pfl,aoml/4903562/profiles/D4903562_078.nc|2025-01-18T11:54:05Z|18.94850|-86.86261,aoml/4903562/profiles/D4903562_078.nc,4903562,4903562,18.9485,-86.86261,2025-01-18T11:54:05Z,20250118,2025,1007,1.0,2003.44,75.9284,True,True,True,https://noaa-nws-rtofs-pds.s3.amazonaws.com/rtofs.20250118/rtofs_glo_3dz_f006_6hrly_hvr_US_east.nc
ARGO_GDAC,pfl,aoml/4903562/profiles/D4903562_078.nc|2025-01-18T11:54:05Z|18.94850|-86.86261,aoml/4903562/profiles/D4903562_078.nc,4903562,4903562,18.9485,-86.86261,2025-01-18T11:54:05Z,20250118,2025,351,0.52,49.92,31.8495,True,True,True,https://noaa-nws-rtofs-pds.s3.amazonaws.com/rtofs.20250118/rtofs_glo_3dz_f006_6hrly_hvr_US_east.nc
ARGO_GDAC,pfl,aoml/4903562/profiles/D4903562_079.nc|2025-01-28T18:28:14Z|19.50596|-86.65766,aoml/4903562/profiles/D4903562_079.nc,4903562,4903562,19.50596,-86.65766,2025-01-28T18:28:14Z,20250128,2025,1007,1.04,2003.48,96.8312,True,True,True,https://noaa-nws-rtofs-pds.s3.amazonaws.com/rtofs.20250128/rtofs_glo_3dz_f006_6hrly_hvr_US_east.nc
ARGO_GDAC,pfl,aoml/4903562/profiles/D4903562_079.nc|2025-01-28T18:28:14Z|19.50596|-86.65766,aoml/4903562/profiles/D4903562_079.nc,4903562,4903562,19.50596,-86.65766,2025-01-28T18:28:14Z,20250128,2025,346,0.56,49.92,,False,False,True,https://noaa-nws-rtofs-pds.s3.amazonaws.com/rtofs.20250128/rtofs_glo_3dz_f006_6hrly_hvr_US_east.nc
ARGO_GDAC,pfl,aoml/4903562/profiles/D4903562_080.nc|2025-02-08T01:09:21Z|19.74307|-86.49713,aoml/4903562/profiles/D4903562_080.nc,4903562,4903562,19.74307,-86.49713,2025-02-08T01:09:21Z,20250208,2025,1010,1.08,2009.28,90.5952,True,True,True,https://noaa-nws-rtofs-pds.s3.amazonaws.com/rtofs.20250208/rtofs_glo_3dz_f006_6hrly_hvr_US_east.nc
ARGO_GDAC,pfl,aoml/4903562/profiles/D4903562_080.nc|2025-02-08T01:09:21Z|19.74307|-86.49713,aoml/4903562/profiles/D4903562_080.nc,4903562,4903562,19.74307,-86.49713,2025-02-08T01:09:21Z,20250208,2025,320,0.84,49.96,,False,False,True,https://noaa-nws-rtofs-pds.s3.amazonaws.com/rtofs.20250208/rtofs_glo_3dz_f006_6hrly_hvr_US_east.nc
ARGO_GDAC,pfl,aoml/4903562/profiles/D4903562_081.nc|2025-02-18T07:49:59Z|19.66234|-86.12180,aoml/4903562/profiles/D4903562_081.nc,4903562,4903562,19.66234,-86.1218,2025-02-18T07:49:59Z,20250218,2025,1010,1.04,2009.36,62.5116,True,True,True,https://noaa-nws-rtofs-pds.s3.amazonaws.com/rtofs.20250218/rtofs_glo_3dz_f006_6hrly_hvr_US_east.nc
ARGO_GDAC,pfl,aoml/4903562/profiles/D4903562_081.nc|2025-02-18T07:49:59Z|19.66234|-86.12180,aoml/4903562/profiles/D4903562_081.nc,4903562,4903562,19.66234,-86.1218,2025-02-18T07:49:59Z,20250218,2025,362,0.6,49.92,,False,False,True,https://noaa-nws-rtofs-pds.s3.amazonaws.com/rtofs.20250218/rtofs_glo_3dz_f006_6hrly_hvr_US_east.nc
ARGO_GDAC,pfl,aoml/4903562/profiles/D4903562_082.nc|2025-02-28T14:32:16Z|19.65250|-86.15345,aoml/4903562/profiles/D4903562_082.nc,4903562,4903562,19.6525,-86.15345,2025-02-28T14:32:16Z,20250228,2025,1010,1.04,2009.32,100.3056,True,False,True,https://noaa-nws-rtofs-pds.s3.amazonaws.com/rtofs.20250228/rtofs_glo_3dz_f006_6hrly_hvr_US_east.nc
ARGO_GDAC,pfl,aoml/4903562/profiles/D4903562_082.nc|2025-02-28T14:32:16Z|19.65250|-86.15345,aoml/4903562/profiles/D4903562_082.nc,4903562,4903562,19.6525,-86.15345,2025-02-28T14:32:16Z,20250228,2025,354,0.6,49.84,,False,False,True,https://noaa-nws-rtofs-pds.s3.amazonaws.com/rtofs.20250228/rtofs_glo_3dz_f006_6hrly_hvr_US_east.nc
ARGO_GDAC,pfl,aoml/4903562/profiles/D4903562_083.nc|2025-03-10T21:09:34Z|20.19726|-85.85830,aoml/4903562/profiles/D4903562_083.nc,4903562,4903562,20.19726,-85.8583,2025-03-10T21:09:34Z,20250310,2025,1011,1.0,2011.76,74.3106,True,True,True,https://noaa-nws-rtofs-pds.s3.amazonaws.com/rtofs.20250310/rtofs_glo_3dz_f006_6hrly_hvr_US_east.nc
ARGO_GDAC,pfl,aoml/4903562/profiles/D4903562_083.nc|2025-03-10T21:09:34Z|20.19726|-85.85830,aoml/4903562/profiles/D4903562_083.nc,4903562,4903562,20.19726,-85.8583,2025-03-10T21:09:34Z,20250310,2025,347,0.6,49.92,,False,False,True,https://noaa-nws-rtofs-pds.s3.amazonaws.com/rtofs.20250310/rtofs_glo_3dz_f006_6hrly_hvr_US_east.nc
ARGO_GDAC,pfl,aoml/4903562/profiles/D4903562_084.nc|2025-03-21T03:37:49Z|20.12915|-85.19072,aoml/4903562/profiles/D4903562_084.nc,4903562,4903562,20.12915,-85.19072,2025-03-21T03:37:49Z,20250321,2025,1011,1.04,2011.36,96.7083,True,True,True,https://noaa-nws-rtofs-pds.s3.amazonaws.com/rtofs.20250321/rtofs_glo_3dz_f006_6hrly_hvr_US_east.nc
ARGO_GDAC,pfl,aoml/4903562/profiles/D4903562_084.nc|2025-03-21T03:37:49Z|20.12915|-85.19072,aoml/4903562/profiles/D4903562_084.nc,4903562,4903562,20.12915,-85.19072,2025-03-21T03:37:49Z,20250321,2025,352,0.64,49.84,,False,False,True,https://noaa-nws-rtofs-pds.s3.amazonaws.com/rtofs.20250321/rtofs_glo_3dz_f006_6hrly_hvr_US_east.nc
ARGO_GDAC,pfl,aoml/4903562/profiles/D4903562_085.nc|2025-03-31T10:15:45Z|19.71465|-85.39001,aoml/4903562/profiles/D4903562_085.nc,4903562,4903562,19.71465,-85.39001,2025-03-31T10:15:45Z,20250331,2025,1011,1.04,2011.32,77.9455,True,True,True,https://noaa-nws-rtofs-pds.s3.amazonaws.com/rtofs.20250331/rtofs_glo_3dz_f006_6hrly_hvr_US_east.nc
ARGO_GDAC,pfl,aoml/4903562/profiles/D4903562_085.nc|2025-03-31T10:15:45Z|19.71465|-85.39001,aoml/4903562/profiles/D4903562_085.nc,4903562,4903562,19.71465,-85.39001,2025-03-31T10:15:45Z,20250331,2025,359,0.72,49.92,,False,False,True,https://noaa-nws-rtofs-pds.s3.amazonaws.com/rtofs.20250331/rtofs_glo_3dz_f006_6hrly_hvr_US_east.nc
ARGO_GDAC,pfl,aoml/4903562/profiles/D4903562_086.nc|2025-04-10T16:54:29Z|19.52999|-85.30787,aoml/4903562/profiles/D4903562_086.nc,4903562,4903562,19.52999,-85.30787,2025-04-10T16:54:29Z,20250410,2025,1010,1.0,2009.44,95.4971,True,True,True,https://noaa-nws-rtofs-pds.s3.amazonaws.com/rtofs.20250410/rtofs_glo_3dz_f006_6hrly_hvr_US_east.nc
ARGO_GDAC,pfl,aoml/4903562/profiles/D4903562_086.nc|2025-04-10T16:54:29Z|19.52999|-85.30787,aoml/4903562/profiles/D4903562_086.nc,4903562,4903562,19.52999,-85.30787,2025-04-10T16:54:29Z,20250410,2025,354,0.52,49.88,,False,False,True,https://noaa-nws-rtofs-pds.s3.amazonaws.com/rtofs.20250410/rtofs_glo_3dz_f006_6hrly_hvr_US_east.nc
ARGO_GDAC,pfl,aoml/4903562/profiles/D4903562_087.nc|2025-04-20T23:33:46Z|19.06976|-84.81227,aoml/4903562/profiles/D4903562_087.nc,4903562,4903562,19.06976,-84.81227,2025-04-20T23:33:46Z,20250420,2025,1011,0.92,2011.48,110.6784,True,False,True,https://noaa-nws-rtofs-pds.s3.amazonaws.com/rtofs.20250420/rtofs_glo_3dz_f006_6hrly_hvr_US_east.nc
ARGO_GDAC,pfl,aoml/4903562/profiles/D4903562_087.nc|2025-04-20T23:33:46Z|19.06976|-84.81227,aoml/4903562/profiles/D4903562_087.nc,4903562,4903562,19.06976,-84.81227,2025-04-20T23:33:46Z,20250420,2025,359,0.52,49.96,,False,False,True,https://noaa-nws-rtofs-pds.s3.amazonaws.com/rtofs.20250420/rtofs_glo_3dz_f006_6hrly_hvr_US_east.nc
ARGO_GDAC,pfl,aoml/4903562/profiles/D4903562_088.nc|2025-05-01T06:08:30Z|18.79952|-84.95494,aoml/4903562/profiles/D4903562_088.nc,4903562,4903562,18.79952,-84.95494,2025-05-01T06:08:30Z,20250501,2025,1009,0.96,2007.4,94.2153,True,True,True,https://noaa-nws-rtofs-pds.s3.amazonaws.com/rtofs.20250501/rtofs_glo_3dz_f006_6hrly_hvr_US_east.nc
ARGO_GDAC,pfl,aoml/4903562/profiles/D4903562_088.nc|2025-05-01T06:08:30Z|18.79952|-84.95494,aoml/4903562/profiles/D4903562_088.nc,4903562,4903562,18.79952,-84.95494,2025-05-01T06:08:30Z,20250501,2025,341,0.52,49.92,,False,False,True,https://noaa-nws-rtofs-pds.s3.amazonaws.com/rtofs.20250501/rtofs_glo_3dz_f006_6hrly_hvr_US_east.nc
ARGO_GDAC,pfl,aoml/4903562/profiles/D4903562_089.nc|2025-05-11T12:51:08Z|18.72241|-85.14085,aoml/4903562/profiles/D4903562_089.nc,4903562,4903562,18.72241,-85.14085,2025-05-11T12:51:08Z,20250511,2025,1009,0.96,2007.56,40.1625,True,True,True,https://noaa-nws-rtofs-pds.s3.amazonaws.com/rtofs.20250511/rtofs_glo_3dz_f006_6hrly_hvr_US_east.nc
ARGO_GDAC,pfl,aoml/4903562/profiles/D4903562_089.nc|2025-05-11T12:51:08Z|18.72241|-85.14085,aoml/4903562/profiles/D4903562_089.nc,4903562,4903562,18.72241,-85.14085,2025-05-11T12:51:08Z,20250511,2025,342,0.52,49.84,40.4428,True,True,True,https://noaa-nws-rtofs-pds.s3.amazonaws.com/rtofs.20250511/rtofs_glo_3dz_f006_6hrly_hvr_US_east.nc
ARGO_GDAC,pfl,aoml/4903562/profiles/D4903562_090.nc|2025-05-21T19:25:57Z|18.59722|-85.45993,aoml/4903562/profiles/D4903562_090.nc,4903562,4903562,18.59722,-85.45993,2025-05-21T19:25:57Z,20250521,2025,1010,1.04,2009.44,54.3979,True,True,True,https://noaa-nws-rtofs-pds.s3.amazonaws.com/rtofs.20250521/rtofs_glo_3dz_f006_6hrly_hvr_US_east.nc
ARGO_GDAC,pfl,aoml/4903562/profiles/D4903562_090.nc|2025-05-21T19:25:57Z|18.59722|-85.45993,aoml/4903562/profiles/D4903562_090.nc,4903562,4903562,18.59722,-85.45993,2025-05-21T19:25:57Z,20250521,2025,372,0.72,49.96,,False,False,True,https://noaa-nws-rtofs-pds.s3.amazonaws.com/rtofs.20250521/rtofs_glo_3dz_f006_6hrly_hvr_US_east.nc
ARGO_GDAC,pfl,aoml/4903562/profiles/R4903562_091.nc|2025-06-01T02:03:46Z|18.75149|-85.91362,aoml/4903562/profiles/R4903562_091.nc,4903562,4903562,18.75149,-85.91362,2025-06-01T02:03:46Z,20250601,2025,1011,1.08,2011.36,32.5379,True,True,True,https://noaa-nws-rtofs-pds.s3.amazonaws.com/rtofs.20250601/rtofs_glo_3dz_f006_6hrly_hvr_US_east.nc
ARGO_GDAC,pfl,aoml/4903562/profiles/R4903562_091.nc|2025-06-01T02:03:46Z|18.75149|-85.91362,aoml/4903562/profiles/R4903562_091.nc,4903562,4903562,18.75149,-85.91362,2025-06-01T02:03:46Z,20250601,2025,387,0.64,49.88,32.7086,True,True,True,https://noaa-nws-rtofs-pds.s3.amazonaws.com/rtofs.20250601/rtofs_glo_3dz_f006_6hrly_hvr_US_east.nc
ARGO_GDAC,pfl,aoml/4903562/profiles/R4903562_092.nc|2025-06-11T08:40:51Z|18.73654|-86.07457,aoml/4903562/profiles/R4903562_092.nc,4903562,4903562,18.73654,-86.07457,2025-06-11T08:40:51Z,20250611,2025,1010,1.04,2009.92,47.2122,True,True,True,https://noaa-nws-rtofs-pds.s3.amazonaws.com/rtofs.20250611/rtofs_glo_3dz_f006_6hrly_hvr_US_east.nc
ARGO_GDAC,pfl,aoml/4903562/profiles/R4903562_092.nc|2025-06-11T08:40:51Z|18.73654|-86.07457,aoml/4903562/profiles/R4903562_092.nc,4903562,4903562,18.73654,-86.07457,2025-06-11T08:40:51Z,20250611,2025,359,0.68,49.96,47.4455,True,True,True,https://noaa-nws-rtofs-pds.s3.amazonaws.com/rtofs.20250611/rtofs_glo_3dz_f006_6hrly_hvr_US_east.nc
ARGO_GDAC,pfl,aoml/4903562/profiles/R4903562_093.nc|2025-06-21T15:19:43Z|18.54092|-85.54014,aoml/4903562/profiles/R4903562_093.nc,4903562,4903562,18.54092,-85.54014,2025-06-21T15:19:43Z,20250621,2025,1009,1.04,2007.92,47.8674,True,True,True,https://noaa-nws-rtofs-pds.s3.amazonaws.com/rtofs.20250621/rtofs_glo_3dz_f006_6hrly_hvr_US_east.nc
ARGO_GDAC,pfl,aoml/4903562/profiles/R4903562_093.nc|2025-06-21T15:19:43Z|18.54092|-85.54014,aoml/4903562/profiles/R4903562_093.nc,4903562,4903562,18.54092,-85.54014,2025-06-21T15:19:43Z,20250621,2025,356,0.56,50.0,47.53,True,True,True,https://noaa-nws-rtofs-pds.s3.amazonaws.com/rtofs.20250621/rtofs_glo_3dz_f006_6hrly_hvr_US_east.nc
ARGO_GDAC,pfl,aoml/4903562/profiles/R4903562_094.nc|2025-07-01T22:01:03Z|18.60478|-85.15398,aoml/4903562/profiles/R4903562_094.nc,4903562,4903562,18.60478,-85.15398,2025-07-01T22:01:03Z,20250701,2025,1008,1.0,2005.32,27.3293,True,True,True,https://noaa-nws-rtofs-pds.s3.amazonaws.com/rtofs.20250701/rtofs_glo_3dz_f006_6hrly_hvr_US_east.nc
ARGO_GDAC,pfl,aoml/4903562/profiles/R4903562_094.nc|2025-07-01T22:01:03Z|18.60478|-85.15398,aoml/4903562/profiles/R4903562_094.nc,4903562,4903562,18.60478,-85.15398,2025-07-01T22:01:03Z,20250701,2025,366,0.56,49.88,27.94,True,True,True,https://noaa-nws-rtofs-pds.s3.amazonaws.com/rtofs.20250701/rtofs_glo_3dz_f006_6hrly_hvr_US_east.nc
ARGO_GDAC,pfl,aoml/4903562/profiles/R4903562_095.nc|2025-07-12T04:49:01Z|19.17169|-85.20892,aoml/4903562/profiles/R4903562_095.nc,4903562,4903562,19.17169,-85.20892,2025-07-12T04:49:01Z,20250712,2025,1011,1.08,2011.44,23.923,True,True,True,https://noaa-nws-rtofs-pds.s3.amazonaws.com/rtofs.20250712/rtofs_glo_3dz_f006_6hrly_hvr_US_east.nc
ARGO_GDAC,pfl,aoml/4903562/profiles/R4903562_095.nc|2025-07-12T04:49:01Z|19.17169|-85.20892,aoml/4903562/profiles/R4903562_095.nc,4903562,4903562,19.17169,-85.20892,2025-07-12T04:49:01Z,20250712,2025,369,0.68,49.96,23.99,True,True,True,https://noaa-nws-rtofs-pds.s3.amazonaws.com/rtofs.20250712/rtofs_glo_3dz_f006_6hrly_hvr_US_east.nc
ARGO_GDAC,pfl,aoml/4903562/profiles/R4903562_096.nc|2025-07-22T11:23:29Z|19.72092|-85.67859,aoml/4903562/profiles/R4903562_096.nc,4903562,4903562,19.72092,-85.67859,2025-07-22T11:23:29Z,20250722,2025,1010,1.04,2009.44,36.2768,True,True,True,https://noaa-nws-rtofs-pds.s3.amazonaws.com/rtofs.20250722/rtofs_glo_3dz_f006_6hrly_hvr_US_east.nc
ARGO_GDAC,pfl,aoml/4903562/profiles/R4903562_096.nc|2025-07-22T11:23:29Z|19.72092|-85.67859,aoml/4903562/profiles/R4903562_096.nc,4903562,4903562,19.72092,-85.67859,2025-07-22T11:23:29Z,20250722,2025,369,0.6,49.96,36.218,True,True,True,https://noaa-nws-rtofs-pds.s3.amazonaws.com/rtofs.20250722/rtofs_glo_3dz_f006_6hrly_hvr_US_east.nc
ARGO_GDAC,pfl,aoml/4903562/profiles/R4903562_097.nc|2025-08-01T18:09:21Z|20.09619|-85.83901,aoml/4903562/profiles/R4903562_097.nc,4903562,4903562,20.09619,-85.83901,2025-08-01T18:09:21Z,20250801,2025,1012,1.08,2013.36,52.6574,True,True,True,https://noaa-nws-rtofs-pds.s3.amazonaws.com/rtofs.20250801/rtofs_glo_3dz_f006_6hrly_hvr_US_east.nc
ARGO_GDAC,pfl,aoml/4903562/profiles/R4903562_097.nc|2025-08-01T18:09:21Z|20.09619|-85.83901,aoml/4903562/profiles/R4903562_097.nc,4903562,4903562,20.09619,-85.83901,2025-08-01T18:09:21Z,20250801,2025,392,0.56,49.92,,False,False,True,https://noaa-nws-rtofs-pds.s3.amazonaws.com/rtofs.20250801/rtofs_glo_3dz_f006_6hrly_hvr_US_east.nc
ARGO_GDAC,pfl,aoml/4903562/profiles/R4903562_098.nc|2025-08-12T00:59:00Z|20.45356|-85.76022,aoml/4903562/profiles/R4903562_098.nc,4903562,4903562,20.45356,-85.76022,2025-08-12T00:59:00Z,20250812,2025,1010,1.04,2009.44,17.7028,True,True,True,https://noaa-nws-rtofs-pds.s3.amazonaws.com/rtofs.20250812/rtofs_glo_3dz_f006_6hrly_hvr_US_east.nc
ARGO_GDAC,pfl,aoml/4903562/profiles/R4903562_098.nc|2025-08-12T00:59:00Z|20.45356|-85.76022,aoml/4903562/profiles/R4903562_098.nc,4903562,4903562,20.45356,-85.76022,2025-08-12T00:59:00Z,20250812,2025,414,0.56,50.0,15.4333,True,True,True,https://noaa-nws-rtofs-pds.s3.amazonaws.com/rtofs.20250812/rtofs_glo_3dz_f006_6hrly_hvr_US_east.nc
ARGO_GDAC,pfl,aoml/4903562/profiles/R4903562_099.nc|2025-08-22T07:40:52Z|20.58835|-85.83114,aoml/4903562/profiles/R4903562_099.nc,4903562,4903562,20.58835,-85.83114,2025-08-22T07:40:52Z,20250822,2025,1010,1.0,2009.36,40.619,True,True,True,https://noaa-nws-rtofs-pds.s3.amazonaws.com/rtofs.20250822/rtofs_glo_3dz_f006_6hrly_hvr_US_east.nc
ARGO_GDAC,pfl,aoml/4903562/profiles/R4903562_099.nc|2025-08-22T07:40:52Z|20.58835|-85.83114,aoml/4903562/profiles/R4903562_099.nc,4903562,4903562,20.58835,-85.83114,2025-08-22T07:40:52Z,20250822,2025,376,0.52,49.96,40.504,True,True,True,https://noaa-nws-rtofs-pds.s3.amazonaws.com/rtofs.20250822/rtofs_glo_3dz_f006_6hrly_hvr_US_east.nc
ARGO_GDAC,pfl,aoml/4903562/profiles/R4903562_100.nc|2025-09-01T14:25:19Z|20.37187|-86.02581,aoml/4903562/profiles/R4903562_100.nc,4903562,4903562,20.37187,-86.02581,2025-09-01T14:25:19Z,20250901,2025,1011,1.04,2011.64,42.2519,True,True,True,https://noaa-nws-rtofs-pds.s3.amazonaws.com/rtofs.20250901/rtofs_glo_3dz_f006_6hrly_hvr_US_east.nc
ARGO_GDAC,pfl,aoml/4903562/profiles/R4903562_100.nc|2025-09-01T14:25:19Z|20.37187|-86.02581,aoml/4903562/profiles/R4903562_100.nc,4903562,4903562,20.37187,-86.02581,2025-09-01T14:25:19Z,20250901,2025,392,0.56,49.92,42.8392,True,True,True,https://noaa-nws-rtofs-pds.s3.amazonaws.com/rtofs.20250901/rtofs_glo_3dz_f006_6hrly_hvr_US_east.nc
ARGO_GDAC,pfl,aoml/4903562/profiles/R4903562_101.nc|2025-09-11T21:20:29Z|20.20850|-86.17646,aoml/4903562/profiles/R4903562_101.nc,4903562,4903562,20.2085,-86.17646,2025-09-11T21:20:29Z,20250911,2025,1007,1.08,2003.36,37.8678,True,True,True,https://noaa-nws-rtofs-pds.s3.amazonaws.com/rtofs.20250911/rtofs_glo_3dz_f006_6hrly_hvr_US_east.nc
ARGO_GDAC,pfl,aoml/4903562/profiles/R4903562_101.nc|2025-09-11T21:20:29Z|20.20850|-86.17646,aoml/4903562/profiles/R4903562_101.nc,4903562,4903562,20.2085,-86.17646,2025-09-11T21:20:29Z,20250911,2025,440,0.76,50.0,37.84,True,True,True,https://noaa-nws-rtofs-pds.s3.amazonaws.com/rtofs.20250911/rtofs_glo_3dz_f006_6hrly_hvr_US_east.nc
ARGO_GDAC,pfl,aoml/4903562/profiles/R4903562_102.nc|2025-09-22T04:00:42Z|20.33802|-86.09562,aoml/4903562/profiles/R4903562_102.nc,4903562,4903562,20.33802,-86.09562,2025-09-22T04:00:42Z,20250922,2025,1009,1.04,2007.52,22.2346,True,True,True,https://noaa-nws-rtofs-pds.s3.amazonaws.com/rtofs.20250922/rtofs_glo_3dz_f006_6hrly_hvr_US_east.nc
ARGO_GDAC,pfl,aoml/4903562/profiles/R4903562_102.nc|2025-09-22T04:00:42Z|20.33802|-86.09562,aoml/4903562/profiles/R4903562_102.nc,4903562,4903562,20.33802,-86.09562,2025-09-22T04:00:42Z,20250922,2025,428,0.68,49.96,22.0543,True,True,True,https://noaa-nws-rtofs-pds.s3.amazonaws.com/rtofs.20250922/rtofs_glo_3dz_f006_6hrly_hvr_US_east.nc
ARGO_GDAC,pfl,aoml/4903562/profiles/R4903562_103.nc|2025-10-02T10:38:46Z|20.55344|-85.86867,aoml/4903562/profiles/R4903562_103.nc,4903562,4903562,20.55344,-85.86867,2025-10-02T10:38:46Z,20251002,2025,1009,1.16,2007.72,25.1926,True,True,True,https://noaa-nws-rtofs-pds.s3.amazonaws.com/rtofs.20251002/rtofs_glo_3dz_f006_6hrly_hvr_US_east.nc
ARGO_GDAC,pfl,aoml/4903562/profiles/R4903562_103.nc|2025-10-02T10:38:46Z|20.55344|-85.86867,aoml/4903562/profiles/R4903562_103.nc,4903562,4903562,20.55344,-85.86867,2025-10-02T10:38:46Z,20251002,2025,387,0.88,49.88,24.976,True,True,True,https://noaa-nws-rtofs-pds.s3.amazonaws.com/rtofs.20251002/rtofs_glo_3dz_f006_6hrly_hvr_US_east.nc
ARGO_GDAC,pfl,aoml/4903562/profiles/R4903562_104.nc|2025-10-12T17:22:41Z|20.69123|-85.88153,aoml/4903562/profiles/R4903562_104.nc,4903562,4903562,20.69123,-85.88153,2025-10-12T17:22:41Z,20251012,2025,1012,1.0,2013.28,55.0499,True,True,True,https://noaa-nws-rtofs-pds.s3.amazonaws.com/rtofs.20251012/rtofs_glo_3dz_f006_6hrly_hvr_US_east.nc
ARGO_GDAC,pfl,aoml/4903562/profiles/R4903562_104.nc|2025-10-12T17:22:41Z|20.69123|-85.88153,aoml/4903562/profiles/R4903562_104.nc,4903562,4903562,20.69123,-85.88153,2025-10-12T17:22:41Z,20251012,2025,378,0.52,49.92,,False,False,True,https://noaa-nws-rtofs-pds.s3.amazonaws.com/rtofs.20251012/rtofs_glo_3dz_f006_6hrly_hvr_US_east.nc
ARGO_GDAC,pfl,aoml/4903562/profiles/R4903562_105.nc|2025-10-23T00:07:54Z|21.00743|-85.74287,aoml/4903562/profiles/R4903562_105.nc,4903562,4903562,21.00743,-85.74287,2025-10-23T00:07:54Z,20251023,2025,1012,1.04,2013.32,58.5098,True,True,True,https://noaa-nws-rtofs-pds.s3.amazonaws.com/rtofs.20251023/rtofs_glo_3dz_f006_6hrly_hvr_US_east.nc
ARGO_GDAC,pfl,aoml/4903562/profiles/R4903562_105.nc|2025-10-23T00:07:54Z|21.00743|-85.74287,aoml/4903562/profiles/R4903562_105.nc,4903562,4903562,21.00743,-85.74287,2025-10-23T00:07:54Z,20251023,2025,396,0.68,50.0,,False,False,True,https://noaa-nws-rtofs-pds.s3.amazonaws.com/rtofs.20251023/rtofs_glo_3dz_f006_6hrly_hvr_US_east.nc
ARGO_GDAC,pfl,aoml/4903562/profiles/R4903562_106.nc|2025-11-02T06:54:53Z|20.84445|-85.74442,aoml/4903562/profiles/R4903562_106.nc,4903562,4903562,20.84445,-85.74442,2025-11-02T06:54:53Z,20251102,2025,1010,1.12,2009.64,55.5922,True,True,True,https://noaa-nws-rtofs-pds.s3.amazonaws.com/rtofs.20251102/rtofs_glo_3dz_f006_6hrly_hvr_US_east.nc
ARGO_GDAC,pfl,aoml/4903562/profiles/R4903562_106.nc|2025-11-02T06:54:53Z|20.84445|-85.74442,aoml/4903562/profiles/R4903562_106.nc,4903562,4903562,20.84445,-85.74442,2025-11-02T06:54:53Z,20251102,2025,444,0.8,49.96,,False,False,True,https://noaa-nws-rtofs-pds.s3.amazonaws.com/rtofs.20251102/rtofs_glo_3dz_f006_6hrly_hvr_US_east.nc
ARGO_GDAC,pfl,aoml/4903562/profiles/R4903562_107.nc|2025-11-12T17:01:17Z|21.20453|-85.79877,aoml/4903562/profiles/R4903562_107.nc,4903562,4903562,21.20453,-85.79877,2025-11-12T17:01:17Z,20251112,2025,962,1.0,1913.44,47.4554,True,True,True,https://noaa-nws-rtofs-pds.s3.amazonaws.com/rtofs.20251112/rtofs_glo_3dz_f006_6hrly_hvr_US_east.nc
ARGO_GDAC,pfl,aoml/4903562/profiles/R4903562_107.nc|2025-11-12T17:01:17Z|21.20453|-85.79877,aoml/4903562/profiles/R4903562_107.nc,4903562,4903562,21.20453,-85.79877,2025-11-12T17:01:17Z,20251112,2025,390,0.52,49.96,47.3511,True,True,True,https://noaa-nws-rtofs-pds.s3.amazonaws.com/rtofs.20251112/rtofs_glo_3dz_f006_6hrly_hvr_US_east.nc
ARGO_GDAC,pfl,aoml/4903562/profiles/R4903562_108.nc|2025-11-22T23:57:18Z|21.74061|-85.73604,aoml/4903562/profiles/R4903562_108.nc,4903562,4903562,21.74061,-85.73604,2025-11-22T23:57:18Z,20251122,2025,1011,1.08,2011.76,75.1663,True,True,True,https://noaa-nws-rtofs-pds.s3.amazonaws.com/rtofs.20251122/rtofs_glo_3dz_f006_6hrly_hvr_US_east.nc
ARGO_GDAC,pfl,aoml/4903562/profiles/R4903562_108.nc|2025-11-22T23:57:18Z|21.74061|-85.73604,aoml/4903562/profiles/R4903562_108.nc,4903562,4903562,21.74061,-85.73604,2025-11-22T23:57:18Z,20251122,2025,405,0.64,49.96,,False,False,True,https://noaa-nws-rtofs-pds.s3.amazonaws.com/rtofs.20251122/rtofs_glo_3dz_f006_6hrly_hvr_US_east.nc
ARGO_GDAC,pfl,aoml/4903562/profiles/R4903562_109.nc|2025-12-03T10:12:24Z|21.39023|-85.88330,aoml/4903562/profiles/R4903562_109.nc,4903562,4903562,21.39023,-85.8833,2025-12-03T10:12:24Z,20251203,2025,949,0.96,1887.88,98.2728,True,True,True,https://noaa-nws-rtofs-pds.s3.amazonaws.com/rtofs.20251203/rtofs_glo_3dz_f006_6hrly_hvr_US_east.nc
ARGO_GDAC,pfl,aoml/4903562/profiles/R4903562_109.nc|2025-12-03T10:12:24Z|21.39023|-85.88330,aoml/4903562/profiles/R4903562_109.nc,4903562,4903562,21.39023,-85.8833,2025-12-03T10:12:24Z,20251203,2025,329,0.52,49.88,,False,False,True,https://noaa-nws-rtofs-pds.s3.amazonaws.com/rtofs.20251203/rtofs_glo_3dz_f006_6hrly_hvr_US_east.nc
ARGO_GDAC,pfl,aoml/4903562/profiles/R4903562_110.nc|2025-12-13T20:25:15Z|21.52040|-85.91473,aoml/4903562/profiles/R4903562_110.nc,4903562,4903562,21.5204,-85.91473,2025-12-13T20:25:15Z,20251213,2025,944,1.0,1877.6,66.929,True,True,True,https://noaa-nws-rtofs-pds.s3.amazonaws.com/rtofs.20251213/rtofs_glo_3dz_f006_6hrly_hvr_US_east.nc
ARGO_GDAC,pfl,aoml/4903562/profiles/R4903562_110.nc|2025-12-13T20:25:15Z|21.52040|-85.91473,aoml/4903562/profiles/R4903562_110.nc,4903562,4903562,21.5204,-85.91473,2025-12-13T20:25:15Z,20251213,2025,341,0.52,49.92,,False,False,True,https://noaa-nws-rtofs-pds.s3.amazonaws.com/rtofs.20251213/rtofs_glo_3dz_f006_6hrly_hvr_US_east.nc
ARGO_GDAC,pfl,aoml/4903562/profiles/R4903562_111.nc|2025-12-24T06:25:09Z|21.41489|-85.94453,aoml/4903562/profiles/R4903562_111.nc,4903562,4903562,21.41489,-85.94453,2025-12-24T06:25:09Z,20251224,2025,916,1.0,1821.44,67.3547,True,True,True,https://noaa-nws-rtofs-pds.s3.amazonaws.com/rtofs.20251224/rtofs_glo_3dz_f006_6hrly_hvr_US_east.nc
ARGO_GDAC,pfl,aoml/4903562/profiles/R4903562_111.nc|2025-12-24T06:25:09Z|21.41489|-85.94453,aoml/4903562/profiles/R4903562_111.nc,4903562,4903562,21.41489,-85.94453,2025-12-24T06:25:09Z,20251224,2025,366,0.56,49.88,,False,False,True,https://noaa-nws-rtofs-pds.s3.amazonaws.com/rtofs.20251224/rtofs_glo_3dz_f006_6hrly_hvr_US_east.nc
ARGO_GDAC,pfl,aoml/4903563/profiles/D4903563_029.nc|2024-01-10T23:05:17Z|21.08885|-81.34684,aoml/4903563/profiles/D4903563_029.nc,4903563,4903563,21.08885,-81.34684,2024-01-10T23:05:17Z,20240110,2024,1009,1.04,2007.24,93.1277,True,True,False,
ARGO_GDAC,pfl,aoml/4903563/profiles/D4903563_029.nc|2024-01-10T23:05:17Z|21.08885|-81.34684,aoml/4903563/profiles/D4903563_029.nc,4903563,4903563,21.08885,-81.34684,2024-01-10T23:05:17Z,20240110,2024,358,0.6,50.0,,False,False,False,
ARGO_GDAC,pfl,aoml/4903563/profiles/D4903563_030.nc|2024-01-21T05:49:09Z|21.24492|-81.60247,aoml/4903563/profiles/D4903563_030.nc,4903563,4903563,21.24492,-81.60247,2024-01-21T05:49:09Z,20240121,2024,1011,0.44,2009.88,109.1985,True,False,False,
ARGO_GDAC,pfl,aoml/4903563/profiles/D4903563_030.nc|2024-01-21T05:49:09Z|21.24492|-81.60247,aoml/4903563/profiles/D4903563_030.nc,4903563,4903563,21.24492,-81.60247,2024-01-21T05:49:09Z,20240121,2024,327,0.44,49.88,,False,False,False,
ARGO_GDAC,pfl,aoml/4903563/profiles/D4903563_031.nc|2024-01-31T12:27:07Z|20.98888|-81.97376,aoml/4903563/profiles/D4903563_031.nc,4903563,4903563,20.98888,-81.97376,2024-01-31T12:27:07Z,20240131,2024,1011,1.0,2011.96,116.0259,True,False,True,https://noaa-nws-rtofs-pds.s3.amazonaws.com/rtofs.20240131/rtofs_glo_3dz_f006_6hrly_hvr_US_east.nc
ARGO_GDAC,pfl,aoml/4903563/profiles/D4903563_031.nc|2024-01-31T12:27:07Z|20.98888|-81.97376,aoml/4903563/profiles/D4903563_031.nc,4903563,4903563,20.98888,-81.97376,2024-01-31T12:27:07Z,20240131,2024,335,0.56,49.92,,False,False,True,https://noaa-nws-rtofs-pds.s3.amazonaws.com/rtofs.20240131/rtofs_glo_3dz_f006_6hrly_hvr_US_east.nc
ARGO_GDAC,pfl,aoml/4903563/profiles/D4903563_032.nc|2024-02-10T19:01:56Z|20.52135|-81.86336,aoml/4903563/profiles/D4903563_032.nc,4903563,4903563,20.52135,-81.86336,2024-02-10T19:01:56Z,20240210,2024,1013,1.0,2015.6,121.5468,True,False,True,https://noaa-nws-rtofs-pds.s3.amazonaws.com/rtofs.20240210/rtofs_glo_3dz_f006_6hrly_hvr_US_east.nc
ARGO_GDAC,pfl,aoml/4903563/profiles/D4903563_032.nc|2024-02-10T19:01:56Z|20.52135|-81.86336,aoml/4903563/profiles/D4903563_032.nc,4903563,4903563,20.52135,-81.86336,2024-02-10T19:01:56Z,20240210,2024,332,0.52,49.88,,False,False,True,https://noaa-nws-rtofs-pds.s3.amazonaws.com/rtofs.20240210/rtofs_glo_3dz_f006_6hrly_hvr_US_east.nc
ARGO_GDAC,pfl,aoml/4903563/profiles/D4903563_033.nc|2024-02-21T01:58:41Z|20.33024|-81.87330,aoml/4903563/profiles/D4903563_033.nc,4903563,4903563,20.33024,-81.8733,2024-02-21T01:58:41Z,20240221,2024,1008,1.04,2006.08,133.1324,True,False,True,https://noaa-nws-rtofs-pds.s3.amazonaws.com/rtofs.20240221/rtofs_glo_3dz_f006_6hrly_hvr_US_east.nc
ARGO_GDAC,pfl,aoml/4903563/profiles/D4903563_033.nc|2024-02-21T01:58:41Z|20.33024|-81.87330,aoml/4903563/profiles/D4903563_033.nc,4903563,4903563,20.33024,-81.8733,2024-02-21T01:58:41Z,20240221,2024,317,0.68,49.88,,False,False,True,https://noaa-nws-rtofs-pds.s3.amazonaws.com/rtofs.20240221/rtofs_glo_3dz_f006_6hrly_hvr_US_east.nc
ARGO_GDAC,pfl,aoml/4903563/profiles/D4903563_034.nc|2024-03-02T08:43:59Z|20.40064|-82.01958,aoml/4903563/profiles/D4903563_034.nc,4903563,4903563,20.40064,-82.01958,2024-03-02T08:43:59Z,20240302,2024,1012,0.96,2013.24,51.9216,True,True,True,https://noaa-nws-rtofs-pds.s3.amazonaws.com/rtofs.20240302/rtofs_glo_3dz_f006_6hrly_hvr_US_east.nc
ARGO_GDAC,pfl,aoml/4903563/profiles/D4903563_034.nc|2024-03-02T08:43:59Z|20.40064|-82.01958,aoml/4903563/profiles/D4903563_034.nc,4903563,4903563,20.40064,-82.01958,2024-03-02T08:43:59Z,20240302,2024,393,0.52,49.96,,False,False,True,https://noaa-nws-rtofs-pds.s3.amazonaws.com/rtofs.20240302/rtofs_glo_3dz_f006_6hrly_hvr_US_east.nc
ARGO_GDAC,pfl,aoml/4903563/profiles/D4903563_035.nc|2024-03-12T15:31:15Z|20.70403|-82.29047,aoml/4903563/profiles/D4903563_035.nc,4903563,4903563,20.70403,-82.29047,2024-03-12T15:31:15Z,20240312,2024,1012,0.96,2013.04,32.618,True,True,True,https://noaa-nws-rtofs-pds.s3.amazonaws.com/rtofs.20240312/rtofs_glo_3dz_f006_6hrly_hvr_US_east.nc
ARGO_GDAC,pfl,aoml/4903563/profiles/D4903563_035.nc|2024-03-12T15:31:15Z|20.70403|-82.29047,aoml/4903563/profiles/D4903563_035.nc,4903563,4903563,20.70403,-82.29047,2024-03-12T15:31:15Z,20240312,2024,352,0.56,49.88,33.1999,True,True,True,https://noaa-nws-rtofs-pds.s3.amazonaws.com/rtofs.20240312/rtofs_glo_3dz_f006_6hrly_hvr_US_east.nc
ARGO_GDAC,pfl,aoml/4903563/profiles/D4903563_036.nc|2024-03-22T22:15:34Z|20.94389|-82.46025,aoml/4903563/profiles/D4903563_036.nc,4903563,4903563,20.94389,-82.46025,2024-03-22T22:15:34Z,20240322,2024,1012,1.0,2013.28,29.7885,True,True,True,https://noaa-nws-rtofs-pds.s3.amazonaws.com/rtofs.20240322/rtofs_glo_3dz_f006_6hrly_hvr_US_east.nc
ARGO_GDAC,pfl,aoml/4903563/profiles/D4903563_036.nc|2024-03-22T22:15:34Z|20.94389|-82.46025,aoml/4903563/profiles/D4903563_036.nc,4903563,4903563,20.94389,-82.46025,2024-03-22T22:15:34Z,20240322,2024,368,0.6,49.88,29.92,True,True,True,https://noaa-nws-rtofs-pds.s3.amazonaws.com/rtofs.20240322/rtofs_glo_3dz_f006_6hrly_hvr_US_east.nc
ARGO_GDAC,pfl,aoml/4903563/profiles/D4903563_037.nc|2024-04-02T04:59:16Z|21.08643|-82.44947,aoml/4903563/profiles/D4903563_037.nc,4903563,4903563,21.08643,-82.44947,2024-04-02T04:59:16Z,20240402,2024,1013,1.0,2015.52,50.6657,True,True,True,https://noaa-nws-rtofs-pds.s3.amazonaws.com/rtofs.20240402/rtofs_glo_3dz_f006_6hrly_hvr_US_east.nc
ARGO_GDAC,pfl,aoml/4903563/profiles/D4903563_037.nc|2024-04-02T04:59:16Z|21.08643|-82.44947,aoml/4903563/profiles/D4903563_037.nc,4903563,4903563,21.08643,-82.44947,2024-04-02T04:59:16Z,20240402,2024,353,0.52,49.92,46.3999,True,True,True,https://noaa-nws-rtofs-pds.s3.amazonaws.com/rtofs.20240402/rtofs_glo_3dz_f006_6hrly_hvr_US_east.nc
ARGO_GDAC,pfl,aoml/4903563/profiles/D4903563_038.nc|2024-04-12T11:40:16Z|21.04016|-82.24600,aoml/4903563/profiles/D4903563_038.nc,4903563,4903563,21.04016,-82.246,2024-04-12T11:40:16Z,20240412,2024,1012,1.04,2013.12,58.5389,True,True,True,https://noaa-nws-rtofs-pds.s3.amazonaws.com/rtofs.20240412/rtofs_glo_3dz_f006_6hrly_hvr_US_east.nc
ARGO_GDAC,pfl,aoml/4903563/profiles/D4903563_038.nc|2024-04-12T11:40:16Z|21.04016|-82.24600,aoml/4903563/profiles/D4903563_038.nc,4903563,4903563,21.04016,-82.246,2024-04-12T11:40:16Z,20240412,2024,361,0.6,49.88,,False,False,True,https://noaa-nws-rtofs-pds.s3.amazonaws.com/rtofs.20240412/rtofs_glo_3dz_f006_6hrly_hvr_US_east.nc
ARGO_GDAC,pfl,aoml/4903563/profiles/D4903563_039.nc|2024-04-22T18:14:37Z|20.86637|-82.07045,aoml/4903563/profiles/D4903563_039.nc,4903563,4903563,20.86637,-82.07045,2024-04-22T18:14:37Z,20240422,2024,1011,0.44,2010.12,32.7336,True,True,True,https://noaa-nws-rtofs-pds.s3.amazonaws.com/rtofs.20240422/rtofs_glo_3dz_f006_6hrly_hvr_US_east.nc
ARGO_GDAC,pfl,aoml/4903563/profiles/D4903563_039.nc|2024-04-22T18:14:37Z|20.86637|-82.07045,aoml/4903563/profiles/D4903563_039.nc,4903563,4903563,20.86637,-82.07045,2024-04-22T18:14:37Z,20240422,2024,363,0.44,49.88,33.135,True,True,True,https://noaa-nws-rtofs-pds.s3.amazonaws.com/rtofs.20240422/rtofs_glo_3dz_f006_6hrly_hvr_US_east.nc
ARGO_GDAC,pfl,aoml/4903563/profiles/D4903563_040.nc|2024-05-03T00:52:32Z|20.63126|-81.96055,aoml/4903563/profiles/D4903563_040.nc,4903563,4903563,20.63126,-81.96055,2024-05-03T00:52:32Z,20240503,2024,1011,1.12,2011.56,19.7474,True,True,True,https://noaa-nws-rtofs-pds.s3.amazonaws.com/rtofs.20240503/rtofs_glo_3dz_f006_6hrly_hvr_US_east.nc
ARGO_GDAC,pfl,aoml/4903563/profiles/D4903563_040.nc|2024-05-03T00:52:32Z|20.63126|-81.96055,aoml/4903563/profiles/D4903563_040.nc,4903563,4903563,20.63126,-81.96055,2024-05-03T00:52:32Z,20240503,2024,381,0.84,49.88,19.38,True,True,True,https://noaa-nws-rtofs-pds.s3.amazonaws.com/rtofs.20240503/rtofs_glo_3dz_f006_6hrly_hvr_US_east.nc
ARGO_GDAC,pfl,aoml/4903563/profiles/D4903563_041.nc|2024-05-13T07:37:39Z|20.41929|-81.92874,aoml/4903563/profiles/D4903563_041.nc,4903563,4903563,20.41929,-81.92874,2024-05-13T07:37:39Z,20240513,2024,1012,1.04,2014.08,17.502,True,True,True,https://noaa-nws-rtofs-pds.s3.amazonaws.com/rtofs.20240513/rtofs_glo_3dz_f006_6hrly_hvr_US_east.nc
ARGO_GDAC,pfl,aoml/4903563/profiles/D4903563_041.nc|2024-05-13T07:37:39Z|20.41929|-81.92874,aoml/4903563/profiles/D4903563_041.nc,4903563,4903563,20.41929,-81.92874,2024-05-13T07:37:39Z,20240513,2024,402,0.64,50.0,17.48,True,True,True,https://noaa-nws-rtofs-pds.s3.amazonaws.com/rtofs.20240513/rtofs_glo_3dz_f006_6hrly_hvr_US_east.nc
ARGO_GDAC,pfl,aoml/4903563/profiles/D4903563_042.nc|2024-05-23T14:25:52Z|20.18851|-81.92421,aoml/4903563/profiles/D4903563_042.nc,4903563,4903563,20.18851,-81.92421,2024-05-23T14:25:52Z,20240523,2024,1013,1.04,2015.24,38.123,True,True,True,https://noaa-nws-rtofs-pds.s3.amazonaws.com/rtofs.20240523/rtofs_glo_3dz_f006_6hrly_hvr_US_east.nc
ARGO_GDAC,pfl,aoml/4903563/profiles/D4903563_042.nc|2024-05-23T14:25:52Z|20.18851|-81.92421,aoml/4903563/profiles/D4903563_042.nc,4903563,4903563,20.18851,-81.92421,2024-05-23T14:25:52Z,20240523,2024,412,0.64,49.88,38.0676,True,True,True,https://noaa-nws-rtofs-pds.s3.amazonaws.com/rtofs.20240523/rtofs_glo_3dz_f006_6hrly_hvr_US_east.nc
ARGO_GDAC,pfl,aoml/4903563/profiles/D4903563_043.nc|2024-06-02T21:11:09Z|19.91461|-81.93084,aoml/4903563/profiles/D4903563_043.nc,4903563,4903563,19.91461,-81.93084,2024-06-02T21:11:09Z,20240602,2024,1009,1.08,2007.68,37.2528,True,True,True,https://noaa-nws-rtofs-pds.s3.amazonaws.com/rtofs.20240602/rtofs_glo_3dz_f006_6hrly_hvr_US_east.nc
ARGO_GDAC,pfl,aoml/4903563/profiles/D4903563_043.nc|2024-06-02T21:11:09Z|19.91461|-81.93084,aoml/4903563/profiles/D4903563_043.nc,4903563,4903563,19.91461,-81.93084,2024-06-02T21:11:09Z,20240602,2024,443,0.72,49.96,37.5067,True,True,True,https://noaa-nws-rtofs-pds.s3.amazonaws.com/rtofs.20240602/rtofs_glo_3dz_f006_6hrly_hvr_US_east.nc
ARGO_GDAC,pfl,aoml/4903563/profiles/D4903563_044.nc|2024-06-13T03:51:38Z|19.66458|-81.93705,aoml/4903563/profiles/D4903563_044.nc,4903563,4903563,19.66458,-81.93705,2024-06-13T03:51:38Z,20240613,2024,1014,0.4,2015.2,43.7299,True,True,True,https://noaa-nws-rtofs-pds.s3.amazonaws.com/rtofs.20240613/rtofs_glo_3dz_f006_6hrly_hvr_US_east.nc
ARGO_GDAC,pfl,aoml/4903563/profiles/D4903563_044.nc|2024-06-13T03:51:38Z|19.66458|-81.93705,aoml/4903563/profiles/D4903563_044.nc,4903563,4903563,19.66458,-81.93705,2024-06-13T03:51:38Z,20240613,2024,401,0.4,49.96,43.48,True,True,True,https://noaa-nws-rtofs-pds.s3.amazonaws.com/rtofs.20240613/rtofs_glo_3dz_f006_6hrly_hvr_US_east.nc
ARGO_GDAC,pfl,aoml/4903563/profiles/D4903563_045.nc|2024-06-23T10:33:24Z|19.48033|-81.79747,aoml/4903563/profiles/D4903563_045.nc,4903563,4903563,19.48033,-81.79747,2024-06-23T10:33:24Z,20240623,2024,1011,1.08,2011.8,59.2692,True,True,True,https://noaa-nws-rtofs-pds.s3.amazonaws.com/rtofs.20240623/rtofs_glo_3dz_f006_6hrly_hvr_US_east.nc
ARGO_GDAC,pfl,aoml/4903563/profiles/D4903563_045.nc|2024-06-23T10:33:24Z|19.48033|-81.79747,aoml/4903563/profiles/D4903563_045.nc,4903563,4903563,19.48033,-81.79747,2024-06-23T10:33:24Z,20240623,2024,430,0.72,49.96,,False,False,True,https://noaa-nws-rtofs-pds.s3.amazonaws.com/rtofs.20240623/rtofs_glo_3dz_f006_6hrly_hvr_US_east.nc
ARGO_GDAC,pfl,aoml/4903563/profiles/D4903563_046.nc|2024-07-03T17:24:43Z|19.39812|-81.67662,aoml/4903563/profiles/D4903563_046.nc,4903563,4903563,19.39812,-81.67662,2024-07-03T17:24:43Z,20240703,2024,1010,1.04,2009.48,29.4227,True,True,True,https://noaa-nws-rtofs-pds.s3.amazonaws.com/rtofs.20240703/rtofs_glo_3dz_f006_6hrly_hvr_US_east.nc
ARGO_GDAC,pfl,aoml/4903563/profiles/D4903563_046.nc|2024-07-03T17:24:43Z|19.39812|-81.67662,aoml/4903563/profiles/D4903563_046.nc,4903563,4903563,19.39812,-81.67662,2024-07-03T17:24:43Z,20240703,2024,431,0.68,50.0,29.6985,True,True,True,https://noaa-nws-rtofs-pds.s3.amazonaws.com/rtofs.20240703/rtofs_glo_3dz_f006_6hrly_hvr_US_east.nc
ARGO_GDAC,pfl,aoml/4903563/profiles/D4903563_047.nc|2024-07-09T02:13:09Z|19.45655|-81.42328,aoml/4903563/profiles/D4903563_047.nc,4903563,4903563,19.45655,-81.42328,2024-07-09T02:13:09Z,20240709,2024,1010,0.48,2007.44,75.55,True,True,True,https://noaa-nws-rtofs-pds.s3.amazonaws.com/rtofs.20240709/rtofs_glo_3dz_f006_6hrly_hvr_US_east.nc
ARGO_GDAC,pfl,aoml/4903563/profiles/D4903563_047.nc|2024-07-09T02:13:09Z|19.45655|-81.42328,aoml/4903563/profiles/D4903563_047.nc,4903563,4903563,19.45655,-81.42328,2024-07-09T02:13:09Z,20240709,2024,395,0.48,49.88,,False,False,True,https://noaa-nws-rtofs-pds.s3.amazonaws.com/rtofs.20240709/rtofs_glo_3dz_f006_6hrly_hvr_US_east.nc
ARGO_GDAC,pfl,aoml/4903563/profiles/D4903563_048.nc|2024-07-14T05:40:37Z|19.49919|-81.20010,aoml/4903563/profiles/D4903563_048.nc,4903563,4903563,19.49919,-81.2001,2024-07-14T05:40:37Z,20240714,2024,510,1.0,1009.68,44.4258,True,True,True,https://noaa-nws-rtofs-pds.s3.amazonaws.com/rtofs.20240714/rtofs_glo_3dz_f006_6hrly_hvr_US_east.nc
ARGO_GDAC,pfl,aoml/4903563/profiles/D4903563_048.nc|2024-07-14T05:40:37Z|19.49919|-81.20010,aoml/4903563/profiles/D4903563_048.nc,4903563,4903563,19.49919,-81.2001,2024-07-14T05:40:37Z,20240714,2024,423,0.64,49.96,38.6267,True,True,True,https://noaa-nws-rtofs-pds.s3.amazonaws.com/rtofs.20240714/rtofs_glo_3dz_f006_6hrly_hvr_US_east.nc
ARGO_GDAC,pfl,aoml/4903563/profiles/D4903563_049.nc|2024-07-19T14:16:27Z|19.63429|-81.03663,aoml/4903563/profiles/D4903563_049.nc,4903563,4903563,19.63429,-81.03663,2024-07-19T14:16:27Z,20240719,2024,1010,1.0,2009.84,44.8801,True,True,True,https://noaa-nws-rtofs-pds.s3.amazonaws.com/rtofs.20240719/rtofs_glo_3dz_f006_6hrly_hvr_US_east.nc
ARGO_GDAC,pfl,aoml/4903563/profiles/D4903563_049.nc|2024-07-19T14:16:27Z|19.63429|-81.03663,aoml/4903563/profiles/D4903563_049.nc,4903563,4903563,19.63429,-81.03663,2024-07-19T14:16:27Z,20240719,2024,428,0.6,49.92,44.4967,True,True,True,https://noaa-nws-rtofs-pds.s3.amazonaws.com/rtofs.20240719/rtofs_glo_3dz_f006_6hrly_hvr_US_east.nc
ARGO_GDAC,pfl,aoml/4903563/profiles/D4903563_050.nc|2024-07-24T17:41:38Z|19.74255|-80.92256,aoml/4903563/profiles/D4903563_050.nc,4903563,4903563,19.74255,-80.92256,2024-07-24T17:41:38Z,20240724,2024,507,1.0,1003.36,29.8487,True,True,True,https://noaa-nws-rtofs-pds.s3.amazonaws.com/rtofs.20240724/rtofs_glo_3dz_f006_6hrly_hvr_US_east.nc
ARGO_GDAC,pfl,aoml/4903563/profiles/D4903563_050.nc|2024-07-24T17:41:38Z|19.74255|-80.92256,aoml/4903563/profiles/D4903563_050.nc,4903563,4903563,19.74255,-80.92256,2024-07-24T17:41:38Z,20240724,2024,416,0.6,49.88,30.0733,True,True,True,https://noaa-nws-rtofs-pds.s3.amazonaws.com/rtofs.20240724/rtofs_glo_3dz_f006_6hrly_hvr_US_east.nc
ARGO_GDAC,pfl,aoml/4903563/profiles/D4903563_051.nc|2024-07-30T02:10:26Z|19.86813|-80.83641,aoml/4903563/profiles/D4903563_051.nc,4903563,4903563,19.86813,-80.83641,2024-07-30T02:10:26Z,20240730,2024,1015,1.08,2019.64,42.9986,True,True,True,https://noaa-nws-rtofs-pds.s3.amazonaws.com/rtofs.20240730/rtofs_glo_3dz_f006_6hrly_hvr_US_east.nc
ARGO_GDAC,pfl,aoml/4903563/profiles/D4903563_051.nc|2024-07-30T02:10:26Z|19.86813|-80.83641,aoml/4903563/profiles/D4903563_051.nc,4903563,4903563,19.86813,-80.83641,2024-07-30T02:10:26Z,20240730,2024,459,0.76,49.96,43.0907,True,True,True,https://noaa-nws-rtofs-pds.s3.amazonaws.com/rtofs.20240730/rtofs_glo_3dz_f006_6hrly_hvr_US_east.nc
ARGO_GDAC,pfl,aoml/4903563/profiles/D4903563_052.nc|2024-08-04T05:36:10Z|20.00645|-80.76622,aoml/4903563/profiles/D4903563_052.nc,4903563,4903563,20.00645,-80.76622,2024-08-04T05:36:10Z,20240804,2024,509,1.0,1008.08,33.5057,True,True,True,https://noaa-nws-rtofs-pds.s3.amazonaws.com/rtofs.20240804/rtofs_glo_3dz_f006_6hrly_hvr_US_east.nc
ARGO_GDAC,pfl,aoml/4903563/profiles/D4903563_052.nc|2024-08-04T05:36:10Z|20.00645|-80.76622,aoml/4903563/profiles/D4903563_052.nc,4903563,4903563,20.00645,-80.76622,2024-08-04T05:36:10Z,20240804,2024,450,0.56,50.0,33.768,True,True,True,https://noaa-nws-rtofs-pds.s3.amazonaws.com/rtofs.20240804/rtofs_glo_3dz_f006_6hrly_hvr_US_east.nc
ARGO_GDAC,pfl,aoml/4903563/profiles/D4903563_053.nc|2024-08-09T14:08:04Z|20.13959|-80.65521,aoml/4903563/profiles/D4903563_053.nc,4903563,4903563,20.13959,-80.65521,2024-08-09T14:08:04Z,20240809,2024,1012,1.0,2013.84,41.1276,True,True,True,https://noaa-nws-rtofs-pds.s3.amazonaws.com/rtofs.20240809/rtofs_glo_3dz_f006_6hrly_hvr_US_east.nc
ARGO_GDAC,pfl,aoml/4903563/profiles/D4903563_053.nc|2024-08-09T14:08:04Z|20.13959|-80.65521,aoml/4903563/profiles/D4903563_053.nc,4903563,4903563,20.13959,-80.65521,2024-08-09T14:08:04Z,20240809,2024,372,0.52,49.96,41.7272,True,True,True,https://noaa-nws-rtofs-pds.s3.amazonaws.com/rtofs.20240809/rtofs_glo_3dz_f006_6hrly_hvr_US_east.nc
ARGO_GDAC,pfl,aoml/4903563/profiles/D4903563_054.nc|2024-08-14T17:32:41Z|20.26437|-80.58613,aoml/4903563/profiles/D4903563_054.nc,4903563,4903563,20.26437,-80.58613,2024-08-14T17:32:41Z,20240814,2024,511,1.08,1011.64,38.0223,True,True,True,https://noaa-nws-rtofs-pds.s3.amazonaws.com/rtofs.20240814/rtofs_glo_3dz_f006_6hrly_hvr_US_east.nc
ARGO_GDAC,pfl,aoml/4903563/profiles/D4903563_054.nc|2024-08-14T17:32:41Z|20.26437|-80.58613,aoml/4903563/profiles/D4903563_054.nc,4903563,4903563,20.26437,-80.58613,2024-08-14T17:32:41Z,20240814,2024,483,0.72,49.96,38.414,True,True,True,https://noaa-nws-rtofs-pds.s3.amazonaws.com/rtofs.20240814/rtofs_glo_3dz_f006_6hrly_hvr_US_east.nc
ARGO_GDAC,pfl,aoml/4903563/profiles/D4903563_055.nc|2024-08-20T02:12:55Z|20.39684|-80.61344,aoml/4903563/profiles/D4903563_055.nc,4903563,4903563,20.39684,-80.61344,2024-08-20T02:12:55Z,20240820,2024,1014,0.48,2015.16,24.8034,True,True,True,https://noaa-nws-rtofs-pds.s3.amazonaws.com/rtofs.20240820/rtofs_glo_3dz_f006_6hrly_hvr_US_east.nc
ARGO_GDAC,pfl,aoml/4903563/profiles/D4903563_055.nc|2024-08-20T02:12:55Z|20.39684|-80.61344,aoml/4903563/profiles/D4903563_055.nc,4903563,4903563,20.39684,-80.61344,2024-08-20T02:12:55Z,20240820,2024,412,0.48,49.92,25.44,True,True,True,https://noaa-nws-rtofs-pds.s3.amazonaws.com/rtofs.20240820/rtofs_glo_3dz_f006_6hrly_hvr_US_east.nc
ARGO_GDAC,pfl,aoml/4903563/profiles/D4903563_056.nc|2024-08-25T05:45:20Z|20.55227|-80.59750,aoml/4903563/profiles/D4903563_056.nc,4903563,4903563,20.55227,-80.5975,2024-08-25T05:45:20Z,20240825,2024,512,1.08,1013.64,42.4208,True,True,True,https://noaa-nws-rtofs-pds.s3.amazonaws.com/rtofs.20240825/rtofs_glo_3dz_f006_6hrly_hvr_US_east.nc
ARGO_GDAC,pfl,aoml/4903563/profiles/D4903563_056.nc|2024-08-25T05:45:20Z|20.55227|-80.59750,aoml/4903563/profiles/D4903563_056.nc,4903563,4903563,20.55227,-80.5975,2024-08-25T05:45:20Z,20240825,2024,445,0.68,49.88,42.5314,True,True,True,https://noaa-nws-rtofs-pds.s3.amazonaws.com/rtofs.20240825/rtofs_glo_3dz_f006_6hrly_hvr_US_east.nc
ARGO_GDAC,pfl,aoml/4903563/profiles/D4903563_057.nc|2024-08-30T14:19:54Z|20.61563|-80.62386,aoml/4903563/profiles/D4903563_057.nc,4903563,4903563,20.61563,-80.62386,2024-08-30T14:19:54Z,20240830,2024,1013,0.96,2015.64,39.3712,True,True,True,https://noaa-nws-rtofs-pds.s3.amazonaws.com/rtofs.20240830/rtofs_glo_3dz_f006_6hrly_hvr_US_east.nc
ARGO_GDAC,pfl,aoml/4903563/profiles/D4903563_057.nc|2024-08-30T14:19:54Z|20.61563|-80.62386,aoml/4903563/profiles/D4903563_057.nc,4903563,4903563,20.61563,-80.62386,2024-08-30T14:19:54Z,20240830,2024,391,0.52,49.96,39.7018,True,True,True,https://noaa-nws-rtofs-pds.s3.amazonaws.com/rtofs.20240830/rtofs_glo_3dz_f006_6hrly_hvr_US_east.nc
ARGO_GDAC,pfl,aoml/4903563/profiles/D4903563_058.nc|2024-09-04T17:49:43Z|20.62123|-80.62432,aoml/4903563/profiles/D4903563_058.nc,4903563,4903563,20.62123,-80.62432,2024-09-04T17:49:43Z,20240904,2024,510,1.08,1009.16,35.7165,True,True,True,https://noaa-nws-rtofs-pds.s3.amazonaws.com/rtofs.20240904/rtofs_glo_3dz_f006_6hrly_hvr_US_east.nc
ARGO_GDAC,pfl,aoml/4903563/profiles/D4903563_058.nc|2024-09-04T17:49:43Z|20.62123|-80.62432,aoml/4903563/profiles/D4903563_058.nc,4903563,4903563,20.62123,-80.62432,2024-09-04T17:49:43Z,20240904,2024,440,0.72,49.96,35.4373,True,True,True,https://noaa-nws-rtofs-pds.s3.amazonaws.com/rtofs.20240904/rtofs_glo_3dz_f006_6hrly_hvr_US_east.nc
ARGO_GDAC,pfl,aoml/4903563/profiles/D4903563_059.nc|2024-09-10T02:22:15Z|20.63845|-80.58145,aoml/4903563/profiles/D4903563_059.nc,4903563,4903563,20.63845,-80.58145,2024-09-10T02:22:15Z,20240910,2024,1014,0.44,2015.2,38.1452,True,True,True,https://noaa-nws-rtofs-pds.s3.amazonaws.com/rtofs.20240910/rtofs_glo_3dz_f006_6hrly_hvr_US_east.nc
ARGO_GDAC,pfl,aoml/4903563/profiles/D4903563_059.nc|2024-09-10T02:22:15Z|20.63845|-80.58145,aoml/4903563/profiles/D4903563_059.nc,4903563,4903563,20.63845,-80.58145,2024-09-10T02:22:15Z,20240910,2024,399,0.44,49.96,38.056,True,True,True,https://noaa-nws-rtofs-pds.s3.amazonaws.com/rtofs.20240910/rtofs_glo_3dz_f006_6hrly_hvr_US_east.nc
ARGO_GDAC,pfl,aoml/4903563/profiles/D4903563_060.nc|2024-09-15T05:48:56Z|20.65146|-80.47879,aoml/4903563/profiles/D4903563_060.nc,4903563,4903563,20.65146,-80.47879,2024-09-15T05:48:56Z,20240915,2024,510,1.04,1009.68,17.6858,True,True,True,https://noaa-nws-rtofs-pds.s3.amazonaws.com/rtofs.20240915/rtofs_glo_3dz_f006_6hrly_hvr_US_east.nc
ARGO_GDAC,pfl,aoml/4903563/profiles/D4903563_060.nc|2024-09-15T05:48:56Z|20.65146|-80.47879,aoml/4903563/profiles/D4903563_060.nc,4903563,4903563,20.65146,-80.47879,2024-09-15T05:48:56Z,20240915,2024,428,0.6,50.0,17.8889,True,True,True,https://noaa-nws-rtofs-pds.s3.amazonaws.com/rtofs.20240915/rtofs_glo_3dz_f006_6hrly_hvr_US_east.nc
ARGO_GDAC,pfl,aoml/4903563/profiles/D4903563_061.nc|2024-09-20T17:53:41Z|20.57324|-80.32570,aoml/4903563/profiles/D4903563_061.nc,4903563,4903563,20.57324,-80.3257,2024-09-20T17:53:41Z,20240920,2024,989,0.96,1967.88,35.5426,True,True,True,https://noaa-nws-rtofs-pds.s3.amazonaws.com/rtofs.20240920/rtofs_glo_3dz_f006_6hrly_hvr_US_east.nc
ARGO_GDAC,pfl,aoml/4903563/profiles/D4903563_061.nc|2024-09-20T17:53:41Z|20.57324|-80.32570,aoml/4903563/profiles/D4903563_061.nc,4903563,4903563,20.57324,-80.3257,2024-09-20T17:53:41Z,20240920,2024,382,0.56,49.92,35.5513,True,True,True,https://noaa-nws-rtofs-pds.s3.amazonaws.com/rtofs.20240920/rtofs_glo_3dz_f006_6hrly_hvr_US_east.nc
ARGO_GDAC,pfl,aoml/4903563/profiles/D4903563_062.nc|2024-09-25T21:20:27Z|20.45503|-80.18306,aoml/4903563/profiles/D4903563_062.nc,4903563,4903563,20.45503,-80.18306,2024-09-25T21:20:27Z,20240925,2024,510,1.0,1009.36,61.4412,True,True,True,https://noaa-nws-rtofs-pds.s3.amazonaws.com/rtofs.20240925/rtofs_glo_3dz_f006_6hrly_hvr_US_east.nc
ARGO_GDAC,pfl,aoml/4903563/profiles/D4903563_062.nc|2024-09-25T21:20:27Z|20.45503|-80.18306,aoml/4903563/profiles/D4903563_062.nc,4903563,4903563,20.45503,-80.18306,2024-09-25T21:20:27Z,20240925,2024,423,0.68,50.0,,False,False,True,https://noaa-nws-rtofs-pds.s3.amazonaws.com/rtofs.20240925/rtofs_glo_3dz_f006_6hrly_hvr_US_east.nc
ARGO_GDAC,pfl,aoml/4903563/profiles/D4903563_063.nc|2024-10-01T09:36:36Z|20.37430|-80.16009,aoml/4903563/profiles/D4903563_063.nc,4903563,4903563,20.3743,-80.16009,2024-10-01T09:36:36Z,20241001,2024,972,1.08,1933.48,67.9685,True,True,True,https://noaa-nws-rtofs-pds.s3.amazonaws.com/rtofs.20241001/rtofs_glo_3dz_f006_6hrly_hvr_US_east.nc
ARGO_GDAC,pfl,aoml/4903563/profiles/D4903563_063.nc|2024-10-01T09:36:36Z|20.37430|-80.16009,aoml/4903563/profiles/D4903563_063.nc,4903563,4903563,20.3743,-80.16009,2024-10-01T09:36:36Z,20241001,2024,445,0.72,49.92,,False,False,True,https://noaa-nws-rtofs-pds.s3.amazonaws.com/rtofs.20241001/rtofs_glo_3dz_f006_6hrly_hvr_US_east.nc
ARGO_GDAC,pfl,aoml/4903563/profiles/D4903563_064.nc|2024-10-06T13:04:51Z|20.28076|-80.18906,aoml/4903563/profiles/D4903563_064.nc,4903563,4903563,20.28076,-80.18906,2024-10-06T13:04:51Z,20241006,2024,508,1.0,1005.44,64.8709,True,True,True,https://noaa-nws-rtofs-pds.s3.amazonaws.com/rtofs.20241006/rtofs_glo_3dz_f006_6hrly_hvr_US_east.nc
ARGO_GDAC,pfl,aoml/4903563/profiles/D4903563_064.nc|2024-10-06T13:04:51Z|20.28076|-80.18906,aoml/4903563/profiles/D4903563_064.nc,4903563,4903563,20.28076,-80.18906,2024-10-06T13:04:51Z,20241006,2024,410,0.64,50.0,,False,False,True,https://noaa-nws-rtofs-pds.s3.amazonaws.com/rtofs.20241006/rtofs_glo_3dz_f006_6hrly_hvr_US_east.nc
ARGO_GDAC,pfl,aoml/4903563/profiles/D4903563_065.nc|2024-10-11T21:47:12Z|20.16881|-80.16738,aoml/4903563/profiles/D4903563_065.nc,4903563,4903563,20.16881,-80.16738,2024-10-11T21:47:12Z,20241011,2024,1014,1.12,2017.36,71.7002,True,True,True,https://noaa-nws-rtofs-pds.s3.amazonaws.com/rtofs.20241011/rtofs_glo_3dz_f006_6hrly_hvr_US_east.nc
ARGO_GDAC,pfl,aoml/4903563/profiles/D4903563_065.nc|2024-10-11T21:47:12Z|20.16881|-80.16738,aoml/4903563/profiles/D4903563_065.nc,4903563,4903563,20.16881,-80.16738,2024-10-11T21:47:12Z,20241011,2024,461,0.72,49.96,,False,False,True,https://noaa-nws-rtofs-pds.s3.amazonaws.com/rtofs.20241011/rtofs_glo_3dz_f006_6hrly_hvr_US_east.nc
ARGO_GDAC,pfl,aoml/4903563/profiles/D4903563_066.nc|2024-10-17T01:14:18Z|20.09646|-80.09982,aoml/4903563/profiles/D4903563_066.nc,4903563,4903563,20.09646,-80.09982,2024-10-17T01:14:18Z,20241017,2024,506,1.24,1001.72,57.336,True,True,True,https://noaa-nws-rtofs-pds.s3.amazonaws.com/rtofs.20241017/rtofs_glo_3dz_f006_6hrly_hvr_US_east.nc
ARGO_GDAC,pfl,aoml/4903563/profiles/D4903563_066.nc|2024-10-17T01:14:18Z|20.09646|-80.09982,aoml/4903563/profiles/D4903563_066.nc,4903563,4903563,20.09646,-80.09982,2024-10-17T01:14:18Z,20241017,2024,421,1.08,49.84,,False,False,True,https://noaa-nws-rtofs-pds.s3.amazonaws.com/rtofs.20241017/rtofs_glo_3dz_f006_6hrly_hvr_US_east.nc
ARGO_GDAC,pfl,aoml/4903563/profiles/D4903563_067.nc|2024-10-22T09:51:11Z|20.06865|-80.01891,aoml/4903563/profiles/D4903563_067.nc,4903563,4903563,20.06865,-80.01891,2024-10-22T09:51:11Z,20241022,2024,1012,0.92,2014.12,53.9596,True,True,True,https://noaa-nws-rtofs-pds.s3.amazonaws.com/rtofs.20241022/rtofs_glo_3dz_f006_6hrly_hvr_US_east.nc
ARGO_GDAC,pfl,aoml/4903563/profiles/D4903563_067.nc|2024-10-22T09:51:11Z|20.06865|-80.01891,aoml/4903563/profiles/D4903563_067.nc,4903563,4903563,20.06865,-80.01891,2024-10-22T09:51:11Z,20241022,2024,467,0.52,49.96,,False,False,True,https://noaa-nws-rtofs-pds.s3.amazonaws.com/rtofs.20241022/rtofs_glo_3dz_f006_6hrly_hvr_US_east.nc
ARGO_GDAC,pfl,aoml/4903563/profiles/D4903563_068.nc|2024-10-27T13:18:32Z|20.01667|-80.00028,aoml/4903563/profiles/D4903563_068.nc,4903563,4903563,20.01667,-80.00028,2024-10-27T13:18:32Z,20241027,2024,509,1.12,1007.48,41.2228,True,True,True,https://noaa-nws-rtofs-pds.s3.amazonaws.com/rtofs.20241027/rtofs_glo_3dz_f006_6hrly_hvr_US_east.nc
ARGO_GDAC,pfl,aoml/4903563/profiles/D4903563_068.nc|2024-10-27T13:18:32Z|20.01667|-80.00028,aoml/4903563/profiles/D4903563_068.nc,4903563,4903563,20.01667,-80.00028,2024-10-27T13:18:32Z,20241027,2024,468,0.68,50.0,41.4844,True,True,True,https://noaa-nws-rtofs-pds.s3.amazonaws.com/rtofs.20241027/rtofs_glo_3dz_f006_6hrly_hvr_US_east.nc
ARGO_GDAC,pfl,aoml/4903563/profiles/D4903563_069.nc|2024-11-01T21:57:17Z|19.95712|-80.03291,aoml/4903563/profiles/D4903563_069.nc,4903563,4903563,19.95712,-80.03291,2024-11-01T21:57:17Z,20241101,2024,1012,1.08,2013.68,60.0969,True,True,True,https://noaa-nws-rtofs-pds.s3.amazonaws.com/rtofs.20241101/rtofs_glo_3dz_f006_6hrly_hvr_US_east.nc
ARGO_GDAC,pfl,aoml/4903563/profiles/D4903563_069.nc|2024-11-01T21:57:17Z|19.95712|-80.03291,aoml/4903563/profiles/D4903563_069.nc,4903563,4903563,19.95712,-80.03291,2024-11-01T21:57:17Z,20241101,2024,407,0.8,49.96,,False,False,True,https://noaa-nws-rtofs-pds.s3.amazonaws.com/rtofs.20241101/rtofs_glo_3dz_f006_6hrly_hvr_US_east.nc
ARGO_GDAC,pfl,aoml/4903563/profiles/D4903563_070.nc|2024-11-07T01:31:07Z|19.94202|-80.11005,aoml/4903563/profiles/D4903563_070.nc,4903563,4903563,19.94202,-80.11005,2024-11-07T01:31:07Z,20241107,2024,511,0.96,1011.12,80.8393,True,True,True,https://noaa-nws-rtofs-pds.s3.amazonaws.com/rtofs.20241107/rtofs_glo_3dz_f006_6hrly_hvr_US_east.nc
ARGO_GDAC,pfl,aoml/4903563/profiles/D4903563_070.nc|2024-11-07T01:31:07Z|19.94202|-80.11005,aoml/4903563/profiles/D4903563_070.nc,4903563,4903563,19.94202,-80.11005,2024-11-07T01:31:07Z,20241107,2024,370,0.56,49.92,,False,False,True,https://noaa-nws-rtofs-pds.s3.amazonaws.com/rtofs.20241107/rtofs_glo_3dz_f006_6hrly_hvr_US_east.nc
ARGO_GDAC,pfl,aoml/4903563/profiles/D4903563_071.nc|2024-11-12T10:10:16Z|19.96345|-80.21594,aoml/4903563/profiles/D4903563_071.nc,4903563,4903563,19.96345,-80.21594,2024-11-12T10:10:16Z,20241112,2024,1012,1.0,2013.72,71.6728,True,True,True,https://noaa-nws-rtofs-pds.s3.amazonaws.com/rtofs.20241112/rtofs_glo_3dz_f006_6hrly_hvr_US_east.nc
ARGO_GDAC,pfl,aoml/4903563/profiles/D4903563_071.nc|2024-11-12T10:10:16Z|19.96345|-80.21594,aoml/4903563/profiles/D4903563_071.nc,4903563,4903563,19.96345,-80.21594,2024-11-12T10:10:16Z,20241112,2024,409,0.6,49.84,,False,False,True,https://noaa-nws-rtofs-pds.s3.amazonaws.com/rtofs.20241112/rtofs_glo_3dz_f006_6hrly_hvr_US_east.nc
ARGO_GDAC,pfl,aoml/4903563/profiles/D4903563_072.nc|2024-11-17T13:36:16Z|19.97060|-80.33433,aoml/4903563/profiles/D4903563_072.nc,4903563,4903563,19.9706,-80.33433,2024-11-17T13:36:16Z,20241117,2024,509,0.96,1007.44,67.3671,True,True,True,https://noaa-nws-rtofs-pds.s3.amazonaws.com/rtofs.20241117/rtofs_glo_3dz_f006_6hrly_hvr_US_east.nc
ARGO_GDAC,pfl,aoml/4903563/profiles/D4903563_072.nc|2024-11-17T13:36:16Z|19.97060|-80.33433,aoml/4903563/profiles/D4903563_072.nc,4903563,4903563,19.9706,-80.33433,2024-11-17T13:36:16Z,20241117,2024,335,0.56,49.96,,False,False,True,https://noaa-nws-rtofs-pds.s3.amazonaws.com/rtofs.20241117/rtofs_glo_3dz_f006_6hrly_hvr_US_east.nc
ARGO_GDAC,pfl,aoml/4903563/profiles/D4903563_073.nc|2024-11-22T21:55:36Z|19.95441|-80.38700,aoml/4903563/profiles/D4903563_073.nc,4903563,4903563,19.95441,-80.387,2024-11-22T21:55:36Z,20241122,2024,1008,1.16,2006.0,79.361,True,True,True,https://noaa-nws-rtofs-pds.s3.amazonaws.com/rtofs.20241122/rtofs_glo_3dz_f006_6hrly_hvr_US_east.nc
ARGO_GDAC,pfl,aoml/4903563/profiles/D4903563_073.nc|2024-11-22T21:55:36Z|19.95441|-80.38700,aoml/4903563/profiles/D4903563_073.nc,4903563,4903563,19.95441,-80.387,2024-11-22T21:55:36Z,20241122,2024,376,0.8,49.92,,False,False,True,https://noaa-nws-rtofs-pds.s3.amazonaws.com/rtofs.20241122/rtofs_glo_3dz_f006_6hrly_hvr_US_east.nc
ARGO_GDAC,pfl,aoml/4903563/profiles/D4903563_074.nc|2024-11-28T01:21:53Z|19.96366|-80.42193,aoml/4903563/profiles/D4903563_074.nc,4903563,4903563,19.96366,-80.42193,2024-11-28T01:21:53Z,20241128,2024,510,1.04,1009.88,61.2963,True,True,True,https://noaa-nws-rtofs-pds.s3.amazonaws.com/rtofs.20241128/rtofs_glo_3dz_f006_6hrly_hvr_US_east.nc
ARGO_GDAC,pfl,aoml/4903563/profiles/D4903563_074.nc|2024-11-28T01:21:53Z|19.96366|-80.42193,aoml/4903563/profiles/D4903563_074.nc,4903563,4903563,19.96366,-80.42193,2024-11-28T01:21:53Z,20241128,2024,385,0.68,49.96,,False,False,True,https://noaa-nws-rtofs-pds.s3.amazonaws.com/rtofs.20241128/rtofs_glo_3dz_f006_6hrly_hvr_US_east.nc
ARGO_GDAC,pfl,aoml/4903563/profiles/D4903563_075.nc|2024-12-03T09:55:24Z|19.97978|-80.45614,aoml/4903563/profiles/D4903563_075.nc,4903563,4903563,19.97978,-80.45614,2024-12-03T09:55:24Z,20241203,2024,1013,1.04,2015.88,47.6194,True,True,True,https://noaa-nws-rtofs-pds.s3.amazonaws.com/rtofs.20241203/rtofs_glo_3dz_f006_6hrly_hvr_US_east.nc
ARGO_GDAC,pfl,aoml/4903563/profiles/D4903563_075.nc|2024-12-03T09:55:24Z|19.97978|-80.45614,aoml/4903563/profiles/D4903563_075.nc,4903563,4903563,19.97978,-80.45614,2024-12-03T09:55:24Z,20241203,2024,418,0.56,49.92,47.264,True,True,True,https://noaa-nws-rtofs-pds.s3.amazonaws.com/rtofs.20241203/rtofs_glo_3dz_f006_6hrly_hvr_US_east.nc
ARGO_GDAC,pfl,aoml/4903563/profiles/D4903563_076.nc|2024-12-08T13:26:53Z|19.98698|-80.52309,aoml/4903563/profiles/D4903563_076.nc,4903563,4903563,19.98698,-80.52309,2024-12-08T13:26:53Z,20241208,2024,513,1.08,1015.92,83.1074,True,True,True,https://noaa-nws-rtofs-pds.s3.amazonaws.com/rtofs.20241208/rtofs_glo_3dz_f006_6hrly_hvr_US_east.nc
ARGO_GDAC,pfl,aoml/4903563/profiles/D4903563_076.nc|2024-12-08T13:26:53Z|19.98698|-80.52309,aoml/4903563/profiles/D4903563_076.nc,4903563,4903563,19.98698,-80.52309,2024-12-08T13:26:53Z,20241208,2024,368,0.72,49.92,,False,False,True,https://noaa-nws-rtofs-pds.s3.amazonaws.com/rtofs.20241208/rtofs_glo_3dz_f006_6hrly_hvr_US_east.nc
ARGO_GDAC,pfl,aoml/4903563/profiles/D4903563_077.nc|2024-12-18T20:08:52Z|20.09159|-80.58331,aoml/4903563/profiles/D4903563_077.nc,4903563,4903563,20.09159,-80.58331,2024-12-18T20:08:52Z,20241218,2024,1012,1.08,2013.68,84.8956,True,True,True,https://noaa-nws-rtofs-pds.s3.amazonaws.com/rtofs.20241218/rtofs_glo_3dz_f006_6hrly_hvr_US_east.nc
ARGO_GDAC,pfl,aoml/4903563/profiles/D4903563_077.nc|2024-12-18T20:08:52Z|20.09159|-80.58331,aoml/4903563/profiles/D4903563_077.nc,4903563,4903563,20.09159,-80.58331,2024-12-18T20:08:52Z,20241218,2024,419,0.6,49.92,,False,False,True,https://noaa-nws-rtofs-pds.s3.amazonaws.com/rtofs.20241218/rtofs_glo_3dz_f006_6hrly_hvr_US_east.nc
ARGO_GDAC,pfl,aoml/4903563/profiles/D4903563_078.nc|2024-12-29T02:46:22Z|20.21029|-80.54851,aoml/4903563/profiles/D4903563_078.nc,4903563,4903563,20.21029,-80.54851,2024-12-29T02:46:22Z,20241229,2024,1013,0.96,2015.12,90.8919,True,True,True,https://noaa-nws-rtofs-pds.s3.amazonaws.com/rtofs.20241229/rtofs_glo_3dz_f006_6hrly_hvr_US_east.nc
ARGO_GDAC,pfl,aoml/4903563/profiles/D4903563_078.nc|2024-12-29T02:46:22Z|20.21029|-80.54851,aoml/4903563/profiles/D4903563_078.nc,4903563,4903563,20.21029,-80.54851,2024-12-29T02:46:22Z,20241229,2024,398,0.52,49.96,,False,False,True,https://noaa-nws-rtofs-pds.s3.amazonaws.com/rtofs.20241229/rtofs_glo_3dz_f006_6hrly_hvr_US_east.nc
ARGO_GDAC,pfl,aoml/4903563/profiles/D4903563_079.nc|2025-01-08T09:25:00Z|20.19171|-80.50001,aoml/4903563/profiles/D4903563_079.nc,4903563,4903563,20.19171,-80.50001,2025-01-08T09:25:00Z,20250108,2025,1008,1.08,2005.56,87.3823,True,True,True,https://noaa-nws-rtofs-pds.s3.amazonaws.com/rtofs.20250108/rtofs_glo_3dz_f006_6hrly_hvr_US_east.nc
ARGO_GDAC,pfl,aoml/4903563/profiles/D4903563_079.nc|2025-01-08T09:25:00Z|20.19171|-80.50001,aoml/4903563/profiles/D4903563_079.nc,4903563,4903563,20.19171,-80.50001,2025-01-08T09:25:00Z,20250108,2025,427,0.72,49.88,,False,False,True,https://noaa-nws-rtofs-pds.s3.amazonaws.com/rtofs.20250108/rtofs_glo_3dz_f006_6hrly_hvr_US_east.nc
ARGO_GDAC,pfl,aoml/4903563/profiles/D4903563_080.nc|2025-01-18T15:51:44Z|20.04543|-80.47584,aoml/4903563/profiles/D4903563_080.nc,4903563,4903563,20.04543,-80.47584,2025-01-18T15:51:44Z,20250118,2025,1008,1.0,2005.64,54.2271,True,True,True,https://noaa-nws-rtofs-pds.s3.amazonaws.com/rtofs.20250118/rtofs_glo_3dz_f006_6hrly_hvr_US_east.nc
ARGO_GDAC,pfl,aoml/4903563/profiles/D4903563_080.nc|2025-01-18T15:51:44Z|20.04543|-80.47584,aoml/4903563/profiles/D4903563_080.nc,4903563,4903563,20.04543,-80.47584,2025-01-18T15:51:44Z,20250118,2025,349,0.52,49.96,48.8134,True,True,True,https://noaa-nws-rtofs-pds.s3.amazonaws.com/rtofs.20250118/rtofs_glo_3dz_f006_6hrly_hvr_US_east.nc
ARGO_GDAC,pfl,aoml/4903563/profiles/D4903563_081.nc|2025-01-28T22:25:06Z|19.84092|-80.51118,aoml/4903563/profiles/D4903563_081.nc,4903563,4903563,19.84092,-80.51118,2025-01-28T22:25:06Z,20250128,2025,1013,1.2,2015.44,72.3855,True,True,True,https://noaa-nws-rtofs-pds.s3.amazonaws.com/rtofs.20250128/rtofs_glo_3dz_f006_6hrly_hvr_US_east.nc
ARGO_GDAC,pfl,aoml/4903563/profiles/D4903563_081.nc|2025-01-28T22:25:06Z|19.84092|-80.51118,aoml/4903563/profiles/D4903563_081.nc,4903563,4903563,19.84092,-80.51118,2025-01-28T22:25:06Z,20250128,2025,388,0.92,49.92,,False,False,True,https://noaa-nws-rtofs-pds.s3.amazonaws.com/rtofs.20250128/rtofs_glo_3dz_f006_6hrly_hvr_US_east.nc
ARGO_GDAC,pfl,aoml/4903563/profiles/D4903563_082.nc|2025-02-08T08:18:51Z|19.48031|-80.69369,aoml/4903563/profiles/D4903563_082.nc,4903563,4903563,19.48031,-80.69369,2025-02-08T08:18:51Z,20250208,2025,860,1.0,1709.28,68.439,True,True,True,https://noaa-nws-rtofs-pds.s3.amazonaws.com/rtofs.20250208/rtofs_glo_3dz_f006_6hrly_hvr_US_east.nc
ARGO_GDAC,pfl,aoml/4903563/profiles/D4903563_082.nc|2025-02-08T08:18:51Z|19.48031|-80.69369,aoml/4903563/profiles/D4903563_082.nc,4903563,4903563,19.48031,-80.69369,2025-02-08T08:18:51Z,20250208,2025,348,0.64,49.96,,False,False,True,https://noaa-nws-rtofs-pds.s3.amazonaws.com/rtofs.20250208/rtofs_glo_3dz_f006_6hrly_hvr_US_east.nc
ARGO_GDAC,pfl,aoml/4903563/profiles/D4903563_083.nc|2025-02-18T14:51:58Z|19.10448|-80.83863,aoml/4903563/profiles/D4903563_083.nc,4903563,4903563,19.10448,-80.83863,2025-02-18T14:51:58Z,20250218,2025,1011,1.0,2012.08,53.0037,True,True,True,https://noaa-nws-rtofs-pds.s3.amazonaws.com/rtofs.20250218/rtofs_glo_3dz_f006_6hrly_hvr_US_east.nc
ARGO_GDAC,pfl,aoml/4903563/profiles/D4903563_083.nc|2025-02-18T14:51:58Z|19.10448|-80.83863,aoml/4903563/profiles/D4903563_083.nc,4903563,4903563,19.10448,-80.83863,2025-02-18T14:51:58Z,20250218,2025,381,0.64,49.96,,False,False,True,https://noaa-nws-rtofs-pds.s3.amazonaws.com/rtofs.20250218/rtofs_glo_3dz_f006_6hrly_hvr_US_east.nc
ARGO_GDAC,pfl,aoml/4903563/profiles/D4903563_084.nc|2025-02-28T21:32:31Z|18.78201|-81.00051,aoml/4903563/profiles/D4903563_084.nc,4903563,4903563,18.78201,-81.00051,2025-02-28T21:32:31Z,20250228,2025,1010,1.08,2009.16,38.1528,True,True,True,https://noaa-nws-rtofs-pds.s3.amazonaws.com/rtofs.20250228/rtofs_glo_3dz_f006_6hrly_hvr_US_east.nc
ARGO_GDAC,pfl,aoml/4903563/profiles/D4903563_084.nc|2025-02-28T21:32:31Z|18.78201|-81.00051,aoml/4903563/profiles/D4903563_084.nc,4903563,4903563,18.78201,-81.00051,2025-02-28T21:32:31Z,20250228,2025,389,0.8,49.92,38.36,True,True,True,https://noaa-nws-rtofs-pds.s3.amazonaws.com/rtofs.20250228/rtofs_glo_3dz_f006_6hrly_hvr_US_east.nc
ARGO_GDAC,pfl,aoml/4903563/profiles/D4903563_085.nc|2025-03-11T04:04:07Z|18.59859|-81.41552,aoml/4903563/profiles/D4903563_085.nc,4903563,4903563,18.59859,-81.41552,2025-03-11T04:04:07Z,20250311,2025,1013,1.04,2015.64,39.199,True,True,True,https://noaa-nws-rtofs-pds.s3.amazonaws.com/rtofs.20250311/rtofs_glo_3dz_f006_6hrly_hvr_US_east.nc
ARGO_GDAC,pfl,aoml/4903563/profiles/D4903563_085.nc|2025-03-11T04:04:07Z|18.59859|-81.41552,aoml/4903563/profiles/D4903563_085.nc,4903563,4903563,18.59859,-81.41552,2025-03-11T04:04:07Z,20250311,2025,397,0.6,49.88,39.44,True,True,True,https://noaa-nws-rtofs-pds.s3.amazonaws.com/rtofs.20250311/rtofs_glo_3dz_f006_6hrly_hvr_US_east.nc
ARGO_GDAC,pfl,aoml/4903563/profiles/D4903563_086.nc|2025-03-21T10:38:42Z|18.36873|-81.16029,aoml/4903563/profiles/D4903563_086.nc,4903563,4903563,18.36873,-81.16029,2025-03-21T10:38:42Z,20250321,2025,1008,1.04,2005.68,53.9918,True,True,True,https://noaa-nws-rtofs-pds.s3.amazonaws.com/rtofs.20250321/rtofs_glo_3dz_f006_6hrly_hvr_US_east.nc
ARGO_GDAC,pfl,aoml/4903563/profiles/D4903563_086.nc|2025-03-21T10:38:42Z|18.36873|-81.16029,aoml/4903563/profiles/D4903563_086.nc,4903563,4903563,18.36873,-81.16029,2025-03-21T10:38:42Z,20250321,2025,370,0.6,49.88,,False,False,True,https://noaa-nws-rtofs-pds.s3.amazonaws.com/rtofs.20250321/rtofs_glo_3dz_f006_6hrly_hvr_US_east.nc
ARGO_GDAC,pfl,aoml/4903563/profiles/D4903563_087.nc|2025-03-31T17:17:58Z|18.79538|-81.18305,aoml/4903563/profiles/D4903563_087.nc,4903563,4903563,18.79538,-81.18305,2025-03-31T17:17:58Z,20250331,2025,1013,0.96,2015.68,46.7457,True,True,True,https://noaa-nws-rtofs-pds.s3.amazonaws.com/rtofs.20250331/rtofs_glo_3dz_f006_6hrly_hvr_US_east.nc
ARGO_GDAC,pfl,aoml/4903563/profiles/D4903563_087.nc|2025-03-31T17:17:58Z|18.79538|-81.18305,aoml/4903563/profiles/D4903563_087.nc,4903563,4903563,18.79538,-81.18305,2025-03-31T17:17:58Z,20250331,2025,391,0.56,49.96,46.2107,True,True,True,https://noaa-nws-rtofs-pds.s3.amazonaws.com/rtofs.20250331/rtofs_glo_3dz_f006_6hrly_hvr_US_east.nc
ARGO_GDAC,pfl,aoml/4903563/profiles/D4903563_088.nc|2025-04-11T00:03:50Z|18.87647|-81.62288,aoml/4903563/profiles/D4903563_088.nc,4903563,4903563,18.87647,-81.62288,2025-04-11T00:03:50Z,20250411,2025,1012,1.04,2013.96,62.4909,True,True,True,https://noaa-nws-rtofs-pds.s3.amazonaws.com/rtofs.20250411/rtofs_glo_3dz_f006_6hrly_hvr_US_east.nc
ARGO_GDAC,pfl,aoml/4903563/profiles/D4903563_088.nc|2025-04-11T00:03:50Z|18.87647|-81.62288,aoml/4903563/profiles/D4903563_088.nc,4903563,4903563,18.87647,-81.62288,2025-04-11T00:03:50Z,20250411,2025,383,0.56,49.96,,False,False,True,https://noaa-nws-rtofs-pds.s3.amazonaws.com/rtofs.20250411/rtofs_glo_3dz_f006_6hrly_hvr_US_east.nc
ARGO_GDAC,pfl,aoml/4903563/profiles/D4903563_089.nc|2025-04-21T06:52:41Z|18.74337|-81.92769,aoml/4903563/profiles/D4903563_089.nc,4903563,4903563,18.74337,-81.92769,2025-04-21T06:52:41Z,20250421,2025,1011,1.0,2011.92,116.4427,True,False,True,https://noaa-nws-rtofs-pds.s3.amazonaws.com/rtofs.20250421/rtofs_glo_3dz_f006_6hrly_hvr_US_east.nc
ARGO_GDAC,pfl,aoml/4903563/profiles/D4903563_089.nc|2025-04-21T06:52:41Z|18.74337|-81.92769,aoml/4903563/profiles/D4903563_089.nc,4903563,4903563,18.74337,-81.92769,2025-04-21T06:52:41Z,20250421,2025,402,0.6,49.92,,False,False,True,https://noaa-nws-rtofs-pds.s3.amazonaws.com/rtofs.20250421/rtofs_glo_3dz_f006_6hrly_hvr_US_east.nc
ARGO_GDAC,pfl,aoml/4903563/profiles/D4903563_090.nc|2025-05-01T13:28:32Z|18.71440|-81.84819,aoml/4903563/profiles/D4903563_090.nc,4903563,4903563,18.7144,-81.84819,2025-05-01T13:28:32Z,20250501,2025,1014,1.04,2017.16,80.9524,True,True,True,https://noaa-nws-rtofs-pds.s3.amazonaws.com/rtofs.20250501/rtofs_glo_3dz_f006_6hrly_hvr_US_east.nc
ARGO_GDAC,pfl,aoml/4903563/profiles/D4903563_090.nc|2025-05-01T13:28:32Z|18.71440|-81.84819,aoml/4903563/profiles/D4903563_090.nc,4903563,4903563,18.7144,-81.84819,2025-05-01T13:28:32Z,20250501,2025,386,0.6,49.92,,False,False,True,https://noaa-nws-rtofs-pds.s3.amazonaws.com/rtofs.20250501/rtofs_glo_3dz_f006_6hrly_hvr_US_east.nc
ARGO_GDAC,pfl,aoml/4903563/profiles/D4903563_091.nc|2025-05-11T20:03:32Z|18.74989|-81.62533,aoml/4903563/profiles/D4903563_091.nc,4903563,4903563,18.74989,-81.62533,2025-05-11T20:03:32Z,20250511,2025,1013,1.0,2015.24,40.5714,True,True,True,https://noaa-nws-rtofs-pds.s3.amazonaws.com/rtofs.20250511/rtofs_glo_3dz_f006_6hrly_hvr_US_east.nc
ARGO_GDAC,pfl,aoml/4903563/profiles/D4903563_091.nc|2025-05-11T20:03:32Z|18.74989|-81.62533,aoml/4903563/profiles/D4903563_091.nc,4903563,4903563,18.74989,-81.62533,2025-05-11T20:03:32Z,20250511,2025,404,0.6,49.96,41.0724,True,True,True,https://noaa-nws-rtofs-pds.s3.amazonaws.com/rtofs.20250511/rtofs_glo_3dz_f006_6hrly_hvr_US_east.nc
ARGO_GDAC,pfl,aoml/4903563/profiles/D4903563_092.nc|2025-05-22T02:49:05Z|18.80907|-81.10789,aoml/4903563/profiles/D4903563_092.nc,4903563,4903563,18.80907,-81.10789,2025-05-22T02:49:05Z,20250522,2025,1011,0.96,2011.16,18.2082,True,True,True,https://noaa-nws-rtofs-pds.s3.amazonaws.com/rtofs.20250522/rtofs_glo_3dz_f006_6hrly_hvr_US_east.nc
ARGO_GDAC,pfl,aoml/4903563/profiles/D4903563_092.nc|2025-05-22T02:49:05Z|18.80907|-81.10789,aoml/4903563/profiles/D4903563_092.nc,4903563,4903563,18.80907,-81.10789,2025-05-22T02:49:05Z,20250522,2025,417,0.52,49.96,18.26,True,True,True,https://noaa-nws-rtofs-pds.s3.amazonaws.com/rtofs.20250522/rtofs_glo_3dz_f006_6hrly_hvr_US_east.nc
ARGO_GDAC,pfl,aoml/4903563/profiles/D4903563_093.nc|2025-06-01T09:43:44Z|18.88192|-80.73487,aoml/4903563/profiles/D4903563_093.nc,4903563,4903563,18.88192,-80.73487,2025-06-01T09:43:44Z,20250601,2025,1010,1.08,2009.88,33.6691,True,True,True,https://noaa-nws-rtofs-pds.s3.amazonaws.com/rtofs.20250601/rtofs_glo_3dz_f006_6hrly_hvr_US_east.nc
ARGO_GDAC,pfl,aoml/4903563/profiles/D4903563_093.nc|2025-06-01T09:43:44Z|18.88192|-80.73487,aoml/4903563/profiles/D4903563_093.nc,4903563,4903563,18.88192,-80.73487,2025-06-01T09:43:44Z,20250601,2025,435,0.72,49.96,33.6,True,True,True,https://noaa-nws-rtofs-pds.s3.amazonaws.com/rtofs.20250601/rtofs_glo_3dz_f006_6hrly_hvr_US_east.nc
ARGO_GDAC,pfl,aoml/4903563/profiles/D4903563_094.nc|2025-06-11T16:22:27Z|18.98358|-80.59113,aoml/4903563/profiles/D4903563_094.nc,4903563,4903563,18.98358,-80.59113,2025-06-11T16:22:27Z,20250611,2025,1009,1.0,2007.56,38.4535,True,True,True,https://noaa-nws-rtofs-pds.s3.amazonaws.com/rtofs.20250611/rtofs_glo_3dz_f006_6hrly_hvr_US_east.nc
ARGO_GDAC,pfl,aoml/4903563/profiles/D4903563_094.nc|2025-06-11T16:22:27Z|18.98358|-80.59113,aoml/4903563/profiles/D4903563_094.nc,4903563,4903563,18.98358,-80.59113,2025-06-11T16:22:27Z,20250611,2025,377,0.56,49.96,38.8432,True,True,True,https://noaa-nws-rtofs-pds.s3.amazonaws.com/rtofs.20250611/rtofs_glo_3dz_f006_6hrly_hvr_US_east.nc
ARGO_GDAC,pfl,aoml/4903563/profiles/D4903563_095.nc|2025-06-21T22:59:42Z|18.97386|-80.71039,aoml/4903563/profiles/D4903563_095.nc,4903563,4903563,18.97386,-80.71039,2025-06-21T22:59:42Z,20250621,2025,1013,1.04,2015.28,19.7977,True,True,True,https://noaa-nws-rtofs-pds.s3.amazonaws.com/rtofs.20250621/rtofs_glo_3dz_f006_6hrly_hvr_US_east.nc
ARGO_GDAC,pfl,aoml/4903563/profiles/D4903563_095.nc|2025-06-21T22:59:42Z|18.97386|-80.71039,aoml/4903563/profiles/D4903563_095.nc,4903563,4903563,18.97386,-80.71039,2025-06-21T22:59:42Z,20250621,2025,411,0.64,49.92,19.9818,True,True,True,https://noaa-nws-rtofs-pds.s3.amazonaws.com/rtofs.20250621/rtofs_glo_3dz_f006_6hrly_hvr_US_east.nc
ARGO_GDAC,pfl,aoml/4903563/profiles/D4903563_096.nc|2025-07-02T05:37:40Z|18.96238|-80.76709,aoml/4903563/profiles/D4903563_096.nc,4903563,4903563,18.96238,-80.76709,2025-07-02T05:37:40Z,20250702,2025,1012,1.04,2013.52,37.5332,True,True,True,https://noaa-nws-rtofs-pds.s3.amazonaws.com/rtofs.20250702/rtofs_glo_3dz_f006_6hrly_hvr_US_east.nc
ARGO_GDAC,pfl,aoml/4903563/profiles/D4903563_096.nc|2025-07-02T05:37:40Z|18.96238|-80.76709,aoml/4903563/profiles/D4903563_096.nc,4903563,4903563,18.96238,-80.76709,2025-07-02T05:37:40Z,20250702,2025,428,0.68,49.96,37.6,True,True,True,https://noaa-nws-rtofs-pds.s3.amazonaws.com/rtofs.20250702/rtofs_glo_3dz_f006_6hrly_hvr_US_east.nc
ARGO_GDAC,pfl,aoml/4903563/profiles/D4903563_097.nc|2025-07-12T12:13:47Z|18.89446|-80.74393,aoml/4903563/profiles/D4903563_097.nc,4903563,4903563,18.89446,-80.74393,2025-07-12T12:13:47Z,20250712,2025,1012,1.12,2014.08,47.0713,True,True,True,https://noaa-nws-rtofs-pds.s3.amazonaws.com/rtofs.20250712/rtofs_glo_3dz_f006_6hrly_hvr_US_east.nc
ARGO_GDAC,pfl,aoml/4903563/profiles/D4903563_097.nc|2025-07-12T12:13:47Z|18.89446|-80.74393,aoml/4903563/profiles/D4903563_097.nc,4903563,4903563,18.89446,-80.74393,2025-07-12T12:13:47Z,20250712,2025,425,0.8,49.96,46.65,True,True,True,https://noaa-nws-rtofs-pds.s3.amazonaws.com/rtofs.20250712/rtofs_glo_3dz_f006_6hrly_hvr_US_east.nc
ARGO_GDAC,pfl,aoml/4903563/profiles/D4903563_098.nc|2025-07-22T18:52:48Z|18.86270|-80.68543,aoml/4903563/profiles/D4903563_098.nc,4903563,4903563,18.8627,-80.68543,2025-07-22T18:52:48Z,20250722,2025,1013,1.16,2015.84,18.9819,True,True,True,https://noaa-nws-rtofs-pds.s3.amazonaws.com/rtofs.20250722/rtofs_glo_3dz_f006_6hrly_hvr_US_east.nc
ARGO_GDAC,pfl,aoml/4903563/profiles/D4903563_098.nc|2025-07-22T18:52:48Z|18.86270|-80.68543,aoml/4903563/profiles/D4903563_098.nc,4903563,4903563,18.8627,-80.68543,2025-07-22T18:52:48Z,20250722,2025,439,0.92,50.0,18.6867,True,True,True,https://noaa-nws-rtofs-pds.s3.amazonaws.com/rtofs.20250722/rtofs_glo_3dz_f006_6hrly_hvr_US_east.nc
ARGO_GDAC,pfl,aoml/4903563/profiles/D4903563_099.nc|2025-08-02T01:41:09Z|18.73083|-80.48168,aoml/4903563/profiles/D4903563_099.nc,4903563,4903563,18.73083,-80.48168,2025-08-02T01:41:09Z,20250802,2025,1012,1.08,2013.08,40.06,True,True,True,https://noaa-nws-rtofs-pds.s3.amazonaws.com/rtofs.20250802/rtofs_glo_3dz_f006_6hrly_hvr_US_east.nc
ARGO_GDAC,pfl,aoml/4903563/profiles/D4903563_099.nc|2025-08-02T01:41:09Z|18.73083|-80.48168,aoml/4903563/profiles/D4903563_099.nc,4903563,4903563,18.73083,-80.48168,2025-08-02T01:41:09Z,20250802,2025,457,0.72,49.88,38.79,True,True,True,https://noaa-nws-rtofs-pds.s3.amazonaws.com/rtofs.20250802/rtofs_glo_3dz_f006_6hrly_hvr_US_east.nc
ARGO_GDAC,pfl,aoml/4903563/profiles/D4903563_100.nc|2025-08-12T08:22:54Z|18.57181|-80.24699,aoml/4903563/profiles/D4903563_100.nc,4903563,4903563,18.57181,-80.24699,2025-08-12T08:22:54Z,20250812,2025,1014,1.04,2017.48,45.8224,True,True,True,https://noaa-nws-rtofs-pds.s3.amazonaws.com/rtofs.20250812/rtofs_glo_3dz_f006_6hrly_hvr_US_east.nc
ARGO_GDAC,pfl,aoml/4903563/profiles/D4903563_100.nc|2025-08-12T08:22:54Z|18.57181|-80.24699,aoml/4903563/profiles/D4903563_100.nc,4903563,4903563,18.57181,-80.24699,2025-08-12T08:22:54Z,20250812,2025,445,0.64,50.0,45.912,True,True,True,https://noaa-nws-rtofs-pds.s3.amazonaws.com/rtofs.20250812/rtofs_glo_3dz_f006_6hrly_hvr_US_east.nc
ARGO_GDAC,pfl,aoml/4903622/profiles/R4903622_084.nc|2024-01-01T03:32:42Z|21.27580|-95.69400,aoml/4903622/profiles/R4903622_084.nc,4903622,4903622,21.2758,-95.694,2024-01-01T03:32:42Z,20240101,2024,499,4.34,1899.54,47.2671,True,True,False,
ARGO_GDAC,pfl,aoml/4903622/profiles/R4903622_084.nc|2024-01-01T03:32:42Z|21.27580|-95.69400,aoml/4903622/profiles/R4903622_084.nc,4903622,4903622,21.2758,-95.694,2024-01-01T03:32:42Z,20240101,2024,69,7.45,1899.54,47.9461,True,True,False,
ARGO_GDAC,pfl,aoml/4903622/profiles/R4903622_085.nc|2024-01-11T10:50:30Z|21.49550|-95.75190,aoml/4903622/profiles/R4903622_085.nc,4903622,4903622,21.4955,-95.7519,2024-01-11T10:50:30Z,20240111,2024,499,4.53,1899.88,90.5599,True,True,False,
ARGO_GDAC,pfl,aoml/4903622/profiles/R4903622_085.nc|2024-01-11T10:50:30Z|21.49550|-95.75190,aoml/4903622/profiles/R4903622_085.nc,4903622,4903622,21.4955,-95.7519,2024-01-11T10:50:30Z,20240111,2024,69,7.92,1899.88,89.8259,True,True,False,
ARGO_GDAC,pfl,aoml/4903622/profiles/R4903622_086.nc|2024-01-21T18:09:11Z|21.49790|-95.78750,aoml/4903622/profiles/R4903622_086.nc,4903622,4903622,21.4979,-95.7875,2024-01-21T18:09:11Z,20240121,2024,499,4.38,1899.61,62.2482,True,True,False,
ARGO_GDAC,pfl,aoml/4903622/profiles/R4903622_086.nc|2024-01-21T18:09:11Z|21.49790|-95.78750,aoml/4903622/profiles/R4903622_086.nc,4903622,4903622,21.4979,-95.7875,2024-01-21T18:09:11Z,20240121,2024,69,7.15,1899.61,48.4132,True,True,False,
ARGO_GDAC,pfl,aoml/4903622/profiles/R4903622_087.nc|2024-02-01T01:44:57Z|21.92020|-95.76650,aoml/4903622/profiles/R4903622_087.nc,4903622,4903622,21.9202,-95.7665,2024-02-01T01:44:57Z,20240201,2024,499,4.45,1899.57,100.3437,True,False,True,https://noaa-nws-rtofs-pds.s3.amazonaws.com/rtofs.20240201/rtofs_glo_3dz_f006_6hrly_hvr_US_east.nc
ARGO_GDAC,pfl,aoml/4903622/profiles/R4903622_087.nc|2024-02-01T01:44:57Z|21.92020|-95.76650,aoml/4903622/profiles/R4903622_087.nc,4903622,4903622,21.9202,-95.7665,2024-02-01T01:44:57Z,20240201,2024,69,7.62,1899.57,98.8466,True,True,True,https://noaa-nws-rtofs-pds.s3.amazonaws.com/rtofs.20240201/rtofs_glo_3dz_f006_6hrly_hvr_US_east.nc
ARGO_GDAC,pfl,aoml/4903622/profiles/R4903622_088.nc|2024-02-11T08:59:00Z|21.82710|-95.96040,aoml/4903622/profiles/R4903622_088.nc,4903622,4903622,21.8271,-95.9604,2024-02-11T08:59:00Z,20240211,2024,498,4.3,1899.56,116.717,True,False,True,https://noaa-nws-rtofs-pds.s3.amazonaws.com/rtofs.20240211/rtofs_glo_3dz_f006_6hrly_hvr_US_east.nc
ARGO_GDAC,pfl,aoml/4903622/profiles/R4903622_088.nc|2024-02-11T08:59:00Z|21.82710|-95.96040,aoml/4903622/profiles/R4903622_088.nc,4903622,4903622,21.8271,-95.9604,2024-02-11T08:59:00Z,20240211,2024,69,7.89,1899.56,114.9462,True,False,True,https://noaa-nws-rtofs-pds.s3.amazonaws.com/rtofs.20240211/rtofs_glo_3dz_f006_6hrly_hvr_US_east.nc
ARGO_GDAC,pfl,aoml/4903622/profiles/R4903622_089.nc|2024-02-21T16:38:32Z|21.13410|-95.68080,aoml/4903622/profiles/R4903622_089.nc,4903622,4903622,21.1341,-95.6808,2024-02-21T16:38:32Z,20240221,2024,499,4.49,1899.63,121.8487,True,False,True,https://noaa-nws-rtofs-pds.s3.amazonaws.com/rtofs.20240221/rtofs_glo_3dz_f006_6hrly_hvr_US_east.nc
ARGO_GDAC,pfl,aoml/4903622/profiles/R4903622_089.nc|2024-02-21T16:38:32Z|21.13410|-95.68080,aoml/4903622/profiles/R4903622_089.nc,4903622,4903622,21.1341,-95.6808,2024-02-21T16:38:32Z,20240221,2024,69,7.65,1899.63,121.7991,True,False,True,https://noaa-nws-rtofs-pds.s3.amazonaws.com/rtofs.20240221/rtofs_glo_3dz_f006_6hrly_hvr_US_east.nc
ARGO_GDAC,pfl,aoml/4903622/profiles/R4903622_090.nc|2024-03-02T23:49:26Z|20.42380|-95.61240,aoml/4903622/profiles/R4903622_090.nc,4903622,4903622,20.4238,-95.6124,2024-03-02T23:49:26Z,20240302,2024,499,4.3,1899.73,23.5861,True,True,True,https://noaa-nws-rtofs-pds.s3.amazonaws.com/rtofs.20240302/rtofs_glo_3dz_f006_6hrly_hvr_US_east.nc
ARGO_GDAC,pfl,aoml/4903622/profiles/R4903622_090.nc|2024-03-02T23:49:26Z|20.42380|-95.61240,aoml/4903622/profiles/R4903622_090.nc,4903622,4903622,20.4238,-95.6124,2024-03-02T23:49:26Z,20240302,2024,69,7.65,1899.73,22.1523,True,True,True,https://noaa-nws-rtofs-pds.s3.amazonaws.com/rtofs.20240302/rtofs_glo_3dz_f006_6hrly_hvr_US_east.nc
ARGO_GDAC,pfl,aoml/4903622/profiles/R4903622_091.nc|2024-03-13T07:05:15Z|19.94830|-95.44650,aoml/4903622/profiles/R4903622_091.nc,4903622,4903622,19.9483,-95.4465,2024-03-13T07:05:15Z,20240313,2024,499,4.37,1900.11,48.8762,True,True,True,https://noaa-nws-rtofs-pds.s3.amazonaws.com/rtofs.20240313/rtofs_glo_3dz_f006_6hrly_hvr_US_east.nc
ARGO_GDAC,pfl,aoml/4903622/profiles/R4903622_091.nc|2024-03-13T07:05:15Z|19.94830|-95.44650,aoml/4903622/profiles/R4903622_091.nc,4903622,4903622,19.9483,-95.4465,2024-03-13T07:05:15Z,20240313,2024,69,7.97,1900.11,49.537,True,True,True,https://noaa-nws-rtofs-pds.s3.amazonaws.com/rtofs.20240313/rtofs_glo_3dz_f006_6hrly_hvr_US_east.nc
ARGO_GDAC,pfl,aoml/4903622/profiles/R4903622_092.nc|2024-03-23T14:36:20Z|19.70880|-95.25810,aoml/4903622/profiles/R4903622_092.nc,4903622,4903622,19.7088,-95.2581,2024-03-23T14:36:20Z,20240323,2024,499,4.49,1900.0,17.4484,True,True,True,https://noaa-nws-rtofs-pds.s3.amazonaws.com/rtofs.20240323/rtofs_glo_3dz_f006_6hrly_hvr_US_east.nc
ARGO_GDAC,pfl,aoml/4903622/profiles/R4903622_092.nc|2024-03-23T14:36:20Z|19.70880|-95.25810,aoml/4903622/profiles/R4903622_092.nc,4903622,4903622,19.7088,-95.2581,2024-03-23T14:36:20Z,20240323,2024,69,7.76,1900.0,18.5482,True,True,True,https://noaa-nws-rtofs-pds.s3.amazonaws.com/rtofs.20240323/rtofs_glo_3dz_f006_6hrly_hvr_US_east.nc
ARGO_GDAC,pfl,aoml/4903622/profiles/R4903622_093.nc|2024-04-02T21:54:02Z|19.68970|-94.99250,aoml/4903622/profiles/R4903622_093.nc,4903622,4903622,19.6897,-94.9925,2024-04-02T21:54:02Z,20240402,2024,499,4.38,1899.22,23.009,True,True,True,https://noaa-nws-rtofs-pds.s3.amazonaws.com/rtofs.20240402/rtofs_glo_3dz_f006_6hrly_hvr_US_east.nc
ARGO_GDAC,pfl,aoml/4903622/profiles/R4903622_093.nc|2024-04-02T21:54:02Z|19.68970|-94.99250,aoml/4903622/profiles/R4903622_093.nc,4903622,4903622,19.6897,-94.9925,2024-04-02T21:54:02Z,20240402,2024,69,7.77,1899.22,23.8929,True,True,True,https://noaa-nws-rtofs-pds.s3.amazonaws.com/rtofs.20240402/rtofs_glo_3dz_f006_6hrly_hvr_US_east.nc
ARGO_GDAC,pfl,aoml/4903622/profiles/R4903622_094.nc|2024-04-13T05:12:21Z|19.89490|-94.74850,aoml/4903622/profiles/R4903622_094.nc,4903622,4903622,19.8949,-94.7485,2024-04-13T05:12:21Z,20240413,2024,499,4.47,1899.78,25.6229,True,True,True,https://noaa-nws-rtofs-pds.s3.amazonaws.com/rtofs.20240413/rtofs_glo_3dz_f006_6hrly_hvr_US_east.nc
ARGO_GDAC,pfl,aoml/4903622/profiles/R4903622_094.nc|2024-04-13T05:12:21Z|19.89490|-94.74850,aoml/4903622/profiles/R4903622_094.nc,4903622,4903622,19.8949,-94.7485,2024-04-13T05:12:21Z,20240413,2024,69,7.71,1899.78,26.248,True,True,True,https://noaa-nws-rtofs-pds.s3.amazonaws.com/rtofs.20240413/rtofs_glo_3dz_f006_6hrly_hvr_US_east.nc
ARGO_GDAC,pfl,aoml/4903622/profiles/R4903622_095.nc|2024-04-23T12:43:13Z|20.55700|-94.34880,aoml/4903622/profiles/R4903622_095.nc,4903622,4903622,20.557,-94.3488,2024-04-23T12:43:13Z,20240423,2024,499,4.13,1897.57,17.1389,True,True,True,https://noaa-nws-rtofs-pds.s3.amazonaws.com/rtofs.20240423/rtofs_glo_3dz_f006_6hrly_hvr_US_east.nc
ARGO_GDAC,pfl,aoml/4903622/profiles/R4903622_095.nc|2024-04-23T12:43:13Z|20.55700|-94.34880,aoml/4903622/profiles/R4903622_095.nc,4903622,4903622,20.557,-94.3488,2024-04-23T12:43:13Z,20240423,2024,69,7.54,1897.57,17.6736,True,True,True,https://noaa-nws-rtofs-pds.s3.amazonaws.com/rtofs.20240423/rtofs_glo_3dz_f006_6hrly_hvr_US_east.nc
ARGO_GDAC,pfl,aoml/4903622/profiles/R4903622_096.nc|2024-05-03T20:44:17Z|20.99660|-94.08350,aoml/4903622/profiles/R4903622_096.nc,4903622,4903622,20.9966,-94.0835,2024-05-03T20:44:17Z,20240503,2024,499,4.37,1899.76,24.5026,True,True,True,https://noaa-nws-rtofs-pds.s3.amazonaws.com/rtofs.20240503/rtofs_glo_3dz_f006_6hrly_hvr_US_east.nc
ARGO_GDAC,pfl,aoml/4903622/profiles/R4903622_096.nc|2024-05-03T20:44:17Z|20.99660|-94.08350,aoml/4903622/profiles/R4903622_096.nc,4903622,4903622,20.9966,-94.0835,2024-05-03T20:44:17Z,20240503,2024,69,7.44,1899.76,22.7272,True,True,True,https://noaa-nws-rtofs-pds.s3.amazonaws.com/rtofs.20240503/rtofs_glo_3dz_f006_6hrly_hvr_US_east.nc
ARGO_GDAC,pfl,aoml/4903622/profiles/R4903622_097.nc|2024-05-14T04:36:48Z|21.17060|-93.73770,aoml/4903622/profiles/R4903622_097.nc,4903622,4903622,21.1706,-93.7377,2024-05-14T04:36:48Z,20240514,2024,498,4.34,1899.83,16.9802,True,True,True,https://noaa-nws-rtofs-pds.s3.amazonaws.com/rtofs.20240514/rtofs_glo_3dz_f006_6hrly_hvr_US_east.nc
ARGO_GDAC,pfl,aoml/4903622/profiles/R4903622_097.nc|2024-05-14T04:36:48Z|21.17060|-93.73770,aoml/4903622/profiles/R4903622_097.nc,4903622,4903622,21.1706,-93.7377,2024-05-14T04:36:48Z,20240514,2024,69,7.36,1899.83,17.0014,True,True,True,https://noaa-nws-rtofs-pds.s3.amazonaws.com/rtofs.20240514/rtofs_glo_3dz_f006_6hrly_hvr_US_east.nc
ARGO_GDAC,pfl,aoml/4903622/profiles/R4903622_098.nc|2024-05-24T12:36:37Z|21.20000|-93.25420,aoml/4903622/profiles/R4903622_098.nc,4903622,4903622,21.2,-93.2542,2024-05-24T12:36:37Z,20240524,2024,499,4.48,1899.4,22.7932,True,True,True,https://noaa-nws-rtofs-pds.s3.amazonaws.com/rtofs.20240524/rtofs_glo_3dz_f006_6hrly_hvr_US_east.nc
ARGO_GDAC,pfl,aoml/4903622/profiles/R4903622_098.nc|2024-05-24T12:36:37Z|21.20000|-93.25420,aoml/4903622/profiles/R4903622_098.nc,4903622,4903622,21.2,-93.2542,2024-05-24T12:36:37Z,20240524,2024,69,7.92,1899.4,22.5578,True,True,True,https://noaa-nws-rtofs-pds.s3.amazonaws.com/rtofs.20240524/rtofs_glo_3dz_f006_6hrly_hvr_US_east.nc
ARGO_GDAC,pfl,aoml/4903622/profiles/R4903622_099.nc|2024-06-03T20:06:44Z|21.18830|-93.08350,aoml/4903622/profiles/R4903622_099.nc,4903622,4903622,21.1883,-93.0835,2024-06-03T20:06:44Z,20240603,2024,499,4.55,1899.36,26.8055,True,True,True,https://noaa-nws-rtofs-pds.s3.amazonaws.com/rtofs.20240603/rtofs_glo_3dz_f006_6hrly_hvr_US_east.nc
ARGO_GDAC,pfl,aoml/4903622/profiles/R4903622_099.nc|2024-06-03T20:06:44Z|21.18830|-93.08350,aoml/4903622/profiles/R4903622_099.nc,4903622,4903622,21.1883,-93.0835,2024-06-03T20:06:44Z,20240603,2024,69,7.72,1899.36,27.127,True,True,True,https://noaa-nws-rtofs-pds.s3.amazonaws.com/rtofs.20240603/rtofs_glo_3dz_f006_6hrly_hvr_US_east.nc
ARGO_GDAC,pfl,aoml/4903622/profiles/R4903622_100.nc|2024-06-14T04:12:15Z|21.23760|-93.00780,aoml/4903622/profiles/R4903622_100.nc,4903622,4903622,21.2376,-93.0078,2024-06-14T04:12:15Z,20240614,2024,499,4.44,1899.79,36.3939,True,True,True,https://noaa-nws-rtofs-pds.s3.amazonaws.com/rtofs.20240614/rtofs_glo_3dz_f006_6hrly_hvr_US_east.nc
ARGO_GDAC,pfl,aoml/4903622/profiles/R4903622_100.nc|2024-06-14T04:12:15Z|21.23760|-93.00780,aoml/4903622/profiles/R4903622_100.nc,4903622,4903622,21.2376,-93.0078,2024-06-14T04:12:15Z,20240614,2024,69,7.41,1899.79,34.5753,True,True,True,https://noaa-nws-rtofs-pds.s3.amazonaws.com/rtofs.20240614/rtofs_glo_3dz_f006_6hrly_hvr_US_east.nc
ARGO_GDAC,pfl,aoml/4903622/profiles/R4903622_101.nc|2024-06-24T12:07:20Z|21.35510|-92.81860,aoml/4903622/profiles/R4903622_101.nc,4903622,4903622,21.3551,-92.8186,2024-06-24T12:07:20Z,20240624,2024,499,4.43,1900.03,35.6762,True,True,True,https://noaa-nws-rtofs-pds.s3.amazonaws.com/rtofs.20240624/rtofs_glo_3dz_f006_6hrly_hvr_US_east.nc
ARGO_GDAC,pfl,aoml/4903622/profiles/R4903622_101.nc|2024-06-24T12:07:20Z|21.35510|-92.81860,aoml/4903622/profiles/R4903622_101.nc,4903622,4903622,21.3551,-92.8186,2024-06-24T12:07:20Z,20240624,2024,69,7.52,1900.03,34.6711,True,True,True,https://noaa-nws-rtofs-pds.s3.amazonaws.com/rtofs.20240624/rtofs_glo_3dz_f006_6hrly_hvr_US_east.nc
ARGO_GDAC,pfl,aoml/4903622/profiles/R4903622_102.nc|2024-07-04T19:42:40Z|21.90420|-92.66150,aoml/4903622/profiles/R4903622_102.nc,4903622,4903622,21.9042,-92.6615,2024-07-04T19:42:40Z,20240704,2024,499,4.48,1899.23,36.4426,True,True,True,https://noaa-nws-rtofs-pds.s3.amazonaws.com/rtofs.20240704/rtofs_glo_3dz_f006_6hrly_hvr_US_east.nc
ARGO_GDAC,pfl,aoml/4903622/profiles/R4903622_102.nc|2024-07-04T19:42:40Z|21.90420|-92.66150,aoml/4903622/profiles/R4903622_102.nc,4903622,4903622,21.9042,-92.6615,2024-07-04T19:42:40Z,20240704,2024,69,7.64,1899.23,36.4172,True,True,True,https://noaa-nws-rtofs-pds.s3.amazonaws.com/rtofs.20240704/rtofs_glo_3dz_f006_6hrly_hvr_US_east.nc
ARGO_GDAC,pfl,aoml/4903622/profiles/R4903622_103.nc|2024-07-15T03:11:01Z|22.72320|-91.52560,aoml/4903622/profiles/R4903622_103.nc,4903622,4903622,22.7232,-91.5256,2024-07-15T03:11:01Z,20240715,2024,499,4.41,1898.61,13.6194,True,True,True,https://noaa-nws-rtofs-pds.s3.amazonaws.com/rtofs.20240715/rtofs_glo_3dz_f006_6hrly_hvr_US_east.nc
ARGO_GDAC,pfl,aoml/4903622/profiles/R4903622_103.nc|2024-07-15T03:11:01Z|22.72320|-91.52560,aoml/4903622/profiles/R4903622_103.nc,4903622,4903622,22.7232,-91.5256,2024-07-15T03:11:01Z,20240715,2024,69,8.02,1898.61,15.0847,True,True,True,https://noaa-nws-rtofs-pds.s3.amazonaws.com/rtofs.20240715/rtofs_glo_3dz_f006_6hrly_hvr_US_east.nc
ARGO_GDAC,pfl,aoml/4903622/profiles/R4903622_104.nc|2024-07-25T10:48:39Z|22.94610|-91.04630,aoml/4903622/profiles/R4903622_104.nc,4903622,4903622,22.9461,-91.0463,2024-07-25T10:48:39Z,20240725,2024,499,4.35,1899.88,28.7601,True,True,True,https://noaa-nws-rtofs-pds.s3.amazonaws.com/rtofs.20240725/rtofs_glo_3dz_f006_6hrly_hvr_US_east.nc
ARGO_GDAC,pfl,aoml/4903622/profiles/R4903622_104.nc|2024-07-25T10:48:39Z|22.94610|-91.04630,aoml/4903622/profiles/R4903622_104.nc,4903622,4903622,22.9461,-91.0463,2024-07-25T10:48:39Z,20240725,2024,69,7.66,1899.88,27.8635,True,True,True,https://noaa-nws-rtofs-pds.s3.amazonaws.com/rtofs.20240725/rtofs_glo_3dz_f006_6hrly_hvr_US_east.nc
ARGO_GDAC,pfl,aoml/4903622/profiles/R4903622_105.nc|2024-08-04T18:32:20Z|23.17110|-90.65670,aoml/4903622/profiles/R4903622_105.nc,4903622,4903622,23.1711,-90.6567,2024-08-04T18:32:20Z,20240804,2024,498,4.16,1899.19,35.0763,True,True,True,https://noaa-nws-rtofs-pds.s3.amazonaws.com/rtofs.20240804/rtofs_glo_3dz_f006_6hrly_hvr_US_east.nc
ARGO_GDAC,pfl,aoml/4903622/profiles/R4903622_105.nc|2024-08-04T18:32:20Z|23.17110|-90.65670,aoml/4903622/profiles/R4903622_105.nc,4903622,4903622,23.1711,-90.6567,2024-08-04T18:32:20Z,20240804,2024,69,7.7,1899.19,32.2861,True,True,True,https://noaa-nws-rtofs-pds.s3.amazonaws.com/rtofs.20240804/rtofs_glo_3dz_f006_6hrly_hvr_US_east.nc
ARGO_GDAC,pfl,aoml/4903622/profiles/R4903622_106.nc|2024-08-15T02:18:50Z|23.52910|-90.29220,aoml/4903622/profiles/R4903622_106.nc,4903622,4903622,23.5291,-90.2922,2024-08-15T02:18:50Z,20240815,2024,499,4.22,1899.29,29.209,True,True,True,https://noaa-nws-rtofs-pds.s3.amazonaws.com/rtofs.20240815/rtofs_glo_3dz_f006_6hrly_hvr_US_east.nc
ARGO_GDAC,pfl,aoml/4903622/profiles/R4903622_106.nc|2024-08-15T02:18:50Z|23.52910|-90.29220,aoml/4903622/profiles/R4903622_106.nc,4903622,4903622,23.5291,-90.2922,2024-08-15T02:18:50Z,20240815,2024,69,7.99,1899.29,28.1492,True,True,True,https://noaa-nws-rtofs-pds.s3.amazonaws.com/rtofs.20240815/rtofs_glo_3dz_f006_6hrly_hvr_US_east.nc
ARGO_GDAC,pfl,aoml/4903622/profiles/R4903622_107.nc|2024-08-25T10:12:26Z|23.58490|-90.08730,aoml/4903622/profiles/R4903622_107.nc,4903622,4903622,23.5849,-90.0873,2024-08-25T10:12:26Z,20240825,2024,500,4.39,1899.72,17.3884,True,True,True,https://noaa-nws-rtofs-pds.s3.amazonaws.com/rtofs.20240825/rtofs_glo_3dz_f006_6hrly_hvr_US_east.nc
ARGO_GDAC,pfl,aoml/4903622/profiles/R4903622_107.nc|2024-08-25T10:12:26Z|23.58490|-90.08730,aoml/4903622/profiles/R4903622_107.nc,4903622,4903622,23.5849,-90.0873,2024-08-25T10:12:26Z,20240825,2024,69,8.05,1899.72,16.8132,True,True,True,https://noaa-nws-rtofs-pds.s3.amazonaws.com/rtofs.20240825/rtofs_glo_3dz_f006_6hrly_hvr_US_east.nc
ARGO_GDAC,pfl,aoml/4903622/profiles/R4903622_108.nc|2024-09-04T17:56:25Z|23.75090|-90.11970,aoml/4903622/profiles/R4903622_108.nc,4903622,4903622,23.7509,-90.1197,2024-09-04T17:56:25Z,20240904,2024,499,4.33,1899.71,34.8446,True,True,True,https://noaa-nws-rtofs-pds.s3.amazonaws.com/rtofs.20240904/rtofs_glo_3dz_f006_6hrly_hvr_US_east.nc
ARGO_GDAC,pfl,aoml/4903622/profiles/R4903622_108.nc|2024-09-04T17:56:25Z|23.75090|-90.11970,aoml/4903622/profiles/R4903622_108.nc,4903622,4903622,23.7509,-90.1197,2024-09-04T17:56:25Z,20240904,2024,69,7.86,1899.71,34.4365,True,True,True,https://noaa-nws-rtofs-pds.s3.amazonaws.com/rtofs.20240904/rtofs_glo_3dz_f006_6hrly_hvr_US_east.nc
ARGO_GDAC,pfl,aoml/4903622/profiles/R4903622_109.nc|2024-09-15T01:40:17Z|23.88520|-90.25470,aoml/4903622/profiles/R4903622_109.nc,4903622,4903622,23.8852,-90.2547,2024-09-15T01:40:17Z,20240915,2024,499,4.52,1899.95,31.928,True,True,True,https://noaa-nws-rtofs-pds.s3.amazonaws.com/rtofs.20240915/rtofs_glo_3dz_f006_6hrly_hvr_US_east.nc
ARGO_GDAC,pfl,aoml/4903622/profiles/R4903622_109.nc|2024-09-15T01:40:17Z|23.88520|-90.25470,aoml/4903622/profiles/R4903622_109.nc,4903622,4903622,23.8852,-90.2547,2024-09-15T01:40:17Z,20240915,2024,69,7.95,1899.95,31.23,True,True,True,https://noaa-nws-rtofs-pds.s3.amazonaws.com/rtofs.20240915/rtofs_glo_3dz_f006_6hrly_hvr_US_east.nc
ARGO_GDAC,pfl,aoml/4903622/profiles/R4903622_110.nc|2024-09-25T09:38:06Z|23.81630|-90.51140,aoml/4903622/profiles/R4903622_110.nc,4903622,4903622,23.8163,-90.5114,2024-09-25T09:38:06Z,20240925,2024,499,4.59,1899.38,39.7631,True,True,True,https://noaa-nws-rtofs-pds.s3.amazonaws.com/rtofs.20240925/rtofs_glo_3dz_f006_6hrly_hvr_US_east.nc
ARGO_GDAC,pfl,aoml/4903622/profiles/R4903622_110.nc|2024-09-25T09:38:06Z|23.81630|-90.51140,aoml/4903622/profiles/R4903622_110.nc,4903622,4903622,23.8163,-90.5114,2024-09-25T09:38:06Z,20240925,2024,69,8.03,1899.38,37.87,True,True,True,https://noaa-nws-rtofs-pds.s3.amazonaws.com/rtofs.20240925/rtofs_glo_3dz_f006_6hrly_hvr_US_east.nc
ARGO_GDAC,pfl,aoml/4903622/profiles/R4903622_111.nc|2024-10-05T17:25:19Z|24.04180|-90.22120,aoml/4903622/profiles/R4903622_111.nc,4903622,4903622,24.0418,-90.2212,2024-10-05T17:25:19Z,20241005,2024,498,4.48,1899.48,43.5234,True,True,True,https://noaa-nws-rtofs-pds.s3.amazonaws.com/rtofs.20241005/rtofs_glo_3dz_f006_6hrly_hvr_US_east.nc
ARGO_GDAC,pfl,aoml/4903622/profiles/R4903622_111.nc|2024-10-05T17:25:19Z|24.04180|-90.22120,aoml/4903622/profiles/R4903622_111.nc,4903622,4903622,24.0418,-90.2212,2024-10-05T17:25:19Z,20241005,2024,69,7.96,1899.48,42.5953,True,True,True,https://noaa-nws-rtofs-pds.s3.amazonaws.com/rtofs.20241005/rtofs_glo_3dz_f006_6hrly_hvr_US_east.nc
ARGO_GDAC,pfl,aoml/4903622/profiles/R4903622_112.nc|2024-10-16T01:04:12Z|24.33590|-90.39410,aoml/4903622/profiles/R4903622_112.nc,4903622,4903622,24.3359,-90.3941,2024-10-16T01:04:12Z,20241016,2024,499,4.47,1899.29,56.197,True,True,True,https://noaa-nws-rtofs-pds.s3.amazonaws.com/rtofs.20241016/rtofs_glo_3dz_f006_6hrly_hvr_US_east.nc
ARGO_GDAC,pfl,aoml/4903622/profiles/R4903622_112.nc|2024-10-16T01:04:12Z|24.33590|-90.39410,aoml/4903622/profiles/R4903622_112.nc,4903622,4903622,24.3359,-90.3941,2024-10-16T01:04:12Z,20241016,2024,69,8.01,1899.29,52.9811,True,True,True,https://noaa-nws-rtofs-pds.s3.amazonaws.com/rtofs.20241016/rtofs_glo_3dz_f006_6hrly_hvr_US_east.nc
ARGO_GDAC,pfl,aoml/4903622/profiles/R4903622_113.nc|2024-10-26T08:41:53Z|24.17480|-90.88060,aoml/4903622/profiles/R4903622_113.nc,4903622,4903622,24.1748,-90.8806,2024-10-26T08:41:53Z,20241026,2024,498,4.27,1899.97,74.0718,True,True,True,https://noaa-nws-rtofs-pds.s3.amazonaws.com/rtofs.20241026/rtofs_glo_3dz_f006_6hrly_hvr_US_east.nc
ARGO_GDAC,pfl,aoml/4903622/profiles/R4903622_113.nc|2024-10-26T08:41:53Z|24.17480|-90.88060,aoml/4903622/profiles/R4903622_113.nc,4903622,4903622,24.1748,-90.8806,2024-10-26T08:41:53Z,20241026,2024,69,7.9,1899.97,72.4804,True,True,True,https://noaa-nws-rtofs-pds.s3.amazonaws.com/rtofs.20241026/rtofs_glo_3dz_f006_6hrly_hvr_US_east.nc
ARGO_GDAC,pfl,aoml/4903622/profiles/R4903622_114.nc|2024-11-05T16:14:37Z|23.97960|-91.25410,aoml/4903622/profiles/R4903622_114.nc,4903622,4903622,23.9796,-91.2541,2024-11-05T16:14:37Z,20241105,2024,498,4.42,1899.06,56.1483,True,True,True,https://noaa-nws-rtofs-pds.s3.amazonaws.com/rtofs.20241105/rtofs_glo_3dz_f006_6hrly_hvr_US_east.nc
ARGO_GDAC,pfl,aoml/4903622/profiles/R4903622_114.nc|2024-11-05T16:14:37Z|23.97960|-91.25410,aoml/4903622/profiles/R4903622_114.nc,4903622,4903622,23.9796,-91.2541,2024-11-05T16:14:37Z,20241105,2024,69,7.66,1899.06,54.2819,True,True,True,https://noaa-nws-rtofs-pds.s3.amazonaws.com/rtofs.20241105/rtofs_glo_3dz_f006_6hrly_hvr_US_east.nc
ARGO_GDAC,pfl,aoml/4903622/profiles/R4903622_115.nc|2024-11-15T23:52:56Z|23.85200|-91.47420,aoml/4903622/profiles/R4903622_115.nc,4903622,4903622,23.852,-91.4742,2024-11-15T23:52:56Z,20241115,2024,499,4.38,1899.74,47.7605,True,True,True,https://noaa-nws-rtofs-pds.s3.amazonaws.com/rtofs.20241115/rtofs_glo_3dz_f006_6hrly_hvr_US_east.nc
ARGO_GDAC,pfl,aoml/4903622/profiles/R4903622_115.nc|2024-11-15T23:52:56Z|23.85200|-91.47420,aoml/4903622/profiles/R4903622_115.nc,4903622,4903622,23.852,-91.4742,2024-11-15T23:52:56Z,20241115,2024,69,7.93,1899.74,47.4974,True,True,True,https://noaa-nws-rtofs-pds.s3.amazonaws.com/rtofs.20241115/rtofs_glo_3dz_f006_6hrly_hvr_US_east.nc
ARGO_GDAC,pfl,aoml/4903622/profiles/R4903622_116.nc|2024-11-26T07:27:04Z|23.71810|-91.92790,aoml/4903622/profiles/R4903622_116.nc,4903622,4903622,23.7181,-91.9279,2024-11-26T07:27:04Z,20241126,2024,499,4.33,1899.46,62.7898,True,True,True,https://noaa-nws-rtofs-pds.s3.amazonaws.com/rtofs.20241126/rtofs_glo_3dz_f006_6hrly_hvr_US_east.nc
ARGO_GDAC,pfl,aoml/4903622/profiles/R4903622_116.nc|2024-11-26T07:27:04Z|23.71810|-91.92790,aoml/4903622/profiles/R4903622_116.nc,4903622,4903622,23.7181,-91.9279,2024-11-26T07:27:04Z,20241126,2024,69,7.75,1899.46,61.9146,True,True,True,https://noaa-nws-rtofs-pds.s3.amazonaws.com/rtofs.20241126/rtofs_glo_3dz_f006_6hrly_hvr_US_east.nc
ARGO_GDAC,pfl,aoml/4903622/profiles/R4903622_117.nc|2024-12-06T15:01:34Z|23.59960|-92.16230,aoml/4903622/profiles/R4903622_117.nc,4903622,4903622,23.5996,-92.1623,2024-12-06T15:01:34Z,20241206,2024,499,4.17,1899.36,78.4505,True,True,True,https://noaa-nws-rtofs-pds.s3.amazonaws.com/rtofs.20241206/rtofs_glo_3dz_f006_6hrly_hvr_US_east.nc
ARGO_GDAC,pfl,aoml/4903622/profiles/R4903622_117.nc|2024-12-06T15:01:34Z|23.59960|-92.16230,aoml/4903622/profiles/R4903622_117.nc,4903622,4903622,23.5996,-92.1623,2024-12-06T15:01:34Z,20241206,2024,69,7.34,1899.36,77.3884,True,True,True,https://noaa-nws-rtofs-pds.s3.amazonaws.com/rtofs.20241206/rtofs_glo_3dz_f006_6hrly_hvr_US_east.nc
ARGO_GDAC,pfl,aoml/4903622/profiles/R4903622_118.nc|2024-12-16T22:30:48Z|23.67080|-92.57590,aoml/4903622/profiles/R4903622_118.nc,4903622,4903622,23.6708,-92.5759,2024-12-16T22:30:48Z,20241216,2024,498,4.28,1899.76,78.4682,True,True,True,https://noaa-nws-rtofs-pds.s3.amazonaws.com/rtofs.20241216/rtofs_glo_3dz_f006_6hrly_hvr_US_east.nc
ARGO_GDAC,pfl,aoml/4903622/profiles/R4903622_118.nc|2024-12-16T22:30:48Z|23.67080|-92.57590,aoml/4903622/profiles/R4903622_118.nc,4903622,4903622,23.6708,-92.5759,2024-12-16T22:30:48Z,20241216,2024,69,7.83,1899.76,77.9859,True,True,True,https://noaa-nws-rtofs-pds.s3.amazonaws.com/rtofs.20241216/rtofs_glo_3dz_f006_6hrly_hvr_US_east.nc
ARGO_GDAC,pfl,aoml/4903622/profiles/R4903622_119.nc|2024-12-27T06:18:38Z|23.79640|-92.95360,aoml/4903622/profiles/R4903622_119.nc,4903622,4903622,23.7964,-92.9536,2024-12-27T06:18:38Z,20241227,2024,499,4.54,1899.78,12.243,True,True,True,https://noaa-nws-rtofs-pds.s3.amazonaws.com/rtofs.20241227/rtofs_glo_3dz_f006_6hrly_hvr_US_east.nc
ARGO_GDAC,pfl,aoml/4903622/profiles/R4903622_119.nc|2024-12-27T06:18:38Z|23.79640|-92.95360,aoml/4903622/profiles/R4903622_119.nc,4903622,4903622,23.7964,-92.9536,2024-12-27T06:18:38Z,20241227,2024,69,7.91,1899.78,14.0963,True,True,True,https://noaa-nws-rtofs-pds.s3.amazonaws.com/rtofs.20241227/rtofs_glo_3dz_f006_6hrly_hvr_US_east.nc
ARGO_GDAC,pfl,aoml/4903622/profiles/R4903622_120.nc|2025-01-06T13:44:54Z|24.12620|-93.26770,aoml/4903622/profiles/R4903622_120.nc,4903622,4903622,24.1262,-93.2677,2025-01-06T13:44:54Z,20250106,2025,498,4.51,1900.07,90.1055,True,True,True,https://noaa-nws-rtofs-pds.s3.amazonaws.com/rtofs.20250106/rtofs_glo_3dz_f006_6hrly_hvr_US_east.nc
ARGO_GDAC,pfl,aoml/4903622/profiles/R4903622_120.nc|2025-01-06T13:44:54Z|24.12620|-93.26770,aoml/4903622/profiles/R4903622_120.nc,4903622,4903622,24.1262,-93.2677,2025-01-06T13:44:54Z,20250106,2025,69,7.72,1900.07,88.4701,True,True,True,https://noaa-nws-rtofs-pds.s3.amazonaws.com/rtofs.20250106/rtofs_glo_3dz_f006_6hrly_hvr_US_east.nc
ARGO_GDAC,pfl,aoml/4903622/profiles/R4903622_121.nc|2025-01-16T21:11:26Z|24.46880|-93.54350,aoml/4903622/profiles/R4903622_121.nc,4903622,4903622,24.4688,-93.5435,2025-01-16T21:11:26Z,20250116,2025,499,4.18,1899.48,96.7451,True,True,True,https://noaa-nws-rtofs-pds.s3.amazonaws.com/rtofs.20250116/rtofs_glo_3dz_f006_6hrly_hvr_US_east.nc
ARGO_GDAC,pfl,aoml/4903622/profiles/R4903622_121.nc|2025-01-16T21:11:26Z|24.46880|-93.54350,aoml/4903622/profiles/R4903622_121.nc,4903622,4903622,24.4688,-93.5435,2025-01-16T21:11:26Z,20250116,2025,69,7.8,1899.48,93.6326,True,True,True,https://noaa-nws-rtofs-pds.s3.amazonaws.com/rtofs.20250116/rtofs_glo_3dz_f006_6hrly_hvr_US_east.nc
ARGO_GDAC,pfl,aoml/4903622/profiles/R4903622_122.nc|2025-01-27T04:39:07Z|24.68410|-93.49820,aoml/4903622/profiles/R4903622_122.nc,4903622,4903622,24.6841,-93.4982,2025-01-27T04:39:07Z,20250127,2025,499,4.34,1899.47,105.1834,True,False,True,https://noaa-nws-rtofs-pds.s3.amazonaws.com/rtofs.20250127/rtofs_glo_3dz_f006_6hrly_hvr_US_east.nc
ARGO_GDAC,pfl,aoml/4903622/profiles/R4903622_122.nc|2025-01-27T04:39:07Z|24.68410|-93.49820,aoml/4903622/profiles/R4903622_122.nc,4903622,4903622,24.6841,-93.4982,2025-01-27T04:39:07Z,20250127,2025,69,7.92,1899.47,104.2842,True,False,True,https://noaa-nws-rtofs-pds.s3.amazonaws.com/rtofs.20250127/rtofs_glo_3dz_f006_6hrly_hvr_US_east.nc
ARGO_GDAC,pfl,aoml/4903622/profiles/R4903622_123.nc|2025-02-06T12:29:36Z|24.66650|-93.28580,aoml/4903622/profiles/R4903622_123.nc,4903622,4903622,24.6665,-93.2858,2025-02-06T12:29:36Z,20250206,2025,498,4.34,1899.25,20.9422,True,True,True,https://noaa-nws-rtofs-pds.s3.amazonaws.com/rtofs.20250206/rtofs_glo_3dz_f006_6hrly_hvr_US_east.nc
ARGO_GDAC,pfl,aoml/4903622/profiles/R4903622_123.nc|2025-02-06T12:29:36Z|24.66650|-93.28580,aoml/4903622/profiles/R4903622_123.nc,4903622,4903622,24.6665,-93.2858,2025-02-06T12:29:36Z,20250206,2025,69,7.41,1899.25,18.8689,True,True,True,https://noaa-nws-rtofs-pds.s3.amazonaws.com/rtofs.20250206/rtofs_glo_3dz_f006_6hrly_hvr_US_east.nc
ARGO_GDAC,pfl,aoml/4903622/profiles/R4903622_124.nc|2025-02-16T19:55:23Z|24.24740|-93.16270,aoml/4903622/profiles/R4903622_124.nc,4903622,4903622,24.2474,-93.1627,2025-02-16T19:55:23Z,20250216,2025,499,4.31,1899.94,32.0093,True,True,True,https://noaa-nws-rtofs-pds.s3.amazonaws.com/rtofs.20250216/rtofs_glo_3dz_f006_6hrly_hvr_US_east.nc
ARGO_GDAC,pfl,aoml/4903622/profiles/R4903622_124.nc|2025-02-16T19:55:23Z|24.24740|-93.16270,aoml/4903622/profiles/R4903622_124.nc,4903622,4903622,24.2474,-93.1627,2025-02-16T19:55:23Z,20250216,2025,69,7.83,1899.94,31.5364,True,True,True,https://noaa-nws-rtofs-pds.s3.amazonaws.com/rtofs.20250216/rtofs_glo_3dz_f006_6hrly_hvr_US_east.nc
ARGO_GDAC,pfl,aoml/4903622/profiles/R4903622_125.nc|2025-02-27T03:16:22Z|24.10060|-92.94530,aoml/4903622/profiles/R4903622_125.nc,4903622,4903622,24.1006,-92.9453,2025-02-27T03:16:22Z,20250227,2025,500,4.27,1899.68,133.6264,True,False,True,https://noaa-nws-rtofs-pds.s3.amazonaws.com/rtofs.20250227/rtofs_glo_3dz_f006_6hrly_hvr_US_east.nc
ARGO_GDAC,pfl,aoml/4903622/profiles/R4903622_125.nc|2025-02-27T03:16:22Z|24.10060|-92.94530,aoml/4903622/profiles/R4903622_125.nc,4903622,4903622,24.1006,-92.9453,2025-02-27T03:16:22Z,20250227,2025,69,7.8,1899.68,132.742,True,False,True,https://noaa-nws-rtofs-pds.s3.amazonaws.com/rtofs.20250227/rtofs_glo_3dz_f006_6hrly_hvr_US_east.nc
ARGO_GDAC,pfl,aoml/4903622/profiles/R4903622_126.nc|2025-03-09T11:15:51Z|24.41690|-93.11390,aoml/4903622/profiles/R4903622_126.nc,4903622,4903622,24.4169,-93.1139,2025-03-09T11:15:51Z,20250309,2025,499,4.43,1899.09,13.8317,True,True,True,https://noaa-nws-rtofs-pds.s3.amazonaws.com/rtofs.20250309/rtofs_glo_3dz_f006_6hrly_hvr_US_east.nc
ARGO_GDAC,pfl,aoml/4903622/profiles/R4903622_126.nc|2025-03-09T11:15:51Z|24.41690|-93.11390,aoml/4903622/profiles/R4903622_126.nc,4903622,4903622,24.4169,-93.1139,2025-03-09T11:15:51Z,20250309,2025,69,7.74,1899.09,12.9875,True,True,True,https://noaa-nws-rtofs-pds.s3.amazonaws.com/rtofs.20250309/rtofs_glo_3dz_f006_6hrly_hvr_US_east.nc
ARGO_GDAC,pfl,aoml/4903622/profiles/R4903622_127.nc|2025-03-19T18:44:24Z|24.35080|-93.06460,aoml/4903622/profiles/R4903622_127.nc,4903622,4903622,24.3508,-93.0646,2025-03-19T18:44:24Z,20250319,2025,499,4.52,1899.72,75.8441,True,True,True,https://noaa-nws-rtofs-pds.s3.amazonaws.com/rtofs.20250319/rtofs_glo_3dz_f006_6hrly_hvr_US_east.nc
ARGO_GDAC,pfl,aoml/4903622/profiles/R4903622_127.nc|2025-03-19T18:44:24Z|24.35080|-93.06460,aoml/4903622/profiles/R4903622_127.nc,4903622,4903622,24.3508,-93.0646,2025-03-19T18:44:24Z,20250319,2025,69,8.08,1899.72,75.6215,True,True,True,https://noaa-nws-rtofs-pds.s3.amazonaws.com/rtofs.20250319/rtofs_glo_3dz_f006_6hrly_hvr_US_east.nc
ARGO_GDAC,pfl,aoml/4903622/profiles/R4903622_128.nc|2025-03-30T02:28:22Z|24.66520|-92.46000,aoml/4903622/profiles/R4903622_128.nc,4903622,4903622,24.6652,-92.46,2025-03-30T02:28:22Z,20250330,2025,499,4.4,1900.07,29.3003,True,True,True,https://noaa-nws-rtofs-pds.s3.amazonaws.com/rtofs.20250330/rtofs_glo_3dz_f006_6hrly_hvr_US_east.nc
ARGO_GDAC,pfl,aoml/4903622/profiles/R4903622_128.nc|2025-03-30T02:28:22Z|24.66520|-92.46000,aoml/4903622/profiles/R4903622_128.nc,4903622,4903622,24.6652,-92.46,2025-03-30T02:28:22Z,20250330,2025,69,8.05,1900.07,29.6994,True,True,True,https://noaa-nws-rtofs-pds.s3.amazonaws.com/rtofs.20250330/rtofs_glo_3dz_f006_6hrly_hvr_US_east.nc
ARGO_GDAC,pfl,aoml/4903622/profiles/R4903622_129.nc|2025-04-09T10:02:11Z|24.63390|-91.00940,aoml/4903622/profiles/R4903622_129.nc,4903622,4903622,24.6339,-91.0094,2025-04-09T10:02:11Z,20250409,2025,499,4.34,1899.29,75.3073,True,True,True,https://noaa-nws-rtofs-pds.s3.amazonaws.com/rtofs.20250409/rtofs_glo_3dz_f006_6hrly_hvr_US_east.nc
ARGO_GDAC,pfl,aoml/4903622/profiles/R4903622_129.nc|2025-04-09T10:02:11Z|24.63390|-91.00940,aoml/4903622/profiles/R4903622_129.nc,4903622,4903622,24.6339,-91.0094,2025-04-09T10:02:11Z,20250409,2025,69,7.68,1899.29,74.5422,True,True,True,https://noaa-nws-rtofs-pds.s3.amazonaws.com/rtofs.20250409/rtofs_glo_3dz_f006_6hrly_hvr_US_east.nc
ARGO_GDAC,pfl,aoml/4903622/profiles/R4903622_130.nc|2025-04-19T17:28:02Z|25.48440|-90.68160,aoml/4903622/profiles/R4903622_130.nc,4903622,4903622,25.4844,-90.6816,2025-04-19T17:28:02Z,20250419,2025,498,4.4,1899.41,72.3689,True,True,True,https://noaa-nws-rtofs-pds.s3.amazonaws.com/rtofs.20250419/rtofs_glo_3dz_f006_6hrly_hvr_US_east.nc
ARGO_GDAC,pfl,aoml/4903622/profiles/R4903622_130.nc|2025-04-19T17:28:02Z|25.48440|-90.68160,aoml/4903622/profiles/R4903622_130.nc,4903622,4903622,25.4844,-90.6816,2025-04-19T17:28:02Z,20250419,2025,69,7.85,1899.41,72.0164,True,True,True,https://noaa-nws-rtofs-pds.s3.amazonaws.com/rtofs.20250419/rtofs_glo_3dz_f006_6hrly_hvr_US_east.nc
ARGO_GDAC,pfl,aoml/4903622/profiles/R4903622_131.nc|2025-04-30T00:55:27Z|24.91320|-90.73640,aoml/4903622/profiles/R4903622_131.nc,4903622,4903622,24.9132,-90.7364,2025-04-30T00:55:27Z,20250430,2025,498,4.3,1899.01,13.1338,True,True,True,https://noaa-nws-rtofs-pds.s3.amazonaws.com/rtofs.20250430/rtofs_glo_3dz_f006_6hrly_hvr_US_east.nc
ARGO_GDAC,pfl,aoml/4903622/profiles/R4903622_131.nc|2025-04-30T00:55:27Z|24.91320|-90.73640,aoml/4903622/profiles/R4903622_131.nc,4903622,4903622,24.9132,-90.7364,2025-04-30T00:55:27Z,20250430,2025,69,7.27,1899.01,13.2148,True,True,True,https://noaa-nws-rtofs-pds.s3.amazonaws.com/rtofs.20250430/rtofs_glo_3dz_f006_6hrly_hvr_US_east.nc
ARGO_GDAC,pfl,aoml/4903622/profiles/R4903622_132.nc|2025-05-10T09:06:55Z|24.50510|-90.93430,aoml/4903622/profiles/R4903622_132.nc,4903622,4903622,24.5051,-90.9343,2025-05-10T09:06:55Z,20250510,2025,500,4.43,1899.46,32.3587,True,True,True,https://noaa-nws-rtofs-pds.s3.amazonaws.com/rtofs.20250510/rtofs_glo_3dz_f006_6hrly_hvr_US_east.nc
ARGO_GDAC,pfl,aoml/4903622/profiles/R4903622_132.nc|2025-05-10T09:06:55Z|24.50510|-90.93430,aoml/4903622/profiles/R4903622_132.nc,4903622,4903622,24.5051,-90.9343,2025-05-10T09:06:55Z,20250510,2025,69,7.74,1899.46,32.056,True,True,True,https://noaa-nws-rtofs-pds.s3.amazonaws.com/rtofs.20250510/rtofs_glo_3dz_f006_6hrly_hvr_US_east.nc
ARGO_GDAC,pfl,aoml/4903622/profiles/R4903622_133.nc|2025-05-20T16:38:45Z|25.21870|-91.19660,aoml/4903622/profiles/R4903622_133.nc,4903622,4903622,25.2187,-91.1966,2025-05-20T16:38:45Z,20250520,2025,498,4.31,1899.36,23.566,True,True,True,https://noaa-nws-rtofs-pds.s3.amazonaws.com/rtofs.20250520/rtofs_glo_3dz_f006_6hrly_hvr_US_east.nc
ARGO_GDAC,pfl,aoml/4903622/profiles/R4903622_133.nc|2025-05-20T16:38:45Z|25.21870|-91.19660,aoml/4903622/profiles/R4903622_133.nc,4903622,4903622,25.2187,-91.1966,2025-05-20T16:38:45Z,20250520,2025,69,7.79,1899.36,23.9525,True,True,True,https://noaa-nws-rtofs-pds.s3.amazonaws.com/rtofs.20250520/rtofs_glo_3dz_f006_6hrly_hvr_US_east.nc
ARGO_GDAC,pfl,aoml/4903622/profiles/R4903622_134.nc|2025-05-31T00:21:55Z|25.02400|-90.50770,aoml/4903622/profiles/R4903622_134.nc,4903622,4903622,25.024,-90.5077,2025-05-31T00:21:55Z,20250531,2025,499,4.53,1899.2,13.8013,True,True,True,https://noaa-nws-rtofs-pds.s3.amazonaws.com/rtofs.20250531/rtofs_glo_3dz_f006_6hrly_hvr_US_east.nc
ARGO_GDAC,pfl,aoml/4903622/profiles/R4903622_134.nc|2025-05-31T00:21:55Z|25.02400|-90.50770,aoml/4903622/profiles/R4903622_134.nc,4903622,4903622,25.024,-90.5077,2025-05-31T00:21:55Z,20250531,2025,69,7.98,1899.2,13.8874,True,True,True,https://noaa-nws-rtofs-pds.s3.amazonaws.com/rtofs.20250531/rtofs_glo_3dz_f006_6hrly_hvr_US_east.nc
ARGO_GDAC,pfl,aoml/4903622/profiles/R4903622_135.nc|2025-06-10T08:37:59Z|25.16170|-89.93070,aoml/4903622/profiles/R4903622_135.nc,4903622,4903622,25.1617,-89.9307,2025-06-10T08:37:59Z,20250610,2025,499,4.37,1900.06,15.2113,True,True,True,https://noaa-nws-rtofs-pds.s3.amazonaws.com/rtofs.20250610/rtofs_glo_3dz_f006_6hrly_hvr_US_east.nc
ARGO_GDAC,pfl,aoml/4903622/profiles/R4903622_135.nc|2025-06-10T08:37:59Z|25.16170|-89.93070,aoml/4903622/profiles/R4903622_135.nc,4903622,4903622,25.1617,-89.9307,2025-06-10T08:37:59Z,20250610,2025,69,7.49,1900.06,12.8205,True,True,True,https://noaa-nws-rtofs-pds.s3.amazonaws.com/rtofs.20250610/rtofs_glo_3dz_f006_6hrly_hvr_US_east.nc
ARGO_GDAC,pfl,aoml/4903622/profiles/R4903622_136.nc|2025-06-20T16:38:49Z|24.83650|-89.82360,aoml/4903622/profiles/R4903622_136.nc,4903622,4903622,24.8365,-89.8236,2025-06-20T16:38:49Z,20250620,2025,499,4.5,1899.99,21.2757,True,True,True,https://noaa-nws-rtofs-pds.s3.amazonaws.com/rtofs.20250620/rtofs_glo_3dz_f006_6hrly_hvr_US_east.nc
ARGO_GDAC,pfl,aoml/4903622/profiles/R4903622_136.nc|2025-06-20T16:38:49Z|24.83650|-89.82360,aoml/4903622/profiles/R4903622_136.nc,4903622,4903622,24.8365,-89.8236,2025-06-20T16:38:49Z,20250620,2025,69,7.8,1899.99,22.1018,True,True,True,https://noaa-nws-rtofs-pds.s3.amazonaws.com/rtofs.20250620/rtofs_glo_3dz_f006_6hrly_hvr_US_east.nc
ARGO_GDAC,pfl,aoml/4903622/profiles/R4903622_137.nc|2025-07-01T00:39:14Z|24.72330|-89.86950,aoml/4903622/profiles/R4903622_137.nc,4903622,4903622,24.7233,-89.8695,2025-07-01T00:39:14Z,20250701,2025,499,4.35,1899.19,31.1792,True,True,True,https://noaa-nws-rtofs-pds.s3.amazonaws.com/rtofs.20250701/rtofs_glo_3dz_f006_6hrly_hvr_US_east.nc
ARGO_GDAC,pfl,aoml/4903622/profiles/R4903622_137.nc|2025-07-01T00:39:14Z|24.72330|-89.86950,aoml/4903622/profiles/R4903622_137.nc,4903622,4903622,24.7233,-89.8695,2025-07-01T00:39:14Z,20250701,2025,69,7.72,1899.19,31.0464,True,True,True,https://noaa-nws-rtofs-pds.s3.amazonaws.com/rtofs.20250701/rtofs_glo_3dz_f006_6hrly_hvr_US_east.nc
ARGO_GDAC,pfl,aoml/4903622/profiles/R4903622_138.nc|2025-07-11T08:35:43Z|24.86820|-89.93370,aoml/4903622/profiles/R4903622_138.nc,4903622,4903622,24.8682,-89.9337,2025-07-11T08:35:43Z,20250711,2025,497,4.48,1899.59,19.3885,True,True,True,https://noaa-nws-rtofs-pds.s3.amazonaws.com/rtofs.20250711/rtofs_glo_3dz_f006_6hrly_hvr_US_east.nc
ARGO_GDAC,pfl,aoml/4903622/profiles/R4903622_138.nc|2025-07-11T08:35:43Z|24.86820|-89.93370,aoml/4903622/profiles/R4903622_138.nc,4903622,4903622,24.8682,-89.9337,2025-07-11T08:35:43Z,20250711,2025,69,7.72,1899.59,17.8934,True,True,True,https://noaa-nws-rtofs-pds.s3.amazonaws.com/rtofs.20250711/rtofs_glo_3dz_f006_6hrly_hvr_US_east.nc
ARGO_GDAC,pfl,aoml/4903622/profiles/R4903622_139.nc|2025-07-21T16:54:06Z|25.14810|-90.32980,aoml/4903622/profiles/R4903622_139.nc,4903622,4903622,25.1481,-90.3298,2025-07-21T16:54:06Z,20250721,2025,499,4.37,1899.28,22.2823,True,True,True,https://noaa-nws-rtofs-pds.s3.amazonaws.com/rtofs.20250721/rtofs_glo_3dz_f006_6hrly_hvr_US_east.nc
ARGO_GDAC,pfl,aoml/4903622/profiles/R4903622_139.nc|2025-07-21T16:54:06Z|25.14810|-90.32980,aoml/4903622/profiles/R4903622_139.nc,4903622,4903622,25.1481,-90.3298,2025-07-21T16:54:06Z,20250721,2025,69,7.69,1899.28,22.3165,True,True,True,https://noaa-nws-rtofs-pds.s3.amazonaws.com/rtofs.20250721/rtofs_glo_3dz_f006_6hrly_hvr_US_east.nc
ARGO_GDAC,pfl,aoml/4903622/profiles/R4903622_140.nc|2025-08-01T01:18:33Z|25.11790|-90.47200,aoml/4903622/profiles/R4903622_140.nc,4903622,4903622,25.1179,-90.472,2025-08-01T01:18:33Z,20250801,2025,499,4.46,1899.52,28.7389,True,True,True,https://noaa-nws-rtofs-pds.s3.amazonaws.com/rtofs.20250801/rtofs_glo_3dz_f006_6hrly_hvr_US_east.nc
ARGO_GDAC,pfl,aoml/4903622/profiles/R4903622_140.nc|2025-08-01T01:18:33Z|25.11790|-90.47200,aoml/4903622/profiles/R4903622_140.nc,4903622,4903622,25.1179,-90.472,2025-08-01T01:18:33Z,20250801,2025,69,7.85,1899.52,27.392,True,True,True,https://noaa-nws-rtofs-pds.s3.amazonaws.com/rtofs.20250801/rtofs_glo_3dz_f006_6hrly_hvr_US_east.nc
ARGO_GDAC,pfl,aoml/4903622/profiles/R4903622_141.nc|2025-08-11T09:14:24Z|25.37150|-90.49320,aoml/4903622/profiles/R4903622_141.nc,4903622,4903622,25.3715,-90.4932,2025-08-11T09:14:24Z,20250811,2025,498,4.27,1899.48,26.3098,True,True,True,https://noaa-nws-rtofs-pds.s3.amazonaws.com/rtofs.20250811/rtofs_glo_3dz_f006_6hrly_hvr_US_east.nc
ARGO_GDAC,pfl,aoml/4903622/profiles/R4903622_141.nc|2025-08-11T09:14:24Z|25.37150|-90.49320,aoml/4903622/profiles/R4903622_141.nc,4903622,4903622,25.3715,-90.4932,2025-08-11T09:14:24Z,20250811,2025,69,7.8,1899.48,26.7721,True,True,True,https://noaa-nws-rtofs-pds.s3.amazonaws.com/rtofs.20250811/rtofs_glo_3dz_f006_6hrly_hvr_US_east.nc
ARGO_GDAC,pfl,aoml/4903622/profiles/R4903622_142.nc|2025-08-21T17:06:12Z|25.31530|-90.38200,aoml/4903622/profiles/R4903622_142.nc,4903622,4903622,25.3153,-90.382,2025-08-21T17:06:12Z,20250821,2025,500,4.36,1899.26,28.894,True,True,True,https://noaa-nws-rtofs-pds.s3.amazonaws.com/rtofs.20250821/rtofs_glo_3dz_f006_6hrly_hvr_US_east.nc
ARGO_GDAC,pfl,aoml/4903622/profiles/R4903622_142.nc|2025-08-21T17:06:12Z|25.31530|-90.38200,aoml/4903622/profiles/R4903622_142.nc,4903622,4903622,25.3153,-90.382,2025-08-21T17:06:12Z,20250821,2025,69,7.5,1899.26,27.5384,True,True,True,https://noaa-nws-rtofs-pds.s3.amazonaws.com/rtofs.20250821/rtofs_glo_3dz_f006_6hrly_hvr_US_east.nc
ARGO_GDAC,pfl,aoml/4903622/profiles/R4903622_143.nc|2025-08-27T01:02:42Z|25.32880|-90.33570,aoml/4903622/profiles/R4903622_143.nc,4903622,4903622,25.3288,-90.3357,2025-08-27T01:02:42Z,20250827,2025,499,4.43,1899.6,30.9506,True,True,True,https://noaa-nws-rtofs-pds.s3.amazonaws.com/rtofs.20250827/rtofs_glo_3dz_f006_6hrly_hvr_US_east.nc
ARGO_GDAC,pfl,aoml/4903622/profiles/R4903622_143.nc|2025-08-27T01:02:42Z|25.32880|-90.33570,aoml/4903622/profiles/R4903622_143.nc,4903622,4903622,25.3288,-90.3357,2025-08-27T01:02:42Z,20250827,2025,69,7.98,1899.6,30.2095,True,True,True,https://noaa-nws-rtofs-pds.s3.amazonaws.com/rtofs.20250827/rtofs_glo_3dz_f006_6hrly_hvr_US_east.nc
ARGO_GDAC,pfl,aoml/4903622/profiles/R4903622_144.nc|2025-09-01T08:50:20Z|25.21940|-90.42100,aoml/4903622/profiles/R4903622_144.nc,4903622,4903622,25.2194,-90.421,2025-09-01T08:50:20Z,20250901,2025,499,4.36,1900.03,24.1027,True,True,True,https://noaa-nws-rtofs-pds.s3.amazonaws.com/rtofs.20250901/rtofs_glo_3dz_f006_6hrly_hvr_US_east.nc
ARGO_GDAC,pfl,aoml/4903622/profiles/R4903622_144.nc|2025-09-01T08:50:20Z|25.21940|-90.42100,aoml/4903622/profiles/R4903622_144.nc,4903622,4903622,25.2194,-90.421,2025-09-01T08:50:20Z,20250901,2025,69,7.83,1900.03,23.3951,True,True,True,https://noaa-nws-rtofs-pds.s3.amazonaws.com/rtofs.20250901/rtofs_glo_3dz_f006_6hrly_hvr_US_east.nc
ARGO_GDAC,pfl,aoml/4903622/profiles/R4903622_145.nc|2025-09-06T16:28:38Z|25.15750|-90.30810,aoml/4903622/profiles/R4903622_145.nc,4903622,4903622,25.1575,-90.3081,2025-09-06T16:28:38Z,20250906,2025,499,4.41,1899.77,28.9741,True,True,True,https://noaa-nws-rtofs-pds.s3.amazonaws.com/rtofs.20250906/rtofs_glo_3dz_f006_6hrly_hvr_US_east.nc
ARGO_GDAC,pfl,aoml/4903622/profiles/R4903622_145.nc|2025-09-06T16:28:38Z|25.15750|-90.30810,aoml/4903622/profiles/R4903622_145.nc,4903622,4903622,25.1575,-90.3081,2025-09-06T16:28:38Z,20250906,2025,69,7.94,1899.77,27.6902,True,True,True,https://noaa-nws-rtofs-pds.s3.amazonaws.com/rtofs.20250906/rtofs_glo_3dz_f006_6hrly_hvr_US_east.nc
ARGO_GDAC,pfl,aoml/4903622/profiles/R4903622_146.nc|2025-09-12T00:53:58Z|25.37740|-90.01920,aoml/4903622/profiles/R4903622_146.nc,4903622,4903622,25.3774,-90.0192,2025-09-12T00:53:58Z,20250912,2025,499,4.45,1900.04,38.4879,True,True,True,https://noaa-nws-rtofs-pds.s3.amazonaws.com/rtofs.20250912/rtofs_glo_3dz_f006_6hrly_hvr_US_east.nc
ARGO_GDAC,pfl,aoml/4903622/profiles/R4903622_146.nc|2025-09-12T00:53:58Z|25.37740|-90.01920,aoml/4903622/profiles/R4903622_146.nc,4903622,4903622,25.3774,-90.0192,2025-09-12T00:53:58Z,20250912,2025,69,7.91,1900.04,37.2655,True,True,True,https://noaa-nws-rtofs-pds.s3.amazonaws.com/rtofs.20250912/rtofs_glo_3dz_f006_6hrly_hvr_US_east.nc
ARGO_GDAC,pfl,aoml/4903622/profiles/R4903622_147.nc|2025-09-17T08:34:45Z|25.25170|-89.74740,aoml/4903622/profiles/R4903622_147.nc,4903622,4903622,25.2517,-89.7474,2025-09-17T08:34:45Z,20250917,2025,498,4.39,1899.19,51.5479,True,True,True,https://noaa-nws-rtofs-pds.s3.amazonaws.com/rtofs.20250917/rtofs_glo_3dz_f006_6hrly_hvr_US_east.nc
ARGO_GDAC,pfl,aoml/4903622/profiles/R4903622_147.nc|2025-09-17T08:34:45Z|25.25170|-89.74740,aoml/4903622/profiles/R4903622_147.nc,4903622,4903622,25.2517,-89.7474,2025-09-17T08:34:45Z,20250917,2025,69,7.55,1899.19,52.3189,True,True,True,https://noaa-nws-rtofs-pds.s3.amazonaws.com/rtofs.20250917/rtofs_glo_3dz_f006_6hrly_hvr_US_east.nc
ARGO_GDAC,pfl,aoml/4903622/profiles/R4903622_148.nc|2025-09-22T16:50:51Z|24.84890|-89.60760,aoml/4903622/profiles/R4903622_148.nc,4903622,4903622,24.8489,-89.6076,2025-09-22T16:50:51Z,20250922,2025,499,4.28,1899.61,56.0147,True,True,True,https://noaa-nws-rtofs-pds.s3.amazonaws.com/rtofs.20250922/rtofs_glo_3dz_f006_6hrly_hvr_US_east.nc
ARGO_GDAC,pfl,aoml/4903622/profiles/R4903622_148.nc|2025-09-22T16:50:51Z|24.84890|-89.60760,aoml/4903622/profiles/R4903622_148.nc,4903622,4903622,24.8489,-89.6076,2025-09-22T16:50:51Z,20250922,2025,69,7.84,1899.61,53.3491,True,True,True,https://noaa-nws-rtofs-pds.s3.amazonaws.com/rtofs.20250922/rtofs_glo_3dz_f006_6hrly_hvr_US_east.nc
ARGO_GDAC,pfl,aoml/4903622/profiles/R4903622_149.nc|2025-09-28T00:57:10Z|24.56790|-89.46920,aoml/4903622/profiles/R4903622_149.nc,4903622,4903622,24.5679,-89.4692,2025-09-28T00:57:10Z,20250928,2025,499,4.47,1899.83,42.3478,True,True,True,https://noaa-nws-rtofs-pds.s3.amazonaws.com/rtofs.20250928/rtofs_glo_3dz_f006_6hrly_hvr_US_east.nc
ARGO_GDAC,pfl,aoml/4903622/profiles/R4903622_149.nc|2025-09-28T00:57:10Z|24.56790|-89.46920,aoml/4903622/profiles/R4903622_149.nc,4903622,4903622,24.5679,-89.4692,2025-09-28T00:57:10Z,20250928,2025,69,7.94,1899.83,42.6573,True,True,True,https://noaa-nws-rtofs-pds.s3.amazonaws.com/rtofs.20250928/rtofs_glo_3dz_f006_6hrly_hvr_US_east.nc
ARGO_GDAC,pfl,aoml/4903622/profiles/R4903622_150.nc|2025-10-03T08:40:01Z|24.95170|-89.32770,aoml/4903622/profiles/R4903622_150.nc,4903622,4903622,24.9517,-89.3277,2025-10-03T08:40:01Z,20251003,2025,499,4.38,1899.14,60.5642,True,True,True,https://noaa-nws-rtofs-pds.s3.amazonaws.com/rtofs.20251003/rtofs_glo_3dz_f006_6hrly_hvr_US_east.nc
ARGO_GDAC,pfl,aoml/4903622/profiles/R4903622_150.nc|2025-10-03T08:40:01Z|24.95170|-89.32770,aoml/4903622/profiles/R4903622_150.nc,4903622,4903622,24.9517,-89.3277,2025-10-03T08:40:01Z,20251003,2025,69,7.61,1899.14,59.5215,True,True,True,https://noaa-nws-rtofs-pds.s3.amazonaws.com/rtofs.20251003/rtofs_glo_3dz_f006_6hrly_hvr_US_east.nc
ARGO_GDAC,pfl,aoml/4903622/profiles/R4903622_151.nc|2025-10-08T16:15:41Z|25.63290|-89.41480,aoml/4903622/profiles/R4903622_151.nc,4903622,4903622,25.6329,-89.4148,2025-10-08T16:15:41Z,20251008,2025,499,4.35,1899.7,65.8957,True,True,True,https://noaa-nws-rtofs-pds.s3.amazonaws.com/rtofs.20251008/rtofs_glo_3dz_f006_6hrly_hvr_US_east.nc
ARGO_GDAC,pfl,aoml/4903622/profiles/R4903622_151.nc|2025-10-08T16:15:41Z|25.63290|-89.41480,aoml/4903622/profiles/R4903622_151.nc,4903622,4903622,25.6329,-89.4148,2025-10-08T16:15:41Z,20251008,2025,69,7.98,1899.7,64.2503,True,True,True,https://noaa-nws-rtofs-pds.s3.amazonaws.com/rtofs.20251008/rtofs_glo_3dz_f006_6hrly_hvr_US_east.nc
ARGO_GDAC,pfl,aoml/4903622/profiles/R4903622_152.nc|2025-10-14T00:01:16Z|25.33030|-89.13900,aoml/4903622/profiles/R4903622_152.nc,4903622,4903622,25.3303,-89.139,2025-10-14T00:01:16Z,20251014,2025,499,4.4,1899.39,69.4197,True,True,True,https://noaa-nws-rtofs-pds.s3.amazonaws.com/rtofs.20251014/rtofs_glo_3dz_f006_6hrly_hvr_US_east.nc
ARGO_GDAC,pfl,aoml/4903622/profiles/R4903622_152.nc|2025-10-14T00:01:16Z|25.33030|-89.13900,aoml/4903622/profiles/R4903622_152.nc,4903622,4903622,25.3303,-89.139,2025-10-14T00:01:16Z,20251014,2025,69,7.56,1899.39,67.9768,True,True,True,https://noaa-nws-rtofs-pds.s3.amazonaws.com/rtofs.20251014/rtofs_glo_3dz_f006_6hrly_hvr_US_east.nc
ARGO_GDAC,pfl,aoml/4903622/profiles/R4903622_153.nc|2025-10-19T07:34:59Z|24.72370|-89.11710,aoml/4903622/profiles/R4903622_153.nc,4903622,4903622,24.7237,-89.1171,2025-10-19T07:34:59Z,20251019,2025,499,4.35,1899.26,80.3023,True,True,True,https://noaa-nws-rtofs-pds.s3.amazonaws.com/rtofs.20251019/rtofs_glo_3dz_f006_6hrly_hvr_US_east.nc
ARGO_GDAC,pfl,aoml/4903622/profiles/R4903622_153.nc|2025-10-19T07:34:59Z|24.72370|-89.11710,aoml/4903622/profiles/R4903622_153.nc,4903622,4903622,24.7237,-89.1171,2025-10-19T07:34:59Z,20251019,2025,69,7.54,1899.26,78.4333,True,True,True,https://noaa-nws-rtofs-pds.s3.amazonaws.com/rtofs.20251019/rtofs_glo_3dz_f006_6hrly_hvr_US_east.nc
ARGO_GDAC,pfl,aoml/4903622/profiles/R4903622_154.nc|2025-10-29T15:03:11Z|25.39750|-88.55380,aoml/4903622/profiles/R4903622_154.nc,4903622,4903622,25.3975,-88.5538,2025-10-29T15:03:11Z,20251029,2025,499,4.39,1899.75,90.2829,True,True,True,https://noaa-nws-rtofs-pds.s3.amazonaws.com/rtofs.20251029/rtofs_glo_3dz_f006_6hrly_hvr_US_east.nc
ARGO_GDAC,pfl,aoml/4903622/profiles/R4903622_154.nc|2025-10-29T15:03:11Z|25.39750|-88.55380,aoml/4903622/profiles/R4903622_154.nc,4903622,4903622,25.3975,-88.5538,2025-10-29T15:03:11Z,20251029,2025,69,7.44,1899.75,88.2621,True,True,True,https://noaa-nws-rtofs-pds.s3.amazonaws.com/rtofs.20251029/rtofs_glo_3dz_f006_6hrly_hvr_US_east.nc
ARGO_GDAC,pfl,aoml/4903622/profiles/R4903622_155.nc|2025-11-08T22:33:42Z|24.82980|-88.84650,aoml/4903622/profiles/R4903622_155.nc,4903622,4903622,24.8298,-88.8465,2025-11-08T22:33:42Z,20251108,2025,499,4.4,1900.1,91.111,True,True,True,https://noaa-nws-rtofs-pds.s3.amazonaws.com/rtofs.20251108/rtofs_glo_3dz_f006_6hrly_hvr_US_east.nc
ARGO_GDAC,pfl,aoml/4903622/profiles/R4903622_155.nc|2025-11-08T22:33:42Z|24.82980|-88.84650,aoml/4903622/profiles/R4903622_155.nc,4903622,4903622,24.8298,-88.8465,2025-11-08T22:33:42Z,20251108,2025,69,7.84,1900.1,87.5804,True,True,True,https://noaa-nws-rtofs-pds.s3.amazonaws.com/rtofs.20251108/rtofs_glo_3dz_f006_6hrly_hvr_US_east.nc
ARGO_GDAC,pfl,aoml/4903622/profiles/R4903622_156.nc|2025-11-19T05:59:46Z|24.35640|-89.00520,aoml/4903622/profiles/R4903622_156.nc,4903622,4903622,24.3564,-89.0052,2025-11-19T05:59:46Z,20251119,2025,498,4.52,1899.16,67.7649,True,True,True,https://noaa-nws-rtofs-pds.s3.amazonaws.com/rtofs.20251119/rtofs_glo_3dz_f006_6hrly_hvr_US_east.nc
ARGO_GDAC,pfl,aoml/4903622/profiles/R4903622_156.nc|2025-11-19T05:59:46Z|24.35640|-89.00520,aoml/4903622/profiles/R4903622_156.nc,4903622,4903622,24.3564,-89.0052,2025-11-19T05:59:46Z,20251119,2025,69,7.75,1899.16,67.416,True,True,True,https://noaa-nws-rtofs-pds.s3.amazonaws.com/rtofs.20251119/rtofs_glo_3dz_f006_6hrly_hvr_US_east.nc
ARGO_GDAC,pfl,aoml/4903622/profiles/R4903622_157.nc|2025-11-29T13:41:57Z|24.67890|-88.60980,aoml/4903622/profiles/R4903622_157.nc,4903622,4903622,24.6789,-88.6098,2025-11-29T13:41:57Z,20251129,2025,499,4.31,1899.21,33.391,True,True,True,https://noaa-nws-rtofs-pds.s3.amazonaws.com/rtofs.20251129/rtofs_glo_3dz_f006_6hrly_hvr_US_east.nc
ARGO_GDAC,pfl,aoml/4903622/profiles/R4903622_157.nc|2025-11-29T13:41:57Z|24.67890|-88.60980,aoml/4903622/profiles/R4903622_157.nc,4903622,4903622,24.6789,-88.6098,2025-11-29T13:41:57Z,20251129,2025,69,7.25,1899.21,32.6241,True,True,True,https://noaa-nws-rtofs-pds.s3.amazonaws.com/rtofs.20251129/rtofs_glo_3dz_f006_6hrly_hvr_US_east.nc
ARGO_GDAC,pfl,aoml/4903622/profiles/R4903622_159.nc|2025-12-20T06:34:59Z|25.03900|-88.24890,aoml/4903622/profiles/R4903622_159.nc,4903622,4903622,25.039,-88.2489,2025-12-20T06:34:59Z,20251220,2025,499,4.25,1899.45,55.4446,True,True,True,https://noaa-nws-rtofs-pds.s3.amazonaws.com/rtofs.20251220/rtofs_glo_3dz_f006_6hrly_hvr_US_east.nc
ARGO_GDAC,pfl,aoml/4903622/profiles/R4903622_159.nc|2025-12-20T06:34:59Z|25.03900|-88.24890,aoml/4903622/profiles/R4903622_159.nc,4903622,4903622,25.039,-88.2489,2025-12-20T06:34:59Z,20251220,2025,69,7.73,1899.45,56.4902,True,True,True,https://noaa-nws-rtofs-pds.s3.amazonaws.com/rtofs.20251220/rtofs_glo_3dz_f006_6hrly_hvr_US_east.nc
ARGO_GDAC,pfl,aoml/4903622/profiles/R4903622_160.nc|2025-12-30T14:05:00Z|25.17490|-88.48060,aoml/4903622/profiles/R4903622_160.nc,4903622,4903622,25.1749,-88.4806,2025-12-30T14:05:00Z,20251230,2025,499,4.34,1900.04,85.8851,True,True,True,https://noaa-nws-rtofs-pds.s3.amazonaws.com/rtofs.20251230/rtofs_glo_3dz_f006_6hrly_hvr_US_east.nc
ARGO_GDAC,pfl,aoml/4903622/profiles/R4903622_160.nc|2025-12-30T14:05:00Z|25.17490|-88.48060,aoml/4903622/profiles/R4903622_160.nc,4903622,4903622,25.1749,-88.4806,2025-12-30T14:05:00Z,20251230,2025,69,7.55,1900.04,85.9775,True,True,True,https://noaa-nws-rtofs-pds.s3.amazonaws.com/rtofs.20251230/rtofs_glo_3dz_f006_6hrly_hvr_US_east.nc
ARGO_GDAC,pfl,aoml/7901009/profiles/R7901009_022.nc|2024-01-08T19:37:05Z|23.93740|-85.51500,aoml/7901009/profiles/R7901009_022.nc,7901009,7901009,23.9374,-85.515,2024-01-08T19:37:05Z,20240108,2024,511,2.25,1999.15,148.2658,True,False,False,
ARGO_GDAC,pfl,aoml/7901009/profiles/R7901009_022.nc|2024-01-08T19:37:05Z|23.93740|-85.51500,aoml/7901009/profiles/R7901009_022.nc,7901009,7901009,23.9374,-85.515,2024-01-08T19:37:05Z,20240108,2024,80,7.23,1999.15,146.6928,True,False,False,
ARGO_GDAC,pfl,aoml/7901009/profiles/R7901009_023.nc|2024-01-19T02:36:20Z|23.79910|-85.43430,aoml/7901009/profiles/R7901009_023.nc,7901009,7901009,23.7991,-85.4343,2024-01-19T02:36:20Z,20240119,2024,509,2.09,1949.69,143.1459,True,False,False,
ARGO_GDAC,pfl,aoml/7901009/profiles/R7901009_023.nc|2024-01-19T02:36:20Z|23.79910|-85.43430,aoml/7901009/profiles/R7901009_023.nc,7901009,7901009,23.7991,-85.4343,2024-01-19T02:36:20Z,20240119,2024,79,7.67,1949.69,136.7517,True,False,False,
ARGO_GDAC,pfl,aoml/7901009/profiles/R7901009_024.nc|2024-01-29T09:13:59Z|23.75060|-85.43700,aoml/7901009/profiles/R7901009_024.nc,7901009,7901009,23.7506,-85.437,2024-01-29T09:13:59Z,20240129,2024,511,2.44,1999.24,74.304,True,True,True,https://noaa-nws-rtofs-pds.s3.amazonaws.com/rtofs.20240129/rtofs_glo_3dz_f006_6hrly_hvr_US_east.nc
ARGO_GDAC,pfl,aoml/7901009/profiles/R7901009_024.nc|2024-01-29T09:13:59Z|23.75060|-85.43700,aoml/7901009/profiles/R7901009_024.nc,7901009,7901009,23.7506,-85.437,2024-01-29T09:13:59Z,20240129,2024,80,7.56,1999.24,74.5316,True,True,True,https://noaa-nws-rtofs-pds.s3.amazonaws.com/rtofs.20240129/rtofs_glo_3dz_f006_6hrly_hvr_US_east.nc
ARGO_GDAC,pfl,aoml/7901009/profiles/R7901009_025.nc|2024-02-08T16:22:20Z|23.54380|-85.20120,aoml/7901009/profiles/R7901009_025.nc,7901009,7901009,23.5438,-85.2012,2024-02-08T16:22:20Z,20240208,2024,511,2.27,1999.77,127.4754,True,False,True,https://noaa-nws-rtofs-pds.s3.amazonaws.com/rtofs.20240208/rtofs_glo_3dz_f006_6hrly_hvr_US_east.nc
ARGO_GDAC,pfl,aoml/7901009/profiles/R7901009_025.nc|2024-02-08T16:22:20Z|23.54380|-85.20120,aoml/7901009/profiles/R7901009_025.nc,7901009,7901009,23.5438,-85.2012,2024-02-08T16:22:20Z,20240208,2024,80,7.6,1999.77,127.5565,True,False,True,https://noaa-nws-rtofs-pds.s3.amazonaws.com/rtofs.20240208/rtofs_glo_3dz_f006_6hrly_hvr_US_east.nc
ARGO_GDAC,pfl,aoml/7901009/profiles/R7901009_026.nc|2024-02-18T23:08:52Z|23.33980|-85.24020,aoml/7901009/profiles/R7901009_026.nc,7901009,7901009,23.3398,-85.2402,2024-02-18T23:08:52Z,20240218,2024,510,2.19,1998.69,31.4958,True,True,True,https://noaa-nws-rtofs-pds.s3.amazonaws.com/rtofs.20240218/rtofs_glo_3dz_f006_6hrly_hvr_US_east.nc
ARGO_GDAC,pfl,aoml/7901009/profiles/R7901009_026.nc|2024-02-18T23:08:52Z|23.33980|-85.24020,aoml/7901009/profiles/R7901009_026.nc,7901009,7901009,23.3398,-85.2402,2024-02-18T23:08:52Z,20240218,2024,80,7.42,1998.69,31.6405,True,True,True,https://noaa-nws-rtofs-pds.s3.amazonaws.com/rtofs.20240218/rtofs_glo_3dz_f006_6hrly_hvr_US_east.nc
ARGO_GDAC,pfl,aoml/7901009/profiles/R7901009_027.nc|2024-02-29T06:20:20Z|23.06680|-85.30760,aoml/7901009/profiles/R7901009_027.nc,7901009,7901009,23.0668,-85.3076,2024-02-29T06:20:20Z,20240229,2024,510,2.31,1950.01,154.737,True,False,True,https://noaa-nws-rtofs-pds.s3.amazonaws.com/rtofs.20240229/rtofs_glo_3dz_f006_6hrly_hvr_US_east.nc
ARGO_GDAC,pfl,aoml/7901009/profiles/R7901009_027.nc|2024-02-29T06:20:20Z|23.06680|-85.30760,aoml/7901009/profiles/R7901009_027.nc,7901009,7901009,23.0668,-85.3076,2024-02-29T06:20:20Z,20240229,2024,79,7.3,1950.01,153.4132,True,False,True,https://noaa-nws-rtofs-pds.s3.amazonaws.com/rtofs.20240229/rtofs_glo_3dz_f006_6hrly_hvr_US_east.nc
ARGO_GDAC,pfl,aoml/7901009/profiles/R7901009_028.nc|2024-03-10T12:50:34Z|23.05320|-85.27120,aoml/7901009/profiles/R7901009_028.nc,7901009,7901009,23.0532,-85.2712,2024-03-10T12:50:34Z,20240310,2024,511,2.12,1999.12,75.7259,True,True,True,https://noaa-nws-rtofs-pds.s3.amazonaws.com/rtofs.20240310/rtofs_glo_3dz_f006_6hrly_hvr_US_east.nc
ARGO_GDAC,pfl,aoml/7901009/profiles/R7901009_028.nc|2024-03-10T12:50:34Z|23.05320|-85.27120,aoml/7901009/profiles/R7901009_028.nc,7901009,7901009,23.0532,-85.2712,2024-03-10T12:50:34Z,20240310,2024,80,7.53,1999.12,74.635,True,True,True,https://noaa-nws-rtofs-pds.s3.amazonaws.com/rtofs.20240310/rtofs_glo_3dz_f006_6hrly_hvr_US_east.nc
ARGO_GDAC,pfl,aoml/7901009/profiles/R7901009_029.nc|2024-03-20T19:34:37Z|22.76630|-85.26760,aoml/7901009/profiles/R7901009_029.nc,7901009,7901009,22.7663,-85.2676,2024-03-20T19:34:37Z,20240320,2024,511,2.25,1998.15,88.7307,True,True,True,https://noaa-nws-rtofs-pds.s3.amazonaws.com/rtofs.20240320/rtofs_glo_3dz_f006_6hrly_hvr_US_east.nc
ARGO_GDAC,pfl,aoml/7901009/profiles/R7901009_029.nc|2024-03-20T19:34:37Z|22.76630|-85.26760,aoml/7901009/profiles/R7901009_029.nc,7901009,7901009,22.7663,-85.2676,2024-03-20T19:34:37Z,20240320,2024,80,7.19,1998.15,87.0148,True,True,True,https://noaa-nws-rtofs-pds.s3.amazonaws.com/rtofs.20240320/rtofs_glo_3dz_f006_6hrly_hvr_US_east.nc
ARGO_GDAC,pfl,aoml/7901009/profiles/R7901009_030.nc|2024-03-31T02:24:20Z|22.74960|-85.39240,aoml/7901009/profiles/R7901009_030.nc,7901009,7901009,22.7496,-85.3924,2024-03-31T02:24:20Z,20240331,2024,510,2.19,1949.29,105.8747,True,False,True,https://noaa-nws-rtofs-pds.s3.amazonaws.com/rtofs.20240331/rtofs_glo_3dz_f006_6hrly_hvr_US_east.nc
ARGO_GDAC,pfl,aoml/7901009/profiles/R7901009_030.nc|2024-03-31T02:24:20Z|22.74960|-85.39240,aoml/7901009/profiles/R7901009_030.nc,7901009,7901009,22.7496,-85.3924,2024-03-31T02:24:20Z,20240331,2024,79,7.13,1949.29,105.757,True,False,True,https://noaa-nws-rtofs-pds.s3.amazonaws.com/rtofs.20240331/rtofs_glo_3dz_f006_6hrly_hvr_US_east.nc
ARGO_GDAC,pfl,aoml/7901009/profiles/R7901009_031.nc|2024-04-10T08:52:45Z|22.72650|-85.50210,aoml/7901009/profiles/R7901009_031.nc,7901009,7901009,22.7265,-85.5021,2024-04-10T08:52:45Z,20240410,2024,510,1.97,1998.87,110.7633,True,False,True,https://noaa-nws-rtofs-pds.s3.amazonaws.com/rtofs.20240410/rtofs_glo_3dz_f006_6hrly_hvr_US_east.nc
ARGO_GDAC,pfl,aoml/7901009/profiles/R7901009_031.nc|2024-04-10T08:52:45Z|22.72650|-85.50210,aoml/7901009/profiles/R7901009_031.nc,7901009,7901009,22.7265,-85.5021,2024-04-10T08:52:45Z,20240410,2024,80,7.08,1998.87,110.8684,True,False,True,https://noaa-nws-rtofs-pds.s3.amazonaws.com/rtofs.20240410/rtofs_glo_3dz_f006_6hrly_hvr_US_east.nc
ARGO_GDAC,pfl,aoml/7901009/profiles/R7901009_032.nc|2024-04-20T16:26:12Z|22.23010|-85.66760,aoml/7901009/profiles/R7901009_032.nc,7901009,7901009,22.2301,-85.6676,2024-04-20T16:26:12Z,20240420,2024,506,2.35,1750.65,50.7974,True,True,True,https://noaa-nws-rtofs-pds.s3.amazonaws.com/rtofs.20240420/rtofs_glo_3dz_f006_6hrly_hvr_US_east.nc
ARGO_GDAC,pfl,aoml/7901009/profiles/R7901009_032.nc|2024-04-20T16:26:12Z|22.23010|-85.66760,aoml/7901009/profiles/R7901009_032.nc,7901009,7901009,22.2301,-85.6676,2024-04-20T16:26:12Z,20240420,2024,75,7.48,1750.65,49.9675,True,True,True,https://noaa-nws-rtofs-pds.s3.amazonaws.com/rtofs.20240420/rtofs_glo_3dz_f006_6hrly_hvr_US_east.nc
ARGO_GDAC,pfl,aoml/7901009/profiles/R7901009_033.nc|2024-04-30T22:29:22Z|22.27020|-85.74880,aoml/7901009/profiles/R7901009_033.nc,7901009,7901009,22.2702,-85.7488,2024-04-30T22:29:22Z,20240430,2024,503,2.31,1649.41,26.62,True,True,True,https://noaa-nws-rtofs-pds.s3.amazonaws.com/rtofs.20240430/rtofs_glo_3dz_f006_6hrly_hvr_US_east.nc
ARGO_GDAC,pfl,aoml/7901009/profiles/R7901009_033.nc|2024-04-30T22:29:22Z|22.27020|-85.74880,aoml/7901009/profiles/R7901009_033.nc,7901009,7901009,22.2702,-85.7488,2024-04-30T22:29:22Z,20240430,2024,73,7.75,1649.41,28.2715,True,True,True,https://noaa-nws-rtofs-pds.s3.amazonaws.com/rtofs.20240430/rtofs_glo_3dz_f006_6hrly_hvr_US_east.nc
ARGO_GDAC,pfl,aoml/7901009/profiles/R7901009_034.nc|2024-05-11T04:46:59Z|22.26400|-85.67150,aoml/7901009/profiles/R7901009_034.nc,7901009,7901009,22.264,-85.6715,2024-05-11T04:46:59Z,20240511,2024,505,2.38,1699.58,34.1919,True,True,True,https://noaa-nws-rtofs-pds.s3.amazonaws.com/rtofs.20240511/rtofs_glo_3dz_f006_6hrly_hvr_US_east.nc
ARGO_GDAC,pfl,aoml/7901009/profiles/R7901009_034.nc|2024-05-11T04:46:59Z|22.26400|-85.67150,aoml/7901009/profiles/R7901009_034.nc,7901009,7901009,22.264,-85.6715,2024-05-11T04:46:59Z,20240511,2024,74,7.54,1699.58,31.9415,True,True,True,https://noaa-nws-rtofs-pds.s3.amazonaws.com/rtofs.20240511/rtofs_glo_3dz_f006_6hrly_hvr_US_east.nc
ARGO_GDAC,pfl,aoml/7901009/profiles/R7901009_035.nc|2024-05-21T11:16:18Z|22.23280|-85.69090,aoml/7901009/profiles/R7901009_035.nc,7901009,7901009,22.2328,-85.6909,2024-05-21T11:16:18Z,20240521,2024,505,2.24,1750.44,45.5882,True,True,True,https://noaa-nws-rtofs-pds.s3.amazonaws.com/rtofs.20240521/rtofs_glo_3dz_f006_6hrly_hvr_US_east.nc
ARGO_GDAC,pfl,aoml/7901009/profiles/R7901009_035.nc|2024-05-21T11:16:18Z|22.23280|-85.69090,aoml/7901009/profiles/R7901009_035.nc,7901009,7901009,22.2328,-85.6909,2024-05-21T11:16:18Z,20240521,2024,75,7.77,1750.44,45.0474,True,True,True,https://noaa-nws-rtofs-pds.s3.amazonaws.com/rtofs.20240521/rtofs_glo_3dz_f006_6hrly_hvr_US_east.nc
ARGO_GDAC,pfl,aoml/7901009/profiles/R7901009_036.nc|2024-05-31T17:00:52Z|22.08620|-85.92720,aoml/7901009/profiles/R7901009_036.nc,7901009,7901009,22.0862,-85.9272,2024-05-31T17:00:52Z,20240531,2024,500,2.29,1448.49,38.1413,True,True,True,https://noaa-nws-rtofs-pds.s3.amazonaws.com/rtofs.20240531/rtofs_glo_3dz_f006_6hrly_hvr_US_east.nc
ARGO_GDAC,pfl,aoml/7901009/profiles/R7901009_036.nc|2024-05-31T17:00:52Z|22.08620|-85.92720,aoml/7901009/profiles/R7901009_036.nc,7901009,7901009,22.0862,-85.9272,2024-05-31T17:00:52Z,20240531,2024,69,7.75,1448.49,37.2659,True,True,True,https://noaa-nws-rtofs-pds.s3.amazonaws.com/rtofs.20240531/rtofs_glo_3dz_f006_6hrly_hvr_US_east.nc
ARGO_GDAC,pfl,aoml/7901009/profiles/R7901009_037.nc|2024-06-10T21:03:08Z|21.96470|-85.97410,aoml/7901009/profiles/R7901009_037.nc,7901009,7901009,21.9647,-85.9741,2024-06-10T21:03:08Z,20240610,2024,495,0.71,1444.71,21.309,True,True,True,https://noaa-nws-rtofs-pds.s3.amazonaws.com/rtofs.20240610/rtofs_glo_3dz_f006_6hrly_hvr_US_east.nc
ARGO_GDAC,pfl,aoml/7901009/profiles/R7901009_037.nc|2024-06-10T21:03:08Z|21.96470|-85.97410,aoml/7901009/profiles/R7901009_037.nc,7901009,7901009,21.9647,-85.9741,2024-06-10T21:03:08Z,20240610,2024,42,4.3,1444.71,21.6461,True,True,True,https://noaa-nws-rtofs-pds.s3.amazonaws.com/rtofs.20240610/rtofs_glo_3dz_f006_6hrly_hvr_US_east.nc
ARGO_GDAC,pfl,aoml/7901009/profiles/R7901009_038.nc|2024-06-21T03:15:42Z|21.95280|-86.02500,aoml/7901009/profiles/R7901009_038.nc,7901009,7901009,21.9528,-86.025,2024-06-21T03:15:42Z,20240621,2024,500,2.23,1449.33,60.1028,True,True,True,https://noaa-nws-rtofs-pds.s3.amazonaws.com/rtofs.20240621/rtofs_glo_3dz_f006_6hrly_hvr_US_east.nc
ARGO_GDAC,pfl,aoml/7901009/profiles/R7901009_038.nc|2024-06-21T03:15:42Z|21.95280|-86.02500,aoml/7901009/profiles/R7901009_038.nc,7901009,7901009,21.9528,-86.025,2024-06-21T03:15:42Z,20240621,2024,69,7.16,1449.33,58.8312,True,True,True,https://noaa-nws-rtofs-pds.s3.amazonaws.com/rtofs.20240621/rtofs_glo_3dz_f006_6hrly_hvr_US_east.nc
ARGO_GDAC,pfl,aoml/7901009/profiles/R7901009_039.nc|2024-07-01T09:00:19Z|22.03110|-86.03440,aoml/7901009/profiles/R7901009_039.nc,7901009,7901009,22.0311,-86.0344,2024-07-01T09:00:19Z,20240701,2024,497,2.19,1298.79,55.1399,True,True,True,https://noaa-nws-rtofs-pds.s3.amazonaws.com/rtofs.20240701/rtofs_glo_3dz_f006_6hrly_hvr_US_east.nc
ARGO_GDAC,pfl,aoml/7901009/profiles/R7901009_039.nc|2024-07-01T09:00:19Z|22.03110|-86.03440,aoml/7901009/profiles/R7901009_039.nc,7901009,7901009,22.0311,-86.0344,2024-07-01T09:00:19Z,20240701,2024,66,7.45,1298.79,53.2832,True,True,True,https://noaa-nws-rtofs-pds.s3.amazonaws.com/rtofs.20240701/rtofs_glo_3dz_f006_6hrly_hvr_US_east.nc
ARGO_GDAC,pfl,aoml/7901009/profiles/R7901009_040.nc|2024-07-11T14:41:59Z|21.97910|-86.07820,aoml/7901009/profiles/R7901009_040.nc,7901009,7901009,21.9791,-86.0782,2024-07-11T14:41:59Z,20240711,2024,497,2.26,1299.36,35.2387,True,True,True,https://noaa-nws-rtofs-pds.s3.amazonaws.com/rtofs.20240711/rtofs_glo_3dz_f006_6hrly_hvr_US_east.nc
ARGO_GDAC,pfl,aoml/7901009/profiles/R7901009_040.nc|2024-07-11T14:41:59Z|21.97910|-86.07820,aoml/7901009/profiles/R7901009_040.nc,7901009,7901009,21.9791,-86.0782,2024-07-11T14:41:59Z,20240711,2024,66,7.72,1299.36,34.1184,True,True,True,https://noaa-nws-rtofs-pds.s3.amazonaws.com/rtofs.20240711/rtofs_glo_3dz_f006_6hrly_hvr_US_east.nc
ARGO_GDAC,pfl,aoml/7901009/profiles/R7901009_041.nc|2024-07-21T20:29:40Z|21.94730|-86.09040,aoml/7901009/profiles/R7901009_041.nc,7901009,7901009,21.9473,-86.0904,2024-07-21T20:29:40Z,20240721,2024,495,2.33,1249.33,16.3601,True,True,True,https://noaa-nws-rtofs-pds.s3.amazonaws.com/rtofs.20240721/rtofs_glo_3dz_f006_6hrly_hvr_US_east.nc
ARGO_GDAC,pfl,aoml/7901009/profiles/R7901009_041.nc|2024-07-21T20:29:40Z|21.94730|-86.09040,aoml/7901009/profiles/R7901009_041.nc,7901009,7901009,21.9473,-86.0904,2024-07-21T20:29:40Z,20240721,2024,65,7.66,1249.33,17.056,True,True,True,https://noaa-nws-rtofs-pds.s3.amazonaws.com/rtofs.20240721/rtofs_glo_3dz_f006_6hrly_hvr_US_east.nc
ARGO_GDAC,pfl,aoml/7901009/profiles/R7901009_042.nc|2024-08-01T01:40:51Z|22.04630|-86.06610,aoml/7901009/profiles/R7901009_042.nc,7901009,7901009,22.0463,-86.0661,2024-08-01T01:40:51Z,20240801,2024,495,2.13,1201.33,23.3382,True,True,True,https://noaa-nws-rtofs-pds.s3.amazonaws.com/rtofs.20240801/rtofs_glo_3dz_f006_6hrly_hvr_US_east.nc
ARGO_GDAC,pfl,aoml/7901009/profiles/R7901009_042.nc|2024-08-01T01:40:51Z|22.04630|-86.06610,aoml/7901009/profiles/R7901009_042.nc,7901009,7901009,22.0463,-86.0661,2024-08-01T01:40:51Z,20240801,2024,64,7.63,1201.33,22.4074,True,True,True,https://noaa-nws-rtofs-pds.s3.amazonaws.com/rtofs.20240801/rtofs_glo_3dz_f006_6hrly_hvr_US_east.nc
ARGO_GDAC,pfl,aoml/7901009/profiles/R7901009_043.nc|2024-08-11T06:59:21Z|22.15350|-86.05450,aoml/7901009/profiles/R7901009_043.nc,7901009,7901009,22.1535,-86.0545,2024-08-11T06:59:21Z,20240811,2024,493,2.21,1149.61,18.6815,True,True,True,https://noaa-nws-rtofs-pds.s3.amazonaws.com/rtofs.20240811/rtofs_glo_3dz_f006_6hrly_hvr_US_east.nc
ARGO_GDAC,pfl,aoml/7901009/profiles/R7901009_043.nc|2024-08-11T06:59:21Z|22.15350|-86.05450,aoml/7901009/profiles/R7901009_043.nc,7901009,7901009,22.1535,-86.0545,2024-08-11T06:59:21Z,20240811,2024,63,7.71,1149.61,18.8618,True,True,True,https://noaa-nws-rtofs-pds.s3.amazonaws.com/rtofs.20240811/rtofs_glo_3dz_f006_6hrly_hvr_US_east.nc
ARGO_GDAC,pfl,aoml/7901009/profiles/R7901009_044.nc|2024-08-21T13:23:21Z|22.25390|-85.90610,aoml/7901009/profiles/R7901009_044.nc,7901009,7901009,22.2539,-85.9061,2024-08-21T13:23:21Z,20240821,2024,501,2.24,1499.14,20.3436,True,True,True,https://noaa-nws-rtofs-pds.s3.amazonaws.com/rtofs.20240821/rtofs_glo_3dz_f006_6hrly_hvr_US_east.nc
ARGO_GDAC,pfl,aoml/7901009/profiles/R7901009_044.nc|2024-08-21T13:23:21Z|22.25390|-85.90610,aoml/7901009/profiles/R7901009_044.nc,7901009,7901009,22.2539,-85.9061,2024-08-21T13:23:21Z,20240821,2024,70,7.84,1499.14,19.0231,True,True,True,https://noaa-nws-rtofs-pds.s3.amazonaws.com/rtofs.20240821/rtofs_glo_3dz_f006_6hrly_hvr_US_east.nc
ARGO_GDAC,pfl,aoml/7901009/profiles/R7901009_045.nc|2024-08-31T18:26:31Z|22.99440|-86.17960,aoml/7901009/profiles/R7901009_045.nc,7901009,7901009,22.9944,-86.1796,2024-08-31T18:26:31Z,20240831,2024,493,2.36,1099.66,39.7264,True,True,True,https://noaa-nws-rtofs-pds.s3.amazonaws.com/rtofs.20240831/rtofs_glo_3dz_f006_6hrly_hvr_US_east.nc
ARGO_GDAC,pfl,aoml/7901009/profiles/R7901009_045.nc|2024-08-31T18:26:31Z|22.99440|-86.17960,aoml/7901009/profiles/R7901009_045.nc,7901009,7901009,22.9944,-86.1796,2024-08-31T18:26:31Z,20240831,2024,62,7.79,1099.66,39.0827,True,True,True,https://noaa-nws-rtofs-pds.s3.amazonaws.com/rtofs.20240831/rtofs_glo_3dz_f006_6hrly_hvr_US_east.nc
ARGO_GDAC,pfl,aoml/7901009/profiles/R7901009_046.nc|2024-09-11T00:14:39Z|23.38430|-86.42550,aoml/7901009/profiles/R7901009_046.nc,7901009,7901009,23.3843,-86.4255,2024-09-11T00:14:39Z,20240911,2024,499,2.24,1396.34,28.7096,True,True,True,https://noaa-nws-rtofs-pds.s3.amazonaws.com/rtofs.20240911/rtofs_glo_3dz_f006_6hrly_hvr_US_east.nc
ARGO_GDAC,pfl,aoml/7901009/profiles/R7901009_046.nc|2024-09-11T00:14:39Z|23.38430|-86.42550,aoml/7901009/profiles/R7901009_046.nc,7901009,7901009,23.3843,-86.4255,2024-09-11T00:14:39Z,20240911,2024,68,7.38,1396.34,28.1433,True,True,True,https://noaa-nws-rtofs-pds.s3.amazonaws.com/rtofs.20240911/rtofs_glo_3dz_f006_6hrly_hvr_US_east.nc
ARGO_GDAC,pfl,aoml/7901009/profiles/R7901009_047.nc|2024-09-21T05:15:43Z|23.06640|-86.37370,aoml/7901009/profiles/R7901009_047.nc,7901009,7901009,23.0664,-86.3737,2024-09-21T05:15:43Z,20240921,2024,491,2.21,1052.11,28.3802,True,True,True,https://noaa-nws-rtofs-pds.s3.amazonaws.com/rtofs.20240921/rtofs_glo_3dz_f006_6hrly_hvr_US_east.nc
ARGO_GDAC,pfl,aoml/7901009/profiles/R7901009_047.nc|2024-09-21T05:15:43Z|23.06640|-86.37370,aoml/7901009/profiles/R7901009_047.nc,7901009,7901009,23.0664,-86.3737,2024-09-21T05:15:43Z,20240921,2024,61,7.45,1052.11,29.079,True,True,True,https://noaa-nws-rtofs-pds.s3.amazonaws.com/rtofs.20240921/rtofs_glo_3dz_f006_6hrly_hvr_US_east.nc
ARGO_GDAC,pfl,aoml/7901009/profiles/R7901009_048.nc|2024-10-01T11:46:13Z|23.45150|-86.30790,aoml/7901009/profiles/R7901009_048.nc,7901009,7901009,23.4515,-86.3079,2024-10-01T11:46:13Z,20241001,2024,504,2.01,1648.31,37.086,True,True,True,https://noaa-nws-rtofs-pds.s3.amazonaws.com/rtofs.20241001/rtofs_glo_3dz_f006_6hrly_hvr_US_east.nc
ARGO_GDAC,pfl,aoml/7901009/profiles/R7901009_048.nc|2024-10-01T11:46:13Z|23.45150|-86.30790,aoml/7901009/profiles/R7901009_048.nc,7901009,7901009,23.4515,-86.3079,2024-10-01T11:46:13Z,20241001,2024,73,7.79,1648.31,37.016,True,True,True,https://noaa-nws-rtofs-pds.s3.amazonaws.com/rtofs.20241001/rtofs_glo_3dz_f006_6hrly_hvr_US_east.nc
ARGO_GDAC,pfl,aoml/7901009/profiles/R7901009_049.nc|2024-10-11T17:12:51Z|23.09830|-86.04750,aoml/7901009/profiles/R7901009_049.nc,7901009,7901009,23.0983,-86.0475,2024-10-11T17:12:51Z,20241011,2024,496,2.39,1249.99,68.9178,True,True,True,https://noaa-nws-rtofs-pds.s3.amazonaws.com/rtofs.20241011/rtofs_glo_3dz_f006_6hrly_hvr_US_east.nc
ARGO_GDAC,pfl,aoml/7901009/profiles/R7901009_049.nc|2024-10-11T17:12:51Z|23.09830|-86.04750,aoml/7901009/profiles/R7901009_049.nc,7901009,7901009,23.0983,-86.0475,2024-10-11T17:12:51Z,20241011,2024,65,7.41,1249.99,68.5168,True,True,True,https://noaa-nws-rtofs-pds.s3.amazonaws.com/rtofs.20241011/rtofs_glo_3dz_f006_6hrly_hvr_US_east.nc
ARGO_GDAC,pfl,aoml/7901009/profiles/R7901009_050.nc|2024-10-21T21:39:06Z|23.50420|-86.04090,aoml/7901009/profiles/R7901009_050.nc,7901009,7901009,23.5042,-86.0409,2024-10-21T21:39:06Z,20241021,2024,510,1.99,1997.39,62.5233,True,True,True,https://noaa-nws-rtofs-pds.s3.amazonaws.com/rtofs.20241021/rtofs_glo_3dz_f006_6hrly_hvr_US_east.nc
ARGO_GDAC,pfl,aoml/7901009/profiles/R7901009_050.nc|2024-10-21T21:39:06Z|23.50420|-86.04090,aoml/7901009/profiles/R7901009_050.nc,7901009,7901009,23.5042,-86.0409,2024-10-21T21:39:06Z,20241021,2024,80,7.86,1997.39,62.1931,True,True,True,https://noaa-nws-rtofs-pds.s3.amazonaws.com/rtofs.20241021/rtofs_glo_3dz_f006_6hrly_hvr_US_east.nc
ARGO_GDAC,pfl,aoml/7901009/profiles/R7901009_051.nc|2024-11-01T02:42:23Z|23.64560|-85.92910,aoml/7901009/profiles/R7901009_051.nc,7901009,7901009,23.6456,-85.9291,2024-11-01T02:42:23Z,20241101,2024,512,0.98,1998.58,57.0959,True,True,True,https://noaa-nws-rtofs-pds.s3.amazonaws.com/rtofs.20241101/rtofs_glo_3dz_f006_6hrly_hvr_US_east.nc
ARGO_GDAC,pfl,aoml/7901009/profiles/R7901009_051.nc|2024-11-01T02:42:23Z|23.64560|-85.92910,aoml/7901009/profiles/R7901009_051.nc,7901009,7901009,23.6456,-85.9291,2024-11-01T02:42:23Z,20241101,2024,80,7.27,1998.58,57.1578,True,True,True,https://noaa-nws-rtofs-pds.s3.amazonaws.com/rtofs.20241101/rtofs_glo_3dz_f006_6hrly_hvr_US_east.nc
ARGO_GDAC,pfl,aoml/7901009/profiles/R7901009_052.nc|2024-11-11T07:38:38Z|23.92820|-85.94840,aoml/7901009/profiles/R7901009_052.nc,7901009,7901009,23.9282,-85.9484,2024-11-11T07:38:38Z,20241111,2024,511,1.97,1995.57,76.5529,True,True,True,https://noaa-nws-rtofs-pds.s3.amazonaws.com/rtofs.20241111/rtofs_glo_3dz_f006_6hrly_hvr_US_east.nc
ARGO_GDAC,pfl,aoml/7901009/profiles/R7901009_052.nc|2024-11-11T07:38:38Z|23.92820|-85.94840,aoml/7901009/profiles/R7901009_052.nc,7901009,7901009,23.9282,-85.9484,2024-11-11T07:38:38Z,20241111,2024,80,7.07,1995.57,77.1875,True,True,True,https://noaa-nws-rtofs-pds.s3.amazonaws.com/rtofs.20241111/rtofs_glo_3dz_f006_6hrly_hvr_US_east.nc
ARGO_GDAC,pfl,aoml/7901009/profiles/R7901009_053.nc|2024-11-21T15:08:33Z|24.15170|-86.18740,aoml/7901009/profiles/R7901009_053.nc,7901009,7901009,24.1517,-86.1874,2024-11-21T15:08:33Z,20241121,2024,508,2.41,1848.61,58.162,True,True,True,https://noaa-nws-rtofs-pds.s3.amazonaws.com/rtofs.20241121/rtofs_glo_3dz_f006_6hrly_hvr_US_east.nc
ARGO_GDAC,pfl,aoml/7901009/profiles/R7901009_053.nc|2024-11-21T15:08:33Z|24.15170|-86.18740,aoml/7901009/profiles/R7901009_053.nc,7901009,7901009,24.1517,-86.1874,2024-11-21T15:08:33Z,20241121,2024,77,7.54,1848.61,57.5244,True,True,True,https://noaa-nws-rtofs-pds.s3.amazonaws.com/rtofs.20241121/rtofs_glo_3dz_f006_6hrly_hvr_US_east.nc
ARGO_GDAC,pfl,aoml/7901009/profiles/R7901009_054.nc|2024-12-01T23:47:36Z|25.48280|-85.96030,aoml/7901009/profiles/R7901009_054.nc,7901009,7901009,25.4828,-85.9603,2024-12-01T23:47:36Z,20241201,2024,511,1.87,1998.27,36.4706,True,True,True,https://noaa-nws-rtofs-pds.s3.amazonaws.com/rtofs.20241201/rtofs_glo_3dz_f006_6hrly_hvr_US_east.nc
ARGO_GDAC,pfl,aoml/7901009/profiles/R7901009_054.nc|2024-12-01T23:47:36Z|25.48280|-85.96030,aoml/7901009/profiles/R7901009_054.nc,7901009,7901009,25.4828,-85.9603,2024-12-01T23:47:36Z,20241201,2024,80,6.88,1998.27,37.0227,True,True,True,https://noaa-nws-rtofs-pds.s3.amazonaws.com/rtofs.20241201/rtofs_glo_3dz_f006_6hrly_hvr_US_east.nc
ARGO_GDAC,pfl,aoml/7901009/profiles/R7901009_055.nc|2024-12-12T06:28:35Z|25.34400|-86.17900,aoml/7901009/profiles/R7901009_055.nc,7901009,7901009,25.344,-86.179,2024-12-12T06:28:35Z,20241212,2024,325,2.07,1998.27,84.331,True,True,True,https://noaa-nws-rtofs-pds.s3.amazonaws.com/rtofs.20241212/rtofs_glo_3dz_f006_6hrly_hvr_US_east.nc
ARGO_GDAC,pfl,aoml/7901009/profiles/R7901009_055.nc|2024-12-12T06:28:35Z|25.34400|-86.17900,aoml/7901009/profiles/R7901009_055.nc,7901009,7901009,25.344,-86.179,2024-12-12T06:28:35Z,20241212,2024,80,7.57,1998.27,83.6464,True,True,True,https://noaa-nws-rtofs-pds.s3.amazonaws.com/rtofs.20241212/rtofs_glo_3dz_f006_6hrly_hvr_US_east.nc
ARGO_GDAC,pfl,aoml/7901009/profiles/R7901009_056.nc|2024-12-22T15:59:17Z|25.20280|-86.40070,aoml/7901009/profiles/R7901009_056.nc,7901009,7901009,25.2028,-86.4007,2024-12-22T15:59:17Z,20241222,2024,511,2.21,1998.31,39.4786,True,True,True,https://noaa-nws-rtofs-pds.s3.amazonaws.com/rtofs.20241222/rtofs_glo_3dz_f006_6hrly_hvr_US_east.nc
ARGO_GDAC,pfl,aoml/7901009/profiles/R7901009_056.nc|2024-12-22T15:59:17Z|25.20280|-86.40070,aoml/7901009/profiles/R7901009_056.nc,7901009,7901009,25.2028,-86.4007,2024-12-22T15:59:17Z,20241222,2024,80,7.09,1998.31,39.0786,True,True,True,https://noaa-nws-rtofs-pds.s3.amazonaws.com/rtofs.20241222/rtofs_glo_3dz_f006_6hrly_hvr_US_east.nc
ARGO_GDAC,pfl,aoml/7901009/profiles/R7901009_057.nc|2025-01-01T22:54:10Z|24.72770|-86.24670,aoml/7901009/profiles/R7901009_057.nc,7901009,7901009,24.7277,-86.2467,2025-01-01T22:54:10Z,20250101,2025,511,2.23,1995.23,102.4761,True,False,True,https://noaa-nws-rtofs-pds.s3.amazonaws.com/rtofs.20250101/rtofs_glo_3dz_f006_6hrly_hvr_US_east.nc
ARGO_GDAC,pfl,aoml/7901009/profiles/R7901009_057.nc|2025-01-01T22:54:10Z|24.72770|-86.24670,aoml/7901009/profiles/R7901009_057.nc,7901009,7901009,24.7277,-86.2467,2025-01-01T22:54:10Z,20250101,2025,80,7.61,1995.23,102.576,True,False,True,https://noaa-nws-rtofs-pds.s3.amazonaws.com/rtofs.20250101/rtofs_glo_3dz_f006_6hrly_hvr_US_east.nc
ARGO_GDAC,pfl,aoml/7901009/profiles/R7901009_058.nc|2025-01-12T05:05:00Z|25.18210|-86.52460,aoml/7901009/profiles/R7901009_058.nc,7901009,7901009,25.1821,-86.5246,2025-01-12T05:05:00Z,20250112,2025,512,0.88,1996.98,160.5544,True,False,True,https://noaa-nws-rtofs-pds.s3.amazonaws.com/rtofs.20250112/rtofs_glo_3dz_f006_6hrly_hvr_US_east.nc
ARGO_GDAC,pfl,aoml/7901009/profiles/R7901009_058.nc|2025-01-12T05:05:00Z|25.18210|-86.52460,aoml/7901009/profiles/R7901009_058.nc,7901009,7901009,25.1821,-86.5246,2025-01-12T05:05:00Z,20250112,2025,80,7.55,1996.98,156.2758,True,False,True,https://noaa-nws-rtofs-pds.s3.amazonaws.com/rtofs.20250112/rtofs_glo_3dz_f006_6hrly_hvr_US_east.nc
ARGO_GDAC,pfl,aoml/7901009/profiles/R7901009_059.nc|2025-01-22T11:47:19Z|25.17690|-86.91450,aoml/7901009/profiles/R7901009_059.nc,7901009,7901009,25.1769,-86.9145,2025-01-22T11:47:19Z,20250122,2025,512,1.04,1998.44,168.4614,True,False,True,https://noaa-nws-rtofs-pds.s3.amazonaws.com/rtofs.20250122/rtofs_glo_3dz_f006_6hrly_hvr_US_east.nc
ARGO_GDAC,pfl,aoml/7901009/profiles/R7901009_059.nc|2025-01-22T11:47:19Z|25.17690|-86.91450,aoml/7901009/profiles/R7901009_059.nc,7901009,7901009,25.1769,-86.9145,2025-01-22T11:47:19Z,20250122,2025,80,7.5,1998.44,162.6292,True,False,True,https://noaa-nws-rtofs-pds.s3.amazonaws.com/rtofs.20250122/rtofs_glo_3dz_f006_6hrly_hvr_US_east.nc
ARGO_GDAC,pfl,aoml/7901009/profiles/R7901009_060.nc|2025-02-01T18:22:48Z|25.52090|-87.17240,aoml/7901009/profiles/R7901009_060.nc,7901009,7901009,25.5209,-87.1724,2025-02-01T18:22:48Z,20250201,2025,511,1.83,1998.33,109.6921,True,False,True,https://noaa-nws-rtofs-pds.s3.amazonaws.com/rtofs.20250201/rtofs_glo_3dz_f006_6hrly_hvr_US_east.nc
ARGO_GDAC,pfl,aoml/7901009/profiles/R7901009_060.nc|2025-02-01T18:22:48Z|25.52090|-87.17240,aoml/7901009/profiles/R7901009_060.nc,7901009,7901009,25.5209,-87.1724,2025-02-01T18:22:48Z,20250201,2025,80,7.21,1998.33,109.1076,True,False,True,https://noaa-nws-rtofs-pds.s3.amazonaws.com/rtofs.20250201/rtofs_glo_3dz_f006_6hrly_hvr_US_east.nc
ARGO_GDAC,pfl,aoml/7901009/profiles/R7901009_061.nc|2025-02-12T01:22:49Z|25.83330|-87.25880,aoml/7901009/profiles/R7901009_061.nc,7901009,7901009,25.8333,-87.2588,2025-02-12T01:22:49Z,20250212,2025,511,2.26,1998.46,12.4964,True,True,True,https://noaa-nws-rtofs-pds.s3.amazonaws.com/rtofs.20250212/rtofs_glo_3dz_f006_6hrly_hvr_US_east.nc
ARGO_GDAC,pfl,aoml/7901009/profiles/R7901009_061.nc|2025-02-12T01:22:49Z|25.83330|-87.25880,aoml/7901009/profiles/R7901009_061.nc,7901009,7901009,25.8333,-87.2588,2025-02-12T01:22:49Z,20250212,2025,80,7.54,1998.46,12.2688,True,True,True,https://noaa-nws-rtofs-pds.s3.amazonaws.com/rtofs.20250212/rtofs_glo_3dz_f006_6hrly_hvr_US_east.nc
ARGO_GDAC,pfl,aoml/7901009/profiles/R7901009_062.nc|2025-02-22T08:04:35Z|26.13270|-86.98690,aoml/7901009/profiles/R7901009_062.nc,7901009,7901009,26.1327,-86.9869,2025-02-22T08:04:35Z,20250222,2025,511,2.39,1998.89,42.2389,True,True,True,https://noaa-nws-rtofs-pds.s3.amazonaws.com/rtofs.20250222/rtofs_glo_3dz_f006_6hrly_hvr_US_east.nc
ARGO_GDAC,pfl,aoml/7901009/profiles/R7901009_062.nc|2025-02-22T08:04:35Z|26.13270|-86.98690,aoml/7901009/profiles/R7901009_062.nc,7901009,7901009,26.1327,-86.9869,2025-02-22T08:04:35Z,20250222,2025,80,7.88,1998.89,41.5058,True,True,True,https://noaa-nws-rtofs-pds.s3.amazonaws.com/rtofs.20250222/rtofs_glo_3dz_f006_6hrly_hvr_US_east.nc
ARGO_GDAC,pfl,aoml/7901009/profiles/R7901009_063.nc|2025-03-04T15:08:43Z|25.73110|-86.38500,aoml/7901009/profiles/R7901009_063.nc,7901009,7901009,25.7311,-86.385,2025-03-04T15:08:43Z,20250304,2025,511,2.12,1999.22,37.1429,True,True,True,https://noaa-nws-rtofs-pds.s3.amazonaws.com/rtofs.20250304/rtofs_glo_3dz_f006_6hrly_hvr_US_east.nc
ARGO_GDAC,pfl,aoml/7901009/profiles/R7901009_063.nc|2025-03-04T15:08:43Z|25.73110|-86.38500,aoml/7901009/profiles/R7901009_063.nc,7901009,7901009,25.7311,-86.385,2025-03-04T15:08:43Z,20250304,2025,80,7.49,1999.22,36.2669,True,True,True,https://noaa-nws-rtofs-pds.s3.amazonaws.com/rtofs.20250304/rtofs_glo_3dz_f006_6hrly_hvr_US_east.nc
ARGO_GDAC,pfl,aoml/7901009/profiles/R7901009_064.nc|2025-03-15T01:36:51Z|25.01940|-85.79940,aoml/7901009/profiles/R7901009_064.nc,7901009,7901009,25.0194,-85.7994,2025-03-15T01:36:51Z,20250315,2025,511,2.42,1997.42,86.4272,True,True,True,https://noaa-nws-rtofs-pds.s3.amazonaws.com/rtofs.20250315/rtofs_glo_3dz_f006_6hrly_hvr_US_east.nc
ARGO_GDAC,pfl,aoml/7901009/profiles/R7901009_064.nc|2025-03-15T01:36:51Z|25.01940|-85.79940,aoml/7901009/profiles/R7901009_064.nc,7901009,7901009,25.0194,-85.7994,2025-03-15T01:36:51Z,20250315,2025,80,7.6,1997.42,86.3228,True,True,True,https://noaa-nws-rtofs-pds.s3.amazonaws.com/rtofs.20250315/rtofs_glo_3dz_f006_6hrly_hvr_US_east.nc
ARGO_GDAC,pfl,aoml/7901009/profiles/R7901009_065.nc|2025-03-25T08:17:35Z|25.35400|-86.30600,aoml/7901009/profiles/R7901009_065.nc,7901009,7901009,25.354,-86.306,2025-03-25T08:17:35Z,20250325,2025,511,2.26,1996.76,102.3906,True,False,True,https://noaa-nws-rtofs-pds.s3.amazonaws.com/rtofs.20250325/rtofs_glo_3dz_f006_6hrly_hvr_US_east.nc
ARGO_GDAC,pfl,aoml/7901009/profiles/R7901009_065.nc|2025-03-25T08:17:35Z|25.35400|-86.30600,aoml/7901009/profiles/R7901009_065.nc,7901009,7901009,25.354,-86.306,2025-03-25T08:17:35Z,20250325,2025,80,7.62,1996.76,102.6747,True,False,True,https://noaa-nws-rtofs-pds.s3.amazonaws.com/rtofs.20250325/rtofs_glo_3dz_f006_6hrly_hvr_US_east.nc
ARGO_GDAC,pfl,aoml/7901009/profiles/R7901009_066.nc|2025-04-04T14:55:09Z|26.22510|-86.56800,aoml/7901009/profiles/R7901009_066.nc,7901009,7901009,26.2251,-86.568,2025-04-04T14:55:09Z,20250404,2025,511,2.36,1999.36,80.14,True,True,True,https://noaa-nws-rtofs-pds.s3.amazonaws.com/rtofs.20250404/rtofs_glo_3dz_f006_6hrly_hvr_US_east.nc
ARGO_GDAC,pfl,aoml/7901009/profiles/R7901009_066.nc|2025-04-04T14:55:09Z|26.22510|-86.56800,aoml/7901009/profiles/R7901009_066.nc,7901009,7901009,26.2251,-86.568,2025-04-04T14:55:09Z,20250404,2025,80,7.54,1999.36,79.3598,True,True,True,https://noaa-nws-rtofs-pds.s3.amazonaws.com/rtofs.20250404/rtofs_glo_3dz_f006_6hrly_hvr_US_east.nc
ARGO_GDAC,pfl,aoml/7901009/profiles/R7901009_067.nc|2025-04-14T21:50:17Z|26.58900|-85.77740,aoml/7901009/profiles/R7901009_067.nc,7901009,7901009,26.589,-85.7774,2025-04-14T21:50:17Z,20250414,2025,511,2.25,1996.45,12.4824,True,True,True,https://noaa-nws-rtofs-pds.s3.amazonaws.com/rtofs.20250414/rtofs_glo_3dz_f006_6hrly_hvr_US_east.nc
ARGO_GDAC,pfl,aoml/7901009/profiles/R7901009_067.nc|2025-04-14T21:50:17Z|26.58900|-85.77740,aoml/7901009/profiles/R7901009_067.nc,7901009,7901009,26.589,-85.7774,2025-04-14T21:50:17Z,20250414,2025,80,7.66,1996.45,12.6906,True,True,True,https://noaa-nws-rtofs-pds.s3.amazonaws.com/rtofs.20250414/rtofs_glo_3dz_f006_6hrly_hvr_US_east.nc
ARGO_GDAC,pfl,aoml/7901009/profiles/R7901009_068.nc|2025-04-25T04:18:15Z|26.87610|-86.71090,aoml/7901009/profiles/R7901009_068.nc,7901009,7901009,26.8761,-86.7109,2025-04-25T04:18:15Z,20250425,2025,511,2.25,1999.05,19.9777,True,True,True,https://noaa-nws-rtofs-pds.s3.amazonaws.com/rtofs.20250425/rtofs_glo_3dz_f006_6hrly_hvr_US_east.nc
ARGO_GDAC,pfl,aoml/7901009/profiles/R7901009_068.nc|2025-04-25T04:18:15Z|26.87610|-86.71090,aoml/7901009/profiles/R7901009_068.nc,7901009,7901009,26.8761,-86.7109,2025-04-25T04:18:15Z,20250425,2025,80,7.49,1999.05,16.8096,True,True,True,https://noaa-nws-rtofs-pds.s3.amazonaws.com/rtofs.20250425/rtofs_glo_3dz_f006_6hrly_hvr_US_east.nc
ARGO_GDAC,pfl,aoml/7901009/profiles/R7901009_069.nc|2025-05-05T10:48:30Z|26.29570|-87.31920,aoml/7901009/profiles/R7901009_069.nc,7901009,7901009,26.2957,-87.3192,2025-05-05T10:48:30Z,20250505,2025,511,2.21,1998.71,69.6566,True,True,True,https://noaa-nws-rtofs-pds.s3.amazonaws.com/rtofs.20250505/rtofs_glo_3dz_f006_6hrly_hvr_US_east.nc
ARGO_GDAC,pfl,aoml/7901009/profiles/R7901009_069.nc|2025-05-05T10:48:30Z|26.29570|-87.31920,aoml/7901009/profiles/R7901009_069.nc,7901009,7901009,26.2957,-87.3192,2025-05-05T10:48:30Z,20250505,2025,80,7.46,1998.71,68.512,True,True,True,https://noaa-nws-rtofs-pds.s3.amazonaws.com/rtofs.20250505/rtofs_glo_3dz_f006_6hrly_hvr_US_east.nc
ARGO_GDAC,pfl,aoml/7901009/profiles/R7901009_070.nc|2025-05-15T17:37:32Z|26.59200|-87.67600,aoml/7901009/profiles/R7901009_070.nc,7901009,7901009,26.592,-87.676,2025-05-15T17:37:32Z,20250515,2025,511,2.46,1999.56,22.0745,True,True,True,https://noaa-nws-rtofs-pds.s3.amazonaws.com/rtofs.20250515/rtofs_glo_3dz_f006_6hrly_hvr_US_east.nc
ARGO_GDAC,pfl,aoml/7901009/profiles/R7901009_070.nc|2025-05-15T17:37:32Z|26.59200|-87.67600,aoml/7901009/profiles/R7901009_070.nc,7901009,7901009,26.592,-87.676,2025-05-15T17:37:32Z,20250515,2025,80,7.99,1999.56,22.6118,True,True,True,https://noaa-nws-rtofs-pds.s3.amazonaws.com/rtofs.20250515/rtofs_glo_3dz_f006_6hrly_hvr_US_east.nc
ARGO_GDAC,pfl,aoml/7901009/profiles/R7901009_071.nc|2025-05-26T00:12:08Z|27.43060|-86.75000,aoml/7901009/profiles/R7901009_071.nc,7901009,7901009,27.4306,-86.75,2025-05-26T00:12:08Z,20250526,2025,511,2.52,1999.12,11.9582,True,True,True,https://noaa-nws-rtofs-pds.s3.amazonaws.com/rtofs.20250526/rtofs_glo_3dz_f006_6hrly_hvr_US_east.nc
ARGO_GDAC,pfl,aoml/7901009/profiles/R7901009_071.nc|2025-05-26T00:12:08Z|27.43060|-86.75000,aoml/7901009/profiles/R7901009_071.nc,7901009,7901009,27.4306,-86.75,2025-05-26T00:12:08Z,20250526,2025,80,7.94,1999.12,11.9921,True,True,True,https://noaa-nws-rtofs-pds.s3.amazonaws.com/rtofs.20250526/rtofs_glo_3dz_f006_6hrly_hvr_US_east.nc
ARGO_GDAC,pfl,aoml/7901009/profiles/R7901009_072.nc|2025-06-05T06:39:52Z|26.98860|-87.60850,aoml/7901009/profiles/R7901009_072.nc,7901009,7901009,26.9886,-87.6085,2025-06-05T06:39:52Z,20250605,2025,511,2.31,1997.41,13.0342,True,True,True,https://noaa-nws-rtofs-pds.s3.amazonaws.com/rtofs.20250605/rtofs_glo_3dz_f006_6hrly_hvr_US_east.nc
ARGO_GDAC,pfl,aoml/7901009/profiles/R7901009_072.nc|2025-06-05T06:39:52Z|26.98860|-87.60850,aoml/7901009/profiles/R7901009_072.nc,7901009,7901009,26.9886,-87.6085,2025-06-05T06:39:52Z,20250605,2025,80,7.64,1997.41,15.6632,True,True,True,https://noaa-nws-rtofs-pds.s3.amazonaws.com/rtofs.20250605/rtofs_glo_3dz_f006_6hrly_hvr_US_east.nc
ARGO_GDAC,pfl,aoml/7901009/profiles/R7901009_073.nc|2025-06-15T14:27:00Z|26.69850|-88.25970,aoml/7901009/profiles/R7901009_073.nc,7901009,7901009,26.6985,-88.2597,2025-06-15T14:27:00Z,20250615,2025,511,2.21,1999.21,12.0912,True,True,True,https://noaa-nws-rtofs-pds.s3.amazonaws.com/rtofs.20250615/rtofs_glo_3dz_f006_6hrly_hvr_US_east.nc
ARGO_GDAC,pfl,aoml/7901009/profiles/R7901009_073.nc|2025-06-15T14:27:00Z|26.69850|-88.25970,aoml/7901009/profiles/R7901009_073.nc,7901009,7901009,26.6985,-88.2597,2025-06-15T14:27:00Z,20250615,2025,80,7.7,1999.21,12.0744,True,True,True,https://noaa-nws-rtofs-pds.s3.amazonaws.com/rtofs.20250615/rtofs_glo_3dz_f006_6hrly_hvr_US_east.nc
ARGO_GDAC,pfl,aoml/7901009/profiles/R7901009_074.nc|2025-06-25T21:31:44Z|27.64350|-87.76400,aoml/7901009/profiles/R7901009_074.nc,7901009,7901009,27.6435,-87.764,2025-06-25T21:31:44Z,20250625,2025,511,2.29,1997.89,17.5555,True,True,True,https://noaa-nws-rtofs-pds.s3.amazonaws.com/rtofs.20250625/rtofs_glo_3dz_f006_6hrly_hvr_US_east.nc
ARGO_GDAC,pfl,aoml/7901009/profiles/R7901009_074.nc|2025-06-25T21:31:44Z|27.64350|-87.76400,aoml/7901009/profiles/R7901009_074.nc,7901009,7901009,27.6435,-87.764,2025-06-25T21:31:44Z,20250625,2025,80,7.27,1997.89,17.2244,True,True,True,https://noaa-nws-rtofs-pds.s3.amazonaws.com/rtofs.20250625/rtofs_glo_3dz_f006_6hrly_hvr_US_east.nc
ARGO_GDAC,pfl,aoml/7901009/profiles/R7901009_075.nc|2025-07-06T04:18:37Z|27.58150|-88.29840,aoml/7901009/profiles/R7901009_075.nc,7901009,7901009,27.5815,-88.2984,2025-07-06T04:18:37Z,20250706,2025,511,2.18,1999.38,23.3764,True,True,True,https://noaa-nws-rtofs-pds.s3.amazonaws.com/rtofs.20250706/rtofs_glo_3dz_f006_6hrly_hvr_US_east.nc
ARGO_GDAC,pfl,aoml/7901009/profiles/R7901009_075.nc|2025-07-06T04:18:37Z|27.58150|-88.29840,aoml/7901009/profiles/R7901009_075.nc,7901009,7901009,27.5815,-88.2984,2025-07-06T04:18:37Z,20250706,2025,80,7.43,1999.38,22.5649,True,True,True,https://noaa-nws-rtofs-pds.s3.amazonaws.com/rtofs.20250706/rtofs_glo_3dz_f006_6hrly_hvr_US_east.nc
ARGO_GDAC,pfl,aoml/7901009/profiles/R7901009_076.nc|2025-07-16T11:07:26Z|27.18410|-88.29820,aoml/7901009/profiles/R7901009_076.nc,7901009,7901009,27.1841,-88.2982,2025-07-16T11:07:26Z,20250716,2025,511,2.64,1999.34,13.4064,True,True,True,https://noaa-nws-rtofs-pds.s3.amazonaws.com/rtofs.20250716/rtofs_glo_3dz_f006_6hrly_hvr_US_east.nc
ARGO_GDAC,pfl,aoml/7901009/profiles/R7901009_076.nc|2025-07-16T11:07:26Z|27.18410|-88.29820,aoml/7901009/profiles/R7901009_076.nc,7901009,7901009,27.1841,-88.2982,2025-07-16T11:07:26Z,20250716,2025,80,8.1,1999.34,13.6074,True,True,True,https://noaa-nws-rtofs-pds.s3.amazonaws.com/rtofs.20250716/rtofs_glo_3dz_f006_6hrly_hvr_US_east.nc
ARGO_GDAC,pfl,aoml/7901009/profiles/R7901009_077.nc|2025-07-26T17:50:44Z|27.31490|-88.13180,aoml/7901009/profiles/R7901009_077.nc,7901009,7901009,27.3149,-88.1318,2025-07-26T17:50:44Z,20250726,2025,511,2.37,1999.37,11.1071,True,True,True,https://noaa-nws-rtofs-pds.s3.amazonaws.com/rtofs.20250726/rtofs_glo_3dz_f006_6hrly_hvr_US_east.nc
ARGO_GDAC,pfl,aoml/7901009/profiles/R7901009_077.nc|2025-07-26T17:50:44Z|27.31490|-88.13180,aoml/7901009/profiles/R7901009_077.nc,7901009,7901009,27.3149,-88.1318,2025-07-26T17:50:44Z,20250726,2025,80,7.99,1999.37,12.3268,True,True,True,https://noaa-nws-rtofs-pds.s3.amazonaws.com/rtofs.20250726/rtofs_glo_3dz_f006_6hrly_hvr_US_east.nc
ARGO_GDAC,pfl,aoml/7901009/profiles/R7901009_078.nc|2025-08-06T00:40:32Z|27.53950|-88.15470,aoml/7901009/profiles/R7901009_078.nc,7901009,7901009,27.5395,-88.1547,2025-08-06T00:40:32Z,20250806,2025,511,2.11,1999.11,35.1868,True,True,True,https://noaa-nws-rtofs-pds.s3.amazonaws.com/rtofs.20250806/rtofs_glo_3dz_f006_6hrly_hvr_US_east.nc
ARGO_GDAC,pfl,aoml/7901009/profiles/R7901009_078.nc|2025-08-06T00:40:32Z|27.53950|-88.15470,aoml/7901009/profiles/R7901009_078.nc,7901009,7901009,27.5395,-88.1547,2025-08-06T00:40:32Z,20250806,2025,80,7.34,1999.11,32.6117,True,True,True,https://noaa-nws-rtofs-pds.s3.amazonaws.com/rtofs.20250806/rtofs_glo_3dz_f006_6hrly_hvr_US_east.nc
ARGO_GDAC,pfl,aoml/7901009/profiles/R7901009_079.nc|2025-08-16T07:40:08Z|26.60300|-88.66830,aoml/7901009/profiles/R7901009_079.nc,7901009,7901009,26.603,-88.6683,2025-08-16T07:40:08Z,20250816,2025,511,2.29,1997.49,17.3456,True,True,True,https://noaa-nws-rtofs-pds.s3.amazonaws.com/rtofs.20250816/rtofs_glo_3dz_f006_6hrly_hvr_US_east.nc
ARGO_GDAC,pfl,aoml/7901009/profiles/R7901009_079.nc|2025-08-16T07:40:08Z|26.60300|-88.66830,aoml/7901009/profiles/R7901009_079.nc,7901009,7901009,26.603,-88.6683,2025-08-16T07:40:08Z,20250816,2025,80,7.64,1997.49,19.44,True,True,True,https://noaa-nws-rtofs-pds.s3.amazonaws.com/rtofs.20250816/rtofs_glo_3dz_f006_6hrly_hvr_US_east.nc
ARGO_GDAC,pfl,aoml/7901009/profiles/R7901009_080.nc|2025-08-26T14:06:26Z|26.51900|-88.04500,aoml/7901009/profiles/R7901009_080.nc,7901009,7901009,26.519,-88.045,2025-08-26T14:06:26Z,20250826,2025,485,2.29,1996.79,42.8468,True,True,True,https://noaa-nws-rtofs-pds.s3.amazonaws.com/rtofs.20250826/rtofs_glo_3dz_f006_6hrly_hvr_US_east.nc
ARGO_GDAC,pfl,aoml/7901009/profiles/R7901009_080.nc|2025-08-26T14:06:26Z|26.51900|-88.04500,aoml/7901009/profiles/R7901009_080.nc,7901009,7901009,26.519,-88.045,2025-08-26T14:06:26Z,20250826,2025,80,7.67,1996.79,42.6308,True,True,True,https://noaa-nws-rtofs-pds.s3.amazonaws.com/rtofs.20250826/rtofs_glo_3dz_f006_6hrly_hvr_US_east.nc
ARGO_GDAC,pfl,aoml/7901009/profiles/R7901009_081.nc|2025-08-31T20:34:54Z|26.47640|-87.72430,aoml/7901009/profiles/R7901009_081.nc,7901009,7901009,26.4764,-87.7243,2025-08-31T20:34:54Z,20250831,2025,511,2.22,1998.42,36.0873,True,True,True,https://noaa-nws-rtofs-pds.s3.amazonaws.com/rtofs.20250831/rtofs_glo_3dz_f006_6hrly_hvr_US_east.nc
ARGO_GDAC,pfl,aoml/7901009/profiles/R7901009_081.nc|2025-08-31T20:34:54Z|26.47640|-87.72430,aoml/7901009/profiles/R7901009_081.nc,7901009,7901009,26.4764,-87.7243,2025-08-31T20:34:54Z,20250831,2025,80,7.7,1998.42,35.9067,True,True,True,https://noaa-nws-rtofs-pds.s3.amazonaws.com/rtofs.20250831/rtofs_glo_3dz_f006_6hrly_hvr_US_east.nc
ARGO_GDAC,pfl,aoml/7901009/profiles/R7901009_082.nc|2025-09-06T03:11:44Z|26.19670|-87.17450,aoml/7901009/profiles/R7901009_082.nc,7901009,7901009,26.1967,-87.1745,2025-09-06T03:11:44Z,20250906,2025,511,2.41,1999.51,27.1165,True,True,True,https://noaa-nws-rtofs-pds.s3.amazonaws.com/rtofs.20250906/rtofs_glo_3dz_f006_6hrly_hvr_US_east.nc
ARGO_GDAC,pfl,aoml/7901009/profiles/R7901009_082.nc|2025-09-06T03:11:44Z|26.19670|-87.17450,aoml/7901009/profiles/R7901009_082.nc,7901009,7901009,26.1967,-87.1745,2025-09-06T03:11:44Z,20250906,2025,80,7.89,1999.51,26.5679,True,True,True,https://noaa-nws-rtofs-pds.s3.amazonaws.com/rtofs.20250906/rtofs_glo_3dz_f006_6hrly_hvr_US_east.nc
ARGO_GDAC,pfl,aoml/7901009/profiles/R7901009_083.nc|2025-09-11T09:39:58Z|27.05540|-86.36220,aoml/7901009/profiles/R7901009_083.nc,7901009,7901009,27.0554,-86.3622,2025-09-11T09:39:58Z,20250911,2025,511,2.17,1999.27,13.7424,True,True,True,https://noaa-nws-rtofs-pds.s3.amazonaws.com/rtofs.20250911/rtofs_glo_3dz_f006_6hrly_hvr_US_east.nc
ARGO_GDAC,pfl,aoml/7901009/profiles/R7901009_083.nc|2025-09-11T09:39:58Z|27.05540|-86.36220,aoml/7901009/profiles/R7901009_083.nc,7901009,7901009,27.0554,-86.3622,2025-09-11T09:39:58Z,20250911,2025,80,7.81,1999.27,13.6318,True,True,True,https://noaa-nws-rtofs-pds.s3.amazonaws.com/rtofs.20250911/rtofs_glo_3dz_f006_6hrly_hvr_US_east.nc
ARGO_GDAC,pfl,aoml/7901009/profiles/R7901009_084.nc|2025-09-16T16:30:15Z|27.17990|-87.03070,aoml/7901009/profiles/R7901009_084.nc,7901009,7901009,27.1799,-87.0307,2025-09-16T16:30:15Z,20250916,2025,510,2.37,1998.87,39.982,True,True,True,https://noaa-nws-rtofs-pds.s3.amazonaws.com/rtofs.20250916/rtofs_glo_3dz_f006_6hrly_hvr_US_east.nc
ARGO_GDAC,pfl,aoml/7901009/profiles/R7901009_084.nc|2025-09-16T16:30:15Z|27.17990|-87.03070,aoml/7901009/profiles/R7901009_084.nc,7901009,7901009,27.1799,-87.0307,2025-09-16T16:30:15Z,20250916,2025,80,7.65,1998.87,12.0995,True,True,True,https://noaa-nws-rtofs-pds.s3.amazonaws.com/rtofs.20250916/rtofs_glo_3dz_f006_6hrly_hvr_US_east.nc
ARGO_GDAC,pfl,aoml/7901009/profiles/R7901009_085.nc|2025-09-22T00:09:35Z|27.08910|-86.94620,aoml/7901009/profiles/R7901009_085.nc,7901009,7901009,27.0891,-86.9462,2025-09-22T00:09:35Z,20250922,2025,511,2.45,1999.05,42.3665,True,True,True,https://noaa-nws-rtofs-pds.s3.amazonaws.com/rtofs.20250922/rtofs_glo_3dz_f006_6hrly_hvr_US_east.nc
ARGO_GDAC,pfl,aoml/7901009/profiles/R7901009_085.nc|2025-09-22T00:09:35Z|27.08910|-86.94620,aoml/7901009/profiles/R7901009_085.nc,7901009,7901009,27.0891,-86.9462,2025-09-22T00:09:35Z,20250922,2025,80,8.02,1999.05,12.6229,True,True,True,https://noaa-nws-rtofs-pds.s3.amazonaws.com/rtofs.20250922/rtofs_glo_3dz_f006_6hrly_hvr_US_east.nc
ARGO_GDAC,pfl,aoml/7901009/profiles/R7901009_086.nc|2025-09-27T07:05:25Z|26.51950|-87.06890,aoml/7901009/profiles/R7901009_086.nc,7901009,7901009,26.5195,-87.0689,2025-09-27T07:05:25Z,20250927,2025,511,2.33,1998.83,11.0907,True,True,True,https://noaa-nws-rtofs-pds.s3.amazonaws.com/rtofs.20250927/rtofs_glo_3dz_f006_6hrly_hvr_US_east.nc
ARGO_GDAC,pfl,aoml/7901009/profiles/R7901009_086.nc|2025-09-27T07:05:25Z|26.51950|-87.06890,aoml/7901009/profiles/R7901009_086.nc,7901009,7901009,26.5195,-87.0689,2025-09-27T07:05:25Z,20250927,2025,80,7.72,1998.83,12.779,True,True,True,https://noaa-nws-rtofs-pds.s3.amazonaws.com/rtofs.20250927/rtofs_glo_3dz_f006_6hrly_hvr_US_east.nc
ARGO_GDAC,pfl,aoml/7901009/profiles/R7901009_087.nc|2025-10-02T13:42:18Z|26.43380|-87.28310,aoml/7901009/profiles/R7901009_087.nc,7901009,7901009,26.4338,-87.2831,2025-10-02T13:42:18Z,20251002,2025,511,2.1,1998.4,54.5799,True,True,True,https://noaa-nws-rtofs-pds.s3.amazonaws.com/rtofs.20251002/rtofs_glo_3dz_f006_6hrly_hvr_US_east.nc
ARGO_GDAC,pfl,aoml/7901009/profiles/R7901009_087.nc|2025-10-02T13:42:18Z|26.43380|-87.28310,aoml/7901009/profiles/R7901009_087.nc,7901009,7901009,26.4338,-87.2831,2025-10-02T13:42:18Z,20251002,2025,80,7.74,1998.4,53.3225,True,True,True,https://noaa-nws-rtofs-pds.s3.amazonaws.com/rtofs.20251002/rtofs_glo_3dz_f006_6hrly_hvr_US_east.nc
ARGO_GDAC,pfl,aoml/7901009/profiles/R7901009_088.nc|2025-10-07T20:21:14Z|26.47100|-87.46020,aoml/7901009/profiles/R7901009_088.nc,7901009,7901009,26.471,-87.4602,2025-10-07T20:21:14Z,20251007,2025,510,2.31,1997.11,58.4523,True,True,True,https://noaa-nws-rtofs-pds.s3.amazonaws.com/rtofs.20251007/rtofs_glo_3dz_f006_6hrly_hvr_US_east.nc
ARGO_GDAC,pfl,aoml/7901009/profiles/R7901009_088.nc|2025-10-07T20:21:14Z|26.47100|-87.46020,aoml/7901009/profiles/R7901009_088.nc,7901009,7901009,26.471,-87.4602,2025-10-07T20:21:14Z,20251007,2025,80,7.73,1997.11,57.4159,True,True,True,https://noaa-nws-rtofs-pds.s3.amazonaws.com/rtofs.20251007/rtofs_glo_3dz_f006_6hrly_hvr_US_east.nc
ARGO_GDAC,pfl,aoml/7901009/profiles/R7901009_089.nc|2025-10-13T03:08:02Z|26.34100|-87.59940,aoml/7901009/profiles/R7901009_089.nc,7901009,7901009,26.341,-87.5994,2025-10-13T03:08:02Z,20251013,2025,511,2.25,1999.35,69.3337,True,True,True,https://noaa-nws-rtofs-pds.s3.amazonaws.com/rtofs.20251013/rtofs_glo_3dz_f006_6hrly_hvr_US_east.nc
ARGO_GDAC,pfl,aoml/7901009/profiles/R7901009_089.nc|2025-10-13T03:08:02Z|26.34100|-87.59940,aoml/7901009/profiles/R7901009_089.nc,7901009,7901009,26.341,-87.5994,2025-10-13T03:08:02Z,20251013,2025,80,7.15,1999.35,67.8709,True,True,True,https://noaa-nws-rtofs-pds.s3.amazonaws.com/rtofs.20251013/rtofs_glo_3dz_f006_6hrly_hvr_US_east.nc
ARGO_GDAC,pfl,aoml/7901009/profiles/R7901009_090.nc|2025-10-18T10:31:13Z|25.86370|-87.93140,aoml/7901009/profiles/R7901009_090.nc,7901009,7901009,25.8637,-87.9314,2025-10-18T10:31:13Z,20251018,2025,511,2.06,1999.96,87.0564,True,True,True,https://noaa-nws-rtofs-pds.s3.amazonaws.com/rtofs.20251018/rtofs_glo_3dz_f006_6hrly_hvr_US_east.nc
ARGO_GDAC,pfl,aoml/7901009/profiles/R7901009_090.nc|2025-10-18T10:31:13Z|25.86370|-87.93140,aoml/7901009/profiles/R7901009_090.nc,7901009,7901009,25.8637,-87.9314,2025-10-18T10:31:13Z,20251018,2025,80,7.3,1999.96,87.4717,True,True,True,https://noaa-nws-rtofs-pds.s3.amazonaws.com/rtofs.20251018/rtofs_glo_3dz_f006_6hrly_hvr_US_east.nc
ARGO_GDAC,pfl,aoml/7901009/profiles/R7901009_091.nc|2025-10-28T18:05:30Z|25.57400|-88.05640,aoml/7901009/profiles/R7901009_091.nc,7901009,7901009,25.574,-88.0564,2025-10-28T18:05:30Z,20251028,2025,511,2.06,1999.86,90.7956,True,True,True,https://noaa-nws-rtofs-pds.s3.amazonaws.com/rtofs.20251028/rtofs_glo_3dz_f006_6hrly_hvr_US_east.nc
ARGO_GDAC,pfl,aoml/7901009/profiles/R7901009_091.nc|2025-10-28T18:05:30Z|25.57400|-88.05640,aoml/7901009/profiles/R7901009_091.nc,7901009,7901009,25.574,-88.0564,2025-10-28T18:05:30Z,20251028,2025,80,7.57,1999.86,91.6432,True,True,True,https://noaa-nws-rtofs-pds.s3.amazonaws.com/rtofs.20251028/rtofs_glo_3dz_f006_6hrly_hvr_US_east.nc
ARGO_GDAC,pfl,aoml/7901009/profiles/R7901009_092.nc|2025-11-08T00:53:05Z|25.79810|-87.96180,aoml/7901009/profiles/R7901009_092.nc,7901009,7901009,25.7981,-87.9618,2025-11-08T00:53:05Z,20251108,2025,510,2.13,1999.93,96.1904,True,True,True,https://noaa-nws-rtofs-pds.s3.amazonaws.com/rtofs.20251108/rtofs_glo_3dz_f006_6hrly_hvr_US_east.nc
ARGO_GDAC,pfl,aoml/7901009/profiles/R7901009_092.nc|2025-11-08T00:53:05Z|25.79810|-87.96180,aoml/7901009/profiles/R7901009_092.nc,7901009,7901009,25.7981,-87.9618,2025-11-08T00:53:05Z,20251108,2025,80,7.2,1999.93,95.9724,True,True,True,https://noaa-nws-rtofs-pds.s3.amazonaws.com/rtofs.20251108/rtofs_glo_3dz_f006_6hrly_hvr_US_east.nc
ARGO_GDAC,pfl,aoml/7901009/profiles/R7901009_093.nc|2025-11-18T07:17:05Z|25.55750|-87.50520,aoml/7901009/profiles/R7901009_093.nc,7901009,7901009,25.5575,-87.5052,2025-11-18T07:17:05Z,20251118,2025,511,2.12,2000.12,78.6962,True,True,True,https://noaa-nws-rtofs-pds.s3.amazonaws.com/rtofs.20251118/rtofs_glo_3dz_f006_6hrly_hvr_US_east.nc
ARGO_GDAC,pfl,aoml/7901009/profiles/R7901009_093.nc|2025-11-18T07:17:05Z|25.55750|-87.50520,aoml/7901009/profiles/R7901009_093.nc,7901009,7901009,25.5575,-87.5052,2025-11-18T07:17:05Z,20251118,2025,80,7.48,2000.12,77.907,True,True,True,https://noaa-nws-rtofs-pds.s3.amazonaws.com/rtofs.20251118/rtofs_glo_3dz_f006_6hrly_hvr_US_east.nc
ARGO_GDAC,pfl,aoml/7901009/profiles/R7901009_094.nc|2025-11-28T13:58:41Z|26.15870|-87.22410,aoml/7901009/profiles/R7901009_094.nc,7901009,7901009,26.1587,-87.2241,2025-11-28T13:58:41Z,20251128,2025,512,1.0,2000.9,63.1364,True,True,True,https://noaa-nws-rtofs-pds.s3.amazonaws.com/rtofs.20251128/rtofs_glo_3dz_f006_6hrly_hvr_US_east.nc
ARGO_GDAC,pfl,aoml/7901009/profiles/R7901009_094.nc|2025-11-28T13:58:41Z|26.15870|-87.22410,aoml/7901009/profiles/R7901009_094.nc,7901009,7901009,26.1587,-87.2241,2025-11-28T13:58:41Z,20251128,2025,80,7.58,2000.9,62.8161,True,True,True,https://noaa-nws-rtofs-pds.s3.amazonaws.com/rtofs.20251128/rtofs_glo_3dz_f006_6hrly_hvr_US_east.nc
ARGO_GDAC,pfl,aoml/7901009/profiles/R7901009_095.nc|2025-12-08T20:37:56Z|25.74090|-87.03150,aoml/7901009/profiles/R7901009_095.nc,7901009,7901009,25.7409,-87.0315,2025-12-08T20:37:56Z,20251208,2025,510,2.43,1999.03,129.55,True,False,True,https://noaa-nws-rtofs-pds.s3.amazonaws.com/rtofs.20251208/rtofs_glo_3dz_f006_6hrly_hvr_US_east.nc
ARGO_GDAC,pfl,aoml/7901009/profiles/R7901009_095.nc|2025-12-08T20:37:56Z|25.74090|-87.03150,aoml/7901009/profiles/R7901009_095.nc,7901009,7901009,25.7409,-87.0315,2025-12-08T20:37:56Z,20251208,2025,80,7.36,1999.03,129.4662,True,False,True,https://noaa-nws-rtofs-pds.s3.amazonaws.com/rtofs.20251208/rtofs_glo_3dz_f006_6hrly_hvr_US_east.nc
ARGO_GDAC,pfl,aoml/7901009/profiles/R7901009_096.nc|2025-12-19T03:50:14Z|25.98730|-87.13020,aoml/7901009/profiles/R7901009_096.nc,7901009,7901009,25.9873,-87.1302,2025-12-19T03:50:14Z,20251219,2025,511,2.16,1998.36,64.6344,True,True,True,https://noaa-nws-rtofs-pds.s3.amazonaws.com/rtofs.20251219/rtofs_glo_3dz_f006_6hrly_hvr_US_east.nc
ARGO_GDAC,pfl,aoml/7901009/profiles/R7901009_096.nc|2025-12-19T03:50:14Z|25.98730|-87.13020,aoml/7901009/profiles/R7901009_096.nc,7901009,7901009,25.9873,-87.1302,2025-12-19T03:50:14Z,20251219,2025,80,7.59,1998.36,65.2561,True,True,True,https://noaa-nws-rtofs-pds.s3.amazonaws.com/rtofs.20251219/rtofs_glo_3dz_f006_6hrly_hvr_US_east.nc
ARGO_GDAC,pfl,aoml/7901009/profiles/R7901009_097.nc|2025-12-29T10:29:03Z|26.12880|-86.45080,aoml/7901009/profiles/R7901009_097.nc,7901009,7901009,26.1288,-86.4508,2025-12-29T10:29:03Z,20251229,2025,511,2.27,2000.57,128.9199,True,False,True,https://noaa-nws-rtofs-pds.s3.amazonaws.com/rtofs.20251229/rtofs_glo_3dz_f006_6hrly_hvr_US_east.nc
ARGO_GDAC,pfl,aoml/7901009/profiles/R7901009_097.nc|2025-12-29T10:29:03Z|26.12880|-86.45080,aoml/7901009/profiles/R7901009_097.nc,7901009,7901009,26.1288,-86.4508,2025-12-29T10:29:03Z,20251229,2025,80,7.21,2000.57,128.9765,True,False,True,https://noaa-nws-rtofs-pds.s3.amazonaws.com/rtofs.20251229/rtofs_glo_3dz_f006_6hrly_hvr_US_east.nc
ARGO_GDAC,pfl,aoml/7902352/profiles/R7902352_006.nc|2025-12-21T22:20:57Z|19.34751|-80.01121,aoml/7902352/profiles/R7902352_006.nc,7902352,7902352,19.34751,-80.01121,2025-12-21T22:20:57Z,20251221,2025,506,1.04,1001.68,65.4643,True,True,True,https://noaa-nws-rtofs-pds.s3.amazonaws.com/rtofs.20251221/rtofs_glo_3dz_f006_6hrly_hvr_US_east.nc
ARGO_GDAC,pfl,aoml/7902352/profiles/R7902352_006.nc|2025-12-21T22:20:57Z|19.34751|-80.01121,aoml/7902352/profiles/R7902352_006.nc,7902352,7902352,19.34751,-80.01121,2025-12-21T22:20:57Z,20251221,2025,438,0.6,60.0,43.7105,True,True,True,https://noaa-nws-rtofs-pds.s3.amazonaws.com/rtofs.20251221/rtofs_glo_3dz_f006_6hrly_hvr_US_east.nc
ARGO_GDAC,pfl,aoml/7902352/profiles/R7902352_007.nc|2025-12-23T09:02:24Z|19.31934|-80.02935,aoml/7902352/profiles/R7902352_007.nc,7902352,7902352,19.31934,-80.02935,2025-12-23T09:02:24Z,20251223,2025,509,1.0,1007.12,47.6022,True,True,True,https://noaa-nws-rtofs-pds.s3.amazonaws.com/rtofs.20251223/rtofs_glo_3dz_f006_6hrly_hvr_US_east.nc
ARGO_GDAC,pfl,aoml/7902352/profiles/R7902352_007.nc|2025-12-23T09:02:24Z|19.31934|-80.02935,aoml/7902352/profiles/R7902352_007.nc,7902352,7902352,19.31934,-80.02935,2025-12-23T09:02:24Z,20251223,2025,459,0.76,59.96,46.8467,True,True,True,https://noaa-nws-rtofs-pds.s3.amazonaws.com/rtofs.20251223/rtofs_glo_3dz_f006_6hrly_hvr_US_east.nc
ARGO_GDAC,pfl,aoml/7902352/profiles/R7902352_008.nc|2025-12-24T19:43:58Z|19.28840|-80.01956,aoml/7902352/profiles/R7902352_008.nc,7902352,7902352,19.2884,-80.01956,2025-12-24T19:43:58Z,20251224,2025,506,1.0,1001.92,71.2704,True,True,True,https://noaa-nws-rtofs-pds.s3.amazonaws.com/rtofs.20251224/rtofs_glo_3dz_f006_6hrly_hvr_US_east.nc
ARGO_GDAC,pfl,aoml/7902352/profiles/R7902352_008.nc|2025-12-24T19:43:58Z|19.28840|-80.01956,aoml/7902352/profiles/R7902352_008.nc,7902352,7902352,19.2884,-80.01956,2025-12-24T19:43:58Z,20251224,2025,436,0.56,59.96,,False,False,True,https://noaa-nws-rtofs-pds.s3.amazonaws.com/rtofs.20251224/rtofs_glo_3dz_f006_6hrly_hvr_US_east.nc
ARGO_GDAC,pfl,coriolis/2903766/profiles/R2903766_109.nc|2025-01-05T19:46:40Z|18.57503|-81.04655,coriolis/2903766/profiles/R2903766_109.nc,2903766,2903766,18.57503,-81.04655,2025-01-05T19:46:40Z,20250105,2025,1021,0.4,2016.5,87.0344,True,True,True,https://noaa-nws-rtofs-pds.s3.amazonaws.com/rtofs.20250105/rtofs_glo_3dz_f006_6hrly_hvr_US_east.nc
ARGO_GDAC,pfl,coriolis/2903766/profiles/R2903766_110.nc|2025-01-16T00:47:40Z|18.82474|-80.54123,coriolis/2903766/profiles/R2903766_110.nc,2903766,2903766,18.82474,-80.54123,2025-01-16T00:47:40Z,20250116,2025,1010,0.4,1997.9,80.1812,True,True,True,https://noaa-nws-rtofs-pds.s3.amazonaws.com/rtofs.20250116/rtofs_glo_3dz_f006_6hrly_hvr_US_east.nc
ARGO_GDAC,pfl,coriolis/2903766/profiles/R2903766_111.nc|2025-01-26T05:47:40Z|18.60797|-80.34153,coriolis/2903766/profiles/R2903766_111.nc,2903766,2903766,18.60797,-80.34153,2025-01-26T05:47:40Z,20250126,2025,1014,0.3,2011.1,68.05,True,True,True,https://noaa-nws-rtofs-pds.s3.amazonaws.com/rtofs.20250126/rtofs_glo_3dz_f006_6hrly_hvr_US_east.nc
ARGO_GDAC,pfl,coriolis/2903766/profiles/R2903766_112.nc|2025-02-05T10:52:40Z|18.53562|-80.10408,coriolis/2903766/profiles/R2903766_112.nc,2903766,2903766,18.53562,-80.10408,2025-02-05T10:52:40Z,20250205,2025,1013,0.3,1995.7,23.9279,True,True,True,https://noaa-nws-rtofs-pds.s3.amazonaws.com/rtofs.20250205/rtofs_glo_3dz_f006_6hrly_hvr_US_east.nc
